0.1381, 0.4392
0.1381, 0.4392
0.1381, 0.4392
0.1381, 0.4392
0.1381, 0.4392
0.1381, 0.4392
0.1381, 0.4392
0.1381, 0.4392
0.1381, 0.4392
0.1381, 0.4392
0.1381, 0.4392
0.1381, 0.4392
0.1381, 0.4392
0.1381, 0.4392
0.1381, 0.4392
0.1381, 0.4392
0.1381, 0.4392
0.1381, 0.4392
0.1381, 0.4392
0.1381, 0.4392
0.1381, 0.4392
0.1381, 0.4392
0.1381, 0.4392
0.1381, 0.4392
0.1381, 0.4392
0.1381, 0.4392
0.1381, 0.4392
0.1381, 0.4392
0.1381, 0.4392
0.1381, 0.4392
0.1381, 0.4392
0.1381, 0.4392
0.1381, 0.4392
0.1381, 0.4392
0.1381, 0.4392
0.1381, 0.4392
0.1381, 0.4392
0.1423, 0.4392
0.1423, 0.4392
0.1423, 0.4392
0.1423, 0.4392
0.1423, 0.4392
0.1423, 0.4392
0.1423, 0.4392
0.1423, 0.4392
0.1423, 0.4392
0.1423, 0.4392
0.1423, 0.4392
0.1423, 0.4392
0.1423, 0.4392
0.1423, 0.4392
0.1423, 0.4392
0.1423, 0.4392
0.1423, 0.4392
0.1423, 0.4392
0.1423, 0.4392
0.1423, 0.4392
0.1423, 0.4392
0.1423, 0.4392
0.1423, 0.4392
0.1423, 0.4392
0.1423, 0.4392
0.1423, 0.4392
0.1423, 0.4392
0.1423, 0.4392
0.1423, 0.4392
0.1423, 0.4392
0.1423, 0.4392
0.1423, 0.4392
0.1423, 0.4392
0.1423, 0.4392
0.1423, 0.4392
0.1423, 0.4392
0.1423, 0.4392
0.1423, 0.4392
0.1423, 0.4392
0.1423, 0.4392
0.1423, 0.4392
0.1423, 0.4392
0.1423, 0.4392
0.1423, 0.4392
0.1423, 0.4392
0.1423, 0.4392
0.1423, 0.4392
0.1423, 0.4392
0.1423, 0.4392
0.1423, 0.4392
0.1423, 0.4392
0.1423, 0.4392
0.1423, 0.4392
0.1423, 0.4392
0.1464, 0.4392
0.1464, 0.4392
0.1464, 0.4392
0.1464, 0.4392
0.1464, 0.4392
0.1464, 0.4392
0.1464, 0.4392
0.1464, 0.4392
0.1464, 0.4392
0.1464, 0.4392
0.1464, 0.4392
0.1464, 0.4392
0.1464, 0.4392
0.1464, 0.4392
0.1464, 0.4392
0.1464, 0.4392
0.1464, 0.4392
0.1464, 0.4392
0.1464, 0.4392
0.1464, 0.4392
0.1464, 0.4392
0.1464, 0.4392
0.1464, 0.4392
0.1506, 0.4392
0.1506, 0.4392
0.1506, 0.4392
0.1506, 0.4392
0.1506, 0.4392
0.1506, 0.4392
0.1506, 0.4392
0.1506, 0.4392
0.1506, 0.4392
0.1548, 0.4392
0.1548, 0.4392
0.1548, 0.4392
0.1548, 0.4392
0.1548, 0.4365
0.1548, 0.4365
0.1548, 0.4365
0.1548, 0.4365
0.1590, 0.4365
0.1590, 0.4365
0.1590, 0.4365
0.1590, 0.4365
0.1632, 0.4365
0.1632, 0.4365
0.1632, 0.4365
0.1632, 0.4365
0.1632, 0.4365
0.1632, 0.4365
0.1632, 0.4365
0.1632, 0.4365
0.1674, 0.4365
0.1674, 0.4365
0.1674, 0.4365
0.1674, 0.4365
0.1674, 0.4365
0.1674, 0.4339
0.1674, 0.4339
0.1674, 0.4339
0.1674, 0.4339
0.1674, 0.4339
0.1674, 0.4339
0.1674, 0.4339
0.1674, 0.4339
0.1674, 0.4339
0.1674, 0.4339
0.1674, 0.4339
0.1674, 0.4339
0.1674, 0.4339
0.1715, 0.4339
0.1715, 0.4339
0.1715, 0.4339
0.1715, 0.4339
0.1715, 0.4339
0.1715, 0.4339
0.1715, 0.4339
0.1715, 0.4339
0.1757, 0.4339
0.1757, 0.4339
0.1757, 0.4339
0.1757, 0.4339
0.1757, 0.4339
0.1757, 0.4339
0.1757, 0.4339
0.1757, 0.4339
0.1757, 0.4339
0.1757, 0.4339
0.1757, 0.4339
0.1757, 0.4339
0.1757, 0.4339
0.1757, 0.4339
0.1757, 0.4339
0.1757, 0.4339
0.1757, 0.4339
0.1757, 0.4339
0.1757, 0.4339
0.1757, 0.4339
0.1757, 0.4339
0.1757, 0.4339
0.1757, 0.4339
0.1757, 0.4339
0.1757, 0.4339
0.1757, 0.4339
0.1757, 0.4339
0.1799, 0.4339
0.1799, 0.4339
0.1799, 0.4339
0.1799, 0.4339
0.1799, 0.4339
0.1799, 0.4339
0.1799, 0.4339
0.1799, 0.4339
0.1799, 0.4339
0.1841, 0.4339
0.1841, 0.4339
0.1841, 0.4339
0.1841, 0.4339
0.1841, 0.4339
0.1841, 0.4339
0.1841, 0.4339
0.1841, 0.4339
0.1883, 0.4339
0.1883, 0.4339
0.1883, 0.4339
0.1883, 0.4339
0.1883, 0.4312
0.1883, 0.4312
0.1883, 0.4312
0.1883, 0.4312
0.1883, 0.4312
0.1883, 0.4312
0.1883, 0.4312
0.1883, 0.4312
0.1925, 0.4312
0.1925, 0.4312
0.1925, 0.4312
0.1925, 0.4312
0.1925, 0.4312
0.1925, 0.4312
0.1925, 0.4312
0.1925, 0.4312
0.1925, 0.4312
0.1967, 0.4312
0.1967, 0.4312
0.1967, 0.4312
0.1967, 0.4312
0.1967, 0.4286
0.1967, 0.4286
0.1967, 0.4286
0.1967, 0.4286
0.1967, 0.4286
0.1967, 0.4286
0.1967, 0.4286
0.1967, 0.4286
0.1967, 0.4286
0.1967, 0.4286
0.1967, 0.4286
0.1967, 0.4286
0.1967, 0.4286
0.1967, 0.4286
0.1967, 0.4286
0.2008, 0.4286
0.2008, 0.4286
0.2008, 0.4286
0.2008, 0.4286
0.2008, 0.4286
0.2008, 0.4286
0.2008, 0.4286
0.2008, 0.4286
0.2050, 0.4286
0.2050, 0.4286
0.2050, 0.4286
0.2050, 0.4286
0.2050, 0.4286
0.2050, 0.4286
0.2050, 0.4286
0.2050, 0.4286
0.2050, 0.4286
0.2050, 0.4286
0.2050, 0.4286
0.2050, 0.4286
0.2050, 0.4286
0.2050, 0.4286
0.2050, 0.4286
0.2050, 0.4286
0.2050, 0.4286
0.2092, 0.4286
0.2092, 0.4286
0.2092, 0.4286
0.2092, 0.4286
0.2092, 0.4259
0.2092, 0.4259
0.2092, 0.4259
0.2092, 0.4259
0.2134, 0.4259
0.2134, 0.4259
0.2134, 0.4259
0.2176, 0.4259
0.2176, 0.4259
0.2176, 0.4259
0.2176, 0.4259
0.2176, 0.4233
0.2176, 0.4233
0.2176, 0.4233
0.2176, 0.4233
0.2176, 0.4233
0.2176, 0.4233
0.2176, 0.4233
0.2176, 0.4233
0.2218, 0.4233
0.2218, 0.4233
0.2218, 0.4233
0.2259, 0.4233
0.2259, 0.4233
0.2259, 0.4233
0.2259, 0.4233
0.2259, 0.4206
0.2259, 0.4206
0.2259, 0.4206
0.2259, 0.4206
0.2259, 0.4206
0.2259, 0.4206
0.2259, 0.4206
0.2259, 0.4206
0.2259, 0.4206
0.2259, 0.4206
0.2259, 0.4206
0.2259, 0.4206
0.2259, 0.4206
0.2259, 0.4206
0.2301, 0.4206
0.2301, 0.4206
0.2301, 0.4206
0.2301, 0.4206
0.2301, 0.4206
0.2301, 0.4206
0.2301, 0.4206
0.2301, 0.4206
0.2343, 0.4206
0.2343, 0.4206
0.2343, 0.4206
0.2343, 0.4206
0.2343, 0.4206
0.2343, 0.4206
0.2343, 0.4206
0.2343, 0.4206
0.2385, 0.4206
0.2385, 0.4206
0.2385, 0.4206
0.2385, 0.4206
0.2385, 0.4206
0.2385, 0.4206
0.2385, 0.4206
0.2385, 0.4206
0.2385, 0.4206
0.2385, 0.4206
0.2385, 0.4206
0.2385, 0.4206
0.2385, 0.4206
0.2385, 0.4180
0.2385, 0.4180
0.2385, 0.4180
0.2385, 0.4180
0.2385, 0.4180
0.2385, 0.4180
0.2385, 0.4180
0.2385, 0.4180
0.2385, 0.4180
0.2385, 0.4180
0.2385, 0.4180
0.2385, 0.4180
0.2385, 0.4180
0.2385, 0.4180
0.2385, 0.4180
0.2385, 0.4180
0.2427, 0.4180
0.2427, 0.4180
0.2427, 0.4180
0.2427, 0.4180
0.2427, 0.4180
0.2427, 0.4180
0.2427, 0.4180
0.2427, 0.4180
0.2427, 0.4180
0.2427, 0.4153
0.2427, 0.4153
0.2427, 0.4153
0.2469, 0.4153
0.2469, 0.4153
0.2469, 0.4153
0.2469, 0.4153
0.2469, 0.4153
0.2469, 0.4153
0.2469, 0.4153
0.2469, 0.4153
0.2469, 0.4153
0.2469, 0.4153
0.2469, 0.4153
0.2469, 0.4153
0.2469, 0.4153
0.2469, 0.4153
0.2469, 0.4153
0.2469, 0.4153
0.2469, 0.4153
0.2469, 0.4153
0.2469, 0.4153
0.2469, 0.4153
0.2469, 0.4153
0.2510, 0.4153
0.2510, 0.4153
0.2510, 0.4153
0.2510, 0.4127
0.2510, 0.4127
0.2510, 0.4127
0.2510, 0.4127
0.2510, 0.4127
0.2510, 0.4127
0.2510, 0.4127
0.2510, 0.4127
0.2510, 0.4127
0.2510, 0.4127
0.2510, 0.4127
0.2510, 0.4127
0.2510, 0.4127
0.2552, 0.4127
0.2552, 0.4127
0.2552, 0.4127
0.2552, 0.4127
0.2552, 0.4127
0.2552, 0.4127
0.2552, 0.4127
0.2552, 0.4127
0.2552, 0.4127
0.2552, 0.4127
0.2552, 0.4127
0.2552, 0.4127
0.2552, 0.4127
0.2552, 0.4127
0.2552, 0.4127
0.2552, 0.4127
0.2552, 0.4127
0.2552, 0.4127
0.2552, 0.4127
0.2552, 0.4127
0.2552, 0.4127
0.2552, 0.4101
0.2552, 0.4101
0.2552, 0.4101
0.2552, 0.4101
0.2552, 0.4101
0.2552, 0.4101
0.2552, 0.4101
0.2594, 0.4101
0.2594, 0.4101
0.2594, 0.4101
0.2594, 0.4101
0.2594, 0.4101
0.2594, 0.4101
0.2594, 0.4101
0.2594, 0.4101
0.2594, 0.4074
0.2594, 0.4074
0.2594, 0.4074
0.2594, 0.4074
0.2594, 0.4074
0.2594, 0.4074
0.2594, 0.4074
0.2594, 0.4074
0.2594, 0.4074
0.2594, 0.4074
0.2594, 0.4074
0.2594, 0.4074
0.2594, 0.4074
0.2594, 0.4074
0.2594, 0.4074
0.2594, 0.4074
0.2594, 0.4074
0.2594, 0.4074
0.2594, 0.4074
0.2594, 0.4074
0.2594, 0.4074
0.2594, 0.4074
0.2594, 0.4074
0.2594, 0.4074
0.2636, 0.4074
0.2636, 0.4074
0.2636, 0.4074
0.2636, 0.4074
0.2636, 0.4074
0.2636, 0.4074
0.2636, 0.4074
0.2636, 0.4074
0.2636, 0.4074
0.2636, 0.4074
0.2636, 0.4074
0.2636, 0.4074
0.2636, 0.4074
0.2636, 0.4074
0.2636, 0.4074
0.2636, 0.4074
0.2636, 0.4074
0.2636, 0.4048
0.2636, 0.4048
0.2636, 0.4048
0.2678, 0.4048
0.2678, 0.4048
0.2678, 0.4048
0.2678, 0.4048
0.2678, 0.4048
0.2678, 0.4048
0.2678, 0.4048
0.2678, 0.4048
0.2678, 0.4048
0.2678, 0.4048
0.2678, 0.4048
0.2678, 0.4048
0.2678, 0.4021
0.2678, 0.4021
0.2678, 0.4021
0.2678, 0.4021
0.2678, 0.4021
0.2678, 0.4021
0.2678, 0.4021
0.2678, 0.4021
0.2678, 0.4021
0.2678, 0.4021
0.2678, 0.4021
0.2678, 0.4021
0.2678, 0.4021
0.2678, 0.4021
0.2678, 0.4021
0.2678, 0.4021
0.2678, 0.4021
0.2678, 0.4021
0.2678, 0.4021
0.2678, 0.4021
0.2678, 0.4021
0.2678, 0.4021
0.2678, 0.4021
0.2678, 0.4021
0.2678, 0.4021
0.2720, 0.4021
0.2720, 0.4021
0.2720, 0.4021
0.2720, 0.4021
0.2720, 0.4021
0.2720, 0.4021
0.2720, 0.4021
0.2720, 0.4021
0.2720, 0.3995
0.2720, 0.3995
0.2720, 0.3995
0.2720, 0.3995
0.2720, 0.3995
0.2720, 0.3995
0.2720, 0.3995
0.2762, 0.3968
0.2762, 0.3968
0.2762, 0.3968
0.2762, 0.3968
0.2762, 0.3968
0.2762, 0.3968
0.2762, 0.3968
0.2762, 0.3968
0.2762, 0.3968
0.2762, 0.3968
0.2762, 0.3968
0.2762, 0.3968
0.2803, 0.3968
0.2803, 0.3968
0.2803, 0.3968
0.2803, 0.3968
0.2803, 0.3968
0.2803, 0.3968
0.2803, 0.3968
0.2803, 0.3968
0.2803, 0.3968
0.2803, 0.3968
0.2803, 0.3968
0.2803, 0.3968
0.2803, 0.3942
0.2803, 0.3942
0.2803, 0.3942
0.2803, 0.3942
0.2803, 0.3942
0.2803, 0.3942
0.2803, 0.3942
0.2803, 0.3915
0.2803, 0.3915
0.2803, 0.3915
0.2803, 0.3915
0.2803, 0.3915
0.2803, 0.3915
0.2803, 0.3915
0.2803, 0.3915
0.2803, 0.3915
0.2803, 0.3915
0.2803, 0.3915
0.2803, 0.3915
0.2803, 0.3915
0.2845, 0.3889
0.2845, 0.3889
0.2845, 0.3889
0.2845, 0.3889
0.2845, 0.3889
0.2845, 0.3889
0.2845, 0.3889
0.2845, 0.3889
0.2845, 0.3889
0.2845, 0.3889
0.2845, 0.3889
0.2845, 0.3889
0.2845, 0.3889
0.2845, 0.3889
0.2845, 0.3889
0.2845, 0.3889
0.2845, 0.3889
0.2845, 0.3889
0.2845, 0.3889
0.2887, 0.3889
0.2887, 0.3889
0.2887, 0.3889
0.2887, 0.3889
0.2887, 0.3862
0.2887, 0.3862
0.2887, 0.3862
0.2887, 0.3862
0.2887, 0.3862
0.2887, 0.3862
0.2887, 0.3862
0.2887, 0.3836
0.2887, 0.3836
0.2887, 0.3836
0.2887, 0.3836
0.2887, 0.3836
0.2887, 0.3836
0.2887, 0.3836
0.2887, 0.3836
0.2887, 0.3836
0.2887, 0.3836
0.2887, 0.3836
0.2887, 0.3836
0.2887, 0.3836
0.2887, 0.3836
0.2887, 0.3836
0.2887, 0.3836
0.2887, 0.3810
0.2887, 0.3810
0.2887, 0.3810
0.2887, 0.3810
0.2887, 0.3810
0.2887, 0.3810
0.2887, 0.3810
0.2887, 0.3810
0.2887, 0.3783
0.2887, 0.3783
0.2887, 0.3783
0.2929, 0.3783
0.2929, 0.3783
0.2929, 0.3783
0.2929, 0.3783
0.2929, 0.3757
0.2929, 0.3757
0.2929, 0.3757
0.2929, 0.3757
0.2929, 0.3757
0.2929, 0.3757
0.2929, 0.3757
0.2929, 0.3757
0.2929, 0.3757
0.2929, 0.3757
0.2929, 0.3757
0.2929, 0.3757
0.2929, 0.3757
0.2929, 0.3757
0.2929, 0.3757
0.2929, 0.3757
0.2929, 0.3757
0.2929, 0.3757
0.2929, 0.3757
0.2929, 0.3757
0.2929, 0.3757
0.2929, 0.3757
0.2929, 0.3730
0.2929, 0.3730
0.2929, 0.3730
0.2929, 0.3730
0.2971, 0.3730
0.2971, 0.3730
0.2971, 0.3730
0.2971, 0.3730
0.2971, 0.3730
0.2971, 0.3730
0.2971, 0.3730
0.2971, 0.3704
0.2971, 0.3704
0.2971, 0.3704
0.2971, 0.3704
0.2971, 0.3704
0.2971, 0.3704
0.2971, 0.3704
0.2971, 0.3704
0.3013, 0.3704
0.3013, 0.3704
0.3013, 0.3704
0.3013, 0.3704
0.3013, 0.3704
0.3013, 0.3704
0.3013, 0.3704
0.3013, 0.3677
0.3013, 0.3677
0.3013, 0.3677
0.3013, 0.3677
0.3013, 0.3677
0.3013, 0.3677
0.3013, 0.3677
0.3013, 0.3677
0.3013, 0.3651
0.3013, 0.3651
0.3013, 0.3651
0.3013, 0.3651
0.3013, 0.3651
0.3013, 0.3651
0.3013, 0.3651
0.3013, 0.3651
0.3013, 0.3624
0.3013, 0.3624
0.3013, 0.3624
0.3013, 0.3624
0.3013, 0.3624
0.3013, 0.3624
0.3013, 0.3624
0.3013, 0.3624
0.3013, 0.3624
0.3013, 0.3624
0.3013, 0.3624
0.3013, 0.3624
0.3013, 0.3624
0.3013, 0.3624
0.3013, 0.3624
0.3013, 0.3624
0.3013, 0.3624
0.3013, 0.3624
0.3013, 0.3624
0.3013, 0.3598
0.3013, 0.3598
0.3013, 0.3598
0.3013, 0.3598
0.3013, 0.3598
0.3013, 0.3598
0.3013, 0.3598
0.3013, 0.3598
0.3013, 0.3598
0.3013, 0.3598
0.3013, 0.3598
0.3013, 0.3571
0.3013, 0.3571
0.3013, 0.3571
0.3013, 0.3571
0.3013, 0.3571
0.3013, 0.3571
0.3013, 0.3571
0.3013, 0.3571
0.3013, 0.3571
0.3013, 0.3571
0.3013, 0.3571
0.3013, 0.3571
0.3013, 0.3571
0.3013, 0.3571
0.3013, 0.3571
0.3013, 0.3571
0.3013, 0.3571
0.3013, 0.3571
0.3013, 0.3571
0.3013, 0.3571
0.3013, 0.3571
0.3013, 0.3545
0.3013, 0.3545
0.3013, 0.3545
0.3013, 0.3545
0.3013, 0.3519
0.3013, 0.3519
0.3013, 0.3519
0.3013, 0.3519
0.3013, 0.3519
0.3013, 0.3519
0.3013, 0.3519
0.3013, 0.3519
0.3013, 0.3519
0.3013, 0.3519
0.3013, 0.3519
0.3013, 0.3492
0.3013, 0.3492
0.3013, 0.3492
0.3013, 0.3492
0.3013, 0.3492
0.3013, 0.3492
0.3013, 0.3492
0.3013, 0.3492
0.3013, 0.3492
0.3013, 0.3492
0.3013, 0.3492
0.3013, 0.3492
0.3013, 0.3492
0.3013, 0.3466
0.3013, 0.3466
0.3013, 0.3466
0.3013, 0.3466
0.3013, 0.3466
0.3013, 0.3466
0.3013, 0.3466
0.3013, 0.3466
0.3054, 0.3466
0.3054, 0.3466
0.3054, 0.3466
0.3054, 0.3439
0.3054, 0.3439
0.3054, 0.3439
0.3054, 0.3439
0.3054, 0.3439
0.3054, 0.3439
0.3054, 0.3439
0.3054, 0.3439
0.3054, 0.3439
0.3054, 0.3439
0.3054, 0.3439
0.3054, 0.3439
0.3054, 0.3439
0.3054, 0.3439
0.3054, 0.3439
0.3054, 0.3413
0.3054, 0.3413
0.3054, 0.3413
0.3054, 0.3413
0.3054, 0.3386
0.3054, 0.3386
0.3054, 0.3386
0.3054, 0.3386
0.3054, 0.3386
0.3054, 0.3386
0.3054, 0.3386
0.3054, 0.3360
0.3054, 0.3360
0.3054, 0.3360
0.3054, 0.3360
0.3054, 0.3360
0.3054, 0.3360
0.3054, 0.3360
0.3054, 0.3360
0.3054, 0.3360
0.3054, 0.3360
0.3054, 0.3360
0.3054, 0.3333
0.3054, 0.3333
0.3054, 0.3333
0.3054, 0.3333
0.3054, 0.3333
0.3054, 0.3333
0.3054, 0.3333
0.3054, 0.3307
0.3054, 0.3307
0.3054, 0.3307
0.3054, 0.3307
0.3054, 0.3307
0.3054, 0.3307
0.3054, 0.3307
0.3054, 0.3307
0.3054, 0.3307
0.3054, 0.3307
0.3054, 0.3307
0.3054, 0.3307
0.3054, 0.3307
0.3054, 0.3307
0.3054, 0.3307
0.3054, 0.3280
0.3054, 0.3280
0.3054, 0.3280
0.3054, 0.3280
0.3054, 0.3254
0.3054, 0.3254
0.3054, 0.3254
0.3054, 0.3254
0.3054, 0.3254
0.3054, 0.3254
0.3054, 0.3228
0.3054, 0.3228
0.3054, 0.3228
0.3054, 0.3228
0.3054, 0.3228
0.3054, 0.3228
0.3054, 0.3228
0.3054, 0.3228
0.3054, 0.3201
0.3054, 0.3201
0.3054, 0.3201
0.3054, 0.3201
0.3054, 0.3201
0.3054, 0.3201
0.3054, 0.3201
0.3054, 0.3175
0.3054, 0.3175
0.3054, 0.3175
0.3054, 0.3175
0.3054, 0.3175
0.3054, 0.3175
0.3054, 0.3175
0.3054, 0.3175
0.3054, 0.3175
0.3054, 0.3175
0.3054, 0.3175
0.3054, 0.3148
0.3054, 0.3148
0.3054, 0.3148
0.3054, 0.3148
0.3054, 0.3148
0.3054, 0.3148
0.3054, 0.3148
0.3054, 0.3122
0.3054, 0.3122
0.3054, 0.3122
0.3054, 0.3122
0.3054, 0.3122
0.3054, 0.3122
0.3054, 0.3122
0.3054, 0.3122
0.3054, 0.3122
0.3054, 0.3122
0.3054, 0.3122
0.3054, 0.3122
0.3054, 0.3122
0.3054, 0.3122
0.3054, 0.3095
0.3054, 0.3095
0.3054, 0.3095
0.3054, 0.3095
0.3054, 0.3069
0.3054, 0.3069
0.3054, 0.3069
0.3054, 0.3069
0.3054, 0.3069
0.3054, 0.3069
0.3054, 0.3069
0.3054, 0.3042
0.3054, 0.3042
0.3054, 0.3042
0.3054, 0.3042
0.3054, 0.3042
0.3054, 0.3042
0.3054, 0.3042
0.3054, 0.3042
0.3054, 0.3042
0.3054, 0.3042
0.3054, 0.3016
0.3054, 0.3016
0.3054, 0.3016
0.3054, 0.3016
0.3054, 0.3016
0.3054, 0.3016
0.3054, 0.2989
0.3054, 0.2989
0.3054, 0.2989
0.3054, 0.2989
0.3054, 0.2989
0.3054, 0.2989
0.3054, 0.2963
0.3054, 0.2963
0.3054, 0.2963
0.3054, 0.2963
0.3054, 0.2963
0.3054, 0.2963
0.3054, 0.2937
0.3054, 0.2937
0.3054, 0.2937
0.3054, 0.2937
0.3054, 0.2937
0.3054, 0.2937
0.3054, 0.2937
0.3054, 0.2910
0.3054, 0.2910
0.3054, 0.2910
0.3054, 0.2910
0.3054, 0.2910
0.3054, 0.2910
0.3054, 0.2910
0.3054, 0.2910
0.3054, 0.2910
0.3054, 0.2910
0.3054, 0.2910
0.3054, 0.2910
0.3054, 0.2910
0.3054, 0.2910
0.3054, 0.2884
0.3054, 0.2884
0.3054, 0.2884
0.3054, 0.2884
0.3054, 0.2884
0.3054, 0.2884
0.3054, 0.2884
0.3054, 0.2857
0.3054, 0.2857
0.3054, 0.2857
0.3054, 0.2857
0.3054, 0.2857
0.3054, 0.2857
0.3054, 0.2857
0.3054, 0.2857
0.3054, 0.2857
0.3054, 0.2857
0.3054, 0.2857
0.3054, 0.2857
0.3054, 0.2857
0.3054, 0.2857
0.3054, 0.2857
0.3054, 0.2857
0.3054, 0.2857
0.3054, 0.2857
0.3054, 0.2831
0.3054, 0.2831
0.3054, 0.2831
0.3054, 0.2831
0.3054, 0.2831
0.3054, 0.2831
0.3054, 0.2831
0.3054, 0.2804
0.3054, 0.2804
0.3054, 0.2804
0.3054, 0.2804
0.3054, 0.2804
0.3054, 0.2804
0.3054, 0.2804
0.3054, 0.2778
0.3054, 0.2778
0.3054, 0.2778
0.3054, 0.2778
0.3054, 0.2778
0.3054, 0.2778
0.3054, 0.2778
0.3054, 0.2778
0.3054, 0.2778
0.3054, 0.2778
0.3054, 0.2778
0.3013, 0.2778
0.3013, 0.2778
0.3013, 0.2778
0.3013, 0.2778
0.3013, 0.2778
0.3013, 0.2778
0.3013, 0.2778
0.3013, 0.2778
0.3013, 0.2778
0.3013, 0.2778
0.3013, 0.2778
0.3013, 0.2751
0.3013, 0.2751
0.3013, 0.2751
0.3013, 0.2751
0.3013, 0.2751
0.3013, 0.2751
0.3013, 0.2751
0.3013, 0.2725
0.3013, 0.2725
0.3013, 0.2725
0.3013, 0.2725
0.3013, 0.2725
0.3013, 0.2725
0.3013, 0.2725
0.3013, 0.2725
0.3013, 0.2725
0.3013, 0.2725
0.3013, 0.2725
0.3013, 0.2725
0.3013, 0.2725
0.3013, 0.2725
0.3013, 0.2725
0.3013, 0.2725
0.3013, 0.2725
0.3013, 0.2698
0.3013, 0.2698
0.3013, 0.2698
0.3013, 0.2698
0.3013, 0.2698
0.3013, 0.2698
0.3013, 0.2698
0.3013, 0.2672
0.3013, 0.2672
0.3013, 0.2672
0.3013, 0.2672
0.3013, 0.2672
0.3013, 0.2672
0.3013, 0.2672
0.3013, 0.2672
0.3013, 0.2672
0.3013, 0.2672
0.3013, 0.2672
0.3013, 0.2646
0.3013, 0.2646
0.3013, 0.2646
0.3013, 0.2646
0.3013, 0.2646
0.3013, 0.2646
0.3013, 0.2646
0.3013, 0.2646
0.3013, 0.2646
0.3013, 0.2646
0.3013, 0.2646
0.3013, 0.2646
0.3013, 0.2646
0.3013, 0.2646
0.3013, 0.2619
0.3013, 0.2619
0.3013, 0.2619
0.3013, 0.2619
0.3013, 0.2619
0.3013, 0.2619
0.3013, 0.2619
0.3013, 0.2619
0.3013, 0.2619
0.3013, 0.2619
0.3013, 0.2593
0.3013, 0.2593
0.3013, 0.2593
0.3013, 0.2593
0.3013, 0.2593
0.3013, 0.2593
0.3013, 0.2593
0.2971, 0.2593
0.2971, 0.2593
0.2971, 0.2593
0.2971, 0.2593
0.2971, 0.2593
0.2971, 0.2593
0.2971, 0.2593
0.2971, 0.2593
0.2971, 0.2593
0.2971, 0.2593
0.2971, 0.2566
0.2971, 0.2566
0.2971, 0.2566
0.2971, 0.2566
0.2971, 0.2566
0.2971, 0.2566
0.2971, 0.2566
0.2971, 0.2540
0.2971, 0.2540
0.2971, 0.2540
0.2971, 0.2540
0.2971, 0.2540
0.2971, 0.2540
0.2971, 0.2540
0.2971, 0.2513
0.2971, 0.2513
0.2971, 0.2513
0.2971, 0.2513
0.2971, 0.2513
0.2971, 0.2513
0.2971, 0.2513
0.2971, 0.2513
0.2971, 0.2513
0.2971, 0.2513
0.2971, 0.2513
0.2971, 0.2513
0.2971, 0.2513
0.2971, 0.2513
0.2971, 0.2487
0.2971, 0.2487
0.2971, 0.2487
0.2971, 0.2487
0.2971, 0.2487
0.2971, 0.2487
0.2971, 0.2460
0.2971, 0.2460
0.2971, 0.2460
0.2971, 0.2460
0.2971, 0.2460
0.2971, 0.2460
0.2971, 0.2460
0.2971, 0.2460
0.2971, 0.2460
0.2971, 0.2460
0.2971, 0.2434
0.2971, 0.2434
0.2971, 0.2434
0.2971, 0.2434
0.2971, 0.2434
0.2971, 0.2434
0.2971, 0.2407
0.2971, 0.2407
0.2971, 0.2407
0.2971, 0.2407
0.2971, 0.2407
0.2971, 0.2407
0.2971, 0.2407
0.2971, 0.2381
0.2971, 0.2381
0.2971, 0.2381
0.2971, 0.2381
0.2971, 0.2381
0.2971, 0.2381
0.2971, 0.2381
0.2971, 0.2381
0.2971, 0.2381
0.2971, 0.2381
0.2971, 0.2381
0.2971, 0.2381
0.2971, 0.2381
0.2971, 0.2381
0.2971, 0.2381
0.2971, 0.2381
0.2971, 0.2381
0.2971, 0.2354
0.2971, 0.2354
0.2971, 0.2354
0.2971, 0.2354
0.2971, 0.2354
0.2971, 0.2354
0.2971, 0.2354
0.2971, 0.2328
0.2971, 0.2328
0.2971, 0.2328
0.2971, 0.2328
0.2971, 0.2328
0.2971, 0.2328
0.2971, 0.2328
0.2971, 0.2328
0.2971, 0.2328
0.2971, 0.2328
0.2971, 0.2328
0.2971, 0.2328
0.2971, 0.2328
0.2971, 0.2302
0.2971, 0.2302
0.2971, 0.2302
0.2971, 0.2302
0.2971, 0.2302
0.2971, 0.2302
0.2971, 0.2302
0.2971, 0.2275
0.2971, 0.2275
0.2971, 0.2275
0.2971, 0.2275
0.2971, 0.2275
0.2971, 0.2275
0.2971, 0.2275
0.2971, 0.2275
0.2971, 0.2275
0.2971, 0.2275
0.2971, 0.2275
0.2971, 0.2275
0.2971, 0.2275
0.2971, 0.2275
0.2971, 0.2275
0.2971, 0.2275
0.2971, 0.2275
0.2971, 0.2249
0.2971, 0.2249
0.2971, 0.2249
0.2971, 0.2249
0.2971, 0.2249
0.2971, 0.2249
0.2971, 0.2222
0.2971, 0.2222
0.2971, 0.2222
0.2971, 0.2196
0.2971, 0.2196
0.2971, 0.2196
0.2971, 0.2196
0.2971, 0.2196
0.2971, 0.2196
0.2971, 0.2196
0.2971, 0.2196
0.2971, 0.2196
0.2971, 0.2196
0.2971, 0.2196
0.2971, 0.2196
0.2971, 0.2196
0.2971, 0.2196
0.2971, 0.2196
0.2971, 0.2196
0.2971, 0.2196
0.2971, 0.2196
0.2971, 0.2196
0.2971, 0.2196
0.2971, 0.2196
0.2971, 0.2196
0.2971, 0.2196
0.2971, 0.2196
0.2971, 0.2196
0.2971, 0.2196
0.2971, 0.2196
0.2971, 0.2196
0.2971, 0.2196
0.2971, 0.2196
0.2971, 0.2196
0.2971, 0.2196
0.2971, 0.2196
0.2971, 0.2196
0.2971, 0.2196
0.2971, 0.2196
0.2971, 0.2196
0.2971, 0.2196
0.2971, 0.2196
0.2971, 0.2196
0.2971, 0.2196
0.2971, 0.2196
0.2971, 0.2196
0.2971, 0.2196
0.2971, 0.2196
0.2971, 0.2196
0.2971, 0.2196
0.2971, 0.2196
0.2971, 0.2196
0.2971, 0.2196
0.2971, 0.2196
0.2971, 0.2196
0.2971, 0.2196
0.2971, 0.2169
0.2971, 0.2169
0.2971, 0.2169
0.2971, 0.2169
0.2971, 0.2169
0.2971, 0.2169
0.2971, 0.2143
0.2971, 0.2143
0.2971, 0.2143
0.2971, 0.2143
0.2971, 0.2143
0.2971, 0.2143
0.2971, 0.2143
0.2971, 0.2143
0.2971, 0.2143
0.2971, 0.2143
0.2971, 0.2143
0.2971, 0.2143
0.2971, 0.2143
0.2971, 0.2143
0.2971, 0.2143
0.2971, 0.2143
0.2971, 0.2143
0.2971, 0.2116
0.2971, 0.2116
0.2971, 0.2116
0.2971, 0.2116
0.2971, 0.2116
0.2971, 0.2116
0.2971, 0.2116
0.2971, 0.2090
0.2971, 0.2090
0.2971, 0.2090
0.2971, 0.2090
0.2971, 0.2090
0.2971, 0.2090
0.2971, 0.2063
0.2971, 0.2063
0.2971, 0.2063
0.2971, 0.2063
0.2971, 0.2063
0.2971, 0.2063
0.2971, 0.2063
0.2971, 0.2063
0.2971, 0.2063
0.2929, 0.2063
0.2929, 0.2063
0.2929, 0.2063
0.2929, 0.2037
0.2929, 0.2037
0.2929, 0.2037
0.2929, 0.2037
0.2929, 0.2037
0.2929, 0.2037
0.2929, 0.2011
0.2929, 0.2011
0.2929, 0.2011
0.2929, 0.2011
0.2929, 0.2011
0.2929, 0.2011
0.2929, 0.2011
0.2929, 0.2011
0.2929, 0.2011
0.2929, 0.2011
0.2929, 0.1984
0.2929, 0.1984
0.2929, 0.1984
0.2929, 0.1984
0.2929, 0.1984
0.2929, 0.1984
0.2929, 0.1984
0.2929, 0.1958
0.2929, 0.1958
0.2929, 0.1958
0.2929, 0.1958
0.2929, 0.1958
0.2929, 0.1958
0.2929, 0.1931
0.2929, 0.1931
0.2929, 0.1931
0.2929, 0.1931
0.2929, 0.1931
0.2929, 0.1931
0.2929, 0.1931
0.2929, 0.1931
0.2929, 0.1931
0.2929, 0.1931
0.2929, 0.1931
0.2929, 0.1931
0.2929, 0.1931
0.2929, 0.1931
0.2929, 0.1931
0.2929, 0.1931
0.2929, 0.1931
0.2929, 0.1905
0.2929, 0.1905
0.2929, 0.1905
0.2887, 0.1905
0.2887, 0.1905
0.2887, 0.1905
0.2887, 0.1878
0.2887, 0.1878
0.2887, 0.1878
0.2887, 0.1878
0.2887, 0.1878
0.2887, 0.1878
0.2887, 0.1878
0.2887, 0.1878
0.2887, 0.1878
0.2887, 0.1878
0.2887, 0.1878
0.2887, 0.1878
0.2887, 0.1878
0.2887, 0.1852
0.2887, 0.1852
0.2887, 0.1852
0.2887, 0.1852
0.2887, 0.1852
0.2887, 0.1852
0.2887, 0.1852
0.2887, 0.1825
0.2887, 0.1825
0.2887, 0.1825
0.2887, 0.1825
0.2887, 0.1825
0.2887, 0.1825
0.2887, 0.1799
0.2887, 0.1799
0.2887, 0.1799
0.2845, 0.1799
0.2845, 0.1799
0.2845, 0.1799
0.2845, 0.1799
0.2845, 0.1799
0.2845, 0.1799
0.2845, 0.1799
0.2845, 0.1799
0.2845, 0.1799
0.2845, 0.1799
0.2845, 0.1799
0.2845, 0.1799
0.2845, 0.1799
0.2845, 0.1799
0.2845, 0.1799
0.2845, 0.1799
0.2845, 0.1799
0.2845, 0.1772
0.2845, 0.1772
0.2845, 0.1772
0.2845, 0.1772
0.2845, 0.1772
0.2845, 0.1772
0.2845, 0.1746
0.2845, 0.1746
0.2845, 0.1746
0.2845, 0.1746
0.2845, 0.1746
0.2845, 0.1746
0.2845, 0.1746
0.2845, 0.1746
0.2845, 0.1746
0.2845, 0.1746
0.2845, 0.1746
0.2845, 0.1746
0.2845, 0.1746
0.2845, 0.1720
0.2845, 0.1720
0.2845, 0.1720
0.2845, 0.1720
0.2845, 0.1720
0.2845, 0.1720
0.2845, 0.1720
0.2845, 0.1720
0.2845, 0.1720
0.2845, 0.1720
0.2845, 0.1693
0.2845, 0.1693
0.2845, 0.1693
0.2845, 0.1693
0.2845, 0.1693
0.2845, 0.1693
0.2845, 0.1693
0.2845, 0.1667
0.2845, 0.1667
0.2845, 0.1667
0.2845, 0.1667
0.2845, 0.1667
0.2845, 0.1667
0.2845, 0.1667
0.2845, 0.1667
0.2845, 0.1667
0.2845, 0.1667
0.2845, 0.1667
0.2845, 0.1667
0.2845, 0.1667
0.2845, 0.1667
0.2845, 0.1667
0.2845, 0.1667
0.2845, 0.1640
0.2845, 0.1640
0.2845, 0.1640
0.2845, 0.1614
0.2845, 0.1614
0.2845, 0.1614
0.2845, 0.1614
0.2845, 0.1614
0.2845, 0.1614
0.2845, 0.1614
0.2845, 0.1614
0.2845, 0.1614
0.2845, 0.1614
0.2845, 0.1614
0.2845, 0.1614
0.2845, 0.1614
0.2845, 0.1587
0.2845, 0.1587
0.2845, 0.1587
0.2845, 0.1561
0.2845, 0.1561
0.2845, 0.1561
0.2845, 0.1561
0.2845, 0.1561
0.2845, 0.1561
0.2845, 0.1534
0.2845, 0.1534
0.2845, 0.1534
0.2845, 0.1534
0.2845, 0.1534
0.2845, 0.1534
0.2845, 0.1534
0.2845, 0.1534
0.2845, 0.1534
0.2845, 0.1534
0.2845, 0.1534
0.2845, 0.1534
0.2845, 0.1534
0.2845, 0.1508
0.2845, 0.1508
0.2845, 0.1508
0.2803, 0.1508
0.2803, 0.1508
0.2803, 0.1508
0.2803, 0.1481
0.2803, 0.1481
0.2803, 0.1481
0.2803, 0.1481
0.2803, 0.1481
0.2803, 0.1481
0.2803, 0.1481
0.2803, 0.1481
0.2803, 0.1481
0.2803, 0.1455
0.2803, 0.1455
0.2803, 0.1455
0.2803, 0.1429
0.2803, 0.1429
0.2803, 0.1429
0.2803, 0.1429
0.2803, 0.1429
0.2803, 0.1429
0.2762, 0.1429
0.2762, 0.1429
0.2762, 0.1429
0.2762, 0.1402
0.2762, 0.1402
0.2762, 0.1402
0.2762, 0.1376
0.2762, 0.1376
0.2762, 0.1376
0.2762, 0.1376
0.2762, 0.1376
0.2762, 0.1376
0.2762, 0.1376
0.2762, 0.1349
0.2762, 0.1349
0.2762, 0.1349
0.2762, 0.1349
0.2762, 0.1349
0.2762, 0.1349
0.2762, 0.1349
0.2762, 0.1349
0.2762, 0.1349
0.2720, 0.1323
0.2720, 0.1323
0.2720, 0.1323
0.2720, 0.1323
0.2720, 0.1323
0.2720, 0.1323
0.2720, 0.1296
0.2720, 0.1296
0.2720, 0.1296
0.2720, 0.1296
0.2720, 0.1296
0.2720, 0.1296
0.2720, 0.1296
0.2720, 0.1296
0.2720, 0.1296
0.2720, 0.1296
0.2720, 0.1296
0.2720, 0.1296
0.2720, 0.1270
0.2720, 0.1270
0.2720, 0.1270
0.2720, 0.1270
0.2720, 0.1270
0.2720, 0.1270
0.2720, 0.1270
0.2720, 0.1243
0.2720, 0.1243
0.2720, 0.1243
0.2720, 0.1217
0.2720, 0.1217
0.2720, 0.1217
0.2720, 0.1217
0.2720, 0.1190
0.2720, 0.1190
0.2720, 0.1190
0.2678, 0.1164
0.2678, 0.1164
0.2678, 0.1164
0.2678, 0.1164
0.2678, 0.1164
0.2678, 0.1164
0.2678, 0.1164
0.2678, 0.1138
0.2678, 0.1138
0.2678, 0.1138
0.2678, 0.1138
0.2678, 0.1138
0.2678, 0.1138
0.2678, 0.1111
0.2678, 0.1111
0.2678, 0.1111
0.2678, 0.1111
0.2678, 0.1111
0.2678, 0.1111
0.2678, 0.1111
0.2678, 0.1111
0.2678, 0.1111
0.2678, 0.1085
0.2678, 0.1085
0.2678, 0.1085
0.2678, 0.1085
0.2678, 0.1085
0.2678, 0.1085
0.2678, 0.1085
0.2678, 0.1085
0.2678, 0.1085
0.2678, 0.1085
0.2678, 0.1085
0.2678, 0.1085
0.2678, 0.1085
0.2678, 0.1085
0.2678, 0.1058
0.2678, 0.1058
0.2678, 0.1058
0.2678, 0.1058
0.2678, 0.1058
0.2678, 0.1032
0.2678, 0.1032
0.2678, 0.1032
0.2678, 0.1032
0.2678, 0.1032
0.2678, 0.1032
0.2678, 0.1032
0.2678, 0.1032
0.2678, 0.1032
0.2678, 0.1005
0.2678, 0.1005
0.2678, 0.0979
0.2678, 0.0979
0.2678, 0.0979
0.2678, 0.0979
0.2678, 0.0979
0.2678, 0.0979
0.2678, 0.0952
0.2678, 0.0952
0.2678, 0.0952
0.2678, 0.0952
0.2678, 0.0952
0.2678, 0.0952
0.2678, 0.0952
0.2678, 0.0952
0.2678, 0.0952
0.2678, 0.0952
0.2678, 0.0952
0.2678, 0.0926
0.2678, 0.0926
0.2678, 0.0926
0.2678, 0.0899
0.2678, 0.0899
0.2678, 0.0899
0.2678, 0.0899
0.2678, 0.0899
0.2678, 0.0899
0.2678, 0.0899
0.2678, 0.0899
0.2678, 0.0899
0.2678, 0.0873
0.2678, 0.0873
0.2678, 0.0847
0.2678, 0.0847
0.2678, 0.0847
0.2678, 0.0820
0.2678, 0.0820
0.2678, 0.0820
0.2678, 0.0820
0.2678, 0.0820
0.2678, 0.0820
0.2678, 0.0820
0.2678, 0.0820
0.2678, 0.0820
0.2678, 0.0794
0.2678, 0.0794
0.2678, 0.0794
0.2678, 0.0794
0.2678, 0.0794
0.2678, 0.0767
0.2678, 0.0767
0.2678, 0.0767
0.2678, 0.0767
0.2678, 0.0767
0.2678, 0.0767
0.2678, 0.0767
0.2678, 0.0767
0.2678, 0.0767
0.2678, 0.0741
0.2678, 0.0741
0.2678, 0.0714
0.2678, 0.0714
0.2678, 0.0714
0.2678, 0.0714
0.2678, 0.0714
0.2678, 0.0714
0.2678, 0.0688
0.2678, 0.0688
0.2678, 0.0688
0.2678, 0.0688
0.2678, 0.0688
0.2678, 0.0688
0.2678, 0.0688
0.2678, 0.0688
0.2678, 0.0688
0.2678, 0.0661
0.2678, 0.0661
0.2678, 0.0661
0.2678, 0.0661
0.2678, 0.0661
0.2678, 0.0635
0.2678, 0.0635
0.2678, 0.0635
0.2678, 0.0635
0.2678, 0.0635
0.2678, 0.0635
0.2678, 0.0635
0.2678, 0.0635
0.2678, 0.0635
0.2678, 0.0635
0.2678, 0.0635
0.2678, 0.0608
0.2678, 0.0608
0.2678, 0.0608
0.2678, 0.0608
0.2678, 0.0582
0.2678, 0.0582
0.2678, 0.0582
0.2678, 0.0582
0.2678, 0.0582
0.2678, 0.0582
0.2678, 0.0582
0.2678, 0.0582
0.2678, 0.0582
0.2678, 0.0582
0.2678, 0.0556
0.2678, 0.0556
0.2678, 0.0556
0.2678, 0.0556
0.2678, 0.0556
0.2678, 0.0556
0.2720, 0.0529
0.2720, 0.0529
0.2720, 0.0529
0.2720, 0.0529
0.2720, 0.0529
0.2720, 0.0529
0.2720, 0.0503
0.2720, 0.0503
0.2720, 0.0503
0.2720, 0.0503
0.2720, 0.0503
0.2720, 0.0503
0.2720, 0.0503
0.2720, 0.0503
0.2720, 0.0503
0.2720, 0.0503
0.2720, 0.0503
0.2720, 0.0503
0.2720, 0.0476
0.2720, 0.0476
0.2720, 0.0476
0.2762, 0.0476
0.2762, 0.0476
0.2762, 0.0476
0.2762, 0.0450
0.2762, 0.0450
0.2762, 0.0450
0.2762, 0.0450
0.2762, 0.0450
0.2762, 0.0450
0.2762, 0.0450
0.2762, 0.0450
0.2762, 0.0450
0.2762, 0.0450
0.2762, 0.0450
0.2762, 0.0450
0.2803, 0.0423
0.2803, 0.0423
0.2803, 0.0423
0.2803, 0.0423
0.2803, 0.0423
0.2803, 0.0423
0.2803, 0.0397
0.2803, 0.0397
0.2803, 0.0397
0.2803, 0.0397
0.2803, 0.0397
0.2803, 0.0397
0.2803, 0.0370
0.2803, 0.0370
0.2803, 0.0370
0.2803, 0.0370
0.2803, 0.0370
0.2803, 0.0370
0.2803, 0.0370
0.2803, 0.0370
0.2803, 0.0370
0.2803, 0.0370
0.2803, 0.0370
0.2803, 0.0370
0.2803, 0.0370
0.2803, 0.0370
0.2803, 0.0370
0.2803, 0.0370
0.2803, 0.0370
0.2803, 0.0370
0.2803, 0.0344
0.2803, 0.0344
0.2803, 0.0344
0.2845, 0.0344
0.2845, 0.0344
0.2845, 0.0344
0.2845, 0.0344
0.2845, 0.0344
0.2845, 0.0344
0.2845, 0.0317
0.2845, 0.0317
0.2845, 0.0317
0.2845, 0.0317
0.2845, 0.0317
0.2845, 0.0317
0.2845, 0.0317
0.2845, 0.0317
0.2845, 0.0317
0.2887, 0.0317
0.2887, 0.0317
0.2887, 0.0317
0.2887, 0.0317
0.2887, 0.0317
0.2887, 0.0317
0.2887, 0.0317
0.2887, 0.0317
0.2887, 0.0317
0.2887, 0.0291
0.2887, 0.0291
0.2887, 0.0291
0.2887, 0.0291
0.2887, 0.0291
0.2887, 0.0291
0.2887, 0.0291
0.2887, 0.0291
0.2887, 0.0291
0.2887, 0.0265
0.2887, 0.0265
0.2887, 0.0265
0.2887, 0.0265
0.2887, 0.0265
0.2887, 0.0265
0.2929, 0.0265
0.2929, 0.0265
0.2929, 0.0265
0.2929, 0.0238
0.2929, 0.0238
0.2929, 0.0238
0.2929, 0.0238
0.2929, 0.0238
0.2929, 0.0238
0.2929, 0.0238
0.2929, 0.0238
0.2929, 0.0238
0.2929, 0.0238
0.2929, 0.0238
0.2971, 0.0238
0.2971, 0.0238
0.2971, 0.0238
0.2971, 0.0238
0.2971, 0.0238
0.2971, 0.0238
0.2971, 0.0238
0.2971, 0.0212
0.2971, 0.0212
0.2971, 0.0212
0.2971, 0.0212
0.2971, 0.0212
0.2971, 0.0212
0.3013, 0.0212
0.3013, 0.0212
0.3013, 0.0212
0.3013, 0.0212
0.3013, 0.0212
0.3013, 0.0185
0.3013, 0.0185
0.3013, 0.0185
0.3013, 0.0185
0.3013, 0.0185
0.3013, 0.0185
0.3013, 0.0185
0.3013, 0.0185
0.3013, 0.0185
0.3013, 0.0185
0.3013, 0.0185
0.3013, 0.0185
0.3013, 0.0185
0.3013, 0.0185
0.3013, 0.0185
0.3013, 0.0185
0.3013, 0.0185
0.3013, 0.0185
0.3054, 0.0185
0.3054, 0.0185
0.3054, 0.0185
0.3054, 0.0185
0.3054, 0.0185
0.3054, 0.0185
0.3054, 0.0159
0.3054, 0.0159
0.3054, 0.0159
0.3054, 0.0159
0.3054, 0.0159
0.3054, 0.0159
0.3096, 0.0159
0.3096, 0.0159
0.3096, 0.0159
0.3096, 0.0159
0.3096, 0.0159
0.3096, 0.0159
0.3096, 0.0132
0.3096, 0.0132
0.3096, 0.0132
0.3096, 0.0132
0.3096, 0.0132
0.3096, 0.0132
0.3096, 0.0132
0.3096, 0.0132
0.3096, 0.0132
0.3096, 0.0106
0.3096, 0.0106
0.3096, 0.0106
0.3096, 0.0106
0.3096, 0.0106
0.3138, 0.0106
0.3138, 0.0106
0.3138, 0.0106
0.3138, 0.0106
0.3138, 0.0106
0.3138, 0.0106
0.3138, 0.0106
0.3138, 0.0106
0.3138, 0.0106
0.3138, 0.0106
0.3138, 0.0106
0.3138, 0.0106
0.3138, 0.0106
0.3138, 0.0106
0.3138, 0.0106
0.3138, 0.0106
0.3138, 0.0106
0.3180, 0.0106
0.3180, 0.0106
0.3180, 0.0106
0.3180, 0.0106
0.3180, 0.0106
0.3180, 0.0106
0.3180, 0.0106
0.3180, 0.0106
0.3180, 0.0079
0.3180, 0.0079
0.3180, 0.0079
0.3222, 0.0079
0.3222, 0.0079
0.3222, 0.0079
0.3222, 0.0079
0.3222, 0.0079
0.3222, 0.0079
0.3222, 0.0079
0.3222, 0.0079
0.3222, 0.0053
0.3222, 0.0053
0.3222, 0.0053
0.3222, 0.0053
0.3222, 0.0053
0.3222, 0.0053
0.3222, 0.0053
0.3222, 0.0053
0.3222, 0.0053
0.3222, 0.0053
0.3222, 0.0053
0.3222, 0.0053
0.3264, 0.0053
0.3264, 0.0053
0.3264, 0.0053
0.3264, 0.0053
0.3264, 0.0053
0.3264, 0.0053
0.3264, 0.0053
0.3264, 0.0053
0.3264, 0.0053
0.3264, 0.0053
0.3264, 0.0053
0.3264, 0.0053
0.3264, 0.0053
0.3264, 0.0053
0.3264, 0.0053
0.3264, 0.0053
0.3305, 0.0053
0.3305, 0.0053
0.3305, 0.0053
0.3305, 0.0053
0.3305, 0.0053
0.3305, 0.0053
0.3305, 0.0053
0.3305, 0.0053
0.3305, 0.0053
0.3305, 0.0053
0.3305, 0.0053
0.3305, 0.0053
0.3305, 0.0053
0.3305, 0.0053
0.3305, 0.0053
0.3305, 0.0026
0.3305, 0.0026
0.3347, 0.0026
0.3347, 0.0026
0.3347, 0.0026
0.3347, 0.0026
0.3347, 0.0026
0.3347, 0.0026
0.3347, 0.0026
0.3347, 0.0026
0.3347, 0.0026
0.3347, 0.0026
0.3347, 0.0026
0.3347, 0.0026
0.3389, 0.0026
0.3389, 0.0026
0.3389, 0.0026
0.3389, 0.0026
0.3389, 0.0026
0.3389, 0.0026
0.3389, 0.0026
0.3389, 0.0026
0.3389, 0.0026
0.3389, 0.0026
0.3389, 0.0026
0.3389, 0.0026
0.3389, 0.0026
0.3389, 0.0026
0.3389, 0.0026
0.3389, 0.0026
0.3389, 0.0026
0.3431, 0.0026
0.3431, 0.0026
0.3431, 0.0026
0.3431, 0.0026
0.3431, 0.0026
0.3473, 0.0026
0.3473, 0.0026
0.3473, 0.0026
0.3473, 0.0026
0.3473, 0.0026
0.3473, 0.0026
0.3515, 0.0026
0.3515, 0.0026
0.3515, 0.0026
0.3515, 0.0026
0.3515, 0.0026
0.3515, 0.0026
0.3515, 0.0026
0.3515, 0.0026
0.3515, 0.0026
0.3515, 0.0026
0.3515, 0.0026
0.3515, 0.0026
0.3515, 0.0026
0.3515, 0.0026
0.3515, 0.0026
0.3515, 0.0026
0.3515, 0.0026
0.3515, 0.0026
0.3556, 0.0026
0.3556, 0.0026
0.3556, 0.0026
0.3556, 0.0000
0.3556, 0.0000
0.3556, 0.0000
0.3556, 0.0000
0.3556, 0.0000
0.3598, 0.0000
0.3598, 0.0000
0.3598, 0.0000
0.3598, 0.0000
0.3598, 0.0000
0.3598, 0.0000
0.3598, 0.0000
0.3598, 0.0000
0.3598, 0.0000
0.3598, 0.0000
0.3598, 0.0000
0.3598, 0.0000
0.3598, 0.0000
0.3598, 0.0000
0.3598, 0.0000
0.3598, 0.0000
0.3598, 0.0000
0.3598, 0.0000
0.3640, 0.0000
0.3640, 0.0000
0.3640, 0.0000
0.3640, 0.0000
0.3640, 0.0000
0.3682, 0.0000
0.3682, 0.0000
0.3682, 0.0000
0.3682, 0.0000
0.3682, 0.0000
0.3682, 0.0000
0.3682, 0.0000
0.3682, 0.0000
0.3682, 0.0000
0.3682, 0.0000
0.3682, 0.0000
0.3682, 0.0000
0.3724, 0.0000
0.3724, 0.0000
0.3724, 0.0000
0.3724, 0.0000
0.3724, 0.0000
0.3724, 0.0000
0.3724, 0.0000
0.3724, 0.0000
0.3724, 0.0000
0.3724, 0.0000
0.3724, 0.0000
0.3724, 0.0000
0.3766, 0.0000
0.3766, 0.0000
0.3766, 0.0000
0.3766, 0.0000
0.3766, 0.0000
0.3808, 0.0000
0.3808, 0.0000
0.3808, 0.0000
0.3808, 0.0000
0.3808, 0.0000
0.3808, 0.0000
0.3808, 0.0000
0.3808, 0.0000
0.3808, 0.0000
0.3808, 0.0000
0.3808, 0.0000
0.3808, 0.0000
0.3808, 0.0000
0.3808, 0.0000
0.3808, 0.0000
0.3849, 0.0000
0.3849, 0.0000
0.3849, 0.0000
0.3849, 0.0000
0.3849, 0.0000
0.3891, 0.0026
0.3891, 0.0026
0.3891, 0.0026
0.3891, 0.0026
0.3891, 0.0026
0.3891, 0.0026
0.3933, 0.0026
0.3933, 0.0026
0.3933, 0.0026
0.3933, 0.0026
0.3933, 0.0026
0.3933, 0.0026
0.3933, 0.0026
0.3933, 0.0026
0.3933, 0.0026
0.3975, 0.0026
0.3975, 0.0026
0.3975, 0.0026
0.3975, 0.0026
0.3975, 0.0026
0.3975, 0.0026
0.3975, 0.0026
0.3975, 0.0026
0.3975, 0.0026
0.4017, 0.0026
0.4017, 0.0026
0.4017, 0.0026
0.4017, 0.0026
0.4017, 0.0026
0.4017, 0.0053
0.4017, 0.0053
0.4017, 0.0053
0.4017, 0.0053
0.4017, 0.0053
0.4017, 0.0053
0.4017, 0.0053
0.4017, 0.0053
0.4059, 0.0079
0.4059, 0.0079
0.4059, 0.0079
0.4059, 0.0079
0.4059, 0.0079
0.4059, 0.0079
0.4100, 0.0079
0.4100, 0.0079
0.4100, 0.0079
0.4100, 0.0079
0.4100, 0.0079
0.4142, 0.0079
0.4142, 0.0079
0.4142, 0.0079
0.4142, 0.0079
0.4142, 0.0079
0.4142, 0.0079
0.4142, 0.0079
0.4142, 0.0079
0.4142, 0.0079
0.4142, 0.0106
0.4142, 0.0106
0.4142, 0.0106
0.4142, 0.0106
0.4142, 0.0106
0.4142, 0.0106
0.4142, 0.0106
0.4142, 0.0106
0.4184, 0.0132
0.4184, 0.0132
0.4184, 0.0132
0.4184, 0.0132
0.4184, 0.0132
0.4184, 0.0132
0.4226, 0.0159
0.4226, 0.0159
0.4226, 0.0159
0.4226, 0.0159
0.4226, 0.0159
0.4226, 0.0159
0.4226, 0.0159
0.4226, 0.0159
0.4226, 0.0159
0.4226, 0.0159
0.4226, 0.0159
0.4268, 0.0159
0.4268, 0.0159
0.4268, 0.0159
0.4268, 0.0185
0.4268, 0.0185
0.4268, 0.0185
0.4268, 0.0185
0.4268, 0.0185
0.4310, 0.0212
0.4310, 0.0212
0.4310, 0.0212
0.4351, 0.0212
0.4351, 0.0212
0.4351, 0.0212
0.4351, 0.0212
0.4351, 0.0212
0.4351, 0.0212
0.4351, 0.0212
0.4351, 0.0212
0.4351, 0.0212
0.4351, 0.0212
0.4351, 0.0212
0.4351, 0.0238
0.4351, 0.0238
0.4393, 0.0238
0.4393, 0.0238
0.4393, 0.0238
0.4393, 0.0238
0.4393, 0.0238
0.4393, 0.0238
0.4393, 0.0238
0.4393, 0.0238
0.4393, 0.0238
0.4435, 0.0265
0.4435, 0.0265
0.4435, 0.0265
0.4435, 0.0265
0.4435, 0.0265
0.4435, 0.0265
0.4435, 0.0265
0.4435, 0.0265
0.4435, 0.0291
0.4435, 0.0291
0.4435, 0.0291
0.4477, 0.0291
0.4477, 0.0291
0.4477, 0.0291
0.4477, 0.0291
0.4477, 0.0291
0.4519, 0.0291
0.4519, 0.0291
0.4519, 0.0291
0.4519, 0.0291
0.4519, 0.0291
0.4519, 0.0291
0.4561, 0.0291
0.4561, 0.0291
0.4561, 0.0317
0.4561, 0.0317
0.4561, 0.0317
0.4561, 0.0317
0.4561, 0.0317
0.4561, 0.0317
0.4561, 0.0317
0.4561, 0.0317
0.4561, 0.0317
0.4561, 0.0317
0.4603, 0.0344
0.4603, 0.0344
0.4603, 0.0344
0.4603, 0.0344
0.4603, 0.0344
0.4603, 0.0344
0.4644, 0.0344
0.4644, 0.0344
0.4644, 0.0344
0.4644, 0.0344
0.4644, 0.0344
0.4644, 0.0344
0.4644, 0.0344
0.4644, 0.0344
0.4644, 0.0370
0.4644, 0.0370
0.4644, 0.0370
0.4686, 0.0370
0.4686, 0.0370
0.4686, 0.0397
0.4686, 0.0397
0.4686, 0.0397
0.4728, 0.0397
0.4728, 0.0397
0.4728, 0.0397
0.4728, 0.0397
0.4728, 0.0397
0.4728, 0.0423
0.4728, 0.0423
0.4728, 0.0423
0.4728, 0.0423
0.4728, 0.0423
0.4728, 0.0423
0.4728, 0.0423
0.4728, 0.0423
0.4770, 0.0423
0.4770, 0.0423
0.4770, 0.0423
0.4770, 0.0450
0.4770, 0.0450
0.4770, 0.0450
0.4812, 0.0450
0.4812, 0.0450
0.4854, 0.0476
0.4854, 0.0476
0.4854, 0.0476
0.4854, 0.0476
0.4854, 0.0476
0.4854, 0.0476
0.4854, 0.0476
0.4854, 0.0476
0.4854, 0.0476
0.4895, 0.0503
0.4895, 0.0503
0.4895, 0.0529
0.4895, 0.0529
0.4895, 0.0529
0.4937, 0.0529
0.4937, 0.0529
0.4937, 0.0556
0.4937, 0.0556
0.4937, 0.0556
0.4937, 0.0556
0.4937, 0.0556
0.4937, 0.0556
0.4937, 0.0556
0.4937, 0.0556
0.4937, 0.0556
0.4937, 0.0556
0.4937, 0.0556
0.4937, 0.0556
0.4979, 0.0582
0.4979, 0.0582
0.4979, 0.0582
0.4979, 0.0582
0.4979, 0.0582
0.5021, 0.0608
0.5021, 0.0608
0.5021, 0.0608
0.5021, 0.0608
0.5021, 0.0608
0.5021, 0.0608
0.5063, 0.0608
0.5063, 0.0608
0.5063, 0.0608
0.5063, 0.0608
0.5063, 0.0635
0.5063, 0.0635
0.5063, 0.0635
0.5063, 0.0635
0.5063, 0.0635
0.5063, 0.0661
0.5063, 0.0661
0.5105, 0.0661
0.5105, 0.0661
0.5105, 0.0661
0.5105, 0.0661
0.5146, 0.0661
0.5146, 0.0661
0.5146, 0.0661
0.5146, 0.0661
0.5146, 0.0661
0.5146, 0.0688
0.5146, 0.0688
0.5146, 0.0688
0.5146, 0.0688
0.5146, 0.0688
0.5146, 0.0688
0.5146, 0.0688
0.5146, 0.0714
0.5146, 0.0714
0.5188, 0.0714
0.5188, 0.0714
0.5188, 0.0741
0.5188, 0.0741
0.5188, 0.0741
0.5188, 0.0741
0.5230, 0.0741
0.5230, 0.0741
0.5230, 0.0741
0.5230, 0.0741
0.5230, 0.0741
0.5272, 0.0767
0.5272, 0.0767
0.5272, 0.0767
0.5272, 0.0767
0.5272, 0.0767
0.5272, 0.0767
0.5272, 0.0794
0.5272, 0.0794
0.5272, 0.0794
0.5272, 0.0794
0.5272, 0.0794
0.5314, 0.0794
0.5314, 0.0794
0.5314, 0.0794
0.5314, 0.0794
0.5356, 0.0820
0.5356, 0.0820
0.5356, 0.0820
0.5356, 0.0847
0.5356, 0.0847
0.5356, 0.0847
0.5356, 0.0847
0.5356, 0.0847
0.5356, 0.0847
0.5356, 0.0873
0.5356, 0.0873
0.5397, 0.0873
0.5397, 0.0873
0.5397, 0.0873
0.5397, 0.0873
0.5397, 0.0873
0.5397, 0.0873
0.5397, 0.0873
0.5439, 0.0899
0.5439, 0.0899
0.5439, 0.0899
0.5439, 0.0899
0.5481, 0.0926
0.5481, 0.0926
0.5481, 0.0926
0.5481, 0.0926
0.5481, 0.0926
0.5481, 0.0926
0.5481, 0.0926
0.5481, 0.0952
0.5481, 0.0952
0.5523, 0.0979
0.5523, 0.0979
0.5523, 0.0979
0.5523, 0.0979
0.5523, 0.1005
0.5523, 0.1005
0.5565, 0.1005
0.5565, 0.1005
0.5565, 0.1005
0.5565, 0.1005
0.5565, 0.1005
0.5565, 0.1005
0.5565, 0.1005
0.5565, 0.1032
0.5565, 0.1032
0.5565, 0.1032
0.5565, 0.1032
0.5565, 0.1032
0.5607, 0.1058
0.5607, 0.1058
0.5607, 0.1058
0.5607, 0.1058
0.5607, 0.1058
0.5607, 0.1058
0.5649, 0.1058
0.5649, 0.1058
0.5649, 0.1085
0.5649, 0.1085
0.5690, 0.1085
0.5690, 0.1085
0.5690, 0.1085
0.5690, 0.1111
0.5690, 0.1111
0.5690, 0.1111
0.5690, 0.1111
0.5690, 0.1138
0.5690, 0.1138
0.5690, 0.1138
0.5690, 0.1138
0.5690, 0.1138
0.5690, 0.1138
0.5732, 0.1138
0.5732, 0.1138
0.5732, 0.1138
0.5732, 0.1164
0.5732, 0.1164
0.5732, 0.1164
0.5732, 0.1164
0.5774, 0.1164
0.5774, 0.1164
0.5774, 0.1190
0.5774, 0.1190
0.5774, 0.1190
0.5774, 0.1190
0.5774, 0.1190
0.5774, 0.1190
0.5774, 0.1190
0.5774, 0.1217
0.5774, 0.1217
0.5774, 0.1217
0.5774, 0.1217
0.5816, 0.1243
0.5816, 0.1243
0.5816, 0.1243
0.5816, 0.1243
0.5858, 0.1270
0.5858, 0.1270
0.5858, 0.1270
0.5858, 0.1270
0.5858, 0.1270
0.5858, 0.1270
0.5858, 0.1270
0.5900, 0.1270
0.5900, 0.1270
0.5900, 0.1296
0.5900, 0.1296
0.5900, 0.1296
0.5900, 0.1296
0.5900, 0.1323
0.5900, 0.1323
0.5900, 0.1323
0.5900, 0.1323
0.5900, 0.1323
0.5900, 0.1323
0.5900, 0.1323
0.5941, 0.1323
0.5941, 0.1323
0.5941, 0.1349
0.5941, 0.1349
0.5983, 0.1349
0.5983, 0.1349
0.5983, 0.1376
0.5983, 0.1376
0.5983, 0.1402
0.5983, 0.1402
0.6025, 0.1402
0.6025, 0.1402
0.6025, 0.1402
0.6025, 0.1402
0.6025, 0.1402
0.6067, 0.1429
0.6067, 0.1429
0.6067, 0.1429
0.6067, 0.1429
0.6067, 0.1455
0.6067, 0.1455
0.6067, 0.1455
0.6067, 0.1455
0.6109, 0.1455
0.6109, 0.1455
0.6109, 0.1481
0.6109, 0.1481
0.6109, 0.1481
0.6109, 0.1481
0.6109, 0.1481
0.6151, 0.1508
0.6151, 0.1508
0.6151, 0.1508
0.6151, 0.1508
0.6151, 0.1508
0.6151, 0.1508
0.6192, 0.1534
0.6192, 0.1534
0.6192, 0.1534
0.6192, 0.1534
0.6192, 0.1561
0.6192, 0.1561
0.6192, 0.1561
0.6192, 0.1561
0.6192, 0.1587
0.6192, 0.1587
0.6234, 0.1587
0.6234, 0.1587
0.6234, 0.1587
0.6234, 0.1587
0.6276, 0.1614
0.6276, 0.1614
0.6276, 0.1640
0.6276, 0.1640
0.6276, 0.1640
0.6276, 0.1640
0.6276, 0.1640
0.6276, 0.1640
0.6276, 0.1640
0.6276, 0.1667
0.6276, 0.1667
0.6276, 0.1667
0.6276, 0.1667
0.6318, 0.1693
0.6318, 0.1693
0.6318, 0.1693
0.6318, 0.1693
0.6318, 0.1720
0.6318, 0.1720
0.6318, 0.1720
0.6318, 0.1720
0.6360, 0.1720
0.6360, 0.1720
0.6360, 0.1720
0.6360, 0.1720
0.6360, 0.1720
0.6360, 0.1746
0.6360, 0.1746
0.6402, 0.1772
0.6402, 0.1772
0.6402, 0.1772
0.6402, 0.1772
0.6402, 0.1772
0.6402, 0.1772
0.6402, 0.1772
0.6402, 0.1772
0.6402, 0.1799
0.6402, 0.1799
0.6402, 0.1825
0.6402, 0.1825
0.6402, 0.1825
0.6402, 0.1825
0.6444, 0.1852
0.6444, 0.1852
0.6444, 0.1852
0.6444, 0.1852
0.6444, 0.1852
0.6444, 0.1852
0.6444, 0.1852
0.6444, 0.1852
0.6485, 0.1852
0.6485, 0.1852
0.6485, 0.1878
0.6485, 0.1878
0.6485, 0.1878
0.6485, 0.1878
0.6485, 0.1905
0.6485, 0.1905
0.6485, 0.1905
0.6485, 0.1905
0.6485, 0.1905
0.6485, 0.1905
0.6485, 0.1905
0.6485, 0.1905
0.6527, 0.1931
0.6527, 0.1931
0.6527, 0.1958
0.6527, 0.1958
0.6569, 0.1958
0.6569, 0.1958
0.6569, 0.1984
0.6569, 0.1984
0.6611, 0.1984
0.6611, 0.1984
0.6611, 0.1984
0.6611, 0.1984
0.6611, 0.1984
0.6611, 0.2011
0.6611, 0.2011
0.6611, 0.2011
0.6611, 0.2011
0.6611, 0.2037
0.6611, 0.2037
0.6611, 0.2037
0.6611, 0.2037
0.6611, 0.2037
0.6611, 0.2037
0.6653, 0.2037
0.6653, 0.2037
0.6653, 0.2063
0.6653, 0.2063
0.6653, 0.2063
0.6653, 0.2063
0.6695, 0.2090
0.6695, 0.2090
0.6695, 0.2116
0.6695, 0.2116
0.6695, 0.2116
0.6695, 0.2116
0.6695, 0.2116
0.6695, 0.2116
0.6736, 0.2143
0.6736, 0.2143
0.6736, 0.2143
0.6736, 0.2143
0.6736, 0.2169
0.6736, 0.2169
0.6778, 0.2169
0.6778, 0.2169
0.6778, 0.2169
0.6778, 0.2169
0.6778, 0.2196
0.6778, 0.2196
0.6778, 0.2196
0.6778, 0.2196
0.6820, 0.2222
0.6820, 0.2222
0.6820, 0.2249
0.6820, 0.2249
0.6820, 0.2249
0.6820, 0.2249
0.6820, 0.2249
0.6820, 0.2249
0.6820, 0.2249
0.6820, 0.2275
0.6820, 0.2275
0.6862, 0.2275
0.6862, 0.2275
0.6862, 0.2302
0.6862, 0.2302
0.6862, 0.2302
0.6862, 0.2302
0.6904, 0.2302
0.6904, 0.2302
0.6904, 0.2328
0.6904, 0.2328
0.6904, 0.2328
0.6904, 0.2328
0.6904, 0.2354
0.6904, 0.2354
0.6904, 0.2354
0.6904, 0.2354
0.6904, 0.2354
0.6904, 0.2354
0.6904, 0.2381
0.6904, 0.2381
0.6946, 0.2407
0.6946, 0.2407
0.6946, 0.2407
0.6946, 0.2407
0.6946, 0.2407
0.6946, 0.2434
0.6946, 0.2434
0.6987, 0.2434
0.6987, 0.2434
0.6987, 0.2434
0.6987, 0.2434
0.6987, 0.2434
0.6987, 0.2434
0.7029, 0.2460
0.7029, 0.2460
0.7029, 0.2460
0.7029, 0.2460
0.7029, 0.2460
0.7029, 0.2460
0.7029, 0.2460
0.7029, 0.2460
0.7029, 0.2460
0.7029, 0.2487
0.7029, 0.2487
0.7029, 0.2487
0.7029, 0.2487
0.7029, 0.2487
0.7029, 0.2487
0.7029, 0.2487
0.7029, 0.2487
0.7029, 0.2487
0.7029, 0.2487
0.7029, 0.2487
0.7029, 0.2513
0.7029, 0.2513
0.7071, 0.2513
0.7071, 0.2513
0.7071, 0.2540
0.7071, 0.2540
0.7071, 0.2540
0.7071, 0.2540
0.7113, 0.2566
0.7113, 0.2566
0.7113, 0.2566
0.7113, 0.2566
0.7113, 0.2566
0.7113, 0.2566
0.7113, 0.2566
0.7113, 0.2566
0.7113, 0.2566
0.7113, 0.2566
0.7113, 0.2566
0.7113, 0.2593
0.7155, 0.2593
0.7155, 0.2593
0.7155, 0.2593
0.7155, 0.2619
0.7155, 0.2619
0.7155, 0.2619
0.7155, 0.2619
0.7197, 0.2619
0.7197, 0.2619
0.7197, 0.2646
0.7197, 0.2646
0.7238, 0.2646
0.7238, 0.2672
0.7238, 0.2672
0.7238, 0.2672
0.7238, 0.2672
0.7238, 0.2698
0.7238, 0.2698
0.7238, 0.2698
0.7238, 0.2698
0.7280, 0.2698
0.7280, 0.2698
0.7280, 0.2698
0.7280, 0.2698
0.7280, 0.2698
0.7280, 0.2725
0.7280, 0.2725
0.7322, 0.2751
0.7322, 0.2751
0.7322, 0.2751
0.7322, 0.2751
0.7322, 0.2751
0.7322, 0.2751
0.7322, 0.2751
0.7322, 0.2751
0.7364, 0.2778
0.7364, 0.2778
0.7364, 0.2804
0.7364, 0.2804
0.7364, 0.2804
0.7364, 0.2804
0.7364, 0.2804
0.7364, 0.2804
0.7406, 0.2831
0.7406, 0.2831
0.7406, 0.2831
0.7406, 0.2831
0.7406, 0.2831
0.7406, 0.2831
0.7406, 0.2831
0.7406, 0.2831
0.7406, 0.2831
0.7406, 0.2831
0.7406, 0.2831
0.7406, 0.2857
0.7406, 0.2857
0.7406, 0.2857
0.7406, 0.2857
0.7448, 0.2884
0.7448, 0.2884
0.7448, 0.2884
0.7448, 0.2884
0.7448, 0.2884
0.7448, 0.2884
0.7448, 0.2884
0.7490, 0.2884
0.7490, 0.2884
0.7490, 0.2884
0.7490, 0.2884
0.7490, 0.2884
0.7490, 0.2884
0.7490, 0.2910
0.7490, 0.2910
0.7531, 0.2910
0.7531, 0.2910
0.7531, 0.2937
0.7531, 0.2937
0.7531, 0.2937
0.7531, 0.2937
0.7531, 0.2963
0.7531, 0.2963
0.7531, 0.2963
0.7531, 0.2963
0.7531, 0.2963
0.7531, 0.2963
0.7573, 0.2963
0.7573, 0.2963
0.7573, 0.2989
0.7573, 0.2989
0.7615, 0.2989
0.7615, 0.2989
0.7615, 0.2989
0.7615, 0.3016
0.7615, 0.3016
0.7615, 0.3016
0.7615, 0.3016
0.7615, 0.3016
0.7615, 0.3016
0.7615, 0.3016
0.7615, 0.3016
0.7615, 0.3016
0.7615, 0.3016
0.7615, 0.3016
0.7615, 0.3016
0.7615, 0.3016
0.7615, 0.3042
0.7615, 0.3042
0.7657, 0.3042
0.7657, 0.3042
0.7657, 0.3042
0.7657, 0.3042
0.7699, 0.3069
0.7699, 0.3069
0.7699, 0.3095
0.7699, 0.3095
0.7699, 0.3095
0.7699, 0.3095
0.7741, 0.3095
0.7741, 0.3095
0.7741, 0.3095
0.7741, 0.3095
0.7741, 0.3095
0.7741, 0.3095
0.7741, 0.3122
0.7741, 0.3122
0.7741, 0.3122
0.7741, 0.3122
0.7741, 0.3122
0.7741, 0.3122
0.7782, 0.3148
0.7782, 0.3148
0.7782, 0.3148
0.7782, 0.3148
0.7782, 0.3148
0.7782, 0.3148
0.7782, 0.3148
0.7824, 0.3148
0.7824, 0.3148
0.7824, 0.3175
0.7824, 0.3175
0.7824, 0.3201
0.7824, 0.3201
0.7824, 0.3201
0.7824, 0.3201
0.7824, 0.3201
0.7824, 0.3201
0.7866, 0.3201
0.7866, 0.3201
0.7866, 0.3201
0.7866, 0.3201
0.7866, 0.3201
0.7908, 0.3228
0.7908, 0.3228
0.7950, 0.3254
0.7950, 0.3280
0.7950, 0.3280
0.7950, 0.3280
0.7950, 0.3280
0.7950, 0.3280
0.7950, 0.3280
0.7950, 0.3280
0.7950, 0.3280
0.7992, 0.3280
0.7992, 0.3280
0.7992, 0.3280
0.7992, 0.3280
0.7992, 0.3280
0.7992, 0.3280
0.8033, 0.3307
0.8033, 0.3307
0.8033, 0.3307
0.8033, 0.3307
0.8033, 0.3333
0.8033, 0.3333
0.8033, 0.3333
0.8033, 0.3333
0.8033, 0.3333
0.8075, 0.3333
0.8075, 0.3333
0.8075, 0.3333
0.8075, 0.3333
0.8117, 0.3333
0.8117, 0.3333
0.8117, 0.3360
0.8117, 0.3360
0.8117, 0.3360
0.8117, 0.3360
0.8159, 0.3360
0.8159, 0.3360
0.8159, 0.3386
0.8159, 0.3386
0.8159, 0.3386
0.8159, 0.3386
0.8159, 0.3386
0.8159, 0.3386
0.8159, 0.3386
0.8159, 0.3386
0.8159, 0.3413
0.8159, 0.3413
0.8159, 0.3413
0.8159, 0.3413
0.8201, 0.3413
0.8201, 0.3413
0.8201, 0.3413
0.8201, 0.3413
0.8201, 0.3413
0.8201, 0.3413
0.8201, 0.3413
0.8243, 0.3413
0.8243, 0.3413
0.8243, 0.3413
0.8243, 0.3413
0.8243, 0.3413
0.8243, 0.3413
0.8243, 0.3439
0.8243, 0.3439
0.8243, 0.3439
0.8243, 0.3439
0.8243, 0.3439
0.8243, 0.3439
0.8243, 0.3439
0.8243, 0.3439
0.8285, 0.3466
0.8285, 0.3466
0.8285, 0.3466
0.8285, 0.3466
0.8285, 0.3466
0.8285, 0.3466
0.8285, 0.3466
0.8326, 0.3466
0.8326, 0.3466
0.8326, 0.3466
0.8326, 0.3466
0.8368, 0.3466
0.8368, 0.3466
0.8368, 0.3466
0.8368, 0.3466
0.8368, 0.3466
0.8368, 0.3466
0.8368, 0.3466
0.8368, 0.3466
0.8368, 0.3466
0.8368, 0.3466
0.8368, 0.3492
0.8368, 0.3492
0.8410, 0.3492
0.8410, 0.3492
0.8410, 0.3492
0.8410, 0.3492
0.8452, 0.3492
0.8452, 0.3492
0.8452, 0.3492
0.8452, 0.3492
0.8452, 0.3492
0.8452, 0.3492
0.8494, 0.3492
0.8494, 0.3492
0.8536, 0.3519
0.8536, 0.3519
0.8577, 0.3519
0.8577, 0.3519
0.8577, 0.3519
0.8577, 0.3519
0.8577, 0.3519
0.8577, 0.3519
0.8577, 0.3519
0.8577, 0.3519
0.8619, 0.3519
0.8619, 0.3519
0.8661, 0.3519
0.8661, 0.3519
0.8661, 0.3519
0.8661, 0.3519
0.8661, 0.3519
0.8661, 0.3519
0.8661, 0.3519
0.8661, 0.3519
0.8703, 0.3519
0.8703, 0.3519
0.8745, 0.3519
0.8745, 0.3519
0.8745, 0.3519
0.8745, 0.3519
0.8745, 0.3519
0.8745, 0.3519
0.8787, 0.3519
0.8787, 0.3519
0.8787, 0.3519
0.8787, 0.3519
0.8828, 0.3519
0.8828, 0.3519
0.8870, 0.3519
0.8870, 0.3519
0.8870, 0.3519
0.8870, 0.3519
0.8870, 0.3519
0.8870, 0.3519
0.8912, 0.3519
0.8912, 0.3519
0.8954, 0.3519
0.8954, 0.3519
0.8954, 0.3519
0.8996, 0.3519
0.8996, 0.3519
0.9038, 0.3519
0.9038, 0.3519
0.9079, 0.3519
0.9079, 0.3519
0.9079, 0.3519
0.9079, 0.3519
0.9121, 0.3519
0.9121, 0.3519
0.9121, 0.3519
0.9121, 0.3519
0.9163, 0.3519
0.9163, 0.3519
0.9163, 0.3519
0.9163, 0.3519
0.9163, 0.3519
0.9163, 0.3519
0.9163, 0.3519
0.9163, 0.3519
0.9163, 0.3519
0.9163, 0.3519
0.9163, 0.3519
0.9163, 0.3519
0.9163, 0.3519
0.9163, 0.3519
0.9163, 0.3519
0.9205, 0.3519
0.9205, 0.3519
0.9205, 0.3519
0.9205, 0.3519
0.9247, 0.3519
0.9247, 0.3519
0.9247, 0.3492
0.9247, 0.3492
0.9289, 0.3492
0.9289, 0.3492
0.9289, 0.3492
0.9289, 0.3492
0.9331, 0.3492
0.9331, 0.3492
0.9372, 0.3492
0.9372, 0.3492
0.9372, 0.3492
0.9372, 0.3492
0.9372, 0.3466
0.9372, 0.3466
0.9414, 0.3466
0.9414, 0.3466
0.9414, 0.3466
0.9414, 0.3466
0.9414, 0.3466
0.9414, 0.3466
0.9456, 0.3466
0.9456, 0.3439
0.9456, 0.3439
0.9456, 0.3439
0.9456, 0.3439
0.9498, 0.3439
0.9498, 0.3439
0.9498, 0.3439
0.9498, 0.3439
0.9498, 0.3439
0.9498, 0.3439
0.9498, 0.3439
0.9498, 0.3439
0.9498, 0.3439
0.9540, 0.3413
0.9582, 0.3386
0.9582, 0.3386
0.9582, 0.3386
0.9582, 0.3386
0.9623, 0.3360
0.9623, 0.3360
0.9623, 0.3360
0.9623, 0.3360
0.9665, 0.3360
0.9665, 0.3360
0.9707, 0.3333
0.9707, 0.3333
0.9707, 0.3333
0.9707, 0.3333
0.9707, 0.3307
0.9707, 0.3307
0.9707, 0.3307
0.9707, 0.3307
0.9707, 0.3307
0.9707, 0.3307
0.9749, 0.3280
0.9749, 0.3280
0.9749, 0.3280
0.9749, 0.3280
0.9791, 0.3254
0.9791, 0.3254
0.9791, 0.3254
0.9791, 0.3254
0.9791, 0.3228
0.9791, 0.3228
0.9791, 0.3228
0.9791, 0.3228
0.9833, 0.3228
0.9833, 0.3228
0.9833, 0.3201
0.9833, 0.3201
0.9874, 0.3201
0.9874, 0.3201
0.9874, 0.3175
0.9874, 0.3175
0.9874, 0.3175
0.9874, 0.3175
0.9916, 0.3175
0.9916, 0.3148
0.9916, 0.3148
0.9916, 0.3148
0.9916, 0.3148
0.9916, 0.3122
0.9916, 0.3122
0.9916, 0.3122
0.9916, 0.3122
0.9916, 0.3122
0.9916, 0.3122
0.9916, 0.3122
0.9916, 0.3122
0.9916, 0.3122
0.9916, 0.3122
0.9958, 0.3095
0.9958, 0.3095
0.9958, 0.3095
0.9958, 0.3095
0.9958, 0.3095
0.9958, 0.3095
0.9958, 0.3095
0.9958, 0.3095
0.9958, 0.3069
0.9958, 0.3069
0.9958, 0.3069
0.9958, 0.3069
1.0000, 0.3042
1.0000, 0.3042
1.0000, 0.3042
1.0000, 0.3042
1.0000, 0.3042
1.0000, 0.3042
1.0000, 0.3042
1.0000, 0.3042
1.0000, 0.3042
1.0000, 0.3042
1.0000, 0.3016
1.0000, 0.3016
1.0000, 0.3016
1.0000, 0.3016
1.0000, 0.3016
1.0000, 0.3016
1.0000, 0.3016
1.0000, 0.3016
1.0000, 0.3016
1.0000, 0.3016
1.0000, 0.3016
1.0000, 0.3016
1.0000, 0.3016
1.0000, 0.3016
1.0000, 0.3016
1.0000, 0.3016
1.0000, 0.3016
1.0000, 0.3016
1.0000, 0.3016
1.0000, 0.3016
1.0000, 0.3016
0.1297, 0.3175
0.1297, 0.3175
0.1297, 0.3175
0.1297, 0.3175
0.1297, 0.3175
0.1297, 0.3175
0.1297, 0.3175
0.1297, 0.3175
0.1297, 0.3175
0.1297, 0.3175
0.1297, 0.3175
0.1297, 0.3175
0.1297, 0.3175
0.1297, 0.3175
0.1297, 0.3175
0.1297, 0.3175
0.1297, 0.3175
0.1297, 0.3175
0.1297, 0.3175
0.1297, 0.3175
0.1297, 0.3175
0.1297, 0.3175
0.1297, 0.3175
0.1297, 0.3175
0.1297, 0.3175
0.1297, 0.3175
0.1297, 0.3175
0.1297, 0.3175
0.1297, 0.3175
0.1297, 0.3175
0.1297, 0.3175
0.1297, 0.3175
0.1297, 0.3175
0.1339, 0.3175
0.1339, 0.3175
0.1339, 0.3175
0.1339, 0.3175
0.1339, 0.3175
0.1339, 0.3175
0.1339, 0.3175
0.1381, 0.3175
0.1381, 0.3175
0.1381, 0.3175
0.1381, 0.3175
0.1381, 0.3175
0.1381, 0.3175
0.1423, 0.3175
0.1423, 0.3175
0.1464, 0.3175
0.1464, 0.3175
0.1464, 0.3175
0.1506, 0.3175
0.1506, 0.3175
0.1506, 0.3175
0.1506, 0.3175
0.1506, 0.3175
0.1506, 0.3175
0.1506, 0.3175
0.1506, 0.3175
0.1506, 0.3175
0.1506, 0.3175
0.1548, 0.3175
0.1548, 0.3175
0.1548, 0.3175
0.1590, 0.3175
0.1590, 0.3175
0.1590, 0.3175
0.1590, 0.3175
0.1590, 0.3175
0.1590, 0.3175
0.1632, 0.3175
0.1632, 0.3175
0.1632, 0.3175
0.1674, 0.3175
0.1674, 0.3175
0.1674, 0.3175
0.1715, 0.3175
0.1715, 0.3175
0.1715, 0.3175
0.1715, 0.3175
0.1715, 0.3175
0.1715, 0.3175
0.1715, 0.3175
0.1715, 0.3175
0.1715, 0.3175
0.1715, 0.3175
0.1757, 0.3175
0.1757, 0.3175
0.1757, 0.3175
0.1757, 0.3175
0.1757, 0.3175
0.1757, 0.3175
0.1757, 0.3175
0.1799, 0.3175
0.1799, 0.3175
0.1799, 0.3175
0.1799, 0.3175
0.1799, 0.3175
0.1799, 0.3175
0.1799, 0.3175
0.1799, 0.3175
0.1799, 0.3175
0.1799, 0.3175
0.1799, 0.3175
0.1799, 0.3175
0.1841, 0.3175
0.1841, 0.3175
0.1841, 0.3175
0.1883, 0.3175
0.1883, 0.3175
0.1883, 0.3175
0.1883, 0.3175
0.1883, 0.3175
0.1883, 0.3175
0.1925, 0.3175
0.1925, 0.3175
0.1925, 0.3175
0.1925, 0.3175
0.1925, 0.3175
0.1925, 0.3175
0.1925, 0.3175
0.1925, 0.3175
0.1925, 0.3175
0.1967, 0.3175
0.1967, 0.3175
0.1967, 0.3175
0.1967, 0.3175
0.1967, 0.3175
0.1967, 0.3175
0.1967, 0.3175
0.2008, 0.3175
0.2008, 0.3175
0.2008, 0.3175
0.2008, 0.3175
0.2008, 0.3175
0.2008, 0.3175
0.2050, 0.3175
0.2050, 0.3175
0.2050, 0.3175
0.2092, 0.3175
0.2092, 0.3175
0.2092, 0.3175
0.2134, 0.3175
0.2134, 0.3175
0.2134, 0.3175
0.2134, 0.3175
0.2134, 0.3175
0.2134, 0.3175
0.2134, 0.3175
0.2134, 0.3175
0.2134, 0.3175
0.2134, 0.3175
0.2134, 0.3175
0.2134, 0.3175
0.2134, 0.3175
0.2176, 0.3175
0.2176, 0.3175
0.2176, 0.3175
0.2218, 0.3175
0.2218, 0.3175
0.2218, 0.3175
0.2218, 0.3175
0.2218, 0.3175
0.2218, 0.3175
0.2218, 0.3175
0.2218, 0.3175
0.2218, 0.3175
0.2218, 0.3175
0.2259, 0.3175
0.2259, 0.3175
0.2301, 0.3175
0.2301, 0.3175
0.2301, 0.3175
0.2301, 0.3175
0.2301, 0.3175
0.2301, 0.3175
0.2343, 0.3175
0.2343, 0.3175
0.2343, 0.3175
0.2343, 0.3175
0.2343, 0.3175
0.2343, 0.3175
0.2343, 0.3175
0.2343, 0.3175
0.2343, 0.3175
0.2385, 0.3175
0.2385, 0.3175
0.2385, 0.3175
0.2385, 0.3175
0.2385, 0.3175
0.2385, 0.3175
0.2427, 0.3175
0.2427, 0.3175
0.2427, 0.3175
0.2427, 0.3175
0.2427, 0.3175
0.2427, 0.3175
0.2427, 0.3175
0.2427, 0.3175
0.2427, 0.3175
0.2469, 0.3175
0.2469, 0.3175
0.2469, 0.3175
0.2469, 0.3175
0.2469, 0.3175
0.2469, 0.3175
0.2510, 0.3175
0.2510, 0.3175
0.2510, 0.3175
0.2552, 0.3175
0.2552, 0.3175
0.2552, 0.3175
0.2552, 0.3175
0.2552, 0.3175
0.2552, 0.3175
0.2552, 0.3175
0.2552, 0.3175
0.2552, 0.3175
0.2552, 0.3175
0.2552, 0.3175
0.2552, 0.3175
0.2594, 0.3175
0.2594, 0.3175
0.2594, 0.3175
0.2636, 0.3175
0.2636, 0.3175
0.2636, 0.3175
0.2636, 0.3175
0.2636, 0.3175
0.2636, 0.3175
0.2636, 0.3175
0.2636, 0.3175
0.2636, 0.3175
0.2636, 0.3175
0.2636, 0.3175
0.2636, 0.3175
0.2636, 0.3175
0.2636, 0.3175
0.2636, 0.3175
0.2636, 0.3175
0.2636, 0.3175
0.2636, 0.3175
0.2636, 0.3175
0.2636, 0.3175
0.2636, 0.3175
0.2636, 0.3175
0.2636, 0.3175
0.2678, 0.3175
0.2678, 0.3175
0.2678, 0.3175
0.2678, 0.3175
0.2678, 0.3175
0.2720, 0.3175
0.2720, 0.3175
0.2720, 0.3175
0.2720, 0.3175
0.2720, 0.3175
0.2720, 0.3175
0.2720, 0.3175
0.2720, 0.3175
0.2720, 0.3175
0.2720, 0.3175
0.2762, 0.3175
0.2762, 0.3175
0.2803, 0.3175
0.2803, 0.3175
0.2803, 0.3175
0.2803, 0.3175
0.2803, 0.3175
0.2803, 0.3175
0.2803, 0.3175
0.2845, 0.3175
0.2845, 0.3175
0.2845, 0.3175
0.2845, 0.3175
0.2845, 0.3175
0.2845, 0.3175
0.2845, 0.3175
0.2845, 0.3175
0.2845, 0.3175
0.2845, 0.3175
0.2845, 0.3175
0.2845, 0.3175
0.2887, 0.3175
0.2887, 0.3175
0.2887, 0.3175
0.2887, 0.3175
0.2887, 0.3175
0.2887, 0.3175
0.2929, 0.3175
0.2929, 0.3175
0.2929, 0.3175
0.2929, 0.3175
0.2929, 0.3175
0.2929, 0.3175
0.2971, 0.3175
0.2971, 0.3175
0.2971, 0.3175
0.2971, 0.3175
0.2971, 0.3175
0.2971, 0.3175
0.3013, 0.3175
0.3013, 0.3175
0.3013, 0.3175
0.3054, 0.3175
0.3054, 0.3175
0.3054, 0.3175
0.3054, 0.3175
0.3054, 0.3175
0.3054, 0.3175
0.3096, 0.3175
0.3096, 0.3175
0.3096, 0.3175
0.3096, 0.3175
0.3096, 0.3175
0.3096, 0.3175
0.3096, 0.3175
0.3138, 0.3175
0.3138, 0.3175
0.3138, 0.3175
0.3138, 0.3175
0.3138, 0.3175
0.3138, 0.3175
0.3138, 0.3175
0.3138, 0.3175
0.3138, 0.3175
0.3180, 0.3175
0.3180, 0.3175
0.3180, 0.3175
0.3180, 0.3175
0.3180, 0.3175
0.3180, 0.3175
0.3222, 0.3175
0.3222, 0.3175
0.3222, 0.3175
0.3264, 0.3175
0.3264, 0.3175
0.3264, 0.3175
0.3264, 0.3175
0.3264, 0.3175
0.3264, 0.3175
0.3264, 0.3175
0.3264, 0.3175
0.3264, 0.3175
0.3305, 0.3175
0.3305, 0.3175
0.3347, 0.3175
0.3347, 0.3175
0.3347, 0.3175
0.3347, 0.3175
0.3347, 0.3175
0.3347, 0.3175
0.3389, 0.3175
0.3389, 0.3175
0.3389, 0.3175
0.3431, 0.3175
0.3431, 0.3175
0.3431, 0.3175
0.3431, 0.3175
0.3431, 0.3175
0.3431, 0.3175
0.3473, 0.3175
0.3473, 0.3175
0.3473, 0.3175
0.3473, 0.3175
0.3473, 0.3175
0.3473, 0.3175
0.3473, 0.3175
0.3473, 0.3175
0.3473, 0.3175
0.3473, 0.3175
0.3473, 0.3175
0.3473, 0.3175
0.3473, 0.3175
0.3473, 0.3175
0.3473, 0.3175
0.3473, 0.3175
0.3515, 0.3175
0.3515, 0.3175
0.3515, 0.3175
0.3515, 0.3175
0.3515, 0.3175
0.3556, 0.3175
0.3556, 0.3175
0.3556, 0.3175
0.3556, 0.3175
0.3556, 0.3175
0.3556, 0.3175
0.3556, 0.3175
0.3556, 0.3175
0.3556, 0.3175
0.3556, 0.3175
0.3598, 0.3175
0.3598, 0.3175
0.3640, 0.3175
0.3640, 0.3175
0.3640, 0.3175
0.3682, 0.3175
0.3682, 0.3175
0.3682, 0.3175
0.3682, 0.3175
0.3682, 0.3175
0.3682, 0.3175
0.3682, 0.3175
0.3682, 0.3175
0.3682, 0.3175
0.3682, 0.3175
0.3682, 0.3175
0.3682, 0.3175
0.3682, 0.3175
0.3724, 0.3175
0.3724, 0.3175
0.3724, 0.3175
0.3724, 0.3175
0.3724, 0.3175
0.3724, 0.3175
0.3766, 0.3175
0.3766, 0.3175
0.3766, 0.3175
0.3766, 0.3175
0.3766, 0.3175
0.3766, 0.3175
0.3808, 0.3175
0.3808, 0.3175
0.3849, 0.3175
0.3849, 0.3175
0.3849, 0.3175
0.3849, 0.3175
0.3849, 0.3175
0.3849, 0.3175
0.3849, 0.3175
0.3891, 0.3148
0.3891, 0.3148
0.3891, 0.3148
0.3891, 0.3148
0.3891, 0.3148
0.3891, 0.3148
0.3891, 0.3148
0.3891, 0.3148
0.3891, 0.3148
0.3891, 0.3148
0.3891, 0.3148
0.3891, 0.3148
0.3891, 0.3148
0.3891, 0.3148
0.3933, 0.3148
0.3933, 0.3148
0.3933, 0.3148
0.3933, 0.3148
0.3933, 0.3148
0.3933, 0.3148
0.3975, 0.3148
0.3975, 0.3148
0.3975, 0.3148
0.3975, 0.3148
0.3975, 0.3148
0.3975, 0.3148
0.3975, 0.3148
0.3975, 0.3148
0.3975, 0.3148
0.4017, 0.3148
0.4017, 0.3148
0.4017, 0.3148
0.4017, 0.3148
0.4017, 0.3148
0.4017, 0.3148
0.4059, 0.3148
0.4059, 0.3148
0.4059, 0.3148
0.4059, 0.3148
0.4059, 0.3148
0.4059, 0.3148
0.4059, 0.3148
0.4059, 0.3148
0.4059, 0.3148
0.4059, 0.3148
0.4059, 0.3148
0.4059, 0.3148
0.4059, 0.3148
0.4059, 0.3148
0.4059, 0.3148
0.4059, 0.3148
0.4059, 0.3148
0.4059, 0.3148
0.4059, 0.3148
0.4059, 0.3148
0.4059, 0.3148
0.4059, 0.3148
0.4059, 0.3148
0.4059, 0.3148
0.4100, 0.3148
0.4100, 0.3148
0.4100, 0.3148
0.4100, 0.3148
0.4100, 0.3148
0.4100, 0.3148
0.4142, 0.3148
0.4142, 0.3148
0.4184, 0.3148
0.4184, 0.3148
0.4184, 0.3148
0.4184, 0.3148
0.4184, 0.3148
0.4184, 0.3148
0.4226, 0.3148
0.4226, 0.3148
0.4268, 0.3148
0.4268, 0.3148
0.4268, 0.3148
0.4268, 0.3148
0.4268, 0.3148
0.4268, 0.3148
0.4310, 0.3148
0.4310, 0.3148
0.4310, 0.3148
0.4310, 0.3148
0.4310, 0.3148
0.4310, 0.3148
0.4351, 0.3148
0.4351, 0.3148
0.4351, 0.3148
0.4393, 0.3148
0.4393, 0.3148
0.4393, 0.3148
0.4393, 0.3148
0.4393, 0.3148
0.4393, 0.3148
0.4393, 0.3148
0.4393, 0.3148
0.4393, 0.3148
0.4393, 0.3148
0.4393, 0.3148
0.4393, 0.3148
0.4435, 0.3148
0.4435, 0.3148
0.4435, 0.3148
0.4477, 0.3148
0.4477, 0.3148
0.4477, 0.3148
0.4477, 0.3148
0.4477, 0.3148
0.4477, 0.3148
0.4477, 0.3148
0.4477, 0.3148
0.4477, 0.3148
0.4477, 0.3148
0.4477, 0.3148
0.4519, 0.3148
0.4519, 0.3148
0.4519, 0.3148
0.4519, 0.3148
0.4519, 0.3148
0.4561, 0.3148
0.4561, 0.3148
0.4561, 0.3148
0.4561, 0.3148
0.4561, 0.3148
0.4561, 0.3148
0.4603, 0.3148
0.4603, 0.3148
0.4603, 0.3148
0.4603, 0.3148
0.4603, 0.3148
0.4603, 0.3148
0.4603, 0.3148
0.4603, 0.3148
0.4603, 0.3148
0.4603, 0.3148
0.4603, 0.3148
0.4603, 0.3148
0.4603, 0.3148
0.4603, 0.3148
0.4603, 0.3148
0.4603, 0.3148
0.4603, 0.3148
0.4603, 0.3148
0.4603, 0.3148
0.4603, 0.3148
0.4603, 0.3148
0.4603, 0.3148
0.4603, 0.3148
0.4603, 0.3148
0.4644, 0.3148
0.4644, 0.3148
0.4644, 0.3148
0.4644, 0.3148
0.4644, 0.3148
0.4644, 0.3148
0.4686, 0.3148
0.4686, 0.3148
0.4686, 0.3148
0.4686, 0.3148
0.4686, 0.3148
0.4686, 0.3148
0.4686, 0.3148
0.4686, 0.3148
0.4686, 0.3148
0.4686, 0.3148
0.4686, 0.3148
0.4686, 0.3148
0.4686, 0.3148
0.4686, 0.3148
0.4686, 0.3148
0.4686, 0.3148
0.4686, 0.3148
0.4686, 0.3148
0.4686, 0.3148
0.4686, 0.3148
0.4686, 0.3148
0.4686, 0.3148
0.4686, 0.3148
0.4686, 0.3148
0.4686, 0.3148
0.4686, 0.3148
0.4686, 0.3148
0.4686, 0.3148
0.4686, 0.3148
0.4686, 0.3148
0.4686, 0.3148
0.4686, 0.3148
0.4686, 0.3148
0.4686, 0.3148
0.4686, 0.3148
0.4686, 0.3148
0.4686, 0.3148
0.4686, 0.3148
0.4686, 0.3148
0.4686, 0.3148
0.4686, 0.3148
0.4686, 0.3148
0.4686, 0.3148
0.4686, 0.3148
0.4686, 0.3148
0.4686, 0.3148
0.4686, 0.3148
0.4686, 0.3148
0.4686, 0.3148
0.4686, 0.3148
0.4686, 0.3148
0.4686, 0.3148
0.4686, 0.3148
0.4686, 0.3148
0.4686, 0.3148
0.4686, 0.3148
0.4686, 0.3148
0.4686, 0.3148
0.4686, 0.3148
0.4686, 0.3148
0.4686, 0.3148
0.4686, 0.3148
0.4686, 0.3148
0.4686, 0.3148
0.4686, 0.3148
0.4686, 0.3148
0.4686, 0.3148
0.4686, 0.3148
0.4686, 0.3148
0.1339, 0.2275
0.1339, 0.2275
0.1339, 0.2275
0.1339, 0.2275
0.1339, 0.2275
0.1339, 0.2275
0.1339, 0.2275
0.1339, 0.2275
0.1339, 0.2275
0.1339, 0.2275
0.1339, 0.2275
0.1339, 0.2275
0.1339, 0.2275
0.1339, 0.2275
0.1339, 0.2275
0.1339, 0.2275
0.1339, 0.2275
0.1339, 0.2275
0.1339, 0.2275
0.1339, 0.2275
0.1339, 0.2275
0.1339, 0.2275
0.1339, 0.2275
0.1339, 0.2275
0.1339, 0.2275
0.1339, 0.2275
0.1339, 0.2275
0.1339, 0.2275
0.1339, 0.2275
0.1339, 0.2275
0.1339, 0.2275
0.1339, 0.2275
0.1339, 0.2275
0.1339, 0.2275
0.1339, 0.2275
0.1339, 0.2275
0.1339, 0.2275
0.1339, 0.2275
0.1339, 0.2275
0.1339, 0.2275
0.1339, 0.2275
0.1339, 0.2275
0.1339, 0.2275
0.1339, 0.2275
0.1339, 0.2275
0.1339, 0.2275
0.1339, 0.2275
0.1339, 0.2275
0.1339, 0.2275
0.1339, 0.2275
0.1339, 0.2275
0.1339, 0.2275
0.1339, 0.2275
0.1339, 0.2275
0.1339, 0.2275
0.1381, 0.2275
0.1381, 0.2275
0.1381, 0.2275
0.1381, 0.2275
0.1381, 0.2275
0.1381, 0.2275
0.1381, 0.2275
0.1381, 0.2275
0.1381, 0.2275
0.1381, 0.2275
0.1423, 0.2275
0.1423, 0.2275
0.1423, 0.2275
0.1423, 0.2275
0.1423, 0.2275
0.1423, 0.2275
0.1464, 0.2275
0.1464, 0.2275
0.1464, 0.2275
0.1464, 0.2275
0.1464, 0.2275
0.1464, 0.2275
0.1464, 0.2275
0.1464, 0.2275
0.1464, 0.2275
0.1464, 0.2275
0.1506, 0.2275
0.1506, 0.2275
0.1506, 0.2275
0.1506, 0.2275
0.1506, 0.2275
0.1506, 0.2275
0.1506, 0.2275
0.1506, 0.2275
0.1506, 0.2275
0.1506, 0.2275
0.1548, 0.2275
0.1548, 0.2275
0.1548, 0.2275
0.1548, 0.2275
0.1548, 0.2275
0.1548, 0.2275
0.1590, 0.2275
0.1590, 0.2275
0.1590, 0.2275
0.1590, 0.2275
0.1590, 0.2275
0.1590, 0.2275
0.1590, 0.2275
0.1590, 0.2275
0.1590, 0.2275
0.1632, 0.2275
0.1632, 0.2275
0.1632, 0.2275
0.1674, 0.2275
0.1674, 0.2275
0.1674, 0.2275
0.1674, 0.2275
0.1674, 0.2275
0.1674, 0.2275
0.1674, 0.2275
0.1674, 0.2275
0.1674, 0.2275
0.1674, 0.2275
0.1674, 0.2275
0.1674, 0.2275
0.1674, 0.2275
0.1674, 0.2275
0.1674, 0.2275
0.1715, 0.2275
0.1715, 0.2275
0.1715, 0.2275
0.1715, 0.2275
0.1715, 0.2275
0.1715, 0.2275
0.1757, 0.2275
0.1757, 0.2275
0.1757, 0.2275
0.1757, 0.2275
0.1757, 0.2275
0.1757, 0.2275
0.1757, 0.2275
0.1757, 0.2275
0.1757, 0.2275
0.1799, 0.2275
0.1799, 0.2275
0.1799, 0.2275
0.1799, 0.2275
0.1799, 0.2275
0.1799, 0.2275
0.1799, 0.2275
0.1799, 0.2275
0.1799, 0.2275
0.1799, 0.2275
0.1841, 0.2275
0.1841, 0.2275
0.1841, 0.2275
0.1883, 0.2275
0.1883, 0.2275
0.1883, 0.2275
0.1883, 0.2275
0.1883, 0.2275
0.1883, 0.2275
0.1883, 0.2275
0.1883, 0.2275
0.1883, 0.2275
0.1925, 0.2275
0.1925, 0.2275
0.1925, 0.2275
0.1967, 0.2275
0.1967, 0.2275
0.1967, 0.2275
0.1967, 0.2275
0.1967, 0.2275
0.1967, 0.2275
0.2008, 0.2275
0.2008, 0.2275
0.2008, 0.2275
0.2008, 0.2275
0.2008, 0.2275
0.2008, 0.2275
0.2008, 0.2275
0.2008, 0.2275
0.2008, 0.2275
0.2008, 0.2275
0.2008, 0.2275
0.2008, 0.2275
0.2008, 0.2275
0.2008, 0.2275
0.2008, 0.2275
0.2008, 0.2275
0.2008, 0.2275
0.2008, 0.2275
0.2008, 0.2275
0.2050, 0.2275
0.2050, 0.2275
0.2050, 0.2275
0.2092, 0.2275
0.2092, 0.2275
0.2092, 0.2275
0.2092, 0.2275
0.2092, 0.2275
0.2092, 0.2275
0.2092, 0.2275
0.2092, 0.2275
0.2092, 0.2275
0.2134, 0.2275
0.2134, 0.2275
0.2134, 0.2275
0.2134, 0.2275
0.2134, 0.2275
0.2134, 0.2275
0.2176, 0.2275
0.2176, 0.2275
0.2176, 0.2275
0.2218, 0.2275
0.2218, 0.2275
0.2218, 0.2275
0.2218, 0.2275
0.2218, 0.2275
0.2218, 0.2275
0.2218, 0.2275
0.2218, 0.2275
0.2218, 0.2275
0.2218, 0.2275
0.2218, 0.2275
0.2218, 0.2275
0.2218, 0.2275
0.2218, 0.2275
0.2218, 0.2275
0.2218, 0.2275
0.2259, 0.2275
0.2259, 0.2275
0.2259, 0.2275
0.2301, 0.2275
0.2301, 0.2275
0.2301, 0.2275
0.2301, 0.2275
0.2301, 0.2275
0.2301, 0.2275
0.2301, 0.2275
0.2301, 0.2275
0.2301, 0.2275
0.2343, 0.2275
0.2343, 0.2275
0.2343, 0.2275
0.2385, 0.2275
0.2385, 0.2275
0.2385, 0.2275
0.2427, 0.2275
0.2427, 0.2275
0.2427, 0.2275
0.2427, 0.2275
0.2427, 0.2275
0.2427, 0.2275
0.2427, 0.2275
0.2427, 0.2275
0.2427, 0.2275
0.2427, 0.2275
0.2427, 0.2275
0.2427, 0.2275
0.2469, 0.2275
0.2469, 0.2275
0.2469, 0.2275
0.2469, 0.2275
0.2469, 0.2275
0.2469, 0.2275
0.2510, 0.2275
0.2510, 0.2275
0.2510, 0.2275
0.2510, 0.2275
0.2510, 0.2275
0.2510, 0.2275
0.2510, 0.2275
0.2510, 0.2275
0.2510, 0.2275
0.2552, 0.2275
0.2552, 0.2275
0.2552, 0.2275
0.2594, 0.2275
0.2594, 0.2275
0.2594, 0.2275
0.2636, 0.2275
0.2636, 0.2275
0.2636, 0.2275
0.2636, 0.2275
0.2636, 0.2275
0.2636, 0.2275
0.2636, 0.2275
0.2636, 0.2275
0.2636, 0.2275
0.2636, 0.2275
0.2636, 0.2275
0.2678, 0.2275
0.2678, 0.2275
0.2678, 0.2275
0.2678, 0.2275
0.2678, 0.2275
0.2678, 0.2275
0.2678, 0.2275
0.2678, 0.2275
0.2678, 0.2275
0.2678, 0.2275
0.2720, 0.2275
0.2720, 0.2275
0.2720, 0.2275
0.2720, 0.2275
0.2720, 0.2275
0.2720, 0.2275
0.2720, 0.2275
0.2720, 0.2275
0.2720, 0.2275
0.2762, 0.2275
0.2762, 0.2275
0.2762, 0.2275
0.2803, 0.2275
0.2803, 0.2275
0.2803, 0.2275
0.2803, 0.2302
0.2803, 0.2302
0.2845, 0.2302
0.2845, 0.2302
0.2845, 0.2302
0.2845, 0.2302
0.2845, 0.2302
0.2845, 0.2302
0.2845, 0.2302
0.2845, 0.2302
0.2845, 0.2302
0.2845, 0.2302
0.2845, 0.2302
0.2845, 0.2302
0.2845, 0.2302
0.2845, 0.2302
0.2845, 0.2302
0.2845, 0.2302
0.2845, 0.2302
0.2845, 0.2302
0.2845, 0.2302
0.2845, 0.2302
0.2845, 0.2302
0.2845, 0.2302
0.2845, 0.2302
0.2845, 0.2302
0.2845, 0.2302
0.2887, 0.2302
0.2887, 0.2302
0.2887, 0.2302
0.2887, 0.2302
0.2887, 0.2302
0.2887, 0.2302
0.2929, 0.2302
0.2929, 0.2302
0.2929, 0.2302
0.2929, 0.2302
0.2929, 0.2302
0.2929, 0.2302
0.2929, 0.2302
0.2929, 0.2302
0.2929, 0.2302
0.2929, 0.2302
0.2929, 0.2302
0.2971, 0.2302
0.2971, 0.2302
0.2971, 0.2302
0.2971, 0.2302
0.2971, 0.2302
0.2971, 0.2302
0.2971, 0.2302
0.2971, 0.2302
0.2971, 0.2302
0.2971, 0.2302
0.2971, 0.2302
0.2971, 0.2302
0.2971, 0.2302
0.2971, 0.2302
0.2971, 0.2302
0.2971, 0.2302
0.2971, 0.2302
0.2971, 0.2302
0.2971, 0.2302
0.2971, 0.2302
0.2971, 0.2302
0.2971, 0.2302
0.2971, 0.2302
0.2971, 0.2302
0.2971, 0.2302
0.2971, 0.2302
0.2971, 0.2302
0.2971, 0.2302
0.2971, 0.2302
0.2971, 0.2302
0.2971, 0.2302
0.2971, 0.2302
0.2971, 0.2302
0.2971, 0.2302
0.2971, 0.2302
0.2971, 0.2302
0.2971, 0.2302
0.2971, 0.2302
0.2971, 0.2302
0.2971, 0.2302
0.2971, 0.2302
0.2971, 0.2302
0.2971, 0.2302
0.2971, 0.2302
0.2971, 0.2302
0.2971, 0.2302
0.2971, 0.2302
0.2971, 0.2302
0.2971, 0.2302
0.2971, 0.2302
0.2971, 0.2302
0.2971, 0.2302
0.2971, 0.2302
0.2971, 0.2302
0.2971, 0.2302
0.2971, 0.2302
0.2971, 0.2302
0.2971, 0.2302
0.2971, 0.2302
0.2971, 0.2302
0.2971, 0.2302
0.2971, 0.2302
0.2971, 0.2302
0.2971, 0.2302
0.2971, 0.2302
0.2971, 0.2302
0.2971, 0.2302
0.2971, 0.2302
0.2971, 0.2302
0.2971, 0.2302
0.2971, 0.2302
0.2971, 0.2302
0.2971, 0.2302
0.2971, 0.2302
0.2971, 0.2302
0.2971, 0.2302
0.2971, 0.2302
0.2971, 0.2302
0.2971, 0.2302
0.2971, 0.2302
0.2971, 0.2302
0.2971, 0.2302
0.2971, 0.2302
0.2971, 0.2302
0.2971, 0.2302
0.2971, 0.2302
0.2971, 0.2302
0.2971, 0.2302
0.2971, 0.2302
0.2971, 0.2302
0.2971, 0.2302
0.2971, 0.2302
0.2971, 0.2302
0.2971, 0.2302
0.2971, 0.2302
0.2971, 0.2302
0.2971, 0.2302
0.2971, 0.2302
0.2971, 0.2302
0.2971, 0.2302
0.2971, 0.2302
0.2971, 0.2302
0.2971, 0.2302
0.2971, 0.2302
0.2971, 0.2302
0.2971, 0.2302
0.2971, 0.2302
0.2971, 0.2302
0.0000, 1.0000
0.0000, 1.0000
0.0000, 1.0000
0.0000, 1.0000
0.0000, 1.0000
0.0000, 1.0000
0.0000, 1.0000
0.0000, 1.0000
0.0000, 1.0000
0.0000, 1.0000
0.0000, 1.0000
0.0000, 1.0000
0.0000, 1.0000
0.0000, 1.0000
0.0000, 1.0000
0.0000, 1.0000
0.0000, 1.0000
0.0000, 1.0000
0.0000, 1.0000
0.0000, 1.0000
0.0000, 1.0000
0.0000, 1.0000
0.0000, 1.0000
0.0000, 1.0000
0.0000, 1.0000
0.0000, 1.0000
0.0000, 1.0000
0.0000, 1.0000
0.0000, 1.0000
0.0000, 1.0000
0.0000, 1.0000
0.0000, 1.0000
0.0000, 1.0000
0.0000, 1.0000
0.0000, 1.0000
0.0000, 1.0000
