0.1039, 0.4342
0.1039, 0.4342
0.1039, 0.4342
0.1039, 0.4342
0.1039, 0.4342
0.1039, 0.4342
0.1039, 0.4342
0.1039, 0.4342
0.1039, 0.4342
0.1039, 0.4342
0.1039, 0.4342
0.1039, 0.4342
0.1039, 0.4342
0.1039, 0.4342
0.1039, 0.4342
0.1039, 0.4342
0.1039, 0.4342
0.1039, 0.4342
0.1039, 0.4342
0.1039, 0.4342
0.1039, 0.4342
0.1039, 0.4342
0.1039, 0.4342
0.1039, 0.4342
0.1039, 0.4342
0.1039, 0.4342
0.1039, 0.4342
0.1039, 0.4342
0.1039, 0.4342
0.1039, 0.4342
0.1039, 0.4342
0.1039, 0.4342
0.1039, 0.4342
0.1039, 0.4342
0.1039, 0.4342
0.1039, 0.4342
0.1039, 0.4342
0.1039, 0.4342
0.1039, 0.4342
0.1039, 0.4342
0.1039, 0.4342
0.1039, 0.4342
0.1039, 0.4342
0.1039, 0.4342
0.1039, 0.4342
0.1039, 0.4342
0.1039, 0.4342
0.1039, 0.4342
0.1039, 0.4342
0.1039, 0.4342
0.1039, 0.4342
0.1039, 0.4342
0.1039, 0.4342
0.1039, 0.4342
0.1039, 0.4342
0.1039, 0.4342
0.1039, 0.4342
0.1039, 0.4342
0.1039, 0.4342
0.1039, 0.4342
0.1039, 0.4342
0.1039, 0.4342
0.1039, 0.4342
0.1039, 0.4342
0.1039, 0.4342
0.1039, 0.4342
0.1039, 0.4342
0.1039, 0.4342
0.1039, 0.4342
0.1039, 0.4342
0.1039, 0.4342
0.1039, 0.4342
0.1039, 0.4342
0.1039, 0.4342
0.1039, 0.4342
0.1039, 0.4342
0.1039, 0.4342
0.1039, 0.4342
0.1039, 0.4342
0.1039, 0.4342
0.1039, 0.4342
0.1039, 0.4342
0.1039, 0.4342
0.1039, 0.4342
0.1039, 0.4342
0.1039, 0.4342
0.1039, 0.4342
0.1039, 0.4342
0.1039, 0.4342
0.1039, 0.4342
0.1039, 0.4342
0.1039, 0.4342
0.1039, 0.4342
0.1039, 0.4342
0.1039, 0.4342
0.1039, 0.4342
0.1039, 0.4342
0.1039, 0.4342
0.1039, 0.4342
0.1039, 0.4342
0.1039, 0.4342
0.1039, 0.4342
0.1039, 0.4342
0.1039, 0.4342
0.1039, 0.4342
0.1039, 0.4342
0.1039, 0.4342
0.1039, 0.4342
0.1039, 0.4342
0.1039, 0.4342
0.1082, 0.4342
0.1082, 0.4342
0.1082, 0.4342
0.1082, 0.4342
0.1082, 0.4342
0.1082, 0.4316
0.1082, 0.4316
0.1082, 0.4316
0.1082, 0.4316
0.1126, 0.4316
0.1126, 0.4316
0.1126, 0.4316
0.1126, 0.4316
0.1126, 0.4316
0.1126, 0.4316
0.1126, 0.4316
0.1126, 0.4316
0.1126, 0.4316
0.1126, 0.4316
0.1126, 0.4316
0.1126, 0.4316
0.1126, 0.4316
0.1169, 0.4289
0.1169, 0.4289
0.1169, 0.4289
0.1169, 0.4289
0.1169, 0.4289
0.1212, 0.4289
0.1212, 0.4289
0.1212, 0.4289
0.1212, 0.4289
0.1212, 0.4289
0.1212, 0.4289
0.1212, 0.4289
0.1212, 0.4289
0.1212, 0.4289
0.1212, 0.4289
0.1212, 0.4289
0.1212, 0.4289
0.1212, 0.4289
0.1212, 0.4289
0.1212, 0.4289
0.1212, 0.4289
0.1212, 0.4289
0.1212, 0.4289
0.1255, 0.4289
0.1255, 0.4289
0.1255, 0.4289
0.1255, 0.4289
0.1255, 0.4263
0.1255, 0.4263
0.1255, 0.4263
0.1255, 0.4263
0.1299, 0.4263
0.1299, 0.4263
0.1299, 0.4263
0.1299, 0.4263
0.1299, 0.4263
0.1342, 0.4263
0.1342, 0.4263
0.1342, 0.4263
0.1342, 0.4263
0.1342, 0.4263
0.1342, 0.4263
0.1342, 0.4263
0.1342, 0.4263
0.1342, 0.4263
0.1342, 0.4263
0.1342, 0.4263
0.1342, 0.4263
0.1385, 0.4263
0.1385, 0.4263
0.1385, 0.4263
0.1385, 0.4263
0.1385, 0.4263
0.1385, 0.4263
0.1385, 0.4263
0.1385, 0.4263
0.1385, 0.4263
0.1429, 0.4263
0.1429, 0.4263
0.1429, 0.4263
0.1429, 0.4263
0.1429, 0.4263
0.1429, 0.4263
0.1429, 0.4263
0.1429, 0.4263
0.1429, 0.4263
0.1429, 0.4263
0.1429, 0.4263
0.1429, 0.4263
0.1429, 0.4263
0.1429, 0.4263
0.1429, 0.4263
0.1429, 0.4263
0.1429, 0.4237
0.1429, 0.4237
0.1429, 0.4237
0.1429, 0.4237
0.1429, 0.4237
0.1472, 0.4237
0.1472, 0.4237
0.1472, 0.4237
0.1472, 0.4237
0.1472, 0.4237
0.1472, 0.4237
0.1472, 0.4237
0.1472, 0.4237
0.1515, 0.4237
0.1515, 0.4237
0.1515, 0.4237
0.1515, 0.4237
0.1515, 0.4237
0.1515, 0.4237
0.1515, 0.4237
0.1515, 0.4237
0.1515, 0.4237
0.1558, 0.4211
0.1558, 0.4211
0.1558, 0.4211
0.1558, 0.4211
0.1558, 0.4211
0.1558, 0.4211
0.1558, 0.4211
0.1558, 0.4211
0.1602, 0.4211
0.1602, 0.4211
0.1602, 0.4211
0.1602, 0.4211
0.1645, 0.4211
0.1645, 0.4211
0.1645, 0.4211
0.1645, 0.4211
0.1645, 0.4211
0.1645, 0.4211
0.1645, 0.4211
0.1645, 0.4211
0.1645, 0.4211
0.1645, 0.4211
0.1645, 0.4211
0.1645, 0.4211
0.1645, 0.4211
0.1688, 0.4211
0.1688, 0.4211
0.1688, 0.4211
0.1688, 0.4211
0.1732, 0.4184
0.1732, 0.4184
0.1732, 0.4184
0.1732, 0.4184
0.1732, 0.4184
0.1732, 0.4184
0.1732, 0.4184
0.1732, 0.4184
0.1775, 0.4184
0.1775, 0.4184
0.1775, 0.4184
0.1775, 0.4184
0.1775, 0.4184
0.1775, 0.4184
0.1775, 0.4184
0.1775, 0.4184
0.1775, 0.4184
0.1775, 0.4184
0.1775, 0.4184
0.1775, 0.4184
0.1775, 0.4184
0.1775, 0.4158
0.1775, 0.4158
0.1775, 0.4158
0.1775, 0.4158
0.1775, 0.4158
0.1775, 0.4158
0.1775, 0.4158
0.1775, 0.4158
0.1775, 0.4158
0.1775, 0.4158
0.1775, 0.4158
0.1775, 0.4158
0.1775, 0.4158
0.1818, 0.4158
0.1818, 0.4158
0.1818, 0.4158
0.1818, 0.4158
0.1818, 0.4158
0.1818, 0.4158
0.1818, 0.4158
0.1818, 0.4158
0.1818, 0.4158
0.1818, 0.4158
0.1818, 0.4158
0.1818, 0.4158
0.1818, 0.4158
0.1818, 0.4158
0.1818, 0.4158
0.1818, 0.4158
0.1818, 0.4158
0.1818, 0.4158
0.1861, 0.4158
0.1861, 0.4158
0.1861, 0.4158
0.1861, 0.4158
0.1861, 0.4158
0.1861, 0.4158
0.1861, 0.4158
0.1861, 0.4158
0.1861, 0.4158
0.1861, 0.4158
0.1861, 0.4158
0.1861, 0.4158
0.1861, 0.4158
0.1861, 0.4158
0.1861, 0.4158
0.1861, 0.4158
0.1861, 0.4158
0.1861, 0.4132
0.1861, 0.4132
0.1861, 0.4132
0.1861, 0.4132
0.1861, 0.4132
0.1861, 0.4132
0.1861, 0.4132
0.1861, 0.4132
0.1905, 0.4132
0.1905, 0.4132
0.1905, 0.4132
0.1905, 0.4132
0.1905, 0.4105
0.1905, 0.4105
0.1905, 0.4105
0.1905, 0.4105
0.1948, 0.4105
0.1948, 0.4105
0.1948, 0.4105
0.1948, 0.4105
0.1948, 0.4105
0.1948, 0.4105
0.1948, 0.4105
0.1948, 0.4105
0.1991, 0.4079
0.1991, 0.4079
0.1991, 0.4079
0.1991, 0.4079
0.1991, 0.4079
0.1991, 0.4079
0.1991, 0.4079
0.1991, 0.4079
0.1991, 0.4079
0.1991, 0.4079
0.1991, 0.4079
0.1991, 0.4079
0.1991, 0.4079
0.1991, 0.4079
0.1991, 0.4079
0.1991, 0.4079
0.1991, 0.4079
0.1991, 0.4053
0.1991, 0.4053
0.1991, 0.4053
0.2035, 0.4053
0.2035, 0.4053
0.2035, 0.4053
0.2035, 0.4053
0.2035, 0.4026
0.2035, 0.4026
0.2035, 0.4026
0.2035, 0.4026
0.2035, 0.4026
0.2035, 0.4026
0.2035, 0.4026
0.2035, 0.4026
0.2035, 0.4026
0.2078, 0.4026
0.2078, 0.4026
0.2078, 0.4026
0.2078, 0.4026
0.2078, 0.4026
0.2078, 0.4026
0.2078, 0.4026
0.2078, 0.4000
0.2078, 0.4000
0.2078, 0.4000
0.2078, 0.4000
0.2078, 0.4000
0.2078, 0.4000
0.2078, 0.4000
0.2078, 0.4000
0.2078, 0.4000
0.2078, 0.4000
0.2078, 0.4000
0.2078, 0.4000
0.2078, 0.4000
0.2121, 0.3974
0.2121, 0.3974
0.2121, 0.3974
0.2121, 0.3974
0.2121, 0.3974
0.2121, 0.3974
0.2121, 0.3974
0.2121, 0.3947
0.2121, 0.3947
0.2121, 0.3947
0.2121, 0.3947
0.2165, 0.3947
0.2165, 0.3947
0.2165, 0.3947
0.2165, 0.3947
0.2165, 0.3947
0.2165, 0.3947
0.2165, 0.3947
0.2165, 0.3947
0.2165, 0.3947
0.2165, 0.3947
0.2165, 0.3947
0.2165, 0.3947
0.2165, 0.3947
0.2165, 0.3947
0.2165, 0.3947
0.2165, 0.3947
0.2165, 0.3947
0.2165, 0.3921
0.2165, 0.3921
0.2165, 0.3921
0.2165, 0.3921
0.2165, 0.3921
0.2165, 0.3921
0.2165, 0.3921
0.2165, 0.3921
0.2165, 0.3895
0.2165, 0.3895
0.2165, 0.3895
0.2165, 0.3895
0.2208, 0.3895
0.2208, 0.3895
0.2208, 0.3895
0.2208, 0.3895
0.2208, 0.3895
0.2208, 0.3895
0.2208, 0.3895
0.2208, 0.3895
0.2208, 0.3895
0.2208, 0.3895
0.2208, 0.3895
0.2208, 0.3895
0.2208, 0.3895
0.2251, 0.3868
0.2251, 0.3868
0.2251, 0.3868
0.2251, 0.3868
0.2251, 0.3868
0.2251, 0.3868
0.2251, 0.3868
0.2251, 0.3842
0.2251, 0.3842
0.2251, 0.3842
0.2251, 0.3842
0.2294, 0.3842
0.2294, 0.3842
0.2294, 0.3842
0.2294, 0.3842
0.2294, 0.3816
0.2294, 0.3816
0.2294, 0.3816
0.2294, 0.3816
0.2294, 0.3816
0.2294, 0.3816
0.2294, 0.3816
0.2294, 0.3816
0.2294, 0.3816
0.2294, 0.3816
0.2294, 0.3816
0.2294, 0.3816
0.2294, 0.3789
0.2294, 0.3789
0.2294, 0.3789
0.2294, 0.3789
0.2294, 0.3789
0.2294, 0.3789
0.2294, 0.3789
0.2338, 0.3763
0.2338, 0.3763
0.2338, 0.3763
0.2338, 0.3763
0.2338, 0.3763
0.2338, 0.3763
0.2338, 0.3763
0.2338, 0.3763
0.2338, 0.3763
0.2338, 0.3763
0.2338, 0.3763
0.2338, 0.3763
0.2338, 0.3763
0.2338, 0.3763
0.2338, 0.3763
0.2338, 0.3763
0.2381, 0.3763
0.2381, 0.3763
0.2381, 0.3763
0.2381, 0.3763
0.2381, 0.3737
0.2381, 0.3737
0.2381, 0.3737
0.2381, 0.3737
0.2381, 0.3737
0.2381, 0.3737
0.2381, 0.3737
0.2381, 0.3711
0.2381, 0.3711
0.2381, 0.3711
0.2381, 0.3711
0.2381, 0.3711
0.2381, 0.3711
0.2381, 0.3711
0.2381, 0.3711
0.2381, 0.3684
0.2381, 0.3684
0.2381, 0.3684
0.2381, 0.3684
0.2381, 0.3684
0.2381, 0.3684
0.2381, 0.3684
0.2381, 0.3684
0.2381, 0.3684
0.2381, 0.3684
0.2381, 0.3684
0.2381, 0.3684
0.2424, 0.3658
0.2424, 0.3658
0.2424, 0.3658
0.2424, 0.3658
0.2424, 0.3658
0.2424, 0.3658
0.2424, 0.3658
0.2424, 0.3658
0.2424, 0.3658
0.2424, 0.3658
0.2424, 0.3658
0.2424, 0.3658
0.2424, 0.3632
0.2424, 0.3632
0.2424, 0.3632
0.2424, 0.3632
0.2424, 0.3632
0.2424, 0.3632
0.2424, 0.3632
0.2424, 0.3632
0.2424, 0.3632
0.2424, 0.3632
0.2424, 0.3632
0.2468, 0.3632
0.2468, 0.3632
0.2468, 0.3632
0.2468, 0.3632
0.2468, 0.3632
0.2468, 0.3632
0.2468, 0.3632
0.2468, 0.3632
0.2468, 0.3605
0.2468, 0.3605
0.2468, 0.3605
0.2468, 0.3579
0.2468, 0.3579
0.2468, 0.3579
0.2468, 0.3579
0.2468, 0.3579
0.2468, 0.3579
0.2468, 0.3579
0.2468, 0.3579
0.2511, 0.3553
0.2511, 0.3553
0.2511, 0.3553
0.2511, 0.3553
0.2511, 0.3553
0.2511, 0.3553
0.2511, 0.3553
0.2511, 0.3553
0.2511, 0.3553
0.2511, 0.3553
0.2511, 0.3553
0.2511, 0.3553
0.2511, 0.3553
0.2511, 0.3553
0.2511, 0.3553
0.2511, 0.3553
0.2511, 0.3526
0.2511, 0.3526
0.2511, 0.3526
0.2511, 0.3526
0.2511, 0.3526
0.2511, 0.3526
0.2511, 0.3526
0.2511, 0.3526
0.2511, 0.3500
0.2511, 0.3500
0.2511, 0.3500
0.2511, 0.3500
0.2511, 0.3500
0.2511, 0.3500
0.2511, 0.3500
0.2511, 0.3500
0.2511, 0.3500
0.2511, 0.3500
0.2511, 0.3500
0.2511, 0.3500
0.2511, 0.3474
0.2511, 0.3474
0.2511, 0.3474
0.2511, 0.3474
0.2511, 0.3474
0.2511, 0.3474
0.2511, 0.3474
0.2511, 0.3447
0.2511, 0.3447
0.2511, 0.3447
0.2511, 0.3447
0.2511, 0.3421
0.2511, 0.3421
0.2511, 0.3421
0.2511, 0.3421
0.2554, 0.3421
0.2554, 0.3421
0.2554, 0.3421
0.2554, 0.3421
0.2554, 0.3421
0.2554, 0.3421
0.2554, 0.3421
0.2554, 0.3421
0.2554, 0.3421
0.2554, 0.3421
0.2554, 0.3421
0.2554, 0.3395
0.2554, 0.3395
0.2554, 0.3395
0.2554, 0.3395
0.2554, 0.3368
0.2554, 0.3368
0.2554, 0.3368
0.2554, 0.3368
0.2554, 0.3368
0.2554, 0.3368
0.2554, 0.3368
0.2554, 0.3368
0.2597, 0.3368
0.2597, 0.3368
0.2597, 0.3368
0.2597, 0.3342
0.2597, 0.3342
0.2597, 0.3342
0.2597, 0.3342
0.2597, 0.3316
0.2597, 0.3316
0.2597, 0.3316
0.2597, 0.3316
0.2597, 0.3316
0.2597, 0.3316
0.2597, 0.3316
0.2597, 0.3316
0.2597, 0.3316
0.2597, 0.3316
0.2597, 0.3316
0.2597, 0.3316
0.2597, 0.3289
0.2597, 0.3289
0.2597, 0.3289
0.2597, 0.3263
0.2597, 0.3263
0.2597, 0.3263
0.2597, 0.3263
0.2597, 0.3237
0.2597, 0.3237
0.2597, 0.3237
0.2597, 0.3237
0.2597, 0.3237
0.2597, 0.3237
0.2597, 0.3237
0.2597, 0.3237
0.2597, 0.3211
0.2597, 0.3211
0.2597, 0.3211
0.2597, 0.3184
0.2597, 0.3184
0.2597, 0.3184
0.2597, 0.3184
0.2597, 0.3158
0.2597, 0.3158
0.2597, 0.3158
0.2597, 0.3132
0.2597, 0.3132
0.2597, 0.3132
0.2597, 0.3132
0.2597, 0.3105
0.2597, 0.3105
0.2597, 0.3105
0.2597, 0.3105
0.2597, 0.3105
0.2597, 0.3105
0.2597, 0.3105
0.2597, 0.3105
0.2597, 0.3105
0.2597, 0.3105
0.2597, 0.3105
0.2597, 0.3079
0.2597, 0.3079
0.2597, 0.3079
0.2597, 0.3053
0.2597, 0.3053
0.2597, 0.3053
0.2597, 0.3053
0.2597, 0.3026
0.2597, 0.3026
0.2597, 0.3026
0.2597, 0.3026
0.2641, 0.3026
0.2641, 0.3026
0.2641, 0.3026
0.2641, 0.3000
0.2641, 0.3000
0.2641, 0.3000
0.2641, 0.3000
0.2641, 0.3000
0.2641, 0.3000
0.2641, 0.3000
0.2641, 0.3000
0.2641, 0.2974
0.2641, 0.2974
0.2641, 0.2974
0.2641, 0.2974
0.2641, 0.2974
0.2641, 0.2974
0.2641, 0.2974
0.2641, 0.2947
0.2641, 0.2947
0.2641, 0.2947
0.2641, 0.2947
0.2641, 0.2921
0.2641, 0.2921
0.2641, 0.2921
0.2641, 0.2895
0.2641, 0.2895
0.2641, 0.2895
0.2641, 0.2895
0.2641, 0.2895
0.2641, 0.2895
0.2641, 0.2895
0.2641, 0.2895
0.2641, 0.2895
0.2641, 0.2895
0.2641, 0.2895
0.2641, 0.2895
0.2641, 0.2868
0.2641, 0.2868
0.2641, 0.2868
0.2641, 0.2842
0.2641, 0.2842
0.2641, 0.2842
0.2641, 0.2842
0.2641, 0.2842
0.2641, 0.2842
0.2641, 0.2842
0.2641, 0.2842
0.2641, 0.2842
0.2641, 0.2842
0.2641, 0.2842
0.2641, 0.2842
0.2641, 0.2816
0.2641, 0.2816
0.2641, 0.2816
0.2641, 0.2816
0.2641, 0.2789
0.2641, 0.2789
0.2641, 0.2789
0.2641, 0.2789
0.2641, 0.2789
0.2641, 0.2789
0.2641, 0.2789
0.2641, 0.2763
0.2641, 0.2763
0.2641, 0.2763
0.2641, 0.2737
0.2641, 0.2737
0.2641, 0.2737
0.2641, 0.2737
0.2641, 0.2737
0.2641, 0.2737
0.2641, 0.2737
0.2641, 0.2737
0.2641, 0.2711
0.2641, 0.2711
0.2641, 0.2711
0.2641, 0.2711
0.2641, 0.2711
0.2641, 0.2711
0.2641, 0.2711
0.2641, 0.2711
0.2641, 0.2711
0.2641, 0.2711
0.2641, 0.2711
0.2641, 0.2711
0.2641, 0.2711
0.2641, 0.2711
0.2641, 0.2711
0.2641, 0.2684
0.2641, 0.2684
0.2641, 0.2684
0.2641, 0.2684
0.2641, 0.2658
0.2641, 0.2658
0.2641, 0.2658
0.2641, 0.2658
0.2641, 0.2658
0.2641, 0.2658
0.2641, 0.2658
0.2641, 0.2658
0.2641, 0.2658
0.2641, 0.2658
0.2641, 0.2658
0.2641, 0.2632
0.2641, 0.2632
0.2641, 0.2632
0.2641, 0.2632
0.2641, 0.2632
0.2641, 0.2632
0.2641, 0.2632
0.2641, 0.2605
0.2641, 0.2605
0.2641, 0.2605
0.2641, 0.2605
0.2641, 0.2579
0.2641, 0.2579
0.2641, 0.2579
0.2641, 0.2579
0.2641, 0.2579
0.2641, 0.2579
0.2641, 0.2579
0.2641, 0.2579
0.2641, 0.2579
0.2641, 0.2579
0.2641, 0.2579
0.2641, 0.2553
0.2641, 0.2553
0.2641, 0.2553
0.2641, 0.2553
0.2641, 0.2553
0.2641, 0.2553
0.2641, 0.2553
0.2641, 0.2526
0.2641, 0.2526
0.2641, 0.2526
0.2641, 0.2526
0.2641, 0.2526
0.2641, 0.2526
0.2641, 0.2526
0.2641, 0.2526
0.2641, 0.2526
0.2641, 0.2526
0.2641, 0.2526
0.2641, 0.2526
0.2641, 0.2526
0.2641, 0.2526
0.2641, 0.2526
0.2641, 0.2526
0.2641, 0.2526
0.2641, 0.2526
0.2641, 0.2500
0.2641, 0.2500
0.2641, 0.2500
0.2641, 0.2500
0.2641, 0.2500
0.2641, 0.2500
0.2641, 0.2500
0.2641, 0.2474
0.2641, 0.2474
0.2641, 0.2474
0.2641, 0.2474
0.2641, 0.2474
0.2641, 0.2474
0.2641, 0.2474
0.2641, 0.2474
0.2641, 0.2447
0.2641, 0.2447
0.2641, 0.2447
0.2641, 0.2447
0.2641, 0.2447
0.2641, 0.2447
0.2641, 0.2447
0.2641, 0.2447
0.2641, 0.2447
0.2641, 0.2447
0.2641, 0.2447
0.2641, 0.2447
0.2641, 0.2447
0.2641, 0.2421
0.2641, 0.2421
0.2641, 0.2421
0.2641, 0.2421
0.2641, 0.2395
0.2641, 0.2395
0.2641, 0.2395
0.2641, 0.2395
0.2641, 0.2395
0.2641, 0.2395
0.2641, 0.2395
0.2641, 0.2395
0.2641, 0.2395
0.2641, 0.2395
0.2641, 0.2395
0.2641, 0.2368
0.2641, 0.2368
0.2641, 0.2368
0.2641, 0.2368
0.2641, 0.2368
0.2641, 0.2368
0.2641, 0.2368
0.2641, 0.2342
0.2641, 0.2342
0.2641, 0.2342
0.2641, 0.2316
0.2641, 0.2316
0.2641, 0.2316
0.2641, 0.2316
0.2641, 0.2316
0.2641, 0.2316
0.2641, 0.2316
0.2641, 0.2316
0.2641, 0.2316
0.2641, 0.2316
0.2641, 0.2316
0.2641, 0.2316
0.2641, 0.2316
0.2641, 0.2316
0.2641, 0.2316
0.2641, 0.2316
0.2641, 0.2316
0.2641, 0.2316
0.2641, 0.2316
0.2641, 0.2289
0.2641, 0.2289
0.2641, 0.2289
0.2641, 0.2289
0.2641, 0.2289
0.2641, 0.2289
0.2641, 0.2289
0.2641, 0.2263
0.2641, 0.2263
0.2641, 0.2263
0.2641, 0.2263
0.2641, 0.2263
0.2641, 0.2263
0.2641, 0.2263
0.2641, 0.2263
0.2641, 0.2263
0.2641, 0.2263
0.2641, 0.2263
0.2641, 0.2263
0.2641, 0.2263
0.2641, 0.2237
0.2641, 0.2237
0.2641, 0.2237
0.2641, 0.2237
0.2641, 0.2237
0.2641, 0.2237
0.2641, 0.2237
0.2641, 0.2211
0.2641, 0.2211
0.2641, 0.2211
0.2641, 0.2211
0.2641, 0.2211
0.2641, 0.2211
0.2641, 0.2211
0.2641, 0.2184
0.2641, 0.2184
0.2641, 0.2184
0.2641, 0.2184
0.2641, 0.2184
0.2641, 0.2184
0.2641, 0.2184
0.2641, 0.2184
0.2641, 0.2184
0.2641, 0.2184
0.2641, 0.2184
0.2641, 0.2158
0.2641, 0.2158
0.2641, 0.2158
0.2641, 0.2132
0.2641, 0.2132
0.2641, 0.2132
0.2641, 0.2132
0.2597, 0.2132
0.2597, 0.2132
0.2597, 0.2132
0.2597, 0.2132
0.2597, 0.2132
0.2597, 0.2132
0.2597, 0.2132
0.2597, 0.2132
0.2597, 0.2132
0.2597, 0.2132
0.2597, 0.2132
0.2597, 0.2105
0.2597, 0.2105
0.2597, 0.2105
0.2597, 0.2105
0.2597, 0.2105
0.2597, 0.2105
0.2597, 0.2079
0.2597, 0.2079
0.2597, 0.2079
0.2597, 0.2053
0.2597, 0.2053
0.2597, 0.2053
0.2597, 0.2053
0.2597, 0.2053
0.2597, 0.2053
0.2597, 0.2053
0.2597, 0.2053
0.2597, 0.2053
0.2597, 0.2053
0.2597, 0.2026
0.2597, 0.2026
0.2597, 0.2026
0.2597, 0.2026
0.2554, 0.2000
0.2554, 0.2000
0.2554, 0.2000
0.2554, 0.2000
0.2554, 0.2000
0.2554, 0.2000
0.2554, 0.2000
0.2554, 0.2000
0.2554, 0.2000
0.2554, 0.2000
0.2554, 0.2000
0.2554, 0.2000
0.2554, 0.2000
0.2554, 0.1974
0.2554, 0.1974
0.2554, 0.1974
0.2554, 0.1947
0.2554, 0.1947
0.2554, 0.1947
0.2554, 0.1947
0.2554, 0.1947
0.2554, 0.1947
0.2554, 0.1947
0.2554, 0.1947
0.2554, 0.1947
0.2554, 0.1947
0.2554, 0.1921
0.2554, 0.1921
0.2554, 0.1921
0.2554, 0.1921
0.2554, 0.1895
0.2554, 0.1895
0.2554, 0.1895
0.2554, 0.1868
0.2554, 0.1868
0.2554, 0.1868
0.2554, 0.1868
0.2554, 0.1868
0.2554, 0.1868
0.2554, 0.1868
0.2554, 0.1868
0.2554, 0.1868
0.2554, 0.1868
0.2554, 0.1842
0.2554, 0.1842
0.2554, 0.1842
0.2554, 0.1842
0.2554, 0.1816
0.2554, 0.1816
0.2554, 0.1816
0.2511, 0.1816
0.2511, 0.1816
0.2511, 0.1816
0.2511, 0.1816
0.2511, 0.1816
0.2511, 0.1816
0.2511, 0.1816
0.2511, 0.1763
0.2511, 0.1763
0.2511, 0.1763
0.2511, 0.1763
0.2511, 0.1763
0.2511, 0.1763
0.2511, 0.1763
0.2511, 0.1737
0.2511, 0.1737
0.2511, 0.1737
0.2511, 0.1737
0.2511, 0.1737
0.2511, 0.1737
0.2511, 0.1737
0.2511, 0.1711
0.2511, 0.1711
0.2511, 0.1711
0.2511, 0.1684
0.2511, 0.1684
0.2511, 0.1684
0.2511, 0.1658
0.2511, 0.1658
0.2511, 0.1658
0.2468, 0.1632
0.2468, 0.1632
0.2468, 0.1632
0.2468, 0.1632
0.2468, 0.1605
0.2468, 0.1605
0.2468, 0.1605
0.2468, 0.1579
0.2468, 0.1579
0.2468, 0.1579
0.2468, 0.1579
0.2468, 0.1579
0.2468, 0.1579
0.2468, 0.1579
0.2468, 0.1553
0.2468, 0.1553
0.2468, 0.1553
0.2468, 0.1526
0.2468, 0.1526
0.2468, 0.1526
0.2468, 0.1526
0.2468, 0.1526
0.2468, 0.1526
0.2424, 0.1500
0.2424, 0.1500
0.2424, 0.1500
0.2424, 0.1500
0.2424, 0.1474
0.2424, 0.1474
0.2424, 0.1474
0.2424, 0.1447
0.2424, 0.1447
0.2424, 0.1447
0.2424, 0.1421
0.2424, 0.1421
0.2424, 0.1421
0.2424, 0.1395
0.2424, 0.1395
0.2424, 0.1395
0.2424, 0.1395
0.2424, 0.1395
0.2424, 0.1395
0.2424, 0.1395
0.2424, 0.1368
0.2424, 0.1368
0.2424, 0.1368
0.2424, 0.1342
0.2424, 0.1342
0.2424, 0.1342
0.2424, 0.1316
0.2424, 0.1316
0.2424, 0.1316
0.2424, 0.1316
0.2424, 0.1289
0.2424, 0.1289
0.2424, 0.1289
0.2424, 0.1237
0.2424, 0.1237
0.2424, 0.1237
0.2424, 0.1237
0.2424, 0.1237
0.2424, 0.1237
0.2424, 0.1237
0.2424, 0.1184
0.2424, 0.1184
0.2424, 0.1184
0.2424, 0.1158
0.2424, 0.1158
0.2424, 0.1158
0.2424, 0.1132
0.2424, 0.1132
0.2424, 0.1132
0.2424, 0.1105
0.2424, 0.1105
0.2424, 0.1105
0.2424, 0.1105
0.2424, 0.1079
0.2424, 0.1079
0.2424, 0.1079
0.2424, 0.1026
0.2424, 0.1026
0.2424, 0.1026
0.2424, 0.1000
0.2424, 0.1000
0.2424, 0.1000
0.2424, 0.1000
0.2424, 0.1000
0.2424, 0.1000
0.2424, 0.0974
0.2424, 0.0974
0.2424, 0.0974
0.2424, 0.0974
0.2424, 0.0921
0.2424, 0.0921
0.2424, 0.0921
0.2424, 0.0921
0.2424, 0.0921
0.2424, 0.0921
0.2424, 0.0921
0.2424, 0.0895
0.2424, 0.0895
0.2424, 0.0895
0.2424, 0.0868
0.2424, 0.0868
0.2424, 0.0868
0.2424, 0.0868
0.2424, 0.0868
0.2424, 0.0868
0.2424, 0.0868
0.2424, 0.0868
0.2424, 0.0868
0.2424, 0.0868
0.2424, 0.0868
0.2424, 0.0842
0.2424, 0.0842
0.2424, 0.0842
0.2424, 0.0842
0.2424, 0.0842
0.2424, 0.0842
0.2424, 0.0816
0.2424, 0.0816
0.2424, 0.0816
0.2424, 0.0789
0.2424, 0.0789
0.2424, 0.0789
0.2424, 0.0789
0.2424, 0.0789
0.2424, 0.0789
0.2424, 0.0789
0.2424, 0.0789
0.2424, 0.0789
0.2424, 0.0789
0.2424, 0.0763
0.2424, 0.0763
0.2424, 0.0763
0.2424, 0.0763
0.2424, 0.0737
0.2424, 0.0737
0.2424, 0.0737
0.2424, 0.0737
0.2424, 0.0737
0.2424, 0.0737
0.2424, 0.0711
0.2424, 0.0711
0.2424, 0.0711
0.2424, 0.0711
0.2424, 0.0684
0.2424, 0.0684
0.2424, 0.0684
0.2424, 0.0684
0.2424, 0.0684
0.2424, 0.0684
0.2424, 0.0684
0.2424, 0.0658
0.2424, 0.0658
0.2424, 0.0658
0.2424, 0.0658
0.2424, 0.0658
0.2424, 0.0658
0.2424, 0.0658
0.2424, 0.0658
0.2424, 0.0658
0.2424, 0.0658
0.2424, 0.0658
0.2424, 0.0658
0.2424, 0.0658
0.2424, 0.0632
0.2424, 0.0632
0.2424, 0.0632
0.2424, 0.0632
0.2424, 0.0632
0.2424, 0.0632
0.2424, 0.0632
0.2424, 0.0605
0.2424, 0.0605
0.2424, 0.0605
0.2424, 0.0605
0.2424, 0.0605
0.2424, 0.0605
0.2424, 0.0605
0.2424, 0.0605
0.2424, 0.0605
0.2424, 0.0605
0.2424, 0.0579
0.2424, 0.0579
0.2424, 0.0579
0.2424, 0.0579
0.2424, 0.0579
0.2424, 0.0579
0.2424, 0.0579
0.2424, 0.0553
0.2424, 0.0553
0.2424, 0.0553
0.2424, 0.0553
0.2424, 0.0553
0.2424, 0.0553
0.2424, 0.0553
0.2424, 0.0553
0.2424, 0.0553
0.2424, 0.0553
0.2424, 0.0526
0.2424, 0.0526
0.2424, 0.0526
0.2424, 0.0500
0.2424, 0.0500
0.2424, 0.0500
0.2424, 0.0500
0.2424, 0.0500
0.2424, 0.0500
0.2424, 0.0500
0.2424, 0.0474
0.2424, 0.0474
0.2424, 0.0474
0.2424, 0.0474
0.2424, 0.0474
0.2424, 0.0474
0.2424, 0.0474
0.2424, 0.0474
0.2424, 0.0474
0.2424, 0.0474
0.2424, 0.0474
0.2424, 0.0474
0.2424, 0.0474
0.2424, 0.0447
0.2424, 0.0447
0.2424, 0.0447
0.2424, 0.0447
0.2424, 0.0447
0.2424, 0.0447
0.2424, 0.0447
0.2424, 0.0421
0.2424, 0.0421
0.2424, 0.0421
0.2424, 0.0421
0.2424, 0.0421
0.2424, 0.0421
0.2424, 0.0421
0.2424, 0.0421
0.2424, 0.0421
0.2424, 0.0421
0.2424, 0.0421
0.2424, 0.0421
0.2424, 0.0421
0.2424, 0.0395
0.2424, 0.0395
0.2424, 0.0395
0.2424, 0.0395
0.2424, 0.0395
0.2424, 0.0395
0.2424, 0.0368
0.2424, 0.0368
0.2424, 0.0368
0.2424, 0.0368
0.2424, 0.0368
0.2424, 0.0368
0.2424, 0.0368
0.2424, 0.0342
0.2424, 0.0342
0.2424, 0.0342
0.2424, 0.0342
0.2424, 0.0342
0.2424, 0.0342
0.2468, 0.0342
0.2468, 0.0342
0.2468, 0.0342
0.2468, 0.0342
0.2468, 0.0342
0.2468, 0.0342
0.2468, 0.0342
0.2468, 0.0316
0.2468, 0.0316
0.2468, 0.0316
0.2468, 0.0289
0.2468, 0.0289
0.2468, 0.0289
0.2468, 0.0289
0.2468, 0.0289
0.2468, 0.0289
0.2468, 0.0289
0.2468, 0.0289
0.2468, 0.0289
0.2468, 0.0289
0.2468, 0.0263
0.2468, 0.0263
0.2468, 0.0263
0.2468, 0.0263
0.2468, 0.0263
0.2468, 0.0263
0.2511, 0.0237
0.2511, 0.0237
0.2511, 0.0237
0.2511, 0.0237
0.2511, 0.0237
0.2511, 0.0237
0.2511, 0.0237
0.2511, 0.0237
0.2511, 0.0237
0.2511, 0.0237
0.2511, 0.0211
0.2511, 0.0211
0.2511, 0.0211
0.2511, 0.0211
0.2554, 0.0211
0.2554, 0.0211
0.2554, 0.0211
0.2554, 0.0211
0.2554, 0.0211
0.2554, 0.0211
0.2554, 0.0211
0.2554, 0.0211
0.2554, 0.0211
0.2554, 0.0211
0.2597, 0.0184
0.2597, 0.0184
0.2597, 0.0184
0.2597, 0.0184
0.2597, 0.0184
0.2597, 0.0184
0.2597, 0.0184
0.2597, 0.0184
0.2597, 0.0184
0.2597, 0.0184
0.2597, 0.0158
0.2597, 0.0158
0.2597, 0.0158
0.2597, 0.0158
0.2597, 0.0158
0.2597, 0.0158
0.2597, 0.0158
0.2641, 0.0158
0.2641, 0.0158
0.2641, 0.0158
0.2641, 0.0158
0.2641, 0.0158
0.2641, 0.0158
0.2684, 0.0158
0.2684, 0.0158
0.2684, 0.0158
0.2684, 0.0132
0.2684, 0.0132
0.2684, 0.0132
0.2684, 0.0132
0.2684, 0.0132
0.2684, 0.0132
0.2684, 0.0132
0.2684, 0.0105
0.2684, 0.0105
0.2684, 0.0105
0.2684, 0.0105
0.2684, 0.0105
0.2684, 0.0105
0.2727, 0.0105
0.2727, 0.0105
0.2727, 0.0105
0.2727, 0.0079
0.2727, 0.0079
0.2727, 0.0079
0.2771, 0.0079
0.2771, 0.0079
0.2771, 0.0079
0.2771, 0.0079
0.2771, 0.0079
0.2771, 0.0079
0.2771, 0.0079
0.2814, 0.0079
0.2814, 0.0079
0.2814, 0.0079
0.2814, 0.0079
0.2814, 0.0079
0.2814, 0.0079
0.2814, 0.0079
0.2814, 0.0079
0.2814, 0.0079
0.2814, 0.0079
0.2814, 0.0079
0.2814, 0.0079
0.2814, 0.0079
0.2814, 0.0053
0.2814, 0.0053
0.2814, 0.0053
0.2857, 0.0053
0.2857, 0.0053
0.2857, 0.0053
0.2857, 0.0053
0.2857, 0.0053
0.2857, 0.0053
0.2900, 0.0053
0.2900, 0.0053
0.2900, 0.0053
0.2900, 0.0053
0.2900, 0.0053
0.2900, 0.0053
0.2900, 0.0053
0.2900, 0.0053
0.2900, 0.0053
0.2900, 0.0053
0.2900, 0.0053
0.2900, 0.0053
0.2900, 0.0053
0.2900, 0.0053
0.2944, 0.0026
0.2944, 0.0026
0.2944, 0.0026
0.2944, 0.0026
0.2944, 0.0026
0.2944, 0.0026
0.2987, 0.0026
0.2987, 0.0026
0.2987, 0.0026
0.2987, 0.0026
0.2987, 0.0026
0.2987, 0.0026
0.3030, 0.0026
0.3030, 0.0026
0.3030, 0.0026
0.3030, 0.0026
0.3030, 0.0026
0.3030, 0.0026
0.3030, 0.0026
0.3030, 0.0026
0.3030, 0.0026
0.3030, 0.0026
0.3074, 0.0026
0.3074, 0.0026
0.3074, 0.0026
0.3074, 0.0026
0.3074, 0.0026
0.3074, 0.0026
0.3117, 0.0026
0.3117, 0.0026
0.3117, 0.0026
0.3117, 0.0026
0.3117, 0.0026
0.3117, 0.0026
0.3117, 0.0026
0.3117, 0.0026
0.3117, 0.0026
0.3117, 0.0026
0.3160, 0.0026
0.3160, 0.0026
0.3160, 0.0026
0.3160, 0.0026
0.3160, 0.0026
0.3160, 0.0026
0.3160, 0.0026
0.3160, 0.0026
0.3160, 0.0026
0.3203, 0.0026
0.3203, 0.0026
0.3203, 0.0026
0.3203, 0.0026
0.3203, 0.0026
0.3203, 0.0026
0.3203, 0.0026
0.3247, 0.0026
0.3247, 0.0026
0.3247, 0.0026
0.3247, 0.0026
0.3247, 0.0026
0.3247, 0.0026
0.3247, 0.0026
0.3247, 0.0026
0.3247, 0.0026
0.3247, 0.0026
0.3247, 0.0026
0.3247, 0.0026
0.3290, 0.0026
0.3290, 0.0026
0.3290, 0.0026
0.3333, 0.0026
0.3333, 0.0026
0.3333, 0.0026
0.3333, 0.0026
0.3333, 0.0026
0.3333, 0.0026
0.3333, 0.0026
0.3333, 0.0000
0.3333, 0.0000
0.3333, 0.0000
0.3333, 0.0000
0.3333, 0.0000
0.3333, 0.0000
0.3377, 0.0000
0.3377, 0.0000
0.3377, 0.0000
0.3377, 0.0000
0.3377, 0.0000
0.3377, 0.0000
0.3377, 0.0000
0.3377, 0.0000
0.3377, 0.0000
0.3377, 0.0000
0.3420, 0.0000
0.3420, 0.0000
0.3420, 0.0000
0.3420, 0.0000
0.3420, 0.0000
0.3420, 0.0000
0.3463, 0.0000
0.3463, 0.0000
0.3463, 0.0000
0.3463, 0.0000
0.3463, 0.0000
0.3463, 0.0000
0.3463, 0.0000
0.3463, 0.0000
0.3463, 0.0000
0.3463, 0.0000
0.3506, 0.0000
0.3506, 0.0000
0.3506, 0.0000
0.3506, 0.0000
0.3506, 0.0000
0.3506, 0.0000
0.3550, 0.0000
0.3550, 0.0000
0.3550, 0.0000
0.3550, 0.0000
0.3550, 0.0000
0.3550, 0.0000
0.3550, 0.0000
0.3550, 0.0000
0.3550, 0.0000
0.3550, 0.0000
0.3593, 0.0000
0.3593, 0.0000
0.3593, 0.0000
0.3636, 0.0000
0.3636, 0.0000
0.3636, 0.0000
0.3636, 0.0000
0.3636, 0.0000
0.3636, 0.0000
0.3636, 0.0000
0.3636, 0.0000
0.3636, 0.0000
0.3680, 0.0000
0.3680, 0.0000
0.3680, 0.0000
0.3723, 0.0026
0.3723, 0.0026
0.3723, 0.0026
0.3766, 0.0026
0.3766, 0.0026
0.3766, 0.0026
0.3766, 0.0026
0.3766, 0.0026
0.3766, 0.0026
0.3766, 0.0053
0.3766, 0.0053
0.3766, 0.0053
0.3810, 0.0053
0.3810, 0.0053
0.3810, 0.0053
0.3853, 0.0053
0.3853, 0.0053
0.3853, 0.0053
0.3853, 0.0053
0.3853, 0.0053
0.3853, 0.0053
0.3853, 0.0053
0.3853, 0.0053
0.3853, 0.0053
0.3853, 0.0053
0.3896, 0.0079
0.3896, 0.0079
0.3896, 0.0079
0.3939, 0.0079
0.3939, 0.0079
0.3939, 0.0105
0.3939, 0.0105
0.3939, 0.0105
0.3983, 0.0105
0.3983, 0.0105
0.3983, 0.0105
0.3983, 0.0132
0.3983, 0.0132
0.3983, 0.0132
0.3983, 0.0132
0.3983, 0.0132
0.3983, 0.0132
0.4026, 0.0132
0.4026, 0.0132
0.4026, 0.0132
0.4026, 0.0132
0.4026, 0.0132
0.4026, 0.0132
0.4069, 0.0132
0.4069, 0.0132
0.4069, 0.0132
0.4069, 0.0158
0.4069, 0.0158
0.4069, 0.0158
0.4069, 0.0158
0.4069, 0.0158
0.4069, 0.0158
0.4113, 0.0158
0.4113, 0.0158
0.4113, 0.0158
0.4113, 0.0184
0.4113, 0.0184
0.4113, 0.0184
0.4156, 0.0184
0.4156, 0.0184
0.4156, 0.0184
0.4156, 0.0184
0.4156, 0.0184
0.4156, 0.0184
0.4156, 0.0184
0.4156, 0.0184
0.4156, 0.0184
0.4199, 0.0211
0.4199, 0.0211
0.4199, 0.0211
0.4199, 0.0211
0.4199, 0.0211
0.4199, 0.0211
0.4242, 0.0237
0.4242, 0.0237
0.4242, 0.0237
0.4242, 0.0237
0.4242, 0.0237
0.4242, 0.0237
0.4242, 0.0237
0.4286, 0.0263
0.4286, 0.0263
0.4286, 0.0263
0.4286, 0.0263
0.4286, 0.0263
0.4286, 0.0263
0.4286, 0.0263
0.4286, 0.0263
0.4286, 0.0263
0.4329, 0.0263
0.4329, 0.0263
0.4329, 0.0263
0.4329, 0.0263
0.4329, 0.0263
0.4329, 0.0263
0.4329, 0.0263
0.4372, 0.0263
0.4372, 0.0263
0.4372, 0.0263
0.4372, 0.0289
0.4372, 0.0289
0.4416, 0.0289
0.4416, 0.0289
0.4416, 0.0289
0.4416, 0.0316
0.4416, 0.0316
0.4416, 0.0316
0.4416, 0.0316
0.4416, 0.0316
0.4416, 0.0316
0.4459, 0.0316
0.4459, 0.0316
0.4459, 0.0316
0.4459, 0.0316
0.4459, 0.0316
0.4459, 0.0316
0.4502, 0.0342
0.4502, 0.0342
0.4502, 0.0342
0.4502, 0.0342
0.4502, 0.0342
0.4502, 0.0342
0.4502, 0.0368
0.4502, 0.0368
0.4502, 0.0368
0.4545, 0.0368
0.4545, 0.0368
0.4545, 0.0368
0.4545, 0.0395
0.4545, 0.0395
0.4545, 0.0395
0.4589, 0.0395
0.4589, 0.0395
0.4589, 0.0395
0.4632, 0.0395
0.4632, 0.0395
0.4632, 0.0421
0.4632, 0.0421
0.4632, 0.0421
0.4632, 0.0447
0.4632, 0.0447
0.4632, 0.0447
0.4632, 0.0447
0.4632, 0.0447
0.4632, 0.0447
0.4675, 0.0447
0.4675, 0.0447
0.4675, 0.0447
0.4675, 0.0474
0.4675, 0.0474
0.4675, 0.0474
0.4719, 0.0474
0.4719, 0.0474
0.4719, 0.0474
0.4719, 0.0500
0.4719, 0.0500
0.4719, 0.0500
0.4719, 0.0526
0.4719, 0.0526
0.4762, 0.0526
0.4762, 0.0526
0.4762, 0.0526
0.4805, 0.0553
0.4805, 0.0553
0.4805, 0.0553
0.4848, 0.0579
0.4848, 0.0579
0.4848, 0.0579
0.4848, 0.0579
0.4848, 0.0579
0.4848, 0.0579
0.4892, 0.0605
0.4892, 0.0605
0.4892, 0.0605
0.4892, 0.0632
0.4892, 0.0632
0.4892, 0.0632
0.4935, 0.0632
0.4935, 0.0632
0.4935, 0.0632
0.4935, 0.0632
0.4935, 0.0632
0.4935, 0.0658
0.4935, 0.0658
0.4935, 0.0658
0.4978, 0.0684
0.4978, 0.0684
0.4978, 0.0711
0.4978, 0.0711
0.4978, 0.0711
0.5022, 0.0711
0.5022, 0.0711
0.5022, 0.0711
0.5022, 0.0711
0.5022, 0.0711
0.5022, 0.0737
0.5022, 0.0737
0.5022, 0.0737
0.5065, 0.0763
0.5065, 0.0763
0.5065, 0.0763
0.5065, 0.0763
0.5065, 0.0763
0.5065, 0.0763
0.5108, 0.0763
0.5108, 0.0763
0.5108, 0.0763
0.5108, 0.0789
0.5108, 0.0789
0.5108, 0.0789
0.5152, 0.0816
0.5152, 0.0816
0.5152, 0.0816
0.5152, 0.0816
0.5152, 0.0816
0.5152, 0.0842
0.5152, 0.0842
0.5152, 0.0842
0.5152, 0.0842
0.5152, 0.0842
0.5152, 0.0842
0.5152, 0.0842
0.5152, 0.0842
0.5152, 0.0842
0.5152, 0.0868
0.5152, 0.0868
0.5152, 0.0868
0.5195, 0.0895
0.5195, 0.0895
0.5195, 0.0895
0.5195, 0.0895
0.5195, 0.0895
0.5195, 0.0895
0.5238, 0.0895
0.5238, 0.0895
0.5238, 0.0895
0.5238, 0.0921
0.5238, 0.0921
0.5238, 0.0921
0.5238, 0.0947
0.5238, 0.0947
0.5238, 0.0947
0.5238, 0.0974
0.5238, 0.0974
0.5238, 0.0974
0.5238, 0.0974
0.5238, 0.0974
0.5238, 0.0974
0.5281, 0.0974
0.5281, 0.0974
0.5281, 0.1000
0.5281, 0.1000
0.5281, 0.1026
0.5281, 0.1026
0.5325, 0.1026
0.5325, 0.1026
0.5325, 0.1026
0.5325, 0.1026
0.5325, 0.1026
0.5325, 0.1026
0.5368, 0.1053
0.5368, 0.1053
0.5368, 0.1053
0.5368, 0.1079
0.5368, 0.1079
0.5368, 0.1079
0.5368, 0.1079
0.5368, 0.1079
0.5368, 0.1105
0.5368, 0.1105
0.5368, 0.1105
0.5368, 0.1105
0.5368, 0.1105
0.5368, 0.1105
0.5368, 0.1105
0.5368, 0.1105
0.5368, 0.1105
0.5368, 0.1132
0.5368, 0.1132
0.5368, 0.1132
0.5411, 0.1158
0.5411, 0.1158
0.5411, 0.1158
0.5411, 0.1158
0.5411, 0.1158
0.5455, 0.1158
0.5455, 0.1158
0.5455, 0.1158
0.5455, 0.1184
0.5455, 0.1184
0.5455, 0.1184
0.5455, 0.1211
0.5455, 0.1211
0.5455, 0.1237
0.5455, 0.1237
0.5455, 0.1237
0.5455, 0.1237
0.5455, 0.1237
0.5455, 0.1237
0.5498, 0.1237
0.5498, 0.1237
0.5498, 0.1237
0.5498, 0.1263
0.5498, 0.1263
0.5498, 0.1263
0.5498, 0.1263
0.5498, 0.1263
0.5498, 0.1263
0.5541, 0.1289
0.5541, 0.1289
0.5541, 0.1289
0.5541, 0.1289
0.5541, 0.1289
0.5541, 0.1289
0.5541, 0.1289
0.5541, 0.1289
0.5541, 0.1289
0.5584, 0.1289
0.5584, 0.1289
0.5584, 0.1289
0.5584, 0.1316
0.5584, 0.1316
0.5584, 0.1316
0.5584, 0.1342
0.5584, 0.1342
0.5584, 0.1342
0.5584, 0.1342
0.5584, 0.1342
0.5584, 0.1342
0.5584, 0.1368
0.5584, 0.1368
0.5584, 0.1368
0.5584, 0.1368
0.5584, 0.1368
0.5628, 0.1395
0.5628, 0.1395
0.5628, 0.1395
0.5628, 0.1395
0.5628, 0.1395
0.5628, 0.1395
0.5671, 0.1421
0.5671, 0.1421
0.5671, 0.1421
0.5671, 0.1421
0.5671, 0.1421
0.5671, 0.1421
0.5671, 0.1421
0.5671, 0.1421
0.5671, 0.1421
0.5671, 0.1421
0.5671, 0.1421
0.5671, 0.1421
0.5671, 0.1421
0.5671, 0.1447
0.5671, 0.1447
0.5671, 0.1447
0.5671, 0.1474
0.5671, 0.1474
0.5671, 0.1474
0.5671, 0.1474
0.5671, 0.1474
0.5714, 0.1474
0.5714, 0.1474
0.5714, 0.1474
0.5714, 0.1474
0.5714, 0.1474
0.5714, 0.1474
0.5714, 0.1500
0.5714, 0.1500
0.5714, 0.1500
0.5758, 0.1500
0.5758, 0.1500
0.5758, 0.1500
0.5758, 0.1526
0.5758, 0.1526
0.5758, 0.1526
0.5758, 0.1526
0.5758, 0.1526
0.5758, 0.1526
0.5801, 0.1553
0.5801, 0.1553
0.5801, 0.1553
0.5801, 0.1553
0.5801, 0.1553
0.5801, 0.1553
0.5801, 0.1553
0.5801, 0.1553
0.5801, 0.1579
0.5801, 0.1579
0.5801, 0.1579
0.5844, 0.1579
0.5844, 0.1579
0.5844, 0.1579
0.5844, 0.1605
0.5844, 0.1605
0.5844, 0.1605
0.5844, 0.1605
0.5844, 0.1605
0.5887, 0.1605
0.5887, 0.1605
0.5887, 0.1605
0.5887, 0.1605
0.5887, 0.1605
0.5887, 0.1605
0.5887, 0.1632
0.5887, 0.1632
0.5887, 0.1632
0.5887, 0.1632
0.5887, 0.1632
0.5887, 0.1632
0.5887, 0.1658
0.5887, 0.1658
0.5887, 0.1658
0.5931, 0.1684
0.5931, 0.1684
0.5931, 0.1684
0.5931, 0.1684
0.5931, 0.1684
0.5931, 0.1684
0.5974, 0.1684
0.5974, 0.1684
0.5974, 0.1684
0.5974, 0.1684
0.5974, 0.1684
0.5974, 0.1684
0.6017, 0.1711
0.6017, 0.1711
0.6017, 0.1711
0.6017, 0.1711
0.6017, 0.1711
0.6017, 0.1737
0.6017, 0.1737
0.6017, 0.1737
0.6017, 0.1737
0.6017, 0.1737
0.6017, 0.1737
0.6061, 0.1763
0.6061, 0.1763
0.6061, 0.1763
0.6104, 0.1789
0.6104, 0.1789
0.6104, 0.1789
0.6104, 0.1816
0.6104, 0.1816
0.6104, 0.1816
0.6104, 0.1816
0.6104, 0.1816
0.6147, 0.1842
0.6147, 0.1842
0.6147, 0.1842
0.6147, 0.1868
0.6147, 0.1868
0.6147, 0.1868
0.6190, 0.1868
0.6190, 0.1868
0.6234, 0.1868
0.6234, 0.1868
0.6234, 0.1868
0.6234, 0.1895
0.6234, 0.1895
0.6234, 0.1895
0.6234, 0.1921
0.6234, 0.1921
0.6234, 0.1921
0.6277, 0.1947
0.6277, 0.1947
0.6277, 0.1947
0.6277, 0.1947
0.6320, 0.1974
0.6320, 0.2000
0.6364, 0.2026
0.6407, 0.2053
0.6450, 0.2079
0.6450, 0.2079
0.6450, 0.2105
0.6450, 0.2132
0.6450, 0.2132
0.6494, 0.2132
0.6494, 0.2132
0.6494, 0.2158
0.6494, 0.2158
0.6494, 0.2158
0.6537, 0.2158
0.6537, 0.2158
0.6537, 0.2158
0.6537, 0.2184
0.6537, 0.2184
0.6537, 0.2184
0.6537, 0.2211
0.6537, 0.2211
0.6537, 0.2211
0.6537, 0.2211
0.6537, 0.2211
0.6580, 0.2211
0.6580, 0.2211
0.6580, 0.2211
0.6580, 0.2237
0.6580, 0.2237
0.6580, 0.2237
0.6623, 0.2237
0.6623, 0.2237
0.6623, 0.2237
0.6623, 0.2263
0.6623, 0.2263
0.6623, 0.2263
0.6623, 0.2263
0.6623, 0.2263
0.6667, 0.2263
0.6667, 0.2263
0.6667, 0.2263
0.6667, 0.2289
0.6667, 0.2289
0.6667, 0.2289
0.6667, 0.2316
0.6667, 0.2316
0.6667, 0.2342
0.6667, 0.2342
0.6667, 0.2342
0.6710, 0.2342
0.6710, 0.2342
0.6710, 0.2342
0.6753, 0.2342
0.6753, 0.2342
0.6753, 0.2368
0.6753, 0.2368
0.6753, 0.2368
0.6753, 0.2395
0.6753, 0.2395
0.6753, 0.2395
0.6753, 0.2395
0.6753, 0.2395
0.6753, 0.2395
0.6753, 0.2395
0.6753, 0.2395
0.6797, 0.2421
0.6797, 0.2421
0.6797, 0.2421
0.6797, 0.2447
0.6797, 0.2447
0.6840, 0.2474
0.6840, 0.2474
0.6840, 0.2474
0.6840, 0.2474
0.6840, 0.2474
0.6840, 0.2474
0.6883, 0.2474
0.6883, 0.2474
0.6883, 0.2474
0.6883, 0.2500
0.6883, 0.2500
0.6883, 0.2526
0.6883, 0.2526
0.6883, 0.2526
0.6883, 0.2526
0.6883, 0.2526
0.6883, 0.2526
0.6926, 0.2553
0.6926, 0.2553
0.6926, 0.2553
0.6926, 0.2553
0.6926, 0.2553
0.6970, 0.2579
0.6970, 0.2579
0.6970, 0.2579
0.6970, 0.2579
0.6970, 0.2579
0.6970, 0.2579
0.6970, 0.2605
0.6970, 0.2605
0.6970, 0.2605
0.6970, 0.2605
0.6970, 0.2605
0.6970, 0.2605
0.6970, 0.2605
0.6970, 0.2605
0.6970, 0.2605
0.7013, 0.2632
0.7013, 0.2632
0.7013, 0.2632
0.7013, 0.2658
0.7013, 0.2658
0.7056, 0.2658
0.7056, 0.2658
0.7056, 0.2658
0.7056, 0.2684
0.7056, 0.2684
0.7056, 0.2711
0.7056, 0.2711
0.7056, 0.2711
0.7056, 0.2737
0.7056, 0.2737
0.7056, 0.2737
0.7100, 0.2737
0.7100, 0.2737
0.7100, 0.2737
0.7143, 0.2737
0.7143, 0.2737
0.7143, 0.2763
0.7143, 0.2763
0.7143, 0.2763
0.7143, 0.2789
0.7143, 0.2789
0.7143, 0.2789
0.7186, 0.2789
0.7186, 0.2789
0.7186, 0.2789
0.7186, 0.2789
0.7186, 0.2789
0.7186, 0.2789
0.7186, 0.2789
0.7186, 0.2789
0.7186, 0.2816
0.7186, 0.2816
0.7186, 0.2816
0.7186, 0.2842
0.7186, 0.2842
0.7229, 0.2868
0.7229, 0.2868
0.7229, 0.2868
0.7229, 0.2868
0.7229, 0.2868
0.7229, 0.2868
0.7273, 0.2868
0.7273, 0.2868
0.7273, 0.2895
0.7273, 0.2895
0.7273, 0.2895
0.7316, 0.2947
0.7316, 0.2947
0.7316, 0.2947
0.7316, 0.2947
0.7316, 0.2947
0.7316, 0.2947
0.7316, 0.2947
0.7316, 0.2947
0.7316, 0.2974
0.7316, 0.2974
0.7316, 0.2974
0.7359, 0.3000
0.7359, 0.3000
0.7359, 0.3000
0.7359, 0.3000
0.7359, 0.3000
0.7403, 0.3000
0.7403, 0.3000
0.7403, 0.3000
0.7403, 0.3026
0.7403, 0.3026
0.7403, 0.3026
0.7403, 0.3026
0.7403, 0.3026
0.7403, 0.3053
0.7403, 0.3053
0.7403, 0.3053
0.7403, 0.3053
0.7403, 0.3053
0.7403, 0.3053
0.7403, 0.3079
0.7403, 0.3079
0.7403, 0.3079
0.7446, 0.3079
0.7446, 0.3079
0.7446, 0.3079
0.7446, 0.3079
0.7446, 0.3079
0.7489, 0.3105
0.7489, 0.3105
0.7489, 0.3105
0.7489, 0.3132
0.7489, 0.3132
0.7532, 0.3132
0.7532, 0.3132
0.7532, 0.3132
0.7532, 0.3158
0.7532, 0.3158
0.7532, 0.3158
0.7532, 0.3184
0.7532, 0.3184
0.7532, 0.3184
0.7532, 0.3184
0.7532, 0.3184
0.7532, 0.3184
0.7532, 0.3184
0.7532, 0.3184
0.7576, 0.3184
0.7576, 0.3184
0.7576, 0.3211
0.7576, 0.3211
0.7576, 0.3211
0.7619, 0.3211
0.7619, 0.3211
0.7619, 0.3211
0.7619, 0.3237
0.7619, 0.3237
0.7619, 0.3237
0.7619, 0.3237
0.7619, 0.3237
0.7619, 0.3263
0.7619, 0.3263
0.7619, 0.3263
0.7662, 0.3263
0.7662, 0.3263
0.7662, 0.3263
0.7662, 0.3263
0.7662, 0.3263
0.7706, 0.3289
0.7706, 0.3289
0.7706, 0.3289
0.7706, 0.3289
0.7706, 0.3289
0.7706, 0.3316
0.7706, 0.3316
0.7706, 0.3316
0.7749, 0.3316
0.7749, 0.3316
0.7749, 0.3316
0.7749, 0.3316
0.7749, 0.3316
0.7792, 0.3316
0.7792, 0.3316
0.7792, 0.3342
0.7792, 0.3342
0.7792, 0.3342
0.7836, 0.3342
0.7836, 0.3342
0.7836, 0.3342
0.7836, 0.3368
0.7836, 0.3368
0.7836, 0.3368
0.7836, 0.3368
0.7836, 0.3368
0.7836, 0.3368
0.7836, 0.3368
0.7836, 0.3368
0.7879, 0.3395
0.7879, 0.3395
0.7879, 0.3395
0.7879, 0.3395
0.7879, 0.3395
0.7879, 0.3395
0.7922, 0.3395
0.7922, 0.3395
0.7922, 0.3395
0.7922, 0.3395
0.7922, 0.3395
0.7922, 0.3395
0.7922, 0.3395
0.7965, 0.3421
0.7965, 0.3421
0.7965, 0.3421
0.7965, 0.3421
0.7965, 0.3421
0.7965, 0.3421
0.7965, 0.3421
0.7965, 0.3421
0.7965, 0.3447
0.7965, 0.3447
0.7965, 0.3447
0.8009, 0.3447
0.8009, 0.3447
0.8009, 0.3447
0.8009, 0.3447
0.8009, 0.3447
0.8009, 0.3447
0.8009, 0.3447
0.8009, 0.3447
0.8009, 0.3447
0.8052, 0.3447
0.8052, 0.3447
0.8052, 0.3447
0.8052, 0.3447
0.8052, 0.3447
0.8052, 0.3447
0.8052, 0.3447
0.8052, 0.3447
0.8052, 0.3447
0.8052, 0.3447
0.8095, 0.3474
0.8095, 0.3474
0.8095, 0.3474
0.8095, 0.3474
0.8139, 0.3500
0.8139, 0.3500
0.8139, 0.3500
0.8139, 0.3500
0.8182, 0.3500
0.8182, 0.3500
0.8225, 0.3526
0.8225, 0.3526
0.8225, 0.3526
0.8225, 0.3526
0.8225, 0.3526
0.8268, 0.3526
0.8268, 0.3526
0.8268, 0.3526
0.8268, 0.3526
0.8268, 0.3526
0.8268, 0.3526
0.8268, 0.3526
0.8268, 0.3526
0.8268, 0.3526
0.8268, 0.3526
0.8268, 0.3526
0.8312, 0.3526
0.8312, 0.3526
0.8355, 0.3526
0.8355, 0.3526
0.8355, 0.3526
0.8355, 0.3526
0.8355, 0.3526
0.8398, 0.3526
0.8398, 0.3526
0.8442, 0.3553
0.8442, 0.3553
0.8442, 0.3553
0.8442, 0.3553
0.8485, 0.3553
0.8485, 0.3553
0.8485, 0.3553
0.8485, 0.3553
0.8485, 0.3553
0.8485, 0.3553
0.8485, 0.3553
0.8528, 0.3553
0.8528, 0.3553
0.8528, 0.3553
0.8528, 0.3553
0.8528, 0.3553
0.8571, 0.3553
0.8571, 0.3553
0.8571, 0.3579
0.8571, 0.3579
0.8571, 0.3579
0.8571, 0.3579
0.8615, 0.3579
0.8615, 0.3579
0.8658, 0.3579
0.8658, 0.3579
0.8701, 0.3579
0.8701, 0.3579
0.8701, 0.3579
0.8701, 0.3579
0.8788, 0.3579
0.8788, 0.3579
0.8788, 0.3579
0.8788, 0.3579
0.8788, 0.3579
0.8831, 0.3579
0.8831, 0.3579
0.8874, 0.3579
0.8874, 0.3579
0.8918, 0.3579
0.8918, 0.3579
0.8918, 0.3579
0.8918, 0.3579
0.9004, 0.3579
0.9004, 0.3579
0.9048, 0.3579
0.9048, 0.3579
0.9091, 0.3579
0.9091, 0.3579
0.9177, 0.3579
0.9177, 0.3579
0.9177, 0.3579
0.9177, 0.3579
0.9177, 0.3579
0.9264, 0.3579
0.9264, 0.3579
0.9307, 0.3579
0.9307, 0.3579
0.9307, 0.3553
0.9307, 0.3553
0.9351, 0.3553
0.9351, 0.3553
0.9394, 0.3553
0.9394, 0.3553
0.9394, 0.3553
0.9394, 0.3553
0.9394, 0.3553
0.9437, 0.3553
0.9437, 0.3553
0.9481, 0.3553
0.9481, 0.3553
0.9481, 0.3526
0.9481, 0.3526
0.9524, 0.3526
0.9524, 0.3526
0.9524, 0.3526
0.9524, 0.3526
0.9524, 0.3526
0.9524, 0.3526
0.9524, 0.3526
0.9524, 0.3500
0.9524, 0.3500
0.9567, 0.3500
0.9567, 0.3500
0.9567, 0.3474
0.9567, 0.3474
0.9610, 0.3474
0.9610, 0.3474
0.9610, 0.3474
0.9610, 0.3474
0.9654, 0.3447
0.9654, 0.3447
0.9697, 0.3421
0.9697, 0.3421
0.9697, 0.3421
0.9740, 0.3421
0.9740, 0.3421
0.9740, 0.3395
0.9740, 0.3395
0.9784, 0.3368
0.9784, 0.3368
0.9827, 0.3368
0.9827, 0.3368
0.9827, 0.3342
0.9827, 0.3342
0.9870, 0.3342
0.9870, 0.3342
0.9870, 0.3342
0.9870, 0.3316
0.9913, 0.3289
0.9913, 0.3289
0.9913, 0.3289
0.9913, 0.3289
0.9913, 0.3289
0.9957, 0.3289
0.9957, 0.3289
0.9957, 0.3289
0.9957, 0.3289
0.9957, 0.3263
0.9957, 0.3263
0.9957, 0.3263
0.9957, 0.3263
0.9957, 0.3263
0.9957, 0.3263
0.9957, 0.3263
0.9957, 0.3237
0.9957, 0.3237
0.9957, 0.3237
0.9957, 0.3237
0.9957, 0.3237
0.9957, 0.3237
0.9957, 0.3237
1.0000, 0.3237
1.0000, 0.3237
1.0000, 0.3211
1.0000, 0.3211
1.0000, 0.3211
1.0000, 0.3211
1.0000, 0.3211
1.0000, 0.3211
1.0000, 0.3211
1.0000, 0.3211
1.0000, 0.3211
1.0000, 0.3211
1.0000, 0.3211
1.0000, 0.3211
1.0000, 0.3211
1.0000, 0.3211
1.0000, 0.3211
1.0000, 0.3211
1.0000, 0.3211
1.0000, 0.3211
1.0000, 0.3211
1.0000, 0.3211
1.0000, 0.3211
1.0000, 0.3211
1.0000, 0.3211
1.0000, 0.3211
1.0000, 0.3211
1.0000, 0.3211
1.0000, 0.3211
1.0000, 0.3211
1.0000, 0.3211
1.0000, 0.3211
1.0000, 0.3211
1.0000, 0.3211
1.0000, 0.3211
1.0000, 0.3211
1.0000, 0.3211
1.0000, 0.3211
1.0000, 0.3211
1.0000, 0.3211
1.0000, 0.3211
0.0952, 0.3211
0.0952, 0.3211
0.0952, 0.3211
0.0952, 0.3211
0.0952, 0.3211
0.0952, 0.3211
0.0952, 0.3211
0.0952, 0.3211
0.0952, 0.3211
0.0952, 0.3211
0.0952, 0.3211
0.0952, 0.3211
0.0952, 0.3211
0.0952, 0.3211
0.0952, 0.3211
0.0952, 0.3211
0.0952, 0.3211
0.0952, 0.3211
0.0952, 0.3211
0.0952, 0.3211
0.0952, 0.3211
0.0952, 0.3211
0.0952, 0.3211
0.0952, 0.3211
0.0952, 0.3211
0.0952, 0.3211
0.0952, 0.3211
0.0952, 0.3211
0.0952, 0.3211
0.0952, 0.3211
0.0952, 0.3211
0.0952, 0.3211
0.0952, 0.3211
0.0952, 0.3211
0.0952, 0.3211
0.0952, 0.3211
0.0952, 0.3211
0.0952, 0.3211
0.0952, 0.3211
0.0952, 0.3211
0.0952, 0.3211
0.0952, 0.3211
0.0952, 0.3211
0.0952, 0.3211
0.0952, 0.3211
0.0952, 0.3211
0.0952, 0.3211
0.0952, 0.3211
0.0952, 0.3211
0.0996, 0.3211
0.0996, 0.3211
0.0996, 0.3211
0.0996, 0.3211
0.0996, 0.3211
0.0996, 0.3211
0.1039, 0.3211
0.1039, 0.3211
0.1039, 0.3211
0.1082, 0.3211
0.1082, 0.3211
0.1082, 0.3211
0.1126, 0.3184
0.1126, 0.3184
0.1126, 0.3184
0.1212, 0.3184
0.1212, 0.3184
0.1212, 0.3184
0.1212, 0.3184
0.1212, 0.3184
0.1212, 0.3184
0.1255, 0.3184
0.1255, 0.3184
0.1255, 0.3184
0.1342, 0.3184
0.1342, 0.3184
0.1342, 0.3184
0.1342, 0.3184
0.1342, 0.3184
0.1342, 0.3184
0.1342, 0.3184
0.1385, 0.3184
0.1385, 0.3184
0.1385, 0.3184
0.1472, 0.3184
0.1472, 0.3184
0.1472, 0.3184
0.1472, 0.3184
0.1472, 0.3184
0.1472, 0.3184
0.1558, 0.3184
0.1558, 0.3184
0.1558, 0.3184
0.1602, 0.3184
0.1602, 0.3184
0.1602, 0.3184
0.1602, 0.3184
0.1602, 0.3184
0.1602, 0.3184
0.1645, 0.3184
0.1645, 0.3184
0.1645, 0.3184
0.1688, 0.3184
0.1688, 0.3184
0.1688, 0.3184
0.1688, 0.3184
0.1688, 0.3184
0.1688, 0.3184
0.1688, 0.3184
0.1732, 0.3184
0.1732, 0.3184
0.1732, 0.3184
0.1818, 0.3184
0.1818, 0.3184
0.1818, 0.3184
0.1818, 0.3184
0.1818, 0.3184
0.1818, 0.3184
0.1861, 0.3184
0.1861, 0.3184
0.1861, 0.3184
0.1905, 0.3184
0.1905, 0.3184
0.1905, 0.3184
0.1905, 0.3184
0.1905, 0.3184
0.1905, 0.3184
0.1905, 0.3184
0.1948, 0.3184
0.1948, 0.3184
0.1948, 0.3184
0.1991, 0.3184
0.1991, 0.3184
0.1991, 0.3184
0.2035, 0.3184
0.2035, 0.3184
0.2121, 0.3184
0.2121, 0.3184
0.2121, 0.3184
0.2165, 0.3184
0.2165, 0.3184
0.2165, 0.3184
0.2208, 0.3158
0.2208, 0.3158
0.2208, 0.3158
0.2294, 0.3158
0.2294, 0.3158
0.2294, 0.3158
0.2338, 0.3158
0.2338, 0.3158
0.2381, 0.3158
0.2381, 0.3158
0.2381, 0.3158
0.2424, 0.3158
0.2424, 0.3158
0.2424, 0.3158
0.2424, 0.3158
0.2424, 0.3158
0.2424, 0.3158
0.2424, 0.3158
0.2468, 0.3158
0.2468, 0.3158
0.2468, 0.3158
0.2511, 0.3158
0.2511, 0.3158
0.2511, 0.3158
0.2554, 0.3158
0.2554, 0.3158
0.2554, 0.3158
0.2597, 0.3158
0.2597, 0.3158
0.2597, 0.3158
0.2641, 0.3158
0.2641, 0.3158
0.2641, 0.3158
0.2684, 0.3158
0.2684, 0.3158
0.2684, 0.3158
0.2727, 0.3158
0.2727, 0.3158
0.2727, 0.3158
0.2771, 0.3158
0.2771, 0.3158
0.2771, 0.3158
0.2814, 0.3158
0.2814, 0.3158
0.2814, 0.3158
0.2857, 0.3158
0.2857, 0.3158
0.2857, 0.3158
0.2944, 0.3158
0.2944, 0.3158
0.2944, 0.3158
0.2987, 0.3158
0.2987, 0.3158
0.2987, 0.3158
0.3030, 0.3158
0.3030, 0.3158
0.3030, 0.3158
0.3074, 0.3158
0.3074, 0.3158
0.3074, 0.3158
0.3117, 0.3158
0.3117, 0.3158
0.3117, 0.3158
0.3160, 0.3158
0.3160, 0.3158
0.3160, 0.3158
0.3160, 0.3158
0.3160, 0.3158
0.3160, 0.3158
0.3160, 0.3158
0.3203, 0.3132
0.3203, 0.3132
0.3203, 0.3132
0.3247, 0.3132
0.3247, 0.3132
0.3247, 0.3132
0.3290, 0.3132
0.3290, 0.3132
0.3290, 0.3132
0.3290, 0.3132
0.3290, 0.3132
0.3290, 0.3132
0.3377, 0.3132
0.3377, 0.3132
0.3377, 0.3132
0.3420, 0.3132
0.3420, 0.3132
0.3420, 0.3132
0.3463, 0.3132
0.3463, 0.3132
0.3463, 0.3132
0.3550, 0.3132
0.3550, 0.3132
0.3550, 0.3132
0.3593, 0.3132
0.3593, 0.3132
0.3593, 0.3132
0.3680, 0.3132
0.3680, 0.3132
0.3680, 0.3132
0.3766, 0.3105
0.3766, 0.3105
0.3766, 0.3105
0.3810, 0.3105
0.3810, 0.3105
0.3810, 0.3105
0.3896, 0.3105
0.3896, 0.3105
0.3896, 0.3105
0.3983, 0.3105
0.3983, 0.3105
0.3983, 0.3105
0.4026, 0.3105
0.4026, 0.3105
0.4026, 0.3105
0.4113, 0.3105
0.4113, 0.3105
0.4113, 0.3105
0.4113, 0.3105
0.4113, 0.3105
0.4113, 0.3105
0.4156, 0.3105
0.4156, 0.3105
0.4156, 0.3105
0.4199, 0.3105
0.4199, 0.3105
0.4199, 0.3105
0.4199, 0.3105
0.4199, 0.3105
0.4199, 0.3105
0.4242, 0.3105
0.4242, 0.3105
0.4242, 0.3105
0.4242, 0.3105
0.4242, 0.3105
0.4242, 0.3105
0.4286, 0.3105
0.4286, 0.3105
0.4286, 0.3105
0.4329, 0.3105
0.4329, 0.3105
0.4329, 0.3105
0.4329, 0.3105
0.4329, 0.3105
0.4329, 0.3105
0.4329, 0.3105
0.4329, 0.3105
0.4329, 0.3105
0.4329, 0.3105
0.4372, 0.3105
0.4372, 0.3105
0.4372, 0.3105
0.4416, 0.3105
0.4416, 0.3105
0.4416, 0.3105
0.4416, 0.3105
0.4416, 0.3105
0.4416, 0.3105
0.4459, 0.3105
0.4459, 0.3105
0.4459, 0.3105
0.4502, 0.3105
0.4502, 0.3105
0.4502, 0.3105
0.4545, 0.3105
0.4545, 0.3105
0.4545, 0.3105
0.4545, 0.3105
0.4545, 0.3105
0.4545, 0.3105
0.4545, 0.3105
0.4545, 0.3105
0.4545, 0.3105
0.4589, 0.3105
0.4589, 0.3105
0.4589, 0.3105
0.4589, 0.3105
0.4589, 0.3105
0.4589, 0.3105
0.4589, 0.3105
0.4589, 0.3105
0.4589, 0.3105
0.4589, 0.3105
0.4632, 0.3105
0.4632, 0.3105
0.4632, 0.3105
0.4632, 0.3105
0.4632, 0.3105
0.4632, 0.3105
0.4632, 0.3105
0.4632, 0.3105
0.4632, 0.3105
0.4632, 0.3105
0.4632, 0.3105
0.4632, 0.3105
0.4632, 0.3105
0.4632, 0.3105
0.4632, 0.3105
0.4632, 0.3105
0.4632, 0.3105
0.4632, 0.3105
0.4632, 0.3105
0.4632, 0.3105
0.4632, 0.3105
0.4632, 0.3105
0.4632, 0.3105
0.4632, 0.3105
0.4632, 0.3105
0.4632, 0.3105
0.4632, 0.3105
0.4632, 0.3105
0.4632, 0.3105
0.4632, 0.3105
0.4632, 0.3105
0.4632, 0.3105
0.4632, 0.3105
0.4632, 0.3105
0.4632, 0.3105
0.4632, 0.3105
0.4632, 0.3105
0.4632, 0.3105
0.4632, 0.3105
0.4632, 0.3105
0.4632, 0.3105
0.4632, 0.3105
0.4632, 0.3105
0.4632, 0.3105
0.4632, 0.3105
0.4632, 0.3105
0.4632, 0.3105
0.4632, 0.3105
0.4632, 0.3105
0.4632, 0.3105
0.4632, 0.3105
0.4589, 0.3105
0.0909, 0.2316
0.0909, 0.2316
0.0909, 0.2316
0.0909, 0.2316
0.0909, 0.2316
0.0909, 0.2316
0.0909, 0.2316
0.0909, 0.2316
0.0909, 0.2316
0.0909, 0.2316
0.0909, 0.2316
0.0909, 0.2316
0.0909, 0.2316
0.0909, 0.2316
0.0909, 0.2316
0.0909, 0.2316
0.0909, 0.2316
0.0909, 0.2316
0.0909, 0.2316
0.0909, 0.2316
0.0909, 0.2316
0.0909, 0.2316
0.0909, 0.2316
0.0909, 0.2316
0.0909, 0.2316
0.0909, 0.2316
0.0909, 0.2316
0.0909, 0.2316
0.0909, 0.2316
0.0909, 0.2316
0.0909, 0.2316
0.0909, 0.2316
0.0909, 0.2316
0.0909, 0.2316
0.0909, 0.2316
0.0909, 0.2316
0.0909, 0.2316
0.0909, 0.2316
0.0909, 0.2316
0.0909, 0.2316
0.0909, 0.2316
0.0909, 0.2316
0.0909, 0.2316
0.0909, 0.2316
0.0909, 0.2316
0.0909, 0.2316
0.0909, 0.2316
0.0909, 0.2316
0.0909, 0.2316
0.0909, 0.2316
0.0909, 0.2316
0.0909, 0.2316
0.0909, 0.2316
0.0909, 0.2316
0.0909, 0.2316
0.0952, 0.2316
0.0952, 0.2316
0.0952, 0.2316
0.0996, 0.2316
0.0996, 0.2316
0.0996, 0.2316
0.1039, 0.2316
0.1039, 0.2316
0.1039, 0.2316
0.1126, 0.2316
0.1126, 0.2316
0.1126, 0.2316
0.1169, 0.2342
0.1169, 0.2342
0.1169, 0.2342
0.1169, 0.2342
0.1255, 0.2342
0.1255, 0.2342
0.1255, 0.2342
0.1385, 0.2342
0.1385, 0.2342
0.1385, 0.2342
0.1429, 0.2342
0.1429, 0.2342
0.1429, 0.2342
0.1515, 0.2342
0.1515, 0.2342
0.1515, 0.2342
0.1558, 0.2342
0.1558, 0.2342
0.1558, 0.2342
0.1645, 0.2342
0.1645, 0.2342
0.1645, 0.2342
0.1688, 0.2342
0.1688, 0.2342
0.1688, 0.2342
0.1732, 0.2342
0.1732, 0.2342
0.1732, 0.2342
0.1775, 0.2342
0.1775, 0.2342
0.1775, 0.2342
0.1818, 0.2368
0.1818, 0.2368
0.1818, 0.2368
0.1861, 0.2368
0.1861, 0.2368
0.1861, 0.2368
0.1948, 0.2368
0.1948, 0.2368
0.1948, 0.2368
0.1948, 0.2368
0.1948, 0.2368
0.1948, 0.2368
0.1991, 0.2368
0.1991, 0.2368
0.1991, 0.2368
0.2035, 0.2368
0.2035, 0.2368
0.2035, 0.2368
0.2035, 0.2368
0.2035, 0.2368
0.2035, 0.2368
0.2121, 0.2368
0.2121, 0.2368
0.2121, 0.2368
0.2165, 0.2368
0.2165, 0.2368
0.2165, 0.2368
0.2165, 0.2368
0.2165, 0.2368
0.2165, 0.2368
0.2165, 0.2368
0.2208, 0.2368
0.2208, 0.2368
0.2208, 0.2368
0.2251, 0.2368
0.2251, 0.2368
0.2251, 0.2368
0.2294, 0.2368
0.2294, 0.2368
0.2294, 0.2368
0.2294, 0.2368
0.2294, 0.2368
0.2294, 0.2368
0.2338, 0.2368
0.2338, 0.2368
0.2338, 0.2368
0.2338, 0.2368
0.2338, 0.2368
0.2338, 0.2368
0.2338, 0.2368
0.2381, 0.2368
0.2381, 0.2368
0.2381, 0.2368
0.2381, 0.2368
0.2381, 0.2368
0.2381, 0.2368
0.2381, 0.2368
0.2381, 0.2368
0.2381, 0.2368
0.2381, 0.2368
0.2381, 0.2368
0.2381, 0.2368
0.2381, 0.2368
0.2381, 0.2368
0.2381, 0.2368
0.2381, 0.2368
0.2381, 0.2368
0.2381, 0.2368
0.2381, 0.2368
0.2381, 0.2368
0.2381, 0.2368
0.2381, 0.2368
0.2381, 0.2368
0.2381, 0.2368
0.2381, 0.2368
0.2381, 0.2368
0.2381, 0.2368
0.2381, 0.2368
0.2381, 0.2368
0.2381, 0.2368
0.2381, 0.2368
0.2381, 0.2368
0.2381, 0.2368
0.2381, 0.2368
0.2381, 0.2368
0.2381, 0.2368
0.2381, 0.2368
0.2381, 0.2368
0.2381, 0.2368
0.2381, 0.2368
0.2381, 0.2368
0.2381, 0.2368
0.2381, 0.2368
0.2381, 0.2368
0.2381, 0.2368
0.2381, 0.2368
0.2381, 0.2368
0.2381, 0.2368
0.2381, 0.2368
0.2424, 0.2368
0.2424, 0.2368
0.2424, 0.2368
0.2424, 0.2368
0.2424, 0.2368
0.2468, 0.2395
0.2468, 0.2395
0.2468, 0.2395
0.2468, 0.2395
0.2468, 0.2395
0.2468, 0.2395
0.2468, 0.2395
0.2468, 0.2395
0.2468, 0.2395
0.2468, 0.2395
0.2468, 0.2395
0.2468, 0.2395
0.2468, 0.2395
0.2468, 0.2395
0.2468, 0.2395
0.2468, 0.2395
0.2468, 0.2395
0.2468, 0.2395
0.2468, 0.2395
0.2468, 0.2395
0.2468, 0.2395
0.2468, 0.2395
0.2468, 0.2395
0.2468, 0.2395
0.2468, 0.2395
0.2468, 0.2395
0.2468, 0.2395
0.2468, 0.2395
0.2468, 0.2395
0.2468, 0.2395
0.2468, 0.2395
0.2468, 0.2395
0.2468, 0.2395
0.2468, 0.2395
0.2468, 0.2395
0.2468, 0.2395
0.0000, 1.0000
0.0000, 1.0000
0.0000, 1.0000
0.0000, 1.0000
0.0000, 1.0000
0.0000, 1.0000
0.0000, 1.0000
0.0000, 1.0000
0.0000, 1.0000
0.0000, 1.0000
0.0000, 1.0000
0.0000, 1.0000
0.0000, 1.0000
0.0000, 1.0000
0.0000, 1.0000
0.0000, 1.0000
0.0000, 1.0000
0.0000, 1.0000
0.0000, 1.0000
0.0000, 1.0000
0.0000, 1.0000
0.0000, 1.0000
0.0000, 1.0000
0.0000, 1.0000
0.0000, 1.0000
0.0000, 1.0000
0.0000, 1.0000
0.0000, 1.0000
0.0000, 1.0000
0.0000, 1.0000
0.0000, 1.0000
0.0000, 1.0000
0.0000, 1.0000
0.0000, 1.0000
