0.2046, 0.4267
0.2046, 0.4267
0.2046, 0.4267
0.2046, 0.4267
0.2046, 0.4267
0.2046, 0.4267
0.2046, 0.4267
0.2046, 0.4267
0.2046, 0.4267
0.2046, 0.4267
0.2046, 0.4267
0.2046, 0.4267
0.2046, 0.4267
0.2046, 0.4267
0.2046, 0.4267
0.2046, 0.4267
0.2046, 0.4267
0.2046, 0.4267
0.2046, 0.4267
0.2046, 0.4267
0.2046, 0.4267
0.2046, 0.4267
0.2046, 0.4267
0.2046, 0.4267
0.2046, 0.4267
0.2046, 0.4267
0.2046, 0.4267
0.2046, 0.4267
0.2046, 0.4267
0.2046, 0.4267
0.2046, 0.4267
0.2046, 0.4267
0.2046, 0.4267
0.2046, 0.4267
0.2046, 0.4267
0.2046, 0.4267
0.2046, 0.4267
0.2046, 0.4267
0.2046, 0.4267
0.2046, 0.4267
0.2046, 0.4267
0.2046, 0.4267
0.2046, 0.4267
0.2046, 0.4267
0.2046, 0.4267
0.2046, 0.4267
0.2046, 0.4267
0.2046, 0.4267
0.2046, 0.4267
0.2046, 0.4267
0.2046, 0.4267
0.2046, 0.4267
0.2046, 0.4267
0.2046, 0.4267
0.2046, 0.4267
0.2046, 0.4267
0.2046, 0.4267
0.2046, 0.4267
0.2046, 0.4267
0.2046, 0.4267
0.2046, 0.4267
0.2046, 0.4267
0.2046, 0.4267
0.2046, 0.4267
0.2046, 0.4267
0.2046, 0.4267
0.2046, 0.4267
0.2046, 0.4267
0.2046, 0.4267
0.2046, 0.4267
0.2046, 0.4267
0.2046, 0.4267
0.2046, 0.4267
0.2046, 0.4267
0.2046, 0.4267
0.2046, 0.4267
0.2046, 0.4267
0.2046, 0.4267
0.2046, 0.4267
0.2046, 0.4267
0.2046, 0.4267
0.2046, 0.4267
0.2046, 0.4267
0.2046, 0.4267
0.2046, 0.4267
0.2046, 0.4267
0.2046, 0.4267
0.2046, 0.4267
0.2046, 0.4267
0.2046, 0.4267
0.2046, 0.4267
0.2046, 0.4267
0.2046, 0.4267
0.2046, 0.4267
0.2046, 0.4267
0.2046, 0.4267
0.2046, 0.4267
0.2046, 0.4267
0.2046, 0.4267
0.2046, 0.4267
0.2046, 0.4267
0.2046, 0.4267
0.2046, 0.4267
0.2046, 0.4267
0.2046, 0.4267
0.2046, 0.4267
0.2046, 0.4267
0.2046, 0.4267
0.2046, 0.4267
0.2046, 0.4267
0.2046, 0.4267
0.2046, 0.4267
0.2046, 0.4267
0.2046, 0.4267
0.2046, 0.4267
0.2046, 0.4267
0.2046, 0.4267
0.2046, 0.4267
0.2046, 0.4267
0.2046, 0.4267
0.2046, 0.4267
0.2046, 0.4267
0.2046, 0.4267
0.2046, 0.4267
0.2046, 0.4267
0.2046, 0.4267
0.2046, 0.4267
0.2046, 0.4267
0.2085, 0.4267
0.2085, 0.4267
0.2085, 0.4267
0.2085, 0.4267
0.2085, 0.4267
0.2085, 0.4267
0.2085, 0.4267
0.2085, 0.4267
0.2085, 0.4267
0.2085, 0.4267
0.2085, 0.4267
0.2085, 0.4267
0.2085, 0.4267
0.2085, 0.4267
0.2085, 0.4267
0.2085, 0.4267
0.2085, 0.4267
0.2085, 0.4267
0.2085, 0.4267
0.2085, 0.4267
0.2085, 0.4267
0.2124, 0.4267
0.2124, 0.4267
0.2124, 0.4267
0.2124, 0.4267
0.2124, 0.4267
0.2124, 0.4267
0.2124, 0.4267
0.2124, 0.4267
0.2124, 0.4267
0.2124, 0.4267
0.2124, 0.4267
0.2124, 0.4267
0.2124, 0.4267
0.2124, 0.4267
0.2124, 0.4267
0.2124, 0.4267
0.2124, 0.4267
0.2124, 0.4267
0.2124, 0.4267
0.2124, 0.4267
0.2124, 0.4267
0.2124, 0.4267
0.2124, 0.4267
0.2124, 0.4267
0.2124, 0.4267
0.2124, 0.4267
0.2124, 0.4267
0.2124, 0.4267
0.2124, 0.4267
0.2124, 0.4267
0.2124, 0.4267
0.2124, 0.4267
0.2124, 0.4267
0.2124, 0.4267
0.2124, 0.4267
0.2124, 0.4267
0.2162, 0.4267
0.2162, 0.4267
0.2162, 0.4267
0.2162, 0.4267
0.2162, 0.4242
0.2162, 0.4242
0.2162, 0.4242
0.2162, 0.4242
0.2162, 0.4242
0.2162, 0.4242
0.2162, 0.4242
0.2162, 0.4242
0.2201, 0.4242
0.2201, 0.4242
0.2201, 0.4242
0.2201, 0.4242
0.2201, 0.4242
0.2201, 0.4242
0.2201, 0.4242
0.2201, 0.4242
0.2201, 0.4242
0.2239, 0.4242
0.2239, 0.4242
0.2239, 0.4242
0.2239, 0.4242
0.2239, 0.4242
0.2239, 0.4242
0.2239, 0.4242
0.2239, 0.4242
0.2239, 0.4242
0.2239, 0.4242
0.2239, 0.4242
0.2239, 0.4242
0.2239, 0.4242
0.2239, 0.4242
0.2239, 0.4242
0.2239, 0.4242
0.2239, 0.4242
0.2239, 0.4216
0.2239, 0.4216
0.2239, 0.4216
0.2239, 0.4216
0.2239, 0.4216
0.2239, 0.4216
0.2239, 0.4216
0.2239, 0.4216
0.2239, 0.4216
0.2239, 0.4216
0.2239, 0.4216
0.2239, 0.4216
0.2239, 0.4216
0.2278, 0.4216
0.2278, 0.4216
0.2278, 0.4216
0.2278, 0.4216
0.2278, 0.4216
0.2278, 0.4216
0.2278, 0.4216
0.2278, 0.4216
0.2278, 0.4216
0.2278, 0.4216
0.2278, 0.4216
0.2278, 0.4216
0.2278, 0.4216
0.2317, 0.4216
0.2317, 0.4216
0.2317, 0.4216
0.2317, 0.4216
0.2317, 0.4216
0.2317, 0.4216
0.2317, 0.4216
0.2317, 0.4216
0.2317, 0.4216
0.2317, 0.4216
0.2317, 0.4216
0.2317, 0.4216
0.2317, 0.4216
0.2317, 0.4216
0.2317, 0.4216
0.2317, 0.4216
0.2317, 0.4216
0.2317, 0.4216
0.2317, 0.4216
0.2317, 0.4216
0.2317, 0.4216
0.2317, 0.4216
0.2317, 0.4216
0.2317, 0.4216
0.2317, 0.4216
0.2317, 0.4216
0.2317, 0.4216
0.2317, 0.4216
0.2317, 0.4216
0.2355, 0.4216
0.2355, 0.4216
0.2355, 0.4216
0.2355, 0.4216
0.2355, 0.4216
0.2355, 0.4216
0.2355, 0.4216
0.2355, 0.4216
0.2355, 0.4216
0.2355, 0.4216
0.2355, 0.4216
0.2355, 0.4216
0.2355, 0.4216
0.2394, 0.4216
0.2394, 0.4216
0.2394, 0.4216
0.2394, 0.4216
0.2394, 0.4190
0.2394, 0.4190
0.2394, 0.4190
0.2394, 0.4190
0.2394, 0.4190
0.2394, 0.4190
0.2394, 0.4190
0.2394, 0.4190
0.2394, 0.4190
0.2394, 0.4190
0.2394, 0.4190
0.2394, 0.4190
0.2394, 0.4190
0.2432, 0.4190
0.2432, 0.4190
0.2432, 0.4190
0.2432, 0.4190
0.2432, 0.4190
0.2432, 0.4190
0.2432, 0.4190
0.2432, 0.4190
0.2432, 0.4190
0.2432, 0.4190
0.2432, 0.4190
0.2432, 0.4190
0.2432, 0.4190
0.2432, 0.4190
0.2432, 0.4190
0.2432, 0.4190
0.2432, 0.4165
0.2432, 0.4165
0.2432, 0.4165
0.2432, 0.4165
0.2432, 0.4165
0.2432, 0.4165
0.2432, 0.4165
0.2432, 0.4165
0.2432, 0.4165
0.2471, 0.4165
0.2471, 0.4165
0.2471, 0.4165
0.2471, 0.4165
0.2471, 0.4165
0.2471, 0.4165
0.2471, 0.4165
0.2471, 0.4165
0.2510, 0.4165
0.2510, 0.4165
0.2510, 0.4165
0.2510, 0.4165
0.2510, 0.4165
0.2510, 0.4165
0.2510, 0.4165
0.2510, 0.4165
0.2510, 0.4165
0.2510, 0.4165
0.2510, 0.4165
0.2510, 0.4165
0.2510, 0.4165
0.2510, 0.4165
0.2510, 0.4165
0.2510, 0.4165
0.2510, 0.4165
0.2510, 0.4165
0.2510, 0.4165
0.2510, 0.4165
0.2510, 0.4165
0.2510, 0.4165
0.2510, 0.4165
0.2510, 0.4165
0.2510, 0.4165
0.2510, 0.4165
0.2510, 0.4165
0.2510, 0.4165
0.2510, 0.4165
0.2510, 0.4165
0.2510, 0.4165
0.2510, 0.4165
0.2510, 0.4165
0.2510, 0.4165
0.2510, 0.4165
0.2510, 0.4165
0.2510, 0.4165
0.2510, 0.4165
0.2510, 0.4165
0.2510, 0.4165
0.2510, 0.4165
0.2510, 0.4165
0.2548, 0.4165
0.2548, 0.4165
0.2548, 0.4165
0.2548, 0.4165
0.2548, 0.4139
0.2548, 0.4139
0.2548, 0.4139
0.2548, 0.4139
0.2548, 0.4139
0.2548, 0.4139
0.2548, 0.4139
0.2548, 0.4139
0.2548, 0.4139
0.2548, 0.4139
0.2548, 0.4139
0.2587, 0.4139
0.2587, 0.4139
0.2587, 0.4139
0.2587, 0.4139
0.2587, 0.4139
0.2587, 0.4139
0.2587, 0.4139
0.2587, 0.4139
0.2587, 0.4139
0.2587, 0.4139
0.2587, 0.4139
0.2587, 0.4139
0.2587, 0.4139
0.2587, 0.4139
0.2587, 0.4139
0.2587, 0.4139
0.2587, 0.4139
0.2625, 0.4139
0.2625, 0.4139
0.2625, 0.4139
0.2625, 0.4113
0.2625, 0.4113
0.2625, 0.4113
0.2625, 0.4113
0.2625, 0.4113
0.2625, 0.4113
0.2625, 0.4113
0.2625, 0.4113
0.2625, 0.4113
0.2625, 0.4113
0.2625, 0.4113
0.2625, 0.4113
0.2625, 0.4113
0.2625, 0.4113
0.2625, 0.4113
0.2625, 0.4113
0.2625, 0.4113
0.2625, 0.4113
0.2625, 0.4113
0.2625, 0.4087
0.2625, 0.4087
0.2625, 0.4087
0.2625, 0.4087
0.2664, 0.4087
0.2664, 0.4087
0.2664, 0.4087
0.2664, 0.4087
0.2664, 0.4087
0.2664, 0.4087
0.2664, 0.4087
0.2664, 0.4087
0.2664, 0.4087
0.2664, 0.4087
0.2664, 0.4087
0.2664, 0.4087
0.2664, 0.4087
0.2664, 0.4087
0.2664, 0.4087
0.2664, 0.4087
0.2703, 0.4087
0.2703, 0.4087
0.2703, 0.4087
0.2703, 0.4087
0.2703, 0.4087
0.2703, 0.4087
0.2703, 0.4087
0.2703, 0.4087
0.2703, 0.4087
0.2703, 0.4087
0.2703, 0.4087
0.2703, 0.4087
0.2703, 0.4087
0.2703, 0.4087
0.2703, 0.4087
0.2703, 0.4087
0.2703, 0.4087
0.2703, 0.4087
0.2703, 0.4087
0.2703, 0.4087
0.2703, 0.4087
0.2703, 0.4087
0.2703, 0.4087
0.2703, 0.4087
0.2703, 0.4087
0.2703, 0.4087
0.2703, 0.4087
0.2703, 0.4087
0.2703, 0.4087
0.2741, 0.4062
0.2741, 0.4062
0.2741, 0.4062
0.2741, 0.4062
0.2741, 0.4062
0.2741, 0.4062
0.2741, 0.4062
0.2741, 0.4062
0.2741, 0.4062
0.2741, 0.4062
0.2741, 0.4062
0.2741, 0.4062
0.2780, 0.4062
0.2780, 0.4062
0.2780, 0.4062
0.2780, 0.4062
0.2780, 0.4062
0.2780, 0.4062
0.2780, 0.4062
0.2780, 0.4062
0.2780, 0.4062
0.2780, 0.4062
0.2780, 0.4062
0.2780, 0.4062
0.2780, 0.4036
0.2780, 0.4036
0.2780, 0.4036
0.2780, 0.4036
0.2780, 0.4036
0.2780, 0.4036
0.2780, 0.4036
0.2780, 0.4036
0.2819, 0.4036
0.2819, 0.4036
0.2819, 0.4036
0.2819, 0.4036
0.2819, 0.4036
0.2819, 0.4036
0.2819, 0.4036
0.2819, 0.4036
0.2819, 0.4036
0.2819, 0.4036
0.2819, 0.4036
0.2819, 0.4036
0.2819, 0.4036
0.2819, 0.4036
0.2819, 0.4036
0.2819, 0.4036
0.2819, 0.4036
0.2819, 0.4036
0.2819, 0.4036
0.2819, 0.4036
0.2819, 0.4036
0.2819, 0.4036
0.2819, 0.4036
0.2819, 0.4036
0.2819, 0.4036
0.2819, 0.4036
0.2819, 0.4036
0.2819, 0.4036
0.2857, 0.4010
0.2857, 0.4010
0.2857, 0.4010
0.2857, 0.4010
0.2857, 0.4010
0.2857, 0.4010
0.2857, 0.4010
0.2857, 0.4010
0.2857, 0.4010
0.2857, 0.4010
0.2857, 0.4010
0.2857, 0.4010
0.2857, 0.4010
0.2857, 0.4010
0.2857, 0.4010
0.2857, 0.4010
0.2896, 0.4010
0.2896, 0.4010
0.2896, 0.4010
0.2896, 0.4010
0.2896, 0.3985
0.2896, 0.3985
0.2896, 0.3985
0.2896, 0.3985
0.2896, 0.3985
0.2896, 0.3985
0.2896, 0.3985
0.2896, 0.3985
0.2896, 0.3985
0.2896, 0.3985
0.2896, 0.3985
0.2896, 0.3985
0.2896, 0.3985
0.2896, 0.3985
0.2896, 0.3985
0.2896, 0.3985
0.2896, 0.3985
0.2896, 0.3985
0.2896, 0.3985
0.2896, 0.3985
0.2896, 0.3985
0.2896, 0.3985
0.2896, 0.3985
0.2896, 0.3985
0.2896, 0.3985
0.2896, 0.3985
0.2896, 0.3985
0.2896, 0.3959
0.2896, 0.3959
0.2896, 0.3959
0.2896, 0.3959
0.2896, 0.3959
0.2896, 0.3959
0.2896, 0.3959
0.2896, 0.3959
0.2934, 0.3959
0.2934, 0.3959
0.2934, 0.3959
0.2934, 0.3959
0.2934, 0.3959
0.2934, 0.3959
0.2934, 0.3959
0.2973, 0.3959
0.2973, 0.3959
0.2973, 0.3959
0.2973, 0.3959
0.2973, 0.3959
0.2973, 0.3959
0.2973, 0.3959
0.2973, 0.3933
0.2973, 0.3933
0.2973, 0.3933
0.2973, 0.3933
0.2973, 0.3933
0.2973, 0.3933
0.2973, 0.3933
0.2973, 0.3933
0.3012, 0.3933
0.3012, 0.3933
0.3012, 0.3933
0.3012, 0.3933
0.3012, 0.3933
0.3012, 0.3933
0.3012, 0.3933
0.3012, 0.3933
0.3012, 0.3907
0.3012, 0.3907
0.3012, 0.3907
0.3012, 0.3907
0.3012, 0.3907
0.3012, 0.3907
0.3012, 0.3907
0.3012, 0.3907
0.3012, 0.3907
0.3012, 0.3907
0.3012, 0.3907
0.3012, 0.3907
0.3012, 0.3907
0.3012, 0.3907
0.3012, 0.3907
0.3012, 0.3907
0.3012, 0.3907
0.3012, 0.3907
0.3012, 0.3907
0.3012, 0.3907
0.3012, 0.3907
0.3012, 0.3907
0.3012, 0.3907
0.3050, 0.3907
0.3050, 0.3907
0.3050, 0.3907
0.3050, 0.3907
0.3050, 0.3907
0.3050, 0.3907
0.3050, 0.3907
0.3050, 0.3907
0.3050, 0.3907
0.3050, 0.3907
0.3050, 0.3907
0.3050, 0.3907
0.3089, 0.3882
0.3089, 0.3882
0.3089, 0.3882
0.3089, 0.3882
0.3089, 0.3882
0.3089, 0.3882
0.3089, 0.3882
0.3089, 0.3882
0.3089, 0.3882
0.3089, 0.3882
0.3089, 0.3882
0.3089, 0.3856
0.3089, 0.3856
0.3089, 0.3856
0.3089, 0.3856
0.3089, 0.3856
0.3089, 0.3856
0.3089, 0.3856
0.3089, 0.3856
0.3089, 0.3830
0.3089, 0.3830
0.3089, 0.3830
0.3089, 0.3830
0.3089, 0.3830
0.3089, 0.3830
0.3089, 0.3830
0.3127, 0.3830
0.3127, 0.3830
0.3127, 0.3830
0.3127, 0.3830
0.3127, 0.3830
0.3127, 0.3830
0.3127, 0.3830
0.3127, 0.3830
0.3127, 0.3830
0.3127, 0.3830
0.3127, 0.3830
0.3127, 0.3830
0.3127, 0.3830
0.3127, 0.3830
0.3127, 0.3830
0.3127, 0.3830
0.3127, 0.3830
0.3127, 0.3830
0.3127, 0.3830
0.3166, 0.3805
0.3166, 0.3805
0.3166, 0.3805
0.3166, 0.3805
0.3166, 0.3805
0.3166, 0.3805
0.3166, 0.3805
0.3166, 0.3805
0.3166, 0.3805
0.3166, 0.3805
0.3166, 0.3805
0.3166, 0.3805
0.3166, 0.3805
0.3166, 0.3805
0.3166, 0.3805
0.3166, 0.3779
0.3166, 0.3779
0.3166, 0.3779
0.3166, 0.3779
0.3166, 0.3779
0.3166, 0.3779
0.3166, 0.3779
0.3166, 0.3779
0.3166, 0.3779
0.3166, 0.3779
0.3166, 0.3779
0.3166, 0.3779
0.3166, 0.3779
0.3166, 0.3779
0.3166, 0.3779
0.3166, 0.3779
0.3166, 0.3779
0.3166, 0.3779
0.3166, 0.3779
0.3166, 0.3779
0.3166, 0.3779
0.3166, 0.3779
0.3166, 0.3779
0.3166, 0.3779
0.3166, 0.3779
0.3166, 0.3779
0.3166, 0.3779
0.3166, 0.3753
0.3166, 0.3753
0.3166, 0.3753
0.3166, 0.3753
0.3166, 0.3753
0.3166, 0.3753
0.3166, 0.3753
0.3205, 0.3753
0.3205, 0.3753
0.3205, 0.3753
0.3205, 0.3753
0.3205, 0.3728
0.3205, 0.3728
0.3205, 0.3728
0.3205, 0.3728
0.3205, 0.3728
0.3205, 0.3728
0.3205, 0.3728
0.3205, 0.3728
0.3205, 0.3728
0.3205, 0.3728
0.3205, 0.3728
0.3205, 0.3728
0.3205, 0.3728
0.3205, 0.3728
0.3205, 0.3728
0.3205, 0.3728
0.3205, 0.3728
0.3205, 0.3728
0.3205, 0.3728
0.3205, 0.3728
0.3205, 0.3728
0.3205, 0.3728
0.3205, 0.3728
0.3243, 0.3702
0.3243, 0.3702
0.3243, 0.3702
0.3243, 0.3702
0.3243, 0.3702
0.3243, 0.3702
0.3243, 0.3702
0.3243, 0.3676
0.3243, 0.3676
0.3243, 0.3676
0.3243, 0.3676
0.3243, 0.3676
0.3243, 0.3676
0.3243, 0.3676
0.3243, 0.3676
0.3243, 0.3676
0.3243, 0.3676
0.3243, 0.3676
0.3243, 0.3650
0.3243, 0.3650
0.3243, 0.3650
0.3243, 0.3650
0.3243, 0.3650
0.3243, 0.3650
0.3243, 0.3650
0.3282, 0.3650
0.3282, 0.3650
0.3282, 0.3650
0.3282, 0.3650
0.3282, 0.3650
0.3282, 0.3650
0.3282, 0.3650
0.3282, 0.3650
0.3282, 0.3650
0.3282, 0.3650
0.3282, 0.3650
0.3282, 0.3650
0.3282, 0.3650
0.3282, 0.3650
0.3282, 0.3650
0.3282, 0.3625
0.3282, 0.3625
0.3282, 0.3625
0.3282, 0.3625
0.3282, 0.3625
0.3282, 0.3625
0.3282, 0.3625
0.3282, 0.3625
0.3282, 0.3625
0.3282, 0.3625
0.3282, 0.3625
0.3282, 0.3599
0.3282, 0.3599
0.3282, 0.3599
0.3282, 0.3599
0.3282, 0.3599
0.3282, 0.3599
0.3282, 0.3599
0.3282, 0.3599
0.3282, 0.3599
0.3282, 0.3599
0.3282, 0.3599
0.3282, 0.3599
0.3282, 0.3599
0.3282, 0.3599
0.3282, 0.3599
0.3282, 0.3599
0.3282, 0.3599
0.3282, 0.3599
0.3282, 0.3599
0.3282, 0.3573
0.3282, 0.3573
0.3282, 0.3573
0.3282, 0.3573
0.3320, 0.3573
0.3320, 0.3573
0.3320, 0.3573
0.3320, 0.3548
0.3320, 0.3548
0.3320, 0.3548
0.3320, 0.3548
0.3320, 0.3548
0.3320, 0.3548
0.3320, 0.3548
0.3320, 0.3522
0.3320, 0.3522
0.3320, 0.3522
0.3320, 0.3522
0.3320, 0.3522
0.3320, 0.3522
0.3320, 0.3522
0.3320, 0.3522
0.3320, 0.3522
0.3320, 0.3522
0.3320, 0.3522
0.3359, 0.3522
0.3359, 0.3522
0.3359, 0.3522
0.3359, 0.3496
0.3359, 0.3496
0.3359, 0.3496
0.3359, 0.3496
0.3359, 0.3496
0.3359, 0.3496
0.3359, 0.3496
0.3359, 0.3496
0.3359, 0.3470
0.3359, 0.3470
0.3359, 0.3470
0.3359, 0.3470
0.3359, 0.3470
0.3359, 0.3470
0.3359, 0.3470
0.3359, 0.3470
0.3359, 0.3470
0.3359, 0.3470
0.3359, 0.3470
0.3359, 0.3470
0.3359, 0.3470
0.3359, 0.3470
0.3359, 0.3470
0.3359, 0.3470
0.3359, 0.3470
0.3359, 0.3470
0.3359, 0.3445
0.3359, 0.3445
0.3359, 0.3445
0.3359, 0.3445
0.3359, 0.3445
0.3359, 0.3445
0.3359, 0.3445
0.3359, 0.3445
0.3359, 0.3445
0.3359, 0.3445
0.3359, 0.3445
0.3359, 0.3419
0.3359, 0.3419
0.3359, 0.3419
0.3359, 0.3419
0.3359, 0.3419
0.3359, 0.3419
0.3359, 0.3419
0.3359, 0.3393
0.3359, 0.3393
0.3359, 0.3393
0.3359, 0.3393
0.3359, 0.3393
0.3359, 0.3393
0.3359, 0.3393
0.3359, 0.3393
0.3359, 0.3393
0.3359, 0.3393
0.3359, 0.3393
0.3359, 0.3393
0.3359, 0.3393
0.3359, 0.3393
0.3359, 0.3393
0.3359, 0.3393
0.3359, 0.3393
0.3359, 0.3393
0.3359, 0.3393
0.3359, 0.3393
0.3359, 0.3393
0.3359, 0.3393
0.3359, 0.3368
0.3359, 0.3368
0.3359, 0.3368
0.3359, 0.3368
0.3359, 0.3368
0.3359, 0.3368
0.3359, 0.3368
0.3359, 0.3342
0.3359, 0.3342
0.3359, 0.3342
0.3359, 0.3342
0.3359, 0.3342
0.3359, 0.3342
0.3359, 0.3342
0.3359, 0.3342
0.3359, 0.3342
0.3359, 0.3342
0.3359, 0.3342
0.3398, 0.3342
0.3398, 0.3342
0.3398, 0.3342
0.3398, 0.3342
0.3398, 0.3342
0.3398, 0.3342
0.3398, 0.3342
0.3398, 0.3342
0.3398, 0.3342
0.3398, 0.3342
0.3398, 0.3342
0.3398, 0.3342
0.3398, 0.3342
0.3398, 0.3342
0.3398, 0.3316
0.3398, 0.3316
0.3398, 0.3316
0.3398, 0.3316
0.3398, 0.3316
0.3398, 0.3316
0.3398, 0.3316
0.3398, 0.3316
0.3398, 0.3316
0.3398, 0.3316
0.3398, 0.3316
0.3398, 0.3290
0.3398, 0.3290
0.3398, 0.3290
0.3398, 0.3290
0.3398, 0.3290
0.3398, 0.3290
0.3398, 0.3290
0.3398, 0.3290
0.3398, 0.3290
0.3398, 0.3290
0.3398, 0.3265
0.3398, 0.3265
0.3398, 0.3265
0.3398, 0.3265
0.3398, 0.3265
0.3398, 0.3265
0.3398, 0.3265
0.3398, 0.3265
0.3398, 0.3265
0.3398, 0.3265
0.3398, 0.3265
0.3398, 0.3265
0.3398, 0.3265
0.3398, 0.3265
0.3398, 0.3265
0.3398, 0.3265
0.3398, 0.3265
0.3398, 0.3265
0.3398, 0.3239
0.3398, 0.3239
0.3398, 0.3239
0.3398, 0.3239
0.3398, 0.3239
0.3398, 0.3239
0.3398, 0.3239
0.3398, 0.3239
0.3398, 0.3239
0.3398, 0.3239
0.3398, 0.3213
0.3398, 0.3213
0.3398, 0.3213
0.3398, 0.3213
0.3398, 0.3213
0.3398, 0.3213
0.3398, 0.3213
0.3398, 0.3213
0.3398, 0.3213
0.3398, 0.3213
0.3398, 0.3213
0.3398, 0.3213
0.3398, 0.3213
0.3398, 0.3213
0.3398, 0.3188
0.3398, 0.3188
0.3398, 0.3188
0.3398, 0.3188
0.3398, 0.3188
0.3398, 0.3188
0.3398, 0.3188
0.3398, 0.3188
0.3398, 0.3162
0.3398, 0.3162
0.3398, 0.3162
0.3398, 0.3162
0.3398, 0.3162
0.3398, 0.3162
0.3398, 0.3162
0.3398, 0.3162
0.3398, 0.3162
0.3398, 0.3162
0.3398, 0.3136
0.3398, 0.3136
0.3398, 0.3136
0.3398, 0.3136
0.3398, 0.3136
0.3398, 0.3136
0.3398, 0.3136
0.3398, 0.3136
0.3398, 0.3136
0.3398, 0.3136
0.3398, 0.3136
0.3398, 0.3136
0.3398, 0.3136
0.3398, 0.3136
0.3398, 0.3136
0.3398, 0.3136
0.3398, 0.3136
0.3398, 0.3111
0.3398, 0.3111
0.3398, 0.3111
0.3398, 0.3111
0.3398, 0.3111
0.3398, 0.3111
0.3398, 0.3111
0.3398, 0.3085
0.3398, 0.3085
0.3398, 0.3085
0.3398, 0.3085
0.3398, 0.3085
0.3398, 0.3085
0.3398, 0.3085
0.3398, 0.3085
0.3398, 0.3085
0.3398, 0.3085
0.3398, 0.3085
0.3398, 0.3085
0.3398, 0.3085
0.3398, 0.3085
0.3398, 0.3059
0.3398, 0.3059
0.3398, 0.3059
0.3398, 0.3059
0.3398, 0.3059
0.3398, 0.3059
0.3398, 0.3033
0.3398, 0.3033
0.3398, 0.3033
0.3398, 0.3033
0.3398, 0.3033
0.3398, 0.3033
0.3398, 0.3033
0.3398, 0.3008
0.3398, 0.3008
0.3398, 0.3008
0.3398, 0.3008
0.3398, 0.3008
0.3398, 0.3008
0.3398, 0.3008
0.3398, 0.3008
0.3398, 0.3008
0.3398, 0.3008
0.3398, 0.3008
0.3398, 0.3008
0.3398, 0.3008
0.3398, 0.3008
0.3398, 0.3008
0.3398, 0.2982
0.3398, 0.2982
0.3398, 0.2982
0.3398, 0.2982
0.3398, 0.2982
0.3398, 0.2982
0.3398, 0.2982
0.3398, 0.2956
0.3398, 0.2956
0.3398, 0.2956
0.3398, 0.2956
0.3398, 0.2956
0.3398, 0.2956
0.3398, 0.2956
0.3398, 0.2956
0.3398, 0.2956
0.3398, 0.2956
0.3398, 0.2956
0.3398, 0.2956
0.3398, 0.2956
0.3398, 0.2931
0.3398, 0.2931
0.3398, 0.2931
0.3398, 0.2931
0.3398, 0.2931
0.3398, 0.2931
0.3398, 0.2931
0.3398, 0.2931
0.3398, 0.2905
0.3398, 0.2905
0.3398, 0.2905
0.3398, 0.2905
0.3398, 0.2905
0.3398, 0.2905
0.3398, 0.2905
0.3398, 0.2905
0.3398, 0.2905
0.3398, 0.2905
0.3398, 0.2905
0.3398, 0.2905
0.3398, 0.2905
0.3398, 0.2905
0.3398, 0.2879
0.3398, 0.2879
0.3398, 0.2879
0.3398, 0.2853
0.3398, 0.2853
0.3398, 0.2853
0.3398, 0.2853
0.3398, 0.2853
0.3398, 0.2853
0.3398, 0.2853
0.3398, 0.2828
0.3398, 0.2828
0.3398, 0.2828
0.3398, 0.2828
0.3398, 0.2828
0.3398, 0.2828
0.3398, 0.2828
0.3398, 0.2828
0.3398, 0.2828
0.3398, 0.2828
0.3398, 0.2828
0.3398, 0.2828
0.3398, 0.2828
0.3398, 0.2802
0.3398, 0.2802
0.3398, 0.2802
0.3398, 0.2802
0.3398, 0.2802
0.3398, 0.2802
0.3398, 0.2802
0.3398, 0.2776
0.3398, 0.2776
0.3398, 0.2776
0.3398, 0.2776
0.3398, 0.2776
0.3398, 0.2776
0.3398, 0.2776
0.3398, 0.2776
0.3398, 0.2776
0.3398, 0.2776
0.3398, 0.2776
0.3398, 0.2751
0.3398, 0.2751
0.3398, 0.2751
0.3398, 0.2751
0.3398, 0.2751
0.3398, 0.2751
0.3398, 0.2751
0.3398, 0.2725
0.3398, 0.2725
0.3398, 0.2725
0.3398, 0.2699
0.3398, 0.2699
0.3398, 0.2699
0.3398, 0.2699
0.3398, 0.2699
0.3398, 0.2699
0.3398, 0.2699
0.3398, 0.2699
0.3398, 0.2699
0.3398, 0.2699
0.3398, 0.2699
0.3398, 0.2699
0.3398, 0.2699
0.3398, 0.2699
0.3398, 0.2699
0.3398, 0.2699
0.3398, 0.2699
0.3398, 0.2674
0.3398, 0.2674
0.3398, 0.2674
0.3398, 0.2674
0.3398, 0.2648
0.3398, 0.2648
0.3398, 0.2648
0.3398, 0.2648
0.3398, 0.2648
0.3398, 0.2648
0.3398, 0.2648
0.3398, 0.2648
0.3398, 0.2648
0.3398, 0.2622
0.3398, 0.2622
0.3398, 0.2622
0.3398, 0.2622
0.3398, 0.2622
0.3398, 0.2622
0.3398, 0.2622
0.3398, 0.2596
0.3398, 0.2596
0.3398, 0.2596
0.3398, 0.2571
0.3398, 0.2571
0.3398, 0.2571
0.3398, 0.2571
0.3398, 0.2571
0.3398, 0.2571
0.3398, 0.2571
0.3398, 0.2571
0.3398, 0.2571
0.3398, 0.2571
0.3398, 0.2545
0.3398, 0.2545
0.3398, 0.2545
0.3398, 0.2545
0.3398, 0.2545
0.3398, 0.2545
0.3398, 0.2545
0.3398, 0.2519
0.3398, 0.2519
0.3398, 0.2519
0.3398, 0.2519
0.3398, 0.2519
0.3398, 0.2519
0.3398, 0.2494
0.3398, 0.2494
0.3398, 0.2494
0.3398, 0.2494
0.3398, 0.2494
0.3398, 0.2494
0.3398, 0.2494
0.3398, 0.2468
0.3398, 0.2468
0.3398, 0.2468
0.3398, 0.2442
0.3398, 0.2442
0.3398, 0.2442
0.3398, 0.2442
0.3398, 0.2442
0.3398, 0.2442
0.3398, 0.2442
0.3398, 0.2442
0.3398, 0.2442
0.3398, 0.2442
0.3398, 0.2442
0.3398, 0.2416
0.3398, 0.2416
0.3398, 0.2416
0.3398, 0.2391
0.3398, 0.2391
0.3398, 0.2391
0.3398, 0.2391
0.3398, 0.2391
0.3398, 0.2391
0.3398, 0.2365
0.3398, 0.2365
0.3398, 0.2365
0.3398, 0.2365
0.3398, 0.2365
0.3398, 0.2365
0.3398, 0.2339
0.3398, 0.2339
0.3398, 0.2339
0.3398, 0.2339
0.3398, 0.2314
0.3398, 0.2314
0.3398, 0.2314
0.3398, 0.2314
0.3398, 0.2314
0.3398, 0.2314
0.3398, 0.2314
0.3398, 0.2314
0.3398, 0.2314
0.3398, 0.2314
0.3398, 0.2288
0.3398, 0.2288
0.3398, 0.2288
0.3398, 0.2288
0.3398, 0.2288
0.3398, 0.2288
0.3398, 0.2262
0.3398, 0.2262
0.3398, 0.2262
0.3398, 0.2262
0.3398, 0.2262
0.3398, 0.2262
0.3398, 0.2262
0.3398, 0.2262
0.3398, 0.2262
0.3398, 0.2262
0.3398, 0.2262
0.3398, 0.2237
0.3398, 0.2237
0.3398, 0.2237
0.3398, 0.2237
0.3398, 0.2237
0.3398, 0.2237
0.3398, 0.2211
0.3398, 0.2211
0.3398, 0.2211
0.3398, 0.2211
0.3398, 0.2211
0.3398, 0.2211
0.3398, 0.2211
0.3398, 0.2185
0.3398, 0.2185
0.3398, 0.2185
0.3398, 0.2185
0.3398, 0.2185
0.3398, 0.2185
0.3398, 0.2185
0.3398, 0.2185
0.3398, 0.2185
0.3398, 0.2185
0.3398, 0.2159
0.3398, 0.2159
0.3398, 0.2159
0.3398, 0.2159
0.3398, 0.2159
0.3398, 0.2159
0.3398, 0.2134
0.3398, 0.2134
0.3398, 0.2134
0.3398, 0.2134
0.3398, 0.2134
0.3398, 0.2134
0.3398, 0.2134
0.3398, 0.2134
0.3398, 0.2134
0.3398, 0.2134
0.3398, 0.2134
0.3398, 0.2108
0.3398, 0.2108
0.3398, 0.2108
0.3398, 0.2108
0.3398, 0.2108
0.3398, 0.2108
0.3398, 0.2082
0.3398, 0.2082
0.3398, 0.2082
0.3398, 0.2082
0.3398, 0.2082
0.3398, 0.2082
0.3398, 0.2082
0.3398, 0.2082
0.3398, 0.2082
0.3398, 0.2082
0.3398, 0.2057
0.3398, 0.2057
0.3398, 0.2057
0.3398, 0.2057
0.3398, 0.2057
0.3398, 0.2057
0.3398, 0.2031
0.3398, 0.2031
0.3398, 0.2031
0.3398, 0.2031
0.3398, 0.2031
0.3398, 0.2031
0.3398, 0.2005
0.3398, 0.2005
0.3398, 0.2005
0.3398, 0.2005
0.3398, 0.2005
0.3398, 0.2005
0.3398, 0.2005
0.3398, 0.2005
0.3398, 0.2005
0.3398, 0.2005
0.3398, 0.1979
0.3398, 0.1979
0.3398, 0.1979
0.3398, 0.1954
0.3398, 0.1954
0.3398, 0.1954
0.3398, 0.1954
0.3398, 0.1954
0.3398, 0.1954
0.3398, 0.1954
0.3398, 0.1954
0.3398, 0.1954
0.3398, 0.1954
0.3398, 0.1928
0.3398, 0.1928
0.3398, 0.1928
0.3398, 0.1928
0.3398, 0.1928
0.3398, 0.1928
0.3398, 0.1928
0.3398, 0.1902
0.3398, 0.1902
0.3398, 0.1902
0.3398, 0.1902
0.3398, 0.1902
0.3398, 0.1902
0.3398, 0.1877
0.3398, 0.1877
0.3398, 0.1877
0.3398, 0.1877
0.3398, 0.1877
0.3398, 0.1877
0.3398, 0.1877
0.3398, 0.1877
0.3398, 0.1877
0.3398, 0.1877
0.3398, 0.1851
0.3398, 0.1851
0.3398, 0.1851
0.3398, 0.1851
0.3398, 0.1851
0.3398, 0.1851
0.3398, 0.1825
0.3398, 0.1825
0.3398, 0.1825
0.3398, 0.1825
0.3398, 0.1825
0.3398, 0.1825
0.3398, 0.1825
0.3398, 0.1825
0.3398, 0.1825
0.3398, 0.1825
0.3398, 0.1825
0.3398, 0.1825
0.3398, 0.1825
0.3398, 0.1799
0.3398, 0.1799
0.3398, 0.1799
0.3398, 0.1774
0.3398, 0.1774
0.3398, 0.1774
0.3398, 0.1774
0.3398, 0.1774
0.3398, 0.1774
0.3398, 0.1748
0.3398, 0.1748
0.3398, 0.1748
0.3398, 0.1748
0.3398, 0.1748
0.3398, 0.1748
0.3398, 0.1748
0.3398, 0.1748
0.3398, 0.1748
0.3398, 0.1748
0.3398, 0.1748
0.3398, 0.1748
0.3398, 0.1748
0.3398, 0.1722
0.3398, 0.1722
0.3398, 0.1722
0.3398, 0.1697
0.3398, 0.1697
0.3398, 0.1697
0.3398, 0.1697
0.3398, 0.1697
0.3398, 0.1697
0.3398, 0.1697
0.3398, 0.1697
0.3398, 0.1697
0.3398, 0.1697
0.3398, 0.1697
0.3398, 0.1697
0.3398, 0.1671
0.3398, 0.1671
0.3398, 0.1671
0.3398, 0.1671
0.3398, 0.1671
0.3398, 0.1671
0.3398, 0.1645
0.3398, 0.1645
0.3398, 0.1645
0.3398, 0.1645
0.3398, 0.1645
0.3398, 0.1645
0.3398, 0.1620
0.3398, 0.1620
0.3398, 0.1620
0.3398, 0.1620
0.3398, 0.1620
0.3398, 0.1620
0.3398, 0.1620
0.3398, 0.1620
0.3398, 0.1620
0.3398, 0.1620
0.3398, 0.1620
0.3398, 0.1620
0.3398, 0.1620
0.3398, 0.1594
0.3398, 0.1594
0.3398, 0.1594
0.3398, 0.1594
0.3398, 0.1594
0.3398, 0.1594
0.3398, 0.1594
0.3398, 0.1594
0.3398, 0.1594
0.3398, 0.1594
0.3398, 0.1594
0.3398, 0.1594
0.3398, 0.1594
0.3398, 0.1568
0.3398, 0.1568
0.3398, 0.1568
0.3398, 0.1568
0.3398, 0.1568
0.3398, 0.1568
0.3398, 0.1568
0.3398, 0.1568
0.3398, 0.1568
0.3398, 0.1542
0.3398, 0.1542
0.3398, 0.1542
0.3359, 0.1542
0.3359, 0.1542
0.3359, 0.1542
0.3359, 0.1517
0.3359, 0.1517
0.3359, 0.1517
0.3359, 0.1517
0.3359, 0.1517
0.3359, 0.1517
0.3359, 0.1491
0.3359, 0.1491
0.3359, 0.1491
0.3359, 0.1491
0.3359, 0.1491
0.3359, 0.1491
0.3359, 0.1491
0.3359, 0.1491
0.3359, 0.1491
0.3359, 0.1491
0.3359, 0.1491
0.3359, 0.1491
0.3359, 0.1491
0.3359, 0.1491
0.3359, 0.1491
0.3359, 0.1491
0.3359, 0.1465
0.3359, 0.1465
0.3359, 0.1465
0.3359, 0.1465
0.3359, 0.1465
0.3359, 0.1465
0.3359, 0.1465
0.3359, 0.1440
0.3359, 0.1440
0.3359, 0.1440
0.3359, 0.1440
0.3359, 0.1440
0.3359, 0.1440
0.3359, 0.1440
0.3359, 0.1440
0.3359, 0.1440
0.3359, 0.1440
0.3359, 0.1440
0.3359, 0.1440
0.3359, 0.1440
0.3359, 0.1414
0.3359, 0.1414
0.3359, 0.1414
0.3359, 0.1388
0.3359, 0.1388
0.3359, 0.1388
0.3359, 0.1388
0.3359, 0.1388
0.3359, 0.1388
0.3359, 0.1362
0.3359, 0.1362
0.3359, 0.1362
0.3359, 0.1362
0.3359, 0.1362
0.3359, 0.1362
0.3359, 0.1362
0.3359, 0.1362
0.3359, 0.1362
0.3359, 0.1362
0.3320, 0.1362
0.3320, 0.1362
0.3320, 0.1362
0.3320, 0.1337
0.3320, 0.1337
0.3320, 0.1337
0.3320, 0.1311
0.3320, 0.1311
0.3320, 0.1311
0.3320, 0.1311
0.3320, 0.1311
0.3320, 0.1311
0.3320, 0.1285
0.3320, 0.1285
0.3320, 0.1285
0.3320, 0.1260
0.3320, 0.1260
0.3320, 0.1260
0.3320, 0.1234
0.3320, 0.1234
0.3320, 0.1234
0.3320, 0.1234
0.3320, 0.1234
0.3320, 0.1234
0.3320, 0.1208
0.3320, 0.1208
0.3320, 0.1183
0.3320, 0.1183
0.3320, 0.1183
0.3320, 0.1183
0.3320, 0.1183
0.3320, 0.1183
0.3320, 0.1183
0.3320, 0.1183
0.3320, 0.1183
0.3320, 0.1183
0.3320, 0.1157
0.3320, 0.1157
0.3320, 0.1157
0.3320, 0.1131
0.3320, 0.1131
0.3320, 0.1131
0.3320, 0.1131
0.3320, 0.1131
0.3320, 0.1131
0.3320, 0.1131
0.3320, 0.1131
0.3320, 0.1131
0.3320, 0.1131
0.3320, 0.1105
0.3320, 0.1105
0.3320, 0.1105
0.3320, 0.1080
0.3320, 0.1080
0.3320, 0.1080
0.3320, 0.1054
0.3320, 0.1054
0.3320, 0.1054
0.3320, 0.1054
0.3320, 0.1054
0.3320, 0.1054
0.3320, 0.1054
0.3320, 0.1054
0.3320, 0.1028
0.3320, 0.1028
0.3320, 0.1028
0.3320, 0.1003
0.3320, 0.1003
0.3320, 0.1003
0.3320, 0.1003
0.3320, 0.1003
0.3320, 0.1003
0.3320, 0.0977
0.3320, 0.0977
0.3320, 0.0977
0.3320, 0.0951
0.3320, 0.0951
0.3320, 0.0951
0.3320, 0.0925
0.3320, 0.0925
0.3320, 0.0925
0.3320, 0.0925
0.3320, 0.0925
0.3320, 0.0925
0.3320, 0.0925
0.3320, 0.0925
0.3320, 0.0925
0.3320, 0.0900
0.3320, 0.0900
0.3320, 0.0900
0.3320, 0.0874
0.3320, 0.0874
0.3320, 0.0874
0.3320, 0.0874
0.3320, 0.0874
0.3320, 0.0874
0.3320, 0.0848
0.3320, 0.0848
0.3320, 0.0823
0.3320, 0.0823
0.3320, 0.0823
0.3320, 0.0823
0.3320, 0.0823
0.3320, 0.0823
0.3320, 0.0797
0.3320, 0.0797
0.3320, 0.0797
0.3320, 0.0797
0.3320, 0.0797
0.3320, 0.0797
0.3320, 0.0797
0.3320, 0.0771
0.3320, 0.0771
0.3320, 0.0771
0.3320, 0.0746
0.3320, 0.0746
0.3320, 0.0746
0.3320, 0.0746
0.3320, 0.0746
0.3320, 0.0746
0.3320, 0.0746
0.3320, 0.0746
0.3320, 0.0746
0.3320, 0.0746
0.3320, 0.0746
0.3320, 0.0746
0.3320, 0.0720
0.3320, 0.0720
0.3320, 0.0720
0.3320, 0.0720
0.3320, 0.0720
0.3320, 0.0720
0.3320, 0.0694
0.3320, 0.0694
0.3320, 0.0694
0.3320, 0.0694
0.3320, 0.0694
0.3320, 0.0694
0.3320, 0.0668
0.3320, 0.0668
0.3320, 0.0668
0.3320, 0.0668
0.3320, 0.0668
0.3320, 0.0668
0.3320, 0.0668
0.3320, 0.0668
0.3320, 0.0668
0.3320, 0.0643
0.3320, 0.0643
0.3320, 0.0643
0.3320, 0.0617
0.3320, 0.0617
0.3320, 0.0617
0.3320, 0.0617
0.3320, 0.0617
0.3320, 0.0617
0.3320, 0.0617
0.3320, 0.0617
0.3320, 0.0617
0.3320, 0.0591
0.3320, 0.0591
0.3320, 0.0591
0.3320, 0.0566
0.3320, 0.0566
0.3320, 0.0566
0.3320, 0.0566
0.3320, 0.0566
0.3320, 0.0540
0.3320, 0.0540
0.3320, 0.0540
0.3320, 0.0540
0.3320, 0.0540
0.3320, 0.0540
0.3320, 0.0540
0.3320, 0.0540
0.3320, 0.0540
0.3320, 0.0514
0.3320, 0.0514
0.3320, 0.0514
0.3320, 0.0514
0.3320, 0.0514
0.3320, 0.0488
0.3320, 0.0488
0.3320, 0.0488
0.3320, 0.0488
0.3320, 0.0488
0.3320, 0.0488
0.3320, 0.0488
0.3320, 0.0488
0.3320, 0.0488
0.3320, 0.0488
0.3320, 0.0488
0.3320, 0.0488
0.3320, 0.0488
0.3320, 0.0463
0.3320, 0.0463
0.3320, 0.0463
0.3320, 0.0437
0.3320, 0.0437
0.3320, 0.0437
0.3320, 0.0437
0.3320, 0.0437
0.3320, 0.0437
0.3320, 0.0437
0.3320, 0.0437
0.3320, 0.0437
0.3320, 0.0437
0.3320, 0.0437
0.3320, 0.0437
0.3320, 0.0437
0.3320, 0.0411
0.3320, 0.0411
0.3320, 0.0386
0.3320, 0.0386
0.3320, 0.0386
0.3359, 0.0386
0.3359, 0.0386
0.3359, 0.0386
0.3359, 0.0360
0.3359, 0.0360
0.3359, 0.0360
0.3359, 0.0360
0.3359, 0.0360
0.3359, 0.0360
0.3359, 0.0360
0.3359, 0.0360
0.3359, 0.0334
0.3359, 0.0334
0.3359, 0.0334
0.3359, 0.0334
0.3359, 0.0334
0.3359, 0.0334
0.3359, 0.0334
0.3359, 0.0334
0.3359, 0.0334
0.3359, 0.0308
0.3359, 0.0308
0.3359, 0.0308
0.3359, 0.0308
0.3359, 0.0308
0.3359, 0.0308
0.3359, 0.0308
0.3359, 0.0308
0.3359, 0.0308
0.3359, 0.0308
0.3359, 0.0308
0.3359, 0.0308
0.3398, 0.0308
0.3398, 0.0308
0.3398, 0.0308
0.3398, 0.0283
0.3398, 0.0283
0.3398, 0.0283
0.3398, 0.0283
0.3398, 0.0283
0.3398, 0.0283
0.3398, 0.0257
0.3398, 0.0257
0.3436, 0.0257
0.3436, 0.0257
0.3436, 0.0257
0.3436, 0.0231
0.3436, 0.0231
0.3436, 0.0231
0.3436, 0.0231
0.3436, 0.0231
0.3436, 0.0231
0.3436, 0.0231
0.3436, 0.0231
0.3436, 0.0231
0.3436, 0.0231
0.3436, 0.0231
0.3475, 0.0206
0.3475, 0.0206
0.3475, 0.0206
0.3475, 0.0206
0.3475, 0.0206
0.3475, 0.0206
0.3475, 0.0206
0.3475, 0.0206
0.3475, 0.0206
0.3475, 0.0180
0.3475, 0.0180
0.3475, 0.0180
0.3475, 0.0180
0.3475, 0.0180
0.3475, 0.0180
0.3475, 0.0180
0.3475, 0.0180
0.3475, 0.0180
0.3475, 0.0180
0.3475, 0.0180
0.3475, 0.0180
0.3475, 0.0180
0.3475, 0.0180
0.3475, 0.0180
0.3475, 0.0180
0.3475, 0.0180
0.3475, 0.0180
0.3475, 0.0180
0.3475, 0.0180
0.3475, 0.0180
0.3475, 0.0180
0.3475, 0.0180
0.3475, 0.0180
0.3475, 0.0180
0.3475, 0.0180
0.3475, 0.0180
0.3475, 0.0154
0.3475, 0.0154
0.3475, 0.0154
0.3475, 0.0154
0.3475, 0.0154
0.3475, 0.0154
0.3514, 0.0154
0.3514, 0.0154
0.3514, 0.0154
0.3514, 0.0129
0.3514, 0.0129
0.3514, 0.0129
0.3514, 0.0129
0.3514, 0.0129
0.3514, 0.0129
0.3514, 0.0129
0.3514, 0.0129
0.3514, 0.0129
0.3514, 0.0129
0.3514, 0.0129
0.3514, 0.0129
0.3514, 0.0129
0.3514, 0.0129
0.3514, 0.0129
0.3514, 0.0129
0.3514, 0.0129
0.3514, 0.0129
0.3514, 0.0129
0.3514, 0.0129
0.3514, 0.0129
0.3514, 0.0103
0.3514, 0.0103
0.3552, 0.0103
0.3552, 0.0103
0.3552, 0.0103
0.3552, 0.0103
0.3552, 0.0103
0.3552, 0.0103
0.3552, 0.0103
0.3552, 0.0103
0.3552, 0.0103
0.3552, 0.0103
0.3552, 0.0103
0.3552, 0.0103
0.3552, 0.0103
0.3552, 0.0103
0.3552, 0.0103
0.3552, 0.0103
0.3552, 0.0103
0.3552, 0.0103
0.3552, 0.0103
0.3552, 0.0103
0.3552, 0.0103
0.3552, 0.0103
0.3552, 0.0103
0.3552, 0.0103
0.3552, 0.0103
0.3552, 0.0103
0.3552, 0.0103
0.3552, 0.0077
0.3552, 0.0077
0.3552, 0.0077
0.3591, 0.0077
0.3591, 0.0077
0.3591, 0.0077
0.3591, 0.0077
0.3591, 0.0077
0.3591, 0.0077
0.3591, 0.0051
0.3591, 0.0051
0.3591, 0.0051
0.3629, 0.0051
0.3629, 0.0051
0.3629, 0.0051
0.3629, 0.0051
0.3629, 0.0051
0.3668, 0.0051
0.3668, 0.0051
0.3668, 0.0051
0.3668, 0.0051
0.3668, 0.0051
0.3668, 0.0051
0.3668, 0.0051
0.3668, 0.0051
0.3668, 0.0051
0.3668, 0.0051
0.3668, 0.0051
0.3668, 0.0051
0.3668, 0.0051
0.3668, 0.0051
0.3668, 0.0051
0.3668, 0.0051
0.3668, 0.0051
0.3668, 0.0051
0.3707, 0.0051
0.3707, 0.0051
0.3707, 0.0051
0.3707, 0.0051
0.3707, 0.0051
0.3707, 0.0051
0.3745, 0.0026
0.3745, 0.0026
0.3745, 0.0026
0.3745, 0.0026
0.3745, 0.0026
0.3745, 0.0026
0.3745, 0.0026
0.3745, 0.0026
0.3745, 0.0026
0.3784, 0.0026
0.3784, 0.0026
0.3784, 0.0026
0.3784, 0.0026
0.3784, 0.0026
0.3784, 0.0026
0.3822, 0.0026
0.3822, 0.0026
0.3861, 0.0026
0.3861, 0.0026
0.3861, 0.0026
0.3861, 0.0026
0.3861, 0.0026
0.3861, 0.0026
0.3861, 0.0026
0.3861, 0.0026
0.3861, 0.0026
0.3900, 0.0026
0.3900, 0.0026
0.3900, 0.0026
0.3900, 0.0026
0.3900, 0.0026
0.3900, 0.0026
0.3938, 0.0026
0.3938, 0.0026
0.3938, 0.0026
0.3938, 0.0026
0.3938, 0.0026
0.3938, 0.0026
0.3938, 0.0000
0.3938, 0.0000
0.3938, 0.0000
0.3938, 0.0000
0.3938, 0.0000
0.3938, 0.0000
0.3977, 0.0000
0.3977, 0.0000
0.4015, 0.0000
0.4015, 0.0000
0.4015, 0.0000
0.4015, 0.0000
0.4015, 0.0000
0.4015, 0.0000
0.4054, 0.0000
0.4054, 0.0000
0.4054, 0.0000
0.4054, 0.0000
0.4054, 0.0000
0.4054, 0.0000
0.4054, 0.0000
0.4054, 0.0000
0.4054, 0.0000
0.4093, 0.0000
0.4093, 0.0000
0.4093, 0.0000
0.4131, 0.0000
0.4131, 0.0000
0.4131, 0.0000
0.4131, 0.0000
0.4131, 0.0000
0.4131, 0.0000
0.4131, 0.0000
0.4131, 0.0000
0.4170, 0.0000
0.4170, 0.0000
0.4170, 0.0000
0.4208, 0.0000
0.4208, 0.0000
0.4208, 0.0000
0.4247, 0.0000
0.4247, 0.0000
0.4247, 0.0000
0.4247, 0.0000
0.4247, 0.0000
0.4247, 0.0000
0.4247, 0.0000
0.4247, 0.0000
0.4247, 0.0000
0.4286, 0.0000
0.4286, 0.0000
0.4286, 0.0026
0.4286, 0.0026
0.4286, 0.0026
0.4324, 0.0026
0.4324, 0.0026
0.4324, 0.0026
0.4324, 0.0026
0.4324, 0.0026
0.4324, 0.0026
0.4324, 0.0026
0.4324, 0.0026
0.4324, 0.0026
0.4363, 0.0026
0.4363, 0.0026
0.4402, 0.0026
0.4402, 0.0026
0.4402, 0.0026
0.4402, 0.0026
0.4402, 0.0026
0.4402, 0.0026
0.4402, 0.0051
0.4402, 0.0051
0.4402, 0.0051
0.4440, 0.0051
0.4440, 0.0051
0.4479, 0.0077
0.4479, 0.0077
0.4479, 0.0077
0.4517, 0.0077
0.4517, 0.0077
0.4517, 0.0077
0.4517, 0.0077
0.4517, 0.0077
0.4517, 0.0077
0.4517, 0.0077
0.4517, 0.0077
0.4517, 0.0077
0.4556, 0.0103
0.4556, 0.0103
0.4595, 0.0103
0.4595, 0.0103
0.4595, 0.0103
0.4595, 0.0129
0.4595, 0.0129
0.4595, 0.0129
0.4595, 0.0129
0.4595, 0.0129
0.4633, 0.0154
0.4633, 0.0154
0.4633, 0.0154
0.4672, 0.0154
0.4672, 0.0154
0.4672, 0.0154
0.4672, 0.0154
0.4672, 0.0154
0.4672, 0.0154
0.4710, 0.0180
0.4710, 0.0180
0.4710, 0.0180
0.4710, 0.0206
0.4710, 0.0206
0.4749, 0.0206
0.4749, 0.0206
0.4749, 0.0206
0.4788, 0.0231
0.4788, 0.0231
0.4788, 0.0231
0.4788, 0.0257
0.4788, 0.0257
0.4826, 0.0283
0.4826, 0.0283
0.4826, 0.0283
0.4865, 0.0283
0.4865, 0.0283
0.4865, 0.0283
0.4903, 0.0308
0.4903, 0.0308
0.4903, 0.0334
0.4903, 0.0334
0.4903, 0.0334
0.4942, 0.0334
0.4942, 0.0334
0.4942, 0.0334
0.4942, 0.0334
0.4942, 0.0334
0.4981, 0.0360
0.4981, 0.0360
0.4981, 0.0360
0.4981, 0.0360
0.4981, 0.0360
0.4981, 0.0386
0.4981, 0.0386
0.4981, 0.0386
0.5019, 0.0411
0.5019, 0.0411
0.5019, 0.0411
0.5058, 0.0411
0.5058, 0.0411
0.5097, 0.0411
0.5097, 0.0411
0.5097, 0.0411
0.5097, 0.0437
0.5097, 0.0437
0.5097, 0.0437
0.5097, 0.0437
0.5097, 0.0437
0.5097, 0.0437
0.5097, 0.0463
0.5097, 0.0463
0.5097, 0.0463
0.5135, 0.0463
0.5135, 0.0463
0.5135, 0.0463
0.5135, 0.0463
0.5135, 0.0463
0.5135, 0.0463
0.5135, 0.0463
0.5135, 0.0463
0.5174, 0.0463
0.5174, 0.0463
0.5174, 0.0463
0.5174, 0.0488
0.5174, 0.0488
0.5174, 0.0488
0.5174, 0.0488
0.5174, 0.0488
0.5212, 0.0514
0.5212, 0.0514
0.5212, 0.0514
0.5212, 0.0514
0.5212, 0.0514
0.5212, 0.0514
0.5251, 0.0514
0.5251, 0.0514
0.5251, 0.0514
0.5290, 0.0514
0.5290, 0.0514
0.5290, 0.0540
0.5290, 0.0540
0.5290, 0.0540
0.5290, 0.0540
0.5290, 0.0540
0.5290, 0.0540
0.5290, 0.0566
0.5290, 0.0566
0.5290, 0.0566
0.5290, 0.0566
0.5290, 0.0566
0.5290, 0.0566
0.5328, 0.0591
0.5328, 0.0591
0.5328, 0.0591
0.5328, 0.0591
0.5367, 0.0591
0.5367, 0.0591
0.5367, 0.0591
0.5367, 0.0591
0.5367, 0.0591
0.5367, 0.0591
0.5367, 0.0617
0.5367, 0.0617
0.5367, 0.0617
0.5367, 0.0617
0.5367, 0.0617
0.5405, 0.0643
0.5405, 0.0643
0.5405, 0.0643
0.5405, 0.0643
0.5405, 0.0643
0.5405, 0.0643
0.5444, 0.0643
0.5444, 0.0643
0.5444, 0.0643
0.5444, 0.0643
0.5444, 0.0643
0.5444, 0.0643
0.5483, 0.0668
0.5483, 0.0668
0.5483, 0.0694
0.5483, 0.0694
0.5483, 0.0694
0.5483, 0.0694
0.5483, 0.0694
0.5483, 0.0694
0.5521, 0.0720
0.5521, 0.0720
0.5521, 0.0720
0.5560, 0.0720
0.5560, 0.0720
0.5560, 0.0720
0.5560, 0.0720
0.5560, 0.0720
0.5560, 0.0746
0.5560, 0.0746
0.5560, 0.0746
0.5598, 0.0771
0.5598, 0.0771
0.5598, 0.0771
0.5598, 0.0771
0.5598, 0.0771
0.5598, 0.0771
0.5637, 0.0771
0.5637, 0.0771
0.5637, 0.0797
0.5637, 0.0797
0.5637, 0.0797
0.5637, 0.0797
0.5637, 0.0797
0.5637, 0.0797
0.5676, 0.0823
0.5676, 0.0823
0.5676, 0.0823
0.5676, 0.0823
0.5676, 0.0823
0.5676, 0.0823
0.5714, 0.0848
0.5714, 0.0848
0.5753, 0.0848
0.5753, 0.0848
0.5753, 0.0848
0.5753, 0.0874
0.5753, 0.0874
0.5753, 0.0874
0.5753, 0.0874
0.5792, 0.0900
0.5792, 0.0900
0.5792, 0.0900
0.5792, 0.0900
0.5792, 0.0900
0.5792, 0.0900
0.5830, 0.0900
0.5830, 0.0900
0.5830, 0.0925
0.5830, 0.0925
0.5830, 0.0925
0.5830, 0.0925
0.5830, 0.0925
0.5830, 0.0925
0.5869, 0.0951
0.5869, 0.0951
0.5869, 0.0977
0.5869, 0.0977
0.5869, 0.0977
0.5907, 0.0977
0.5907, 0.0977
0.5907, 0.0977
0.5946, 0.1003
0.5946, 0.1003
0.5946, 0.1028
0.5946, 0.1028
0.5946, 0.1028
0.5946, 0.1028
0.5946, 0.1028
0.5946, 0.1028
0.5985, 0.1028
0.5985, 0.1028
0.6023, 0.1054
0.6023, 0.1054
0.6023, 0.1054
0.6023, 0.1080
0.6023, 0.1080
0.6023, 0.1080
0.6023, 0.1080
0.6023, 0.1080
0.6062, 0.1105
0.6062, 0.1105
0.6062, 0.1105
0.6062, 0.1105
0.6062, 0.1105
0.6062, 0.1105
0.6100, 0.1105
0.6100, 0.1105
0.6139, 0.1131
0.6139, 0.1131
0.6139, 0.1131
0.6139, 0.1157
0.6139, 0.1157
0.6139, 0.1157
0.6139, 0.1157
0.6139, 0.1157
0.6178, 0.1183
0.6178, 0.1183
0.6178, 0.1183
0.6178, 0.1208
0.6178, 0.1208
0.6216, 0.1234
0.6216, 0.1234
0.6216, 0.1234
0.6216, 0.1234
0.6216, 0.1234
0.6216, 0.1234
0.6216, 0.1234
0.6216, 0.1234
0.6255, 0.1260
0.6255, 0.1260
0.6255, 0.1285
0.6255, 0.1285
0.6293, 0.1285
0.6293, 0.1285
0.6293, 0.1285
0.6293, 0.1285
0.6293, 0.1285
0.6332, 0.1311
0.6332, 0.1311
0.6332, 0.1337
0.6332, 0.1337
0.6332, 0.1337
0.6332, 0.1337
0.6332, 0.1337
0.6371, 0.1362
0.6371, 0.1362
0.6371, 0.1388
0.6371, 0.1388
0.6409, 0.1414
0.6409, 0.1414
0.6409, 0.1414
0.6409, 0.1414
0.6409, 0.1414
0.6409, 0.1414
0.6409, 0.1414
0.6409, 0.1440
0.6409, 0.1440
0.6448, 0.1465
0.6448, 0.1465
0.6486, 0.1465
0.6486, 0.1465
0.6486, 0.1491
0.6486, 0.1491
0.6525, 0.1517
0.6525, 0.1517
0.6525, 0.1542
0.6525, 0.1542
0.6525, 0.1542
0.6525, 0.1542
0.6525, 0.1568
0.6525, 0.1568
0.6525, 0.1568
0.6564, 0.1594
0.6564, 0.1594
0.6564, 0.1594
0.6564, 0.1594
0.6602, 0.1594
0.6602, 0.1594
0.6602, 0.1620
0.6602, 0.1620
0.6602, 0.1645
0.6602, 0.1645
0.6602, 0.1645
0.6602, 0.1645
0.6602, 0.1645
0.6602, 0.1671
0.6602, 0.1671
0.6641, 0.1671
0.6641, 0.1671
0.6641, 0.1671
0.6641, 0.1671
0.6641, 0.1671
0.6641, 0.1671
0.6680, 0.1697
0.6680, 0.1697
0.6680, 0.1722
0.6680, 0.1722
0.6718, 0.1722
0.6718, 0.1722
0.6718, 0.1722
0.6718, 0.1722
0.6718, 0.1722
0.6718, 0.1748
0.6718, 0.1748
0.6718, 0.1774
0.6718, 0.1774
0.6718, 0.1799
0.6718, 0.1799
0.6757, 0.1799
0.6757, 0.1799
0.6757, 0.1799
0.6757, 0.1799
0.6757, 0.1799
0.6757, 0.1799
0.6757, 0.1799
0.6795, 0.1825
0.6795, 0.1825
0.6795, 0.1825
0.6795, 0.1825
0.6795, 0.1851
0.6795, 0.1851
0.6795, 0.1851
0.6795, 0.1851
0.6795, 0.1851
0.6795, 0.1851
0.6795, 0.1851
0.6795, 0.1877
0.6795, 0.1877
0.6834, 0.1902
0.6834, 0.1902
0.6834, 0.1902
0.6834, 0.1902
0.6834, 0.1902
0.6873, 0.1928
0.6873, 0.1928
0.6873, 0.1928
0.6873, 0.1928
0.6873, 0.1954
0.6873, 0.1954
0.6873, 0.1979
0.6873, 0.1979
0.6911, 0.1979
0.6911, 0.1979
0.6911, 0.1979
0.6911, 0.1979
0.6911, 0.1979
0.6911, 0.2005
0.6911, 0.2005
0.6950, 0.2031
0.6950, 0.2031
0.6950, 0.2057
0.6950, 0.2057
0.6988, 0.2057
0.6988, 0.2057
0.6988, 0.2082
0.6988, 0.2082
0.6988, 0.2082
0.6988, 0.2082
0.6988, 0.2082
0.7027, 0.2134
0.7027, 0.2134
0.7027, 0.2134
0.7027, 0.2134
0.7066, 0.2159
0.7066, 0.2159
0.7104, 0.2185
0.7104, 0.2185
0.7104, 0.2185
0.7104, 0.2185
0.7104, 0.2185
0.7104, 0.2211
0.7104, 0.2211
0.7104, 0.2237
0.7104, 0.2237
0.7143, 0.2237
0.7143, 0.2237
0.7143, 0.2262
0.7143, 0.2262
0.7181, 0.2262
0.7181, 0.2262
0.7181, 0.2288
0.7181, 0.2288
0.7181, 0.2288
0.7181, 0.2288
0.7181, 0.2314
0.7181, 0.2314
0.7181, 0.2314
0.7181, 0.2314
0.7181, 0.2314
0.7220, 0.2339
0.7220, 0.2339
0.7259, 0.2365
0.7259, 0.2365
0.7259, 0.2365
0.7259, 0.2365
0.7297, 0.2391
0.7297, 0.2391
0.7297, 0.2416
0.7297, 0.2416
0.7297, 0.2442
0.7297, 0.2442
0.7336, 0.2442
0.7336, 0.2442
0.7336, 0.2468
0.7336, 0.2468
0.7375, 0.2494
0.7375, 0.2494
0.7375, 0.2494
0.7375, 0.2494
0.7375, 0.2494
0.7375, 0.2519
0.7375, 0.2519
0.7413, 0.2519
0.7413, 0.2519
0.7452, 0.2545
0.7452, 0.2545
0.7452, 0.2571
0.7452, 0.2571
0.7490, 0.2596
0.7490, 0.2596
0.7490, 0.2622
0.7490, 0.2622
0.7490, 0.2648
0.7490, 0.2648
0.7529, 0.2648
0.7529, 0.2648
0.7568, 0.2674
0.7568, 0.2674
0.7568, 0.2699
0.7568, 0.2699
0.7568, 0.2699
0.7568, 0.2699
0.7568, 0.2699
0.7606, 0.2725
0.7606, 0.2725
0.7645, 0.2776
0.7645, 0.2776
0.7683, 0.2776
0.7683, 0.2776
0.7683, 0.2776
0.7683, 0.2776
0.7683, 0.2802
0.7683, 0.2802
0.7722, 0.2828
0.7722, 0.2828
0.7722, 0.2853
0.7722, 0.2853
0.7761, 0.2853
0.7761, 0.2853
0.7761, 0.2879
0.7761, 0.2879
0.7761, 0.2879
0.7761, 0.2905
0.7761, 0.2905
0.7799, 0.2905
0.7799, 0.2905
0.7799, 0.2931
0.7799, 0.2931
0.7838, 0.2956
0.7838, 0.2956
0.7876, 0.2982
0.7876, 0.2982
0.7876, 0.2982
0.7876, 0.2982
0.7876, 0.3008
0.7876, 0.3008
0.7915, 0.3033
0.7915, 0.3033
0.7954, 0.3033
0.7954, 0.3033
0.7954, 0.3033
0.7954, 0.3059
0.7954, 0.3059
0.7954, 0.3085
0.7954, 0.3085
0.7992, 0.3085
0.7992, 0.3085
0.8031, 0.3085
0.8031, 0.3085
0.8069, 0.3111
0.8069, 0.3111
0.8069, 0.3136
0.8069, 0.3136
0.8069, 0.3136
0.8069, 0.3136
0.8069, 0.3136
0.8108, 0.3162
0.8108, 0.3162
0.8147, 0.3162
0.8147, 0.3162
0.8147, 0.3162
0.8147, 0.3162
0.8185, 0.3188
0.8185, 0.3188
0.8224, 0.3188
0.8224, 0.3188
0.8263, 0.3213
0.8263, 0.3213
0.8263, 0.3213
0.8263, 0.3213
0.8301, 0.3213
0.8301, 0.3213
0.8301, 0.3213
0.8340, 0.3239
0.8340, 0.3239
0.8340, 0.3239
0.8340, 0.3239
0.8417, 0.3265
0.8417, 0.3265
0.8456, 0.3290
0.8456, 0.3290
0.8456, 0.3290
0.8456, 0.3290
0.8533, 0.3290
0.8533, 0.3290
0.8571, 0.3290
0.8571, 0.3290
0.8571, 0.3290
0.8610, 0.3316
0.8610, 0.3316
0.8649, 0.3316
0.8649, 0.3316
0.8687, 0.3316
0.8687, 0.3316
0.8687, 0.3316
0.8687, 0.3316
0.8726, 0.3316
0.8726, 0.3316
0.8803, 0.3316
0.8803, 0.3316
0.8803, 0.3316
0.8803, 0.3316
0.8842, 0.3316
0.8842, 0.3316
0.8880, 0.3342
0.8880, 0.3342
0.8919, 0.3342
0.8919, 0.3342
0.8958, 0.3342
0.8958, 0.3342
0.8996, 0.3342
0.8996, 0.3342
0.9035, 0.3342
0.9035, 0.3342
0.9073, 0.3342
0.9073, 0.3342
0.9112, 0.3342
0.9112, 0.3342
0.9112, 0.3342
0.9112, 0.3342
0.9112, 0.3342
0.9151, 0.3342
0.9151, 0.3342
0.9189, 0.3342
0.9189, 0.3342
0.9189, 0.3342
0.9189, 0.3342
0.9228, 0.3342
0.9228, 0.3342
0.9266, 0.3342
0.9266, 0.3342
0.9266, 0.3342
0.9305, 0.3342
0.9305, 0.3342
0.9305, 0.3342
0.9305, 0.3342
0.9305, 0.3342
0.9305, 0.3342
0.9305, 0.3342
0.9344, 0.3342
0.9344, 0.3342
0.9382, 0.3342
0.9382, 0.3342
0.9382, 0.3342
0.9382, 0.3342
0.9459, 0.3342
0.9459, 0.3342
0.9498, 0.3316
0.9498, 0.3316
0.9498, 0.3290
0.9498, 0.3290
0.9537, 0.3290
0.9537, 0.3290
0.9537, 0.3265
0.9537, 0.3265
0.9575, 0.3265
0.9575, 0.3265
0.9575, 0.3265
0.9575, 0.3265
0.9614, 0.3239
0.9614, 0.3239
0.9653, 0.3239
0.9653, 0.3239
0.9691, 0.3213
0.9691, 0.3213
0.9691, 0.3213
0.9691, 0.3213
0.9768, 0.3188
0.9768, 0.3188
0.9807, 0.3162
0.9807, 0.3162
0.9807, 0.3136
0.9807, 0.3136
0.9807, 0.3136
0.9807, 0.3136
0.9846, 0.3136
0.9846, 0.3136
0.9884, 0.3111
0.9884, 0.3111
0.9884, 0.3085
0.9884, 0.3085
0.9884, 0.3059
0.9884, 0.3059
0.9923, 0.3059
0.9923, 0.3059
0.9923, 0.3059
0.9923, 0.3059
0.9961, 0.3059
0.9961, 0.3059
0.9961, 0.3059
0.9961, 0.3059
0.9961, 0.3059
1.0000, 0.3033
1.0000, 0.3033
1.0000, 0.3033
1.0000, 0.3033
1.0000, 0.3033
1.0000, 0.3033
1.0000, 0.3033
1.0000, 0.3033
1.0000, 0.3008
1.0000, 0.3008
1.0000, 0.3008
1.0000, 0.3008
1.0000, 0.3008
1.0000, 0.3008
1.0000, 0.3008
1.0000, 0.3008
1.0000, 0.3008
1.0000, 0.3008
1.0000, 0.3008
1.0000, 0.3008
1.0000, 0.3008
1.0000, 0.3008
1.0000, 0.3008
1.0000, 0.3008
1.0000, 0.3008
1.0000, 0.3008
1.0000, 0.3008
1.0000, 0.3008
1.0000, 0.3008
1.0000, 0.3008
1.0000, 0.3008
1.0000, 0.3008
1.0000, 0.3008
1.0000, 0.3008
1.0000, 0.3008
1.0000, 0.3008
1.0000, 0.3008
1.0000, 0.3008
1.0000, 0.3008
1.0000, 0.3008
0.2008, 0.3085
0.2008, 0.3085
0.2008, 0.3085
0.1969, 0.3085
0.1969, 0.3085
0.1969, 0.3085
0.1969, 0.3085
0.1969, 0.3085
0.1969, 0.3085
0.1969, 0.3085
0.1969, 0.3085
0.1969, 0.3085
0.1969, 0.3085
0.1969, 0.3085
0.1969, 0.3085
0.1969, 0.3085
0.1969, 0.3085
0.1969, 0.3085
0.1969, 0.3085
0.1969, 0.3085
0.1969, 0.3085
0.1969, 0.3085
0.1969, 0.3085
0.1969, 0.3085
0.1969, 0.3085
0.1969, 0.3085
0.1969, 0.3085
0.1969, 0.3085
0.1969, 0.3085
0.1969, 0.3085
0.1969, 0.3085
0.1969, 0.3085
0.1969, 0.3085
0.1969, 0.3085
0.1969, 0.3085
0.1969, 0.3085
0.1969, 0.3085
0.1969, 0.3085
0.1969, 0.3085
0.1969, 0.3085
0.1969, 0.3085
0.1969, 0.3085
0.1969, 0.3085
0.1969, 0.3085
0.1969, 0.3085
0.1969, 0.3085
0.1969, 0.3085
0.1969, 0.3085
0.1969, 0.3085
0.1969, 0.3085
0.1969, 0.3085
0.1969, 0.3085
0.1969, 0.3085
0.1969, 0.3085
0.1969, 0.3085
0.1969, 0.3085
0.1969, 0.3085
0.1969, 0.3085
0.1969, 0.3085
0.1969, 0.3085
0.1969, 0.3085
0.1969, 0.3085
0.1969, 0.3085
0.1969, 0.3085
0.1969, 0.3085
0.1969, 0.3085
0.1969, 0.3085
0.1969, 0.3085
0.1969, 0.3085
0.1969, 0.3085
0.1969, 0.3085
0.1969, 0.3085
0.1969, 0.3085
0.1969, 0.3085
0.1969, 0.3085
0.1969, 0.3085
0.1969, 0.3085
0.1969, 0.3085
0.1969, 0.3085
0.1969, 0.3085
0.1969, 0.3085
0.1969, 0.3085
0.2008, 0.3085
0.2008, 0.3085
0.2008, 0.3085
0.2046, 0.3085
0.2046, 0.3085
0.2046, 0.3085
0.2085, 0.3085
0.2085, 0.3085
0.2085, 0.3085
0.2162, 0.3085
0.2162, 0.3085
0.2162, 0.3085
0.2201, 0.3085
0.2201, 0.3085
0.2201, 0.3085
0.2239, 0.3085
0.2239, 0.3085
0.2239, 0.3085
0.2317, 0.3085
0.2317, 0.3085
0.2317, 0.3085
0.2355, 0.3085
0.2355, 0.3085
0.2355, 0.3085
0.2432, 0.3085
0.2432, 0.3085
0.2432, 0.3085
0.2471, 0.3085
0.2471, 0.3085
0.2471, 0.3085
0.2548, 0.3085
0.2548, 0.3085
0.2548, 0.3085
0.2548, 0.3085
0.2587, 0.3085
0.2587, 0.3085
0.2587, 0.3085
0.2664, 0.3059
0.2664, 0.3059
0.2664, 0.3059
0.2703, 0.3059
0.2703, 0.3059
0.2703, 0.3059
0.2741, 0.3059
0.2741, 0.3059
0.2741, 0.3059
0.2780, 0.3059
0.2780, 0.3059
0.2780, 0.3059
0.2819, 0.3059
0.2819, 0.3059
0.2819, 0.3059
0.2857, 0.3059
0.2857, 0.3059
0.2857, 0.3059
0.2896, 0.3059
0.2896, 0.3059
0.2896, 0.3059
0.2934, 0.3059
0.2934, 0.3059
0.2934, 0.3059
0.2973, 0.3059
0.2973, 0.3059
0.2973, 0.3059
0.3050, 0.3059
0.3050, 0.3059
0.3050, 0.3059
0.3089, 0.3059
0.3089, 0.3059
0.3089, 0.3059
0.3127, 0.3059
0.3127, 0.3059
0.3127, 0.3059
0.3166, 0.3059
0.3166, 0.3059
0.3166, 0.3059
0.3243, 0.3059
0.3243, 0.3059
0.3243, 0.3059
0.3282, 0.3059
0.3282, 0.3059
0.3282, 0.3059
0.3320, 0.3059
0.3320, 0.3059
0.3320, 0.3059
0.3359, 0.3059
0.3359, 0.3059
0.3359, 0.3059
0.3398, 0.3059
0.3398, 0.3059
0.3398, 0.3059
0.3398, 0.3059
0.3398, 0.3059
0.3398, 0.3059
0.3436, 0.3059
0.3436, 0.3059
0.3436, 0.3059
0.3436, 0.3059
0.3436, 0.3059
0.3436, 0.3059
0.3475, 0.3059
0.3475, 0.3059
0.3475, 0.3059
0.3475, 0.3059
0.3475, 0.3059
0.3475, 0.3059
0.3475, 0.3059
0.3475, 0.3059
0.3475, 0.3059
0.3475, 0.3059
0.3514, 0.3059
0.3514, 0.3059
0.3514, 0.3059
0.3552, 0.3059
0.3552, 0.3059
0.3552, 0.3059
0.3591, 0.3059
0.3591, 0.3059
0.3591, 0.3059
0.3591, 0.3059
0.3591, 0.3059
0.3591, 0.3059
0.3629, 0.3059
0.3629, 0.3059
0.3668, 0.3059
0.3668, 0.3059
0.3668, 0.3059
0.3668, 0.3059
0.3668, 0.3059
0.3668, 0.3059
0.3668, 0.3059
0.3745, 0.3059
0.3745, 0.3059
0.3745, 0.3059
0.3784, 0.3059
0.3784, 0.3059
0.3784, 0.3059
0.3784, 0.3059
0.3784, 0.3059
0.3784, 0.3059
0.3822, 0.3059
0.3822, 0.3059
0.3822, 0.3059
0.3822, 0.3059
0.3822, 0.3059
0.3822, 0.3059
0.3861, 0.3059
0.3861, 0.3059
0.3861, 0.3059
0.3861, 0.3059
0.3861, 0.3059
0.3861, 0.3059
0.3900, 0.3059
0.3900, 0.3059
0.3900, 0.3059
0.3938, 0.3059
0.3938, 0.3059
0.3938, 0.3059
0.3977, 0.3059
0.3977, 0.3059
0.3977, 0.3059
0.4015, 0.3059
0.4015, 0.3059
0.4015, 0.3059
0.4054, 0.3059
0.4054, 0.3059
0.4054, 0.3059
0.4093, 0.3059
0.4093, 0.3059
0.4093, 0.3059
0.4093, 0.3059
0.4093, 0.3059
0.4093, 0.3059
0.4131, 0.3059
0.4131, 0.3059
0.4131, 0.3059
0.4170, 0.3059
0.4170, 0.3059
0.4170, 0.3059
0.4208, 0.3059
0.4208, 0.3059
0.4208, 0.3059
0.4247, 0.3059
0.4247, 0.3059
0.4286, 0.3059
0.4286, 0.3059
0.4286, 0.3059
0.4286, 0.3059
0.4286, 0.3059
0.4286, 0.3059
0.4286, 0.3059
0.4324, 0.3059
0.4324, 0.3059
0.4324, 0.3059
0.4363, 0.3059
0.4363, 0.3059
0.4363, 0.3059
0.4363, 0.3059
0.4363, 0.3059
0.4363, 0.3059
0.4402, 0.3059
0.4402, 0.3059
0.4402, 0.3059
0.4440, 0.3059
0.4440, 0.3059
0.4440, 0.3059
0.4479, 0.3059
0.4479, 0.3059
0.4479, 0.3059
0.4479, 0.3059
0.4479, 0.3059
0.4517, 0.3059
0.4517, 0.3059
0.4517, 0.3059
0.4556, 0.3059
0.4556, 0.3059
0.4556, 0.3059
0.4556, 0.3059
0.4556, 0.3059
0.4556, 0.3059
0.4595, 0.3059
0.4595, 0.3059
0.4595, 0.3059
0.4633, 0.3059
0.4633, 0.3059
0.4672, 0.3059
0.4672, 0.3059
0.4672, 0.3059
0.4710, 0.3059
0.4710, 0.3059
0.4710, 0.3059
0.4788, 0.3059
0.4788, 0.3059
0.4788, 0.3059
0.4788, 0.3059
0.4788, 0.3059
0.4788, 0.3059
0.4826, 0.3059
0.4826, 0.3059
0.4826, 0.3059
0.4865, 0.3059
0.4865, 0.3059
0.4865, 0.3059
0.4865, 0.3059
0.4865, 0.3059
0.4865, 0.3059
0.4903, 0.3059
0.4903, 0.3059
0.4903, 0.3059
0.4903, 0.3059
0.4903, 0.3059
0.4903, 0.3059
0.4903, 0.3059
0.4903, 0.3059
0.4903, 0.3059
0.4942, 0.3059
0.4942, 0.3059
0.4942, 0.3059
0.4942, 0.3059
0.4942, 0.3059
0.4942, 0.3059
0.4942, 0.3059
0.4942, 0.3059
0.4942, 0.3059
0.4942, 0.3059
0.4942, 0.3059
0.4942, 0.3059
0.4942, 0.3059
0.4942, 0.3059
0.4942, 0.3059
0.4942, 0.3059
0.4942, 0.3059
0.4942, 0.3059
0.4942, 0.3059
0.4942, 0.3059
0.4942, 0.3059
0.4942, 0.3059
0.4942, 0.3059
0.4981, 0.3059
0.4981, 0.3059
0.4981, 0.3059
0.4981, 0.3059
0.4981, 0.3059
0.4981, 0.3059
0.4981, 0.3059
0.4981, 0.3059
0.4981, 0.3059
0.4981, 0.3059
0.4981, 0.3059
0.4981, 0.3059
0.4981, 0.3059
0.4981, 0.3059
0.4981, 0.3059
0.4981, 0.3059
0.4981, 0.3059
0.4981, 0.3059
0.4981, 0.3059
0.4981, 0.3059
0.4981, 0.3059
0.4981, 0.3059
0.4981, 0.3059
0.4981, 0.3059
0.4981, 0.3059
0.4981, 0.3059
0.4981, 0.3059
0.4981, 0.3059
0.4981, 0.3059
0.4981, 0.3059
0.4981, 0.3059
0.4981, 0.3059
0.4981, 0.3059
0.4981, 0.3059
0.4981, 0.3059
0.4981, 0.3059
0.4981, 0.3059
0.4981, 0.3059
0.4981, 0.3059
0.4981, 0.3059
0.4981, 0.3059
0.4981, 0.3059
0.4981, 0.3059
0.4981, 0.3059
0.4981, 0.3059
0.4981, 0.3059
0.4981, 0.3059
0.4981, 0.3059
0.4981, 0.3059
0.4981, 0.3059
0.4981, 0.3059
0.4981, 0.3059
0.4981, 0.3059
0.4981, 0.3059
0.4981, 0.3059
0.4981, 0.3059
0.4981, 0.3059
0.4981, 0.3059
0.4981, 0.3059
0.4981, 0.3059
0.4981, 0.3059
0.4981, 0.3059
0.4981, 0.3059
0.4981, 0.3059
0.4981, 0.3059
0.4981, 0.3059
0.4981, 0.3059
0.4981, 0.3059
0.4981, 0.3059
0.4981, 0.3059
0.4981, 0.3059
0.4981, 0.3059
0.4981, 0.3059
0.1969, 0.2262
0.1969, 0.2262
0.1969, 0.2262
0.1969, 0.2262
0.1969, 0.2262
0.1969, 0.2262
0.1969, 0.2262
0.1969, 0.2262
0.1969, 0.2262
0.1969, 0.2262
0.1969, 0.2262
0.1969, 0.2262
0.1969, 0.2262
0.1969, 0.2262
0.1969, 0.2262
0.1969, 0.2262
0.1969, 0.2262
0.1969, 0.2262
0.1969, 0.2262
0.1969, 0.2262
0.1969, 0.2262
0.1969, 0.2262
0.1969, 0.2262
0.1969, 0.2262
0.1969, 0.2262
0.1969, 0.2262
0.1969, 0.2262
0.1969, 0.2262
0.1969, 0.2262
0.1969, 0.2262
0.1969, 0.2262
0.1969, 0.2262
0.1969, 0.2262
0.1969, 0.2262
0.1969, 0.2262
0.1969, 0.2262
0.1969, 0.2262
0.1969, 0.2262
0.1969, 0.2262
0.1969, 0.2262
0.1969, 0.2262
0.1969, 0.2262
0.1969, 0.2262
0.1969, 0.2262
0.2008, 0.2262
0.2008, 0.2262
0.2008, 0.2262
0.2008, 0.2262
0.2008, 0.2262
0.2008, 0.2262
0.2008, 0.2262
0.2046, 0.2262
0.2046, 0.2262
0.2046, 0.2262
0.2046, 0.2262
0.2046, 0.2262
0.2046, 0.2262
0.2046, 0.2262
0.2046, 0.2262
0.2046, 0.2262
0.2046, 0.2262
0.2046, 0.2262
0.2046, 0.2262
0.2046, 0.2262
0.2085, 0.2262
0.2085, 0.2262
0.2085, 0.2262
0.2085, 0.2262
0.2085, 0.2262
0.2124, 0.2262
0.2124, 0.2262
0.2124, 0.2262
0.2124, 0.2262
0.2162, 0.2262
0.2239, 0.2262
0.2239, 0.2262
0.2239, 0.2262
0.2239, 0.2262
0.2239, 0.2262
0.2239, 0.2262
0.2239, 0.2262
0.2239, 0.2262
0.2239, 0.2262
0.2239, 0.2262
0.2239, 0.2262
0.2239, 0.2262
0.2239, 0.2262
0.2239, 0.2262
0.2239, 0.2262
0.2239, 0.2262
0.2278, 0.2262
0.2278, 0.2262
0.2278, 0.2262
0.2278, 0.2262
0.2278, 0.2262
0.2278, 0.2262
0.2278, 0.2262
0.2317, 0.2262
0.2317, 0.2262
0.2317, 0.2262
0.2317, 0.2262
0.2317, 0.2262
0.2317, 0.2262
0.2355, 0.2262
0.2355, 0.2262
0.2355, 0.2262
0.2394, 0.2262
0.2394, 0.2262
0.2394, 0.2262
0.2432, 0.2262
0.2432, 0.2262
0.2432, 0.2262
0.2471, 0.2262
0.2471, 0.2262
0.2471, 0.2262
0.2510, 0.2262
0.2510, 0.2262
0.2510, 0.2262
0.2510, 0.2262
0.2510, 0.2262
0.2510, 0.2262
0.2548, 0.2262
0.2548, 0.2262
0.2548, 0.2262
0.2587, 0.2262
0.2587, 0.2262
0.2587, 0.2262
0.2625, 0.2262
0.2625, 0.2262
0.2625, 0.2262
0.2625, 0.2262
0.2625, 0.2262
0.2625, 0.2262
0.2664, 0.2262
0.2664, 0.2262
0.2664, 0.2262
0.2703, 0.2262
0.2703, 0.2262
0.2703, 0.2262
0.2703, 0.2262
0.2703, 0.2262
0.2703, 0.2262
0.2780, 0.2262
0.2780, 0.2262
0.2780, 0.2262
0.2819, 0.2262
0.2819, 0.2262
0.2819, 0.2262
0.2819, 0.2262
0.2819, 0.2262
0.2819, 0.2262
0.2819, 0.2262
0.2896, 0.2262
0.2896, 0.2262
0.2896, 0.2262
0.2934, 0.2262
0.2934, 0.2262
0.2934, 0.2262
0.2973, 0.2262
0.2973, 0.2262
0.3050, 0.2262
0.3050, 0.2262
0.3050, 0.2262
0.3050, 0.2262
0.3050, 0.2262
0.3050, 0.2262
0.3050, 0.2262
0.3089, 0.2262
0.3089, 0.2262
0.3166, 0.2262
0.3166, 0.2262
0.3166, 0.2262
0.3166, 0.2262
0.3166, 0.2262
0.3166, 0.2262
0.3205, 0.2262
0.3205, 0.2262
0.3205, 0.2262
0.3205, 0.2262
0.3205, 0.2262
0.3205, 0.2262
0.3205, 0.2262
0.3243, 0.2262
0.3243, 0.2262
0.3243, 0.2262
0.3243, 0.2262
0.3243, 0.2262
0.3243, 0.2262
0.3243, 0.2262
0.3243, 0.2262
0.3243, 0.2262
0.3243, 0.2262
0.3243, 0.2262
0.3243, 0.2262
0.3243, 0.2262
0.3243, 0.2262
0.3243, 0.2262
0.3243, 0.2262
0.3243, 0.2262
0.3243, 0.2262
0.3243, 0.2262
0.3243, 0.2262
0.3243, 0.2262
0.3243, 0.2262
0.3243, 0.2262
0.3243, 0.2262
0.3243, 0.2262
0.3243, 0.2262
0.3243, 0.2262
0.3243, 0.2262
0.3243, 0.2262
0.3243, 0.2262
0.3243, 0.2262
0.3243, 0.2262
0.3243, 0.2262
0.3243, 0.2262
0.3243, 0.2262
0.3243, 0.2262
0.3243, 0.2262
0.3243, 0.2262
0.3243, 0.2262
0.3243, 0.2262
0.3243, 0.2262
0.3243, 0.2262
0.3243, 0.2262
0.3243, 0.2262
0.3243, 0.2262
0.3243, 0.2262
0.3243, 0.2262
0.3243, 0.2262
0.3243, 0.2262
0.3243, 0.2262
0.3243, 0.2262
0.3243, 0.2262
0.3243, 0.2262
0.3243, 0.2262
0.3243, 0.2262
0.3243, 0.2262
0.3243, 0.2262
0.3243, 0.2262
0.3243, 0.2262
0.3243, 0.2262
0.3243, 0.2262
0.3243, 0.2262
0.3243, 0.2262
0.3243, 0.2262
0.3243, 0.2262
0.3243, 0.2262
0.3243, 0.2262
0.3243, 0.2262
0.3243, 0.2262
0.3243, 0.2262
0.3243, 0.2262
0.3243, 0.2262
0.3243, 0.2262
0.3243, 0.2262
0.0000, 1.0000
0.0000, 1.0000
0.0000, 1.0000
0.0000, 1.0000
0.0000, 1.0000
0.0000, 1.0000
0.0000, 1.0000
0.0000, 1.0000
0.0000, 1.0000
0.0000, 1.0000
0.0000, 1.0000
0.0000, 1.0000
0.0000, 1.0000
0.0000, 1.0000
0.0000, 1.0000
0.0000, 1.0000
0.0000, 1.0000
0.0000, 1.0000
0.0000, 1.0000
0.0000, 1.0000
0.0000, 1.0000
0.0000, 1.0000
0.0000, 1.0000
0.0000, 1.0000
0.0000, 1.0000
0.0000, 1.0000
0.0000, 1.0000
0.0000, 1.0000
0.0000, 1.0000
0.0000, 1.0000
0.0000, 1.0000
0.0000, 1.0000
0.0000, 1.0000
0.0000, 1.0000
0.0000, 1.0000
0.0000, 1.0000
0.0000, 1.0000
0.0000, 1.0000
0.0000, 1.0000
0.0000, 1.0000
0.0000, 1.0000
0.0000, 1.0000
0.0000, 1.0000
0.0000, 1.0000
