0.1145, 0.4264
0.1145, 0.4264
0.1145, 0.4264
0.1145, 0.4264
0.1145, 0.4264
0.1145, 0.4264
0.1145, 0.4264
0.1145, 0.4264
0.1145, 0.4264
0.1145, 0.4264
0.1145, 0.4264
0.1145, 0.4264
0.1145, 0.4264
0.1145, 0.4264
0.1145, 0.4264
0.1145, 0.4264
0.1145, 0.4264
0.1145, 0.4264
0.1145, 0.4264
0.1145, 0.4264
0.1145, 0.4264
0.1145, 0.4264
0.1145, 0.4264
0.1145, 0.4264
0.1145, 0.4264
0.1145, 0.4264
0.1145, 0.4264
0.1145, 0.4264
0.1145, 0.4264
0.1145, 0.4264
0.1145, 0.4264
0.1145, 0.4264
0.1145, 0.4264
0.1145, 0.4264
0.1145, 0.4264
0.1145, 0.4264
0.1145, 0.4264
0.1145, 0.4264
0.1145, 0.4264
0.1145, 0.4264
0.1145, 0.4264
0.1145, 0.4264
0.1145, 0.4264
0.1145, 0.4264
0.1145, 0.4264
0.1145, 0.4264
0.1145, 0.4264
0.1145, 0.4264
0.1145, 0.4264
0.1145, 0.4264
0.1145, 0.4264
0.1145, 0.4264
0.1145, 0.4264
0.1145, 0.4264
0.1145, 0.4264
0.1145, 0.4264
0.1145, 0.4264
0.1145, 0.4264
0.1145, 0.4264
0.1145, 0.4264
0.1145, 0.4264
0.1145, 0.4264
0.1145, 0.4264
0.1145, 0.4264
0.1145, 0.4264
0.1145, 0.4264
0.1145, 0.4264
0.1145, 0.4264
0.1145, 0.4264
0.1145, 0.4264
0.1145, 0.4264
0.1145, 0.4264
0.1145, 0.4264
0.1145, 0.4264
0.1145, 0.4264
0.1145, 0.4264
0.1145, 0.4264
0.1145, 0.4264
0.1145, 0.4264
0.1145, 0.4264
0.1145, 0.4264
0.1145, 0.4264
0.1145, 0.4264
0.1145, 0.4264
0.1145, 0.4264
0.1145, 0.4264
0.1145, 0.4264
0.1145, 0.4264
0.1145, 0.4264
0.1145, 0.4264
0.1145, 0.4264
0.1145, 0.4264
0.1145, 0.4264
0.1145, 0.4264
0.1145, 0.4264
0.1145, 0.4264
0.1145, 0.4264
0.1145, 0.4264
0.1145, 0.4264
0.1145, 0.4264
0.1145, 0.4264
0.1145, 0.4264
0.1145, 0.4264
0.1145, 0.4264
0.1145, 0.4264
0.1145, 0.4264
0.1145, 0.4264
0.1145, 0.4264
0.1145, 0.4264
0.1145, 0.4264
0.1145, 0.4264
0.1145, 0.4264
0.1145, 0.4264
0.1145, 0.4264
0.1145, 0.4264
0.1145, 0.4264
0.1145, 0.4264
0.1145, 0.4264
0.1145, 0.4264
0.1145, 0.4264
0.1145, 0.4264
0.1145, 0.4264
0.1145, 0.4264
0.1145, 0.4264
0.1145, 0.4264
0.1145, 0.4264
0.1145, 0.4264
0.1145, 0.4264
0.1145, 0.4264
0.1145, 0.4264
0.1145, 0.4264
0.1145, 0.4264
0.1145, 0.4264
0.1145, 0.4264
0.1145, 0.4264
0.1145, 0.4264
0.1145, 0.4264
0.1145, 0.4264
0.1145, 0.4264
0.1145, 0.4264
0.1189, 0.4264
0.1189, 0.4264
0.1189, 0.4264
0.1189, 0.4264
0.1189, 0.4264
0.1189, 0.4264
0.1189, 0.4264
0.1189, 0.4264
0.1189, 0.4264
0.1189, 0.4264
0.1189, 0.4264
0.1189, 0.4264
0.1189, 0.4264
0.1189, 0.4264
0.1189, 0.4264
0.1189, 0.4264
0.1189, 0.4264
0.1189, 0.4264
0.1189, 0.4264
0.1189, 0.4264
0.1189, 0.4264
0.1189, 0.4264
0.1189, 0.4264
0.1189, 0.4264
0.1189, 0.4264
0.1189, 0.4264
0.1189, 0.4264
0.1189, 0.4264
0.1189, 0.4264
0.1189, 0.4264
0.1189, 0.4264
0.1189, 0.4264
0.1189, 0.4264
0.1189, 0.4264
0.1189, 0.4264
0.1189, 0.4264
0.1189, 0.4264
0.1189, 0.4264
0.1189, 0.4264
0.1189, 0.4264
0.1189, 0.4264
0.1189, 0.4264
0.1189, 0.4264
0.1189, 0.4264
0.1189, 0.4264
0.1233, 0.4264
0.1233, 0.4264
0.1233, 0.4264
0.1233, 0.4264
0.1233, 0.4264
0.1233, 0.4264
0.1233, 0.4264
0.1233, 0.4264
0.1233, 0.4264
0.1233, 0.4264
0.1233, 0.4264
0.1233, 0.4264
0.1233, 0.4264
0.1233, 0.4264
0.1233, 0.4264
0.1233, 0.4264
0.1233, 0.4264
0.1278, 0.4264
0.1278, 0.4264
0.1278, 0.4264
0.1278, 0.4264
0.1278, 0.4264
0.1278, 0.4264
0.1278, 0.4264
0.1278, 0.4264
0.1278, 0.4264
0.1278, 0.4264
0.1278, 0.4264
0.1278, 0.4264
0.1278, 0.4264
0.1278, 0.4264
0.1278, 0.4264
0.1278, 0.4264
0.1278, 0.4264
0.1278, 0.4264
0.1278, 0.4264
0.1278, 0.4264
0.1278, 0.4264
0.1278, 0.4264
0.1278, 0.4264
0.1278, 0.4264
0.1278, 0.4264
0.1278, 0.4264
0.1278, 0.4264
0.1278, 0.4264
0.1278, 0.4264
0.1278, 0.4264
0.1278, 0.4264
0.1322, 0.4264
0.1322, 0.4264
0.1322, 0.4264
0.1322, 0.4264
0.1322, 0.4264
0.1322, 0.4264
0.1322, 0.4264
0.1322, 0.4264
0.1322, 0.4264
0.1322, 0.4264
0.1322, 0.4264
0.1322, 0.4264
0.1322, 0.4264
0.1322, 0.4264
0.1322, 0.4264
0.1322, 0.4264
0.1322, 0.4264
0.1322, 0.4264
0.1322, 0.4264
0.1322, 0.4264
0.1322, 0.4264
0.1322, 0.4264
0.1322, 0.4264
0.1322, 0.4264
0.1322, 0.4264
0.1322, 0.4264
0.1322, 0.4264
0.1322, 0.4264
0.1322, 0.4264
0.1322, 0.4264
0.1322, 0.4264
0.1322, 0.4264
0.1322, 0.4264
0.1322, 0.4264
0.1322, 0.4264
0.1322, 0.4264
0.1322, 0.4264
0.1322, 0.4264
0.1322, 0.4264
0.1322, 0.4264
0.1322, 0.4264
0.1322, 0.4264
0.1322, 0.4264
0.1322, 0.4264
0.1322, 0.4264
0.1322, 0.4264
0.1322, 0.4264
0.1322, 0.4264
0.1322, 0.4264
0.1322, 0.4264
0.1322, 0.4264
0.1322, 0.4264
0.1322, 0.4264
0.1322, 0.4264
0.1322, 0.4264
0.1322, 0.4264
0.1322, 0.4264
0.1322, 0.4264
0.1322, 0.4264
0.1322, 0.4264
0.1322, 0.4264
0.1322, 0.4264
0.1322, 0.4264
0.1322, 0.4264
0.1322, 0.4264
0.1322, 0.4264
0.1322, 0.4264
0.1322, 0.4264
0.1322, 0.4264
0.1322, 0.4264
0.1322, 0.4264
0.1322, 0.4264
0.1322, 0.4264
0.1322, 0.4264
0.1322, 0.4264
0.1322, 0.4264
0.1322, 0.4264
0.1322, 0.4264
0.1322, 0.4264
0.1322, 0.4264
0.1322, 0.4264
0.1322, 0.4264
0.1322, 0.4264
0.1322, 0.4264
0.1322, 0.4264
0.1322, 0.4264
0.1322, 0.4264
0.1322, 0.4264
0.1322, 0.4264
0.1322, 0.4264
0.1322, 0.4264
0.1322, 0.4264
0.1322, 0.4264
0.1366, 0.4264
0.1366, 0.4264
0.1366, 0.4264
0.1366, 0.4264
0.1366, 0.4264
0.1366, 0.4264
0.1366, 0.4264
0.1366, 0.4264
0.1366, 0.4264
0.1366, 0.4264
0.1366, 0.4264
0.1366, 0.4264
0.1366, 0.4264
0.1366, 0.4264
0.1366, 0.4264
0.1366, 0.4264
0.1366, 0.4264
0.1366, 0.4264
0.1366, 0.4264
0.1366, 0.4264
0.1366, 0.4264
0.1410, 0.4264
0.1410, 0.4264
0.1410, 0.4264
0.1410, 0.4264
0.1410, 0.4264
0.1410, 0.4264
0.1410, 0.4264
0.1410, 0.4264
0.1410, 0.4264
0.1410, 0.4264
0.1410, 0.4264
0.1410, 0.4264
0.1410, 0.4264
0.1410, 0.4264
0.1410, 0.4264
0.1410, 0.4264
0.1410, 0.4264
0.1410, 0.4264
0.1410, 0.4264
0.1410, 0.4264
0.1410, 0.4264
0.1410, 0.4264
0.1410, 0.4264
0.1410, 0.4264
0.1410, 0.4264
0.1410, 0.4264
0.1410, 0.4264
0.1410, 0.4264
0.1410, 0.4264
0.1410, 0.4264
0.1410, 0.4264
0.1410, 0.4264
0.1410, 0.4264
0.1410, 0.4264
0.1410, 0.4264
0.1410, 0.4264
0.1410, 0.4264
0.1410, 0.4264
0.1410, 0.4264
0.1410, 0.4264
0.1410, 0.4264
0.1410, 0.4264
0.1454, 0.4238
0.1454, 0.4238
0.1454, 0.4238
0.1454, 0.4238
0.1454, 0.4238
0.1454, 0.4238
0.1454, 0.4238
0.1454, 0.4238
0.1454, 0.4238
0.1454, 0.4238
0.1454, 0.4238
0.1454, 0.4238
0.1454, 0.4238
0.1454, 0.4238
0.1454, 0.4238
0.1454, 0.4238
0.1454, 0.4238
0.1498, 0.4238
0.1498, 0.4238
0.1498, 0.4238
0.1498, 0.4238
0.1498, 0.4238
0.1498, 0.4238
0.1498, 0.4238
0.1498, 0.4238
0.1498, 0.4238
0.1498, 0.4238
0.1498, 0.4238
0.1498, 0.4238
0.1498, 0.4238
0.1498, 0.4212
0.1498, 0.4212
0.1498, 0.4212
0.1498, 0.4212
0.1542, 0.4212
0.1542, 0.4212
0.1542, 0.4212
0.1542, 0.4212
0.1542, 0.4212
0.1542, 0.4212
0.1542, 0.4212
0.1542, 0.4212
0.1542, 0.4212
0.1542, 0.4212
0.1542, 0.4212
0.1542, 0.4212
0.1542, 0.4212
0.1542, 0.4212
0.1542, 0.4212
0.1542, 0.4212
0.1542, 0.4212
0.1542, 0.4212
0.1542, 0.4212
0.1542, 0.4212
0.1542, 0.4212
0.1542, 0.4212
0.1542, 0.4212
0.1542, 0.4212
0.1542, 0.4212
0.1542, 0.4212
0.1542, 0.4212
0.1542, 0.4212
0.1542, 0.4212
0.1542, 0.4212
0.1542, 0.4212
0.1542, 0.4212
0.1542, 0.4212
0.1542, 0.4212
0.1542, 0.4212
0.1542, 0.4212
0.1542, 0.4212
0.1542, 0.4212
0.1542, 0.4212
0.1542, 0.4212
0.1542, 0.4212
0.1586, 0.4212
0.1586, 0.4212
0.1586, 0.4212
0.1586, 0.4212
0.1586, 0.4212
0.1586, 0.4212
0.1586, 0.4212
0.1586, 0.4212
0.1586, 0.4186
0.1586, 0.4186
0.1586, 0.4186
0.1586, 0.4186
0.1586, 0.4186
0.1586, 0.4186
0.1586, 0.4186
0.1586, 0.4186
0.1630, 0.4186
0.1630, 0.4186
0.1630, 0.4186
0.1630, 0.4186
0.1630, 0.4186
0.1630, 0.4186
0.1630, 0.4186
0.1630, 0.4186
0.1630, 0.4186
0.1630, 0.4186
0.1630, 0.4186
0.1630, 0.4186
0.1630, 0.4186
0.1630, 0.4186
0.1630, 0.4186
0.1630, 0.4186
0.1630, 0.4186
0.1630, 0.4186
0.1630, 0.4186
0.1630, 0.4186
0.1630, 0.4186
0.1630, 0.4186
0.1630, 0.4186
0.1630, 0.4186
0.1630, 0.4186
0.1630, 0.4186
0.1630, 0.4160
0.1630, 0.4160
0.1630, 0.4160
0.1630, 0.4160
0.1630, 0.4160
0.1630, 0.4160
0.1630, 0.4160
0.1630, 0.4160
0.1630, 0.4160
0.1630, 0.4160
0.1630, 0.4160
0.1630, 0.4160
0.1630, 0.4160
0.1630, 0.4160
0.1630, 0.4160
0.1630, 0.4160
0.1674, 0.4160
0.1674, 0.4160
0.1674, 0.4160
0.1674, 0.4160
0.1674, 0.4160
0.1674, 0.4160
0.1674, 0.4160
0.1674, 0.4160
0.1674, 0.4160
0.1674, 0.4160
0.1674, 0.4160
0.1674, 0.4160
0.1674, 0.4160
0.1674, 0.4160
0.1674, 0.4160
0.1674, 0.4160
0.1674, 0.4134
0.1674, 0.4134
0.1674, 0.4134
0.1674, 0.4134
0.1718, 0.4134
0.1718, 0.4134
0.1718, 0.4134
0.1718, 0.4134
0.1718, 0.4134
0.1718, 0.4134
0.1718, 0.4134
0.1718, 0.4134
0.1718, 0.4134
0.1718, 0.4134
0.1718, 0.4134
0.1718, 0.4134
0.1718, 0.4134
0.1718, 0.4134
0.1718, 0.4134
0.1718, 0.4134
0.1718, 0.4134
0.1718, 0.4134
0.1718, 0.4134
0.1718, 0.4134
0.1718, 0.4134
0.1718, 0.4134
0.1718, 0.4134
0.1718, 0.4134
0.1718, 0.4134
0.1718, 0.4134
0.1718, 0.4134
0.1718, 0.4134
0.1718, 0.4134
0.1718, 0.4134
0.1718, 0.4134
0.1718, 0.4134
0.1718, 0.4134
0.1718, 0.4134
0.1718, 0.4134
0.1718, 0.4134
0.1718, 0.4134
0.1718, 0.4134
0.1718, 0.4134
0.1718, 0.4134
0.1718, 0.4134
0.1718, 0.4134
0.1718, 0.4134
0.1762, 0.4134
0.1762, 0.4134
0.1762, 0.4134
0.1762, 0.4134
0.1762, 0.4134
0.1762, 0.4134
0.1762, 0.4134
0.1762, 0.4134
0.1762, 0.4134
0.1762, 0.4134
0.1762, 0.4134
0.1762, 0.4109
0.1762, 0.4109
0.1762, 0.4109
0.1762, 0.4109
0.1806, 0.4109
0.1806, 0.4109
0.1806, 0.4109
0.1806, 0.4109
0.1806, 0.4109
0.1806, 0.4109
0.1806, 0.4109
0.1806, 0.4109
0.1806, 0.4109
0.1806, 0.4109
0.1806, 0.4109
0.1806, 0.4109
0.1850, 0.4109
0.1850, 0.4109
0.1850, 0.4109
0.1850, 0.4083
0.1850, 0.4083
0.1850, 0.4083
0.1850, 0.4083
0.1850, 0.4083
0.1850, 0.4083
0.1850, 0.4083
0.1850, 0.4083
0.1850, 0.4083
0.1850, 0.4083
0.1850, 0.4083
0.1850, 0.4083
0.1850, 0.4083
0.1850, 0.4083
0.1850, 0.4083
0.1850, 0.4083
0.1850, 0.4083
0.1850, 0.4083
0.1850, 0.4083
0.1850, 0.4083
0.1850, 0.4083
0.1850, 0.4083
0.1850, 0.4083
0.1850, 0.4083
0.1850, 0.4083
0.1850, 0.4083
0.1850, 0.4083
0.1850, 0.4083
0.1850, 0.4083
0.1850, 0.4083
0.1850, 0.4083
0.1850, 0.4083
0.1850, 0.4083
0.1850, 0.4083
0.1850, 0.4083
0.1850, 0.4083
0.1850, 0.4083
0.1850, 0.4083
0.1850, 0.4083
0.1850, 0.4083
0.1850, 0.4083
0.1850, 0.4083
0.1850, 0.4083
0.1850, 0.4083
0.1894, 0.4083
0.1894, 0.4083
0.1894, 0.4083
0.1894, 0.4083
0.1894, 0.4083
0.1894, 0.4083
0.1894, 0.4083
0.1894, 0.4083
0.1894, 0.4083
0.1894, 0.4083
0.1894, 0.4083
0.1894, 0.4083
0.1938, 0.4083
0.1938, 0.4083
0.1938, 0.4083
0.1938, 0.4083
0.1938, 0.4083
0.1938, 0.4083
0.1938, 0.4083
0.1938, 0.4083
0.1938, 0.4057
0.1938, 0.4057
0.1938, 0.4057
0.1938, 0.4057
0.1938, 0.4057
0.1938, 0.4057
0.1938, 0.4057
0.1938, 0.4057
0.1938, 0.4057
0.1938, 0.4057
0.1938, 0.4057
0.1938, 0.4057
0.1938, 0.4057
0.1938, 0.4057
0.1938, 0.4057
0.1938, 0.4057
0.1938, 0.4057
0.1938, 0.4057
0.1938, 0.4057
0.1938, 0.4057
0.1938, 0.4057
0.1938, 0.4057
0.1938, 0.4057
0.1982, 0.4031
0.1982, 0.4031
0.1982, 0.4031
0.1982, 0.4031
0.1982, 0.4031
0.1982, 0.4031
0.1982, 0.4031
0.2026, 0.4031
0.2026, 0.4031
0.2026, 0.4031
0.2026, 0.4031
0.2026, 0.4031
0.2026, 0.4031
0.2026, 0.4031
0.2026, 0.4031
0.2026, 0.4031
0.2026, 0.4031
0.2026, 0.4031
0.2026, 0.4031
0.2026, 0.4031
0.2026, 0.4031
0.2026, 0.4031
0.2070, 0.4005
0.2070, 0.4005
0.2070, 0.4005
0.2070, 0.4005
0.2070, 0.4005
0.2070, 0.4005
0.2070, 0.4005
0.2070, 0.4005
0.2070, 0.4005
0.2070, 0.4005
0.2070, 0.4005
0.2070, 0.4005
0.2070, 0.4005
0.2070, 0.4005
0.2070, 0.4005
0.2070, 0.4005
0.2070, 0.4005
0.2070, 0.4005
0.2070, 0.4005
0.2070, 0.4005
0.2115, 0.4005
0.2115, 0.4005
0.2115, 0.4005
0.2115, 0.4005
0.2115, 0.4005
0.2115, 0.4005
0.2115, 0.4005
0.2115, 0.4005
0.2115, 0.4005
0.2115, 0.4005
0.2115, 0.4005
0.2115, 0.4005
0.2115, 0.4005
0.2115, 0.4005
0.2115, 0.4005
0.2115, 0.4005
0.2115, 0.4005
0.2115, 0.4005
0.2115, 0.4005
0.2115, 0.4005
0.2115, 0.4005
0.2115, 0.4005
0.2115, 0.4005
0.2159, 0.4005
0.2159, 0.4005
0.2159, 0.4005
0.2159, 0.4005
0.2159, 0.4005
0.2159, 0.4005
0.2159, 0.4005
0.2159, 0.4005
0.2159, 0.4005
0.2159, 0.4005
0.2159, 0.4005
0.2159, 0.3979
0.2159, 0.3979
0.2159, 0.3979
0.2159, 0.3979
0.2159, 0.3979
0.2159, 0.3979
0.2159, 0.3979
0.2159, 0.3979
0.2159, 0.3979
0.2159, 0.3979
0.2159, 0.3979
0.2159, 0.3979
0.2159, 0.3979
0.2159, 0.3979
0.2159, 0.3979
0.2159, 0.3979
0.2159, 0.3979
0.2159, 0.3979
0.2159, 0.3979
0.2159, 0.3979
0.2203, 0.3979
0.2203, 0.3979
0.2203, 0.3979
0.2203, 0.3953
0.2203, 0.3953
0.2203, 0.3953
0.2203, 0.3953
0.2203, 0.3953
0.2203, 0.3953
0.2203, 0.3953
0.2203, 0.3953
0.2203, 0.3953
0.2203, 0.3953
0.2203, 0.3953
0.2203, 0.3953
0.2203, 0.3953
0.2203, 0.3953
0.2203, 0.3953
0.2203, 0.3953
0.2203, 0.3953
0.2203, 0.3953
0.2203, 0.3953
0.2203, 0.3953
0.2203, 0.3953
0.2203, 0.3953
0.2203, 0.3953
0.2247, 0.3953
0.2247, 0.3953
0.2247, 0.3953
0.2247, 0.3953
0.2247, 0.3953
0.2247, 0.3953
0.2247, 0.3953
0.2247, 0.3953
0.2247, 0.3953
0.2247, 0.3953
0.2247, 0.3953
0.2247, 0.3953
0.2247, 0.3953
0.2247, 0.3953
0.2247, 0.3953
0.2247, 0.3953
0.2247, 0.3953
0.2247, 0.3953
0.2291, 0.3953
0.2291, 0.3953
0.2291, 0.3953
0.2291, 0.3953
0.2291, 0.3953
0.2291, 0.3953
0.2291, 0.3953
0.2291, 0.3953
0.2291, 0.3953
0.2291, 0.3953
0.2291, 0.3953
0.2291, 0.3928
0.2291, 0.3928
0.2291, 0.3928
0.2291, 0.3928
0.2291, 0.3928
0.2291, 0.3928
0.2291, 0.3928
0.2291, 0.3928
0.2291, 0.3928
0.2291, 0.3928
0.2291, 0.3928
0.2291, 0.3928
0.2291, 0.3928
0.2291, 0.3928
0.2291, 0.3928
0.2291, 0.3928
0.2291, 0.3928
0.2291, 0.3928
0.2291, 0.3928
0.2291, 0.3902
0.2291, 0.3902
0.2291, 0.3902
0.2291, 0.3902
0.2335, 0.3902
0.2335, 0.3902
0.2335, 0.3902
0.2335, 0.3902
0.2335, 0.3902
0.2335, 0.3902
0.2335, 0.3902
0.2335, 0.3902
0.2335, 0.3902
0.2335, 0.3902
0.2335, 0.3902
0.2335, 0.3876
0.2335, 0.3876
0.2335, 0.3876
0.2335, 0.3876
0.2335, 0.3876
0.2335, 0.3876
0.2335, 0.3876
0.2379, 0.3876
0.2379, 0.3876
0.2379, 0.3876
0.2379, 0.3876
0.2379, 0.3876
0.2379, 0.3876
0.2379, 0.3876
0.2379, 0.3876
0.2379, 0.3876
0.2379, 0.3876
0.2379, 0.3876
0.2379, 0.3876
0.2379, 0.3876
0.2379, 0.3876
0.2379, 0.3876
0.2379, 0.3876
0.2379, 0.3876
0.2379, 0.3876
0.2379, 0.3876
0.2379, 0.3876
0.2379, 0.3876
0.2379, 0.3876
0.2379, 0.3876
0.2379, 0.3876
0.2379, 0.3876
0.2379, 0.3876
0.2379, 0.3850
0.2379, 0.3850
0.2379, 0.3850
0.2423, 0.3850
0.2423, 0.3850
0.2423, 0.3850
0.2423, 0.3850
0.2423, 0.3850
0.2423, 0.3850
0.2423, 0.3850
0.2423, 0.3850
0.2423, 0.3824
0.2423, 0.3824
0.2423, 0.3824
0.2423, 0.3824
0.2423, 0.3824
0.2423, 0.3824
0.2423, 0.3824
0.2423, 0.3824
0.2423, 0.3824
0.2423, 0.3824
0.2467, 0.3824
0.2467, 0.3824
0.2467, 0.3824
0.2467, 0.3824
0.2467, 0.3824
0.2467, 0.3824
0.2467, 0.3824
0.2467, 0.3824
0.2467, 0.3824
0.2467, 0.3824
0.2467, 0.3824
0.2467, 0.3824
0.2467, 0.3824
0.2467, 0.3824
0.2511, 0.3824
0.2511, 0.3824
0.2511, 0.3824
0.2511, 0.3798
0.2511, 0.3798
0.2511, 0.3798
0.2511, 0.3798
0.2511, 0.3798
0.2511, 0.3798
0.2511, 0.3798
0.2511, 0.3798
0.2511, 0.3798
0.2511, 0.3798
0.2511, 0.3798
0.2511, 0.3773
0.2511, 0.3773
0.2511, 0.3773
0.2511, 0.3773
0.2511, 0.3773
0.2511, 0.3773
0.2511, 0.3773
0.2511, 0.3773
0.2511, 0.3773
0.2511, 0.3773
0.2555, 0.3747
0.2555, 0.3747
0.2555, 0.3747
0.2555, 0.3747
0.2555, 0.3747
0.2555, 0.3747
0.2555, 0.3747
0.2555, 0.3747
0.2555, 0.3747
0.2555, 0.3747
0.2555, 0.3747
0.2555, 0.3747
0.2555, 0.3747
0.2555, 0.3747
0.2555, 0.3747
0.2555, 0.3747
0.2555, 0.3747
0.2555, 0.3747
0.2599, 0.3747
0.2599, 0.3747
0.2599, 0.3747
0.2599, 0.3721
0.2599, 0.3721
0.2599, 0.3721
0.2599, 0.3721
0.2599, 0.3721
0.2599, 0.3721
0.2599, 0.3721
0.2599, 0.3721
0.2599, 0.3721
0.2599, 0.3721
0.2599, 0.3721
0.2599, 0.3695
0.2599, 0.3695
0.2599, 0.3695
0.2599, 0.3695
0.2599, 0.3695
0.2599, 0.3695
0.2599, 0.3695
0.2599, 0.3695
0.2599, 0.3695
0.2599, 0.3695
0.2599, 0.3695
0.2599, 0.3695
0.2599, 0.3695
0.2599, 0.3695
0.2643, 0.3695
0.2643, 0.3695
0.2643, 0.3695
0.2643, 0.3695
0.2643, 0.3695
0.2643, 0.3695
0.2643, 0.3695
0.2643, 0.3695
0.2643, 0.3695
0.2643, 0.3695
0.2643, 0.3695
0.2643, 0.3669
0.2643, 0.3669
0.2643, 0.3669
0.2643, 0.3669
0.2643, 0.3669
0.2643, 0.3669
0.2643, 0.3669
0.2687, 0.3669
0.2687, 0.3669
0.2687, 0.3669
0.2687, 0.3643
0.2687, 0.3643
0.2687, 0.3643
0.2687, 0.3643
0.2687, 0.3643
0.2687, 0.3643
0.2687, 0.3643
0.2687, 0.3643
0.2687, 0.3643
0.2687, 0.3643
0.2687, 0.3618
0.2687, 0.3618
0.2687, 0.3618
0.2687, 0.3618
0.2687, 0.3618
0.2687, 0.3618
0.2687, 0.3618
0.2731, 0.3618
0.2731, 0.3618
0.2731, 0.3618
0.2731, 0.3618
0.2731, 0.3618
0.2731, 0.3618
0.2731, 0.3618
0.2731, 0.3618
0.2731, 0.3618
0.2731, 0.3618
0.2731, 0.3618
0.2731, 0.3618
0.2731, 0.3618
0.2731, 0.3618
0.2731, 0.3592
0.2731, 0.3592
0.2731, 0.3592
0.2731, 0.3592
0.2731, 0.3592
0.2731, 0.3592
0.2731, 0.3592
0.2731, 0.3592
0.2731, 0.3592
0.2731, 0.3592
0.2731, 0.3592
0.2731, 0.3592
0.2731, 0.3592
0.2731, 0.3592
0.2731, 0.3592
0.2731, 0.3566
0.2731, 0.3566
0.2731, 0.3566
0.2731, 0.3566
0.2731, 0.3566
0.2731, 0.3566
0.2731, 0.3566
0.2731, 0.3566
0.2731, 0.3566
0.2731, 0.3566
0.2731, 0.3566
0.2731, 0.3566
0.2731, 0.3566
0.2731, 0.3566
0.2731, 0.3566
0.2731, 0.3566
0.2731, 0.3566
0.2731, 0.3566
0.2731, 0.3566
0.2731, 0.3566
0.2731, 0.3566
0.2731, 0.3566
0.2731, 0.3540
0.2731, 0.3540
0.2731, 0.3540
0.2731, 0.3540
0.2731, 0.3540
0.2731, 0.3540
0.2731, 0.3540
0.2731, 0.3540
0.2731, 0.3540
0.2731, 0.3540
0.2731, 0.3540
0.2731, 0.3540
0.2731, 0.3540
0.2731, 0.3540
0.2775, 0.3514
0.2775, 0.3514
0.2775, 0.3514
0.2775, 0.3514
0.2775, 0.3514
0.2775, 0.3514
0.2775, 0.3514
0.2775, 0.3514
0.2775, 0.3514
0.2775, 0.3514
0.2775, 0.3514
0.2775, 0.3488
0.2775, 0.3488
0.2775, 0.3488
0.2775, 0.3488
0.2775, 0.3488
0.2775, 0.3488
0.2775, 0.3488
0.2775, 0.3488
0.2775, 0.3488
0.2775, 0.3488
0.2775, 0.3488
0.2775, 0.3488
0.2775, 0.3488
0.2775, 0.3488
0.2775, 0.3488
0.2775, 0.3488
0.2775, 0.3488
0.2775, 0.3488
0.2775, 0.3488
0.2775, 0.3488
0.2775, 0.3488
0.2775, 0.3463
0.2775, 0.3463
0.2775, 0.3463
0.2775, 0.3463
0.2775, 0.3463
0.2775, 0.3463
0.2775, 0.3463
0.2775, 0.3463
0.2775, 0.3463
0.2775, 0.3463
0.2819, 0.3437
0.2819, 0.3437
0.2819, 0.3437
0.2819, 0.3437
0.2819, 0.3437
0.2819, 0.3437
0.2819, 0.3437
0.2819, 0.3437
0.2819, 0.3437
0.2819, 0.3437
0.2819, 0.3437
0.2819, 0.3437
0.2819, 0.3437
0.2819, 0.3437
0.2819, 0.3411
0.2819, 0.3411
0.2819, 0.3411
0.2819, 0.3411
0.2819, 0.3411
0.2819, 0.3411
0.2819, 0.3385
0.2819, 0.3385
0.2819, 0.3385
0.2819, 0.3385
0.2819, 0.3385
0.2819, 0.3385
0.2819, 0.3385
0.2819, 0.3385
0.2819, 0.3385
0.2819, 0.3385
0.2819, 0.3385
0.2819, 0.3359
0.2819, 0.3359
0.2819, 0.3359
0.2819, 0.3333
0.2819, 0.3333
0.2819, 0.3333
0.2819, 0.3333
0.2819, 0.3333
0.2819, 0.3333
0.2819, 0.3307
0.2819, 0.3307
0.2819, 0.3307
0.2819, 0.3307
0.2863, 0.3307
0.2863, 0.3307
0.2863, 0.3307
0.2863, 0.3307
0.2863, 0.3307
0.2863, 0.3307
0.2863, 0.3307
0.2863, 0.3282
0.2863, 0.3282
0.2863, 0.3282
0.2863, 0.3282
0.2863, 0.3282
0.2863, 0.3282
0.2863, 0.3256
0.2863, 0.3256
0.2863, 0.3256
0.2863, 0.3256
0.2863, 0.3256
0.2863, 0.3256
0.2863, 0.3256
0.2863, 0.3256
0.2863, 0.3256
0.2863, 0.3256
0.2863, 0.3256
0.2863, 0.3256
0.2863, 0.3256
0.2863, 0.3256
0.2863, 0.3256
0.2863, 0.3256
0.2863, 0.3256
0.2863, 0.3256
0.2863, 0.3256
0.2863, 0.3256
0.2863, 0.3256
0.2863, 0.3230
0.2863, 0.3230
0.2863, 0.3230
0.2863, 0.3230
0.2863, 0.3230
0.2863, 0.3230
0.2863, 0.3204
0.2863, 0.3204
0.2863, 0.3204
0.2907, 0.3204
0.2907, 0.3204
0.2907, 0.3204
0.2907, 0.3178
0.2907, 0.3178
0.2907, 0.3178
0.2907, 0.3178
0.2907, 0.3178
0.2907, 0.3178
0.2907, 0.3178
0.2907, 0.3178
0.2907, 0.3178
0.2907, 0.3178
0.2907, 0.3178
0.2907, 0.3178
0.2907, 0.3178
0.2907, 0.3178
0.2907, 0.3178
0.2907, 0.3178
0.2907, 0.3178
0.2907, 0.3178
0.2907, 0.3178
0.2907, 0.3178
0.2907, 0.3178
0.2907, 0.3152
0.2907, 0.3152
0.2907, 0.3152
0.2907, 0.3152
0.2907, 0.3152
0.2907, 0.3152
0.2907, 0.3152
0.2907, 0.3127
0.2907, 0.3127
0.2907, 0.3127
0.2907, 0.3127
0.2907, 0.3127
0.2907, 0.3127
0.2907, 0.3127
0.2907, 0.3127
0.2907, 0.3127
0.2907, 0.3127
0.2907, 0.3127
0.2907, 0.3127
0.2907, 0.3127
0.2907, 0.3127
0.2907, 0.3127
0.2907, 0.3127
0.2907, 0.3127
0.2907, 0.3127
0.2907, 0.3127
0.2907, 0.3127
0.2907, 0.3127
0.2907, 0.3127
0.2907, 0.3127
0.2907, 0.3127
0.2907, 0.3127
0.2907, 0.3127
0.2907, 0.3127
0.2907, 0.3127
0.2907, 0.3127
0.2907, 0.3127
0.2907, 0.3127
0.2907, 0.3101
0.2907, 0.3101
0.2907, 0.3101
0.2907, 0.3101
0.2907, 0.3101
0.2907, 0.3101
0.2907, 0.3101
0.2907, 0.3101
0.2907, 0.3101
0.2907, 0.3101
0.2907, 0.3101
0.2907, 0.3101
0.2907, 0.3101
0.2907, 0.3075
0.2907, 0.3075
0.2907, 0.3075
0.2907, 0.3075
0.2907, 0.3075
0.2907, 0.3075
0.2907, 0.3075
0.2907, 0.3075
0.2907, 0.3075
0.2907, 0.3075
0.2907, 0.3075
0.2907, 0.3075
0.2907, 0.3075
0.2907, 0.3075
0.2907, 0.3049
0.2907, 0.3049
0.2907, 0.3049
0.2907, 0.3049
0.2907, 0.3049
0.2907, 0.3049
0.2907, 0.3049
0.2907, 0.3049
0.2907, 0.3049
0.2907, 0.3049
0.2907, 0.3049
0.2907, 0.3049
0.2907, 0.3049
0.2907, 0.3049
0.2907, 0.3049
0.2907, 0.3049
0.2907, 0.3049
0.2907, 0.3049
0.2907, 0.3049
0.2907, 0.3049
0.2907, 0.3049
0.2907, 0.3049
0.2907, 0.3049
0.2907, 0.3049
0.2907, 0.3049
0.2907, 0.3049
0.2907, 0.3049
0.2907, 0.3023
0.2907, 0.3023
0.2907, 0.3023
0.2907, 0.3023
0.2907, 0.3023
0.2907, 0.3023
0.2907, 0.3023
0.2907, 0.3023
0.2907, 0.3023
0.2907, 0.3023
0.2907, 0.2997
0.2907, 0.2997
0.2907, 0.2997
0.2907, 0.2997
0.2907, 0.2997
0.2907, 0.2997
0.2907, 0.2997
0.2907, 0.2997
0.2907, 0.2997
0.2907, 0.2997
0.2907, 0.2997
0.2907, 0.2997
0.2907, 0.2997
0.2907, 0.2997
0.2907, 0.2997
0.2907, 0.2997
0.2907, 0.2997
0.2907, 0.2997
0.2907, 0.2997
0.2907, 0.2997
0.2907, 0.2972
0.2907, 0.2972
0.2907, 0.2972
0.2907, 0.2972
0.2907, 0.2972
0.2907, 0.2972
0.2907, 0.2972
0.2907, 0.2972
0.2907, 0.2972
0.2907, 0.2972
0.2907, 0.2946
0.2907, 0.2946
0.2907, 0.2946
0.2907, 0.2946
0.2907, 0.2946
0.2907, 0.2946
0.2907, 0.2946
0.2907, 0.2946
0.2907, 0.2946
0.2907, 0.2920
0.2907, 0.2920
0.2907, 0.2920
0.2907, 0.2920
0.2907, 0.2920
0.2907, 0.2920
0.2907, 0.2920
0.2907, 0.2920
0.2907, 0.2920
0.2907, 0.2920
0.2907, 0.2920
0.2907, 0.2920
0.2907, 0.2920
0.2907, 0.2920
0.2907, 0.2920
0.2907, 0.2920
0.2907, 0.2920
0.2907, 0.2920
0.2907, 0.2920
0.2907, 0.2920
0.2907, 0.2894
0.2907, 0.2894
0.2907, 0.2894
0.2907, 0.2894
0.2907, 0.2894
0.2907, 0.2894
0.2907, 0.2894
0.2907, 0.2894
0.2907, 0.2894
0.2907, 0.2894
0.2907, 0.2868
0.2907, 0.2868
0.2907, 0.2868
0.2907, 0.2868
0.2907, 0.2868
0.2907, 0.2868
0.2907, 0.2868
0.2907, 0.2868
0.2907, 0.2868
0.2907, 0.2868
0.2907, 0.2868
0.2907, 0.2868
0.2907, 0.2868
0.2907, 0.2868
0.2907, 0.2868
0.2907, 0.2868
0.2907, 0.2868
0.2907, 0.2868
0.2907, 0.2868
0.2907, 0.2868
0.2907, 0.2868
0.2907, 0.2868
0.2907, 0.2868
0.2907, 0.2842
0.2907, 0.2842
0.2907, 0.2842
0.2907, 0.2842
0.2907, 0.2842
0.2907, 0.2842
0.2907, 0.2842
0.2907, 0.2842
0.2907, 0.2842
0.2907, 0.2842
0.2907, 0.2817
0.2907, 0.2817
0.2907, 0.2817
0.2907, 0.2817
0.2907, 0.2817
0.2907, 0.2817
0.2907, 0.2791
0.2907, 0.2791
0.2907, 0.2791
0.2907, 0.2791
0.2907, 0.2791
0.2907, 0.2791
0.2907, 0.2791
0.2907, 0.2791
0.2907, 0.2791
0.2907, 0.2791
0.2907, 0.2791
0.2907, 0.2791
0.2907, 0.2791
0.2907, 0.2791
0.2907, 0.2791
0.2907, 0.2791
0.2907, 0.2791
0.2907, 0.2791
0.2907, 0.2791
0.2907, 0.2791
0.2907, 0.2791
0.2907, 0.2791
0.2907, 0.2791
0.2907, 0.2765
0.2907, 0.2765
0.2907, 0.2765
0.2863, 0.2765
0.2863, 0.2765
0.2863, 0.2765
0.2863, 0.2765
0.2863, 0.2765
0.2863, 0.2765
0.2863, 0.2765
0.2863, 0.2739
0.2863, 0.2739
0.2863, 0.2739
0.2863, 0.2739
0.2863, 0.2739
0.2863, 0.2739
0.2863, 0.2739
0.2863, 0.2739
0.2863, 0.2739
0.2863, 0.2739
0.2863, 0.2739
0.2863, 0.2739
0.2863, 0.2739
0.2863, 0.2739
0.2863, 0.2739
0.2863, 0.2739
0.2863, 0.2739
0.2863, 0.2713
0.2863, 0.2713
0.2863, 0.2713
0.2863, 0.2713
0.2863, 0.2713
0.2863, 0.2687
0.2863, 0.2687
0.2863, 0.2661
0.2863, 0.2661
0.2863, 0.2661
0.2863, 0.2661
0.2863, 0.2661
0.2863, 0.2661
0.2863, 0.2661
0.2863, 0.2661
0.2863, 0.2661
0.2863, 0.2661
0.2863, 0.2661
0.2863, 0.2636
0.2863, 0.2636
0.2863, 0.2636
0.2863, 0.2636
0.2863, 0.2636
0.2863, 0.2636
0.2863, 0.2636
0.2863, 0.2636
0.2819, 0.2610
0.2819, 0.2610
0.2819, 0.2610
0.2819, 0.2610
0.2819, 0.2610
0.2819, 0.2610
0.2819, 0.2610
0.2819, 0.2610
0.2819, 0.2610
0.2819, 0.2610
0.2819, 0.2610
0.2819, 0.2610
0.2819, 0.2610
0.2819, 0.2584
0.2819, 0.2584
0.2819, 0.2584
0.2819, 0.2584
0.2819, 0.2584
0.2819, 0.2584
0.2775, 0.2558
0.2775, 0.2558
0.2775, 0.2558
0.2775, 0.2558
0.2775, 0.2558
0.2775, 0.2558
0.2775, 0.2558
0.2775, 0.2558
0.2775, 0.2558
0.2775, 0.2558
0.2775, 0.2558
0.2775, 0.2558
0.2775, 0.2558
0.2775, 0.2532
0.2775, 0.2532
0.2775, 0.2532
0.2775, 0.2532
0.2775, 0.2532
0.2775, 0.2532
0.2775, 0.2532
0.2775, 0.2532
0.2775, 0.2532
0.2775, 0.2532
0.2775, 0.2506
0.2775, 0.2506
0.2775, 0.2506
0.2775, 0.2506
0.2775, 0.2506
0.2775, 0.2506
0.2775, 0.2506
0.2775, 0.2506
0.2775, 0.2506
0.2775, 0.2481
0.2775, 0.2481
0.2775, 0.2481
0.2775, 0.2481
0.2775, 0.2481
0.2775, 0.2481
0.2775, 0.2481
0.2775, 0.2481
0.2775, 0.2481
0.2775, 0.2481
0.2775, 0.2481
0.2775, 0.2481
0.2775, 0.2481
0.2775, 0.2481
0.2775, 0.2481
0.2775, 0.2481
0.2775, 0.2481
0.2775, 0.2481
0.2775, 0.2481
0.2775, 0.2481
0.2775, 0.2455
0.2775, 0.2455
0.2775, 0.2455
0.2775, 0.2455
0.2775, 0.2455
0.2775, 0.2455
0.2775, 0.2455
0.2775, 0.2455
0.2775, 0.2455
0.2775, 0.2429
0.2775, 0.2429
0.2775, 0.2429
0.2775, 0.2429
0.2775, 0.2429
0.2775, 0.2429
0.2775, 0.2429
0.2775, 0.2429
0.2775, 0.2429
0.2775, 0.2429
0.2775, 0.2429
0.2775, 0.2429
0.2731, 0.2429
0.2731, 0.2429
0.2731, 0.2429
0.2731, 0.2429
0.2731, 0.2429
0.2731, 0.2429
0.2731, 0.2429
0.2731, 0.2429
0.2731, 0.2429
0.2731, 0.2429
0.2731, 0.2429
0.2731, 0.2429
0.2731, 0.2429
0.2731, 0.2403
0.2731, 0.2403
0.2731, 0.2403
0.2731, 0.2403
0.2731, 0.2403
0.2731, 0.2403
0.2731, 0.2403
0.2731, 0.2403
0.2731, 0.2403
0.2731, 0.2403
0.2731, 0.2403
0.2731, 0.2403
0.2731, 0.2403
0.2731, 0.2403
0.2731, 0.2403
0.2731, 0.2403
0.2731, 0.2377
0.2731, 0.2377
0.2731, 0.2377
0.2731, 0.2377
0.2731, 0.2377
0.2731, 0.2377
0.2731, 0.2377
0.2731, 0.2377
0.2731, 0.2377
0.2731, 0.2377
0.2731, 0.2377
0.2731, 0.2377
0.2731, 0.2377
0.2731, 0.2377
0.2731, 0.2377
0.2731, 0.2377
0.2731, 0.2377
0.2731, 0.2377
0.2731, 0.2377
0.2731, 0.2377
0.2731, 0.2377
0.2731, 0.2377
0.2731, 0.2351
0.2731, 0.2351
0.2731, 0.2351
0.2731, 0.2351
0.2731, 0.2351
0.2731, 0.2351
0.2731, 0.2351
0.2731, 0.2351
0.2731, 0.2351
0.2731, 0.2351
0.2731, 0.2351
0.2731, 0.2351
0.2731, 0.2351
0.2731, 0.2351
0.2731, 0.2351
0.2731, 0.2351
0.2731, 0.2351
0.2731, 0.2351
0.2731, 0.2351
0.2731, 0.2351
0.2731, 0.2351
0.2731, 0.2351
0.2731, 0.2351
0.2731, 0.2326
0.2731, 0.2326
0.2731, 0.2326
0.2731, 0.2326
0.2731, 0.2326
0.2731, 0.2326
0.2731, 0.2300
0.2731, 0.2300
0.2731, 0.2300
0.2731, 0.2300
0.2731, 0.2300
0.2731, 0.2300
0.2731, 0.2300
0.2731, 0.2300
0.2731, 0.2300
0.2687, 0.2300
0.2687, 0.2300
0.2687, 0.2300
0.2687, 0.2300
0.2687, 0.2300
0.2687, 0.2300
0.2687, 0.2300
0.2687, 0.2300
0.2687, 0.2300
0.2687, 0.2300
0.2687, 0.2274
0.2687, 0.2274
0.2687, 0.2274
0.2687, 0.2274
0.2687, 0.2274
0.2687, 0.2274
0.2687, 0.2274
0.2687, 0.2274
0.2687, 0.2274
0.2687, 0.2248
0.2687, 0.2248
0.2687, 0.2248
0.2687, 0.2248
0.2687, 0.2248
0.2687, 0.2248
0.2687, 0.2248
0.2687, 0.2248
0.2687, 0.2248
0.2687, 0.2248
0.2687, 0.2248
0.2687, 0.2248
0.2687, 0.2222
0.2687, 0.2222
0.2687, 0.2222
0.2687, 0.2222
0.2687, 0.2222
0.2687, 0.2222
0.2687, 0.2222
0.2687, 0.2222
0.2687, 0.2222
0.2687, 0.2222
0.2687, 0.2222
0.2687, 0.2222
0.2687, 0.2222
0.2687, 0.2222
0.2687, 0.2222
0.2687, 0.2222
0.2687, 0.2196
0.2687, 0.2196
0.2687, 0.2196
0.2687, 0.2196
0.2687, 0.2196
0.2687, 0.2196
0.2687, 0.2196
0.2687, 0.2196
0.2687, 0.2196
0.2687, 0.2171
0.2687, 0.2171
0.2687, 0.2171
0.2687, 0.2171
0.2687, 0.2171
0.2687, 0.2171
0.2687, 0.2171
0.2687, 0.2171
0.2687, 0.2171
0.2687, 0.2171
0.2687, 0.2171
0.2687, 0.2171
0.2687, 0.2171
0.2687, 0.2171
0.2687, 0.2145
0.2687, 0.2145
0.2687, 0.2145
0.2687, 0.2145
0.2687, 0.2145
0.2687, 0.2145
0.2687, 0.2145
0.2687, 0.2145
0.2687, 0.2145
0.2687, 0.2119
0.2687, 0.2119
0.2687, 0.2119
0.2687, 0.2119
0.2687, 0.2119
0.2687, 0.2119
0.2687, 0.2119
0.2687, 0.2119
0.2687, 0.2119
0.2687, 0.2119
0.2687, 0.2093
0.2687, 0.2093
0.2687, 0.2093
0.2687, 0.2093
0.2687, 0.2093
0.2687, 0.2093
0.2687, 0.2093
0.2687, 0.2093
0.2643, 0.2093
0.2643, 0.2093
0.2643, 0.2093
0.2643, 0.2067
0.2643, 0.2067
0.2643, 0.2067
0.2643, 0.2067
0.2643, 0.2067
0.2643, 0.2067
0.2643, 0.2041
0.2643, 0.2041
0.2643, 0.2041
0.2643, 0.2041
0.2643, 0.2041
0.2643, 0.2041
0.2643, 0.2041
0.2643, 0.2041
0.2643, 0.2041
0.2643, 0.2041
0.2643, 0.2041
0.2643, 0.2041
0.2643, 0.2041
0.2643, 0.2041
0.2643, 0.2041
0.2643, 0.2016
0.2643, 0.2016
0.2643, 0.2016
0.2643, 0.2016
0.2643, 0.2016
0.2643, 0.2016
0.2643, 0.1990
0.2643, 0.1990
0.2643, 0.1990
0.2643, 0.1990
0.2643, 0.1990
0.2643, 0.1990
0.2643, 0.1990
0.2643, 0.1990
0.2643, 0.1990
0.2643, 0.1964
0.2643, 0.1964
0.2643, 0.1964
0.2643, 0.1964
0.2643, 0.1964
0.2643, 0.1964
0.2643, 0.1964
0.2643, 0.1964
0.2643, 0.1964
0.2643, 0.1964
0.2643, 0.1964
0.2643, 0.1964
0.2643, 0.1964
0.2643, 0.1964
0.2643, 0.1964
0.2643, 0.1938
0.2643, 0.1938
0.2643, 0.1938
0.2643, 0.1938
0.2643, 0.1938
0.2643, 0.1938
0.2643, 0.1938
0.2643, 0.1938
0.2643, 0.1938
0.2643, 0.1938
0.2643, 0.1938
0.2643, 0.1938
0.2643, 0.1938
0.2643, 0.1912
0.2643, 0.1912
0.2643, 0.1912
0.2643, 0.1912
0.2643, 0.1912
0.2643, 0.1912
0.2643, 0.1912
0.2643, 0.1912
0.2643, 0.1912
0.2643, 0.1912
0.2643, 0.1886
0.2643, 0.1886
0.2643, 0.1860
0.2643, 0.1860
0.2643, 0.1860
0.2643, 0.1835
0.2643, 0.1835
0.2643, 0.1835
0.2643, 0.1835
0.2643, 0.1835
0.2643, 0.1835
0.2643, 0.1835
0.2643, 0.1835
0.2643, 0.1809
0.2643, 0.1809
0.2643, 0.1809
0.2643, 0.1809
0.2643, 0.1809
0.2643, 0.1809
0.2643, 0.1783
0.2643, 0.1783
0.2643, 0.1783
0.2643, 0.1783
0.2643, 0.1783
0.2643, 0.1783
0.2643, 0.1783
0.2643, 0.1783
0.2643, 0.1757
0.2643, 0.1757
0.2643, 0.1757
0.2643, 0.1757
0.2643, 0.1757
0.2643, 0.1757
0.2643, 0.1731
0.2643, 0.1731
0.2643, 0.1731
0.2643, 0.1731
0.2643, 0.1731
0.2643, 0.1731
0.2643, 0.1731
0.2643, 0.1731
0.2643, 0.1731
0.2643, 0.1731
0.2643, 0.1731
0.2643, 0.1731
0.2643, 0.1705
0.2643, 0.1705
0.2643, 0.1705
0.2643, 0.1705
0.2643, 0.1705
0.2643, 0.1705
0.2643, 0.1680
0.2643, 0.1680
0.2643, 0.1680
0.2643, 0.1680
0.2643, 0.1680
0.2643, 0.1680
0.2643, 0.1654
0.2643, 0.1654
0.2643, 0.1654
0.2599, 0.1654
0.2599, 0.1654
0.2599, 0.1654
0.2599, 0.1654
0.2599, 0.1654
0.2599, 0.1654
0.2599, 0.1654
0.2599, 0.1628
0.2599, 0.1628
0.2599, 0.1628
0.2599, 0.1628
0.2599, 0.1628
0.2599, 0.1628
0.2599, 0.1602
0.2599, 0.1602
0.2599, 0.1602
0.2599, 0.1602
0.2599, 0.1602
0.2599, 0.1602
0.2599, 0.1602
0.2599, 0.1602
0.2599, 0.1602
0.2599, 0.1602
0.2599, 0.1602
0.2599, 0.1576
0.2599, 0.1576
0.2599, 0.1576
0.2555, 0.1576
0.2555, 0.1576
0.2555, 0.1550
0.2555, 0.1550
0.2555, 0.1550
0.2555, 0.1550
0.2555, 0.1550
0.2555, 0.1550
0.2555, 0.1525
0.2555, 0.1525
0.2555, 0.1525
0.2555, 0.1525
0.2555, 0.1525
0.2555, 0.1525
0.2555, 0.1525
0.2555, 0.1525
0.2555, 0.1525
0.2555, 0.1525
0.2555, 0.1525
0.2555, 0.1525
0.2555, 0.1525
0.2555, 0.1525
0.2555, 0.1525
0.2555, 0.1499
0.2555, 0.1499
0.2555, 0.1499
0.2555, 0.1499
0.2555, 0.1499
0.2555, 0.1499
0.2555, 0.1473
0.2555, 0.1473
0.2555, 0.1473
0.2555, 0.1473
0.2555, 0.1473
0.2555, 0.1473
0.2555, 0.1473
0.2555, 0.1473
0.2555, 0.1473
0.2555, 0.1473
0.2555, 0.1473
0.2555, 0.1473
0.2555, 0.1473
0.2555, 0.1473
0.2555, 0.1473
0.2555, 0.1447
0.2555, 0.1447
0.2555, 0.1447
0.2555, 0.1447
0.2555, 0.1447
0.2555, 0.1421
0.2555, 0.1421
0.2555, 0.1421
0.2555, 0.1421
0.2555, 0.1421
0.2555, 0.1421
0.2555, 0.1395
0.2555, 0.1395
0.2555, 0.1395
0.2555, 0.1395
0.2555, 0.1395
0.2555, 0.1395
0.2555, 0.1395
0.2555, 0.1395
0.2555, 0.1370
0.2555, 0.1370
0.2555, 0.1370
0.2555, 0.1370
0.2555, 0.1370
0.2555, 0.1370
0.2555, 0.1344
0.2555, 0.1344
0.2555, 0.1344
0.2555, 0.1344
0.2555, 0.1344
0.2555, 0.1344
0.2555, 0.1344
0.2555, 0.1344
0.2555, 0.1344
0.2555, 0.1344
0.2555, 0.1344
0.2555, 0.1344
0.2555, 0.1318
0.2555, 0.1318
0.2555, 0.1318
0.2555, 0.1318
0.2555, 0.1318
0.2555, 0.1318
0.2555, 0.1318
0.2555, 0.1318
0.2555, 0.1318
0.2555, 0.1292
0.2555, 0.1292
0.2555, 0.1292
0.2555, 0.1292
0.2555, 0.1292
0.2511, 0.1292
0.2511, 0.1292
0.2511, 0.1292
0.2511, 0.1266
0.2511, 0.1266
0.2511, 0.1266
0.2511, 0.1266
0.2511, 0.1266
0.2511, 0.1266
0.2511, 0.1266
0.2511, 0.1266
0.2511, 0.1266
0.2511, 0.1266
0.2511, 0.1266
0.2511, 0.1266
0.2511, 0.1266
0.2511, 0.1266
0.2511, 0.1266
0.2511, 0.1266
0.2511, 0.1266
0.2511, 0.1266
0.2511, 0.1266
0.2511, 0.1266
0.2511, 0.1240
0.2511, 0.1240
0.2511, 0.1240
0.2511, 0.1240
0.2511, 0.1240
0.2511, 0.1240
0.2511, 0.1240
0.2511, 0.1240
0.2511, 0.1240
0.2511, 0.1240
0.2511, 0.1240
0.2511, 0.1240
0.2511, 0.1240
0.2511, 0.1240
0.2511, 0.1240
0.2511, 0.1240
0.2511, 0.1240
0.2511, 0.1240
0.2511, 0.1240
0.2511, 0.1240
0.2511, 0.1214
0.2511, 0.1214
0.2511, 0.1214
0.2511, 0.1214
0.2511, 0.1214
0.2511, 0.1214
0.2511, 0.1214
0.2511, 0.1214
0.2511, 0.1214
0.2511, 0.1214
0.2511, 0.1214
0.2511, 0.1214
0.2511, 0.1214
0.2511, 0.1214
0.2511, 0.1214
0.2511, 0.1214
0.2511, 0.1214
0.2511, 0.1214
0.2511, 0.1214
0.2511, 0.1214
0.2511, 0.1214
0.2511, 0.1214
0.2511, 0.1214
0.2511, 0.1214
0.2511, 0.1214
0.2511, 0.1214
0.2511, 0.1214
0.2511, 0.1214
0.2511, 0.1214
0.2511, 0.1214
0.2511, 0.1214
0.2511, 0.1214
0.2511, 0.1214
0.2511, 0.1214
0.2511, 0.1214
0.2511, 0.1214
0.2511, 0.1214
0.2511, 0.1214
0.2511, 0.1214
0.2511, 0.1214
0.2511, 0.1214
0.2511, 0.1214
0.2511, 0.1214
0.2511, 0.1214
0.2511, 0.1214
0.2511, 0.1214
0.2511, 0.1214
0.2511, 0.1214
0.2511, 0.1214
0.2511, 0.1214
0.2511, 0.1214
0.2511, 0.1214
0.2511, 0.1214
0.2511, 0.1189
0.2511, 0.1189
0.2511, 0.1189
0.2511, 0.1189
0.2511, 0.1189
0.2511, 0.1189
0.2511, 0.1189
0.2511, 0.1189
0.2511, 0.1189
0.2511, 0.1189
0.2511, 0.1189
0.2511, 0.1163
0.2511, 0.1163
0.2511, 0.1163
0.2511, 0.1163
0.2511, 0.1163
0.2511, 0.1163
0.2511, 0.1163
0.2511, 0.1163
0.2511, 0.1163
0.2511, 0.1137
0.2511, 0.1137
0.2511, 0.1137
0.2511, 0.1137
0.2511, 0.1137
0.2511, 0.1137
0.2511, 0.1137
0.2511, 0.1137
0.2511, 0.1137
0.2511, 0.1137
0.2511, 0.1137
0.2467, 0.1137
0.2467, 0.1137
0.2467, 0.1137
0.2467, 0.1111
0.2467, 0.1111
0.2467, 0.1085
0.2467, 0.1085
0.2467, 0.1085
0.2467, 0.1085
0.2467, 0.1085
0.2467, 0.1085
0.2467, 0.1085
0.2467, 0.1085
0.2467, 0.1085
0.2467, 0.1059
0.2467, 0.1059
0.2467, 0.1059
0.2467, 0.1034
0.2467, 0.1034
0.2467, 0.1008
0.2467, 0.1008
0.2467, 0.1008
0.2467, 0.1008
0.2467, 0.1008
0.2467, 0.1008
0.2467, 0.1008
0.2467, 0.1008
0.2467, 0.1008
0.2467, 0.0982
0.2467, 0.0982
0.2467, 0.0982
0.2423, 0.0982
0.2423, 0.0982
0.2423, 0.0956
0.2423, 0.0956
0.2423, 0.0956
0.2423, 0.0956
0.2423, 0.0956
0.2423, 0.0956
0.2423, 0.0956
0.2423, 0.0956
0.2423, 0.0956
0.2423, 0.0930
0.2423, 0.0930
0.2423, 0.0930
0.2423, 0.0930
0.2423, 0.0930
0.2423, 0.0904
0.2423, 0.0904
0.2423, 0.0904
0.2423, 0.0904
0.2423, 0.0904
0.2423, 0.0904
0.2423, 0.0904
0.2423, 0.0904
0.2423, 0.0904
0.2423, 0.0879
0.2423, 0.0879
0.2423, 0.0879
0.2423, 0.0879
0.2423, 0.0879
0.2423, 0.0853
0.2423, 0.0853
0.2423, 0.0853
0.2423, 0.0827
0.2423, 0.0827
0.2423, 0.0827
0.2423, 0.0827
0.2423, 0.0827
0.2423, 0.0827
0.2423, 0.0827
0.2423, 0.0827
0.2423, 0.0827
0.2423, 0.0827
0.2423, 0.0827
0.2423, 0.0801
0.2423, 0.0801
0.2423, 0.0801
0.2423, 0.0801
0.2423, 0.0801
0.2423, 0.0801
0.2423, 0.0801
0.2423, 0.0801
0.2423, 0.0801
0.2423, 0.0775
0.2423, 0.0775
0.2423, 0.0775
0.2423, 0.0775
0.2423, 0.0775
0.2423, 0.0775
0.2423, 0.0775
0.2423, 0.0775
0.2423, 0.0749
0.2423, 0.0749
0.2423, 0.0749
0.2423, 0.0749
0.2423, 0.0749
0.2423, 0.0749
0.2423, 0.0749
0.2423, 0.0749
0.2423, 0.0724
0.2423, 0.0724
0.2423, 0.0724
0.2423, 0.0698
0.2423, 0.0698
0.2423, 0.0698
0.2423, 0.0698
0.2423, 0.0698
0.2423, 0.0698
0.2423, 0.0698
0.2423, 0.0698
0.2423, 0.0698
0.2423, 0.0698
0.2423, 0.0698
0.2423, 0.0698
0.2423, 0.0698
0.2423, 0.0698
0.2423, 0.0698
0.2423, 0.0698
0.2423, 0.0672
0.2423, 0.0672
0.2423, 0.0672
0.2423, 0.0672
0.2423, 0.0672
0.2423, 0.0646
0.2423, 0.0646
0.2423, 0.0646
0.2423, 0.0646
0.2423, 0.0646
0.2423, 0.0646
0.2423, 0.0646
0.2423, 0.0646
0.2423, 0.0646
0.2423, 0.0646
0.2423, 0.0646
0.2423, 0.0646
0.2423, 0.0620
0.2423, 0.0620
0.2423, 0.0620
0.2423, 0.0620
0.2423, 0.0620
0.2423, 0.0594
0.2423, 0.0594
0.2423, 0.0594
0.2423, 0.0594
0.2423, 0.0594
0.2423, 0.0594
0.2423, 0.0594
0.2423, 0.0594
0.2423, 0.0568
0.2423, 0.0568
0.2423, 0.0568
0.2423, 0.0568
0.2423, 0.0568
0.2423, 0.0568
0.2423, 0.0568
0.2423, 0.0568
0.2423, 0.0568
0.2423, 0.0568
0.2423, 0.0568
0.2423, 0.0543
0.2423, 0.0543
0.2423, 0.0543
0.2423, 0.0543
0.2423, 0.0543
0.2423, 0.0543
0.2423, 0.0517
0.2423, 0.0517
0.2423, 0.0517
0.2423, 0.0517
0.2423, 0.0517
0.2423, 0.0517
0.2423, 0.0517
0.2423, 0.0517
0.2423, 0.0517
0.2423, 0.0517
0.2423, 0.0517
0.2423, 0.0517
0.2423, 0.0517
0.2423, 0.0491
0.2423, 0.0491
0.2423, 0.0491
0.2423, 0.0491
0.2423, 0.0491
0.2423, 0.0491
0.2423, 0.0491
0.2423, 0.0491
0.2423, 0.0465
0.2423, 0.0465
0.2423, 0.0465
0.2423, 0.0465
0.2423, 0.0465
0.2423, 0.0465
0.2423, 0.0439
0.2423, 0.0439
0.2423, 0.0439
0.2423, 0.0439
0.2423, 0.0439
0.2423, 0.0439
0.2423, 0.0439
0.2423, 0.0439
0.2423, 0.0439
0.2423, 0.0439
0.2423, 0.0439
0.2423, 0.0439
0.2423, 0.0439
0.2423, 0.0439
0.2423, 0.0439
0.2423, 0.0439
0.2423, 0.0439
0.2423, 0.0413
0.2423, 0.0413
0.2423, 0.0413
0.2423, 0.0413
0.2467, 0.0388
0.2467, 0.0388
0.2467, 0.0388
0.2467, 0.0388
0.2467, 0.0388
0.2467, 0.0388
0.2467, 0.0388
0.2467, 0.0388
0.2467, 0.0388
0.2467, 0.0362
0.2467, 0.0362
0.2467, 0.0362
0.2467, 0.0362
0.2511, 0.0362
0.2511, 0.0362
0.2511, 0.0362
0.2511, 0.0336
0.2511, 0.0336
0.2511, 0.0336
0.2511, 0.0336
0.2511, 0.0336
0.2511, 0.0336
0.2511, 0.0310
0.2511, 0.0310
0.2511, 0.0310
0.2511, 0.0310
0.2511, 0.0310
0.2511, 0.0310
0.2511, 0.0310
0.2511, 0.0310
0.2511, 0.0310
0.2511, 0.0310
0.2511, 0.0310
0.2511, 0.0310
0.2511, 0.0310
0.2511, 0.0284
0.2511, 0.0284
0.2511, 0.0284
0.2511, 0.0284
0.2511, 0.0284
0.2555, 0.0258
0.2555, 0.0258
0.2555, 0.0258
0.2555, 0.0258
0.2555, 0.0258
0.2555, 0.0258
0.2555, 0.0258
0.2555, 0.0258
0.2555, 0.0258
0.2555, 0.0258
0.2555, 0.0258
0.2599, 0.0258
0.2599, 0.0258
0.2599, 0.0258
0.2599, 0.0258
0.2599, 0.0258
0.2599, 0.0258
0.2599, 0.0258
0.2599, 0.0233
0.2599, 0.0233
0.2599, 0.0233
0.2599, 0.0233
0.2599, 0.0233
0.2599, 0.0233
0.2599, 0.0233
0.2599, 0.0233
0.2599, 0.0233
0.2599, 0.0233
0.2599, 0.0233
0.2599, 0.0233
0.2599, 0.0233
0.2599, 0.0207
0.2599, 0.0207
0.2599, 0.0207
0.2599, 0.0207
0.2599, 0.0207
0.2599, 0.0207
0.2599, 0.0207
0.2599, 0.0207
0.2599, 0.0207
0.2643, 0.0181
0.2643, 0.0181
0.2643, 0.0181
0.2643, 0.0181
0.2643, 0.0181
0.2643, 0.0181
0.2643, 0.0181
0.2643, 0.0181
0.2643, 0.0181
0.2643, 0.0181
0.2643, 0.0181
0.2643, 0.0181
0.2643, 0.0181
0.2643, 0.0181
0.2687, 0.0181
0.2687, 0.0181
0.2687, 0.0181
0.2687, 0.0181
0.2687, 0.0181
0.2687, 0.0181
0.2687, 0.0181
0.2687, 0.0181
0.2687, 0.0181
0.2731, 0.0181
0.2731, 0.0181
0.2731, 0.0155
0.2731, 0.0155
0.2731, 0.0155
0.2731, 0.0155
0.2731, 0.0155
0.2731, 0.0155
0.2731, 0.0155
0.2731, 0.0155
0.2731, 0.0155
0.2731, 0.0129
0.2731, 0.0129
0.2731, 0.0129
0.2731, 0.0129
0.2775, 0.0129
0.2775, 0.0129
0.2775, 0.0129
0.2775, 0.0129
0.2775, 0.0129
0.2775, 0.0129
0.2775, 0.0129
0.2775, 0.0129
0.2775, 0.0129
0.2775, 0.0129
0.2775, 0.0129
0.2819, 0.0129
0.2819, 0.0129
0.2819, 0.0129
0.2819, 0.0129
0.2819, 0.0129
0.2819, 0.0129
0.2819, 0.0129
0.2819, 0.0129
0.2819, 0.0129
0.2819, 0.0103
0.2819, 0.0103
0.2819, 0.0103
0.2819, 0.0103
0.2863, 0.0103
0.2863, 0.0103
0.2863, 0.0103
0.2863, 0.0103
0.2863, 0.0103
0.2907, 0.0078
0.2907, 0.0078
0.2907, 0.0078
0.2907, 0.0078
0.2907, 0.0078
0.2907, 0.0078
0.2952, 0.0078
0.2952, 0.0078
0.2952, 0.0078
0.2952, 0.0078
0.2952, 0.0078
0.2952, 0.0078
0.2952, 0.0078
0.2952, 0.0078
0.2952, 0.0078
0.2952, 0.0078
0.2952, 0.0078
0.2952, 0.0078
0.2952, 0.0078
0.2952, 0.0078
0.2996, 0.0078
0.2996, 0.0078
0.2996, 0.0078
0.2996, 0.0078
0.2996, 0.0078
0.2996, 0.0078
0.3040, 0.0078
0.3040, 0.0078
0.3040, 0.0078
0.3040, 0.0052
0.3040, 0.0052
0.3040, 0.0052
0.3040, 0.0052
0.3040, 0.0052
0.3040, 0.0052
0.3040, 0.0052
0.3040, 0.0052
0.3040, 0.0052
0.3040, 0.0052
0.3040, 0.0052
0.3040, 0.0052
0.3040, 0.0052
0.3084, 0.0052
0.3084, 0.0052
0.3084, 0.0052
0.3084, 0.0052
0.3084, 0.0052
0.3084, 0.0052
0.3128, 0.0052
0.3128, 0.0052
0.3128, 0.0052
0.3128, 0.0052
0.3128, 0.0052
0.3128, 0.0026
0.3128, 0.0026
0.3128, 0.0026
0.3128, 0.0026
0.3172, 0.0026
0.3172, 0.0026
0.3172, 0.0026
0.3172, 0.0026
0.3172, 0.0026
0.3172, 0.0026
0.3216, 0.0026
0.3216, 0.0026
0.3216, 0.0026
0.3216, 0.0026
0.3216, 0.0026
0.3260, 0.0026
0.3260, 0.0026
0.3260, 0.0026
0.3260, 0.0026
0.3260, 0.0026
0.3260, 0.0026
0.3260, 0.0026
0.3260, 0.0026
0.3260, 0.0026
0.3260, 0.0026
0.3304, 0.0026
0.3304, 0.0026
0.3304, 0.0026
0.3304, 0.0026
0.3304, 0.0026
0.3304, 0.0026
0.3304, 0.0026
0.3348, 0.0026
0.3348, 0.0026
0.3348, 0.0026
0.3348, 0.0026
0.3348, 0.0026
0.3348, 0.0026
0.3392, 0.0000
0.3392, 0.0000
0.3392, 0.0000
0.3392, 0.0000
0.3392, 0.0000
0.3436, 0.0000
0.3436, 0.0000
0.3436, 0.0000
0.3436, 0.0000
0.3436, 0.0000
0.3436, 0.0000
0.3480, 0.0000
0.3480, 0.0000
0.3480, 0.0000
0.3480, 0.0000
0.3480, 0.0000
0.3480, 0.0000
0.3480, 0.0000
0.3480, 0.0000
0.3480, 0.0000
0.3480, 0.0000
0.3480, 0.0000
0.3524, 0.0000
0.3524, 0.0000
0.3524, 0.0000
0.3524, 0.0000
0.3568, 0.0000
0.3568, 0.0000
0.3568, 0.0000
0.3568, 0.0000
0.3568, 0.0000
0.3568, 0.0000
0.3568, 0.0000
0.3568, 0.0000
0.3568, 0.0000
0.3568, 0.0000
0.3568, 0.0000
0.3568, 0.0000
0.3568, 0.0000
0.3568, 0.0000
0.3612, 0.0000
0.3612, 0.0000
0.3612, 0.0000
0.3612, 0.0000
0.3656, 0.0000
0.3656, 0.0000
0.3656, 0.0000
0.3656, 0.0000
0.3656, 0.0000
0.3656, 0.0000
0.3700, 0.0000
0.3700, 0.0000
0.3700, 0.0000
0.3700, 0.0000
0.3700, 0.0000
0.3700, 0.0000
0.3700, 0.0000
0.3700, 0.0000
0.3700, 0.0000
0.3744, 0.0000
0.3744, 0.0000
0.3789, 0.0000
0.3789, 0.0000
0.3789, 0.0000
0.3789, 0.0000
0.3789, 0.0000
0.3789, 0.0000
0.3833, 0.0000
0.3833, 0.0000
0.3833, 0.0000
0.3833, 0.0000
0.3833, 0.0000
0.3877, 0.0000
0.3877, 0.0000
0.3877, 0.0026
0.3877, 0.0026
0.3921, 0.0026
0.3921, 0.0026
0.3921, 0.0026
0.3921, 0.0026
0.3921, 0.0026
0.3921, 0.0026
0.3921, 0.0052
0.3921, 0.0052
0.3965, 0.0052
0.3965, 0.0052
0.4009, 0.0052
0.4009, 0.0052
0.4009, 0.0052
0.4009, 0.0052
0.4009, 0.0052
0.4009, 0.0052
0.4009, 0.0052
0.4009, 0.0052
0.4009, 0.0052
0.4053, 0.0052
0.4053, 0.0052
0.4097, 0.0052
0.4097, 0.0052
0.4097, 0.0052
0.4097, 0.0052
0.4097, 0.0078
0.4097, 0.0078
0.4141, 0.0078
0.4141, 0.0078
0.4141, 0.0078
0.4141, 0.0078
0.4141, 0.0078
0.4141, 0.0078
0.4141, 0.0078
0.4141, 0.0078
0.4141, 0.0078
0.4141, 0.0103
0.4141, 0.0103
0.4185, 0.0103
0.4185, 0.0103
0.4229, 0.0103
0.4229, 0.0103
0.4229, 0.0103
0.4229, 0.0103
0.4229, 0.0103
0.4229, 0.0103
0.4229, 0.0103
0.4229, 0.0103
0.4229, 0.0103
0.4229, 0.0103
0.4229, 0.0103
0.4229, 0.0129
0.4229, 0.0129
0.4273, 0.0129
0.4273, 0.0129
0.4273, 0.0129
0.4273, 0.0129
0.4273, 0.0129
0.4273, 0.0129
0.4273, 0.0129
0.4273, 0.0129
0.4317, 0.0129
0.4317, 0.0129
0.4317, 0.0155
0.4317, 0.0155
0.4317, 0.0155
0.4317, 0.0155
0.4317, 0.0155
0.4361, 0.0155
0.4361, 0.0155
0.4361, 0.0155
0.4361, 0.0155
0.4361, 0.0155
0.4361, 0.0155
0.4361, 0.0155
0.4361, 0.0155
0.4361, 0.0155
0.4361, 0.0155
0.4405, 0.0181
0.4405, 0.0181
0.4405, 0.0181
0.4405, 0.0181
0.4405, 0.0181
0.4449, 0.0181
0.4449, 0.0181
0.4449, 0.0207
0.4449, 0.0207
0.4449, 0.0207
0.4449, 0.0207
0.4449, 0.0207
0.4449, 0.0207
0.4449, 0.0233
0.4449, 0.0233
0.4493, 0.0233
0.4493, 0.0233
0.4493, 0.0233
0.4493, 0.0233
0.4537, 0.0233
0.4537, 0.0233
0.4537, 0.0233
0.4537, 0.0233
0.4537, 0.0233
0.4537, 0.0258
0.4537, 0.0258
0.4537, 0.0258
0.4537, 0.0258
0.4537, 0.0258
0.4537, 0.0258
0.4537, 0.0284
0.4537, 0.0284
0.4537, 0.0284
0.4537, 0.0284
0.4537, 0.0284
0.4581, 0.0284
0.4581, 0.0284
0.4581, 0.0284
0.4581, 0.0284
0.4626, 0.0284
0.4626, 0.0284
0.4626, 0.0284
0.4626, 0.0284
0.4626, 0.0310
0.4626, 0.0310
0.4670, 0.0310
0.4670, 0.0310
0.4670, 0.0336
0.4670, 0.0336
0.4670, 0.0336
0.4670, 0.0336
0.4670, 0.0362
0.4670, 0.0362
0.4670, 0.0362
0.4670, 0.0362
0.4670, 0.0362
0.4670, 0.0362
0.4670, 0.0362
0.4714, 0.0362
0.4714, 0.0362
0.4714, 0.0362
0.4714, 0.0362
0.4714, 0.0388
0.4714, 0.0388
0.4758, 0.0388
0.4758, 0.0388
0.4758, 0.0388
0.4758, 0.0388
0.4758, 0.0413
0.4758, 0.0413
0.4758, 0.0413
0.4758, 0.0413
0.4758, 0.0413
0.4758, 0.0413
0.4758, 0.0413
0.4758, 0.0413
0.4758, 0.0413
0.4758, 0.0413
0.4758, 0.0413
0.4802, 0.0413
0.4802, 0.0413
0.4802, 0.0439
0.4802, 0.0439
0.4802, 0.0439
0.4802, 0.0439
0.4846, 0.0465
0.4846, 0.0465
0.4846, 0.0465
0.4846, 0.0465
0.4846, 0.0491
0.4846, 0.0491
0.4890, 0.0491
0.4890, 0.0491
0.4890, 0.0491
0.4890, 0.0491
0.4890, 0.0491
0.4890, 0.0491
0.4890, 0.0491
0.4890, 0.0491
0.4890, 0.0517
0.4890, 0.0517
0.4890, 0.0517
0.4890, 0.0517
0.4890, 0.0517
0.4934, 0.0543
0.4934, 0.0543
0.4934, 0.0543
0.4934, 0.0543
0.4934, 0.0543
0.4934, 0.0543
0.4934, 0.0543
0.4934, 0.0543
0.4978, 0.0543
0.4978, 0.0543
0.4978, 0.0568
0.4978, 0.0568
0.4978, 0.0568
0.4978, 0.0568
0.4978, 0.0568
0.4978, 0.0568
0.4978, 0.0568
0.4978, 0.0594
0.4978, 0.0594
0.4978, 0.0594
0.4978, 0.0594
0.4978, 0.0594
0.4978, 0.0594
0.4978, 0.0594
0.4978, 0.0594
0.4978, 0.0620
0.4978, 0.0620
0.5022, 0.0620
0.5022, 0.0620
0.5022, 0.0620
0.5022, 0.0620
0.5022, 0.0620
0.5022, 0.0620
0.5022, 0.0620
0.5022, 0.0620
0.5022, 0.0620
0.5022, 0.0620
0.5022, 0.0620
0.5066, 0.0646
0.5066, 0.0646
0.5066, 0.0646
0.5066, 0.0646
0.5066, 0.0646
0.5066, 0.0646
0.5066, 0.0646
0.5066, 0.0672
0.5110, 0.0672
0.5110, 0.0672
0.5110, 0.0672
0.5110, 0.0672
0.5110, 0.0672
0.5110, 0.0672
0.5110, 0.0672
0.5110, 0.0672
0.5110, 0.0672
0.5110, 0.0698
0.5110, 0.0698
0.5110, 0.0698
0.5110, 0.0698
0.5110, 0.0698
0.5110, 0.0698
0.5154, 0.0724
0.5154, 0.0724
0.5154, 0.0724
0.5154, 0.0724
0.5154, 0.0749
0.5154, 0.0749
0.5198, 0.0749
0.5198, 0.0749
0.5198, 0.0749
0.5198, 0.0749
0.5198, 0.0749
0.5198, 0.0749
0.5198, 0.0749
0.5198, 0.0749
0.5198, 0.0749
0.5198, 0.0749
0.5198, 0.0749
0.5198, 0.0749
0.5198, 0.0775
0.5198, 0.0775
0.5198, 0.0775
0.5198, 0.0775
0.5198, 0.0775
0.5198, 0.0775
0.5198, 0.0775
0.5198, 0.0801
0.5198, 0.0801
0.5242, 0.0801
0.5242, 0.0801
0.5242, 0.0801
0.5242, 0.0801
0.5242, 0.0801
0.5242, 0.0801
0.5286, 0.0801
0.5286, 0.0801
0.5286, 0.0827
0.5286, 0.0827
0.5286, 0.0827
0.5286, 0.0827
0.5330, 0.0853
0.5330, 0.0853
0.5330, 0.0853
0.5330, 0.0853
0.5330, 0.0853
0.5330, 0.0853
0.5330, 0.0853
0.5330, 0.0853
0.5330, 0.0879
0.5330, 0.0879
0.5330, 0.0879
0.5374, 0.0879
0.5374, 0.0879
0.5374, 0.0879
0.5374, 0.0879
0.5374, 0.0904
0.5374, 0.0904
0.5419, 0.0904
0.5419, 0.0904
0.5419, 0.0904
0.5419, 0.0930
0.5419, 0.0930
0.5419, 0.0930
0.5419, 0.0930
0.5419, 0.0930
0.5419, 0.0930
0.5419, 0.0930
0.5419, 0.0930
0.5419, 0.0930
0.5419, 0.0930
0.5463, 0.0930
0.5463, 0.0930
0.5463, 0.0956
0.5463, 0.0956
0.5463, 0.0956
0.5463, 0.0956
0.5507, 0.0956
0.5507, 0.0956
0.5507, 0.0982
0.5551, 0.0982
0.5551, 0.0982
0.5551, 0.0982
0.5551, 0.0982
0.5551, 0.0982
0.5551, 0.0982
0.5551, 0.1008
0.5551, 0.1008
0.5551, 0.1008
0.5551, 0.1008
0.5595, 0.1034
0.5595, 0.1034
0.5595, 0.1034
0.5595, 0.1034
0.5639, 0.1034
0.5639, 0.1034
0.5639, 0.1059
0.5639, 0.1059
0.5639, 0.1059
0.5639, 0.1059
0.5639, 0.1059
0.5639, 0.1059
0.5683, 0.1085
0.5683, 0.1085
0.5683, 0.1085
0.5683, 0.1085
0.5727, 0.1111
0.5727, 0.1111
0.5727, 0.1111
0.5727, 0.1111
0.5727, 0.1111
0.5727, 0.1111
0.5771, 0.1111
0.5771, 0.1111
0.5771, 0.1111
0.5771, 0.1111
0.5771, 0.1137
0.5771, 0.1137
0.5771, 0.1137
0.5771, 0.1137
0.5771, 0.1163
0.5771, 0.1163
0.5771, 0.1163
0.5771, 0.1163
0.5771, 0.1189
0.5771, 0.1189
0.5815, 0.1189
0.5815, 0.1189
0.5815, 0.1189
0.5815, 0.1189
0.5859, 0.1214
0.5859, 0.1214
0.5859, 0.1214
0.5859, 0.1214
0.5859, 0.1240
0.5859, 0.1240
0.5859, 0.1240
0.5859, 0.1240
0.5859, 0.1240
0.5859, 0.1240
0.5859, 0.1266
0.5859, 0.1266
0.5859, 0.1266
0.5859, 0.1266
0.5859, 0.1266
0.5859, 0.1266
0.5859, 0.1292
0.5859, 0.1292
0.5903, 0.1318
0.5903, 0.1318
0.5903, 0.1318
0.5903, 0.1318
0.5903, 0.1318
0.5903, 0.1318
0.5903, 0.1318
0.5903, 0.1318
0.5947, 0.1344
0.5947, 0.1344
0.5947, 0.1370
0.5947, 0.1370
0.5947, 0.1370
0.5947, 0.1370
0.5947, 0.1370
0.5947, 0.1370
0.5947, 0.1370
0.5947, 0.1370
0.5947, 0.1370
0.5947, 0.1370
0.5947, 0.1370
0.5947, 0.1370
0.5947, 0.1395
0.5947, 0.1395
0.5947, 0.1395
0.5947, 0.1395
0.5947, 0.1421
0.5947, 0.1421
0.5947, 0.1421
0.5947, 0.1421
0.5947, 0.1447
0.5947, 0.1447
0.5947, 0.1447
0.5947, 0.1447
0.5991, 0.1447
0.5991, 0.1447
0.5991, 0.1447
0.5991, 0.1447
0.5991, 0.1447
0.5991, 0.1447
0.5991, 0.1473
0.5991, 0.1473
0.5991, 0.1473
0.5991, 0.1473
0.5991, 0.1499
0.5991, 0.1499
0.6035, 0.1499
0.6035, 0.1499
0.6035, 0.1499
0.6035, 0.1499
0.6035, 0.1525
0.6035, 0.1525
0.6035, 0.1525
0.6035, 0.1525
0.6035, 0.1525
0.6035, 0.1525
0.6035, 0.1550
0.6035, 0.1550
0.6079, 0.1550
0.6079, 0.1550
0.6079, 0.1550
0.6079, 0.1550
0.6079, 0.1576
0.6079, 0.1576
0.6079, 0.1576
0.6079, 0.1576
0.6079, 0.1576
0.6079, 0.1576
0.6079, 0.1576
0.6079, 0.1576
0.6079, 0.1602
0.6079, 0.1602
0.6079, 0.1602
0.6079, 0.1602
0.6123, 0.1628
0.6123, 0.1628
0.6123, 0.1628
0.6123, 0.1628
0.6123, 0.1628
0.6123, 0.1628
0.6123, 0.1628
0.6123, 0.1628
0.6167, 0.1628
0.6167, 0.1628
0.6167, 0.1654
0.6167, 0.1654
0.6167, 0.1654
0.6167, 0.1654
0.6167, 0.1705
0.6167, 0.1705
0.6167, 0.1705
0.6167, 0.1705
0.6211, 0.1705
0.6211, 0.1705
0.6211, 0.1731
0.6211, 0.1731
0.6211, 0.1731
0.6256, 0.1757
0.6256, 0.1757
0.6300, 0.1757
0.6300, 0.1783
0.6300, 0.1783
0.6300, 0.1809
0.6300, 0.1809
0.6300, 0.1809
0.6300, 0.1809
0.6344, 0.1835
0.6344, 0.1835
0.6344, 0.1860
0.6388, 0.1860
0.6388, 0.1860
0.6388, 0.1886
0.6388, 0.1886
0.6388, 0.1886
0.6388, 0.1886
0.6432, 0.1912
0.6432, 0.1912
0.6432, 0.1938
0.6476, 0.1938
0.6476, 0.1938
0.6520, 0.1964
0.6520, 0.1964
0.6520, 0.1990
0.6520, 0.1990
0.6520, 0.2016
0.6520, 0.2016
0.6564, 0.2016
0.6608, 0.2041
0.6608, 0.2067
0.6608, 0.2067
0.6608, 0.2067
0.6608, 0.2067
0.6608, 0.2093
0.6608, 0.2093
0.6652, 0.2119
0.6652, 0.2145
0.6696, 0.2145
0.6696, 0.2145
0.6696, 0.2145
0.6740, 0.2145
0.6740, 0.2171
0.6740, 0.2171
0.6740, 0.2196
0.6740, 0.2196
0.6740, 0.2196
0.6740, 0.2196
0.6784, 0.2196
0.6784, 0.2222
0.6828, 0.2248
0.6828, 0.2248
0.6828, 0.2274
0.6828, 0.2274
0.6828, 0.2274
0.6828, 0.2274
0.6872, 0.2274
0.6872, 0.2300
0.6872, 0.2300
0.6916, 0.2326
0.6916, 0.2326
0.6960, 0.2351
0.6960, 0.2351
0.6960, 0.2377
0.6960, 0.2403
0.7004, 0.2403
0.7004, 0.2403
0.7048, 0.2429
0.7048, 0.2429
0.7093, 0.2455
0.7093, 0.2481
0.7093, 0.2481
0.7093, 0.2481
0.7093, 0.2481
0.7137, 0.2506
0.7137, 0.2506
0.7137, 0.2506
0.7137, 0.2506
0.7181, 0.2532
0.7181, 0.2532
0.7181, 0.2532
0.7181, 0.2532
0.7181, 0.2532
0.7181, 0.2532
0.7181, 0.2532
0.7181, 0.2532
0.7181, 0.2558
0.7181, 0.2558
0.7225, 0.2558
0.7225, 0.2558
0.7269, 0.2584
0.7269, 0.2584
0.7269, 0.2584
0.7269, 0.2584
0.7269, 0.2584
0.7269, 0.2610
0.7269, 0.2610
0.7269, 0.2610
0.7269, 0.2610
0.7313, 0.2636
0.7313, 0.2636
0.7313, 0.2636
0.7313, 0.2636
0.7357, 0.2636
0.7357, 0.2636
0.7357, 0.2661
0.7357, 0.2661
0.7357, 0.2661
0.7357, 0.2661
0.7357, 0.2687
0.7357, 0.2687
0.7357, 0.2687
0.7357, 0.2687
0.7401, 0.2713
0.7401, 0.2713
0.7401, 0.2713
0.7401, 0.2713
0.7445, 0.2713
0.7445, 0.2713
0.7445, 0.2739
0.7489, 0.2765
0.7489, 0.2765
0.7489, 0.2765
0.7489, 0.2765
0.7489, 0.2765
0.7489, 0.2765
0.7489, 0.2765
0.7489, 0.2791
0.7533, 0.2791
0.7533, 0.2791
0.7533, 0.2817
0.7533, 0.2817
0.7533, 0.2817
0.7533, 0.2817
0.7577, 0.2817
0.7577, 0.2817
0.7577, 0.2842
0.7577, 0.2842
0.7577, 0.2842
0.7577, 0.2842
0.7577, 0.2842
0.7577, 0.2842
0.7577, 0.2868
0.7577, 0.2868
0.7621, 0.2868
0.7621, 0.2868
0.7621, 0.2894
0.7621, 0.2894
0.7621, 0.2894
0.7621, 0.2894
0.7665, 0.2894
0.7665, 0.2894
0.7665, 0.2894
0.7665, 0.2894
0.7665, 0.2920
0.7665, 0.2920
0.7709, 0.2920
0.7709, 0.2920
0.7709, 0.2946
0.7709, 0.2972
0.7709, 0.2972
0.7709, 0.2972
0.7709, 0.2972
0.7709, 0.2972
0.7709, 0.2972
0.7709, 0.2972
0.7709, 0.2972
0.7753, 0.2972
0.7753, 0.2972
0.7753, 0.2997
0.7753, 0.2997
0.7797, 0.2997
0.7797, 0.2997
0.7797, 0.3023
0.7797, 0.3023
0.7797, 0.3023
0.7797, 0.3023
0.7797, 0.3023
0.7797, 0.3023
0.7797, 0.3023
0.7797, 0.3023
0.7797, 0.3023
0.7797, 0.3023
0.7797, 0.3023
0.7797, 0.3023
0.7797, 0.3023
0.7797, 0.3023
0.7841, 0.3049
0.7841, 0.3049
0.7841, 0.3049
0.7841, 0.3049
0.7841, 0.3049
0.7841, 0.3049
0.7885, 0.3075
0.7885, 0.3075
0.7885, 0.3075
0.7885, 0.3075
0.7885, 0.3075
0.7885, 0.3075
0.7930, 0.3101
0.7930, 0.3101
0.7930, 0.3101
0.7930, 0.3101
0.7930, 0.3101
0.7930, 0.3101
0.7930, 0.3101
0.7930, 0.3101
0.7930, 0.3101
0.7930, 0.3101
0.7930, 0.3101
0.7930, 0.3101
0.7974, 0.3127
0.7974, 0.3127
0.7974, 0.3127
0.7974, 0.3127
0.7974, 0.3127
0.7974, 0.3127
0.7974, 0.3152
0.8018, 0.3152
0.8018, 0.3152
0.8018, 0.3152
0.8018, 0.3152
0.8018, 0.3152
0.8018, 0.3152
0.8018, 0.3152
0.8018, 0.3152
0.8018, 0.3152
0.8062, 0.3178
0.8062, 0.3178
0.8062, 0.3178
0.8062, 0.3178
0.8062, 0.3178
0.8062, 0.3178
0.8106, 0.3204
0.8106, 0.3204
0.8106, 0.3204
0.8106, 0.3204
0.8106, 0.3204
0.8106, 0.3204
0.8150, 0.3230
0.8150, 0.3230
0.8150, 0.3230
0.8150, 0.3230
0.8150, 0.3230
0.8194, 0.3230
0.8194, 0.3230
0.8194, 0.3256
0.8194, 0.3256
0.8238, 0.3256
0.8238, 0.3256
0.8238, 0.3282
0.8238, 0.3282
0.8238, 0.3282
0.8238, 0.3282
0.8238, 0.3282
0.8238, 0.3282
0.8282, 0.3282
0.8282, 0.3282
0.8282, 0.3282
0.8282, 0.3282
0.8282, 0.3307
0.8326, 0.3307
0.8326, 0.3307
0.8326, 0.3307
0.8326, 0.3307
0.8370, 0.3333
0.8370, 0.3333
0.8370, 0.3333
0.8370, 0.3333
0.8370, 0.3359
0.8370, 0.3359
0.8370, 0.3359
0.8370, 0.3359
0.8414, 0.3359
0.8414, 0.3359
0.8414, 0.3359
0.8414, 0.3359
0.8414, 0.3359
0.8414, 0.3359
0.8458, 0.3359
0.8458, 0.3359
0.8458, 0.3359
0.8458, 0.3359
0.8458, 0.3359
0.8458, 0.3359
0.8458, 0.3385
0.8458, 0.3385
0.8502, 0.3385
0.8502, 0.3385
0.8502, 0.3385
0.8502, 0.3385
0.8546, 0.3385
0.8546, 0.3385
0.8546, 0.3385
0.8590, 0.3411
0.8590, 0.3411
0.8590, 0.3411
0.8590, 0.3411
0.8634, 0.3411
0.8634, 0.3411
0.8678, 0.3411
0.8678, 0.3411
0.8678, 0.3411
0.8678, 0.3411
0.8678, 0.3411
0.8678, 0.3411
0.8678, 0.3411
0.8678, 0.3411
0.8722, 0.3411
0.8722, 0.3411
0.8767, 0.3411
0.8767, 0.3411
0.8767, 0.3411
0.8767, 0.3411
0.8767, 0.3411
0.8767, 0.3411
0.8811, 0.3411
0.8811, 0.3411
0.8811, 0.3411
0.8811, 0.3411
0.8811, 0.3411
0.8811, 0.3411
0.8855, 0.3411
0.8855, 0.3411
0.8855, 0.3411
0.8899, 0.3411
0.8899, 0.3411
0.8899, 0.3411
0.8899, 0.3411
0.8899, 0.3411
0.8899, 0.3411
0.8899, 0.3411
0.8899, 0.3411
0.8943, 0.3411
0.8943, 0.3411
0.8943, 0.3411
0.8943, 0.3411
0.8987, 0.3411
0.8987, 0.3411
0.8987, 0.3411
0.8987, 0.3411
0.8987, 0.3411
0.8987, 0.3411
0.8987, 0.3411
0.8987, 0.3411
0.9031, 0.3411
0.9031, 0.3411
0.9031, 0.3411
0.9075, 0.3411
0.9075, 0.3411
0.9075, 0.3411
0.9075, 0.3411
0.9075, 0.3411
0.9075, 0.3411
0.9119, 0.3411
0.9119, 0.3411
0.9119, 0.3411
0.9119, 0.3411
0.9119, 0.3411
0.9119, 0.3411
0.9119, 0.3411
0.9119, 0.3411
0.9119, 0.3411
0.9119, 0.3411
0.9163, 0.3411
0.9163, 0.3411
0.9163, 0.3411
0.9163, 0.3411
0.9207, 0.3411
0.9207, 0.3411
0.9207, 0.3385
0.9207, 0.3385
0.9207, 0.3385
0.9207, 0.3385
0.9207, 0.3385
0.9207, 0.3385
0.9251, 0.3385
0.9251, 0.3385
0.9251, 0.3385
0.9251, 0.3385
0.9295, 0.3385
0.9295, 0.3385
0.9295, 0.3385
0.9339, 0.3359
0.9339, 0.3359
0.9339, 0.3359
0.9339, 0.3359
0.9339, 0.3359
0.9339, 0.3359
0.9383, 0.3333
0.9383, 0.3333
0.9383, 0.3333
0.9383, 0.3333
0.9427, 0.3333
0.9427, 0.3333
0.9427, 0.3307
0.9427, 0.3307
0.9427, 0.3307
0.9427, 0.3307
0.9427, 0.3307
0.9427, 0.3307
0.9471, 0.3307
0.9471, 0.3307
0.9471, 0.3307
0.9471, 0.3307
0.9471, 0.3307
0.9471, 0.3307
0.9515, 0.3282
0.9559, 0.3282
0.9559, 0.3282
0.9559, 0.3256
0.9559, 0.3256
0.9559, 0.3256
0.9559, 0.3256
0.9559, 0.3256
0.9559, 0.3256
0.9604, 0.3256
0.9604, 0.3256
0.9604, 0.3256
0.9604, 0.3256
0.9648, 0.3256
0.9648, 0.3256
0.9648, 0.3230
0.9648, 0.3230
0.9648, 0.3230
0.9648, 0.3230
0.9648, 0.3230
0.9648, 0.3204
0.9648, 0.3204
0.9692, 0.3204
0.9692, 0.3204
0.9692, 0.3178
0.9692, 0.3178
0.9736, 0.3178
0.9736, 0.3178
0.9736, 0.3178
0.9736, 0.3178
0.9736, 0.3178
0.9736, 0.3178
0.9780, 0.3178
0.9780, 0.3152
0.9780, 0.3152
0.9780, 0.3152
0.9780, 0.3152
0.9780, 0.3127
0.9780, 0.3127
0.9824, 0.3127
0.9824, 0.3127
0.9824, 0.3127
0.9868, 0.3127
0.9868, 0.3127
0.9868, 0.3101
0.9868, 0.3101
0.9868, 0.3101
0.9868, 0.3075
0.9868, 0.3075
0.9868, 0.3075
0.9868, 0.3075
0.9912, 0.3049
0.9912, 0.3049
0.9912, 0.3049
0.9912, 0.3049
0.9912, 0.3049
0.9912, 0.3049
0.9956, 0.3049
0.9956, 0.3049
0.9956, 0.3023
0.9956, 0.3023
0.9956, 0.3023
0.9956, 0.2997
0.9956, 0.2997
1.0000, 0.2997
1.0000, 0.2997
1.0000, 0.2997
1.0000, 0.2997
1.0000, 0.2997
1.0000, 0.2997
1.0000, 0.2997
1.0000, 0.2997
1.0000, 0.2997
1.0000, 0.2997
1.0000, 0.2997
1.0000, 0.2997
1.0000, 0.2997
1.0000, 0.2997
1.0000, 0.2997
1.0000, 0.2997
1.0000, 0.2997
1.0000, 0.2997
1.0000, 0.2997
1.0000, 0.2997
1.0000, 0.2997
1.0000, 0.2997
1.0000, 0.2997
1.0000, 0.2997
1.0000, 0.2997
1.0000, 0.2997
1.0000, 0.2997
1.0000, 0.2997
1.0000, 0.2997
1.0000, 0.2997
1.0000, 0.2997
1.0000, 0.2997
1.0000, 0.2997
1.0000, 0.2997
0.0969, 0.3127
0.0969, 0.3127
0.0969, 0.3127
0.0969, 0.3127
0.0969, 0.3127
0.0969, 0.3127
0.0969, 0.3127
0.0969, 0.3127
0.0969, 0.3127
0.0969, 0.3127
0.0969, 0.3127
0.0969, 0.3127
0.0969, 0.3127
0.0969, 0.3127
0.0969, 0.3127
0.0969, 0.3127
0.0969, 0.3127
0.0969, 0.3127
0.0969, 0.3127
0.0969, 0.3127
0.0969, 0.3127
0.0969, 0.3127
0.0969, 0.3127
0.0969, 0.3127
0.0969, 0.3127
0.0969, 0.3127
0.0969, 0.3127
0.0969, 0.3127
0.0969, 0.3127
0.0969, 0.3127
0.0969, 0.3127
0.0969, 0.3127
0.0969, 0.3127
0.0969, 0.3127
0.0969, 0.3127
0.0969, 0.3127
0.0969, 0.3127
0.0969, 0.3127
0.0969, 0.3127
0.0969, 0.3127
0.0969, 0.3127
0.0969, 0.3127
0.0969, 0.3127
0.0969, 0.3127
0.0969, 0.3127
0.0969, 0.3127
0.0969, 0.3127
0.0969, 0.3127
0.0969, 0.3127
0.0969, 0.3127
0.0969, 0.3127
0.0969, 0.3127
0.0969, 0.3127
0.0969, 0.3127
0.0969, 0.3127
0.1013, 0.3127
0.1013, 0.3127
0.1013, 0.3127
0.1057, 0.3127
0.1057, 0.3127
0.1057, 0.3127
0.1101, 0.3127
0.1101, 0.3127
0.1101, 0.3127
0.1145, 0.3127
0.1145, 0.3127
0.1145, 0.3127
0.1189, 0.3127
0.1189, 0.3127
0.1189, 0.3127
0.1278, 0.3127
0.1278, 0.3127
0.1278, 0.3127
0.1366, 0.3127
0.1366, 0.3127
0.1366, 0.3127
0.1366, 0.3127
0.1366, 0.3127
0.1366, 0.3127
0.1454, 0.3127
0.1454, 0.3127
0.1454, 0.3127
0.1498, 0.3127
0.1498, 0.3127
0.1498, 0.3127
0.1542, 0.3101
0.1542, 0.3101
0.1630, 0.3101
0.1630, 0.3101
0.1630, 0.3101
0.1630, 0.3101
0.1630, 0.3101
0.1630, 0.3101
0.1630, 0.3101
0.1674, 0.3101
0.1674, 0.3101
0.1674, 0.3101
0.1762, 0.3101
0.1762, 0.3101
0.1762, 0.3101
0.1762, 0.3101
0.1762, 0.3101
0.1762, 0.3101
0.1806, 0.3101
0.1806, 0.3101
0.1806, 0.3101
0.1850, 0.3101
0.1850, 0.3101
0.1850, 0.3101
0.1850, 0.3101
0.1850, 0.3101
0.1850, 0.3101
0.1938, 0.3101
0.1938, 0.3101
0.1938, 0.3101
0.1982, 0.3101
0.1982, 0.3101
0.1982, 0.3101
0.2026, 0.3101
0.2026, 0.3101
0.2026, 0.3101
0.2115, 0.3101
0.2115, 0.3101
0.2115, 0.3101
0.2159, 0.3101
0.2159, 0.3101
0.2159, 0.3101
0.2203, 0.3101
0.2203, 0.3101
0.2203, 0.3101
0.2291, 0.3101
0.2291, 0.3101
0.2291, 0.3101
0.2335, 0.3101
0.2335, 0.3101
0.2335, 0.3101
0.2379, 0.3101
0.2379, 0.3101
0.2423, 0.3101
0.2423, 0.3101
0.2423, 0.3101
0.2423, 0.3101
0.2423, 0.3101
0.2423, 0.3101
0.2467, 0.3101
0.2467, 0.3101
0.2467, 0.3101
0.2511, 0.3101
0.2511, 0.3101
0.2511, 0.3101
0.2555, 0.3101
0.2555, 0.3101
0.2555, 0.3101
0.2555, 0.3101
0.2555, 0.3101
0.2555, 0.3101
0.2599, 0.3101
0.2599, 0.3101
0.2599, 0.3101
0.2643, 0.3101
0.2643, 0.3101
0.2643, 0.3101
0.2643, 0.3101
0.2643, 0.3101
0.2643, 0.3101
0.2687, 0.3101
0.2687, 0.3101
0.2687, 0.3101
0.2731, 0.3101
0.2731, 0.3101
0.2731, 0.3101
0.2775, 0.3101
0.2775, 0.3101
0.2775, 0.3101
0.2775, 0.3101
0.2775, 0.3101
0.2775, 0.3101
0.2819, 0.3101
0.2819, 0.3101
0.2819, 0.3101
0.2863, 0.3101
0.2863, 0.3101
0.2863, 0.3101
0.2863, 0.3101
0.2863, 0.3101
0.2863, 0.3101
0.2907, 0.3101
0.2907, 0.3101
0.2907, 0.3101
0.2907, 0.3101
0.2907, 0.3101
0.2952, 0.3101
0.2952, 0.3101
0.2952, 0.3101
0.2996, 0.3101
0.2996, 0.3101
0.2996, 0.3101
0.2996, 0.3101
0.2996, 0.3101
0.2996, 0.3101
0.2996, 0.3101
0.2996, 0.3101
0.2996, 0.3101
0.2996, 0.3101
0.3040, 0.3101
0.3040, 0.3101
0.3040, 0.3101
0.3040, 0.3101
0.3040, 0.3101
0.3040, 0.3101
0.3084, 0.3101
0.3084, 0.3101
0.3084, 0.3101
0.3084, 0.3101
0.3084, 0.3101
0.3084, 0.3101
0.3084, 0.3101
0.3084, 0.3101
0.3084, 0.3101
0.3084, 0.3101
0.3084, 0.3101
0.3084, 0.3101
0.3128, 0.3101
0.3128, 0.3101
0.3128, 0.3101
0.3172, 0.3101
0.3172, 0.3101
0.3172, 0.3101
0.3172, 0.3101
0.3172, 0.3101
0.3172, 0.3101
0.3172, 0.3101
0.3172, 0.3101
0.3172, 0.3101
0.3172, 0.3101
0.3172, 0.3101
0.3172, 0.3101
0.3216, 0.3101
0.3216, 0.3101
0.3216, 0.3101
0.3260, 0.3101
0.3260, 0.3101
0.3260, 0.3101
0.3260, 0.3101
0.3260, 0.3101
0.3260, 0.3101
0.3304, 0.3101
0.3304, 0.3101
0.3304, 0.3101
0.3304, 0.3101
0.3304, 0.3101
0.3304, 0.3101
0.3348, 0.3101
0.3348, 0.3101
0.3348, 0.3101
0.3348, 0.3101
0.3348, 0.3101
0.3348, 0.3101
0.3348, 0.3101
0.3392, 0.3101
0.3392, 0.3101
0.3392, 0.3101
0.3392, 0.3101
0.3392, 0.3101
0.3392, 0.3101
0.3436, 0.3101
0.3436, 0.3101
0.3436, 0.3101
0.3436, 0.3101
0.3436, 0.3101
0.3480, 0.3101
0.3480, 0.3101
0.3480, 0.3101
0.3524, 0.3101
0.3524, 0.3101
0.3524, 0.3101
0.3524, 0.3101
0.3524, 0.3101
0.3524, 0.3101
0.3568, 0.3101
0.3568, 0.3101
0.3568, 0.3101
0.3612, 0.3101
0.3612, 0.3101
0.3612, 0.3101
0.3612, 0.3101
0.3612, 0.3101
0.3612, 0.3101
0.3656, 0.3101
0.3656, 0.3101
0.3656, 0.3101
0.3700, 0.3101
0.3700, 0.3101
0.3744, 0.3101
0.3744, 0.3101
0.3744, 0.3101
0.3744, 0.3101
0.3744, 0.3101
0.3744, 0.3101
0.3789, 0.3101
0.3789, 0.3101
0.3789, 0.3101
0.3789, 0.3101
0.3789, 0.3101
0.3789, 0.3101
0.3833, 0.3101
0.3833, 0.3101
0.3833, 0.3101
0.3833, 0.3101
0.3833, 0.3101
0.3833, 0.3101
0.3833, 0.3101
0.3833, 0.3101
0.3833, 0.3101
0.3877, 0.3101
0.3877, 0.3101
0.3877, 0.3101
0.3921, 0.3101
0.3921, 0.3101
0.3965, 0.3101
0.3965, 0.3101
0.3965, 0.3101
0.3965, 0.3101
0.3965, 0.3101
0.3965, 0.3101
0.4009, 0.3101
0.4009, 0.3101
0.4009, 0.3101
0.4009, 0.3101
0.4009, 0.3101
0.4009, 0.3101
0.4053, 0.3101
0.4053, 0.3101
0.4053, 0.3101
0.4053, 0.3101
0.4053, 0.3101
0.4053, 0.3101
0.4097, 0.3101
0.4097, 0.3101
0.4097, 0.3101
0.4097, 0.3101
0.4097, 0.3101
0.4097, 0.3101
0.4141, 0.3101
0.4141, 0.3101
0.4141, 0.3101
0.4185, 0.3101
0.4185, 0.3101
0.4185, 0.3101
0.4185, 0.3101
0.4185, 0.3101
0.4185, 0.3101
0.4185, 0.3101
0.4185, 0.3101
0.4185, 0.3101
0.4185, 0.3101
0.4185, 0.3101
0.4185, 0.3101
0.4185, 0.3101
0.4185, 0.3101
0.4185, 0.3101
0.4185, 0.3101
0.4185, 0.3101
0.4185, 0.3101
0.4185, 0.3101
0.4185, 0.3101
0.4185, 0.3101
0.4185, 0.3101
0.4185, 0.3101
0.4185, 0.3101
0.4185, 0.3101
0.4185, 0.3101
0.4185, 0.3101
0.4185, 0.3101
0.4185, 0.3101
0.4185, 0.3101
0.4185, 0.3101
0.4185, 0.3101
0.4185, 0.3101
0.4185, 0.3101
0.4185, 0.3101
0.4185, 0.3101
0.4229, 0.3101
0.4229, 0.3101
0.4229, 0.3101
0.4273, 0.3101
0.4273, 0.3101
0.4273, 0.3101
0.4273, 0.3101
0.4273, 0.3101
0.4273, 0.3101
0.4273, 0.3101
0.4273, 0.3101
0.4273, 0.3101
0.4273, 0.3101
0.4273, 0.3101
0.4273, 0.3101
0.4273, 0.3101
0.4273, 0.3101
0.4273, 0.3101
0.4273, 0.3101
0.4273, 0.3101
0.4273, 0.3101
0.4273, 0.3101
0.4273, 0.3101
0.4273, 0.3101
0.4273, 0.3101
0.4273, 0.3101
0.4273, 0.3101
0.4273, 0.3101
0.4273, 0.3101
0.4273, 0.3101
0.4273, 0.3101
0.4317, 0.3101
0.4317, 0.3101
0.4317, 0.3101
0.4317, 0.3101
0.4317, 0.3101
0.4361, 0.3101
0.4361, 0.3101
0.4361, 0.3101
0.4405, 0.3101
0.4405, 0.3101
0.4405, 0.3101
0.4405, 0.3101
0.4405, 0.3101
0.4405, 0.3101
0.4405, 0.3101
0.4405, 0.3101
0.4405, 0.3101
0.4405, 0.3101
0.4405, 0.3101
0.4405, 0.3101
0.4405, 0.3101
0.4405, 0.3101
0.4405, 0.3101
0.4405, 0.3101
0.4405, 0.3101
0.4405, 0.3101
0.4405, 0.3101
0.4405, 0.3101
0.4405, 0.3101
0.4405, 0.3101
0.4405, 0.3101
0.4405, 0.3101
0.4405, 0.3101
0.4405, 0.3101
0.4405, 0.3101
0.4405, 0.3101
0.4405, 0.3101
0.4405, 0.3101
0.4405, 0.3101
0.4405, 0.3101
0.4405, 0.3101
0.4405, 0.3101
0.4405, 0.3101
0.4405, 0.3101
0.4405, 0.3101
0.4405, 0.3101
0.4405, 0.3101
0.4405, 0.3101
0.4405, 0.3101
0.4405, 0.3101
0.4449, 0.3101
0.4449, 0.3101
0.4449, 0.3101
0.4449, 0.3101
0.4449, 0.3101
0.4449, 0.3101
0.4449, 0.3101
0.4449, 0.3101
0.4449, 0.3101
0.4493, 0.3101
0.4493, 0.3101
0.4493, 0.3101
0.4493, 0.3101
0.4493, 0.3101
0.4493, 0.3101
0.4493, 0.3101
0.4493, 0.3101
0.4493, 0.3101
0.4493, 0.3101
0.4493, 0.3101
0.4493, 0.3101
0.4493, 0.3101
0.4493, 0.3101
0.4493, 0.3101
0.4493, 0.3101
0.4493, 0.3101
0.4493, 0.3101
0.4493, 0.3101
0.4493, 0.3101
0.4493, 0.3101
0.4493, 0.3101
0.4493, 0.3101
0.4493, 0.3101
0.4493, 0.3101
0.4493, 0.3101
0.4493, 0.3101
0.4493, 0.3101
0.4493, 0.3101
0.4493, 0.3101
0.4493, 0.3101
0.4493, 0.3101
0.4493, 0.3101
0.4493, 0.3101
0.4493, 0.3101
0.4493, 0.3101
0.4493, 0.3101
0.4493, 0.3101
0.4493, 0.3101
0.4493, 0.3101
0.4493, 0.3101
0.4493, 0.3101
0.4493, 0.3101
0.4493, 0.3101
0.4493, 0.3101
0.4493, 0.3101
0.4493, 0.3101
0.4493, 0.3101
0.4493, 0.3101
0.4493, 0.3101
0.4493, 0.3101
0.4493, 0.3101
0.4493, 0.3101
0.4493, 0.3101
0.4537, 0.3101
0.4537, 0.3101
0.4537, 0.3101
0.4537, 0.3101
0.4537, 0.3101
0.4537, 0.3101
0.4537, 0.3101
0.4537, 0.3101
0.4537, 0.3101
0.4537, 0.3101
0.4537, 0.3101
0.4537, 0.3101
0.4537, 0.3101
0.4537, 0.3101
0.4537, 0.3101
0.4537, 0.3101
0.4537, 0.3101
0.4537, 0.3101
0.4537, 0.3101
0.4537, 0.3101
0.4537, 0.3101
0.4537, 0.3101
0.4537, 0.3101
0.4537, 0.3101
0.4537, 0.3101
0.4537, 0.3101
0.4537, 0.3101
0.4537, 0.3101
0.4537, 0.3101
0.4537, 0.3101
0.4537, 0.3101
0.4537, 0.3101
0.4537, 0.3101
0.4537, 0.3101
0.4537, 0.3101
0.4537, 0.3101
0.4537, 0.3101
0.4537, 0.3101
0.4537, 0.3101
0.4537, 0.3101
0.4537, 0.3101
0.4537, 0.3101
0.4537, 0.3101
0.4537, 0.3101
0.4537, 0.3101
0.4537, 0.3101
0.4537, 0.3101
0.4537, 0.3101
0.4537, 0.3101
0.4537, 0.3101
0.4537, 0.3101
0.4537, 0.3101
0.4537, 0.3101
0.4537, 0.3101
0.4537, 0.3101
0.4537, 0.3101
0.4537, 0.3101
0.4537, 0.3101
0.4537, 0.3101
0.4537, 0.3101
0.4537, 0.3101
0.4537, 0.3101
0.4537, 0.3101
0.4537, 0.3101
0.4537, 0.3101
0.4537, 0.3101
0.0969, 0.2300
0.0969, 0.2300
0.0969, 0.2300
0.0969, 0.2300
0.0969, 0.2300
0.0969, 0.2300
0.0969, 0.2300
0.0969, 0.2300
0.0969, 0.2300
0.0969, 0.2300
0.0969, 0.2300
0.0969, 0.2300
0.0969, 0.2300
0.0969, 0.2300
0.0969, 0.2300
0.0969, 0.2300
0.0969, 0.2300
0.0969, 0.2300
0.0969, 0.2300
0.0969, 0.2300
0.0969, 0.2300
0.0969, 0.2300
0.0969, 0.2300
0.0969, 0.2300
0.0969, 0.2300
0.0969, 0.2300
0.0969, 0.2300
0.0969, 0.2300
0.0969, 0.2300
0.0969, 0.2300
0.0969, 0.2300
0.0969, 0.2300
0.0969, 0.2300
0.0969, 0.2300
0.0969, 0.2300
0.0969, 0.2300
0.0969, 0.2300
0.0969, 0.2300
0.0969, 0.2300
0.0969, 0.2300
0.0969, 0.2300
0.0969, 0.2300
0.0969, 0.2300
0.0969, 0.2300
0.0969, 0.2300
0.0969, 0.2300
0.0969, 0.2300
0.0969, 0.2300
0.0969, 0.2300
0.0969, 0.2300
0.0969, 0.2300
0.0969, 0.2300
0.0969, 0.2300
0.0969, 0.2300
0.0969, 0.2300
0.0969, 0.2300
0.0969, 0.2300
0.0969, 0.2300
0.0969, 0.2300
0.0969, 0.2300
0.0969, 0.2300
0.0969, 0.2300
0.0969, 0.2300
0.0969, 0.2300
0.1013, 0.2300
0.1013, 0.2300
0.1013, 0.2300
0.1013, 0.2300
0.1013, 0.2300
0.1013, 0.2300
0.1057, 0.2300
0.1057, 0.2300
0.1057, 0.2300
0.1101, 0.2300
0.1101, 0.2300
0.1101, 0.2300
0.1145, 0.2300
0.1145, 0.2300
0.1145, 0.2300
0.1189, 0.2300
0.1189, 0.2300
0.1189, 0.2300
0.1278, 0.2300
0.1278, 0.2300
0.1278, 0.2300
0.1322, 0.2300
0.1322, 0.2300
0.1322, 0.2300
0.1410, 0.2300
0.1410, 0.2300
0.1454, 0.2300
0.1454, 0.2300
0.1454, 0.2300
0.1498, 0.2300
0.1498, 0.2300
0.1498, 0.2300
0.1542, 0.2300
0.1542, 0.2300
0.1542, 0.2300
0.1542, 0.2300
0.1542, 0.2300
0.1542, 0.2300
0.1586, 0.2300
0.1586, 0.2300
0.1586, 0.2300
0.1630, 0.2300
0.1630, 0.2300
0.1630, 0.2300
0.1630, 0.2300
0.1630, 0.2300
0.1630, 0.2300
0.1674, 0.2300
0.1674, 0.2300
0.1674, 0.2300
0.1674, 0.2300
0.1674, 0.2300
0.1674, 0.2300
0.1674, 0.2300
0.1674, 0.2300
0.1674, 0.2300
0.1674, 0.2300
0.1718, 0.2300
0.1718, 0.2300
0.1718, 0.2300
0.1762, 0.2300
0.1762, 0.2300
0.1762, 0.2300
0.1762, 0.2300
0.1762, 0.2300
0.1762, 0.2300
0.1850, 0.2300
0.1850, 0.2300
0.1850, 0.2300
0.1894, 0.2300
0.1894, 0.2300
0.1894, 0.2300
0.1894, 0.2300
0.1894, 0.2300
0.1894, 0.2300
0.1982, 0.2300
0.1982, 0.2300
0.1982, 0.2300
0.2026, 0.2300
0.2026, 0.2300
0.2026, 0.2300
0.2026, 0.2300
0.2026, 0.2300
0.2070, 0.2300
0.2070, 0.2300
0.2070, 0.2300
0.2115, 0.2300
0.2115, 0.2300
0.2115, 0.2300
0.2115, 0.2300
0.2115, 0.2300
0.2115, 0.2300
0.2159, 0.2300
0.2159, 0.2300
0.2159, 0.2300
0.2203, 0.2300
0.2203, 0.2300
0.2203, 0.2300
0.2203, 0.2300
0.2203, 0.2300
0.2203, 0.2300
0.2247, 0.2300
0.2247, 0.2300
0.2247, 0.2300
0.2247, 0.2300
0.2247, 0.2300
0.2247, 0.2300
0.2247, 0.2300
0.2291, 0.2300
0.2291, 0.2300
0.2335, 0.2300
0.2335, 0.2300
0.2335, 0.2300
0.2335, 0.2300
0.2335, 0.2300
0.2335, 0.2300
0.2379, 0.2300
0.2379, 0.2300
0.2379, 0.2300
0.2423, 0.2300
0.2423, 0.2300
0.2467, 0.2300
0.2467, 0.2300
0.2467, 0.2300
0.2467, 0.2300
0.2467, 0.2300
0.2467, 0.2300
0.2467, 0.2300
0.2467, 0.2300
0.2467, 0.2300
0.2511, 0.2300
0.2511, 0.2300
0.2511, 0.2300
0.2555, 0.2300
0.2555, 0.2300
0.2555, 0.2300
0.2555, 0.2300
0.2555, 0.2300
0.2555, 0.2300
0.2555, 0.2300
0.2555, 0.2300
0.2555, 0.2300
0.2555, 0.2300
0.2555, 0.2300
0.2555, 0.2300
0.2555, 0.2300
0.2555, 0.2300
0.2555, 0.2300
0.2555, 0.2300
0.2555, 0.2300
0.2555, 0.2300
0.2555, 0.2300
0.2555, 0.2300
0.2555, 0.2300
0.2555, 0.2300
0.2555, 0.2300
0.2555, 0.2300
0.2555, 0.2300
0.2555, 0.2300
0.2555, 0.2300
0.2555, 0.2300
0.2555, 0.2300
0.2555, 0.2300
0.2555, 0.2300
0.2555, 0.2300
0.2555, 0.2300
0.2555, 0.2300
0.2555, 0.2300
0.2555, 0.2300
0.2555, 0.2300
0.2555, 0.2300
0.2555, 0.2300
0.2555, 0.2300
0.2555, 0.2300
0.2555, 0.2300
0.2555, 0.2300
0.2555, 0.2300
0.2555, 0.2300
0.2555, 0.2300
0.2555, 0.2300
0.2555, 0.2300
0.2555, 0.2300
0.2555, 0.2300
0.2555, 0.2300
0.2555, 0.2300
0.2555, 0.2300
0.2555, 0.2300
0.2555, 0.2300
0.2555, 0.2300
0.2555, 0.2300
0.2555, 0.2300
0.2555, 0.2300
0.2555, 0.2300
0.2555, 0.2300
0.2555, 0.2300
0.2555, 0.2300
0.2555, 0.2300
0.2555, 0.2300
0.2555, 0.2300
0.2555, 0.2300
0.2555, 0.2300
0.2555, 0.2300
0.2555, 0.2300
0.2555, 0.2300
0.2555, 0.2300
0.2555, 0.2300
0.2555, 0.2300
0.2555, 0.2300
0.2555, 0.2300
0.2555, 0.2300
0.2555, 0.2300
0.2555, 0.2300
0.2511, 0.2248
0.2511, 0.2248
0.2511, 0.2248
0.2511, 0.2248
0.2511, 0.2248
0.2511, 0.2248
0.2511, 0.2248
0.2511, 0.2248
0.2511, 0.2248
0.2511, 0.2248
0.2511, 0.2248
0.2511, 0.2248
0.2511, 0.2248
0.2511, 0.2248
0.2511, 0.2248
0.2511, 0.2248
0.2511, 0.2248
0.2511, 0.2248
0.2511, 0.2248
0.2511, 0.2248
0.2511, 0.2248
0.2511, 0.2248
0.2511, 0.2248
0.2511, 0.2248
0.2511, 0.2248
0.2511, 0.2248
0.2511, 0.2248
0.2511, 0.2248
0.2511, 0.2248
0.2511, 0.2248
0.2511, 0.2248
0.2511, 0.2248
0.2511, 0.2248
0.2511, 0.2248
0.2511, 0.2248
0.2511, 0.2248
0.2511, 0.2248
0.2511, 0.2248
0.2511, 0.2248
0.2555, 0.2248
0.2555, 0.2248
0.2555, 0.2248
0.2555, 0.2248
0.2555, 0.2248
0.2555, 0.2248
0.2555, 0.2248
0.2555, 0.2248
0.2555, 0.2248
0.2555, 0.2248
0.2555, 0.2248
0.2555, 0.2248
0.2555, 0.2248
0.2555, 0.2248
0.2555, 0.2248
0.2555, 0.2248
0.2555, 0.2248
0.2555, 0.2248
0.2555, 0.2248
0.2555, 0.2248
0.2555, 0.2248
0.2555, 0.2248
0.2555, 0.2248
0.2555, 0.2248
0.2555, 0.2248
0.2555, 0.2248
0.2555, 0.2248
0.2555, 0.2248
0.2555, 0.2248
0.2555, 0.2248
0.2555, 0.2248
0.2555, 0.2248
0.2555, 0.2248
0.2555, 0.2248
0.2555, 0.2248
0.2555, 0.2248
0.2555, 0.2248
0.2555, 0.2248
0.2555, 0.2248
0.2555, 0.2248
0.2555, 0.2248
0.2555, 0.2248
0.2555, 0.2248
0.2555, 0.2248
0.2555, 0.2248
0.2555, 0.2248
0.2555, 0.2248
0.2555, 0.2248
0.2555, 0.2248
0.2555, 0.2248
0.2555, 0.2248
0.2555, 0.2248
0.2599, 0.2248
0.2599, 0.2248
0.2599, 0.2248
0.2599, 0.2248
0.2599, 0.2248
0.2599, 0.2248
0.2599, 0.2248
0.2599, 0.2248
0.2599, 0.2248
0.2599, 0.2248
0.2599, 0.2248
0.2599, 0.2248
0.2599, 0.2248
0.2599, 0.2248
0.2599, 0.2248
0.2599, 0.2248
0.2599, 0.2248
0.2599, 0.2248
0.2599, 0.2248
0.2599, 0.2248
0.2599, 0.2248
0.2599, 0.2248
0.2599, 0.2248
0.2599, 0.2248
0.2599, 0.2248
0.2599, 0.2248
0.2599, 0.2248
0.2599, 0.2248
0.2599, 0.2248
0.2599, 0.2248
0.2599, 0.2248
0.2599, 0.2248
0.2599, 0.2248
0.2599, 0.2248
0.2599, 0.2248
0.2599, 0.2248
0.2599, 0.2248
0.2599, 0.2248
0.2599, 0.2248
0.2599, 0.2248
0.2599, 0.2248
0.2599, 0.2248
0.2599, 0.2248
0.2599, 0.2248
0.2599, 0.2248
0.2599, 0.2248
0.2599, 0.2248
0.2599, 0.2248
0.2599, 0.2248
0.2599, 0.2248
0.2599, 0.2248
0.2599, 0.2248
0.2599, 0.2248
0.2599, 0.2248
0.2599, 0.2248
0.2599, 0.2248
0.2599, 0.2248
0.2599, 0.2248
0.2599, 0.2248
0.2599, 0.2248
0.2599, 0.2248
0.2599, 0.2248
0.2643, 0.2248
0.2643, 0.2248
0.2643, 0.2248
0.2643, 0.2248
0.2643, 0.2248
0.2643, 0.2248
0.2643, 0.2248
0.2643, 0.2248
0.2643, 0.2248
0.2643, 0.2248
0.2643, 0.2248
0.2643, 0.2248
0.2643, 0.2248
0.2643, 0.2248
0.2643, 0.2248
0.2643, 0.2248
0.2643, 0.2248
0.2643, 0.2248
0.2643, 0.2248
0.2643, 0.2248
0.2643, 0.2248
0.2643, 0.2248
0.2643, 0.2248
0.2643, 0.2248
0.2643, 0.2248
0.2643, 0.2248
0.2643, 0.2248
0.2643, 0.2248
0.2643, 0.2248
0.2643, 0.2248
0.2643, 0.2248
0.2643, 0.2248
0.2643, 0.2248
0.2643, 0.2248
0.2643, 0.2248
0.2643, 0.2248
0.2643, 0.2248
0.2643, 0.2248
0.2643, 0.2248
0.2643, 0.2248
0.2643, 0.2248
0.2643, 0.2248
0.2643, 0.2248
0.2643, 0.2248
0.2643, 0.2248
0.2643, 0.2248
0.2643, 0.2248
0.2643, 0.2248
0.2643, 0.2248
0.2643, 0.2248
0.2643, 0.2248
0.2643, 0.2248
0.2643, 0.2248
0.2643, 0.2248
0.2643, 0.2248
0.2643, 0.2248
0.2643, 0.2248
0.2643, 0.2248
0.2643, 0.2248
0.2643, 0.2248
0.2643, 0.2248
0.2643, 0.2248
0.2643, 0.2248
0.2643, 0.2248
0.2643, 0.2248
0.2643, 0.2248
0.2643, 0.2248
0.2643, 0.2248
0.2643, 0.2248
0.2643, 0.2248
0.2643, 0.2248
0.2643, 0.2248
0.2643, 0.2248
0.2643, 0.2248
0.2643, 0.2248
0.2643, 0.2248
0.2643, 0.2248
0.2643, 0.2248
0.2643, 0.2248
0.2643, 0.2248
0.2643, 0.2248
0.0000, 1.0000
0.0000, 1.0000
0.0000, 1.0000
0.0000, 1.0000
0.0000, 1.0000
0.0000, 1.0000
0.0000, 1.0000
0.0000, 1.0000
0.0000, 1.0000
0.0000, 1.0000
0.0000, 1.0000
0.0000, 1.0000
0.0000, 1.0000
0.0000, 1.0000
0.0000, 1.0000
0.0000, 1.0000
0.0000, 1.0000
0.0000, 1.0000
0.0000, 1.0000
0.0000, 1.0000
0.0000, 1.0000
0.0000, 1.0000
0.0000, 1.0000
0.0000, 1.0000
0.0000, 1.0000
0.0000, 1.0000
0.0000, 1.0000
0.0000, 1.0000
0.0000, 1.0000
0.0000, 1.0000
0.0000, 1.0000
