0.1288, 0.4315
0.1288, 0.4315
0.1288, 0.4315
0.1288, 0.4315
0.1288, 0.4315
0.1288, 0.4315
0.1288, 0.4315
0.1288, 0.4315
0.1288, 0.4315
0.1288, 0.4315
0.1288, 0.4315
0.1288, 0.4315
0.1288, 0.4315
0.1288, 0.4315
0.1288, 0.4315
0.1288, 0.4315
0.1288, 0.4315
0.1288, 0.4315
0.1288, 0.4289
0.1288, 0.4289
0.1288, 0.4289
0.1288, 0.4289
0.1288, 0.4289
0.1288, 0.4289
0.1288, 0.4289
0.1288, 0.4289
0.1288, 0.4289
0.1288, 0.4289
0.1288, 0.4289
0.1288, 0.4289
0.1288, 0.4289
0.1288, 0.4289
0.1288, 0.4289
0.1288, 0.4289
0.1288, 0.4289
0.1288, 0.4289
0.1288, 0.4289
0.1288, 0.4289
0.1288, 0.4289
0.1288, 0.4289
0.1288, 0.4289
0.1288, 0.4289
0.1288, 0.4289
0.1288, 0.4289
0.1288, 0.4289
0.1288, 0.4289
0.1288, 0.4289
0.1288, 0.4289
0.1288, 0.4289
0.1288, 0.4289
0.1330, 0.4289
0.1330, 0.4289
0.1330, 0.4289
0.1330, 0.4289
0.1330, 0.4289
0.1330, 0.4289
0.1330, 0.4289
0.1330, 0.4289
0.1330, 0.4289
0.1330, 0.4289
0.1330, 0.4289
0.1330, 0.4289
0.1330, 0.4289
0.1330, 0.4289
0.1330, 0.4289
0.1330, 0.4289
0.1330, 0.4289
0.1330, 0.4289
0.1330, 0.4289
0.1330, 0.4264
0.1330, 0.4264
0.1330, 0.4264
0.1330, 0.4264
0.1373, 0.4264
0.1373, 0.4264
0.1373, 0.4264
0.1373, 0.4264
0.1373, 0.4264
0.1373, 0.4264
0.1373, 0.4264
0.1373, 0.4264
0.1373, 0.4264
0.1416, 0.4264
0.1416, 0.4264
0.1416, 0.4264
0.1416, 0.4264
0.1459, 0.4264
0.1459, 0.4264
0.1459, 0.4264
0.1459, 0.4264
0.1459, 0.4264
0.1459, 0.4264
0.1459, 0.4264
0.1459, 0.4264
0.1459, 0.4264
0.1502, 0.4264
0.1502, 0.4264
0.1502, 0.4264
0.1502, 0.4264
0.1545, 0.4264
0.1545, 0.4264
0.1545, 0.4264
0.1545, 0.4264
0.1545, 0.4264
0.1545, 0.4264
0.1545, 0.4264
0.1588, 0.4238
0.1588, 0.4238
0.1588, 0.4238
0.1588, 0.4238
0.1631, 0.4238
0.1631, 0.4238
0.1631, 0.4238
0.1631, 0.4238
0.1631, 0.4238
0.1674, 0.4238
0.1674, 0.4238
0.1674, 0.4238
0.1674, 0.4238
0.1674, 0.4238
0.1674, 0.4238
0.1674, 0.4238
0.1674, 0.4238
0.1674, 0.4212
0.1674, 0.4212
0.1674, 0.4212
0.1674, 0.4212
0.1717, 0.4212
0.1717, 0.4212
0.1717, 0.4212
0.1717, 0.4212
0.1717, 0.4212
0.1717, 0.4212
0.1717, 0.4212
0.1717, 0.4212
0.1717, 0.4212
0.1760, 0.4212
0.1760, 0.4212
0.1760, 0.4212
0.1760, 0.4212
0.1760, 0.4212
0.1760, 0.4212
0.1760, 0.4212
0.1760, 0.4212
0.1760, 0.4212
0.1760, 0.4212
0.1760, 0.4212
0.1760, 0.4212
0.1760, 0.4212
0.1760, 0.4212
0.1760, 0.4212
0.1760, 0.4212
0.1760, 0.4212
0.1760, 0.4186
0.1760, 0.4186
0.1760, 0.4186
0.1760, 0.4186
0.1803, 0.4186
0.1803, 0.4186
0.1803, 0.4186
0.1803, 0.4186
0.1803, 0.4186
0.1803, 0.4186
0.1803, 0.4186
0.1803, 0.4186
0.1803, 0.4186
0.1803, 0.4186
0.1803, 0.4186
0.1803, 0.4186
0.1803, 0.4186
0.1845, 0.4186
0.1845, 0.4186
0.1845, 0.4186
0.1845, 0.4186
0.1845, 0.4186
0.1845, 0.4186
0.1845, 0.4186
0.1845, 0.4186
0.1845, 0.4186
0.1845, 0.4186
0.1845, 0.4186
0.1845, 0.4186
0.1845, 0.4186
0.1888, 0.4186
0.1888, 0.4186
0.1888, 0.4186
0.1888, 0.4186
0.1888, 0.4186
0.1888, 0.4186
0.1888, 0.4186
0.1888, 0.4186
0.1888, 0.4186
0.1888, 0.4186
0.1888, 0.4186
0.1888, 0.4186
0.1888, 0.4186
0.1931, 0.4186
0.1931, 0.4186
0.1931, 0.4186
0.1931, 0.4186
0.1931, 0.4186
0.1931, 0.4186
0.1931, 0.4186
0.1931, 0.4186
0.1931, 0.4186
0.1974, 0.4160
0.1974, 0.4160
0.1974, 0.4160
0.1974, 0.4160
0.1974, 0.4160
0.1974, 0.4160
0.1974, 0.4160
0.1974, 0.4160
0.1974, 0.4160
0.1974, 0.4160
0.1974, 0.4160
0.1974, 0.4160
0.1974, 0.4134
0.1974, 0.4134
0.1974, 0.4134
0.1974, 0.4134
0.2017, 0.4134
0.2017, 0.4134
0.2017, 0.4134
0.2017, 0.4134
0.2060, 0.4134
0.2060, 0.4134
0.2060, 0.4134
0.2060, 0.4134
0.2060, 0.4134
0.2060, 0.4134
0.2060, 0.4134
0.2060, 0.4134
0.2060, 0.4134
0.2060, 0.4134
0.2060, 0.4134
0.2060, 0.4134
0.2060, 0.4134
0.2060, 0.4134
0.2060, 0.4134
0.2060, 0.4134
0.2060, 0.4134
0.2060, 0.4134
0.2060, 0.4134
0.2060, 0.4134
0.2060, 0.4134
0.2060, 0.4134
0.2060, 0.4134
0.2060, 0.4134
0.2060, 0.4134
0.2103, 0.4109
0.2103, 0.4109
0.2103, 0.4109
0.2103, 0.4109
0.2103, 0.4109
0.2103, 0.4109
0.2103, 0.4109
0.2103, 0.4109
0.2146, 0.4109
0.2146, 0.4109
0.2146, 0.4109
0.2146, 0.4109
0.2146, 0.4109
0.2146, 0.4109
0.2146, 0.4109
0.2146, 0.4109
0.2146, 0.4083
0.2146, 0.4083
0.2146, 0.4083
0.2146, 0.4083
0.2189, 0.4083
0.2189, 0.4083
0.2189, 0.4083
0.2189, 0.4083
0.2189, 0.4083
0.2189, 0.4083
0.2189, 0.4083
0.2189, 0.4083
0.2189, 0.4083
0.2189, 0.4057
0.2189, 0.4057
0.2189, 0.4057
0.2189, 0.4057
0.2189, 0.4057
0.2189, 0.4057
0.2189, 0.4057
0.2189, 0.4057
0.2189, 0.4057
0.2189, 0.4057
0.2189, 0.4057
0.2189, 0.4057
0.2232, 0.4057
0.2232, 0.4057
0.2232, 0.4057
0.2232, 0.4057
0.2232, 0.4057
0.2232, 0.4057
0.2232, 0.4057
0.2232, 0.4057
0.2232, 0.4057
0.2232, 0.4057
0.2232, 0.4057
0.2232, 0.4057
0.2232, 0.4057
0.2232, 0.4057
0.2232, 0.4057
0.2232, 0.4057
0.2232, 0.4057
0.2232, 0.4057
0.2275, 0.4057
0.2275, 0.4057
0.2275, 0.4057
0.2275, 0.4057
0.2275, 0.4031
0.2275, 0.4031
0.2275, 0.4031
0.2275, 0.4031
0.2275, 0.4031
0.2275, 0.4031
0.2275, 0.4031
0.2275, 0.4031
0.2275, 0.4031
0.2275, 0.4031
0.2275, 0.4031
0.2275, 0.4031
0.2275, 0.4031
0.2275, 0.4031
0.2275, 0.4031
0.2275, 0.4005
0.2275, 0.4005
0.2275, 0.4005
0.2275, 0.4005
0.2318, 0.4005
0.2318, 0.4005
0.2318, 0.4005
0.2318, 0.4005
0.2318, 0.4005
0.2318, 0.4005
0.2318, 0.4005
0.2318, 0.4005
0.2318, 0.4005
0.2318, 0.4005
0.2318, 0.4005
0.2318, 0.4005
0.2361, 0.3979
0.2361, 0.3979
0.2361, 0.3979
0.2361, 0.3979
0.2361, 0.3979
0.2361, 0.3979
0.2361, 0.3979
0.2361, 0.3979
0.2361, 0.3979
0.2361, 0.3979
0.2361, 0.3979
0.2361, 0.3979
0.2361, 0.3979
0.2361, 0.3953
0.2361, 0.3953
0.2361, 0.3953
0.2361, 0.3953
0.2403, 0.3953
0.2403, 0.3953
0.2403, 0.3953
0.2403, 0.3953
0.2403, 0.3953
0.2403, 0.3953
0.2403, 0.3953
0.2403, 0.3953
0.2403, 0.3953
0.2403, 0.3953
0.2403, 0.3953
0.2403, 0.3953
0.2403, 0.3928
0.2403, 0.3928
0.2403, 0.3928
0.2403, 0.3928
0.2403, 0.3928
0.2403, 0.3928
0.2403, 0.3928
0.2403, 0.3928
0.2403, 0.3928
0.2403, 0.3928
0.2403, 0.3928
0.2403, 0.3928
0.2403, 0.3928
0.2403, 0.3928
0.2403, 0.3928
0.2403, 0.3928
0.2403, 0.3928
0.2403, 0.3928
0.2403, 0.3928
0.2403, 0.3928
0.2403, 0.3928
0.2446, 0.3902
0.2446, 0.3902
0.2446, 0.3902
0.2446, 0.3902
0.2446, 0.3902
0.2446, 0.3902
0.2446, 0.3902
0.2446, 0.3902
0.2446, 0.3902
0.2446, 0.3902
0.2446, 0.3902
0.2446, 0.3902
0.2446, 0.3902
0.2446, 0.3902
0.2446, 0.3902
0.2446, 0.3902
0.2446, 0.3876
0.2446, 0.3876
0.2446, 0.3876
0.2446, 0.3876
0.2489, 0.3876
0.2489, 0.3876
0.2489, 0.3876
0.2489, 0.3876
0.2489, 0.3876
0.2489, 0.3876
0.2489, 0.3876
0.2489, 0.3876
0.2489, 0.3876
0.2489, 0.3876
0.2489, 0.3876
0.2489, 0.3876
0.2489, 0.3876
0.2489, 0.3876
0.2489, 0.3876
0.2489, 0.3876
0.2489, 0.3876
0.2489, 0.3850
0.2489, 0.3850
0.2489, 0.3850
0.2489, 0.3824
0.2489, 0.3824
0.2489, 0.3824
0.2489, 0.3824
0.2532, 0.3824
0.2532, 0.3824
0.2532, 0.3824
0.2532, 0.3824
0.2532, 0.3824
0.2532, 0.3824
0.2532, 0.3824
0.2532, 0.3824
0.2532, 0.3824
0.2532, 0.3798
0.2532, 0.3798
0.2532, 0.3798
0.2532, 0.3798
0.2532, 0.3798
0.2532, 0.3798
0.2532, 0.3798
0.2532, 0.3798
0.2532, 0.3798
0.2532, 0.3798
0.2532, 0.3798
0.2532, 0.3798
0.2575, 0.3798
0.2575, 0.3798
0.2575, 0.3798
0.2575, 0.3798
0.2575, 0.3773
0.2575, 0.3773
0.2575, 0.3773
0.2575, 0.3773
0.2575, 0.3747
0.2575, 0.3747
0.2575, 0.3747
0.2618, 0.3747
0.2618, 0.3747
0.2618, 0.3747
0.2618, 0.3747
0.2618, 0.3747
0.2618, 0.3747
0.2618, 0.3747
0.2618, 0.3747
0.2618, 0.3721
0.2618, 0.3721
0.2618, 0.3721
0.2618, 0.3721
0.2618, 0.3721
0.2618, 0.3721
0.2618, 0.3721
0.2618, 0.3695
0.2618, 0.3695
0.2618, 0.3695
0.2618, 0.3695
0.2618, 0.3695
0.2618, 0.3695
0.2618, 0.3695
0.2618, 0.3695
0.2618, 0.3669
0.2618, 0.3669
0.2618, 0.3669
0.2661, 0.3669
0.2661, 0.3669
0.2661, 0.3669
0.2661, 0.3669
0.2661, 0.3669
0.2661, 0.3669
0.2661, 0.3669
0.2661, 0.3669
0.2661, 0.3669
0.2661, 0.3669
0.2661, 0.3669
0.2661, 0.3669
0.2661, 0.3669
0.2661, 0.3669
0.2661, 0.3669
0.2661, 0.3669
0.2661, 0.3669
0.2661, 0.3643
0.2661, 0.3643
0.2661, 0.3643
0.2661, 0.3643
0.2661, 0.3643
0.2661, 0.3643
0.2661, 0.3643
0.2704, 0.3618
0.2704, 0.3618
0.2704, 0.3618
0.2704, 0.3618
0.2704, 0.3618
0.2704, 0.3618
0.2704, 0.3618
0.2704, 0.3618
0.2704, 0.3618
0.2704, 0.3618
0.2704, 0.3618
0.2704, 0.3618
0.2704, 0.3618
0.2704, 0.3618
0.2704, 0.3618
0.2704, 0.3618
0.2704, 0.3592
0.2704, 0.3592
0.2704, 0.3592
0.2704, 0.3592
0.2704, 0.3566
0.2704, 0.3566
0.2704, 0.3566
0.2704, 0.3566
0.2704, 0.3566
0.2704, 0.3566
0.2704, 0.3566
0.2704, 0.3566
0.2704, 0.3566
0.2704, 0.3566
0.2704, 0.3566
0.2704, 0.3566
0.2747, 0.3566
0.2747, 0.3566
0.2747, 0.3566
0.2747, 0.3540
0.2747, 0.3540
0.2747, 0.3540
0.2747, 0.3540
0.2747, 0.3540
0.2747, 0.3540
0.2747, 0.3540
0.2747, 0.3540
0.2747, 0.3514
0.2747, 0.3514
0.2747, 0.3514
0.2747, 0.3514
0.2747, 0.3488
0.2747, 0.3488
0.2747, 0.3488
0.2747, 0.3488
0.2747, 0.3488
0.2747, 0.3488
0.2747, 0.3488
0.2747, 0.3488
0.2790, 0.3488
0.2790, 0.3488
0.2790, 0.3488
0.2790, 0.3488
0.2790, 0.3488
0.2790, 0.3488
0.2790, 0.3488
0.2790, 0.3488
0.2790, 0.3463
0.2790, 0.3463
0.2790, 0.3463
0.2790, 0.3463
0.2790, 0.3437
0.2790, 0.3437
0.2790, 0.3437
0.2790, 0.3437
0.2790, 0.3437
0.2790, 0.3437
0.2790, 0.3437
0.2790, 0.3437
0.2790, 0.3437
0.2790, 0.3437
0.2790, 0.3437
0.2790, 0.3437
0.2790, 0.3437
0.2790, 0.3437
0.2790, 0.3437
0.2833, 0.3411
0.2833, 0.3411
0.2833, 0.3411
0.2833, 0.3411
0.2833, 0.3385
0.2833, 0.3385
0.2833, 0.3385
0.2833, 0.3385
0.2833, 0.3385
0.2833, 0.3385
0.2833, 0.3385
0.2833, 0.3385
0.2833, 0.3359
0.2833, 0.3359
0.2833, 0.3359
0.2833, 0.3359
0.2833, 0.3359
0.2833, 0.3359
0.2833, 0.3359
0.2833, 0.3359
0.2833, 0.3359
0.2833, 0.3359
0.2833, 0.3359
0.2833, 0.3359
0.2833, 0.3359
0.2833, 0.3359
0.2833, 0.3359
0.2833, 0.3359
0.2833, 0.3333
0.2833, 0.3333
0.2833, 0.3333
0.2833, 0.3333
0.2833, 0.3333
0.2833, 0.3333
0.2833, 0.3333
0.2833, 0.3307
0.2833, 0.3307
0.2833, 0.3307
0.2833, 0.3307
0.2833, 0.3307
0.2833, 0.3307
0.2833, 0.3307
0.2833, 0.3307
0.2833, 0.3307
0.2833, 0.3307
0.2833, 0.3307
0.2833, 0.3307
0.2833, 0.3282
0.2833, 0.3282
0.2833, 0.3282
0.2833, 0.3282
0.2833, 0.3282
0.2833, 0.3282
0.2833, 0.3282
0.2833, 0.3256
0.2833, 0.3256
0.2833, 0.3256
0.2833, 0.3256
0.2833, 0.3230
0.2833, 0.3230
0.2833, 0.3230
0.2833, 0.3230
0.2833, 0.3230
0.2833, 0.3230
0.2833, 0.3230
0.2833, 0.3230
0.2833, 0.3230
0.2833, 0.3230
0.2833, 0.3230
0.2833, 0.3204
0.2833, 0.3204
0.2833, 0.3204
0.2833, 0.3204
0.2833, 0.3178
0.2833, 0.3178
0.2833, 0.3178
0.2833, 0.3178
0.2833, 0.3178
0.2833, 0.3178
0.2833, 0.3178
0.2833, 0.3178
0.2833, 0.3178
0.2833, 0.3178
0.2833, 0.3178
0.2833, 0.3152
0.2833, 0.3152
0.2833, 0.3152
0.2833, 0.3152
0.2876, 0.3127
0.2876, 0.3127
0.2876, 0.3127
0.2876, 0.3127
0.2876, 0.3127
0.2876, 0.3127
0.2876, 0.3127
0.2876, 0.3127
0.2876, 0.3101
0.2876, 0.3101
0.2876, 0.3101
0.2876, 0.3101
0.2876, 0.3101
0.2876, 0.3101
0.2876, 0.3101
0.2876, 0.3101
0.2876, 0.3101
0.2876, 0.3101
0.2876, 0.3101
0.2876, 0.3075
0.2876, 0.3075
0.2876, 0.3075
0.2876, 0.3049
0.2876, 0.3049
0.2876, 0.3049
0.2876, 0.3049
0.2876, 0.3049
0.2876, 0.3049
0.2876, 0.3049
0.2876, 0.3049
0.2876, 0.3049
0.2876, 0.3049
0.2876, 0.3049
0.2876, 0.3049
0.2876, 0.3023
0.2876, 0.3023
0.2876, 0.3023
0.2876, 0.3023
0.2876, 0.3023
0.2876, 0.3023
0.2876, 0.3023
0.2876, 0.2997
0.2876, 0.2997
0.2876, 0.2997
0.2876, 0.2997
0.2876, 0.2972
0.2876, 0.2972
0.2876, 0.2972
0.2876, 0.2972
0.2876, 0.2972
0.2876, 0.2972
0.2876, 0.2972
0.2876, 0.2972
0.2876, 0.2972
0.2876, 0.2972
0.2876, 0.2972
0.2876, 0.2946
0.2876, 0.2946
0.2876, 0.2946
0.2876, 0.2946
0.2876, 0.2946
0.2876, 0.2946
0.2876, 0.2946
0.2876, 0.2920
0.2876, 0.2920
0.2876, 0.2920
0.2876, 0.2920
0.2876, 0.2920
0.2876, 0.2920
0.2876, 0.2920
0.2876, 0.2920
0.2876, 0.2920
0.2876, 0.2920
0.2876, 0.2920
0.2876, 0.2894
0.2876, 0.2894
0.2876, 0.2894
0.2876, 0.2894
0.2876, 0.2894
0.2876, 0.2894
0.2876, 0.2894
0.2876, 0.2894
0.2876, 0.2868
0.2876, 0.2868
0.2876, 0.2868
0.2876, 0.2842
0.2876, 0.2842
0.2876, 0.2842
0.2876, 0.2842
0.2876, 0.2842
0.2876, 0.2842
0.2876, 0.2842
0.2876, 0.2842
0.2876, 0.2842
0.2876, 0.2842
0.2876, 0.2842
0.2876, 0.2842
0.2876, 0.2842
0.2876, 0.2842
0.2876, 0.2842
0.2876, 0.2842
0.2876, 0.2842
0.2876, 0.2842
0.2876, 0.2842
0.2876, 0.2817
0.2876, 0.2817
0.2876, 0.2817
0.2876, 0.2817
0.2876, 0.2817
0.2876, 0.2817
0.2876, 0.2817
0.2876, 0.2791
0.2876, 0.2791
0.2876, 0.2791
0.2876, 0.2791
0.2876, 0.2791
0.2876, 0.2791
0.2876, 0.2791
0.2876, 0.2791
0.2876, 0.2791
0.2876, 0.2791
0.2876, 0.2791
0.2876, 0.2791
0.2876, 0.2791
0.2876, 0.2791
0.2876, 0.2791
0.2876, 0.2765
0.2876, 0.2765
0.2876, 0.2765
0.2876, 0.2765
0.2876, 0.2765
0.2876, 0.2765
0.2876, 0.2765
0.2876, 0.2739
0.2876, 0.2739
0.2876, 0.2739
0.2876, 0.2739
0.2876, 0.2739
0.2876, 0.2739
0.2876, 0.2739
0.2876, 0.2739
0.2876, 0.2739
0.2876, 0.2739
0.2876, 0.2739
0.2876, 0.2713
0.2876, 0.2713
0.2876, 0.2713
0.2876, 0.2713
0.2876, 0.2713
0.2876, 0.2713
0.2876, 0.2713
0.2876, 0.2713
0.2876, 0.2687
0.2876, 0.2687
0.2876, 0.2687
0.2876, 0.2661
0.2876, 0.2661
0.2876, 0.2661
0.2876, 0.2661
0.2876, 0.2661
0.2876, 0.2661
0.2876, 0.2661
0.2876, 0.2661
0.2876, 0.2661
0.2876, 0.2661
0.2876, 0.2661
0.2876, 0.2636
0.2876, 0.2636
0.2876, 0.2636
0.2876, 0.2636
0.2876, 0.2610
0.2876, 0.2610
0.2876, 0.2610
0.2876, 0.2610
0.2876, 0.2610
0.2876, 0.2610
0.2876, 0.2610
0.2876, 0.2610
0.2876, 0.2610
0.2876, 0.2610
0.2876, 0.2610
0.2876, 0.2584
0.2876, 0.2584
0.2876, 0.2584
0.2876, 0.2584
0.2876, 0.2584
0.2876, 0.2584
0.2876, 0.2584
0.2876, 0.2558
0.2876, 0.2558
0.2876, 0.2558
0.2876, 0.2532
0.2876, 0.2532
0.2876, 0.2532
0.2876, 0.2532
0.2876, 0.2532
0.2876, 0.2532
0.2876, 0.2532
0.2876, 0.2532
0.2876, 0.2532
0.2876, 0.2532
0.2876, 0.2532
0.2876, 0.2532
0.2876, 0.2532
0.2876, 0.2532
0.2876, 0.2532
0.2876, 0.2506
0.2876, 0.2506
0.2876, 0.2506
0.2833, 0.2481
0.2833, 0.2481
0.2833, 0.2481
0.2833, 0.2481
0.2833, 0.2481
0.2833, 0.2481
0.2833, 0.2481
0.2833, 0.2455
0.2833, 0.2455
0.2833, 0.2455
0.2833, 0.2455
0.2833, 0.2455
0.2833, 0.2455
0.2833, 0.2455
0.2833, 0.2429
0.2833, 0.2429
0.2833, 0.2429
0.2833, 0.2403
0.2833, 0.2403
0.2833, 0.2403
0.2833, 0.2403
0.2833, 0.2403
0.2833, 0.2403
0.2833, 0.2403
0.2833, 0.2403
0.2790, 0.2403
0.2790, 0.2403
0.2790, 0.2403
0.2790, 0.2377
0.2790, 0.2377
0.2790, 0.2377
0.2790, 0.2351
0.2790, 0.2351
0.2790, 0.2351
0.2790, 0.2351
0.2790, 0.2351
0.2790, 0.2351
0.2790, 0.2351
0.2790, 0.2351
0.2790, 0.2351
0.2790, 0.2351
0.2790, 0.2351
0.2790, 0.2326
0.2790, 0.2326
0.2790, 0.2326
0.2790, 0.2326
0.2790, 0.2326
0.2790, 0.2326
0.2790, 0.2326
0.2790, 0.2300
0.2790, 0.2300
0.2790, 0.2300
0.2790, 0.2300
0.2790, 0.2300
0.2790, 0.2300
0.2790, 0.2300
0.2790, 0.2274
0.2790, 0.2274
0.2790, 0.2274
0.2790, 0.2274
0.2790, 0.2274
0.2790, 0.2274
0.2790, 0.2274
0.2790, 0.2274
0.2790, 0.2274
0.2790, 0.2274
0.2790, 0.2274
0.2790, 0.2274
0.2790, 0.2274
0.2790, 0.2274
0.2747, 0.2248
0.2747, 0.2248
0.2747, 0.2248
0.2747, 0.2248
0.2747, 0.2248
0.2747, 0.2248
0.2747, 0.2248
0.2747, 0.2222
0.2747, 0.2222
0.2747, 0.2222
0.2747, 0.2222
0.2747, 0.2222
0.2747, 0.2222
0.2747, 0.2222
0.2747, 0.2222
0.2747, 0.2222
0.2747, 0.2222
0.2747, 0.2196
0.2747, 0.2196
0.2747, 0.2196
0.2747, 0.2196
0.2747, 0.2196
0.2747, 0.2196
0.2747, 0.2196
0.2747, 0.2171
0.2747, 0.2171
0.2747, 0.2171
0.2747, 0.2145
0.2747, 0.2145
0.2747, 0.2145
0.2747, 0.2145
0.2747, 0.2145
0.2747, 0.2145
0.2747, 0.2145
0.2747, 0.2145
0.2747, 0.2145
0.2747, 0.2145
0.2747, 0.2145
0.2747, 0.2145
0.2747, 0.2145
0.2747, 0.2145
0.2747, 0.2145
0.2747, 0.2145
0.2747, 0.2119
0.2747, 0.2119
0.2747, 0.2119
0.2747, 0.2119
0.2747, 0.2119
0.2747, 0.2119
0.2747, 0.2119
0.2747, 0.2119
0.2747, 0.2119
0.2747, 0.2119
0.2747, 0.2093
0.2747, 0.2093
0.2747, 0.2093
0.2747, 0.2093
0.2747, 0.2093
0.2747, 0.2093
0.2747, 0.2093
0.2747, 0.2093
0.2747, 0.2093
0.2747, 0.2093
0.2747, 0.2093
0.2747, 0.2093
0.2747, 0.2093
0.2747, 0.2093
0.2747, 0.2093
0.2747, 0.2093
0.2747, 0.2093
0.2747, 0.2093
0.2747, 0.2067
0.2747, 0.2067
0.2747, 0.2067
0.2747, 0.2067
0.2747, 0.2067
0.2747, 0.2067
0.2747, 0.2067
0.2747, 0.2041
0.2747, 0.2041
0.2747, 0.2041
0.2747, 0.2041
0.2747, 0.2041
0.2747, 0.2041
0.2747, 0.2041
0.2747, 0.2016
0.2747, 0.2016
0.2747, 0.2016
0.2747, 0.2016
0.2747, 0.2016
0.2747, 0.2016
0.2747, 0.2016
0.2747, 0.2016
0.2747, 0.2016
0.2747, 0.2016
0.2747, 0.2016
0.2747, 0.2016
0.2747, 0.2016
0.2747, 0.2016
0.2747, 0.2016
0.2747, 0.2016
0.2747, 0.2016
0.2747, 0.2016
0.2747, 0.2016
0.2747, 0.2016
0.2747, 0.2016
0.2747, 0.2016
0.2747, 0.2016
0.2747, 0.2016
0.2747, 0.1990
0.2747, 0.1990
0.2747, 0.1990
0.2747, 0.1990
0.2747, 0.1990
0.2747, 0.1990
0.2747, 0.1990
0.2747, 0.1990
0.2747, 0.1990
0.2747, 0.1990
0.2747, 0.1990
0.2747, 0.1964
0.2747, 0.1964
0.2747, 0.1964
0.2747, 0.1964
0.2747, 0.1964
0.2747, 0.1964
0.2747, 0.1964
0.2747, 0.1964
0.2747, 0.1964
0.2747, 0.1964
0.2747, 0.1964
0.2747, 0.1938
0.2747, 0.1938
0.2747, 0.1938
0.2747, 0.1912
0.2747, 0.1912
0.2747, 0.1912
0.2747, 0.1912
0.2747, 0.1912
0.2747, 0.1912
0.2747, 0.1912
0.2747, 0.1912
0.2747, 0.1912
0.2747, 0.1912
0.2747, 0.1912
0.2747, 0.1886
0.2747, 0.1886
0.2747, 0.1886
0.2747, 0.1886
0.2747, 0.1886
0.2747, 0.1886
0.2747, 0.1886
0.2747, 0.1886
0.2747, 0.1886
0.2747, 0.1860
0.2747, 0.1860
0.2747, 0.1860
0.2747, 0.1860
0.2747, 0.1860
0.2747, 0.1860
0.2747, 0.1860
0.2747, 0.1835
0.2747, 0.1835
0.2747, 0.1835
0.2747, 0.1835
0.2747, 0.1835
0.2747, 0.1835
0.2747, 0.1835
0.2747, 0.1835
0.2747, 0.1835
0.2747, 0.1835
0.2747, 0.1835
0.2747, 0.1809
0.2747, 0.1809
0.2747, 0.1809
0.2747, 0.1809
0.2747, 0.1809
0.2747, 0.1809
0.2747, 0.1809
0.2747, 0.1783
0.2747, 0.1783
0.2747, 0.1783
0.2747, 0.1783
0.2747, 0.1783
0.2747, 0.1783
0.2747, 0.1783
0.2747, 0.1783
0.2747, 0.1783
0.2747, 0.1783
0.2747, 0.1757
0.2747, 0.1757
0.2747, 0.1757
0.2747, 0.1757
0.2747, 0.1757
0.2747, 0.1757
0.2747, 0.1731
0.2747, 0.1731
0.2747, 0.1731
0.2747, 0.1731
0.2747, 0.1731
0.2747, 0.1731
0.2747, 0.1731
0.2747, 0.1705
0.2747, 0.1705
0.2747, 0.1705
0.2747, 0.1705
0.2747, 0.1705
0.2747, 0.1705
0.2747, 0.1705
0.2747, 0.1705
0.2747, 0.1705
0.2747, 0.1705
0.2747, 0.1705
0.2747, 0.1705
0.2747, 0.1705
0.2747, 0.1705
0.2747, 0.1705
0.2747, 0.1680
0.2747, 0.1680
0.2747, 0.1680
0.2747, 0.1654
0.2747, 0.1654
0.2747, 0.1654
0.2747, 0.1654
0.2747, 0.1654
0.2747, 0.1654
0.2747, 0.1654
0.2704, 0.1654
0.2704, 0.1654
0.2704, 0.1654
0.2704, 0.1654
0.2704, 0.1654
0.2704, 0.1654
0.2704, 0.1654
0.2704, 0.1628
0.2704, 0.1628
0.2704, 0.1628
0.2704, 0.1628
0.2704, 0.1628
0.2704, 0.1628
0.2704, 0.1602
0.2704, 0.1602
0.2704, 0.1602
0.2704, 0.1602
0.2704, 0.1602
0.2704, 0.1602
0.2704, 0.1602
0.2704, 0.1576
0.2704, 0.1576
0.2704, 0.1576
0.2704, 0.1576
0.2704, 0.1576
0.2704, 0.1576
0.2704, 0.1576
0.2704, 0.1576
0.2704, 0.1576
0.2704, 0.1576
0.2704, 0.1550
0.2704, 0.1550
0.2704, 0.1550
0.2704, 0.1550
0.2704, 0.1550
0.2704, 0.1550
0.2704, 0.1525
0.2704, 0.1525
0.2704, 0.1525
0.2704, 0.1525
0.2704, 0.1525
0.2704, 0.1525
0.2704, 0.1525
0.2704, 0.1525
0.2704, 0.1525
0.2704, 0.1525
0.2704, 0.1499
0.2704, 0.1499
0.2704, 0.1499
0.2704, 0.1499
0.2704, 0.1499
0.2704, 0.1499
0.2704, 0.1499
0.2661, 0.1473
0.2661, 0.1473
0.2661, 0.1473
0.2661, 0.1473
0.2661, 0.1473
0.2661, 0.1473
0.2661, 0.1473
0.2661, 0.1447
0.2661, 0.1447
0.2661, 0.1447
0.2661, 0.1447
0.2661, 0.1447
0.2661, 0.1447
0.2661, 0.1447
0.2661, 0.1447
0.2661, 0.1447
0.2661, 0.1447
0.2661, 0.1421
0.2661, 0.1421
0.2661, 0.1421
0.2661, 0.1395
0.2661, 0.1395
0.2661, 0.1395
0.2661, 0.1395
0.2661, 0.1395
0.2661, 0.1395
0.2661, 0.1395
0.2661, 0.1395
0.2661, 0.1395
0.2661, 0.1395
0.2661, 0.1395
0.2661, 0.1395
0.2661, 0.1395
0.2661, 0.1370
0.2661, 0.1370
0.2661, 0.1370
0.2661, 0.1344
0.2661, 0.1344
0.2661, 0.1344
0.2661, 0.1344
0.2661, 0.1344
0.2661, 0.1344
0.2661, 0.1344
0.2661, 0.1318
0.2661, 0.1318
0.2661, 0.1318
0.2661, 0.1318
0.2661, 0.1318
0.2661, 0.1318
0.2661, 0.1318
0.2661, 0.1318
0.2661, 0.1318
0.2661, 0.1318
0.2661, 0.1318
0.2661, 0.1318
0.2661, 0.1318
0.2661, 0.1318
0.2661, 0.1292
0.2661, 0.1292
0.2661, 0.1292
0.2661, 0.1292
0.2661, 0.1292
0.2661, 0.1292
0.2618, 0.1266
0.2618, 0.1266
0.2618, 0.1266
0.2618, 0.1266
0.2618, 0.1266
0.2618, 0.1266
0.2618, 0.1266
0.2618, 0.1266
0.2618, 0.1266
0.2618, 0.1266
0.2618, 0.1240
0.2618, 0.1240
0.2618, 0.1240
0.2618, 0.1240
0.2618, 0.1240
0.2618, 0.1240
0.2618, 0.1240
0.2618, 0.1214
0.2618, 0.1214
0.2618, 0.1214
0.2618, 0.1189
0.2618, 0.1189
0.2618, 0.1189
0.2618, 0.1189
0.2618, 0.1189
0.2618, 0.1189
0.2618, 0.1189
0.2618, 0.1189
0.2618, 0.1189
0.2618, 0.1189
0.2618, 0.1189
0.2618, 0.1189
0.2618, 0.1189
0.2618, 0.1163
0.2618, 0.1163
0.2618, 0.1163
0.2575, 0.1137
0.2575, 0.1137
0.2575, 0.1137
0.2575, 0.1137
0.2575, 0.1137
0.2575, 0.1137
0.2575, 0.1137
0.2575, 0.1137
0.2575, 0.1137
0.2575, 0.1137
0.2575, 0.1111
0.2575, 0.1111
0.2575, 0.1111
0.2575, 0.1111
0.2575, 0.1111
0.2575, 0.1111
0.2575, 0.1111
0.2575, 0.1085
0.2575, 0.1085
0.2575, 0.1085
0.2575, 0.1085
0.2575, 0.1085
0.2575, 0.1085
0.2575, 0.1085
0.2575, 0.1059
0.2575, 0.1059
0.2575, 0.1059
0.2575, 0.1059
0.2575, 0.1059
0.2575, 0.1059
0.2575, 0.1034
0.2575, 0.1034
0.2575, 0.1034
0.2575, 0.1008
0.2575, 0.1008
0.2575, 0.1008
0.2575, 0.1008
0.2575, 0.1008
0.2575, 0.1008
0.2575, 0.1008
0.2575, 0.0982
0.2575, 0.0982
0.2575, 0.0982
0.2575, 0.0956
0.2575, 0.0956
0.2575, 0.0956
0.2532, 0.0956
0.2532, 0.0956
0.2532, 0.0956
0.2532, 0.0956
0.2532, 0.0956
0.2532, 0.0956
0.2532, 0.0930
0.2532, 0.0930
0.2532, 0.0930
0.2532, 0.0904
0.2532, 0.0904
0.2532, 0.0904
0.2532, 0.0879
0.2532, 0.0879
0.2532, 0.0879
0.2532, 0.0879
0.2532, 0.0879
0.2532, 0.0879
0.2532, 0.0879
0.2532, 0.0879
0.2532, 0.0879
0.2532, 0.0853
0.2532, 0.0853
0.2532, 0.0853
0.2532, 0.0827
0.2532, 0.0827
0.2532, 0.0827
0.2532, 0.0827
0.2532, 0.0827
0.2532, 0.0827
0.2532, 0.0827
0.2532, 0.0801
0.2532, 0.0801
0.2532, 0.0801
0.2532, 0.0775
0.2532, 0.0775
0.2532, 0.0775
0.2532, 0.0749
0.2532, 0.0749
0.2532, 0.0749
0.2532, 0.0749
0.2532, 0.0749
0.2532, 0.0749
0.2532, 0.0749
0.2532, 0.0749
0.2532, 0.0749
0.2532, 0.0749
0.2532, 0.0724
0.2532, 0.0724
0.2532, 0.0724
0.2532, 0.0724
0.2532, 0.0724
0.2532, 0.0724
0.2532, 0.0698
0.2532, 0.0698
0.2532, 0.0698
0.2532, 0.0698
0.2532, 0.0698
0.2532, 0.0698
0.2532, 0.0698
0.2532, 0.0698
0.2532, 0.0698
0.2532, 0.0698
0.2532, 0.0672
0.2532, 0.0672
0.2532, 0.0672
0.2532, 0.0672
0.2532, 0.0672
0.2532, 0.0672
0.2532, 0.0646
0.2532, 0.0646
0.2532, 0.0646
0.2532, 0.0646
0.2532, 0.0646
0.2532, 0.0646
0.2532, 0.0646
0.2532, 0.0620
0.2532, 0.0620
0.2532, 0.0620
0.2532, 0.0620
0.2532, 0.0620
0.2532, 0.0620
0.2532, 0.0620
0.2532, 0.0620
0.2532, 0.0620
0.2532, 0.0620
0.2532, 0.0620
0.2532, 0.0620
0.2532, 0.0620
0.2532, 0.0620
0.2532, 0.0620
0.2532, 0.0620
0.2532, 0.0594
0.2532, 0.0594
0.2532, 0.0594
0.2532, 0.0594
0.2532, 0.0594
0.2532, 0.0594
0.2532, 0.0594
0.2532, 0.0568
0.2532, 0.0568
0.2532, 0.0568
0.2532, 0.0568
0.2532, 0.0568
0.2532, 0.0568
0.2532, 0.0568
0.2532, 0.0568
0.2532, 0.0568
0.2532, 0.0568
0.2532, 0.0568
0.2532, 0.0568
0.2532, 0.0543
0.2532, 0.0543
0.2532, 0.0543
0.2532, 0.0543
0.2532, 0.0543
0.2532, 0.0543
0.2532, 0.0517
0.2532, 0.0517
0.2532, 0.0517
0.2532, 0.0491
0.2532, 0.0491
0.2532, 0.0491
0.2532, 0.0491
0.2532, 0.0491
0.2532, 0.0491
0.2532, 0.0491
0.2532, 0.0491
0.2532, 0.0491
0.2532, 0.0491
0.2532, 0.0491
0.2532, 0.0491
0.2532, 0.0491
0.2575, 0.0465
0.2575, 0.0465
0.2575, 0.0465
0.2575, 0.0465
0.2575, 0.0465
0.2575, 0.0465
0.2575, 0.0465
0.2575, 0.0439
0.2575, 0.0439
0.2575, 0.0439
0.2575, 0.0439
0.2575, 0.0439
0.2575, 0.0439
0.2575, 0.0439
0.2575, 0.0439
0.2575, 0.0439
0.2575, 0.0413
0.2575, 0.0413
0.2575, 0.0413
0.2575, 0.0388
0.2575, 0.0388
0.2575, 0.0388
0.2575, 0.0388
0.2575, 0.0388
0.2575, 0.0388
0.2575, 0.0388
0.2575, 0.0362
0.2575, 0.0362
0.2575, 0.0362
0.2618, 0.0362
0.2618, 0.0362
0.2618, 0.0362
0.2618, 0.0362
0.2618, 0.0362
0.2618, 0.0362
0.2618, 0.0336
0.2618, 0.0336
0.2618, 0.0336
0.2618, 0.0336
0.2618, 0.0336
0.2618, 0.0336
0.2618, 0.0336
0.2618, 0.0310
0.2618, 0.0310
0.2618, 0.0310
0.2618, 0.0310
0.2618, 0.0310
0.2618, 0.0310
0.2618, 0.0310
0.2618, 0.0310
0.2618, 0.0310
0.2618, 0.0310
0.2618, 0.0310
0.2618, 0.0310
0.2618, 0.0284
0.2618, 0.0284
0.2618, 0.0284
0.2618, 0.0284
0.2618, 0.0284
0.2618, 0.0284
0.2618, 0.0284
0.2618, 0.0284
0.2618, 0.0284
0.2618, 0.0284
0.2618, 0.0258
0.2618, 0.0258
0.2618, 0.0258
0.2618, 0.0258
0.2618, 0.0258
0.2618, 0.0258
0.2618, 0.0258
0.2618, 0.0258
0.2618, 0.0258
0.2618, 0.0258
0.2618, 0.0258
0.2618, 0.0258
0.2618, 0.0258
0.2618, 0.0233
0.2618, 0.0233
0.2618, 0.0233
0.2618, 0.0233
0.2618, 0.0233
0.2618, 0.0233
0.2618, 0.0233
0.2618, 0.0233
0.2618, 0.0233
0.2618, 0.0233
0.2618, 0.0233
0.2618, 0.0233
0.2618, 0.0233
0.2618, 0.0207
0.2618, 0.0207
0.2618, 0.0207
0.2618, 0.0207
0.2618, 0.0207
0.2618, 0.0207
0.2618, 0.0207
0.2618, 0.0207
0.2618, 0.0207
0.2618, 0.0181
0.2618, 0.0181
0.2618, 0.0181
0.2661, 0.0181
0.2661, 0.0181
0.2661, 0.0181
0.2661, 0.0181
0.2661, 0.0181
0.2661, 0.0181
0.2661, 0.0181
0.2661, 0.0181
0.2661, 0.0181
0.2661, 0.0181
0.2661, 0.0181
0.2661, 0.0181
0.2661, 0.0181
0.2661, 0.0181
0.2661, 0.0181
0.2661, 0.0181
0.2661, 0.0181
0.2661, 0.0181
0.2661, 0.0155
0.2661, 0.0155
0.2661, 0.0155
0.2704, 0.0155
0.2704, 0.0155
0.2704, 0.0155
0.2704, 0.0155
0.2704, 0.0155
0.2704, 0.0155
0.2704, 0.0129
0.2704, 0.0129
0.2704, 0.0129
0.2704, 0.0129
0.2704, 0.0129
0.2704, 0.0129
0.2704, 0.0129
0.2704, 0.0129
0.2704, 0.0129
0.2704, 0.0129
0.2704, 0.0129
0.2704, 0.0129
0.2704, 0.0129
0.2704, 0.0129
0.2704, 0.0129
0.2704, 0.0129
0.2704, 0.0129
0.2704, 0.0129
0.2704, 0.0129
0.2704, 0.0103
0.2747, 0.0103
0.2747, 0.0103
0.2747, 0.0103
0.2747, 0.0103
0.2747, 0.0078
0.2790, 0.0078
0.2833, 0.0052
0.2833, 0.0052
0.2833, 0.0052
0.2833, 0.0052
0.2833, 0.0052
0.2833, 0.0052
0.2833, 0.0052
0.2833, 0.0052
0.2833, 0.0052
0.2833, 0.0052
0.2833, 0.0052
0.2876, 0.0052
0.2876, 0.0052
0.2876, 0.0052
0.2876, 0.0052
0.2876, 0.0052
0.2876, 0.0052
0.2918, 0.0026
0.2918, 0.0026
0.2918, 0.0026
0.2918, 0.0026
0.2918, 0.0026
0.2918, 0.0026
0.2918, 0.0026
0.2918, 0.0026
0.2918, 0.0026
0.2918, 0.0026
0.2918, 0.0026
0.2918, 0.0026
0.2918, 0.0026
0.2918, 0.0026
0.2918, 0.0026
0.2918, 0.0026
0.2918, 0.0026
0.2918, 0.0026
0.2918, 0.0026
0.2918, 0.0026
0.2918, 0.0026
0.2918, 0.0026
0.2961, 0.0000
0.2961, 0.0000
0.2961, 0.0000
0.2961, 0.0000
0.2961, 0.0000
0.2961, 0.0000
0.3004, 0.0000
0.3004, 0.0000
0.3004, 0.0000
0.3004, 0.0000
0.3004, 0.0000
0.3004, 0.0000
0.3004, 0.0000
0.3004, 0.0000
0.3004, 0.0000
0.3004, 0.0000
0.3047, 0.0000
0.3047, 0.0000
0.3047, 0.0000
0.3047, 0.0000
0.3047, 0.0000
0.3047, 0.0000
0.3047, 0.0000
0.3047, 0.0000
0.3047, 0.0000
0.3047, 0.0000
0.3047, 0.0000
0.3047, 0.0000
0.3090, 0.0000
0.3090, 0.0000
0.3090, 0.0000
0.3090, 0.0000
0.3090, 0.0000
0.3090, 0.0000
0.3090, 0.0000
0.3090, 0.0000
0.3090, 0.0000
0.3133, 0.0000
0.3133, 0.0000
0.3133, 0.0000
0.3133, 0.0000
0.3133, 0.0000
0.3133, 0.0000
0.3133, 0.0000
0.3133, 0.0000
0.3133, 0.0000
0.3133, 0.0000
0.3133, 0.0000
0.3133, 0.0000
0.3133, 0.0000
0.3133, 0.0000
0.3133, 0.0000
0.3133, 0.0000
0.3133, 0.0000
0.3133, 0.0000
0.3133, 0.0000
0.3133, 0.0000
0.3133, 0.0000
0.3133, 0.0000
0.3133, 0.0000
0.3133, 0.0000
0.3133, 0.0000
0.3133, 0.0000
0.3133, 0.0000
0.3133, 0.0000
0.3176, 0.0000
0.3176, 0.0000
0.3176, 0.0000
0.3176, 0.0000
0.3176, 0.0000
0.3176, 0.0000
0.3176, 0.0000
0.3176, 0.0000
0.3176, 0.0000
0.3219, 0.0000
0.3219, 0.0000
0.3219, 0.0000
0.3219, 0.0000
0.3219, 0.0000
0.3219, 0.0000
0.3219, 0.0000
0.3219, 0.0000
0.3219, 0.0000
0.3219, 0.0000
0.3219, 0.0000
0.3219, 0.0000
0.3219, 0.0000
0.3219, 0.0000
0.3219, 0.0000
0.3219, 0.0000
0.3262, 0.0000
0.3262, 0.0000
0.3262, 0.0000
0.3262, 0.0000
0.3262, 0.0000
0.3262, 0.0000
0.3305, 0.0000
0.3305, 0.0000
0.3305, 0.0000
0.3305, 0.0000
0.3305, 0.0000
0.3305, 0.0000
0.3305, 0.0000
0.3305, 0.0000
0.3305, 0.0000
0.3305, 0.0000
0.3348, 0.0000
0.3348, 0.0000
0.3348, 0.0000
0.3348, 0.0000
0.3348, 0.0000
0.3348, 0.0000
0.3348, 0.0000
0.3348, 0.0000
0.3348, 0.0000
0.3348, 0.0000
0.3348, 0.0000
0.3348, 0.0000
0.3348, 0.0000
0.3348, 0.0000
0.3391, 0.0000
0.3391, 0.0000
0.3391, 0.0000
0.3391, 0.0000
0.3391, 0.0000
0.3391, 0.0000
0.3391, 0.0000
0.3391, 0.0000
0.3391, 0.0000
0.3433, 0.0000
0.3433, 0.0000
0.3433, 0.0000
0.3433, 0.0000
0.3433, 0.0000
0.3433, 0.0000
0.3433, 0.0000
0.3433, 0.0000
0.3433, 0.0000
0.3433, 0.0000
0.3433, 0.0000
0.3433, 0.0000
0.3433, 0.0000
0.3433, 0.0000
0.3433, 0.0000
0.3433, 0.0000
0.3433, 0.0000
0.3433, 0.0000
0.3476, 0.0000
0.3476, 0.0000
0.3476, 0.0000
0.3476, 0.0000
0.3476, 0.0000
0.3476, 0.0000
0.3519, 0.0000
0.3519, 0.0000
0.3519, 0.0000
0.3519, 0.0000
0.3519, 0.0000
0.3519, 0.0000
0.3562, 0.0000
0.3562, 0.0000
0.3562, 0.0000
0.3562, 0.0000
0.3562, 0.0000
0.3562, 0.0000
0.3562, 0.0000
0.3562, 0.0000
0.3562, 0.0000
0.3562, 0.0000
0.3562, 0.0000
0.3562, 0.0000
0.3562, 0.0000
0.3562, 0.0000
0.3562, 0.0000
0.3605, 0.0000
0.3605, 0.0000
0.3605, 0.0000
0.3605, 0.0000
0.3605, 0.0000
0.3605, 0.0000
0.3648, 0.0000
0.3648, 0.0000
0.3648, 0.0000
0.3648, 0.0000
0.3648, 0.0000
0.3648, 0.0000
0.3648, 0.0000
0.3648, 0.0000
0.3648, 0.0000
0.3648, 0.0000
0.3648, 0.0000
0.3648, 0.0000
0.3648, 0.0000
0.3648, 0.0000
0.3648, 0.0000
0.3648, 0.0000
0.3648, 0.0000
0.3648, 0.0000
0.3648, 0.0000
0.3691, 0.0000
0.3691, 0.0000
0.3691, 0.0000
0.3691, 0.0000
0.3691, 0.0000
0.3691, 0.0000
0.3734, 0.0000
0.3734, 0.0000
0.3734, 0.0000
0.3734, 0.0000
0.3734, 0.0000
0.3734, 0.0000
0.3777, 0.0000
0.3777, 0.0000
0.3777, 0.0000
0.3777, 0.0000
0.3777, 0.0000
0.3777, 0.0000
0.3777, 0.0000
0.3777, 0.0000
0.3777, 0.0000
0.3777, 0.0000
0.3777, 0.0000
0.3777, 0.0000
0.3820, 0.0000
0.3820, 0.0000
0.3820, 0.0000
0.3820, 0.0000
0.3820, 0.0000
0.3820, 0.0000
0.3820, 0.0000
0.3820, 0.0000
0.3820, 0.0000
0.3863, 0.0000
0.3863, 0.0000
0.3863, 0.0000
0.3863, 0.0000
0.3863, 0.0000
0.3863, 0.0000
0.3863, 0.0000
0.3863, 0.0000
0.3863, 0.0000
0.3863, 0.0000
0.3863, 0.0000
0.3863, 0.0000
0.3906, 0.0000
0.3906, 0.0000
0.3906, 0.0000
0.3906, 0.0000
0.3906, 0.0000
0.3906, 0.0000
0.3906, 0.0000
0.3906, 0.0000
0.3906, 0.0000
0.3948, 0.0000
0.3948, 0.0000
0.3948, 0.0000
0.3948, 0.0000
0.3948, 0.0000
0.3948, 0.0000
0.3991, 0.0000
0.3991, 0.0000
0.3991, 0.0000
0.3991, 0.0000
0.3991, 0.0000
0.3991, 0.0000
0.3991, 0.0000
0.3991, 0.0000
0.3991, 0.0000
0.3991, 0.0000
0.3991, 0.0000
0.3991, 0.0000
0.3991, 0.0000
0.3991, 0.0000
0.3991, 0.0000
0.4034, 0.0026
0.4034, 0.0026
0.4034, 0.0026
0.4034, 0.0026
0.4034, 0.0026
0.4034, 0.0026
0.4077, 0.0026
0.4077, 0.0026
0.4077, 0.0026
0.4077, 0.0026
0.4077, 0.0026
0.4077, 0.0026
0.4077, 0.0026
0.4077, 0.0026
0.4120, 0.0052
0.4120, 0.0052
0.4120, 0.0052
0.4163, 0.0052
0.4163, 0.0052
0.4163, 0.0052
0.4163, 0.0078
0.4163, 0.0078
0.4206, 0.0078
0.4206, 0.0078
0.4206, 0.0078
0.4206, 0.0078
0.4206, 0.0078
0.4206, 0.0078
0.4206, 0.0103
0.4206, 0.0103
0.4206, 0.0103
0.4249, 0.0103
0.4249, 0.0103
0.4249, 0.0103
0.4249, 0.0103
0.4249, 0.0103
0.4292, 0.0103
0.4292, 0.0103
0.4292, 0.0103
0.4292, 0.0129
0.4292, 0.0129
0.4292, 0.0129
0.4292, 0.0155
0.4292, 0.0155
0.4292, 0.0155
0.4335, 0.0155
0.4335, 0.0155
0.4378, 0.0155
0.4378, 0.0155
0.4378, 0.0155
0.4378, 0.0155
0.4378, 0.0155
0.4378, 0.0155
0.4421, 0.0155
0.4421, 0.0155
0.4421, 0.0155
0.4421, 0.0181
0.4421, 0.0181
0.4421, 0.0181
0.4421, 0.0181
0.4421, 0.0181
0.4421, 0.0181
0.4464, 0.0181
0.4464, 0.0181
0.4464, 0.0181
0.4464, 0.0207
0.4464, 0.0207
0.4464, 0.0207
0.4464, 0.0207
0.4464, 0.0207
0.4506, 0.0207
0.4506, 0.0207
0.4506, 0.0207
0.4506, 0.0207
0.4506, 0.0207
0.4506, 0.0207
0.4506, 0.0207
0.4506, 0.0207
0.4549, 0.0233
0.4549, 0.0233
0.4549, 0.0233
0.4549, 0.0233
0.4549, 0.0233
0.4549, 0.0233
0.4592, 0.0233
0.4592, 0.0233
0.4592, 0.0233
0.4592, 0.0258
0.4592, 0.0258
0.4592, 0.0258
0.4592, 0.0258
0.4592, 0.0258
0.4592, 0.0258
0.4592, 0.0284
0.4592, 0.0284
0.4592, 0.0284
0.4592, 0.0284
0.4592, 0.0284
0.4592, 0.0284
0.4635, 0.0284
0.4635, 0.0284
0.4635, 0.0284
0.4635, 0.0284
0.4635, 0.0284
0.4678, 0.0284
0.4678, 0.0284
0.4678, 0.0284
0.4678, 0.0310
0.4678, 0.0310
0.4678, 0.0310
0.4678, 0.0310
0.4678, 0.0310
0.4678, 0.0310
0.4721, 0.0336
0.4721, 0.0336
0.4721, 0.0336
0.4721, 0.0336
0.4721, 0.0336
0.4721, 0.0336
0.4721, 0.0336
0.4721, 0.0336
0.4764, 0.0336
0.4764, 0.0336
0.4764, 0.0336
0.4764, 0.0362
0.4764, 0.0362
0.4764, 0.0362
0.4807, 0.0388
0.4807, 0.0388
0.4807, 0.0388
0.4807, 0.0388
0.4807, 0.0388
0.4807, 0.0388
0.4807, 0.0413
0.4807, 0.0413
0.4807, 0.0413
0.4807, 0.0413
0.4807, 0.0413
0.4850, 0.0413
0.4850, 0.0413
0.4850, 0.0413
0.4850, 0.0413
0.4850, 0.0413
0.4850, 0.0413
0.4893, 0.0413
0.4893, 0.0413
0.4893, 0.0439
0.4893, 0.0439
0.4893, 0.0439
0.4936, 0.0439
0.4936, 0.0439
0.4936, 0.0439
0.4936, 0.0465
0.4936, 0.0465
0.4936, 0.0465
0.4936, 0.0465
0.4936, 0.0465
0.4936, 0.0465
0.4936, 0.0465
0.4936, 0.0465
0.4936, 0.0465
0.4979, 0.0491
0.4979, 0.0491
0.4979, 0.0491
0.4979, 0.0491
0.4979, 0.0491
0.5021, 0.0517
0.5021, 0.0517
0.5021, 0.0517
0.5021, 0.0517
0.5021, 0.0517
0.5021, 0.0517
0.5021, 0.0543
0.5021, 0.0543
0.5021, 0.0543
0.5021, 0.0543
0.5021, 0.0543
0.5064, 0.0543
0.5064, 0.0543
0.5107, 0.0568
0.5107, 0.0568
0.5107, 0.0568
0.5107, 0.0594
0.5107, 0.0594
0.5107, 0.0594
0.5150, 0.0594
0.5150, 0.0594
0.5150, 0.0594
0.5150, 0.0594
0.5150, 0.0594
0.5150, 0.0594
0.5150, 0.0620
0.5150, 0.0620
0.5193, 0.0646
0.5193, 0.0646
0.5193, 0.0646
0.5193, 0.0646
0.5193, 0.0646
0.5193, 0.0646
0.5236, 0.0672
0.5236, 0.0672
0.5236, 0.0672
0.5236, 0.0672
0.5236, 0.0672
0.5236, 0.0672
0.5236, 0.0672
0.5236, 0.0672
0.5236, 0.0672
0.5236, 0.0698
0.5236, 0.0698
0.5236, 0.0698
0.5279, 0.0724
0.5279, 0.0724
0.5322, 0.0724
0.5322, 0.0724
0.5322, 0.0724
0.5322, 0.0724
0.5322, 0.0724
0.5322, 0.0724
0.5365, 0.0749
0.5365, 0.0749
0.5365, 0.0749
0.5365, 0.0749
0.5365, 0.0749
0.5365, 0.0775
0.5365, 0.0775
0.5365, 0.0775
0.5365, 0.0801
0.5365, 0.0801
0.5365, 0.0801
0.5365, 0.0801
0.5365, 0.0801
0.5408, 0.0801
0.5408, 0.0801
0.5408, 0.0801
0.5408, 0.0801
0.5408, 0.0801
0.5408, 0.0801
0.5451, 0.0827
0.5451, 0.0827
0.5451, 0.0827
0.5451, 0.0827
0.5451, 0.0827
0.5451, 0.0827
0.5451, 0.0853
0.5451, 0.0853
0.5451, 0.0853
0.5451, 0.0853
0.5451, 0.0853
0.5494, 0.0853
0.5494, 0.0853
0.5494, 0.0853
0.5494, 0.0879
0.5494, 0.0879
0.5536, 0.0879
0.5536, 0.0879
0.5536, 0.0879
0.5536, 0.0904
0.5536, 0.0904
0.5536, 0.0904
0.5579, 0.0930
0.5579, 0.0930
0.5579, 0.0930
0.5579, 0.0930
0.5579, 0.0930
0.5579, 0.0930
0.5579, 0.0930
0.5579, 0.0930
0.5579, 0.0956
0.5579, 0.0956
0.5579, 0.0956
0.5622, 0.0982
0.5622, 0.0982
0.5622, 0.0982
0.5622, 0.0982
0.5622, 0.0982
0.5622, 0.0982
0.5665, 0.0982
0.5665, 0.0982
0.5665, 0.1008
0.5665, 0.1008
0.5665, 0.1008
0.5665, 0.1034
0.5665, 0.1034
0.5665, 0.1034
0.5665, 0.1059
0.5665, 0.1059
0.5708, 0.1059
0.5708, 0.1059
0.5708, 0.1059
0.5708, 0.1059
0.5708, 0.1059
0.5708, 0.1059
0.5751, 0.1085
0.5751, 0.1085
0.5751, 0.1111
0.5751, 0.1111
0.5751, 0.1111
0.5794, 0.1111
0.5794, 0.1111
0.5794, 0.1111
0.5794, 0.1111
0.5794, 0.1111
0.5794, 0.1111
0.5794, 0.1111
0.5794, 0.1111
0.5794, 0.1111
0.5794, 0.1137
0.5794, 0.1137
0.5794, 0.1163
0.5794, 0.1163
0.5794, 0.1163
0.5837, 0.1163
0.5837, 0.1163
0.5837, 0.1163
0.5837, 0.1163
0.5837, 0.1163
0.5880, 0.1189
0.5880, 0.1189
0.5880, 0.1189
0.5880, 0.1189
0.5880, 0.1189
0.5880, 0.1214
0.5880, 0.1214
0.5880, 0.1214
0.5880, 0.1240
0.5880, 0.1240
0.5880, 0.1240
0.5880, 0.1240
0.5880, 0.1240
0.5923, 0.1240
0.5923, 0.1240
0.5923, 0.1240
0.5923, 0.1240
0.5923, 0.1240
0.5923, 0.1240
0.5923, 0.1266
0.5923, 0.1266
0.5966, 0.1292
0.5966, 0.1292
0.5966, 0.1292
0.5966, 0.1292
0.5966, 0.1292
0.5966, 0.1292
0.5966, 0.1292
0.5966, 0.1292
0.5966, 0.1292
0.5966, 0.1318
0.5966, 0.1318
0.6009, 0.1318
0.6009, 0.1318
0.6009, 0.1318
0.6009, 0.1344
0.6009, 0.1344
0.6009, 0.1370
0.6009, 0.1370
0.6052, 0.1370
0.6052, 0.1370
0.6052, 0.1370
0.6052, 0.1370
0.6052, 0.1370
0.6052, 0.1370
0.6052, 0.1395
0.6052, 0.1395
0.6052, 0.1395
0.6094, 0.1395
0.6094, 0.1395
0.6094, 0.1421
0.6094, 0.1421
0.6094, 0.1421
0.6094, 0.1421
0.6094, 0.1421
0.6094, 0.1421
0.6094, 0.1421
0.6094, 0.1421
0.6094, 0.1421
0.6094, 0.1447
0.6094, 0.1447
0.6137, 0.1473
0.6137, 0.1473
0.6137, 0.1473
0.6137, 0.1499
0.6137, 0.1499
0.6180, 0.1499
0.6180, 0.1499
0.6180, 0.1499
0.6180, 0.1499
0.6180, 0.1499
0.6180, 0.1499
0.6180, 0.1525
0.6180, 0.1525
0.6180, 0.1525
0.6180, 0.1525
0.6180, 0.1525
0.6180, 0.1550
0.6180, 0.1550
0.6180, 0.1550
0.6180, 0.1550
0.6180, 0.1550
0.6180, 0.1550
0.6223, 0.1550
0.6223, 0.1550
0.6223, 0.1576
0.6223, 0.1576
0.6223, 0.1576
0.6223, 0.1576
0.6223, 0.1576
0.6223, 0.1576
0.6266, 0.1602
0.6266, 0.1602
0.6266, 0.1602
0.6266, 0.1628
0.6266, 0.1628
0.6266, 0.1628
0.6266, 0.1628
0.6266, 0.1628
0.6309, 0.1628
0.6309, 0.1628
0.6309, 0.1654
0.6309, 0.1654
0.6309, 0.1680
0.6309, 0.1680
0.6309, 0.1680
0.6309, 0.1680
0.6309, 0.1680
0.6309, 0.1680
0.6352, 0.1680
0.6352, 0.1680
0.6352, 0.1705
0.6352, 0.1705
0.6352, 0.1705
0.6395, 0.1731
0.6395, 0.1731
0.6395, 0.1757
0.6395, 0.1757
0.6395, 0.1757
0.6395, 0.1757
0.6395, 0.1757
0.6395, 0.1757
0.6395, 0.1757
0.6395, 0.1757
0.6395, 0.1757
0.6395, 0.1757
0.6395, 0.1783
0.6395, 0.1783
0.6438, 0.1809
0.6438, 0.1809
0.6438, 0.1809
0.6438, 0.1809
0.6481, 0.1809
0.6481, 0.1809
0.6481, 0.1835
0.6481, 0.1835
0.6524, 0.1860
0.6524, 0.1860
0.6524, 0.1886
0.6524, 0.1886
0.6524, 0.1886
0.6524, 0.1886
0.6524, 0.1886
0.6524, 0.1886
0.6524, 0.1886
0.6567, 0.1912
0.6567, 0.1912
0.6567, 0.1938
0.6567, 0.1938
0.6609, 0.1938
0.6609, 0.1938
0.6609, 0.1964
0.6609, 0.1964
0.6609, 0.1964
0.6609, 0.1990
0.6609, 0.1990
0.6609, 0.1990
0.6609, 0.1990
0.6609, 0.1990
0.6609, 0.1990
0.6609, 0.2016
0.6609, 0.2016
0.6652, 0.2016
0.6652, 0.2016
0.6652, 0.2041
0.6652, 0.2041
0.6695, 0.2067
0.6695, 0.2067
0.6695, 0.2067
0.6695, 0.2067
0.6695, 0.2093
0.6695, 0.2093
0.6695, 0.2093
0.6738, 0.2119
0.6738, 0.2119
0.6738, 0.2119
0.6738, 0.2119
0.6738, 0.2119
0.6738, 0.2119
0.6738, 0.2145
0.6738, 0.2145
0.6781, 0.2171
0.6781, 0.2171
0.6781, 0.2171
0.6781, 0.2171
0.6781, 0.2171
0.6781, 0.2196
0.6781, 0.2196
0.6781, 0.2196
0.6781, 0.2196
0.6824, 0.2196
0.6824, 0.2196
0.6824, 0.2196
0.6824, 0.2196
0.6824, 0.2222
0.6824, 0.2222
0.6824, 0.2222
0.6824, 0.2248
0.6824, 0.2248
0.6824, 0.2248
0.6824, 0.2248
0.6867, 0.2248
0.6867, 0.2248
0.6867, 0.2274
0.6867, 0.2274
0.6867, 0.2274
0.6867, 0.2274
0.6867, 0.2274
0.6910, 0.2300
0.6910, 0.2300
0.6910, 0.2326
0.6910, 0.2326
0.6910, 0.2326
0.6910, 0.2326
0.6953, 0.2326
0.6953, 0.2326
0.6953, 0.2351
0.6953, 0.2377
0.6953, 0.2377
0.6953, 0.2377
0.6953, 0.2377
0.6953, 0.2377
0.6996, 0.2377
0.6996, 0.2377
0.6996, 0.2403
0.6996, 0.2403
0.7039, 0.2429
0.7039, 0.2429
0.7039, 0.2429
0.7039, 0.2429
0.7039, 0.2429
0.7039, 0.2455
0.7039, 0.2455
0.7039, 0.2455
0.7039, 0.2455
0.7039, 0.2481
0.7039, 0.2481
0.7082, 0.2481
0.7082, 0.2481
0.7082, 0.2506
0.7082, 0.2506
0.7082, 0.2506
0.7082, 0.2506
0.7124, 0.2506
0.7124, 0.2506
0.7124, 0.2506
0.7124, 0.2532
0.7124, 0.2532
0.7167, 0.2532
0.7167, 0.2532
0.7167, 0.2558
0.7167, 0.2558
0.7167, 0.2584
0.7167, 0.2584
0.7167, 0.2584
0.7167, 0.2584
0.7167, 0.2584
0.7167, 0.2584
0.7167, 0.2584
0.7210, 0.2610
0.7210, 0.2610
0.7210, 0.2610
0.7210, 0.2610
0.7210, 0.2636
0.7210, 0.2636
0.7253, 0.2636
0.7253, 0.2636
0.7253, 0.2636
0.7253, 0.2636
0.7253, 0.2661
0.7253, 0.2661
0.7253, 0.2661
0.7253, 0.2661
0.7253, 0.2687
0.7253, 0.2687
0.7253, 0.2687
0.7253, 0.2687
0.7253, 0.2687
0.7296, 0.2713
0.7296, 0.2713
0.7296, 0.2713
0.7296, 0.2713
0.7296, 0.2713
0.7296, 0.2713
0.7296, 0.2713
0.7339, 0.2739
0.7339, 0.2739
0.7339, 0.2765
0.7339, 0.2765
0.7339, 0.2765
0.7339, 0.2765
0.7339, 0.2765
0.7339, 0.2765
0.7382, 0.2791
0.7382, 0.2791
0.7382, 0.2817
0.7382, 0.2817
0.7425, 0.2817
0.7425, 0.2817
0.7425, 0.2817
0.7425, 0.2817
0.7468, 0.2842
0.7468, 0.2842
0.7468, 0.2842
0.7468, 0.2842
0.7468, 0.2842
0.7468, 0.2868
0.7468, 0.2868
0.7468, 0.2894
0.7468, 0.2894
0.7511, 0.2894
0.7511, 0.2894
0.7511, 0.2894
0.7511, 0.2894
0.7511, 0.2920
0.7511, 0.2920
0.7554, 0.2920
0.7554, 0.2920
0.7554, 0.2946
0.7554, 0.2946
0.7554, 0.2946
0.7554, 0.2946
0.7554, 0.2946
0.7554, 0.2946
0.7554, 0.2946
0.7554, 0.2972
0.7554, 0.2972
0.7597, 0.2972
0.7597, 0.2972
0.7597, 0.2997
0.7597, 0.2997
0.7597, 0.2997
0.7597, 0.2997
0.7639, 0.3023
0.7639, 0.3023
0.7639, 0.3023
0.7639, 0.3023
0.7639, 0.3023
0.7639, 0.3023
0.7639, 0.3023
0.7682, 0.3023
0.7682, 0.3023
0.7682, 0.3049
0.7682, 0.3049
0.7682, 0.3075
0.7682, 0.3075
0.7725, 0.3075
0.7725, 0.3075
0.7725, 0.3075
0.7725, 0.3075
0.7768, 0.3101
0.7768, 0.3101
0.7768, 0.3101
0.7768, 0.3101
0.7768, 0.3101
0.7768, 0.3127
0.7768, 0.3127
0.7768, 0.3127
0.7768, 0.3127
0.7768, 0.3152
0.7768, 0.3152
0.7811, 0.3152
0.7811, 0.3152
0.7811, 0.3152
0.7811, 0.3152
0.7854, 0.3152
0.7854, 0.3152
0.7854, 0.3178
0.7854, 0.3178
0.7897, 0.3178
0.7897, 0.3178
0.7897, 0.3204
0.7897, 0.3204
0.7897, 0.3204
0.7897, 0.3204
0.7940, 0.3204
0.7940, 0.3204
0.7983, 0.3230
0.7983, 0.3230
0.7983, 0.3230
0.7983, 0.3256
0.7983, 0.3256
0.7983, 0.3256
0.7983, 0.3256
0.7983, 0.3256
0.7983, 0.3256
0.8026, 0.3282
0.8026, 0.3282
0.8026, 0.3282
0.8026, 0.3282
0.8069, 0.3282
0.8069, 0.3282
0.8069, 0.3282
0.8069, 0.3282
0.8069, 0.3282
0.8112, 0.3282
0.8112, 0.3282
0.8112, 0.3307
0.8112, 0.3307
0.8112, 0.3307
0.8112, 0.3307
0.8112, 0.3307
0.8112, 0.3307
0.8155, 0.3333
0.8155, 0.3333
0.8197, 0.3333
0.8197, 0.3333
0.8197, 0.3333
0.8197, 0.3333
0.8197, 0.3333
0.8197, 0.3333
0.8197, 0.3333
0.8240, 0.3359
0.8240, 0.3359
0.8240, 0.3359
0.8240, 0.3359
0.8283, 0.3359
0.8283, 0.3359
0.8283, 0.3385
0.8283, 0.3385
0.8326, 0.3385
0.8326, 0.3385
0.8326, 0.3385
0.8326, 0.3385
0.8369, 0.3411
0.8369, 0.3411
0.8369, 0.3411
0.8369, 0.3411
0.8369, 0.3411
0.8412, 0.3411
0.8412, 0.3411
0.8412, 0.3411
0.8412, 0.3411
0.8412, 0.3411
0.8412, 0.3411
0.8455, 0.3411
0.8455, 0.3411
0.8455, 0.3411
0.8455, 0.3411
0.8498, 0.3411
0.8498, 0.3411
0.8498, 0.3437
0.8498, 0.3437
0.8541, 0.3437
0.8541, 0.3437
0.8541, 0.3437
0.8541, 0.3437
0.8541, 0.3437
0.8541, 0.3437
0.8541, 0.3437
0.8541, 0.3437
0.8541, 0.3437
0.8584, 0.3437
0.8584, 0.3437
0.8627, 0.3437
0.8627, 0.3437
0.8627, 0.3463
0.8627, 0.3463
0.8627, 0.3463
0.8627, 0.3463
0.8627, 0.3463
0.8627, 0.3463
0.8670, 0.3463
0.8670, 0.3463
0.8712, 0.3463
0.8712, 0.3463
0.8712, 0.3463
0.8712, 0.3463
0.8712, 0.3463
0.8712, 0.3463
0.8712, 0.3463
0.8755, 0.3463
0.8755, 0.3463
0.8798, 0.3463
0.8798, 0.3463
0.8841, 0.3463
0.8841, 0.3463
0.8884, 0.3463
0.8884, 0.3463
0.8884, 0.3463
0.8884, 0.3463
0.8927, 0.3463
0.8927, 0.3463
0.8970, 0.3463
0.8970, 0.3463
0.8970, 0.3463
0.8970, 0.3463
0.9013, 0.3463
0.9013, 0.3463
0.9013, 0.3463
0.9013, 0.3463
0.9056, 0.3463
0.9056, 0.3463
0.9056, 0.3463
0.9056, 0.3463
0.9056, 0.3463
0.9099, 0.3463
0.9142, 0.3437
0.9142, 0.3437
0.9185, 0.3437
0.9185, 0.3437
0.9185, 0.3437
0.9185, 0.3437
0.9185, 0.3437
0.9185, 0.3437
0.9185, 0.3437
0.9227, 0.3437
0.9227, 0.3437
0.9270, 0.3437
0.9270, 0.3437
0.9270, 0.3437
0.9270, 0.3437
0.9270, 0.3411
0.9270, 0.3411
0.9313, 0.3411
0.9313, 0.3411
0.9356, 0.3385
0.9356, 0.3385
0.9399, 0.3385
0.9399, 0.3385
0.9442, 0.3359
0.9442, 0.3359
0.9485, 0.3359
0.9485, 0.3359
0.9485, 0.3359
0.9485, 0.3359
0.9528, 0.3359
0.9528, 0.3359
0.9528, 0.3333
0.9528, 0.3333
0.9571, 0.3333
0.9571, 0.3333
0.9571, 0.3333
0.9571, 0.3333
0.9614, 0.3307
0.9614, 0.3307
0.9614, 0.3307
0.9614, 0.3307
0.9614, 0.3307
0.9614, 0.3307
0.9614, 0.3307
0.9657, 0.3307
0.9657, 0.3307
0.9657, 0.3282
0.9657, 0.3282
0.9700, 0.3282
0.9700, 0.3282
0.9700, 0.3256
0.9700, 0.3256
0.9700, 0.3230
0.9700, 0.3230
0.9700, 0.3230
0.9700, 0.3230
0.9742, 0.3230
0.9742, 0.3230
0.9785, 0.3204
0.9785, 0.3204
0.9828, 0.3204
0.9828, 0.3204
0.9828, 0.3178
0.9828, 0.3178
0.9828, 0.3178
0.9828, 0.3178
0.9828, 0.3178
0.9828, 0.3178
0.9871, 0.3152
0.9871, 0.3152
0.9871, 0.3152
0.9871, 0.3152
0.9914, 0.3127
0.9914, 0.3127
0.9914, 0.3127
0.9914, 0.3101
0.9914, 0.3101
0.9914, 0.3101
0.9914, 0.3101
0.9914, 0.3075
0.9914, 0.3075
0.9957, 0.3075
0.9957, 0.3075
0.9957, 0.3049
0.9957, 0.3049
0.9957, 0.3049
0.9957, 0.3049
1.0000, 0.3049
1.0000, 0.3049
1.0000, 0.3049
1.0000, 0.3049
1.0000, 0.3049
1.0000, 0.3049
1.0000, 0.3049
1.0000, 0.3049
1.0000, 0.3049
1.0000, 0.3049
1.0000, 0.3049
1.0000, 0.3049
1.0000, 0.3049
1.0000, 0.3049
1.0000, 0.3049
1.0000, 0.3049
1.0000, 0.3049
1.0000, 0.3049
1.0000, 0.3049
1.0000, 0.3049
1.0000, 0.3049
1.0000, 0.3049
1.0000, 0.3049
1.0000, 0.3049
1.0000, 0.3049
1.0000, 0.3049
1.0000, 0.3049
1.0000, 0.3049
1.0000, 0.3049
1.0000, 0.3049
1.0000, 0.3049
1.0000, 0.3049
1.0000, 0.3049
1.0000, 0.3049
1.0000, 0.3049
1.0000, 0.3049
1.0000, 0.3049
1.0000, 0.3049
1.0000, 0.3049
1.0000, 0.3049
1.0000, 0.3049
1.0000, 0.3049
1.0000, 0.3049
0.1159, 0.3204
0.1159, 0.3204
0.1159, 0.3204
0.1159, 0.3204
0.1159, 0.3204
0.1159, 0.3204
0.1159, 0.3204
0.1159, 0.3204
0.1159, 0.3204
0.1159, 0.3204
0.1159, 0.3204
0.1159, 0.3204
0.1159, 0.3204
0.1159, 0.3204
0.1159, 0.3204
0.1159, 0.3204
0.1159, 0.3204
0.1159, 0.3204
0.1159, 0.3204
0.1159, 0.3204
0.1159, 0.3204
0.1159, 0.3204
0.1159, 0.3204
0.1159, 0.3204
0.1159, 0.3204
0.1159, 0.3204
0.1159, 0.3204
0.1159, 0.3204
0.1159, 0.3204
0.1159, 0.3204
0.1159, 0.3204
0.1159, 0.3204
0.1159, 0.3204
0.1159, 0.3204
0.1159, 0.3204
0.1159, 0.3204
0.1159, 0.3204
0.1159, 0.3204
0.1159, 0.3204
0.1159, 0.3204
0.1159, 0.3204
0.1159, 0.3204
0.1159, 0.3204
0.1159, 0.3204
0.1159, 0.3204
0.1159, 0.3204
0.1159, 0.3204
0.1159, 0.3204
0.1159, 0.3204
0.1159, 0.3204
0.1159, 0.3204
0.1159, 0.3204
0.1159, 0.3204
0.1159, 0.3204
0.1159, 0.3204
0.1159, 0.3204
0.1159, 0.3204
0.1159, 0.3204
0.1159, 0.3204
0.1159, 0.3204
0.1159, 0.3204
0.1159, 0.3204
0.1159, 0.3204
0.1159, 0.3204
0.1159, 0.3204
0.1159, 0.3204
0.1159, 0.3204
0.1159, 0.3204
0.1159, 0.3204
0.1159, 0.3204
0.1159, 0.3204
0.1202, 0.3204
0.1202, 0.3204
0.1202, 0.3204
0.1202, 0.3204
0.1202, 0.3204
0.1202, 0.3204
0.1202, 0.3204
0.1245, 0.3204
0.1245, 0.3204
0.1245, 0.3204
0.1245, 0.3204
0.1245, 0.3204
0.1245, 0.3204
0.1288, 0.3204
0.1288, 0.3204
0.1288, 0.3204
0.1330, 0.3204
0.1330, 0.3204
0.1330, 0.3204
0.1373, 0.3204
0.1373, 0.3204
0.1373, 0.3204
0.1416, 0.3204
0.1416, 0.3204
0.1416, 0.3204
0.1459, 0.3204
0.1459, 0.3204
0.1459, 0.3178
0.1459, 0.3178
0.1502, 0.3178
0.1545, 0.3178
0.1588, 0.3178
0.1588, 0.3178
0.1674, 0.3178
0.1674, 0.3178
0.1674, 0.3178
0.1674, 0.3178
0.1674, 0.3178
0.1674, 0.3178
0.1717, 0.3178
0.1717, 0.3178
0.1717, 0.3178
0.1760, 0.3178
0.1760, 0.3178
0.1760, 0.3178
0.1803, 0.3178
0.1803, 0.3178
0.1803, 0.3178
0.1803, 0.3178
0.1803, 0.3178
0.1803, 0.3178
0.1803, 0.3178
0.1845, 0.3178
0.1845, 0.3178
0.1845, 0.3178
0.1888, 0.3178
0.1888, 0.3178
0.1888, 0.3178
0.1888, 0.3178
0.1888, 0.3178
0.1888, 0.3178
0.1931, 0.3178
0.1931, 0.3178
0.1931, 0.3178
0.1974, 0.3178
0.1974, 0.3178
0.1974, 0.3178
0.1974, 0.3178
0.1974, 0.3178
0.1974, 0.3178
0.2017, 0.3178
0.2017, 0.3178
0.2017, 0.3178
0.2060, 0.3178
0.2060, 0.3178
0.2060, 0.3178
0.2103, 0.3152
0.2103, 0.3152
0.2103, 0.3152
0.2103, 0.3152
0.2103, 0.3152
0.2103, 0.3152
0.2146, 0.3152
0.2146, 0.3152
0.2146, 0.3152
0.2189, 0.3152
0.2189, 0.3152
0.2189, 0.3152
0.2189, 0.3152
0.2189, 0.3152
0.2189, 0.3152
0.2189, 0.3152
0.2189, 0.3152
0.2189, 0.3152
0.2189, 0.3152
0.2232, 0.3152
0.2232, 0.3152
0.2232, 0.3152
0.2275, 0.3152
0.2275, 0.3152
0.2275, 0.3152
0.2318, 0.3152
0.2318, 0.3152
0.2318, 0.3152
0.2318, 0.3152
0.2318, 0.3152
0.2318, 0.3152
0.2318, 0.3152
0.2318, 0.3152
0.2318, 0.3152
0.2361, 0.3152
0.2361, 0.3152
0.2403, 0.3152
0.2403, 0.3152
0.2403, 0.3152
0.2403, 0.3152
0.2403, 0.3152
0.2403, 0.3152
0.2403, 0.3152
0.2403, 0.3152
0.2403, 0.3152
0.2403, 0.3152
0.2446, 0.3152
0.2446, 0.3152
0.2446, 0.3152
0.2489, 0.3152
0.2489, 0.3152
0.2489, 0.3152
0.2532, 0.3152
0.2532, 0.3152
0.2532, 0.3152
0.2532, 0.3152
0.2532, 0.3152
0.2532, 0.3152
0.2532, 0.3152
0.2532, 0.3152
0.2532, 0.3152
0.2575, 0.3152
0.2575, 0.3152
0.2575, 0.3152
0.2618, 0.3152
0.2618, 0.3152
0.2618, 0.3152
0.2661, 0.3152
0.2661, 0.3152
0.2661, 0.3152
0.2661, 0.3152
0.2661, 0.3152
0.2661, 0.3152
0.2704, 0.3152
0.2704, 0.3152
0.2704, 0.3152
0.2747, 0.3152
0.2747, 0.3152
0.2747, 0.3152
0.2747, 0.3152
0.2747, 0.3152
0.2747, 0.3152
0.2790, 0.3152
0.2790, 0.3152
0.2790, 0.3152
0.2790, 0.3127
0.2790, 0.3127
0.2833, 0.3127
0.2833, 0.3127
0.2833, 0.3127
0.2833, 0.3127
0.2833, 0.3127
0.2833, 0.3127
0.2833, 0.3127
0.2833, 0.3127
0.2833, 0.3127
0.2833, 0.3127
0.2876, 0.3127
0.2876, 0.3127
0.2876, 0.3127
0.2876, 0.3127
0.2876, 0.3127
0.2876, 0.3127
0.2918, 0.3127
0.2918, 0.3127
0.2918, 0.3127
0.2918, 0.3127
0.2918, 0.3127
0.2918, 0.3127
0.2961, 0.3127
0.2961, 0.3127
0.2961, 0.3127
0.2961, 0.3127
0.2961, 0.3127
0.2961, 0.3127
0.3004, 0.3127
0.3004, 0.3127
0.3004, 0.3127
0.3004, 0.3127
0.3004, 0.3127
0.3004, 0.3127
0.3090, 0.3127
0.3090, 0.3127
0.3090, 0.3127
0.3090, 0.3127
0.3090, 0.3127
0.3090, 0.3127
0.3133, 0.3127
0.3133, 0.3127
0.3133, 0.3127
0.3133, 0.3127
0.3133, 0.3127
0.3133, 0.3127
0.3176, 0.3127
0.3176, 0.3127
0.3176, 0.3127
0.3176, 0.3127
0.3176, 0.3127
0.3176, 0.3127
0.3219, 0.3101
0.3219, 0.3101
0.3219, 0.3101
0.3219, 0.3101
0.3219, 0.3101
0.3219, 0.3101
0.3262, 0.3101
0.3262, 0.3101
0.3262, 0.3101
0.3262, 0.3101
0.3262, 0.3101
0.3262, 0.3101
0.3262, 0.3101
0.3305, 0.3101
0.3305, 0.3101
0.3305, 0.3101
0.3305, 0.3101
0.3305, 0.3101
0.3305, 0.3101
0.3348, 0.3101
0.3348, 0.3101
0.3391, 0.3101
0.3391, 0.3101
0.3391, 0.3101
0.3391, 0.3101
0.3391, 0.3101
0.3391, 0.3101
0.3433, 0.3101
0.3433, 0.3101
0.3433, 0.3101
0.3476, 0.3101
0.3476, 0.3101
0.3476, 0.3101
0.3519, 0.3101
0.3519, 0.3101
0.3519, 0.3101
0.3519, 0.3101
0.3519, 0.3101
0.3519, 0.3101
0.3562, 0.3101
0.3562, 0.3101
0.3562, 0.3101
0.3605, 0.3101
0.3605, 0.3101
0.3605, 0.3101
0.3605, 0.3101
0.3605, 0.3101
0.3605, 0.3101
0.3605, 0.3101
0.3605, 0.3101
0.3605, 0.3101
0.3648, 0.3101
0.3648, 0.3101
0.3648, 0.3101
0.3691, 0.3101
0.3691, 0.3101
0.3691, 0.3101
0.3691, 0.3101
0.3691, 0.3101
0.3691, 0.3101
0.3734, 0.3101
0.3734, 0.3101
0.3734, 0.3101
0.3777, 0.3101
0.3777, 0.3101
0.3820, 0.3101
0.3820, 0.3101
0.3820, 0.3101
0.3820, 0.3101
0.3820, 0.3101
0.3820, 0.3101
0.3820, 0.3101
0.3906, 0.3101
0.3906, 0.3101
0.3948, 0.3101
0.3948, 0.3101
0.3948, 0.3101
0.3948, 0.3101
0.3948, 0.3101
0.3948, 0.3101
0.3991, 0.3075
0.3991, 0.3075
0.3991, 0.3075
0.4034, 0.3075
0.4034, 0.3075
0.4034, 0.3075
0.4034, 0.3075
0.4034, 0.3075
0.4034, 0.3075
0.4034, 0.3075
0.4034, 0.3075
0.4034, 0.3075
0.4077, 0.3075
0.4077, 0.3075
0.4077, 0.3075
0.4077, 0.3075
0.4077, 0.3075
0.4077, 0.3075
0.4120, 0.3075
0.4120, 0.3075
0.4120, 0.3075
0.4163, 0.3075
0.4163, 0.3075
0.4163, 0.3075
0.4163, 0.3075
0.4163, 0.3075
0.4206, 0.3075
0.4206, 0.3075
0.4206, 0.3075
0.4249, 0.3075
0.4249, 0.3075
0.4249, 0.3075
0.4249, 0.3075
0.4249, 0.3075
0.4249, 0.3075
0.4292, 0.3075
0.4292, 0.3075
0.4292, 0.3075
0.4292, 0.3075
0.4292, 0.3075
0.4335, 0.3075
0.4335, 0.3075
0.4335, 0.3075
0.4335, 0.3075
0.4335, 0.3075
0.4335, 0.3075
0.4335, 0.3075
0.4378, 0.3075
0.4378, 0.3075
0.4378, 0.3075
0.4378, 0.3075
0.4378, 0.3075
0.4378, 0.3075
0.4421, 0.3075
0.4421, 0.3075
0.4421, 0.3075
0.4421, 0.3075
0.4421, 0.3075
0.4464, 0.3075
0.4464, 0.3075
0.4464, 0.3075
0.4464, 0.3075
0.4464, 0.3075
0.4464, 0.3075
0.4464, 0.3075
0.4464, 0.3075
0.4464, 0.3075
0.4464, 0.3075
0.4464, 0.3075
0.4464, 0.3075
0.4464, 0.3075
0.4506, 0.3075
0.4506, 0.3075
0.4506, 0.3075
0.4506, 0.3075
0.4506, 0.3075
0.4549, 0.3075
0.4549, 0.3075
0.4549, 0.3075
0.4549, 0.3075
0.4549, 0.3075
0.4549, 0.3075
0.4592, 0.3075
0.4592, 0.3075
0.4592, 0.3075
0.4635, 0.3075
0.4635, 0.3075
0.4635, 0.3075
0.4678, 0.3075
0.4678, 0.3075
0.4678, 0.3075
0.4678, 0.3075
0.4678, 0.3075
0.4678, 0.3075
0.4678, 0.3075
0.4678, 0.3075
0.4678, 0.3075
0.4678, 0.3075
0.4678, 0.3075
0.4678, 0.3075
0.4721, 0.3075
0.4721, 0.3075
0.4721, 0.3075
0.4721, 0.3075
0.4721, 0.3075
0.4721, 0.3075
0.4721, 0.3075
0.4721, 0.3075
0.4721, 0.3075
0.4721, 0.3075
0.4721, 0.3075
0.4721, 0.3075
0.4721, 0.3075
0.4721, 0.3075
0.4721, 0.3075
0.4721, 0.3075
0.4721, 0.3075
0.4721, 0.3075
0.4721, 0.3075
0.4721, 0.3075
0.4721, 0.3075
0.4721, 0.3075
0.4721, 0.3075
0.4721, 0.3075
0.4764, 0.3075
0.4764, 0.3075
0.4764, 0.3075
0.4764, 0.3075
0.4764, 0.3075
0.4764, 0.3075
0.4764, 0.3075
0.4764, 0.3075
0.4764, 0.3075
0.4764, 0.3075
0.4764, 0.3075
0.4764, 0.3075
0.4764, 0.3075
0.4764, 0.3075
0.4764, 0.3075
0.4764, 0.3075
0.4764, 0.3075
0.4764, 0.3075
0.4764, 0.3075
0.4764, 0.3075
0.4764, 0.3075
0.4764, 0.3075
0.4764, 0.3075
0.4764, 0.3075
0.4764, 0.3075
0.4764, 0.3075
0.4764, 0.3075
0.4764, 0.3075
0.1159, 0.2274
0.1159, 0.2274
0.1159, 0.2274
0.1159, 0.2274
0.1159, 0.2274
0.1159, 0.2274
0.1159, 0.2274
0.1159, 0.2274
0.1159, 0.2274
0.1159, 0.2274
0.1159, 0.2274
0.1159, 0.2274
0.1159, 0.2274
0.1159, 0.2274
0.1159, 0.2274
0.1159, 0.2274
0.1159, 0.2274
0.1159, 0.2274
0.1159, 0.2274
0.1159, 0.2274
0.1159, 0.2274
0.1159, 0.2274
0.1159, 0.2274
0.1159, 0.2274
0.1159, 0.2274
0.1159, 0.2274
0.1159, 0.2274
0.1159, 0.2274
0.1159, 0.2274
0.1159, 0.2274
0.1159, 0.2274
0.1159, 0.2274
0.1159, 0.2274
0.1159, 0.2274
0.1159, 0.2274
0.1159, 0.2274
0.1159, 0.2274
0.1159, 0.2274
0.1159, 0.2274
0.1159, 0.2274
0.1159, 0.2274
0.1159, 0.2274
0.1159, 0.2274
0.1159, 0.2274
0.1159, 0.2274
0.1159, 0.2274
0.1159, 0.2274
0.1159, 0.2274
0.1159, 0.2274
0.1159, 0.2274
0.1202, 0.2274
0.1202, 0.2274
0.1245, 0.2274
0.1245, 0.2274
0.1245, 0.2274
0.1288, 0.2274
0.1288, 0.2274
0.1288, 0.2274
0.1288, 0.2274
0.1288, 0.2274
0.1288, 0.2274
0.1330, 0.2274
0.1330, 0.2274
0.1330, 0.2274
0.1373, 0.2274
0.1373, 0.2274
0.1373, 0.2274
0.1373, 0.2274
0.1373, 0.2274
0.1373, 0.2274
0.1416, 0.2274
0.1416, 0.2274
0.1416, 0.2274
0.1459, 0.2300
0.1459, 0.2300
0.1459, 0.2300
0.1459, 0.2300
0.1459, 0.2300
0.1459, 0.2300
0.1502, 0.2300
0.1502, 0.2300
0.1502, 0.2300
0.1545, 0.2300
0.1545, 0.2300
0.1545, 0.2300
0.1588, 0.2300
0.1588, 0.2300
0.1588, 0.2300
0.1588, 0.2300
0.1588, 0.2300
0.1588, 0.2300
0.1674, 0.2300
0.1674, 0.2300
0.1717, 0.2300
0.1717, 0.2300
0.1717, 0.2300
0.1717, 0.2300
0.1717, 0.2300
0.1717, 0.2300
0.1760, 0.2300
0.1760, 0.2300
0.1760, 0.2300
0.1803, 0.2300
0.1803, 0.2300
0.1803, 0.2300
0.1803, 0.2300
0.1803, 0.2300
0.1803, 0.2300
0.1845, 0.2300
0.1845, 0.2300
0.1845, 0.2300
0.1888, 0.2300
0.1888, 0.2300
0.1888, 0.2300
0.1888, 0.2300
0.1888, 0.2300
0.1888, 0.2300
0.1931, 0.2300
0.1931, 0.2300
0.1931, 0.2300
0.1931, 0.2326
0.1931, 0.2326
0.1931, 0.2326
0.1974, 0.2326
0.1974, 0.2326
0.1974, 0.2326
0.2017, 0.2326
0.2017, 0.2326
0.2017, 0.2326
0.2017, 0.2326
0.2017, 0.2326
0.2017, 0.2326
0.2060, 0.2326
0.2060, 0.2326
0.2060, 0.2326
0.2103, 0.2326
0.2103, 0.2326
0.2103, 0.2326
0.2146, 0.2326
0.2146, 0.2326
0.2189, 0.2326
0.2189, 0.2326
0.2189, 0.2326
0.2189, 0.2326
0.2189, 0.2326
0.2189, 0.2326
0.2232, 0.2326
0.2232, 0.2326
0.2232, 0.2326
0.2232, 0.2326
0.2232, 0.2326
0.2232, 0.2326
0.2275, 0.2326
0.2275, 0.2326
0.2275, 0.2326
0.2318, 0.2326
0.2318, 0.2326
0.2318, 0.2326
0.2361, 0.2326
0.2361, 0.2326
0.2361, 0.2326
0.2361, 0.2326
0.2361, 0.2326
0.2361, 0.2326
0.2403, 0.2326
0.2403, 0.2326
0.2403, 0.2326
0.2489, 0.2326
0.2489, 0.2326
0.2489, 0.2326
0.2489, 0.2326
0.2489, 0.2326
0.2489, 0.2326
0.2532, 0.2326
0.2532, 0.2326
0.2532, 0.2326
0.2575, 0.2326
0.2575, 0.2326
0.2575, 0.2326
0.2575, 0.2326
0.2575, 0.2326
0.2575, 0.2326
0.2618, 0.2326
0.2618, 0.2326
0.2618, 0.2326
0.2661, 0.2326
0.2661, 0.2326
0.2661, 0.2326
0.2661, 0.2326
0.2661, 0.2326
0.2661, 0.2326
0.2704, 0.2326
0.2704, 0.2326
0.2704, 0.2326
0.2747, 0.2326
0.2747, 0.2326
0.2747, 0.2326
0.2790, 0.2326
0.2790, 0.2326
0.2790, 0.2326
0.2790, 0.2326
0.2790, 0.2326
0.2790, 0.2326
0.2833, 0.2326
0.2833, 0.2326
0.2833, 0.2326
0.2876, 0.2326
0.2876, 0.2326
0.2876, 0.2326
0.2876, 0.2326
0.2876, 0.2326
0.2876, 0.2326
0.2918, 0.2326
0.2918, 0.2326
0.2918, 0.2326
0.2918, 0.2326
0.2918, 0.2326
0.2918, 0.2326
0.2918, 0.2326
0.2918, 0.2326
0.2918, 0.2326
0.2918, 0.2326
0.2918, 0.2326
0.2918, 0.2326
0.2918, 0.2326
0.2918, 0.2326
0.2918, 0.2326
0.2918, 0.2326
0.2918, 0.2326
0.2918, 0.2326
0.2918, 0.2326
0.2918, 0.2326
0.2918, 0.2326
0.2918, 0.2326
0.2918, 0.2326
0.2918, 0.2326
0.2918, 0.2326
0.2918, 0.2326
0.2918, 0.2326
0.2918, 0.2326
0.2918, 0.2326
0.2918, 0.2326
0.2918, 0.2326
0.2918, 0.2326
0.2918, 0.2326
0.2918, 0.2326
0.2918, 0.2326
0.2918, 0.2326
0.2918, 0.2326
0.2918, 0.2326
0.2918, 0.2326
0.2918, 0.2326
0.2918, 0.2326
0.2918, 0.2326
0.2918, 0.2326
0.2918, 0.2326
0.2918, 0.2326
0.2918, 0.2326
0.2918, 0.2326
0.2918, 0.2326
0.2918, 0.2326
0.2918, 0.2326
0.2918, 0.2326
0.2918, 0.2326
0.2918, 0.2326
0.2918, 0.2326
0.2918, 0.2326
0.2918, 0.2326
0.2918, 0.2326
0.2918, 0.2326
0.2918, 0.2326
0.2918, 0.2326
0.2918, 0.2326
0.2918, 0.2326
0.2918, 0.2326
0.2918, 0.2326
0.2918, 0.2326
0.2918, 0.2326
0.2918, 0.2326
0.2918, 0.2326
0.2918, 0.2326
0.2918, 0.2326
0.2918, 0.2326
0.2918, 0.2326
0.2918, 0.2326
0.0000, 1.0000
0.0000, 1.0000
0.0000, 1.0000
0.0000, 1.0000
0.0000, 1.0000
0.0000, 1.0000
0.0000, 1.0000
0.0000, 1.0000
0.0000, 1.0000
0.0000, 1.0000
0.0000, 1.0000
0.0000, 1.0000
0.0000, 1.0000
0.0000, 1.0000
0.0000, 1.0000
0.0000, 1.0000
0.0000, 1.0000
0.0000, 1.0000
0.0000, 1.0000
0.0000, 1.0000
0.0000, 1.0000
0.0000, 1.0000
0.0000, 1.0000
0.0000, 1.0000
0.0000, 1.0000
0.0000, 1.0000
0.0000, 1.0000
0.0000, 1.0000
0.0000, 1.0000
0.0000, 1.0000
0.0000, 1.0000
0.0000, 1.0000
0.0000, 1.0000
0.0000, 1.0000
0.0000, 1.0000
0.0000, 1.0000
0.0000, 1.0000
0.0000, 1.0000
0.0000, 1.0000
0.0000, 1.0000
0.0000, 1.0000
0.0000, 1.0000
0.0000, 1.0000
0.0000, 1.0000
0.0000, 1.0000
0.0000, 1.0000
0.0000, 1.0000
0.0000, 1.0000
0.0000, 1.0000
0.0000, 1.0000
0.0000, 1.0000
0.0000, 1.0000
0.0000, 1.0000
0.0000, 1.0000
0.0000, 1.0000
0.0000, 1.0000
0.0000, 1.0000
0.0000, 1.0000
0.0000, 1.0000
0.0000, 1.0000
0.0000, 1.0000
0.0000, 1.0000
0.0000, 1.0000
