0.5893, 0.0831
0.5893, 0.0831
0.5893, 0.0831
0.5893, 0.0831
0.5893, 0.0831
0.5893, 0.0831
0.5893, 0.0831
0.5893, 0.0831
0.5893, 0.0831
0.5893, 0.0831
0.5893, 0.0831
0.5893, 0.0831
0.5893, 0.0831
0.5893, 0.0831
0.5893, 0.0831
0.5893, 0.0831
0.5893, 0.0831
0.5893, 0.0831
0.5893, 0.0831
0.5893, 0.0831
0.5893, 0.0831
0.5893, 0.0831
0.5893, 0.0831
0.5893, 0.0831
0.5893, 0.0831
0.5893, 0.0831
0.5893, 0.0831
0.5893, 0.0831
0.5893, 0.0831
0.5893, 0.0831
0.5893, 0.0831
0.5893, 0.0831
0.5893, 0.0831
0.5893, 0.0831
0.5893, 0.0831
0.5893, 0.0831
0.5893, 0.0831
0.5893, 0.0831
0.5893, 0.0831
0.5893, 0.0831
0.5893, 0.0831
0.5893, 0.0831
0.5893, 0.0831
0.5893, 0.0831
0.5893, 0.0831
0.5893, 0.0831
0.5893, 0.0831
0.5893, 0.0831
0.5893, 0.0831
0.5893, 0.0831
0.5893, 0.0831
0.5893, 0.0831
0.5893, 0.0831
0.5893, 0.0831
0.5893, 0.0831
0.5893, 0.0831
0.5893, 0.0831
0.5893, 0.0831
0.5893, 0.0831
0.5893, 0.0831
0.5893, 0.0831
0.5893, 0.0831
0.5893, 0.0831
0.5893, 0.0831
0.5893, 0.0831
0.5893, 0.0831
0.5893, 0.0831
0.5893, 0.0831
0.5893, 0.0831
0.5893, 0.0831
0.5893, 0.0831
0.5893, 0.0831
0.5893, 0.0831
0.5893, 0.0831
0.5893, 0.0831
0.5893, 0.0831
0.5893, 0.0831
0.5893, 0.0831
0.5893, 0.0831
0.5893, 0.0831
0.5893, 0.0831
0.5893, 0.0831
0.5893, 0.0831
0.5893, 0.0831
0.5893, 0.0831
0.5893, 0.0831
0.5893, 0.0831
0.5893, 0.0831
0.5893, 0.0831
0.5893, 0.0831
0.5893, 0.0831
0.5893, 0.0804
0.5893, 0.0804
0.5893, 0.0804
0.5893, 0.0804
0.5893, 0.0804
0.5893, 0.0804
0.5893, 0.0804
0.5893, 0.0804
0.5893, 0.0804
0.5893, 0.0804
0.5893, 0.0804
0.5893, 0.0804
0.5893, 0.0804
0.5893, 0.0777
0.5893, 0.0777
0.5893, 0.0777
0.5893, 0.0777
0.5893, 0.0777
0.5893, 0.0777
0.5893, 0.0777
0.5893, 0.0777
0.5893, 0.0777
0.5893, 0.0777
0.5893, 0.0777
0.5893, 0.0777
0.5893, 0.0777
0.5893, 0.0777
0.5893, 0.0777
0.5893, 0.0777
0.5893, 0.0777
0.5893, 0.0777
0.5893, 0.0777
0.5893, 0.0777
0.5893, 0.0777
0.5893, 0.0777
0.5893, 0.0777
0.5893, 0.0777
0.5893, 0.0777
0.5893, 0.0777
0.5893, 0.0777
0.5893, 0.0777
0.5893, 0.0777
0.5893, 0.0777
0.5893, 0.0777
0.5893, 0.0751
0.5893, 0.0751
0.5893, 0.0751
0.5893, 0.0751
0.5893, 0.0751
0.5893, 0.0751
0.5893, 0.0751
0.5893, 0.0751
0.5893, 0.0751
0.5893, 0.0724
0.5893, 0.0724
0.5893, 0.0724
0.5893, 0.0724
0.5893, 0.0724
0.5893, 0.0724
0.5893, 0.0724
0.5893, 0.0724
0.5893, 0.0724
0.5893, 0.0724
0.5893, 0.0724
0.5893, 0.0724
0.5893, 0.0724
0.5893, 0.0724
0.5893, 0.0724
0.5893, 0.0724
0.5893, 0.0724
0.5893, 0.0697
0.5893, 0.0697
0.5893, 0.0697
0.5893, 0.0697
0.5893, 0.0697
0.5893, 0.0697
0.5893, 0.0697
0.5893, 0.0697
0.5893, 0.0697
0.5848, 0.0697
0.5848, 0.0697
0.5848, 0.0697
0.5848, 0.0697
0.5848, 0.0697
0.5848, 0.0697
0.5848, 0.0697
0.5848, 0.0697
0.5848, 0.0697
0.5848, 0.0697
0.5848, 0.0697
0.5848, 0.0697
0.5848, 0.0697
0.5848, 0.0697
0.5848, 0.0670
0.5848, 0.0670
0.5848, 0.0670
0.5848, 0.0670
0.5848, 0.0670
0.5848, 0.0670
0.5848, 0.0670
0.5848, 0.0670
0.5848, 0.0670
0.5848, 0.0670
0.5848, 0.0670
0.5848, 0.0670
0.5848, 0.0670
0.5848, 0.0643
0.5848, 0.0643
0.5848, 0.0643
0.5848, 0.0643
0.5848, 0.0643
0.5848, 0.0643
0.5848, 0.0643
0.5848, 0.0643
0.5848, 0.0643
0.5848, 0.0643
0.5848, 0.0643
0.5848, 0.0643
0.5848, 0.0643
0.5848, 0.0643
0.5848, 0.0643
0.5848, 0.0643
0.5848, 0.0643
0.5804, 0.0643
0.5804, 0.0643
0.5804, 0.0643
0.5804, 0.0643
0.5804, 0.0643
0.5804, 0.0643
0.5804, 0.0643
0.5804, 0.0643
0.5804, 0.0617
0.5804, 0.0617
0.5804, 0.0617
0.5804, 0.0617
0.5804, 0.0617
0.5804, 0.0617
0.5804, 0.0617
0.5804, 0.0617
0.5804, 0.0617
0.5804, 0.0617
0.5804, 0.0617
0.5804, 0.0617
0.5804, 0.0617
0.5804, 0.0590
0.5804, 0.0590
0.5804, 0.0590
0.5804, 0.0590
0.5804, 0.0590
0.5804, 0.0590
0.5804, 0.0590
0.5804, 0.0590
0.5804, 0.0590
0.5804, 0.0590
0.5804, 0.0590
0.5804, 0.0590
0.5804, 0.0590
0.5804, 0.0563
0.5804, 0.0563
0.5804, 0.0563
0.5804, 0.0563
0.5804, 0.0563
0.5804, 0.0563
0.5804, 0.0563
0.5804, 0.0563
0.5804, 0.0563
0.5804, 0.0563
0.5804, 0.0563
0.5804, 0.0563
0.5804, 0.0563
0.5804, 0.0563
0.5804, 0.0563
0.5804, 0.0563
0.5804, 0.0563
0.5804, 0.0563
0.5804, 0.0563
0.5804, 0.0563
0.5804, 0.0563
0.5759, 0.0563
0.5759, 0.0563
0.5759, 0.0563
0.5759, 0.0563
0.5759, 0.0536
0.5759, 0.0536
0.5759, 0.0536
0.5759, 0.0536
0.5759, 0.0536
0.5759, 0.0536
0.5759, 0.0536
0.5759, 0.0536
0.5759, 0.0536
0.5759, 0.0536
0.5759, 0.0536
0.5759, 0.0536
0.5759, 0.0536
0.5759, 0.0536
0.5759, 0.0509
0.5759, 0.0509
0.5759, 0.0509
0.5759, 0.0509
0.5714, 0.0509
0.5714, 0.0509
0.5714, 0.0509
0.5714, 0.0509
0.5714, 0.0509
0.5714, 0.0509
0.5714, 0.0509
0.5714, 0.0509
0.5714, 0.0509
0.5714, 0.0509
0.5714, 0.0509
0.5714, 0.0509
0.5714, 0.0509
0.5714, 0.0509
0.5714, 0.0509
0.5714, 0.0509
0.5714, 0.0509
0.5714, 0.0509
0.5714, 0.0509
0.5714, 0.0509
0.5714, 0.0509
0.5714, 0.0509
0.5714, 0.0509
0.5714, 0.0509
0.5714, 0.0509
0.5714, 0.0509
0.5714, 0.0509
0.5714, 0.0509
0.5714, 0.0509
0.5714, 0.0509
0.5714, 0.0483
0.5714, 0.0483
0.5714, 0.0483
0.5714, 0.0483
0.5714, 0.0483
0.5714, 0.0483
0.5714, 0.0483
0.5714, 0.0483
0.5714, 0.0483
0.5714, 0.0483
0.5714, 0.0483
0.5714, 0.0483
0.5714, 0.0483
0.5714, 0.0483
0.5714, 0.0483
0.5714, 0.0483
0.5714, 0.0483
0.5714, 0.0456
0.5714, 0.0456
0.5714, 0.0456
0.5714, 0.0456
0.5670, 0.0456
0.5670, 0.0456
0.5670, 0.0456
0.5670, 0.0456
0.5670, 0.0456
0.5670, 0.0456
0.5670, 0.0456
0.5670, 0.0456
0.5670, 0.0456
0.5670, 0.0456
0.5670, 0.0456
0.5670, 0.0456
0.5670, 0.0429
0.5670, 0.0429
0.5670, 0.0429
0.5670, 0.0429
0.5625, 0.0429
0.5625, 0.0429
0.5625, 0.0429
0.5625, 0.0429
0.5625, 0.0429
0.5625, 0.0429
0.5625, 0.0429
0.5580, 0.0429
0.5580, 0.0429
0.5580, 0.0429
0.5580, 0.0429
0.5580, 0.0429
0.5580, 0.0429
0.5580, 0.0429
0.5580, 0.0429
0.5580, 0.0402
0.5580, 0.0402
0.5580, 0.0402
0.5580, 0.0402
0.5580, 0.0402
0.5580, 0.0402
0.5580, 0.0402
0.5580, 0.0402
0.5536, 0.0375
0.5536, 0.0375
0.5536, 0.0375
0.5536, 0.0375
0.5536, 0.0375
0.5536, 0.0375
0.5536, 0.0375
0.5536, 0.0375
0.5536, 0.0375
0.5536, 0.0375
0.5536, 0.0375
0.5536, 0.0375
0.5491, 0.0375
0.5491, 0.0375
0.5491, 0.0375
0.5491, 0.0375
0.5491, 0.0375
0.5491, 0.0375
0.5491, 0.0375
0.5491, 0.0375
0.5491, 0.0375
0.5491, 0.0375
0.5491, 0.0375
0.5491, 0.0375
0.5491, 0.0375
0.5491, 0.0375
0.5491, 0.0375
0.5491, 0.0375
0.5491, 0.0375
0.5491, 0.0349
0.5491, 0.0349
0.5491, 0.0349
0.5491, 0.0349
0.5491, 0.0349
0.5491, 0.0349
0.5491, 0.0349
0.5491, 0.0349
0.5446, 0.0322
0.5446, 0.0322
0.5446, 0.0322
0.5446, 0.0322
0.5446, 0.0322
0.5446, 0.0322
0.5446, 0.0322
0.5402, 0.0322
0.5402, 0.0322
0.5402, 0.0322
0.5402, 0.0322
0.5402, 0.0295
0.5402, 0.0295
0.5402, 0.0295
0.5357, 0.0295
0.5357, 0.0295
0.5357, 0.0295
0.5357, 0.0295
0.5357, 0.0295
0.5357, 0.0295
0.5357, 0.0295
0.5357, 0.0295
0.5357, 0.0295
0.5357, 0.0295
0.5357, 0.0295
0.5357, 0.0295
0.5357, 0.0295
0.5357, 0.0295
0.5357, 0.0295
0.5357, 0.0295
0.5357, 0.0295
0.5312, 0.0295
0.5312, 0.0295
0.5312, 0.0295
0.5312, 0.0295
0.5312, 0.0295
0.5312, 0.0295
0.5312, 0.0295
0.5312, 0.0295
0.5312, 0.0295
0.5312, 0.0295
0.5312, 0.0295
0.5312, 0.0295
0.5312, 0.0295
0.5312, 0.0295
0.5312, 0.0295
0.5312, 0.0295
0.5268, 0.0268
0.5268, 0.0268
0.5268, 0.0268
0.5268, 0.0268
0.5268, 0.0268
0.5268, 0.0268
0.5268, 0.0268
0.5268, 0.0268
0.5268, 0.0268
0.5268, 0.0268
0.5268, 0.0268
0.5268, 0.0268
0.5268, 0.0268
0.5268, 0.0268
0.5268, 0.0268
0.5268, 0.0268
0.5223, 0.0241
0.5223, 0.0241
0.5223, 0.0241
0.5223, 0.0241
0.5179, 0.0241
0.5179, 0.0241
0.5179, 0.0241
0.5179, 0.0241
0.5179, 0.0241
0.5179, 0.0241
0.5179, 0.0241
0.5179, 0.0241
0.5179, 0.0241
0.5179, 0.0241
0.5179, 0.0241
0.5179, 0.0241
0.5179, 0.0241
0.5179, 0.0241
0.5179, 0.0241
0.5179, 0.0241
0.5179, 0.0241
0.5179, 0.0241
0.5179, 0.0241
0.5179, 0.0241
0.5179, 0.0241
0.5134, 0.0241
0.5134, 0.0241
0.5134, 0.0241
0.5134, 0.0241
0.5134, 0.0241
0.5134, 0.0241
0.5134, 0.0241
0.5134, 0.0241
0.5134, 0.0241
0.5134, 0.0241
0.5134, 0.0241
0.5134, 0.0241
0.5089, 0.0241
0.5089, 0.0241
0.5089, 0.0241
0.5089, 0.0241
0.5089, 0.0241
0.5089, 0.0241
0.5089, 0.0241
0.5045, 0.0241
0.5045, 0.0241
0.5045, 0.0241
0.5045, 0.0241
0.5045, 0.0214
0.5045, 0.0214
0.5045, 0.0214
0.5045, 0.0214
0.5045, 0.0214
0.5045, 0.0214
0.5045, 0.0214
0.5045, 0.0214
0.5000, 0.0214
0.5000, 0.0214
0.5000, 0.0214
0.5000, 0.0214
0.5000, 0.0214
0.5000, 0.0214
0.5000, 0.0214
0.5000, 0.0214
0.4955, 0.0188
0.4955, 0.0188
0.4955, 0.0188
0.4955, 0.0188
0.4955, 0.0188
0.4955, 0.0188
0.4955, 0.0188
0.4955, 0.0188
0.4955, 0.0188
0.4955, 0.0188
0.4955, 0.0188
0.4955, 0.0188
0.4911, 0.0188
0.4911, 0.0188
0.4911, 0.0188
0.4911, 0.0188
0.4911, 0.0188
0.4911, 0.0188
0.4911, 0.0188
0.4911, 0.0188
0.4911, 0.0188
0.4911, 0.0188
0.4911, 0.0188
0.4911, 0.0188
0.4866, 0.0188
0.4866, 0.0188
0.4866, 0.0188
0.4866, 0.0188
0.4866, 0.0188
0.4866, 0.0188
0.4866, 0.0188
0.4866, 0.0161
0.4866, 0.0161
0.4866, 0.0161
0.4866, 0.0161
0.4821, 0.0161
0.4821, 0.0161
0.4821, 0.0161
0.4821, 0.0161
0.4821, 0.0161
0.4821, 0.0161
0.4821, 0.0161
0.4821, 0.0161
0.4821, 0.0161
0.4821, 0.0161
0.4821, 0.0161
0.4821, 0.0161
0.4821, 0.0161
0.4821, 0.0161
0.4821, 0.0161
0.4777, 0.0161
0.4777, 0.0161
0.4777, 0.0161
0.4777, 0.0161
0.4777, 0.0161
0.4777, 0.0161
0.4777, 0.0161
0.4732, 0.0161
0.4732, 0.0161
0.4732, 0.0161
0.4732, 0.0161
0.4732, 0.0161
0.4732, 0.0161
0.4732, 0.0161
0.4732, 0.0161
0.4732, 0.0161
0.4732, 0.0161
0.4732, 0.0161
0.4732, 0.0161
0.4688, 0.0161
0.4688, 0.0161
0.4688, 0.0161
0.4688, 0.0161
0.4643, 0.0134
0.4643, 0.0134
0.4643, 0.0134
0.4643, 0.0134
0.4643, 0.0134
0.4643, 0.0134
0.4643, 0.0134
0.4598, 0.0134
0.4598, 0.0134
0.4598, 0.0134
0.4598, 0.0134
0.4598, 0.0134
0.4598, 0.0134
0.4598, 0.0134
0.4598, 0.0134
0.4598, 0.0134
0.4598, 0.0134
0.4598, 0.0134
0.4598, 0.0134
0.4598, 0.0134
0.4598, 0.0134
0.4598, 0.0134
0.4598, 0.0134
0.4554, 0.0107
0.4554, 0.0107
0.4554, 0.0107
0.4554, 0.0107
0.4554, 0.0107
0.4554, 0.0107
0.4554, 0.0107
0.4554, 0.0107
0.4509, 0.0107
0.4509, 0.0107
0.4509, 0.0107
0.4509, 0.0107
0.4509, 0.0107
0.4509, 0.0107
0.4509, 0.0107
0.4509, 0.0107
0.4509, 0.0107
0.4509, 0.0107
0.4509, 0.0107
0.4509, 0.0107
0.4509, 0.0107
0.4509, 0.0107
0.4509, 0.0107
0.4509, 0.0107
0.4509, 0.0107
0.4464, 0.0107
0.4464, 0.0107
0.4464, 0.0107
0.4420, 0.0107
0.4420, 0.0107
0.4420, 0.0107
0.4420, 0.0107
0.4375, 0.0107
0.4375, 0.0107
0.4330, 0.0080
0.4330, 0.0080
0.4330, 0.0080
0.4286, 0.0080
0.4286, 0.0080
0.4286, 0.0080
0.4286, 0.0080
0.4286, 0.0080
0.4286, 0.0080
0.4286, 0.0080
0.4286, 0.0080
0.4286, 0.0080
0.4286, 0.0080
0.4286, 0.0080
0.4286, 0.0080
0.4286, 0.0080
0.4286, 0.0080
0.4241, 0.0054
0.4241, 0.0054
0.4241, 0.0054
0.4241, 0.0054
0.4241, 0.0054
0.4241, 0.0054
0.4241, 0.0054
0.4241, 0.0054
0.4196, 0.0054
0.4196, 0.0054
0.4196, 0.0054
0.4196, 0.0054
0.4196, 0.0054
0.4196, 0.0054
0.4196, 0.0054
0.4196, 0.0054
0.4196, 0.0054
0.4196, 0.0054
0.4196, 0.0054
0.4196, 0.0054
0.4196, 0.0054
0.4196, 0.0054
0.4196, 0.0054
0.4152, 0.0054
0.4152, 0.0054
0.4152, 0.0054
0.4152, 0.0054
0.4152, 0.0054
0.4152, 0.0054
0.4152, 0.0054
0.4152, 0.0054
0.4152, 0.0054
0.4152, 0.0054
0.4152, 0.0054
0.4152, 0.0054
0.4152, 0.0027
0.4152, 0.0027
0.4152, 0.0027
0.4152, 0.0027
0.4107, 0.0027
0.4107, 0.0027
0.4107, 0.0027
0.4107, 0.0027
0.4107, 0.0027
0.4107, 0.0027
0.4107, 0.0027
0.4063, 0.0027
0.4063, 0.0027
0.4063, 0.0027
0.4063, 0.0027
0.4063, 0.0027
0.4063, 0.0027
0.4063, 0.0027
0.4063, 0.0027
0.4063, 0.0027
0.4063, 0.0027
0.4018, 0.0027
0.4018, 0.0027
0.4018, 0.0027
0.4018, 0.0027
0.4018, 0.0027
0.4018, 0.0027
0.4018, 0.0027
0.4018, 0.0027
0.4018, 0.0027
0.4018, 0.0027
0.4018, 0.0027
0.4018, 0.0027
0.3973, 0.0027
0.3973, 0.0027
0.3973, 0.0027
0.3973, 0.0027
0.3973, 0.0027
0.3973, 0.0027
0.3973, 0.0027
0.3973, 0.0027
0.3973, 0.0027
0.3973, 0.0027
0.3973, 0.0027
0.3929, 0.0027
0.3929, 0.0027
0.3929, 0.0027
0.3929, 0.0027
0.3929, 0.0027
0.3929, 0.0027
0.3929, 0.0027
0.3929, 0.0027
0.3929, 0.0027
0.3929, 0.0027
0.3929, 0.0027
0.3929, 0.0027
0.3929, 0.0027
0.3929, 0.0027
0.3929, 0.0027
0.3929, 0.0027
0.3929, 0.0027
0.3929, 0.0027
0.3929, 0.0027
0.3884, 0.0027
0.3884, 0.0027
0.3884, 0.0027
0.3884, 0.0027
0.3884, 0.0027
0.3884, 0.0027
0.3884, 0.0027
0.3839, 0.0027
0.3839, 0.0027
0.3839, 0.0027
0.3839, 0.0027
0.3839, 0.0027
0.3839, 0.0027
0.3839, 0.0027
0.3839, 0.0027
0.3839, 0.0027
0.3839, 0.0027
0.3839, 0.0027
0.3839, 0.0027
0.3795, 0.0027
0.3795, 0.0027
0.3795, 0.0027
0.3795, 0.0027
0.3795, 0.0027
0.3795, 0.0027
0.3795, 0.0027
0.3750, 0.0027
0.3750, 0.0027
0.3750, 0.0027
0.3750, 0.0027
0.3750, 0.0027
0.3750, 0.0027
0.3750, 0.0027
0.3750, 0.0027
0.3750, 0.0027
0.3750, 0.0027
0.3750, 0.0027
0.3705, 0.0027
0.3705, 0.0027
0.3705, 0.0027
0.3705, 0.0027
0.3705, 0.0027
0.3705, 0.0027
0.3705, 0.0027
0.3705, 0.0027
0.3705, 0.0027
0.3705, 0.0027
0.3661, 0.0027
0.3661, 0.0027
0.3661, 0.0027
0.3661, 0.0027
0.3661, 0.0027
0.3661, 0.0027
0.3661, 0.0027
0.3661, 0.0027
0.3616, 0.0027
0.3616, 0.0027
0.3616, 0.0027
0.3616, 0.0027
0.3616, 0.0027
0.3616, 0.0027
0.3616, 0.0027
0.3616, 0.0027
0.3616, 0.0027
0.3616, 0.0027
0.3616, 0.0027
0.3616, 0.0027
0.3616, 0.0027
0.3616, 0.0027
0.3616, 0.0027
0.3616, 0.0027
0.3616, 0.0027
0.3616, 0.0027
0.3616, 0.0027
0.3616, 0.0027
0.3616, 0.0027
0.3616, 0.0027
0.3616, 0.0027
0.3616, 0.0027
0.3616, 0.0027
0.3616, 0.0027
0.3616, 0.0027
0.3616, 0.0027
0.3616, 0.0027
0.3616, 0.0027
0.3616, 0.0027
0.3616, 0.0027
0.3616, 0.0027
0.3616, 0.0027
0.3616, 0.0027
0.3616, 0.0027
0.3616, 0.0027
0.3616, 0.0027
0.3616, 0.0027
0.3616, 0.0027
0.3616, 0.0027
0.3616, 0.0027
0.3616, 0.0027
0.3616, 0.0027
0.3616, 0.0027
0.3616, 0.0027
0.3616, 0.0027
0.3616, 0.0027
0.3616, 0.0027
0.3616, 0.0027
0.3616, 0.0027
0.3616, 0.0027
0.3616, 0.0027
0.3616, 0.0027
0.3616, 0.0027
0.3616, 0.0027
0.3616, 0.0027
0.3616, 0.0027
0.3616, 0.0027
0.3616, 0.0027
0.3616, 0.0027
0.3616, 0.0027
0.3616, 0.0027
0.3616, 0.0027
0.3616, 0.0027
0.3616, 0.0027
0.3616, 0.0027
0.3616, 0.0027
0.3616, 0.0027
0.3616, 0.0027
0.3616, 0.0027
0.3616, 0.0027
0.3616, 0.0027
0.3616, 0.0027
0.3616, 0.0027
0.3616, 0.0027
0.3616, 0.0027
0.3616, 0.0027
0.3616, 0.0027
0.3616, 0.0027
0.3616, 0.0027
0.3616, 0.0027
0.3616, 0.0027
0.3571, 0.0027
0.3571, 0.0027
0.3571, 0.0027
0.3571, 0.0027
0.3571, 0.0027
0.3571, 0.0027
0.3571, 0.0027
0.3527, 0.0027
0.3527, 0.0027
0.3527, 0.0027
0.3527, 0.0027
0.3527, 0.0027
0.3527, 0.0027
0.3527, 0.0027
0.3527, 0.0027
0.3527, 0.0027
0.3527, 0.0027
0.3527, 0.0027
0.3527, 0.0027
0.3527, 0.0027
0.3527, 0.0027
0.3527, 0.0027
0.3527, 0.0027
0.3527, 0.0027
0.3527, 0.0027
0.3527, 0.0027
0.3527, 0.0027
0.3527, 0.0027
0.3527, 0.0027
0.3527, 0.0027
0.3482, 0.0027
0.3482, 0.0027
0.3482, 0.0027
0.3482, 0.0027
0.3482, 0.0027
0.3482, 0.0027
0.3482, 0.0027
0.3438, 0.0027
0.3438, 0.0027
0.3438, 0.0027
0.3438, 0.0027
0.3438, 0.0027
0.3438, 0.0027
0.3438, 0.0027
0.3393, 0.0027
0.3393, 0.0027
0.3393, 0.0027
0.3393, 0.0027
0.3393, 0.0027
0.3393, 0.0027
0.3393, 0.0027
0.3393, 0.0027
0.3393, 0.0027
0.3393, 0.0027
0.3393, 0.0027
0.3393, 0.0027
0.3393, 0.0027
0.3393, 0.0027
0.3393, 0.0027
0.3348, 0.0027
0.3348, 0.0027
0.3348, 0.0027
0.3348, 0.0027
0.3348, 0.0027
0.3348, 0.0027
0.3348, 0.0027
0.3304, 0.0027
0.3304, 0.0027
0.3304, 0.0027
0.3304, 0.0027
0.3304, 0.0027
0.3304, 0.0027
0.3304, 0.0027
0.3304, 0.0027
0.3304, 0.0027
0.3304, 0.0027
0.3304, 0.0027
0.3304, 0.0027
0.3304, 0.0027
0.3304, 0.0027
0.3304, 0.0027
0.3304, 0.0027
0.3304, 0.0027
0.3259, 0.0027
0.3259, 0.0027
0.3259, 0.0027
0.3259, 0.0027
0.3259, 0.0027
0.3259, 0.0027
0.3259, 0.0027
0.3259, 0.0027
0.3259, 0.0027
0.3259, 0.0027
0.3214, 0.0027
0.3214, 0.0027
0.3214, 0.0027
0.3214, 0.0027
0.3214, 0.0027
0.3214, 0.0027
0.3214, 0.0027
0.3214, 0.0027
0.3214, 0.0027
0.3214, 0.0027
0.3214, 0.0027
0.3170, 0.0027
0.3170, 0.0027
0.3170, 0.0027
0.3170, 0.0027
0.3170, 0.0027
0.3170, 0.0027
0.3170, 0.0027
0.3170, 0.0027
0.3170, 0.0027
0.3170, 0.0027
0.3170, 0.0027
0.3170, 0.0027
0.3170, 0.0027
0.3170, 0.0027
0.3170, 0.0027
0.3170, 0.0027
0.3170, 0.0027
0.3170, 0.0027
0.3170, 0.0027
0.3170, 0.0027
0.3170, 0.0027
0.3170, 0.0027
0.3125, 0.0027
0.3125, 0.0027
0.3125, 0.0027
0.3125, 0.0027
0.3125, 0.0027
0.3125, 0.0027
0.3125, 0.0027
0.3080, 0.0027
0.3080, 0.0027
0.3080, 0.0027
0.3080, 0.0027
0.3080, 0.0027
0.3080, 0.0027
0.3080, 0.0027
0.3080, 0.0027
0.3080, 0.0027
0.3080, 0.0027
0.3080, 0.0027
0.3080, 0.0027
0.3080, 0.0027
0.3080, 0.0027
0.3080, 0.0027
0.3080, 0.0027
0.3080, 0.0027
0.3080, 0.0027
0.3080, 0.0027
0.3080, 0.0027
0.3036, 0.0027
0.3036, 0.0027
0.3036, 0.0027
0.3036, 0.0027
0.3036, 0.0027
0.3036, 0.0027
0.3036, 0.0027
0.3036, 0.0027
0.3036, 0.0027
0.3036, 0.0027
0.2991, 0.0027
0.2991, 0.0027
0.2991, 0.0027
0.2991, 0.0027
0.2991, 0.0027
0.2991, 0.0027
0.2991, 0.0027
0.2991, 0.0027
0.2991, 0.0027
0.2991, 0.0027
0.2991, 0.0027
0.2946, 0.0027
0.2946, 0.0027
0.2946, 0.0027
0.2946, 0.0027
0.2946, 0.0027
0.2946, 0.0027
0.2946, 0.0027
0.2946, 0.0027
0.2946, 0.0027
0.2946, 0.0027
0.2946, 0.0027
0.2946, 0.0027
0.2946, 0.0027
0.2946, 0.0027
0.2946, 0.0027
0.2946, 0.0027
0.2946, 0.0027
0.2946, 0.0027
0.2902, 0.0027
0.2902, 0.0027
0.2902, 0.0027
0.2902, 0.0027
0.2902, 0.0027
0.2902, 0.0027
0.2902, 0.0027
0.2902, 0.0027
0.2902, 0.0027
0.2902, 0.0027
0.2902, 0.0027
0.2902, 0.0027
0.2902, 0.0027
0.2902, 0.0027
0.2857, 0.0027
0.2857, 0.0027
0.2857, 0.0027
0.2857, 0.0027
0.2857, 0.0027
0.2857, 0.0027
0.2857, 0.0027
0.2857, 0.0027
0.2857, 0.0027
0.2857, 0.0027
0.2857, 0.0027
0.2857, 0.0027
0.2857, 0.0027
0.2857, 0.0027
0.2857, 0.0027
0.2857, 0.0027
0.2857, 0.0027
0.2857, 0.0027
0.2857, 0.0027
0.2857, 0.0027
0.2857, 0.0027
0.2857, 0.0027
0.2857, 0.0027
0.2857, 0.0027
0.2813, 0.0027
0.2813, 0.0027
0.2813, 0.0027
0.2813, 0.0027
0.2813, 0.0027
0.2813, 0.0027
0.2813, 0.0027
0.2813, 0.0027
0.2813, 0.0027
0.2813, 0.0027
0.2768, 0.0027
0.2768, 0.0027
0.2768, 0.0027
0.2768, 0.0027
0.2768, 0.0027
0.2768, 0.0027
0.2768, 0.0027
0.2723, 0.0027
0.2723, 0.0027
0.2723, 0.0027
0.2723, 0.0027
0.2723, 0.0027
0.2723, 0.0027
0.2723, 0.0027
0.2723, 0.0027
0.2723, 0.0027
0.2723, 0.0027
0.2723, 0.0027
0.2723, 0.0027
0.2723, 0.0027
0.2723, 0.0027
0.2723, 0.0027
0.2723, 0.0027
0.2723, 0.0027
0.2679, 0.0027
0.2679, 0.0027
0.2679, 0.0027
0.2679, 0.0027
0.2679, 0.0027
0.2679, 0.0027
0.2679, 0.0027
0.2679, 0.0027
0.2679, 0.0027
0.2679, 0.0027
0.2634, 0.0027
0.2634, 0.0027
0.2634, 0.0027
0.2634, 0.0027
0.2634, 0.0027
0.2634, 0.0027
0.2634, 0.0027
0.2634, 0.0027
0.2634, 0.0027
0.2634, 0.0027
0.2634, 0.0027
0.2589, 0.0027
0.2589, 0.0027
0.2589, 0.0027
0.2589, 0.0027
0.2589, 0.0027
0.2589, 0.0027
0.2589, 0.0027
0.2589, 0.0027
0.2589, 0.0027
0.2589, 0.0027
0.2545, 0.0054
0.2545, 0.0054
0.2545, 0.0054
0.2545, 0.0054
0.2545, 0.0054
0.2545, 0.0054
0.2500, 0.0054
0.2500, 0.0054
0.2500, 0.0054
0.2500, 0.0054
0.2500, 0.0054
0.2500, 0.0054
0.2500, 0.0054
0.2500, 0.0054
0.2500, 0.0054
0.2500, 0.0054
0.2500, 0.0054
0.2500, 0.0054
0.2500, 0.0054
0.2500, 0.0054
0.2455, 0.0054
0.2455, 0.0054
0.2455, 0.0054
0.2455, 0.0080
0.2455, 0.0080
0.2455, 0.0080
0.2411, 0.0080
0.2411, 0.0080
0.2411, 0.0080
0.2411, 0.0080
0.2411, 0.0080
0.2411, 0.0080
0.2411, 0.0080
0.2411, 0.0080
0.2411, 0.0080
0.2411, 0.0080
0.2411, 0.0080
0.2411, 0.0080
0.2411, 0.0080
0.2366, 0.0080
0.2366, 0.0080
0.2366, 0.0080
0.2366, 0.0080
0.2366, 0.0080
0.2366, 0.0080
0.2366, 0.0080
0.2321, 0.0080
0.2321, 0.0080
0.2321, 0.0107
0.2321, 0.0107
0.2321, 0.0107
0.2321, 0.0107
0.2321, 0.0107
0.2321, 0.0107
0.2277, 0.0107
0.2277, 0.0107
0.2277, 0.0107
0.2277, 0.0107
0.2277, 0.0107
0.2277, 0.0107
0.2232, 0.0134
0.2232, 0.0134
0.2232, 0.0134
0.2232, 0.0134
0.2232, 0.0134
0.2232, 0.0134
0.2187, 0.0134
0.2187, 0.0134
0.2187, 0.0134
0.2187, 0.0134
0.2187, 0.0134
0.2187, 0.0134
0.2187, 0.0134
0.2187, 0.0134
0.2187, 0.0134
0.2187, 0.0134
0.2187, 0.0134
0.2187, 0.0134
0.2187, 0.0134
0.2143, 0.0134
0.2143, 0.0134
0.2143, 0.0134
0.2143, 0.0161
0.2143, 0.0161
0.2143, 0.0161
0.2098, 0.0161
0.2098, 0.0161
0.2098, 0.0161
0.2098, 0.0161
0.2098, 0.0161
0.2098, 0.0161
0.2098, 0.0161
0.2098, 0.0161
0.2098, 0.0161
0.2098, 0.0161
0.2098, 0.0161
0.2098, 0.0188
0.2098, 0.0188
0.2098, 0.0188
0.2098, 0.0188
0.2098, 0.0188
0.2098, 0.0188
0.2098, 0.0188
0.2098, 0.0188
0.2098, 0.0188
0.2054, 0.0214
0.2054, 0.0214
0.2054, 0.0214
0.2054, 0.0214
0.2054, 0.0214
0.2054, 0.0214
0.2054, 0.0214
0.2054, 0.0214
0.2054, 0.0214
0.2054, 0.0214
0.2009, 0.0214
0.2009, 0.0214
0.2009, 0.0214
0.2009, 0.0214
0.2009, 0.0214
0.2009, 0.0214
0.2009, 0.0214
0.2009, 0.0214
0.2009, 0.0214
0.2009, 0.0214
0.1964, 0.0241
0.1964, 0.0241
0.1964, 0.0241
0.1964, 0.0241
0.1964, 0.0241
0.1964, 0.0241
0.1964, 0.0241
0.1964, 0.0241
0.1964, 0.0241
0.1964, 0.0241
0.1964, 0.0268
0.1964, 0.0268
0.1964, 0.0268
0.1964, 0.0268
0.1964, 0.0268
0.1964, 0.0268
0.1920, 0.0268
0.1920, 0.0268
0.1920, 0.0268
0.1920, 0.0268
0.1920, 0.0268
0.1920, 0.0268
0.1920, 0.0268
0.1920, 0.0268
0.1920, 0.0268
0.1920, 0.0268
0.1875, 0.0295
0.1875, 0.0295
0.1875, 0.0295
0.1875, 0.0295
0.1875, 0.0295
0.1875, 0.0295
0.1875, 0.0295
0.1875, 0.0295
0.1875, 0.0295
0.1875, 0.0295
0.1875, 0.0322
0.1875, 0.0322
0.1875, 0.0322
0.1875, 0.0322
0.1875, 0.0322
0.1875, 0.0322
0.1875, 0.0322
0.1875, 0.0322
0.1875, 0.0322
0.1875, 0.0322
0.1875, 0.0349
0.1875, 0.0349
0.1875, 0.0349
0.1830, 0.0349
0.1830, 0.0349
0.1830, 0.0349
0.1830, 0.0349
0.1830, 0.0349
0.1830, 0.0349
0.1830, 0.0349
0.1830, 0.0349
0.1830, 0.0349
0.1786, 0.0349
0.1786, 0.0349
0.1786, 0.0349
0.1786, 0.0349
0.1786, 0.0375
0.1786, 0.0375
0.1786, 0.0375
0.1786, 0.0375
0.1786, 0.0375
0.1786, 0.0375
0.1786, 0.0402
0.1786, 0.0402
0.1786, 0.0402
0.1741, 0.0402
0.1741, 0.0402
0.1741, 0.0402
0.1741, 0.0402
0.1741, 0.0402
0.1741, 0.0402
0.1741, 0.0402
0.1741, 0.0402
0.1741, 0.0402
0.1741, 0.0402
0.1741, 0.0402
0.1741, 0.0402
0.1741, 0.0402
0.1741, 0.0429
0.1741, 0.0429
0.1741, 0.0429
0.1741, 0.0429
0.1741, 0.0429
0.1741, 0.0456
0.1741, 0.0456
0.1741, 0.0456
0.1741, 0.0456
0.1741, 0.0456
0.1741, 0.0456
0.1741, 0.0456
0.1741, 0.0456
0.1741, 0.0456
0.1741, 0.0456
0.1696, 0.0483
0.1696, 0.0483
0.1696, 0.0483
0.1696, 0.0483
0.1696, 0.0483
0.1696, 0.0483
0.1696, 0.0483
0.1696, 0.0483
0.1696, 0.0483
0.1696, 0.0483
0.1696, 0.0483
0.1696, 0.0483
0.1696, 0.0483
0.1652, 0.0509
0.1652, 0.0509
0.1652, 0.0509
0.1652, 0.0509
0.1652, 0.0509
0.1652, 0.0509
0.1652, 0.0536
0.1652, 0.0536
0.1652, 0.0536
0.1652, 0.0536
0.1652, 0.0536
0.1652, 0.0536
0.1652, 0.0536
0.1652, 0.0536
0.1652, 0.0536
0.1652, 0.0536
0.1652, 0.0536
0.1652, 0.0536
0.1652, 0.0536
0.1652, 0.0563
0.1652, 0.0563
0.1652, 0.0563
0.1652, 0.0563
0.1652, 0.0563
0.1652, 0.0563
0.1652, 0.0563
0.1652, 0.0590
0.1652, 0.0590
0.1652, 0.0590
0.1652, 0.0590
0.1652, 0.0590
0.1652, 0.0590
0.1652, 0.0617
0.1652, 0.0617
0.1652, 0.0617
0.1652, 0.0617
0.1652, 0.0617
0.1652, 0.0617
0.1607, 0.0617
0.1607, 0.0617
0.1607, 0.0617
0.1607, 0.0617
0.1607, 0.0617
0.1607, 0.0617
0.1607, 0.0643
0.1607, 0.0643
0.1607, 0.0643
0.1607, 0.0643
0.1607, 0.0643
0.1607, 0.0643
0.1607, 0.0643
0.1607, 0.0670
0.1607, 0.0670
0.1607, 0.0670
0.1607, 0.0670
0.1607, 0.0670
0.1607, 0.0670
0.1563, 0.0670
0.1563, 0.0670
0.1563, 0.0670
0.1563, 0.0697
0.1563, 0.0697
0.1563, 0.0697
0.1563, 0.0724
0.1563, 0.0724
0.1563, 0.0724
0.1563, 0.0724
0.1563, 0.0724
0.1563, 0.0724
0.1563, 0.0751
0.1563, 0.0751
0.1563, 0.0751
0.1563, 0.0751
0.1563, 0.0751
0.1563, 0.0751
0.1563, 0.0751
0.1563, 0.0751
0.1563, 0.0751
0.1563, 0.0751
0.1563, 0.0777
0.1563, 0.0777
0.1563, 0.0777
0.1563, 0.0777
0.1563, 0.0777
0.1563, 0.0777
0.1518, 0.0804
0.1518, 0.0804
0.1518, 0.0804
0.1518, 0.0804
0.1518, 0.0804
0.1518, 0.0804
0.1518, 0.0804
0.1518, 0.0804
0.1518, 0.0804
0.1518, 0.0804
0.1518, 0.0831
0.1518, 0.0831
0.1518, 0.0831
0.1518, 0.0858
0.1518, 0.0858
0.1518, 0.0858
0.1518, 0.0858
0.1518, 0.0858
0.1518, 0.0858
0.1518, 0.0858
0.1518, 0.0858
0.1518, 0.0858
0.1518, 0.0858
0.1518, 0.0858
0.1518, 0.0858
0.1518, 0.0885
0.1518, 0.0885
0.1518, 0.0885
0.1518, 0.0912
0.1518, 0.0912
0.1518, 0.0912
0.1518, 0.0912
0.1518, 0.0912
0.1518, 0.0912
0.1518, 0.0912
0.1518, 0.0938
0.1518, 0.0938
0.1518, 0.0938
0.1518, 0.0938
0.1518, 0.0938
0.1518, 0.0938
0.1518, 0.0938
0.1518, 0.0938
0.1518, 0.0938
0.1518, 0.0938
0.1518, 0.0965
0.1518, 0.0965
0.1518, 0.0965
0.1518, 0.0965
0.1518, 0.0965
0.1518, 0.0965
0.1518, 0.0992
0.1518, 0.0992
0.1518, 0.0992
0.1518, 0.0992
0.1518, 0.0992
0.1518, 0.0992
0.1518, 0.0992
0.1518, 0.0992
0.1518, 0.0992
0.1518, 0.1019
0.1518, 0.1019
0.1518, 0.1019
0.1518, 0.1046
0.1518, 0.1046
0.1518, 0.1046
0.1518, 0.1046
0.1518, 0.1046
0.1518, 0.1046
0.1518, 0.1072
0.1518, 0.1072
0.1518, 0.1072
0.1518, 0.1072
0.1518, 0.1072
0.1518, 0.1072
0.1518, 0.1072
0.1518, 0.1072
0.1518, 0.1072
0.1518, 0.1072
0.1518, 0.1099
0.1518, 0.1099
0.1518, 0.1099
0.1518, 0.1099
0.1518, 0.1099
0.1518, 0.1099
0.1518, 0.1126
0.1518, 0.1126
0.1518, 0.1126
0.1518, 0.1126
0.1518, 0.1126
0.1518, 0.1126
0.1518, 0.1153
0.1518, 0.1153
0.1518, 0.1153
0.1518, 0.1153
0.1518, 0.1153
0.1518, 0.1153
0.1518, 0.1180
0.1518, 0.1180
0.1518, 0.1180
0.1518, 0.1206
0.1518, 0.1206
0.1518, 0.1206
0.1518, 0.1206
0.1518, 0.1206
0.1518, 0.1206
0.1518, 0.1206
0.1518, 0.1206
0.1518, 0.1206
0.1518, 0.1233
0.1518, 0.1233
0.1518, 0.1233
0.1518, 0.1233
0.1518, 0.1233
0.1518, 0.1233
0.1518, 0.1260
0.1518, 0.1260
0.1518, 0.1260
0.1518, 0.1260
0.1518, 0.1260
0.1518, 0.1260
0.1518, 0.1260
0.1518, 0.1260
0.1518, 0.1260
0.1518, 0.1260
0.1518, 0.1287
0.1518, 0.1287
0.1518, 0.1287
0.1518, 0.1287
0.1518, 0.1287
0.1518, 0.1287
0.1518, 0.1314
0.1518, 0.1314
0.1518, 0.1314
0.1518, 0.1340
0.1518, 0.1340
0.1518, 0.1340
0.1518, 0.1340
0.1518, 0.1340
0.1518, 0.1340
0.1518, 0.1340
0.1518, 0.1340
0.1518, 0.1340
0.1518, 0.1340
0.1518, 0.1340
0.1518, 0.1340
0.1563, 0.1367
0.1563, 0.1367
0.1563, 0.1367
0.1563, 0.1394
0.1563, 0.1394
0.1563, 0.1394
0.1563, 0.1394
0.1563, 0.1394
0.1563, 0.1394
0.1563, 0.1394
0.1563, 0.1394
0.1563, 0.1394
0.1563, 0.1421
0.1563, 0.1421
0.1563, 0.1421
0.1563, 0.1448
0.1563, 0.1448
0.1563, 0.1448
0.1607, 0.1448
0.1607, 0.1448
0.1607, 0.1448
0.1607, 0.1475
0.1607, 0.1475
0.1607, 0.1475
0.1607, 0.1475
0.1607, 0.1475
0.1607, 0.1475
0.1607, 0.1475
0.1607, 0.1475
0.1607, 0.1475
0.1607, 0.1475
0.1607, 0.1475
0.1607, 0.1475
0.1607, 0.1475
0.1607, 0.1475
0.1607, 0.1475
0.1607, 0.1475
0.1607, 0.1501
0.1607, 0.1501
0.1607, 0.1501
0.1607, 0.1501
0.1607, 0.1501
0.1607, 0.1528
0.1607, 0.1528
0.1607, 0.1528
0.1607, 0.1528
0.1607, 0.1528
0.1607, 0.1528
0.1607, 0.1528
0.1607, 0.1528
0.1607, 0.1528
0.1607, 0.1528
0.1607, 0.1528
0.1607, 0.1528
0.1607, 0.1528
0.1607, 0.1555
0.1607, 0.1555
0.1607, 0.1555
0.1607, 0.1555
0.1607, 0.1555
0.1607, 0.1555
0.1652, 0.1582
0.1652, 0.1582
0.1652, 0.1582
0.1652, 0.1582
0.1652, 0.1582
0.1652, 0.1582
0.1652, 0.1609
0.1652, 0.1609
0.1652, 0.1609
0.1652, 0.1609
0.1652, 0.1609
0.1652, 0.1609
0.1652, 0.1609
0.1652, 0.1609
0.1652, 0.1609
0.1652, 0.1609
0.1652, 0.1609
0.1652, 0.1609
0.1652, 0.1609
0.1652, 0.1635
0.1652, 0.1635
0.1652, 0.1635
0.1696, 0.1635
0.1696, 0.1635
0.1696, 0.1635
0.1696, 0.1662
0.1696, 0.1662
0.1696, 0.1662
0.1696, 0.1662
0.1696, 0.1662
0.1696, 0.1662
0.1696, 0.1662
0.1696, 0.1662
0.1696, 0.1662
0.1696, 0.1662
0.1696, 0.1662
0.1696, 0.1662
0.1696, 0.1689
0.1696, 0.1689
0.1696, 0.1689
0.1696, 0.1689
0.1696, 0.1689
0.1696, 0.1689
0.1696, 0.1716
0.1696, 0.1716
0.1696, 0.1716
0.1696, 0.1716
0.1696, 0.1716
0.1696, 0.1743
0.1696, 0.1743
0.1696, 0.1743
0.1741, 0.1743
0.1741, 0.1743
0.1741, 0.1743
0.1741, 0.1769
0.1741, 0.1769
0.1741, 0.1769
0.1741, 0.1769
0.1741, 0.1769
0.1741, 0.1769
0.1741, 0.1796
0.1741, 0.1796
0.1741, 0.1796
0.1741, 0.1796
0.1741, 0.1796
0.1741, 0.1796
0.1741, 0.1796
0.1741, 0.1796
0.1741, 0.1796
0.1786, 0.1823
0.1786, 0.1823
0.1786, 0.1823
0.1786, 0.1823
0.1786, 0.1823
0.1786, 0.1823
0.1786, 0.1850
0.1786, 0.1850
0.1786, 0.1850
0.1786, 0.1850
0.1786, 0.1850
0.1786, 0.1850
0.1786, 0.1850
0.1786, 0.1850
0.1830, 0.1877
0.1830, 0.1877
0.1830, 0.1877
0.1830, 0.1877
0.1830, 0.1877
0.1830, 0.1877
0.1830, 0.1903
0.1830, 0.1903
0.1830, 0.1903
0.1830, 0.1903
0.1830, 0.1903
0.1830, 0.1903
0.1830, 0.1930
0.1830, 0.1930
0.1830, 0.1930
0.1830, 0.1930
0.1830, 0.1930
0.1830, 0.1930
0.1830, 0.1930
0.1830, 0.1930
0.1830, 0.1930
0.1830, 0.1930
0.1830, 0.1930
0.1830, 0.1930
0.1830, 0.1930
0.1830, 0.1930
0.1830, 0.1957
0.1830, 0.1957
0.1830, 0.1957
0.1830, 0.1957
0.1830, 0.1957
0.1830, 0.1957
0.1830, 0.1984
0.1830, 0.1984
0.1830, 0.1984
0.1830, 0.1984
0.1830, 0.1984
0.1830, 0.1984
0.1830, 0.1984
0.1830, 0.1984
0.1830, 0.1984
0.1875, 0.2011
0.1875, 0.2011
0.1875, 0.2011
0.1875, 0.2011
0.1875, 0.2011
0.1875, 0.2011
0.1875, 0.2038
0.1875, 0.2038
0.1875, 0.2038
0.1875, 0.2038
0.1875, 0.2038
0.1875, 0.2038
0.1875, 0.2064
0.1875, 0.2064
0.1875, 0.2064
0.1875, 0.2064
0.1875, 0.2064
0.1875, 0.2064
0.1920, 0.2064
0.1920, 0.2064
0.1920, 0.2064
0.1920, 0.2064
0.1920, 0.2064
0.1920, 0.2064
0.1920, 0.2091
0.1920, 0.2091
0.1920, 0.2091
0.1920, 0.2091
0.1920, 0.2091
0.1920, 0.2091
0.1920, 0.2091
0.1920, 0.2091
0.1920, 0.2091
0.1920, 0.2118
0.1920, 0.2118
0.1920, 0.2118
0.1920, 0.2118
0.1920, 0.2118
0.1920, 0.2118
0.1920, 0.2118
0.1920, 0.2118
0.1920, 0.2118
0.1920, 0.2118
0.1920, 0.2118
0.1920, 0.2118
0.1920, 0.2145
0.1920, 0.2145
0.1920, 0.2145
0.1920, 0.2145
0.1920, 0.2145
0.1920, 0.2145
0.1920, 0.2145
0.1920, 0.2145
0.1920, 0.2172
0.1920, 0.2172
0.1920, 0.2172
0.1920, 0.2172
0.1920, 0.2172
0.1920, 0.2172
0.1920, 0.2198
0.1920, 0.2198
0.1920, 0.2198
0.1920, 0.2198
0.1920, 0.2198
0.1920, 0.2198
0.1920, 0.2198
0.1920, 0.2198
0.1920, 0.2198
0.1964, 0.2198
0.1964, 0.2198
0.1964, 0.2225
0.1964, 0.2225
0.1964, 0.2225
0.1964, 0.2225
0.1964, 0.2225
0.1964, 0.2225
0.1964, 0.2252
0.1964, 0.2252
0.1964, 0.2252
0.1964, 0.2252
0.1964, 0.2252
0.1964, 0.2252
0.1964, 0.2252
0.1964, 0.2252
0.1964, 0.2252
0.2009, 0.2252
0.2009, 0.2252
0.2009, 0.2252
0.2009, 0.2279
0.2009, 0.2279
0.2009, 0.2279
0.2009, 0.2306
0.2009, 0.2306
0.2009, 0.2306
0.2009, 0.2306
0.2009, 0.2306
0.2009, 0.2306
0.2009, 0.2332
0.2009, 0.2332
0.2009, 0.2332
0.2054, 0.2332
0.2054, 0.2332
0.2054, 0.2332
0.2054, 0.2332
0.2054, 0.2332
0.2054, 0.2359
0.2054, 0.2359
0.2054, 0.2359
0.2054, 0.2359
0.2054, 0.2359
0.2054, 0.2359
0.2054, 0.2386
0.2054, 0.2386
0.2054, 0.2386
0.2054, 0.2386
0.2054, 0.2386
0.2054, 0.2386
0.2054, 0.2386
0.2054, 0.2386
0.2054, 0.2386
0.2054, 0.2386
0.2054, 0.2386
0.2054, 0.2386
0.2054, 0.2413
0.2054, 0.2413
0.2054, 0.2413
0.2054, 0.2413
0.2054, 0.2413
0.2054, 0.2413
0.2054, 0.2440
0.2054, 0.2440
0.2054, 0.2440
0.2054, 0.2440
0.2054, 0.2440
0.2054, 0.2440
0.2054, 0.2466
0.2054, 0.2466
0.2054, 0.2466
0.2098, 0.2466
0.2098, 0.2466
0.2098, 0.2466
0.2098, 0.2466
0.2098, 0.2466
0.2098, 0.2466
0.2098, 0.2466
0.2098, 0.2466
0.2098, 0.2466
0.2098, 0.2466
0.2098, 0.2466
0.2098, 0.2466
0.2098, 0.2493
0.2098, 0.2493
0.2098, 0.2493
0.2098, 0.2493
0.2098, 0.2493
0.2098, 0.2520
0.2098, 0.2520
0.2098, 0.2520
0.2098, 0.2520
0.2098, 0.2520
0.2098, 0.2520
0.2143, 0.2520
0.2143, 0.2520
0.2143, 0.2520
0.2143, 0.2520
0.2143, 0.2520
0.2143, 0.2520
0.2143, 0.2520
0.2143, 0.2520
0.2143, 0.2520
0.2143, 0.2547
0.2143, 0.2547
0.2143, 0.2547
0.2143, 0.2547
0.2143, 0.2547
0.2143, 0.2547
0.2143, 0.2547
0.2143, 0.2547
0.2143, 0.2547
0.2143, 0.2574
0.2143, 0.2574
0.2143, 0.2574
0.2143, 0.2574
0.2143, 0.2574
0.2143, 0.2574
0.2143, 0.2574
0.2143, 0.2574
0.2143, 0.2574
0.2143, 0.2574
0.2143, 0.2574
0.2143, 0.2574
0.2143, 0.2574
0.2143, 0.2574
0.2143, 0.2601
0.2143, 0.2601
0.2143, 0.2601
0.2143, 0.2601
0.2143, 0.2601
0.2143, 0.2601
0.2187, 0.2627
0.2187, 0.2627
0.2187, 0.2627
0.2187, 0.2627
0.2187, 0.2627
0.2187, 0.2627
0.2187, 0.2627
0.2187, 0.2627
0.2187, 0.2627
0.2187, 0.2654
0.2187, 0.2654
0.2187, 0.2654
0.2187, 0.2654
0.2187, 0.2654
0.2187, 0.2654
0.2187, 0.2654
0.2187, 0.2654
0.2187, 0.2654
0.2187, 0.2654
0.2187, 0.2654
0.2187, 0.2654
0.2232, 0.2654
0.2232, 0.2654
0.2232, 0.2681
0.2232, 0.2681
0.2232, 0.2681
0.2232, 0.2681
0.2232, 0.2681
0.2232, 0.2681
0.2232, 0.2708
0.2232, 0.2708
0.2232, 0.2708
0.2232, 0.2708
0.2232, 0.2708
0.2232, 0.2708
0.2277, 0.2708
0.2277, 0.2708
0.2277, 0.2708
0.2277, 0.2708
0.2277, 0.2708
0.2277, 0.2708
0.2277, 0.2708
0.2277, 0.2708
0.2277, 0.2708
0.2277, 0.2735
0.2277, 0.2735
0.2277, 0.2735
0.2277, 0.2735
0.2277, 0.2735
0.2277, 0.2761
0.2277, 0.2761
0.2277, 0.2761
0.2277, 0.2761
0.2277, 0.2761
0.2277, 0.2761
0.2277, 0.2761
0.2277, 0.2761
0.2277, 0.2788
0.2277, 0.2788
0.2277, 0.2788
0.2277, 0.2788
0.2277, 0.2788
0.2277, 0.2788
0.2277, 0.2788
0.2277, 0.2788
0.2277, 0.2788
0.2321, 0.2788
0.2321, 0.2788
0.2321, 0.2788
0.2321, 0.2815
0.2321, 0.2815
0.2321, 0.2815
0.2321, 0.2815
0.2321, 0.2815
0.2321, 0.2815
0.2321, 0.2815
0.2321, 0.2815
0.2321, 0.2842
0.2321, 0.2842
0.2321, 0.2842
0.2366, 0.2842
0.2366, 0.2842
0.2366, 0.2842
0.2366, 0.2842
0.2366, 0.2842
0.2366, 0.2842
0.2366, 0.2842
0.2366, 0.2842
0.2366, 0.2869
0.2366, 0.2869
0.2366, 0.2869
0.2366, 0.2869
0.2366, 0.2869
0.2366, 0.2869
0.2366, 0.2869
0.2366, 0.2869
0.2366, 0.2869
0.2366, 0.2895
0.2366, 0.2895
0.2366, 0.2895
0.2366, 0.2895
0.2366, 0.2895
0.2366, 0.2895
0.2366, 0.2922
0.2366, 0.2922
0.2366, 0.2922
0.2366, 0.2922
0.2366, 0.2922
0.2366, 0.2922
0.2366, 0.2922
0.2366, 0.2922
0.2366, 0.2922
0.2366, 0.2922
0.2366, 0.2922
0.2411, 0.2922
0.2411, 0.2922
0.2411, 0.2922
0.2411, 0.2922
0.2411, 0.2922
0.2411, 0.2922
0.2411, 0.2922
0.2411, 0.2922
0.2411, 0.2922
0.2411, 0.2949
0.2411, 0.2949
0.2411, 0.2949
0.2411, 0.2949
0.2411, 0.2949
0.2455, 0.2949
0.2455, 0.2949
0.2455, 0.2949
0.2455, 0.2976
0.2455, 0.2976
0.2455, 0.2976
0.2455, 0.2976
0.2455, 0.2976
0.2455, 0.2976
0.2455, 0.2976
0.2455, 0.2976
0.2455, 0.3003
0.2455, 0.3003
0.2455, 0.3003
0.2455, 0.3003
0.2455, 0.3003
0.2455, 0.3003
0.2500, 0.3029
0.2500, 0.3029
0.2500, 0.3029
0.2500, 0.3029
0.2500, 0.3029
0.2500, 0.3029
0.2500, 0.3056
0.2500, 0.3056
0.2500, 0.3056
0.2500, 0.3056
0.2500, 0.3056
0.2500, 0.3056
0.2500, 0.3056
0.2500, 0.3056
0.2545, 0.3056
0.2545, 0.3056
0.2545, 0.3056
0.2545, 0.3056
0.2545, 0.3056
0.2545, 0.3056
0.2545, 0.3056
0.2545, 0.3056
0.2545, 0.3056
0.2545, 0.3056
0.2545, 0.3056
0.2545, 0.3083
0.2545, 0.3083
0.2589, 0.3083
0.2589, 0.3083
0.2589, 0.3083
0.2589, 0.3110
0.2589, 0.3110
0.2589, 0.3110
0.2589, 0.3110
0.2589, 0.3110
0.2589, 0.3110
0.2589, 0.3110
0.2589, 0.3110
0.2589, 0.3110
0.2589, 0.3110
0.2589, 0.3110
0.2589, 0.3137
0.2589, 0.3137
0.2589, 0.3137
0.2634, 0.3164
0.2634, 0.3164
0.2634, 0.3164
0.2634, 0.3164
0.2634, 0.3164
0.2634, 0.3190
0.2634, 0.3190
0.2634, 0.3190
0.2679, 0.3190
0.2679, 0.3190
0.2679, 0.3190
0.2679, 0.3190
0.2679, 0.3190
0.2679, 0.3190
0.2679, 0.3190
0.2679, 0.3190
0.2679, 0.3217
0.2679, 0.3217
0.2679, 0.3217
0.2679, 0.3217
0.2679, 0.3217
0.2679, 0.3217
0.2679, 0.3217
0.2679, 0.3217
0.2679, 0.3217
0.2679, 0.3244
0.2679, 0.3244
0.2679, 0.3244
0.2679, 0.3244
0.2679, 0.3244
0.2723, 0.3244
0.2723, 0.3244
0.2723, 0.3244
0.2723, 0.3244
0.2723, 0.3244
0.2723, 0.3271
0.2723, 0.3271
0.2723, 0.3271
0.2768, 0.3271
0.2768, 0.3271
0.2768, 0.3298
0.2768, 0.3298
0.2768, 0.3298
0.2768, 0.3324
0.2768, 0.3324
0.2768, 0.3324
0.2813, 0.3324
0.2813, 0.3324
0.2813, 0.3324
0.2813, 0.3324
0.2813, 0.3324
0.2813, 0.3324
0.2813, 0.3324
0.2813, 0.3324
0.2813, 0.3351
0.2813, 0.3351
0.2813, 0.3351
0.2813, 0.3351
0.2813, 0.3351
0.2813, 0.3351
0.2813, 0.3351
0.2813, 0.3351
0.2857, 0.3378
0.2857, 0.3378
0.2857, 0.3378
0.2857, 0.3378
0.2857, 0.3378
0.2857, 0.3378
0.2857, 0.3378
0.2857, 0.3378
0.2857, 0.3378
0.2902, 0.3405
0.2902, 0.3405
0.2902, 0.3405
0.2902, 0.3405
0.2902, 0.3405
0.2902, 0.3432
0.2902, 0.3432
0.2902, 0.3432
0.2902, 0.3432
0.2902, 0.3432
0.2902, 0.3432
0.2902, 0.3432
0.2902, 0.3432
0.2946, 0.3432
0.2946, 0.3432
0.2946, 0.3432
0.2946, 0.3458
0.2946, 0.3458
0.2946, 0.3458
0.2946, 0.3458
0.2946, 0.3458
0.2946, 0.3458
0.2991, 0.3485
0.2991, 0.3485
0.2991, 0.3485
0.2991, 0.3485
0.2991, 0.3485
0.2991, 0.3512
0.2991, 0.3512
0.2991, 0.3512
0.3036, 0.3512
0.3036, 0.3512
0.3036, 0.3512
0.3036, 0.3512
0.3036, 0.3512
0.3036, 0.3512
0.3036, 0.3512
0.3036, 0.3512
0.3036, 0.3512
0.3036, 0.3512
0.3036, 0.3539
0.3036, 0.3539
0.3036, 0.3539
0.3036, 0.3539
0.3036, 0.3539
0.3036, 0.3539
0.3036, 0.3566
0.3036, 0.3566
0.3080, 0.3566
0.3080, 0.3566
0.3080, 0.3566
0.3080, 0.3566
0.3080, 0.3566
0.3080, 0.3566
0.3080, 0.3566
0.3080, 0.3566
0.3080, 0.3566
0.3125, 0.3566
0.3125, 0.3566
0.3125, 0.3566
0.3125, 0.3566
0.3125, 0.3566
0.3125, 0.3592
0.3125, 0.3592
0.3125, 0.3592
0.3125, 0.3592
0.3125, 0.3592
0.3125, 0.3619
0.3125, 0.3619
0.3125, 0.3619
0.3170, 0.3619
0.3170, 0.3619
0.3170, 0.3646
0.3170, 0.3646
0.3170, 0.3646
0.3214, 0.3646
0.3214, 0.3646
0.3214, 0.3646
0.3214, 0.3646
0.3214, 0.3646
0.3214, 0.3646
0.3214, 0.3646
0.3214, 0.3646
0.3259, 0.3646
0.3259, 0.3646
0.3259, 0.3646
0.3259, 0.3673
0.3259, 0.3673
0.3259, 0.3673
0.3259, 0.3673
0.3259, 0.3673
0.3259, 0.3673
0.3259, 0.3673
0.3259, 0.3673
0.3304, 0.3700
0.3304, 0.3700
0.3304, 0.3700
0.3304, 0.3700
0.3348, 0.3700
0.3348, 0.3700
0.3348, 0.3700
0.3348, 0.3700
0.3348, 0.3700
0.3348, 0.3700
0.3348, 0.3700
0.3348, 0.3727
0.3348, 0.3727
0.3348, 0.3727
0.3348, 0.3727
0.3393, 0.3753
0.3393, 0.3753
0.3438, 0.3753
0.3438, 0.3753
0.3438, 0.3753
0.3438, 0.3753
0.3482, 0.3780
0.3482, 0.3780
0.3482, 0.3780
0.3482, 0.3780
0.3482, 0.3780
0.3482, 0.3780
0.3482, 0.3780
0.3482, 0.3780
0.3482, 0.3780
0.3527, 0.3780
0.3527, 0.3780
0.3527, 0.3807
0.3527, 0.3807
0.3527, 0.3807
0.3527, 0.3807
0.3527, 0.3807
0.3571, 0.3807
0.3571, 0.3807
0.3571, 0.3807
0.3571, 0.3807
0.3571, 0.3834
0.3571, 0.3834
0.3571, 0.3834
0.3571, 0.3834
0.3571, 0.3834
0.3571, 0.3834
0.3571, 0.3834
0.3616, 0.3834
0.3616, 0.3834
0.3616, 0.3834
0.3616, 0.3834
0.3616, 0.3834
0.3661, 0.3861
0.3661, 0.3861
0.3661, 0.3861
0.3661, 0.3861
0.3705, 0.3861
0.3705, 0.3861
0.3705, 0.3887
0.3705, 0.3887
0.3705, 0.3887
0.3705, 0.3887
0.3705, 0.3887
0.3705, 0.3887
0.3705, 0.3887
0.3750, 0.3914
0.3750, 0.3914
0.3795, 0.3914
0.3795, 0.3914
0.3795, 0.3914
0.3795, 0.3914
0.3795, 0.3914
0.3795, 0.3914
0.3839, 0.3941
0.3839, 0.3941
0.3884, 0.3941
0.3884, 0.3941
0.3884, 0.3941
0.3884, 0.3941
0.3884, 0.3941
0.3884, 0.3968
0.3884, 0.3968
0.3884, 0.3968
0.3884, 0.3968
0.3929, 0.3968
0.3929, 0.3968
0.3973, 0.3968
0.3973, 0.3968
0.3973, 0.3968
0.3973, 0.3968
0.3973, 0.3968
0.3973, 0.3968
0.3973, 0.3968
0.4018, 0.3968
0.4018, 0.3968
0.4018, 0.3995
0.4018, 0.3995
0.4018, 0.3995
0.4018, 0.3995
0.4063, 0.3995
0.4063, 0.3995
0.4063, 0.4021
0.4063, 0.4021
0.4107, 0.4021
0.4107, 0.4021
0.4107, 0.4021
0.4107, 0.4021
0.4107, 0.4021
0.4152, 0.4048
0.4152, 0.4048
0.4196, 0.4048
0.4196, 0.4048
0.4196, 0.4048
0.4196, 0.4048
0.4241, 0.4048
0.4241, 0.4048
0.4241, 0.4048
0.4286, 0.4048
0.4330, 0.4075
0.4330, 0.4075
0.4375, 0.4075
0.4375, 0.4075
0.4464, 0.4102
0.4464, 0.4102
0.4509, 0.4102
0.4509, 0.4102
0.4509, 0.4102
0.4554, 0.4102
0.4554, 0.4102
0.4554, 0.4102
0.4554, 0.4102
0.4598, 0.4102
0.4598, 0.4102
0.4598, 0.4129
0.4598, 0.4129
0.4643, 0.4129
0.4643, 0.4129
0.4688, 0.4129
0.4688, 0.4129
0.4688, 0.4129
0.4688, 0.4129
0.4732, 0.4155
0.4732, 0.4155
0.4732, 0.4155
0.4732, 0.4155
0.4732, 0.4155
0.4777, 0.4155
0.4777, 0.4155
0.4777, 0.4182
0.4777, 0.4182
0.4821, 0.4182
0.4821, 0.4182
0.4866, 0.4182
0.4866, 0.4182
0.4866, 0.4182
0.4866, 0.4182
0.4866, 0.4182
0.4911, 0.4182
0.4911, 0.4182
0.4911, 0.4182
0.4911, 0.4182
0.4911, 0.4182
0.4911, 0.4182
0.4955, 0.4209
0.4955, 0.4209
0.5000, 0.4209
0.5000, 0.4209
0.5000, 0.4209
0.5000, 0.4209
0.5000, 0.4209
0.5000, 0.4209
0.5000, 0.4209
0.5045, 0.4236
0.5045, 0.4236
0.5089, 0.4236
0.5089, 0.4236
0.5134, 0.4236
0.5134, 0.4236
0.5134, 0.4236
0.5134, 0.4236
0.5179, 0.4236
0.5179, 0.4236
0.5223, 0.4263
0.5223, 0.4263
0.5223, 0.4263
0.5223, 0.4263
0.5268, 0.4263
0.5268, 0.4263
0.5268, 0.4263
0.5312, 0.4290
0.5312, 0.4290
0.5312, 0.4290
0.5312, 0.4290
0.5312, 0.4290
0.5312, 0.4290
0.5357, 0.4290
0.5357, 0.4290
0.5402, 0.4290
0.5402, 0.4290
0.5446, 0.4290
0.5446, 0.4290
0.5446, 0.4290
0.5446, 0.4290
0.5446, 0.4290
0.5491, 0.4316
0.5491, 0.4316
0.5491, 0.4316
0.5491, 0.4316
0.5536, 0.4316
0.5536, 0.4316
0.5536, 0.4316
0.5536, 0.4316
0.5580, 0.4343
0.5580, 0.4343
0.5580, 0.4343
0.5580, 0.4343
0.5625, 0.4343
0.5625, 0.4343
0.5670, 0.4343
0.5670, 0.4343
0.5670, 0.4370
0.5670, 0.4370
0.5670, 0.4370
0.5670, 0.4370
0.5670, 0.4370
0.5714, 0.4370
0.5714, 0.4370
0.5759, 0.4370
0.5759, 0.4370
0.5759, 0.4370
0.5759, 0.4370
0.5804, 0.4370
0.5804, 0.4370
0.5848, 0.4370
0.5848, 0.4370
0.5893, 0.4370
0.5893, 0.4370
0.5893, 0.4370
0.5893, 0.4370
0.5893, 0.4397
0.5893, 0.4397
0.5937, 0.4397
0.5937, 0.4397
0.5937, 0.4397
0.5937, 0.4397
0.5982, 0.4397
0.5982, 0.4397
0.5982, 0.4397
0.5982, 0.4397
0.5982, 0.4397
0.6027, 0.4424
0.6027, 0.4424
0.6071, 0.4424
0.6071, 0.4424
0.6116, 0.4424
0.6116, 0.4424
0.6116, 0.4424
0.6116, 0.4424
0.6116, 0.4424
0.6116, 0.4424
0.6161, 0.4424
0.6161, 0.4424
0.6205, 0.4424
0.6205, 0.4424
0.6205, 0.4424
0.6205, 0.4424
0.6205, 0.4424
0.6205, 0.4424
0.6205, 0.4424
0.6205, 0.4450
0.6205, 0.4450
0.6205, 0.4450
0.6205, 0.4450
0.6250, 0.4450
0.6250, 0.4450
0.6250, 0.4450
0.6250, 0.4450
0.6250, 0.4450
0.6250, 0.4450
0.6250, 0.4450
0.6295, 0.4450
0.6295, 0.4450
0.6295, 0.4450
0.6295, 0.4450
0.6295, 0.4450
0.6295, 0.4450
0.6295, 0.4477
0.6295, 0.4477
0.6295, 0.4477
0.6295, 0.4477
0.6295, 0.4477
0.6295, 0.4477
0.6295, 0.4477
0.6295, 0.4477
0.6295, 0.4477
0.6339, 0.4477
0.6339, 0.4477
0.6339, 0.4477
0.6339, 0.4477
0.6339, 0.4477
0.6339, 0.4477
0.6339, 0.4477
0.6339, 0.4477
0.6339, 0.4477
0.6339, 0.4477
0.6339, 0.4477
0.6339, 0.4477
0.6339, 0.4477
0.6339, 0.4477
0.6339, 0.4477
0.6339, 0.4477
0.6339, 0.4477
0.6339, 0.4477
0.6339, 0.4477
0.6339, 0.4477
0.6339, 0.4477
0.6339, 0.4477
0.6339, 0.4477
0.6339, 0.4477
0.6339, 0.4477
0.6339, 0.4477
0.6339, 0.4477
0.6339, 0.4477
0.6339, 0.4477
0.6339, 0.4477
0.6339, 0.4477
0.6339, 0.4477
0.6339, 0.4477
0.6339, 0.4477
0.6339, 0.4477
0.6339, 0.4477
0.6339, 0.4477
0.6339, 0.4477
0.6339, 0.4477
0.6339, 0.4477
0.6339, 0.4477
0.6339, 0.4477
0.6339, 0.4477
0.6339, 0.4477
0.6339, 0.4477
0.6339, 0.4477
0.6339, 0.4477
0.6339, 0.4477
0.6339, 0.4477
0.6339, 0.4477
0.6339, 0.4477
0.6339, 0.4477
0.6339, 0.4477
0.6339, 0.4477
0.6339, 0.4477
0.6339, 0.4477
0.6339, 0.4477
0.6339, 0.4477
0.6339, 0.4477
0.6339, 0.4477
0.6339, 0.4477
0.6339, 0.4477
0.6339, 0.4477
0.6339, 0.4477
0.6339, 0.4477
0.6339, 0.4477
0.6339, 0.4477
0.6339, 0.4477
0.6339, 0.4477
0.6339, 0.4477
0.6339, 0.4477
0.6339, 0.4477
0.6339, 0.4477
0.6339, 0.4477
0.6339, 0.4477
0.6339, 0.4477
0.6339, 0.4477
0.6339, 0.4477
0.6339, 0.4477
0.6339, 0.4477
0.6339, 0.4477
0.6339, 0.4477
0.6339, 0.4477
0.6339, 0.4477
0.6339, 0.4477
0.6339, 0.4477
0.6339, 0.4477
0.6339, 0.4477
0.6339, 0.4477
0.6339, 0.4477
0.6339, 0.4477
0.6339, 0.4477
0.6339, 0.4477
0.6339, 0.4477
0.6339, 0.4477
0.6339, 0.4477
0.6339, 0.4477
0.6339, 0.4477
0.6339, 0.4477
0.6339, 0.4477
0.6339, 0.4477
0.6339, 0.4477
0.6339, 0.4477
0.6339, 0.4477
0.6339, 0.4477
0.6339, 0.4477
0.6339, 0.4477
0.6339, 0.4477
0.6339, 0.4477
0.6339, 0.4477
0.6339, 0.4477
0.6339, 0.4477
0.6339, 0.4477
0.6339, 0.4477
0.6339, 0.4477
0.6339, 0.4477
0.6339, 0.4477
0.6339, 0.4477
0.6339, 0.4477
0.6339, 0.4477
0.6339, 0.4477
0.6339, 0.4477
0.6339, 0.4477
0.6339, 0.4477
0.6339, 0.4477
0.6339, 0.4477
0.6339, 0.4477
0.6339, 0.4477
0.6339, 0.4477
0.6339, 0.4477
0.6339, 0.4477
0.6339, 0.4477
0.6339, 0.4477
0.6339, 0.4477
0.6339, 0.4477
0.6339, 0.4477
0.6339, 0.4477
0.6339, 0.4477
0.6339, 0.4477
0.6339, 0.4477
0.6339, 0.4477
0.6339, 0.4477
0.6339, 0.4477
0.6339, 0.4477
0.6339, 0.4477
0.6339, 0.4477
0.6339, 0.4477
0.6339, 0.4477
0.5848, 0.0751
0.5848, 0.0751
0.5848, 0.0751
0.5848, 0.0751
0.5848, 0.0751
0.5848, 0.0751
0.5848, 0.0751
0.5848, 0.0751
0.5848, 0.0751
0.5848, 0.0751
0.5848, 0.0751
0.5848, 0.0751
0.5848, 0.0751
0.5848, 0.0751
0.5848, 0.0751
0.5848, 0.0751
0.5848, 0.0751
0.5848, 0.0751
0.5848, 0.0751
0.5848, 0.0751
0.5848, 0.0751
0.5848, 0.0751
0.5848, 0.0751
0.5848, 0.0751
0.5848, 0.0751
0.5848, 0.0751
0.5848, 0.0751
0.5848, 0.0751
0.5848, 0.0751
0.5848, 0.0751
0.5848, 0.0751
0.5848, 0.0751
0.5848, 0.0751
0.5848, 0.0751
0.5848, 0.0751
0.5848, 0.0751
0.5848, 0.0751
0.5848, 0.0751
0.5848, 0.0751
0.5848, 0.0751
0.5848, 0.0751
0.5848, 0.0751
0.5848, 0.0751
0.5848, 0.0751
0.5848, 0.0751
0.5848, 0.0751
0.5848, 0.0751
0.5848, 0.0751
0.5848, 0.0751
0.5848, 0.0751
0.5848, 0.0751
0.5848, 0.0751
0.5848, 0.0751
0.5848, 0.0751
0.5848, 0.0751
0.5848, 0.0751
0.5848, 0.0751
0.5848, 0.0751
0.5848, 0.0751
0.5848, 0.0751
0.5848, 0.0751
0.5848, 0.0751
0.5848, 0.0751
0.5848, 0.0751
0.5848, 0.0751
0.5848, 0.0751
0.5848, 0.0751
0.5848, 0.0751
0.5848, 0.0751
0.5848, 0.0751
0.5848, 0.0751
0.5848, 0.0751
0.5848, 0.0751
0.5848, 0.0751
0.5848, 0.0751
0.5848, 0.0751
0.5848, 0.0751
0.5848, 0.0751
0.5848, 0.0751
0.5848, 0.0751
0.5848, 0.0751
0.5848, 0.0751
0.5848, 0.0751
0.5848, 0.0751
0.5848, 0.0751
0.5848, 0.0751
0.5848, 0.0751
0.5848, 0.0751
0.5848, 0.0751
0.5848, 0.0751
0.5848, 0.0751
0.5848, 0.0751
0.5848, 0.0751
0.5848, 0.0751
0.5848, 0.0751
0.5848, 0.0751
0.5848, 0.0751
0.5848, 0.0751
0.5848, 0.0751
0.5848, 0.0751
0.5848, 0.0751
0.5848, 0.0724
0.5848, 0.0724
0.5848, 0.0724
0.5848, 0.0724
0.5848, 0.0724
0.5848, 0.0724
0.5848, 0.0724
0.5848, 0.0724
0.5848, 0.0724
0.5848, 0.0724
0.5848, 0.0697
0.5848, 0.0697
0.5848, 0.0697
0.5848, 0.0697
0.5848, 0.0697
0.5848, 0.0697
0.5848, 0.0697
0.5848, 0.0697
0.5848, 0.0697
0.5848, 0.0697
0.5848, 0.0697
0.5848, 0.0697
0.5848, 0.0697
0.5848, 0.0697
0.5848, 0.0697
0.5848, 0.0697
0.5848, 0.0697
0.5848, 0.0697
0.5848, 0.0697
0.5848, 0.0697
0.5848, 0.0670
0.5848, 0.0670
0.5848, 0.0670
0.5848, 0.0670
0.5848, 0.0670
0.5848, 0.0670
0.5848, 0.0670
0.5848, 0.0670
0.5848, 0.0670
0.5848, 0.0670
0.5848, 0.0670
0.5848, 0.0670
0.5848, 0.0670
0.5848, 0.0643
0.5848, 0.0643
0.5848, 0.0643
0.5848, 0.0643
0.5848, 0.0643
0.5848, 0.0643
0.5848, 0.0643
0.5848, 0.0643
0.5848, 0.0643
0.5848, 0.0643
0.5848, 0.0643
0.5848, 0.0643
0.5848, 0.0643
0.5848, 0.0643
0.5848, 0.0643
0.5848, 0.0643
0.5848, 0.0643
0.5848, 0.0617
0.5848, 0.0617
0.5848, 0.0617
0.5848, 0.0617
0.5848, 0.0617
0.5848, 0.0617
0.5848, 0.0617
0.5848, 0.0617
0.5848, 0.0617
0.5848, 0.0590
0.5848, 0.0590
0.5848, 0.0590
0.5848, 0.0590
0.5848, 0.0590
0.5848, 0.0590
0.5848, 0.0590
0.5893, 0.0563
0.5893, 0.0563
0.5893, 0.0563
0.5893, 0.0563
0.5893, 0.0563
0.5893, 0.0563
0.5893, 0.0563
0.5893, 0.0563
0.5893, 0.0563
0.5893, 0.0563
0.5893, 0.0563
0.5893, 0.0563
0.5893, 0.0563
0.5893, 0.0563
0.5893, 0.0563
0.5893, 0.0563
0.5893, 0.0563
0.5893, 0.0563
0.5893, 0.0563
0.5893, 0.0536
0.5893, 0.0536
0.5893, 0.0536
0.5937, 0.0536
0.5937, 0.0536
0.5937, 0.0536
0.5937, 0.0509
0.5937, 0.0509
0.5937, 0.0509
0.5937, 0.0509
0.5937, 0.0509
0.5937, 0.0509
0.5937, 0.0509
0.5937, 0.0509
0.5937, 0.0509
0.5937, 0.0509
0.5937, 0.0509
0.5937, 0.0509
0.5937, 0.0509
0.5937, 0.0509
0.5937, 0.0509
0.5937, 0.0509
0.5937, 0.0509
0.5937, 0.0509
0.5937, 0.0509
0.5937, 0.0509
0.5937, 0.0509
0.5937, 0.0509
0.5937, 0.0509
0.5937, 0.0483
0.5937, 0.0483
0.5937, 0.0483
0.5937, 0.0483
0.5937, 0.0483
0.5937, 0.0483
0.5982, 0.0483
0.5982, 0.0483
0.5982, 0.0483
0.5982, 0.0456
0.5982, 0.0456
0.5982, 0.0456
0.5982, 0.0456
0.5982, 0.0456
0.5982, 0.0456
0.5982, 0.0456
0.5982, 0.0456
0.5982, 0.0456
0.5982, 0.0456
0.5982, 0.0456
0.5982, 0.0456
0.5982, 0.0456
0.5982, 0.0456
0.5982, 0.0456
0.5982, 0.0456
0.5982, 0.0456
0.5982, 0.0456
0.5982, 0.0456
0.5982, 0.0456
0.6027, 0.0456
0.6027, 0.0456
0.6027, 0.0456
0.6027, 0.0456
0.6027, 0.0456
0.6027, 0.0456
0.6027, 0.0456
0.6027, 0.0456
0.6027, 0.0456
0.6027, 0.0456
0.6027, 0.0456
0.6027, 0.0456
0.6027, 0.0456
0.6027, 0.0456
0.6027, 0.0456
0.6027, 0.0456
0.6027, 0.0456
0.6027, 0.0456
0.6027, 0.0456
0.6027, 0.0429
0.6027, 0.0429
0.6027, 0.0429
0.6027, 0.0429
0.6027, 0.0429
0.6027, 0.0429
0.6027, 0.0429
0.6027, 0.0429
0.6027, 0.0429
0.6027, 0.0429
0.6027, 0.0429
0.6027, 0.0429
0.6027, 0.0429
0.6027, 0.0429
0.6027, 0.0429
0.6027, 0.0429
0.6071, 0.0402
0.6071, 0.0402
0.6071, 0.0402
0.6071, 0.0402
0.6071, 0.0402
0.6071, 0.0402
0.6071, 0.0402
0.6071, 0.0402
0.6071, 0.0402
0.6071, 0.0402
0.6071, 0.0402
0.6071, 0.0402
0.6071, 0.0402
0.6071, 0.0402
0.6071, 0.0402
0.6116, 0.0375
0.6116, 0.0375
0.6116, 0.0375
0.6116, 0.0375
0.6116, 0.0375
0.6116, 0.0375
0.6116, 0.0375
0.6116, 0.0375
0.6116, 0.0375
0.6116, 0.0375
0.6116, 0.0375
0.6116, 0.0375
0.6116, 0.0375
0.6116, 0.0375
0.6116, 0.0375
0.6161, 0.0375
0.6161, 0.0375
0.6161, 0.0375
0.6161, 0.0375
0.6161, 0.0375
0.6161, 0.0375
0.6161, 0.0375
0.6161, 0.0375
0.6161, 0.0375
0.6161, 0.0375
0.6161, 0.0349
0.6161, 0.0349
0.6161, 0.0349
0.6161, 0.0349
0.6161, 0.0349
0.6161, 0.0349
0.6161, 0.0349
0.6161, 0.0349
0.6161, 0.0349
0.6161, 0.0349
0.6161, 0.0349
0.6161, 0.0349
0.6161, 0.0349
0.6161, 0.0349
0.6161, 0.0349
0.6161, 0.0349
0.6161, 0.0349
0.6161, 0.0349
0.6161, 0.0349
0.6161, 0.0322
0.6161, 0.0322
0.6161, 0.0322
0.6205, 0.0322
0.6205, 0.0322
0.6205, 0.0322
0.6205, 0.0322
0.6205, 0.0322
0.6205, 0.0322
0.6205, 0.0322
0.6205, 0.0322
0.6205, 0.0322
0.6205, 0.0322
0.6250, 0.0322
0.6250, 0.0322
0.6250, 0.0322
0.6250, 0.0322
0.6250, 0.0322
0.6250, 0.0322
0.6250, 0.0322
0.6250, 0.0322
0.6250, 0.0322
0.6250, 0.0322
0.6250, 0.0322
0.6250, 0.0322
0.6250, 0.0322
0.6250, 0.0322
0.6250, 0.0322
0.6250, 0.0295
0.6250, 0.0295
0.6250, 0.0295
0.6250, 0.0295
0.6250, 0.0295
0.6250, 0.0295
0.6295, 0.0295
0.6295, 0.0295
0.6295, 0.0295
0.6295, 0.0295
0.6295, 0.0295
0.6295, 0.0295
0.6295, 0.0268
0.6295, 0.0268
0.6295, 0.0268
0.6295, 0.0268
0.6295, 0.0268
0.6295, 0.0268
0.6339, 0.0268
0.6339, 0.0268
0.6339, 0.0268
0.6339, 0.0268
0.6339, 0.0268
0.6339, 0.0268
0.6339, 0.0268
0.6339, 0.0268
0.6339, 0.0268
0.6339, 0.0268
0.6339, 0.0241
0.6339, 0.0241
0.6384, 0.0241
0.6384, 0.0241
0.6384, 0.0241
0.6384, 0.0241
0.6384, 0.0241
0.6384, 0.0241
0.6384, 0.0241
0.6384, 0.0241
0.6384, 0.0241
0.6384, 0.0241
0.6384, 0.0241
0.6384, 0.0241
0.6384, 0.0241
0.6384, 0.0241
0.6384, 0.0241
0.6384, 0.0241
0.6384, 0.0241
0.6384, 0.0241
0.6429, 0.0214
0.6429, 0.0214
0.6429, 0.0214
0.6429, 0.0214
0.6429, 0.0214
0.6429, 0.0214
0.6429, 0.0214
0.6429, 0.0214
0.6429, 0.0214
0.6473, 0.0214
0.6473, 0.0214
0.6473, 0.0214
0.6473, 0.0188
0.6473, 0.0188
0.6473, 0.0188
0.6473, 0.0188
0.6473, 0.0188
0.6473, 0.0188
0.6473, 0.0188
0.6473, 0.0188
0.6473, 0.0188
0.6473, 0.0188
0.6473, 0.0188
0.6473, 0.0188
0.6473, 0.0188
0.6473, 0.0188
0.6473, 0.0188
0.6473, 0.0188
0.6473, 0.0188
0.6473, 0.0188
0.6473, 0.0188
0.6518, 0.0188
0.6518, 0.0188
0.6518, 0.0188
0.6518, 0.0188
0.6518, 0.0188
0.6518, 0.0188
0.6518, 0.0161
0.6518, 0.0161
0.6518, 0.0161
0.6563, 0.0161
0.6563, 0.0161
0.6563, 0.0161
0.6563, 0.0161
0.6563, 0.0161
0.6563, 0.0161
0.6563, 0.0161
0.6563, 0.0161
0.6563, 0.0161
0.6607, 0.0134
0.6607, 0.0134
0.6607, 0.0134
0.6607, 0.0134
0.6607, 0.0134
0.6607, 0.0134
0.6607, 0.0134
0.6607, 0.0134
0.6607, 0.0134
0.6607, 0.0107
0.6607, 0.0107
0.6607, 0.0107
0.6607, 0.0107
0.6607, 0.0107
0.6652, 0.0107
0.6652, 0.0107
0.6652, 0.0107
0.6652, 0.0107
0.6652, 0.0107
0.6652, 0.0107
0.6652, 0.0107
0.6652, 0.0107
0.6652, 0.0107
0.6696, 0.0107
0.6696, 0.0107
0.6696, 0.0107
0.6696, 0.0107
0.6696, 0.0107
0.6696, 0.0107
0.6696, 0.0107
0.6696, 0.0107
0.6696, 0.0107
0.6696, 0.0107
0.6696, 0.0107
0.6696, 0.0107
0.6696, 0.0107
0.6696, 0.0107
0.6696, 0.0107
0.6696, 0.0107
0.6696, 0.0107
0.6696, 0.0107
0.6696, 0.0107
0.6741, 0.0080
0.6741, 0.0080
0.6741, 0.0080
0.6741, 0.0080
0.6741, 0.0080
0.6741, 0.0080
0.6786, 0.0080
0.6786, 0.0080
0.6786, 0.0080
0.6786, 0.0080
0.6786, 0.0080
0.6786, 0.0080
0.6786, 0.0054
0.6786, 0.0054
0.6830, 0.0054
0.6830, 0.0054
0.6830, 0.0054
0.6830, 0.0054
0.6830, 0.0054
0.6830, 0.0054
0.6830, 0.0054
0.6830, 0.0054
0.6830, 0.0054
0.6830, 0.0054
0.6830, 0.0054
0.6830, 0.0054
0.6830, 0.0054
0.6830, 0.0054
0.6830, 0.0054
0.6875, 0.0054
0.6875, 0.0054
0.6875, 0.0054
0.6875, 0.0054
0.6875, 0.0054
0.6875, 0.0054
0.6920, 0.0054
0.6920, 0.0054
0.6920, 0.0054
0.6920, 0.0054
0.6920, 0.0054
0.6920, 0.0054
0.6920, 0.0054
0.6920, 0.0054
0.6920, 0.0054
0.6920, 0.0054
0.6920, 0.0054
0.6920, 0.0054
0.6964, 0.0054
0.6964, 0.0054
0.6964, 0.0054
0.6964, 0.0054
0.6964, 0.0054
0.6964, 0.0054
0.6964, 0.0054
0.6964, 0.0054
0.6964, 0.0054
0.6964, 0.0054
0.6964, 0.0054
0.7009, 0.0054
0.7009, 0.0054
0.7009, 0.0054
0.7009, 0.0027
0.7009, 0.0027
0.7009, 0.0027
0.7009, 0.0027
0.7009, 0.0027
0.7009, 0.0027
0.7009, 0.0027
0.7009, 0.0027
0.7009, 0.0027
0.7009, 0.0027
0.7009, 0.0027
0.7009, 0.0027
0.7054, 0.0027
0.7054, 0.0027
0.7054, 0.0027
0.7098, 0.0027
0.7098, 0.0027
0.7098, 0.0027
0.7098, 0.0027
0.7098, 0.0027
0.7143, 0.0027
0.7143, 0.0027
0.7143, 0.0027
0.7143, 0.0027
0.7143, 0.0027
0.7143, 0.0027
0.7143, 0.0027
0.7143, 0.0027
0.7143, 0.0027
0.7143, 0.0027
0.7143, 0.0027
0.7143, 0.0027
0.7143, 0.0027
0.7143, 0.0027
0.7187, 0.0027
0.7187, 0.0027
0.7187, 0.0027
0.7187, 0.0027
0.7187, 0.0027
0.7187, 0.0027
0.7187, 0.0027
0.7187, 0.0027
0.7187, 0.0027
0.7232, 0.0027
0.7232, 0.0027
0.7232, 0.0027
0.7232, 0.0027
0.7232, 0.0027
0.7232, 0.0027
0.7232, 0.0027
0.7232, 0.0027
0.7232, 0.0027
0.7232, 0.0027
0.7232, 0.0027
0.7232, 0.0027
0.7277, 0.0027
0.7277, 0.0027
0.7277, 0.0027
0.7277, 0.0027
0.7277, 0.0027
0.7277, 0.0027
0.7321, 0.0027
0.7321, 0.0027
0.7321, 0.0027
0.7321, 0.0027
0.7321, 0.0027
0.7321, 0.0027
0.7321, 0.0027
0.7321, 0.0027
0.7321, 0.0027
0.7366, 0.0027
0.7366, 0.0027
0.7366, 0.0027
0.7366, 0.0000
0.7366, 0.0000
0.7366, 0.0000
0.7366, 0.0000
0.7366, 0.0000
0.7366, 0.0000
0.7366, 0.0000
0.7366, 0.0000
0.7411, 0.0000
0.7411, 0.0000
0.7411, 0.0000
0.7411, 0.0000
0.7411, 0.0000
0.7411, 0.0000
0.7455, 0.0000
0.7455, 0.0000
0.7455, 0.0000
0.7455, 0.0000
0.7455, 0.0000
0.7455, 0.0000
0.7455, 0.0000
0.7455, 0.0000
0.7455, 0.0000
0.7455, 0.0000
0.7455, 0.0000
0.7500, 0.0000
0.7500, 0.0000
0.7500, 0.0000
0.7500, 0.0000
0.7500, 0.0000
0.7500, 0.0000
0.7500, 0.0000
0.7500, 0.0000
0.7500, 0.0000
0.7545, 0.0000
0.7545, 0.0000
0.7545, 0.0000
0.7545, 0.0000
0.7545, 0.0000
0.7545, 0.0000
0.7545, 0.0000
0.7545, 0.0000
0.7545, 0.0000
0.7589, 0.0000
0.7589, 0.0000
0.7589, 0.0000
0.7589, 0.0000
0.7589, 0.0000
0.7589, 0.0000
0.7589, 0.0000
0.7589, 0.0000
0.7589, 0.0000
0.7589, 0.0000
0.7589, 0.0000
0.7589, 0.0000
0.7634, 0.0000
0.7634, 0.0000
0.7634, 0.0000
0.7634, 0.0000
0.7634, 0.0000
0.7634, 0.0000
0.7679, 0.0000
0.7679, 0.0000
0.7679, 0.0000
0.7679, 0.0000
0.7679, 0.0000
0.7679, 0.0000
0.7679, 0.0000
0.7679, 0.0000
0.7679, 0.0000
0.7679, 0.0000
0.7679, 0.0000
0.7723, 0.0000
0.7723, 0.0000
0.7723, 0.0000
0.7723, 0.0000
0.7723, 0.0000
0.7768, 0.0000
0.7768, 0.0000
0.7768, 0.0000
0.7768, 0.0000
0.7768, 0.0000
0.7768, 0.0000
0.7813, 0.0000
0.7813, 0.0000
0.7813, 0.0000
0.7813, 0.0000
0.7813, 0.0000
0.7813, 0.0000
0.7857, 0.0000
0.7857, 0.0000
0.7857, 0.0000
0.7857, 0.0000
0.7857, 0.0000
0.7902, 0.0000
0.7902, 0.0000
0.7902, 0.0000
0.7902, 0.0000
0.7902, 0.0000
0.7902, 0.0000
0.7902, 0.0027
0.7902, 0.0027
0.7902, 0.0027
0.7902, 0.0027
0.7902, 0.0027
0.7902, 0.0027
0.7902, 0.0027
0.7902, 0.0027
0.7902, 0.0027
0.7946, 0.0027
0.7946, 0.0027
0.7946, 0.0027
0.7946, 0.0027
0.7946, 0.0027
0.7946, 0.0027
0.7946, 0.0027
0.7946, 0.0027
0.7991, 0.0027
0.7991, 0.0027
0.7991, 0.0027
0.7991, 0.0027
0.7991, 0.0027
0.7991, 0.0027
0.8036, 0.0027
0.8036, 0.0027
0.8036, 0.0027
0.8036, 0.0027
0.8036, 0.0027
0.8036, 0.0027
0.8036, 0.0027
0.8036, 0.0027
0.8036, 0.0054
0.8036, 0.0054
0.8080, 0.0054
0.8080, 0.0054
0.8080, 0.0054
0.8080, 0.0054
0.8080, 0.0054
0.8125, 0.0054
0.8125, 0.0054
0.8125, 0.0054
0.8125, 0.0080
0.8125, 0.0080
0.8125, 0.0080
0.8125, 0.0080
0.8125, 0.0080
0.8125, 0.0080
0.8125, 0.0080
0.8125, 0.0080
0.8125, 0.0080
0.8125, 0.0080
0.8125, 0.0080
0.8125, 0.0080
0.8170, 0.0080
0.8170, 0.0080
0.8170, 0.0080
0.8170, 0.0080
0.8170, 0.0080
0.8170, 0.0080
0.8214, 0.0080
0.8214, 0.0080
0.8214, 0.0080
0.8214, 0.0080
0.8214, 0.0080
0.8214, 0.0107
0.8214, 0.0107
0.8214, 0.0107
0.8259, 0.0107
0.8259, 0.0107
0.8259, 0.0107
0.8259, 0.0107
0.8259, 0.0107
0.8259, 0.0107
0.8259, 0.0107
0.8259, 0.0107
0.8259, 0.0134
0.8259, 0.0134
0.8259, 0.0134
0.8259, 0.0134
0.8259, 0.0134
0.8259, 0.0134
0.8304, 0.0134
0.8304, 0.0134
0.8348, 0.0161
0.8348, 0.0161
0.8348, 0.0161
0.8348, 0.0161
0.8348, 0.0161
0.8348, 0.0161
0.8348, 0.0161
0.8348, 0.0161
0.8348, 0.0161
0.8348, 0.0161
0.8348, 0.0161
0.8393, 0.0161
0.8393, 0.0161
0.8393, 0.0161
0.8393, 0.0161
0.8393, 0.0161
0.8393, 0.0161
0.8393, 0.0188
0.8393, 0.0188
0.8393, 0.0188
0.8437, 0.0188
0.8437, 0.0188
0.8437, 0.0188
0.8437, 0.0188
0.8437, 0.0188
0.8437, 0.0188
0.8437, 0.0188
0.8437, 0.0188
0.8437, 0.0214
0.8437, 0.0214
0.8437, 0.0214
0.8437, 0.0214
0.8437, 0.0214
0.8482, 0.0214
0.8482, 0.0214
0.8482, 0.0214
0.8482, 0.0214
0.8482, 0.0214
0.8482, 0.0214
0.8527, 0.0214
0.8527, 0.0214
0.8527, 0.0214
0.8527, 0.0214
0.8527, 0.0214
0.8527, 0.0214
0.8571, 0.0241
0.8571, 0.0241
0.8571, 0.0241
0.8571, 0.0241
0.8571, 0.0241
0.8571, 0.0241
0.8571, 0.0241
0.8571, 0.0241
0.8616, 0.0268
0.8616, 0.0268
0.8616, 0.0268
0.8616, 0.0268
0.8616, 0.0268
0.8616, 0.0268
0.8616, 0.0268
0.8616, 0.0268
0.8661, 0.0268
0.8661, 0.0268
0.8661, 0.0268
0.8661, 0.0295
0.8661, 0.0295
0.8661, 0.0295
0.8661, 0.0295
0.8661, 0.0295
0.8705, 0.0295
0.8705, 0.0295
0.8705, 0.0295
0.8705, 0.0295
0.8705, 0.0295
0.8705, 0.0295
0.8750, 0.0295
0.8750, 0.0295
0.8750, 0.0295
0.8795, 0.0322
0.8795, 0.0322
0.8795, 0.0322
0.8795, 0.0322
0.8795, 0.0322
0.8795, 0.0349
0.8795, 0.0349
0.8795, 0.0349
0.8839, 0.0349
0.8839, 0.0349
0.8884, 0.0349
0.8884, 0.0349
0.8884, 0.0349
0.8884, 0.0349
0.8884, 0.0349
0.8884, 0.0375
0.8884, 0.0375
0.8884, 0.0375
0.8884, 0.0375
0.8884, 0.0375
0.8884, 0.0375
0.8929, 0.0402
0.8929, 0.0402
0.8973, 0.0429
0.8973, 0.0429
0.8973, 0.0429
0.8973, 0.0429
0.8973, 0.0429
0.8973, 0.0429
0.9018, 0.0429
0.9018, 0.0429
0.9018, 0.0429
0.9018, 0.0429
0.9018, 0.0429
0.9018, 0.0456
0.9018, 0.0456
0.9018, 0.0456
0.9018, 0.0456
0.9018, 0.0456
0.9018, 0.0456
0.9063, 0.0483
0.9063, 0.0483
0.9107, 0.0483
0.9107, 0.0483
0.9107, 0.0483
0.9107, 0.0509
0.9107, 0.0509
0.9107, 0.0536
0.9107, 0.0536
0.9152, 0.0536
0.9152, 0.0536
0.9152, 0.0536
0.9152, 0.0536
0.9152, 0.0536
0.9152, 0.0536
0.9152, 0.0563
0.9152, 0.0563
0.9196, 0.0590
0.9196, 0.0590
0.9196, 0.0590
0.9196, 0.0617
0.9196, 0.0617
0.9196, 0.0617
0.9241, 0.0617
0.9241, 0.0617
0.9241, 0.0617
0.9241, 0.0617
0.9241, 0.0617
0.9241, 0.0643
0.9241, 0.0643
0.9241, 0.0643
0.9241, 0.0670
0.9241, 0.0670
0.9286, 0.0670
0.9286, 0.0670
0.9286, 0.0670
0.9330, 0.0697
0.9330, 0.0697
0.9330, 0.0724
0.9330, 0.0724
0.9330, 0.0724
0.9330, 0.0751
0.9330, 0.0751
0.9330, 0.0751
0.9330, 0.0751
0.9330, 0.0751
0.9330, 0.0777
0.9330, 0.0777
0.9330, 0.0777
0.9375, 0.0804
0.9375, 0.0804
0.9420, 0.0804
0.9420, 0.0804
0.9420, 0.0804
0.9420, 0.0831
0.9420, 0.0831
0.9420, 0.0831
0.9464, 0.0885
0.9464, 0.0885
0.9464, 0.0885
0.9464, 0.0885
0.9464, 0.0885
0.9509, 0.0912
0.9509, 0.0912
0.9509, 0.0938
0.9509, 0.0938
0.9509, 0.0938
0.9554, 0.0965
0.9554, 0.0965
0.9554, 0.0965
0.9554, 0.0965
0.9554, 0.0965
0.9554, 0.0992
0.9554, 0.0992
0.9598, 0.1019
0.9598, 0.1019
0.9598, 0.1019
0.9598, 0.1019
0.9598, 0.1019
0.9598, 0.1019
0.9643, 0.1019
0.9643, 0.1019
0.9643, 0.1046
0.9643, 0.1046
0.9643, 0.1046
0.9688, 0.1072
0.9688, 0.1072
0.9688, 0.1072
0.9688, 0.1072
0.9688, 0.1072
0.9688, 0.1099
0.9688, 0.1099
0.9688, 0.1099
0.9688, 0.1099
0.9688, 0.1099
0.9688, 0.1099
0.9688, 0.1099
0.9688, 0.1099
0.9688, 0.1126
0.9688, 0.1126
0.9688, 0.1126
0.9688, 0.1126
0.9688, 0.1126
0.9688, 0.1126
0.9688, 0.1126
0.9688, 0.1126
0.9688, 0.1153
0.9688, 0.1153
0.9688, 0.1153
0.9688, 0.1153
0.9688, 0.1153
0.9688, 0.1153
0.9688, 0.1153
0.9688, 0.1153
0.9732, 0.1153
0.9732, 0.1153
0.9732, 0.1153
0.9732, 0.1180
0.9732, 0.1180
0.9732, 0.1180
0.9732, 0.1180
0.9732, 0.1180
0.9732, 0.1180
0.9732, 0.1180
0.9732, 0.1180
0.9732, 0.1206
0.9732, 0.1206
0.9732, 0.1206
0.9732, 0.1233
0.9732, 0.1233
0.9777, 0.1233
0.9777, 0.1233
0.9777, 0.1233
0.9777, 0.1233
0.9777, 0.1233
0.9777, 0.1233
0.9777, 0.1260
0.9777, 0.1260
0.9777, 0.1287
0.9777, 0.1287
0.9777, 0.1287
0.9777, 0.1287
0.9777, 0.1287
0.9777, 0.1314
0.9777, 0.1314
0.9777, 0.1314
0.9777, 0.1340
0.9777, 0.1340
0.9821, 0.1367
0.9821, 0.1367
0.9821, 0.1367
0.9821, 0.1367
0.9821, 0.1367
0.9821, 0.1367
0.9821, 0.1367
0.9821, 0.1367
0.9821, 0.1394
0.9821, 0.1394
0.9866, 0.1421
0.9866, 0.1421
0.9866, 0.1421
0.9866, 0.1421
0.9866, 0.1421
0.9866, 0.1448
0.9866, 0.1448
0.9866, 0.1448
0.9911, 0.1475
0.9911, 0.1475
0.9911, 0.1475
0.9911, 0.1475
0.9911, 0.1475
0.9911, 0.1475
0.9911, 0.1475
0.9911, 0.1501
0.9911, 0.1501
0.9911, 0.1501
0.9911, 0.1528
0.9911, 0.1528
0.9911, 0.1555
0.9911, 0.1555
0.9911, 0.1555
0.9911, 0.1555
0.9911, 0.1555
0.9911, 0.1555
0.9911, 0.1555
0.9911, 0.1555
0.9911, 0.1555
0.9911, 0.1582
0.9911, 0.1582
0.9955, 0.1609
0.9955, 0.1609
0.9955, 0.1609
0.9955, 0.1609
0.9955, 0.1609
0.9955, 0.1635
0.9955, 0.1635
0.9955, 0.1635
0.9955, 0.1662
0.9955, 0.1662
0.9955, 0.1689
0.9955, 0.1689
0.9955, 0.1689
0.9955, 0.1689
0.9955, 0.1689
1.0000, 0.1716
1.0000, 0.1716
1.0000, 0.1716
1.0000, 0.1716
1.0000, 0.1716
1.0000, 0.1716
1.0000, 0.1743
1.0000, 0.1743
1.0000, 0.1743
1.0000, 0.1743
1.0000, 0.1743
1.0000, 0.1769
1.0000, 0.1769
1.0000, 0.1769
1.0000, 0.1769
1.0000, 0.1796
1.0000, 0.1796
1.0000, 0.1796
1.0000, 0.1823
1.0000, 0.1823
1.0000, 0.1823
1.0000, 0.1823
1.0000, 0.1823
1.0000, 0.1850
1.0000, 0.1850
1.0000, 0.1850
1.0000, 0.1850
1.0000, 0.1850
1.0000, 0.1877
1.0000, 0.1877
1.0000, 0.1877
1.0000, 0.1877
1.0000, 0.1877
1.0000, 0.1903
1.0000, 0.1903
1.0000, 0.1903
1.0000, 0.1930
1.0000, 0.1930
1.0000, 0.1957
1.0000, 0.1957
1.0000, 0.1957
1.0000, 0.1957
1.0000, 0.1957
1.0000, 0.1984
1.0000, 0.1984
1.0000, 0.1984
1.0000, 0.2011
1.0000, 0.2011
1.0000, 0.2011
1.0000, 0.2011
1.0000, 0.2011
1.0000, 0.2038
1.0000, 0.2038
1.0000, 0.2064
1.0000, 0.2064
1.0000, 0.2064
1.0000, 0.2091
1.0000, 0.2091
1.0000, 0.2091
1.0000, 0.2091
1.0000, 0.2091
1.0000, 0.2091
1.0000, 0.2091
1.0000, 0.2118
1.0000, 0.2118
1.0000, 0.2118
1.0000, 0.2145
1.0000, 0.2145
1.0000, 0.2145
1.0000, 0.2145
1.0000, 0.2145
1.0000, 0.2172
1.0000, 0.2172
1.0000, 0.2225
1.0000, 0.2225
1.0000, 0.2225
1.0000, 0.2225
1.0000, 0.2225
0.9955, 0.2252
0.9955, 0.2252
0.9955, 0.2252
0.9955, 0.2279
0.9955, 0.2279
0.9955, 0.2279
0.9955, 0.2279
0.9955, 0.2306
0.9955, 0.2306
0.9955, 0.2332
0.9955, 0.2332
0.9955, 0.2332
0.9955, 0.2359
0.9955, 0.2359
0.9955, 0.2359
0.9955, 0.2359
0.9955, 0.2359
0.9955, 0.2386
0.9955, 0.2386
0.9955, 0.2413
0.9955, 0.2413
0.9955, 0.2440
0.9955, 0.2440
0.9955, 0.2440
0.9911, 0.2466
0.9911, 0.2466
0.9911, 0.2493
0.9911, 0.2493
0.9911, 0.2493
0.9911, 0.2520
0.9911, 0.2520
0.9911, 0.2547
0.9911, 0.2547
0.9911, 0.2547
0.9866, 0.2574
0.9866, 0.2574
0.9866, 0.2574
0.9866, 0.2574
0.9866, 0.2574
0.9866, 0.2601
0.9866, 0.2601
0.9866, 0.2601
0.9866, 0.2601
0.9866, 0.2601
0.9866, 0.2627
0.9866, 0.2627
0.9866, 0.2627
0.9866, 0.2627
0.9866, 0.2627
0.9821, 0.2627
0.9821, 0.2627
0.9821, 0.2627
0.9821, 0.2654
0.9821, 0.2654
0.9821, 0.2681
0.9821, 0.2681
0.9821, 0.2681
0.9821, 0.2708
0.9821, 0.2708
0.9821, 0.2708
0.9821, 0.2708
0.9821, 0.2708
0.9821, 0.2735
0.9821, 0.2735
0.9821, 0.2761
0.9821, 0.2761
0.9821, 0.2761
0.9777, 0.2761
0.9777, 0.2761
0.9777, 0.2761
0.9777, 0.2761
0.9777, 0.2761
0.9777, 0.2788
0.9777, 0.2788
0.9777, 0.2788
0.9777, 0.2815
0.9777, 0.2815
0.9732, 0.2842
0.9732, 0.2842
0.9732, 0.2842
0.9732, 0.2842
0.9732, 0.2842
0.9732, 0.2842
0.9732, 0.2842
0.9732, 0.2842
0.9732, 0.2869
0.9732, 0.2869
0.9732, 0.2895
0.9732, 0.2895
0.9732, 0.2895
0.9732, 0.2895
0.9732, 0.2895
0.9732, 0.2922
0.9732, 0.2922
0.9732, 0.2922
0.9732, 0.2922
0.9732, 0.2922
0.9688, 0.2949
0.9688, 0.2949
0.9688, 0.2949
0.9688, 0.2976
0.9688, 0.2976
0.9688, 0.2976
0.9688, 0.2976
0.9688, 0.2976
0.9643, 0.3003
0.9643, 0.3003
0.9643, 0.3003
0.9643, 0.3003
0.9643, 0.3003
0.9643, 0.3029
0.9643, 0.3029
0.9643, 0.3029
0.9643, 0.3029
0.9643, 0.3029
0.9598, 0.3029
0.9598, 0.3029
0.9598, 0.3056
0.9598, 0.3056
0.9598, 0.3083
0.9598, 0.3083
0.9598, 0.3083
0.9598, 0.3083
0.9598, 0.3083
0.9598, 0.3083
0.9598, 0.3083
0.9598, 0.3083
0.9598, 0.3110
0.9598, 0.3110
0.9598, 0.3110
0.9598, 0.3110
0.9598, 0.3110
0.9554, 0.3137
0.9554, 0.3137
0.9554, 0.3137
0.9554, 0.3137
0.9554, 0.3137
0.9554, 0.3137
0.9554, 0.3164
0.9554, 0.3164
0.9554, 0.3164
0.9554, 0.3164
0.9509, 0.3164
0.9509, 0.3164
0.9509, 0.3164
0.9509, 0.3164
0.9509, 0.3164
0.9509, 0.3164
0.9509, 0.3190
0.9509, 0.3190
0.9509, 0.3190
0.9509, 0.3190
0.9509, 0.3190
0.9509, 0.3217
0.9509, 0.3217
0.9464, 0.3217
0.9464, 0.3217
0.9464, 0.3217
0.9464, 0.3217
0.9464, 0.3217
0.9464, 0.3244
0.9464, 0.3244
0.9464, 0.3244
0.9420, 0.3244
0.9420, 0.3244
0.9420, 0.3271
0.9420, 0.3271
0.9375, 0.3298
0.9375, 0.3298
0.9375, 0.3298
0.9375, 0.3298
0.9375, 0.3298
0.9375, 0.3298
0.9375, 0.3298
0.9375, 0.3298
0.9375, 0.3324
0.9375, 0.3324
0.9330, 0.3351
0.9330, 0.3351
0.9330, 0.3351
0.9330, 0.3351
0.9286, 0.3351
0.9286, 0.3351
0.9286, 0.3351
0.9286, 0.3378
0.9286, 0.3378
0.9286, 0.3405
0.9286, 0.3405
0.9286, 0.3405
0.9286, 0.3432
0.9241, 0.3432
0.9241, 0.3432
0.9241, 0.3432
0.9241, 0.3432
0.9241, 0.3432
0.9241, 0.3432
0.9196, 0.3432
0.9196, 0.3432
0.9196, 0.3458
0.9196, 0.3458
0.9196, 0.3485
0.9196, 0.3485
0.9196, 0.3485
0.9196, 0.3485
0.9196, 0.3485
0.9196, 0.3485
0.9196, 0.3485
0.9196, 0.3485
0.9152, 0.3485
0.9152, 0.3485
0.9152, 0.3512
0.9152, 0.3512
0.9152, 0.3512
0.9107, 0.3512
0.9107, 0.3512
0.9107, 0.3539
0.9107, 0.3539
0.9063, 0.3539
0.9063, 0.3539
0.9063, 0.3539
0.9063, 0.3566
0.9063, 0.3566
0.9063, 0.3566
0.9063, 0.3566
0.9063, 0.3566
0.9063, 0.3566
0.9063, 0.3566
0.9063, 0.3566
0.9063, 0.3566
0.9063, 0.3566
0.9063, 0.3592
0.9063, 0.3592
0.9018, 0.3592
0.9018, 0.3592
0.9018, 0.3619
0.9018, 0.3619
0.9018, 0.3619
0.9018, 0.3619
0.9018, 0.3619
0.8973, 0.3619
0.8973, 0.3619
0.8973, 0.3619
0.8973, 0.3619
0.8973, 0.3619
0.8973, 0.3619
0.8973, 0.3619
0.8973, 0.3619
0.8973, 0.3646
0.8973, 0.3646
0.8929, 0.3646
0.8929, 0.3646
0.8929, 0.3673
0.8929, 0.3673
0.8929, 0.3673
0.8929, 0.3673
0.8929, 0.3673
0.8884, 0.3700
0.8884, 0.3700
0.8884, 0.3700
0.8884, 0.3700
0.8884, 0.3700
0.8839, 0.3700
0.8839, 0.3700
0.8839, 0.3700
0.8839, 0.3700
0.8839, 0.3700
0.8839, 0.3727
0.8839, 0.3727
0.8795, 0.3727
0.8795, 0.3727
0.8795, 0.3727
0.8795, 0.3753
0.8795, 0.3753
0.8750, 0.3753
0.8750, 0.3753
0.8750, 0.3753
0.8750, 0.3753
0.8750, 0.3753
0.8705, 0.3780
0.8705, 0.3780
0.8661, 0.3807
0.8661, 0.3807
0.8661, 0.3807
0.8616, 0.3807
0.8616, 0.3807
0.8616, 0.3834
0.8616, 0.3834
0.8616, 0.3834
0.8616, 0.3834
0.8616, 0.3834
0.8571, 0.3834
0.8571, 0.3834
0.8527, 0.3861
0.8527, 0.3861
0.8527, 0.3861
0.8527, 0.3861
0.8527, 0.3861
0.8527, 0.3887
0.8527, 0.3887
0.8527, 0.3887
0.8482, 0.3887
0.8482, 0.3887
0.8437, 0.3887
0.8437, 0.3887
0.8393, 0.3914
0.8393, 0.3914
0.8393, 0.3914
0.8393, 0.3941
0.8393, 0.3941
0.8393, 0.3941
0.8393, 0.3941
0.8393, 0.3941
0.8348, 0.3941
0.8348, 0.3941
0.8304, 0.3941
0.8304, 0.3941
0.8304, 0.3968
0.8304, 0.3968
0.8304, 0.3968
0.8304, 0.3968
0.8304, 0.3968
0.8259, 0.3995
0.8259, 0.3995
0.8259, 0.3995
0.8214, 0.3995
0.8214, 0.3995
0.8214, 0.3995
0.8214, 0.3995
0.8170, 0.4021
0.8170, 0.4021
0.8170, 0.4021
0.8170, 0.4021
0.8170, 0.4021
0.8080, 0.4021
0.8080, 0.4021
0.8080, 0.4048
0.8080, 0.4048
0.8080, 0.4048
0.8036, 0.4048
0.8036, 0.4048
0.7991, 0.4075
0.7991, 0.4075
0.7946, 0.4075
0.7946, 0.4075
0.7946, 0.4075
0.7946, 0.4075
0.7946, 0.4075
0.7946, 0.4075
0.7946, 0.4075
0.7946, 0.4075
0.7902, 0.4102
0.7902, 0.4102
0.7857, 0.4102
0.7857, 0.4102
0.7857, 0.4102
0.7857, 0.4102
0.7857, 0.4102
0.7813, 0.4129
0.7813, 0.4129
0.7768, 0.4129
0.7768, 0.4129
0.7768, 0.4129
0.7768, 0.4155
0.7768, 0.4155
0.7723, 0.4155
0.7723, 0.4155
0.7679, 0.4155
0.7679, 0.4155
0.7679, 0.4155
0.7634, 0.4155
0.7634, 0.4155
0.7589, 0.4182
0.7589, 0.4182
0.7589, 0.4182
0.7589, 0.4182
0.7589, 0.4182
0.7545, 0.4209
0.7545, 0.4209
0.7500, 0.4209
0.7500, 0.4209
0.7500, 0.4209
0.7500, 0.4209
0.7500, 0.4209
0.7455, 0.4236
0.7455, 0.4236
0.7411, 0.4236
0.7411, 0.4236
0.7366, 0.4236
0.7366, 0.4236
0.7366, 0.4236
0.7366, 0.4236
0.7366, 0.4236
0.7321, 0.4236
0.7321, 0.4236
0.7321, 0.4236
0.7321, 0.4236
0.7321, 0.4236
0.7277, 0.4263
0.7277, 0.4263
0.7277, 0.4263
0.7277, 0.4263
0.7277, 0.4263
0.7232, 0.4263
0.7232, 0.4263
0.7187, 0.4263
0.7187, 0.4263
0.7187, 0.4263
0.7143, 0.4290
0.7143, 0.4290
0.7143, 0.4290
0.7143, 0.4290
0.7143, 0.4290
0.7054, 0.4290
0.7054, 0.4290
0.7054, 0.4290
0.7054, 0.4290
0.7009, 0.4290
0.7009, 0.4290
0.7009, 0.4290
0.6920, 0.4316
0.6920, 0.4316
0.6920, 0.4316
0.6920, 0.4316
0.6920, 0.4316
0.6875, 0.4343
0.6875, 0.4343
0.6830, 0.4343
0.6830, 0.4343
0.6786, 0.4343
0.6786, 0.4343
0.6786, 0.4343
0.6786, 0.4343
0.6786, 0.4343
0.6741, 0.4370
0.6741, 0.4370
0.6696, 0.4370
0.6696, 0.4370
0.6696, 0.4370
0.6696, 0.4370
0.6696, 0.4370
0.6696, 0.4370
0.6696, 0.4370
0.6696, 0.4370
0.6652, 0.4370
0.6652, 0.4370
0.6607, 0.4370
0.6607, 0.4370
0.6563, 0.4370
0.6563, 0.4370
0.6563, 0.4370
0.6563, 0.4370
0.6563, 0.4370
0.6473, 0.4397
0.6473, 0.4397
0.6429, 0.4397
0.6429, 0.4397
0.6429, 0.4424
0.6429, 0.4424
0.6429, 0.4424
0.6384, 0.4424
0.6384, 0.4424
0.6339, 0.4424
0.6339, 0.4424
0.6339, 0.4424
0.6339, 0.4424
0.6339, 0.4424
0.6339, 0.4424
0.6339, 0.4424
0.6295, 0.4424
0.6295, 0.4424
0.6295, 0.4424
0.6295, 0.4424
0.6295, 0.4424
0.6250, 0.4424
0.6250, 0.4424
0.6250, 0.4450
0.6250, 0.4450
0.6250, 0.4450
0.6250, 0.4450
0.6250, 0.4450
0.6205, 0.4450
0.6205, 0.4450
0.6205, 0.4450
0.6205, 0.4450
0.6205, 0.4450
0.6205, 0.4450
0.6205, 0.4450
0.6205, 0.4450
0.6205, 0.4450
0.6205, 0.4450
0.6205, 0.4450
0.6205, 0.4450
0.6205, 0.4450
0.6205, 0.4450
0.6205, 0.4450
0.6205, 0.4450
0.6205, 0.4450
0.6205, 0.4450
0.6205, 0.4450
0.6205, 0.4450
0.6205, 0.4450
0.6205, 0.4450
0.6205, 0.4450
0.6205, 0.4450
0.6205, 0.4450
0.6205, 0.4450
0.6205, 0.4450
0.6205, 0.4450
0.6205, 0.4450
0.6205, 0.4450
0.6205, 0.4450
0.6205, 0.4450
0.6205, 0.4450
0.6205, 0.4450
0.6205, 0.4450
0.6205, 0.4450
0.6205, 0.4450
0.6205, 0.4450
0.6205, 0.4450
0.6205, 0.4450
0.6205, 0.4450
0.6205, 0.4450
0.6205, 0.4450
0.6205, 0.4450
0.6205, 0.4450
0.6205, 0.4450
0.6205, 0.4450
0.6205, 0.4450
0.6205, 0.4450
0.6205, 0.4450
0.6205, 0.4450
0.6205, 0.4450
0.6205, 0.4450
0.6205, 0.4450
0.6205, 0.4450
0.6205, 0.4450
0.6205, 0.4450
0.6205, 0.4450
0.6205, 0.4450
0.6205, 0.4450
0.6205, 0.4450
0.6205, 0.4450
0.6205, 0.4450
0.6205, 0.4450
0.6205, 0.4450
0.6205, 0.4450
0.6205, 0.4450
0.6205, 0.4450
0.6205, 0.4450
0.6205, 0.4450
0.6205, 0.4450
0.6205, 0.4450
0.6205, 0.4450
0.6205, 0.4450
0.6205, 0.4450
0.6205, 0.4450
0.6205, 0.4450
0.6205, 0.4450
0.6205, 0.4450
0.6205, 0.4450
0.6205, 0.4450
0.6205, 0.4450
0.6205, 0.4450
0.6205, 0.4450
0.6205, 0.4450
0.6205, 0.4450
0.6205, 0.4450
0.6205, 0.4450
0.6205, 0.4450
0.6205, 0.4450
0.6205, 0.4450
0.6205, 0.4450
0.6205, 0.4450
0.6205, 0.4450
0.6205, 0.4450
0.6205, 0.4450
0.6205, 0.4450
0.6205, 0.4450
0.6205, 0.4450
0.6205, 0.4450
0.6205, 0.4450
0.6205, 0.4450
0.6205, 0.4450
0.6205, 0.4450
0.6205, 0.4450
0.6205, 0.4450
0.6205, 0.4450
0.6205, 0.4450
0.6205, 0.4450
0.6205, 0.4450
0.6205, 0.4450
0.6205, 0.4450
0.6205, 0.4450
0.6205, 0.4450
0.6205, 0.4450
0.6205, 0.4450
0.6205, 0.4450
0.6205, 0.4450
0.6205, 0.4450
0.6205, 0.4450
0.6205, 0.4450
0.6205, 0.4450
0.6205, 0.4450
0.6205, 0.4450
0.6205, 0.4450
0.6205, 0.4450
0.6205, 0.4450
0.6205, 0.4450
0.6205, 0.4450
0.6205, 0.4450
0.6205, 0.4450
0.6205, 0.4450
0.6205, 0.4450
0.6205, 0.4450
0.6205, 0.4450
0.6205, 0.4450
0.6205, 0.4450
0.6205, 0.4450
0.6205, 0.4450
0.6205, 0.4450
0.6205, 0.4450
0.6205, 0.4450
0.6205, 0.4450
0.6205, 0.4450
0.6205, 0.4450
0.6205, 0.4450
0.6205, 0.4450
0.6205, 0.4450
0.6205, 0.4450
0.6205, 0.4450
0.6205, 0.4450
0.6205, 0.4450
0.6205, 0.4450
0.6205, 0.4450
0.6205, 0.4450
0.6205, 0.4450
0.6205, 0.4450
0.6205, 0.4450
0.6205, 0.4450
0.6205, 0.4450
0.6205, 0.4450
0.6205, 0.4450
0.6205, 0.4450
0.6205, 0.4450
0.6205, 0.4450
0.6205, 0.4450
0.6205, 0.4450
0.6205, 0.4450
0.6205, 0.4450
0.6205, 0.4450
0.6205, 0.4450
0.6205, 0.4450
0.6205, 0.4450
0.6205, 0.4450
0.6205, 0.4450
0.6205, 0.4450
0.6205, 0.4450
0.6205, 0.4450
0.6205, 0.4450
0.6205, 0.4450
0.6205, 0.4450
0.6205, 0.4450
0.6205, 0.4450
0.0000, 1.0000
0.0000, 1.0000
0.0000, 1.0000
0.0000, 1.0000
0.0000, 1.0000
0.0000, 1.0000
0.0000, 1.0000
0.0000, 1.0000
0.0000, 1.0000
0.0000, 1.0000
0.0000, 1.0000
0.0000, 1.0000
0.0000, 1.0000
0.0000, 1.0000
0.0000, 1.0000
0.0000, 1.0000
0.0000, 1.0000
0.0000, 1.0000
0.0000, 1.0000
0.0000, 1.0000
0.0000, 1.0000
0.0000, 1.0000
0.0000, 1.0000
0.0000, 1.0000
0.0000, 1.0000
0.0000, 1.0000
0.0000, 1.0000
0.0000, 1.0000
0.0000, 1.0000
0.0000, 1.0000
0.0000, 1.0000
0.0000, 1.0000
0.0000, 1.0000
0.0000, 1.0000
0.0000, 1.0000
0.0000, 1.0000
0.0000, 1.0000
0.0000, 1.0000
0.0000, 1.0000
0.0000, 1.0000
0.0000, 1.0000
0.0000, 1.0000
0.0000, 1.0000
0.0000, 1.0000
0.0000, 1.0000
0.0000, 1.0000
0.0000, 1.0000
0.0000, 1.0000
0.0000, 1.0000
0.0000, 1.0000
0.0000, 1.0000
0.0000, 1.0000
0.0000, 1.0000
0.0000, 1.0000
0.0000, 1.0000
0.0000, 1.0000
0.0000, 1.0000
0.0000, 1.0000
0.0000, 1.0000
0.0000, 1.0000
0.0000, 1.0000
0.0000, 1.0000
0.0000, 1.0000
0.0000, 1.0000
0.0000, 1.0000
0.0000, 1.0000
0.0000, 1.0000
0.0000, 1.0000
0.0000, 1.0000
0.0000, 1.0000
0.0000, 1.0000
0.0000, 1.0000
0.0000, 1.0000
0.0000, 1.0000
0.0000, 1.0000
0.0000, 1.0000
0.0000, 1.0000
0.0000, 1.0000
0.0000, 1.0000
0.0000, 1.0000
0.0000, 1.0000
0.0000, 1.0000
0.0000, 1.0000
0.0000, 1.0000
