0.5952, 0.0845
0.5952, 0.0845
0.5952, 0.0845
0.5952, 0.0845
0.5952, 0.0845
0.5952, 0.0845
0.5952, 0.0845
0.5952, 0.0845
0.5952, 0.0845
0.5952, 0.0845
0.5952, 0.0845
0.5952, 0.0845
0.5952, 0.0845
0.5952, 0.0845
0.5952, 0.0845
0.5952, 0.0845
0.5952, 0.0845
0.5952, 0.0845
0.5952, 0.0845
0.5952, 0.0845
0.5952, 0.0845
0.5952, 0.0845
0.5952, 0.0845
0.5952, 0.0845
0.5952, 0.0845
0.5952, 0.0845
0.5952, 0.0845
0.5952, 0.0845
0.5952, 0.0845
0.5952, 0.0845
0.5952, 0.0845
0.5952, 0.0845
0.5952, 0.0845
0.5952, 0.0845
0.5952, 0.0845
0.5952, 0.0845
0.5952, 0.0845
0.5952, 0.0845
0.5952, 0.0845
0.5952, 0.0845
0.5952, 0.0845
0.5952, 0.0845
0.5952, 0.0845
0.5952, 0.0845
0.5952, 0.0845
0.5952, 0.0845
0.5952, 0.0845
0.5952, 0.0845
0.5952, 0.0845
0.5952, 0.0845
0.5952, 0.0845
0.5952, 0.0817
0.5952, 0.0817
0.5952, 0.0817
0.5952, 0.0817
0.5952, 0.0817
0.5952, 0.0817
0.5952, 0.0817
0.5952, 0.0817
0.5952, 0.0817
0.5952, 0.0817
0.5952, 0.0817
0.5952, 0.0817
0.5952, 0.0817
0.5952, 0.0817
0.5952, 0.0790
0.5952, 0.0790
0.5952, 0.0790
0.5952, 0.0790
0.5952, 0.0790
0.5952, 0.0790
0.5952, 0.0790
0.5952, 0.0790
0.5952, 0.0790
0.5952, 0.0790
0.5952, 0.0790
0.5952, 0.0790
0.5952, 0.0790
0.5952, 0.0763
0.5952, 0.0763
0.5952, 0.0763
0.5952, 0.0763
0.5952, 0.0763
0.5952, 0.0763
0.5952, 0.0763
0.5952, 0.0763
0.5952, 0.0736
0.5952, 0.0736
0.5952, 0.0736
0.5952, 0.0736
0.5952, 0.0736
0.5952, 0.0736
0.5952, 0.0736
0.5952, 0.0736
0.5905, 0.0736
0.5905, 0.0736
0.5905, 0.0736
0.5905, 0.0736
0.5905, 0.0736
0.5905, 0.0708
0.5905, 0.0708
0.5905, 0.0708
0.5905, 0.0708
0.5905, 0.0681
0.5905, 0.0681
0.5905, 0.0681
0.5905, 0.0681
0.5905, 0.0681
0.5905, 0.0681
0.5905, 0.0681
0.5905, 0.0681
0.5905, 0.0654
0.5905, 0.0654
0.5905, 0.0654
0.5905, 0.0654
0.5905, 0.0654
0.5905, 0.0654
0.5905, 0.0654
0.5905, 0.0654
0.5905, 0.0654
0.5857, 0.0654
0.5857, 0.0654
0.5857, 0.0654
0.5857, 0.0654
0.5857, 0.0627
0.5857, 0.0627
0.5857, 0.0627
0.5857, 0.0627
0.5810, 0.0627
0.5810, 0.0627
0.5810, 0.0627
0.5810, 0.0627
0.5810, 0.0599
0.5810, 0.0599
0.5810, 0.0599
0.5810, 0.0599
0.5810, 0.0599
0.5810, 0.0599
0.5810, 0.0599
0.5810, 0.0599
0.5810, 0.0599
0.5810, 0.0599
0.5810, 0.0599
0.5810, 0.0599
0.5810, 0.0599
0.5810, 0.0599
0.5810, 0.0599
0.5810, 0.0599
0.5810, 0.0599
0.5810, 0.0599
0.5810, 0.0599
0.5810, 0.0599
0.5810, 0.0599
0.5810, 0.0599
0.5762, 0.0599
0.5762, 0.0599
0.5762, 0.0599
0.5762, 0.0572
0.5762, 0.0572
0.5762, 0.0572
0.5762, 0.0572
0.5762, 0.0572
0.5762, 0.0572
0.5762, 0.0572
0.5762, 0.0572
0.5762, 0.0572
0.5714, 0.0572
0.5714, 0.0572
0.5714, 0.0572
0.5714, 0.0572
0.5714, 0.0545
0.5714, 0.0545
0.5714, 0.0545
0.5714, 0.0545
0.5714, 0.0545
0.5714, 0.0545
0.5714, 0.0545
0.5667, 0.0518
0.5667, 0.0518
0.5667, 0.0518
0.5667, 0.0518
0.5667, 0.0518
0.5667, 0.0518
0.5667, 0.0518
0.5667, 0.0518
0.5667, 0.0518
0.5667, 0.0518
0.5667, 0.0518
0.5667, 0.0518
0.5667, 0.0518
0.5667, 0.0518
0.5667, 0.0518
0.5667, 0.0518
0.5667, 0.0518
0.5667, 0.0518
0.5667, 0.0518
0.5667, 0.0518
0.5667, 0.0518
0.5619, 0.0490
0.5619, 0.0490
0.5619, 0.0490
0.5619, 0.0490
0.5619, 0.0490
0.5619, 0.0490
0.5619, 0.0490
0.5619, 0.0490
0.5619, 0.0490
0.5619, 0.0490
0.5619, 0.0490
0.5619, 0.0490
0.5619, 0.0490
0.5619, 0.0490
0.5619, 0.0490
0.5619, 0.0490
0.5619, 0.0490
0.5619, 0.0490
0.5571, 0.0463
0.5571, 0.0463
0.5571, 0.0463
0.5571, 0.0463
0.5571, 0.0463
0.5571, 0.0463
0.5571, 0.0463
0.5571, 0.0463
0.5571, 0.0463
0.5571, 0.0463
0.5571, 0.0463
0.5571, 0.0463
0.5571, 0.0463
0.5571, 0.0463
0.5571, 0.0463
0.5571, 0.0463
0.5524, 0.0463
0.5524, 0.0463
0.5524, 0.0463
0.5524, 0.0463
0.5524, 0.0463
0.5476, 0.0463
0.5476, 0.0463
0.5476, 0.0463
0.5476, 0.0436
0.5476, 0.0436
0.5476, 0.0436
0.5476, 0.0436
0.5429, 0.0436
0.5429, 0.0436
0.5429, 0.0436
0.5429, 0.0436
0.5429, 0.0409
0.5429, 0.0409
0.5429, 0.0409
0.5429, 0.0409
0.5429, 0.0409
0.5429, 0.0409
0.5429, 0.0409
0.5429, 0.0409
0.5381, 0.0409
0.5381, 0.0409
0.5381, 0.0409
0.5381, 0.0409
0.5381, 0.0409
0.5381, 0.0409
0.5381, 0.0409
0.5381, 0.0409
0.5333, 0.0409
0.5333, 0.0409
0.5333, 0.0409
0.5333, 0.0381
0.5333, 0.0381
0.5333, 0.0381
0.5333, 0.0381
0.5333, 0.0381
0.5333, 0.0381
0.5333, 0.0381
0.5333, 0.0381
0.5333, 0.0381
0.5286, 0.0381
0.5286, 0.0381
0.5286, 0.0381
0.5286, 0.0381
0.5286, 0.0354
0.5286, 0.0354
0.5286, 0.0354
0.5286, 0.0354
0.5238, 0.0354
0.5238, 0.0354
0.5238, 0.0354
0.5238, 0.0354
0.5238, 0.0354
0.5238, 0.0354
0.5238, 0.0354
0.5238, 0.0354
0.5238, 0.0354
0.5190, 0.0354
0.5190, 0.0354
0.5190, 0.0354
0.5190, 0.0354
0.5190, 0.0327
0.5190, 0.0327
0.5190, 0.0327
0.5190, 0.0327
0.5190, 0.0327
0.5190, 0.0327
0.5190, 0.0327
0.5190, 0.0327
0.5143, 0.0327
0.5143, 0.0327
0.5143, 0.0327
0.5143, 0.0327
0.5143, 0.0327
0.5143, 0.0327
0.5143, 0.0327
0.5143, 0.0327
0.5095, 0.0327
0.5095, 0.0327
0.5095, 0.0327
0.5095, 0.0327
0.5095, 0.0327
0.5095, 0.0327
0.5095, 0.0327
0.5095, 0.0327
0.5095, 0.0327
0.5095, 0.0327
0.5095, 0.0327
0.5095, 0.0327
0.5095, 0.0327
0.5095, 0.0327
0.5095, 0.0327
0.5095, 0.0327
0.5095, 0.0327
0.5095, 0.0327
0.5048, 0.0300
0.5048, 0.0300
0.5048, 0.0300
0.5048, 0.0300
0.5000, 0.0300
0.5000, 0.0300
0.5000, 0.0300
0.5000, 0.0300
0.5000, 0.0300
0.5000, 0.0300
0.5000, 0.0300
0.5000, 0.0300
0.4952, 0.0272
0.4952, 0.0272
0.4952, 0.0272
0.4952, 0.0272
0.4952, 0.0272
0.4952, 0.0272
0.4952, 0.0272
0.4952, 0.0272
0.4905, 0.0272
0.4905, 0.0272
0.4905, 0.0272
0.4905, 0.0272
0.4905, 0.0272
0.4905, 0.0272
0.4905, 0.0272
0.4905, 0.0272
0.4857, 0.0272
0.4857, 0.0272
0.4857, 0.0272
0.4857, 0.0272
0.4857, 0.0272
0.4857, 0.0272
0.4857, 0.0272
0.4810, 0.0272
0.4810, 0.0272
0.4810, 0.0272
0.4810, 0.0272
0.4810, 0.0245
0.4810, 0.0245
0.4810, 0.0245
0.4762, 0.0245
0.4762, 0.0245
0.4762, 0.0245
0.4762, 0.0245
0.4762, 0.0245
0.4714, 0.0245
0.4714, 0.0245
0.4714, 0.0245
0.4714, 0.0218
0.4714, 0.0218
0.4714, 0.0218
0.4714, 0.0218
0.4714, 0.0218
0.4714, 0.0218
0.4714, 0.0218
0.4714, 0.0218
0.4667, 0.0218
0.4667, 0.0218
0.4667, 0.0218
0.4667, 0.0218
0.4619, 0.0218
0.4619, 0.0218
0.4619, 0.0218
0.4619, 0.0218
0.4619, 0.0191
0.4619, 0.0191
0.4619, 0.0191
0.4619, 0.0191
0.4619, 0.0191
0.4619, 0.0191
0.4619, 0.0191
0.4619, 0.0191
0.4571, 0.0191
0.4571, 0.0191
0.4571, 0.0191
0.4571, 0.0191
0.4571, 0.0191
0.4571, 0.0191
0.4571, 0.0191
0.4571, 0.0191
0.4524, 0.0191
0.4524, 0.0191
0.4524, 0.0191
0.4524, 0.0191
0.4524, 0.0191
0.4524, 0.0191
0.4524, 0.0191
0.4524, 0.0191
0.4476, 0.0191
0.4476, 0.0191
0.4476, 0.0191
0.4476, 0.0191
0.4429, 0.0191
0.4429, 0.0191
0.4429, 0.0191
0.4429, 0.0191
0.4381, 0.0163
0.4381, 0.0163
0.4381, 0.0163
0.4381, 0.0163
0.4381, 0.0163
0.4381, 0.0163
0.4381, 0.0163
0.4381, 0.0163
0.4381, 0.0163
0.4381, 0.0163
0.4381, 0.0163
0.4381, 0.0163
0.4333, 0.0136
0.4333, 0.0136
0.4333, 0.0136
0.4286, 0.0136
0.4286, 0.0136
0.4286, 0.0136
0.4286, 0.0136
0.4286, 0.0136
0.4286, 0.0136
0.4286, 0.0136
0.4286, 0.0136
0.4286, 0.0136
0.4286, 0.0136
0.4286, 0.0136
0.4286, 0.0136
0.4286, 0.0136
0.4238, 0.0136
0.4238, 0.0136
0.4238, 0.0136
0.4238, 0.0136
0.4238, 0.0136
0.4238, 0.0136
0.4238, 0.0136
0.4238, 0.0136
0.4190, 0.0136
0.4190, 0.0136
0.4190, 0.0136
0.4190, 0.0136
0.4190, 0.0136
0.4190, 0.0136
0.4190, 0.0136
0.4143, 0.0136
0.4143, 0.0136
0.4143, 0.0136
0.4143, 0.0136
0.4143, 0.0136
0.4143, 0.0136
0.4143, 0.0136
0.4143, 0.0136
0.4095, 0.0136
0.4095, 0.0136
0.4095, 0.0136
0.4048, 0.0136
0.4048, 0.0136
0.4048, 0.0136
0.4048, 0.0136
0.4048, 0.0136
0.4048, 0.0136
0.4048, 0.0136
0.4048, 0.0136
0.4048, 0.0136
0.4048, 0.0136
0.4048, 0.0136
0.4048, 0.0136
0.4048, 0.0136
0.4000, 0.0136
0.4000, 0.0136
0.4000, 0.0136
0.3952, 0.0136
0.3952, 0.0136
0.3952, 0.0136
0.3952, 0.0136
0.3952, 0.0136
0.3952, 0.0136
0.3952, 0.0136
0.3952, 0.0136
0.3952, 0.0136
0.3905, 0.0136
0.3905, 0.0136
0.3905, 0.0136
0.3905, 0.0136
0.3905, 0.0136
0.3905, 0.0136
0.3905, 0.0136
0.3905, 0.0136
0.3905, 0.0136
0.3905, 0.0136
0.3905, 0.0136
0.3857, 0.0136
0.3857, 0.0136
0.3857, 0.0136
0.3857, 0.0136
0.3857, 0.0136
0.3857, 0.0136
0.3857, 0.0136
0.3857, 0.0136
0.3810, 0.0136
0.3810, 0.0136
0.3810, 0.0136
0.3810, 0.0136
0.3810, 0.0136
0.3810, 0.0136
0.3810, 0.0136
0.3810, 0.0136
0.3810, 0.0136
0.3810, 0.0136
0.3810, 0.0136
0.3810, 0.0136
0.3762, 0.0136
0.3762, 0.0136
0.3762, 0.0136
0.3762, 0.0136
0.3762, 0.0136
0.3762, 0.0136
0.3762, 0.0136
0.3762, 0.0136
0.3714, 0.0136
0.3714, 0.0136
0.3714, 0.0136
0.3667, 0.0136
0.3667, 0.0136
0.3667, 0.0136
0.3667, 0.0136
0.3667, 0.0136
0.3667, 0.0136
0.3667, 0.0136
0.3667, 0.0136
0.3619, 0.0136
0.3619, 0.0136
0.3619, 0.0136
0.3619, 0.0136
0.3571, 0.0136
0.3571, 0.0136
0.3571, 0.0136
0.3571, 0.0136
0.3571, 0.0136
0.3571, 0.0136
0.3571, 0.0136
0.3571, 0.0136
0.3571, 0.0136
0.3571, 0.0136
0.3571, 0.0136
0.3524, 0.0136
0.3524, 0.0136
0.3524, 0.0136
0.3476, 0.0136
0.3476, 0.0136
0.3476, 0.0136
0.3476, 0.0136
0.3476, 0.0136
0.3476, 0.0136
0.3476, 0.0136
0.3476, 0.0136
0.3429, 0.0136
0.3429, 0.0136
0.3429, 0.0136
0.3429, 0.0136
0.3429, 0.0136
0.3429, 0.0136
0.3429, 0.0136
0.3429, 0.0136
0.3429, 0.0136
0.3429, 0.0136
0.3429, 0.0136
0.3429, 0.0136
0.3381, 0.0136
0.3381, 0.0136
0.3381, 0.0136
0.3381, 0.0136
0.3381, 0.0136
0.3381, 0.0136
0.3381, 0.0136
0.3333, 0.0136
0.3333, 0.0136
0.3333, 0.0136
0.3333, 0.0136
0.3333, 0.0136
0.3333, 0.0136
0.3333, 0.0136
0.3333, 0.0136
0.3286, 0.0136
0.3286, 0.0136
0.3286, 0.0136
0.3286, 0.0136
0.3286, 0.0136
0.3286, 0.0136
0.3286, 0.0136
0.3286, 0.0136
0.3238, 0.0136
0.3238, 0.0136
0.3238, 0.0136
0.3190, 0.0136
0.3190, 0.0136
0.3190, 0.0136
0.3190, 0.0136
0.3190, 0.0136
0.3190, 0.0136
0.3190, 0.0136
0.3190, 0.0136
0.3190, 0.0136
0.3190, 0.0136
0.3190, 0.0136
0.3190, 0.0136
0.3190, 0.0136
0.3190, 0.0136
0.3190, 0.0136
0.3190, 0.0136
0.3190, 0.0136
0.3190, 0.0136
0.3190, 0.0136
0.3143, 0.0136
0.3143, 0.0136
0.3143, 0.0136
0.3095, 0.0136
0.3095, 0.0136
0.3095, 0.0136
0.3095, 0.0136
0.3095, 0.0136
0.3095, 0.0136
0.3095, 0.0136
0.3095, 0.0136
0.3095, 0.0136
0.3095, 0.0136
0.3095, 0.0136
0.3095, 0.0136
0.3095, 0.0136
0.3095, 0.0136
0.3095, 0.0136
0.3095, 0.0136
0.3048, 0.0136
0.3048, 0.0136
0.3048, 0.0136
0.3000, 0.0136
0.3000, 0.0136
0.3000, 0.0136
0.3000, 0.0136
0.3000, 0.0136
0.3000, 0.0136
0.3000, 0.0136
0.3000, 0.0136
0.3000, 0.0136
0.3000, 0.0136
0.3000, 0.0136
0.3000, 0.0136
0.3000, 0.0136
0.3000, 0.0136
0.3000, 0.0136
0.3000, 0.0136
0.2952, 0.0136
0.2952, 0.0136
0.2952, 0.0136
0.2905, 0.0136
0.2905, 0.0136
0.2905, 0.0136
0.2905, 0.0136
0.2905, 0.0136
0.2905, 0.0136
0.2857, 0.0136
0.2857, 0.0136
0.2857, 0.0136
0.2857, 0.0136
0.2857, 0.0136
0.2857, 0.0136
0.2857, 0.0136
0.2857, 0.0136
0.2857, 0.0136
0.2857, 0.0136
0.2810, 0.0136
0.2810, 0.0136
0.2810, 0.0136
0.2810, 0.0136
0.2762, 0.0163
0.2762, 0.0163
0.2762, 0.0163
0.2762, 0.0163
0.2762, 0.0163
0.2762, 0.0163
0.2714, 0.0163
0.2714, 0.0163
0.2714, 0.0163
0.2714, 0.0163
0.2714, 0.0163
0.2714, 0.0163
0.2714, 0.0163
0.2714, 0.0163
0.2667, 0.0163
0.2667, 0.0163
0.2667, 0.0163
0.2667, 0.0163
0.2619, 0.0163
0.2619, 0.0163
0.2619, 0.0163
0.2619, 0.0163
0.2619, 0.0163
0.2619, 0.0163
0.2619, 0.0163
0.2619, 0.0163
0.2619, 0.0163
0.2619, 0.0163
0.2619, 0.0163
0.2619, 0.0163
0.2619, 0.0163
0.2619, 0.0163
0.2619, 0.0163
0.2571, 0.0163
0.2571, 0.0163
0.2571, 0.0163
0.2571, 0.0191
0.2571, 0.0191
0.2571, 0.0191
0.2571, 0.0191
0.2571, 0.0191
0.2571, 0.0191
0.2571, 0.0191
0.2571, 0.0191
0.2524, 0.0191
0.2524, 0.0191
0.2524, 0.0191
0.2524, 0.0191
0.2524, 0.0191
0.2524, 0.0191
0.2524, 0.0191
0.2524, 0.0218
0.2524, 0.0218
0.2524, 0.0218
0.2524, 0.0218
0.2524, 0.0218
0.2524, 0.0218
0.2524, 0.0218
0.2524, 0.0218
0.2524, 0.0218
0.2524, 0.0218
0.2524, 0.0218
0.2476, 0.0218
0.2476, 0.0218
0.2476, 0.0218
0.2476, 0.0245
0.2476, 0.0245
0.2476, 0.0245
0.2476, 0.0245
0.2429, 0.0245
0.2429, 0.0245
0.2429, 0.0245
0.2429, 0.0245
0.2429, 0.0245
0.2429, 0.0245
0.2429, 0.0245
0.2381, 0.0245
0.2381, 0.0245
0.2381, 0.0245
0.2381, 0.0245
0.2381, 0.0245
0.2381, 0.0245
0.2381, 0.0245
0.2333, 0.0272
0.2333, 0.0272
0.2333, 0.0272
0.2333, 0.0272
0.2333, 0.0272
0.2333, 0.0272
0.2333, 0.0272
0.2333, 0.0272
0.2286, 0.0272
0.2286, 0.0272
0.2286, 0.0272
0.2286, 0.0300
0.2286, 0.0300
0.2286, 0.0300
0.2286, 0.0300
0.2286, 0.0300
0.2286, 0.0300
0.2286, 0.0300
0.2286, 0.0300
0.2238, 0.0300
0.2238, 0.0300
0.2238, 0.0300
0.2190, 0.0300
0.2190, 0.0300
0.2190, 0.0300
0.2190, 0.0300
0.2190, 0.0327
0.2190, 0.0327
0.2190, 0.0327
0.2190, 0.0327
0.2190, 0.0327
0.2190, 0.0327
0.2143, 0.0327
0.2143, 0.0327
0.2143, 0.0327
0.2143, 0.0327
0.2143, 0.0354
0.2143, 0.0354
0.2143, 0.0354
0.2143, 0.0354
0.2143, 0.0354
0.2143, 0.0354
0.2143, 0.0354
0.2143, 0.0381
0.2143, 0.0381
0.2143, 0.0381
0.2143, 0.0381
0.2095, 0.0381
0.2095, 0.0381
0.2095, 0.0381
0.2095, 0.0381
0.2095, 0.0381
0.2095, 0.0381
0.2095, 0.0381
0.2048, 0.0409
0.2048, 0.0409
0.2048, 0.0409
0.2048, 0.0409
0.2048, 0.0409
0.2048, 0.0409
0.2048, 0.0409
0.2048, 0.0436
0.2048, 0.0436
0.2048, 0.0436
0.2000, 0.0436
0.2000, 0.0436
0.2000, 0.0436
0.1952, 0.0436
0.1952, 0.0436
0.1952, 0.0436
0.1952, 0.0436
0.1952, 0.0463
0.1952, 0.0463
0.1952, 0.0463
0.1905, 0.0490
0.1905, 0.0490
0.1905, 0.0490
0.1905, 0.0490
0.1905, 0.0490
0.1905, 0.0490
0.1905, 0.0490
0.1905, 0.0490
0.1905, 0.0490
0.1905, 0.0490
0.1905, 0.0490
0.1857, 0.0518
0.1857, 0.0518
0.1857, 0.0518
0.1857, 0.0518
0.1857, 0.0518
0.1857, 0.0518
0.1857, 0.0518
0.1810, 0.0545
0.1810, 0.0545
0.1810, 0.0545
0.1810, 0.0545
0.1810, 0.0572
0.1810, 0.0572
0.1810, 0.0572
0.1810, 0.0572
0.1810, 0.0572
0.1810, 0.0572
0.1810, 0.0572
0.1810, 0.0572
0.1810, 0.0572
0.1810, 0.0572
0.1762, 0.0599
0.1762, 0.0599
0.1762, 0.0599
0.1762, 0.0627
0.1762, 0.0627
0.1762, 0.0627
0.1762, 0.0627
0.1714, 0.0627
0.1714, 0.0627
0.1714, 0.0627
0.1667, 0.0654
0.1667, 0.0654
0.1667, 0.0654
0.1667, 0.0654
0.1667, 0.0681
0.1667, 0.0681
0.1667, 0.0681
0.1667, 0.0708
0.1667, 0.0708
0.1667, 0.0708
0.1667, 0.0708
0.1619, 0.0708
0.1619, 0.0708
0.1619, 0.0708
0.1619, 0.0736
0.1619, 0.0736
0.1619, 0.0736
0.1619, 0.0736
0.1619, 0.0763
0.1619, 0.0763
0.1619, 0.0763
0.1571, 0.0763
0.1571, 0.0763
0.1571, 0.0763
0.1571, 0.0790
0.1571, 0.0790
0.1571, 0.0790
0.1571, 0.0817
0.1571, 0.0817
0.1571, 0.0817
0.1571, 0.0817
0.1571, 0.0845
0.1571, 0.0845
0.1571, 0.0845
0.1571, 0.0845
0.1571, 0.0845
0.1571, 0.0845
0.1571, 0.0845
0.1571, 0.0899
0.1571, 0.0899
0.1571, 0.0899
0.1524, 0.0926
0.1524, 0.0926
0.1524, 0.0926
0.1524, 0.0954
0.1524, 0.0954
0.1524, 0.0954
0.1524, 0.0954
0.1524, 0.0981
0.1524, 0.0981
0.1524, 0.0981
0.1524, 0.0981
0.1524, 0.0981
0.1524, 0.0981
0.1524, 0.0981
0.1476, 0.1035
0.1476, 0.1035
0.1476, 0.1035
0.1476, 0.1063
0.1476, 0.1063
0.1476, 0.1063
0.1476, 0.1063
0.1476, 0.1063
0.1476, 0.1063
0.1476, 0.1063
0.1476, 0.1063
0.1429, 0.1090
0.1429, 0.1090
0.1429, 0.1090
0.1429, 0.1144
0.1429, 0.1144
0.1429, 0.1144
0.1429, 0.1144
0.1429, 0.1144
0.1429, 0.1144
0.1429, 0.1144
0.1429, 0.1172
0.1429, 0.1172
0.1429, 0.1172
0.1429, 0.1199
0.1429, 0.1199
0.1429, 0.1199
0.1429, 0.1199
0.1429, 0.1226
0.1429, 0.1226
0.1429, 0.1226
0.1429, 0.1226
0.1429, 0.1226
0.1429, 0.1226
0.1429, 0.1226
0.1429, 0.1253
0.1429, 0.1253
0.1429, 0.1253
0.1429, 0.1281
0.1429, 0.1281
0.1429, 0.1281
0.1381, 0.1281
0.1381, 0.1281
0.1381, 0.1281
0.1381, 0.1281
0.1381, 0.1308
0.1381, 0.1308
0.1381, 0.1308
0.1381, 0.1335
0.1381, 0.1335
0.1381, 0.1335
0.1381, 0.1335
0.1381, 0.1335
0.1381, 0.1335
0.1381, 0.1335
0.1381, 0.1362
0.1381, 0.1362
0.1381, 0.1362
0.1381, 0.1362
0.1381, 0.1417
0.1381, 0.1417
0.1381, 0.1417
0.1381, 0.1417
0.1381, 0.1417
0.1381, 0.1417
0.1333, 0.1444
0.1333, 0.1444
0.1333, 0.1444
0.1333, 0.1444
0.1333, 0.1499
0.1333, 0.1499
0.1333, 0.1499
0.1333, 0.1499
0.1333, 0.1499
0.1333, 0.1499
0.1333, 0.1499
0.1333, 0.1526
0.1333, 0.1526
0.1333, 0.1526
0.1333, 0.1580
0.1333, 0.1580
0.1333, 0.1580
0.1333, 0.1580
0.1333, 0.1580
0.1333, 0.1580
0.1333, 0.1580
0.1333, 0.1608
0.1333, 0.1608
0.1333, 0.1608
0.1333, 0.1635
0.1333, 0.1635
0.1333, 0.1635
0.1333, 0.1635
0.1333, 0.1635
0.1333, 0.1635
0.1333, 0.1635
0.1333, 0.1662
0.1333, 0.1662
0.1333, 0.1662
0.1333, 0.1689
0.1333, 0.1689
0.1333, 0.1689
0.1333, 0.1717
0.1333, 0.1717
0.1333, 0.1717
0.1333, 0.1717
0.1333, 0.1717
0.1333, 0.1717
0.1333, 0.1717
0.1333, 0.1771
0.1333, 0.1771
0.1333, 0.1771
0.1333, 0.1771
0.1333, 0.1771
0.1333, 0.1771
0.1333, 0.1771
0.1333, 0.1771
0.1333, 0.1771
0.1333, 0.1771
0.1333, 0.1798
0.1333, 0.1798
0.1333, 0.1798
0.1333, 0.1826
0.1333, 0.1826
0.1333, 0.1826
0.1333, 0.1853
0.1333, 0.1853
0.1333, 0.1853
0.1333, 0.1853
0.1333, 0.1853
0.1333, 0.1853
0.1333, 0.1853
0.1333, 0.1880
0.1333, 0.1880
0.1333, 0.1880
0.1333, 0.1907
0.1333, 0.1907
0.1333, 0.1907
0.1333, 0.1907
0.1333, 0.1907
0.1333, 0.1907
0.1333, 0.1935
0.1333, 0.1935
0.1333, 0.1935
0.1333, 0.1935
0.1333, 0.1962
0.1333, 0.1962
0.1333, 0.1962
0.1333, 0.1989
0.1333, 0.1989
0.1333, 0.1989
0.1381, 0.1989
0.1381, 0.1989
0.1381, 0.2016
0.1381, 0.2016
0.1381, 0.2016
0.1381, 0.2016
0.1429, 0.2071
0.1429, 0.2071
0.1429, 0.2071
0.1429, 0.2071
0.1429, 0.2071
0.1429, 0.2071
0.1429, 0.2098
0.1429, 0.2098
0.1429, 0.2098
0.1429, 0.2125
0.1429, 0.2125
0.1429, 0.2125
0.1429, 0.2153
0.1429, 0.2153
0.1429, 0.2153
0.1476, 0.2180
0.1476, 0.2180
0.1476, 0.2180
0.1476, 0.2207
0.1476, 0.2207
0.1476, 0.2207
0.1476, 0.2207
0.1524, 0.2207
0.1524, 0.2207
0.1524, 0.2207
0.1524, 0.2234
0.1524, 0.2234
0.1524, 0.2234
0.1524, 0.2262
0.1524, 0.2262
0.1524, 0.2262
0.1524, 0.2262
0.1524, 0.2262
0.1524, 0.2262
0.1524, 0.2262
0.1524, 0.2289
0.1524, 0.2289
0.1524, 0.2289
0.1524, 0.2316
0.1524, 0.2316
0.1524, 0.2316
0.1571, 0.2343
0.1571, 0.2343
0.1571, 0.2343
0.1571, 0.2371
0.1571, 0.2371
0.1571, 0.2371
0.1619, 0.2398
0.1619, 0.2398
0.1619, 0.2398
0.1619, 0.2398
0.1619, 0.2425
0.1619, 0.2425
0.1619, 0.2425
0.1619, 0.2425
0.1619, 0.2425
0.1619, 0.2425
0.1619, 0.2425
0.1619, 0.2425
0.1619, 0.2425
0.1619, 0.2425
0.1619, 0.2452
0.1619, 0.2452
0.1619, 0.2452
0.1667, 0.2452
0.1667, 0.2452
0.1667, 0.2452
0.1667, 0.2480
0.1667, 0.2480
0.1667, 0.2480
0.1667, 0.2480
0.1667, 0.2480
0.1667, 0.2480
0.1667, 0.2480
0.1714, 0.2480
0.1714, 0.2480
0.1714, 0.2480
0.1714, 0.2480
0.1714, 0.2480
0.1714, 0.2480
0.1714, 0.2480
0.1714, 0.2507
0.1714, 0.2507
0.1714, 0.2507
0.1762, 0.2534
0.1762, 0.2534
0.1762, 0.2534
0.1762, 0.2561
0.1762, 0.2561
0.1762, 0.2561
0.1762, 0.2561
0.1762, 0.2561
0.1762, 0.2561
0.1762, 0.2561
0.1762, 0.2561
0.1762, 0.2561
0.1762, 0.2561
0.1762, 0.2561
0.1810, 0.2589
0.1810, 0.2589
0.1810, 0.2589
0.1810, 0.2616
0.1810, 0.2616
0.1810, 0.2616
0.1857, 0.2616
0.1857, 0.2616
0.1857, 0.2616
0.1857, 0.2643
0.1857, 0.2643
0.1857, 0.2643
0.1857, 0.2698
0.1857, 0.2698
0.1857, 0.2698
0.1905, 0.2698
0.1905, 0.2698
0.1905, 0.2698
0.1905, 0.2698
0.1905, 0.2725
0.1905, 0.2725
0.1905, 0.2725
0.1952, 0.2725
0.2000, 0.2752
0.2000, 0.2752
0.2000, 0.2779
0.2000, 0.2807
0.2000, 0.2807
0.2048, 0.2834
0.2095, 0.2888
0.2095, 0.2888
0.2095, 0.2888
0.2143, 0.2888
0.2143, 0.2888
0.2143, 0.2888
0.2143, 0.2916
0.2143, 0.2916
0.2143, 0.2916
0.2190, 0.2943
0.2190, 0.2943
0.2190, 0.2943
0.2238, 0.2970
0.2238, 0.2970
0.2238, 0.2970
0.2238, 0.2970
0.2238, 0.2970
0.2238, 0.2970
0.2238, 0.2970
0.2238, 0.2997
0.2238, 0.2997
0.2238, 0.2997
0.2286, 0.3025
0.2286, 0.3025
0.2286, 0.3025
0.2286, 0.3025
0.2286, 0.3025
0.2286, 0.3025
0.2333, 0.3052
0.2333, 0.3052
0.2333, 0.3052
0.2333, 0.3052
0.2333, 0.3079
0.2333, 0.3079
0.2333, 0.3079
0.2381, 0.3106
0.2381, 0.3106
0.2381, 0.3106
0.2381, 0.3106
0.2381, 0.3106
0.2381, 0.3106
0.2429, 0.3134
0.2429, 0.3134
0.2429, 0.3134
0.2429, 0.3134
0.2476, 0.3161
0.2476, 0.3161
0.2476, 0.3161
0.2476, 0.3161
0.2476, 0.3161
0.2476, 0.3161
0.2476, 0.3188
0.2476, 0.3188
0.2476, 0.3188
0.2524, 0.3215
0.2524, 0.3215
0.2524, 0.3215
0.2571, 0.3243
0.2571, 0.3243
0.2571, 0.3243
0.2571, 0.3243
0.2571, 0.3243
0.2571, 0.3243
0.2571, 0.3243
0.2571, 0.3270
0.2571, 0.3270
0.2571, 0.3270
0.2619, 0.3270
0.2619, 0.3270
0.2619, 0.3270
0.2667, 0.3297
0.2667, 0.3297
0.2667, 0.3297
0.2714, 0.3297
0.2714, 0.3297
0.2714, 0.3297
0.2714, 0.3324
0.2714, 0.3324
0.2714, 0.3324
0.2714, 0.3324
0.2714, 0.3324
0.2714, 0.3324
0.2714, 0.3351
0.2714, 0.3351
0.2714, 0.3351
0.2762, 0.3351
0.2762, 0.3351
0.2762, 0.3351
0.2762, 0.3351
0.2762, 0.3351
0.2762, 0.3351
0.2762, 0.3351
0.2810, 0.3379
0.2810, 0.3379
0.2810, 0.3379
0.2810, 0.3406
0.2810, 0.3406
0.2810, 0.3406
0.2857, 0.3406
0.2857, 0.3406
0.2857, 0.3406
0.2857, 0.3433
0.2857, 0.3433
0.2857, 0.3433
0.2905, 0.3433
0.2905, 0.3433
0.2905, 0.3433
0.2952, 0.3433
0.2952, 0.3433
0.2952, 0.3433
0.2952, 0.3460
0.2952, 0.3460
0.2952, 0.3460
0.2952, 0.3460
0.2952, 0.3460
0.2952, 0.3460
0.2952, 0.3460
0.3000, 0.3488
0.3000, 0.3488
0.3000, 0.3488
0.3000, 0.3488
0.3000, 0.3488
0.3048, 0.3488
0.3048, 0.3488
0.3048, 0.3488
0.3048, 0.3488
0.3048, 0.3488
0.3048, 0.3488
0.3048, 0.3488
0.3095, 0.3515
0.3095, 0.3515
0.3095, 0.3515
0.3143, 0.3542
0.3143, 0.3542
0.3143, 0.3542
0.3143, 0.3542
0.3143, 0.3542
0.3143, 0.3542
0.3190, 0.3569
0.3190, 0.3569
0.3190, 0.3569
0.3190, 0.3569
0.3190, 0.3569
0.3190, 0.3569
0.3190, 0.3569
0.3238, 0.3569
0.3238, 0.3569
0.3238, 0.3569
0.3286, 0.3569
0.3286, 0.3569
0.3286, 0.3569
0.3286, 0.3597
0.3286, 0.3597
0.3286, 0.3597
0.3286, 0.3597
0.3286, 0.3597
0.3286, 0.3597
0.3333, 0.3624
0.3333, 0.3624
0.3333, 0.3624
0.3333, 0.3624
0.3333, 0.3624
0.3333, 0.3624
0.3381, 0.3624
0.3381, 0.3624
0.3381, 0.3624
0.3381, 0.3624
0.3381, 0.3624
0.3381, 0.3624
0.3381, 0.3624
0.3381, 0.3624
0.3381, 0.3624
0.3381, 0.3624
0.3429, 0.3651
0.3429, 0.3651
0.3429, 0.3651
0.3476, 0.3678
0.3476, 0.3678
0.3476, 0.3678
0.3524, 0.3678
0.3524, 0.3678
0.3524, 0.3678
0.3524, 0.3706
0.3524, 0.3706
0.3524, 0.3706
0.3571, 0.3706
0.3571, 0.3706
0.3571, 0.3706
0.3619, 0.3706
0.3619, 0.3706
0.3619, 0.3706
0.3619, 0.3733
0.3619, 0.3733
0.3619, 0.3733
0.3619, 0.3733
0.3619, 0.3733
0.3619, 0.3733
0.3667, 0.3760
0.3667, 0.3760
0.3667, 0.3760
0.3714, 0.3760
0.3714, 0.3760
0.3714, 0.3760
0.3762, 0.3760
0.3762, 0.3760
0.3762, 0.3760
0.3762, 0.3760
0.3762, 0.3760
0.3762, 0.3760
0.3810, 0.3787
0.3810, 0.3787
0.3810, 0.3787
0.3810, 0.3815
0.3810, 0.3815
0.3810, 0.3815
0.3857, 0.3815
0.3857, 0.3815
0.3857, 0.3815
0.3857, 0.3842
0.3857, 0.3842
0.3857, 0.3842
0.3905, 0.3842
0.3905, 0.3842
0.3952, 0.3842
0.3952, 0.3842
0.3952, 0.3842
0.3952, 0.3842
0.3952, 0.3842
0.3952, 0.3842
0.4000, 0.3869
0.4000, 0.3869
0.4000, 0.3869
0.4000, 0.3869
0.4000, 0.3896
0.4000, 0.3896
0.4048, 0.3896
0.4048, 0.3896
0.4048, 0.3896
0.4048, 0.3896
0.4048, 0.3896
0.4048, 0.3896
0.4048, 0.3896
0.4095, 0.3896
0.4095, 0.3896
0.4095, 0.3924
0.4095, 0.3924
0.4095, 0.3924
0.4095, 0.3924
0.4095, 0.3924
0.4095, 0.3924
0.4095, 0.3924
0.4143, 0.3951
0.4143, 0.3951
0.4190, 0.3978
0.4190, 0.3978
0.4190, 0.3978
0.4238, 0.3978
0.4238, 0.3978
0.4238, 0.3978
0.4238, 0.3978
0.4238, 0.3978
0.4238, 0.3978
0.4286, 0.3978
0.4286, 0.3978
0.4286, 0.3978
0.4333, 0.4005
0.4333, 0.4005
0.4333, 0.4005
0.4333, 0.4005
0.4333, 0.4005
0.4333, 0.4005
0.4333, 0.4033
0.4333, 0.4033
0.4333, 0.4033
0.4381, 0.4033
0.4381, 0.4033
0.4381, 0.4033
0.4429, 0.4033
0.4429, 0.4033
0.4429, 0.4033
0.4429, 0.4033
0.4429, 0.4033
0.4429, 0.4033
0.4476, 0.4060
0.4476, 0.4060
0.4476, 0.4060
0.4476, 0.4060
0.4476, 0.4060
0.4476, 0.4060
0.4524, 0.4087
0.4524, 0.4087
0.4524, 0.4087
0.4571, 0.4087
0.4571, 0.4087
0.4571, 0.4087
0.4571, 0.4114
0.4571, 0.4114
0.4571, 0.4114
0.4619, 0.4114
0.4619, 0.4114
0.4619, 0.4114
0.4667, 0.4114
0.4667, 0.4114
0.4667, 0.4114
0.4667, 0.4142
0.4667, 0.4142
0.4667, 0.4142
0.4714, 0.4142
0.4714, 0.4142
0.4714, 0.4142
0.4762, 0.4169
0.4762, 0.4169
0.4762, 0.4169
0.4810, 0.4169
0.4810, 0.4169
0.4810, 0.4169
0.4810, 0.4169
0.4810, 0.4169
0.4810, 0.4169
0.4857, 0.4169
0.4857, 0.4169
0.4857, 0.4169
0.4952, 0.4196
0.4952, 0.4196
0.4952, 0.4196
0.4952, 0.4196
0.4952, 0.4196
0.4952, 0.4196
0.4952, 0.4196
0.5000, 0.4196
0.5000, 0.4196
0.5000, 0.4196
0.5095, 0.4223
0.5095, 0.4223
0.5095, 0.4223
0.5095, 0.4223
0.5095, 0.4223
0.5095, 0.4223
0.5143, 0.4251
0.5143, 0.4251
0.5143, 0.4251
0.5190, 0.4251
0.5190, 0.4251
0.5190, 0.4251
0.5238, 0.4251
0.5238, 0.4251
0.5238, 0.4251
0.5286, 0.4251
0.5286, 0.4251
0.5286, 0.4251
0.5333, 0.4251
0.5333, 0.4251
0.5333, 0.4251
0.5429, 0.4278
0.5429, 0.4278
0.5429, 0.4278
0.5524, 0.4278
0.5524, 0.4278
0.5571, 0.4305
0.5571, 0.4305
0.5571, 0.4305
0.5667, 0.4305
0.5667, 0.4305
0.5667, 0.4305
0.5762, 0.4332
0.5762, 0.4332
0.5762, 0.4332
0.5762, 0.4332
0.5762, 0.4332
0.5762, 0.4332
0.5762, 0.4332
0.5857, 0.4332
0.5857, 0.4332
0.5905, 0.4360
0.5905, 0.4360
0.5905, 0.4360
0.5952, 0.4360
0.5952, 0.4360
0.5952, 0.4360
0.6000, 0.4360
0.6000, 0.4360
0.6000, 0.4360
0.6048, 0.4360
0.6048, 0.4360
0.6048, 0.4360
0.6095, 0.4360
0.6095, 0.4360
0.6095, 0.4360
0.6190, 0.4360
0.6190, 0.4360
0.6190, 0.4360
0.6190, 0.4360
0.6190, 0.4360
0.6190, 0.4360
0.6238, 0.4360
0.6238, 0.4360
0.6238, 0.4360
0.6333, 0.4360
0.6333, 0.4360
0.6333, 0.4360
0.6333, 0.4387
0.6333, 0.4387
0.6333, 0.4387
0.6429, 0.4387
0.6429, 0.4387
0.6429, 0.4387
0.6476, 0.4387
0.6476, 0.4387
0.6476, 0.4387
0.6476, 0.4387
0.6476, 0.4387
0.6476, 0.4387
0.6524, 0.4387
0.6524, 0.4387
0.6524, 0.4387
0.6571, 0.4414
0.6571, 0.4414
0.6571, 0.4414
0.6571, 0.4414
0.6571, 0.4414
0.6571, 0.4414
0.6619, 0.4414
0.6619, 0.4414
0.6619, 0.4414
0.6667, 0.4414
0.6667, 0.4414
0.6667, 0.4414
0.6667, 0.4414
0.6667, 0.4414
0.6667, 0.4414
0.6714, 0.4414
0.6714, 0.4414
0.6714, 0.4414
0.6714, 0.4414
0.6714, 0.4414
0.6714, 0.4414
0.6762, 0.4414
0.6762, 0.4414
0.6762, 0.4414
0.6762, 0.4414
0.6762, 0.4414
0.6762, 0.4414
0.6810, 0.4414
0.6810, 0.4414
0.6810, 0.4414
0.6810, 0.4414
0.6810, 0.4414
0.6810, 0.4414
0.6810, 0.4414
0.6810, 0.4414
0.6810, 0.4414
0.6810, 0.4414
0.6810, 0.4414
0.6810, 0.4414
0.6810, 0.4414
0.6810, 0.4414
0.6810, 0.4414
0.6810, 0.4414
0.6810, 0.4414
0.6810, 0.4414
0.6810, 0.4414
0.6810, 0.4414
0.6810, 0.4414
0.6810, 0.4414
0.6810, 0.4414
0.6810, 0.4414
0.6810, 0.4414
0.6810, 0.4414
0.6810, 0.4414
0.6810, 0.4414
0.6810, 0.4414
0.6810, 0.4414
0.6810, 0.4414
0.6810, 0.4414
0.6810, 0.4414
0.6810, 0.4414
0.6810, 0.4414
0.6810, 0.4414
0.6810, 0.4414
0.6810, 0.4414
0.6810, 0.4414
0.6810, 0.4414
0.6810, 0.4414
0.5952, 0.0736
0.5952, 0.0736
0.5952, 0.0736
0.5952, 0.0736
0.5952, 0.0736
0.5952, 0.0736
0.5952, 0.0736
0.5952, 0.0736
0.5952, 0.0736
0.5952, 0.0736
0.5952, 0.0736
0.5952, 0.0736
0.5952, 0.0736
0.5952, 0.0736
0.5952, 0.0736
0.5952, 0.0736
0.5952, 0.0736
0.5952, 0.0736
0.5952, 0.0736
0.5952, 0.0736
0.5952, 0.0736
0.5952, 0.0736
0.5952, 0.0736
0.5952, 0.0736
0.5952, 0.0736
0.5952, 0.0736
0.5952, 0.0736
0.5952, 0.0736
0.5952, 0.0736
0.5952, 0.0736
0.5952, 0.0736
0.5952, 0.0736
0.5952, 0.0736
0.5952, 0.0736
0.5952, 0.0736
0.5952, 0.0736
0.5952, 0.0736
0.5952, 0.0736
0.5952, 0.0736
0.5952, 0.0736
0.5952, 0.0736
0.5952, 0.0736
0.5952, 0.0736
0.5952, 0.0736
0.5952, 0.0736
0.5952, 0.0736
0.5952, 0.0736
0.5952, 0.0736
0.5952, 0.0736
0.5952, 0.0736
0.5952, 0.0736
0.5952, 0.0736
0.5952, 0.0736
0.5952, 0.0736
0.5952, 0.0736
0.5952, 0.0736
0.5952, 0.0736
0.5952, 0.0736
0.5952, 0.0736
0.5952, 0.0736
0.5952, 0.0736
0.6000, 0.0736
0.6000, 0.0736
0.6000, 0.0736
0.6000, 0.0736
0.6000, 0.0708
0.6000, 0.0708
0.6000, 0.0708
0.6000, 0.0708
0.6000, 0.0708
0.6000, 0.0708
0.6000, 0.0708
0.6000, 0.0708
0.6048, 0.0681
0.6048, 0.0681
0.6048, 0.0681
0.6048, 0.0681
0.6048, 0.0654
0.6048, 0.0654
0.6048, 0.0654
0.6048, 0.0654
0.6048, 0.0654
0.6048, 0.0654
0.6048, 0.0654
0.6048, 0.0654
0.6095, 0.0654
0.6095, 0.0654
0.6095, 0.0654
0.6095, 0.0654
0.6095, 0.0627
0.6095, 0.0627
0.6095, 0.0627
0.6095, 0.0599
0.6095, 0.0599
0.6095, 0.0599
0.6095, 0.0599
0.6143, 0.0599
0.6143, 0.0599
0.6143, 0.0599
0.6143, 0.0599
0.6143, 0.0572
0.6143, 0.0572
0.6143, 0.0572
0.6143, 0.0572
0.6143, 0.0545
0.6143, 0.0545
0.6143, 0.0545
0.6143, 0.0545
0.6190, 0.0545
0.6190, 0.0545
0.6190, 0.0545
0.6190, 0.0545
0.6190, 0.0545
0.6190, 0.0545
0.6190, 0.0545
0.6190, 0.0545
0.6190, 0.0518
0.6190, 0.0518
0.6190, 0.0518
0.6190, 0.0490
0.6190, 0.0490
0.6190, 0.0490
0.6190, 0.0490
0.6238, 0.0463
0.6238, 0.0463
0.6238, 0.0463
0.6286, 0.0463
0.6286, 0.0463
0.6286, 0.0463
0.6286, 0.0463
0.6286, 0.0463
0.6286, 0.0463
0.6286, 0.0463
0.6286, 0.0463
0.6286, 0.0463
0.6286, 0.0463
0.6286, 0.0463
0.6286, 0.0463
0.6286, 0.0436
0.6286, 0.0436
0.6286, 0.0436
0.6286, 0.0436
0.6286, 0.0436
0.6286, 0.0436
0.6286, 0.0436
0.6286, 0.0436
0.6333, 0.0409
0.6333, 0.0409
0.6333, 0.0409
0.6333, 0.0409
0.6333, 0.0409
0.6333, 0.0409
0.6381, 0.0409
0.6381, 0.0409
0.6381, 0.0409
0.6381, 0.0381
0.6381, 0.0381
0.6381, 0.0381
0.6381, 0.0381
0.6429, 0.0381
0.6429, 0.0381
0.6429, 0.0381
0.6429, 0.0354
0.6429, 0.0354
0.6429, 0.0354
0.6429, 0.0354
0.6429, 0.0354
0.6429, 0.0354
0.6429, 0.0354
0.6476, 0.0327
0.6476, 0.0327
0.6476, 0.0327
0.6476, 0.0327
0.6476, 0.0327
0.6476, 0.0327
0.6476, 0.0327
0.6476, 0.0327
0.6524, 0.0327
0.6524, 0.0327
0.6524, 0.0327
0.6524, 0.0327
0.6524, 0.0300
0.6524, 0.0300
0.6524, 0.0300
0.6524, 0.0300
0.6524, 0.0300
0.6524, 0.0300
0.6524, 0.0300
0.6571, 0.0272
0.6571, 0.0272
0.6571, 0.0272
0.6571, 0.0272
0.6571, 0.0272
0.6571, 0.0272
0.6571, 0.0272
0.6571, 0.0272
0.6619, 0.0272
0.6619, 0.0272
0.6619, 0.0272
0.6667, 0.0272
0.6667, 0.0272
0.6667, 0.0272
0.6667, 0.0272
0.6667, 0.0245
0.6667, 0.0245
0.6667, 0.0245
0.6667, 0.0245
0.6667, 0.0245
0.6667, 0.0245
0.6667, 0.0245
0.6667, 0.0218
0.6667, 0.0218
0.6667, 0.0218
0.6667, 0.0218
0.6714, 0.0218
0.6714, 0.0218
0.6714, 0.0218
0.6714, 0.0218
0.6714, 0.0218
0.6714, 0.0218
0.6714, 0.0218
0.6714, 0.0218
0.6762, 0.0191
0.6762, 0.0191
0.6762, 0.0191
0.6762, 0.0191
0.6762, 0.0191
0.6762, 0.0191
0.6762, 0.0191
0.6762, 0.0191
0.6762, 0.0191
0.6762, 0.0191
0.6762, 0.0191
0.6762, 0.0191
0.6810, 0.0191
0.6810, 0.0191
0.6810, 0.0191
0.6810, 0.0191
0.6810, 0.0163
0.6810, 0.0163
0.6810, 0.0163
0.6857, 0.0136
0.6857, 0.0136
0.6857, 0.0136
0.6857, 0.0136
0.6905, 0.0136
0.6905, 0.0136
0.6905, 0.0136
0.6905, 0.0136
0.6905, 0.0136
0.6905, 0.0136
0.6905, 0.0136
0.6952, 0.0136
0.6952, 0.0136
0.6952, 0.0136
0.6952, 0.0136
0.6952, 0.0136
0.6952, 0.0136
0.6952, 0.0136
0.6952, 0.0136
0.7000, 0.0109
0.7000, 0.0109
0.7000, 0.0109
0.7000, 0.0109
0.7000, 0.0109
0.7000, 0.0109
0.7000, 0.0109
0.7048, 0.0082
0.7048, 0.0082
0.7048, 0.0082
0.7095, 0.0082
0.7095, 0.0082
0.7095, 0.0082
0.7095, 0.0082
0.7095, 0.0082
0.7095, 0.0082
0.7095, 0.0082
0.7095, 0.0082
0.7143, 0.0054
0.7143, 0.0054
0.7143, 0.0054
0.7143, 0.0054
0.7143, 0.0054
0.7143, 0.0054
0.7143, 0.0054
0.7143, 0.0054
0.7190, 0.0054
0.7190, 0.0054
0.7190, 0.0054
0.7190, 0.0054
0.7190, 0.0054
0.7190, 0.0054
0.7190, 0.0054
0.7238, 0.0054
0.7238, 0.0054
0.7238, 0.0054
0.7238, 0.0054
0.7238, 0.0054
0.7238, 0.0054
0.7238, 0.0054
0.7238, 0.0054
0.7286, 0.0054
0.7286, 0.0054
0.7286, 0.0054
0.7333, 0.0054
0.7333, 0.0054
0.7333, 0.0054
0.7333, 0.0054
0.7381, 0.0054
0.7381, 0.0054
0.7381, 0.0054
0.7381, 0.0054
0.7381, 0.0027
0.7381, 0.0027
0.7381, 0.0027
0.7429, 0.0027
0.7429, 0.0027
0.7429, 0.0027
0.7429, 0.0027
0.7476, 0.0027
0.7476, 0.0027
0.7476, 0.0027
0.7476, 0.0027
0.7476, 0.0027
0.7476, 0.0027
0.7476, 0.0027
0.7476, 0.0027
0.7476, 0.0027
0.7476, 0.0027
0.7476, 0.0027
0.7524, 0.0000
0.7524, 0.0000
0.7524, 0.0000
0.7571, 0.0000
0.7571, 0.0000
0.7571, 0.0000
0.7571, 0.0000
0.7619, 0.0000
0.7619, 0.0000
0.7619, 0.0000
0.7619, 0.0000
0.7619, 0.0000
0.7619, 0.0000
0.7619, 0.0000
0.7667, 0.0000
0.7667, 0.0000
0.7667, 0.0000
0.7667, 0.0000
0.7667, 0.0000
0.7667, 0.0000
0.7667, 0.0000
0.7667, 0.0000
0.7714, 0.0000
0.7714, 0.0000
0.7714, 0.0000
0.7714, 0.0000
0.7714, 0.0000
0.7714, 0.0000
0.7714, 0.0000
0.7714, 0.0000
0.7762, 0.0000
0.7762, 0.0000
0.7762, 0.0000
0.7810, 0.0000
0.7810, 0.0000
0.7810, 0.0000
0.7810, 0.0000
0.7810, 0.0000
0.7810, 0.0000
0.7810, 0.0000
0.7810, 0.0000
0.7857, 0.0000
0.7857, 0.0000
0.7857, 0.0000
0.7857, 0.0000
0.7905, 0.0000
0.7905, 0.0000
0.7905, 0.0000
0.7952, 0.0000
0.7952, 0.0000
0.7952, 0.0000
0.7952, 0.0000
0.7952, 0.0000
0.7952, 0.0000
0.7952, 0.0000
0.7952, 0.0000
0.7952, 0.0000
0.7952, 0.0000
0.7952, 0.0000
0.7952, 0.0000
0.8000, 0.0000
0.8000, 0.0000
0.8000, 0.0000
0.8000, 0.0000
0.8048, 0.0000
0.8048, 0.0000
0.8048, 0.0000
0.8048, 0.0000
0.8048, 0.0000
0.8048, 0.0000
0.8048, 0.0000
0.8048, 0.0000
0.8048, 0.0000
0.8048, 0.0000
0.8048, 0.0000
0.8095, 0.0000
0.8095, 0.0000
0.8095, 0.0000
0.8095, 0.0000
0.8095, 0.0000
0.8095, 0.0000
0.8095, 0.0000
0.8143, 0.0000
0.8143, 0.0000
0.8143, 0.0000
0.8143, 0.0000
0.8143, 0.0000
0.8143, 0.0000
0.8143, 0.0000
0.8190, 0.0000
0.8190, 0.0000
0.8190, 0.0000
0.8190, 0.0000
0.8190, 0.0000
0.8190, 0.0000
0.8190, 0.0000
0.8190, 0.0000
0.8190, 0.0000
0.8190, 0.0000
0.8190, 0.0000
0.8190, 0.0000
0.8238, 0.0000
0.8238, 0.0000
0.8238, 0.0000
0.8238, 0.0027
0.8238, 0.0027
0.8238, 0.0027
0.8238, 0.0027
0.8286, 0.0027
0.8286, 0.0027
0.8286, 0.0027
0.8286, 0.0027
0.8286, 0.0027
0.8286, 0.0027
0.8286, 0.0027
0.8286, 0.0027
0.8286, 0.0027
0.8286, 0.0027
0.8286, 0.0027
0.8286, 0.0027
0.8286, 0.0027
0.8286, 0.0027
0.8286, 0.0027
0.8286, 0.0027
0.8286, 0.0027
0.8286, 0.0027
0.8286, 0.0027
0.8333, 0.0027
0.8333, 0.0027
0.8333, 0.0027
0.8333, 0.0027
0.8381, 0.0054
0.8381, 0.0054
0.8381, 0.0054
0.8381, 0.0054
0.8381, 0.0054
0.8381, 0.0054
0.8381, 0.0054
0.8381, 0.0054
0.8429, 0.0082
0.8429, 0.0082
0.8429, 0.0082
0.8429, 0.0082
0.8429, 0.0082
0.8429, 0.0082
0.8429, 0.0082
0.8429, 0.0082
0.8476, 0.0082
0.8476, 0.0082
0.8476, 0.0082
0.8524, 0.0109
0.8524, 0.0109
0.8524, 0.0109
0.8524, 0.0109
0.8524, 0.0109
0.8524, 0.0109
0.8524, 0.0109
0.8524, 0.0109
0.8524, 0.0109
0.8524, 0.0109
0.8524, 0.0109
0.8524, 0.0109
0.8524, 0.0109
0.8524, 0.0109
0.8524, 0.0109
0.8524, 0.0109
0.8571, 0.0136
0.8571, 0.0136
0.8571, 0.0136
0.8571, 0.0136
0.8571, 0.0136
0.8571, 0.0136
0.8571, 0.0136
0.8571, 0.0136
0.8571, 0.0136
0.8571, 0.0136
0.8571, 0.0136
0.8571, 0.0136
0.8619, 0.0136
0.8619, 0.0136
0.8619, 0.0136
0.8619, 0.0136
0.8619, 0.0163
0.8619, 0.0163
0.8619, 0.0163
0.8619, 0.0163
0.8619, 0.0163
0.8619, 0.0163
0.8619, 0.0163
0.8619, 0.0163
0.8667, 0.0163
0.8667, 0.0163
0.8667, 0.0163
0.8667, 0.0163
0.8667, 0.0163
0.8667, 0.0163
0.8667, 0.0163
0.8667, 0.0191
0.8667, 0.0191
0.8667, 0.0191
0.8667, 0.0191
0.8667, 0.0191
0.8667, 0.0191
0.8667, 0.0191
0.8667, 0.0191
0.8714, 0.0218
0.8714, 0.0218
0.8714, 0.0218
0.8762, 0.0218
0.8762, 0.0218
0.8762, 0.0218
0.8762, 0.0218
0.8762, 0.0245
0.8762, 0.0245
0.8762, 0.0245
0.8762, 0.0245
0.8762, 0.0245
0.8762, 0.0245
0.8762, 0.0245
0.8762, 0.0245
0.8762, 0.0245
0.8762, 0.0245
0.8762, 0.0245
0.8762, 0.0245
0.8762, 0.0245
0.8762, 0.0245
0.8762, 0.0245
0.8810, 0.0245
0.8810, 0.0245
0.8810, 0.0245
0.8810, 0.0245
0.8810, 0.0272
0.8810, 0.0272
0.8810, 0.0272
0.8810, 0.0272
0.8857, 0.0272
0.8857, 0.0272
0.8857, 0.0272
0.8857, 0.0300
0.8857, 0.0300
0.8857, 0.0300
0.8857, 0.0300
0.8857, 0.0300
0.8857, 0.0300
0.8857, 0.0300
0.8857, 0.0300
0.8857, 0.0300
0.8905, 0.0300
0.8905, 0.0300
0.8905, 0.0300
0.8905, 0.0300
0.8905, 0.0300
0.8905, 0.0300
0.8905, 0.0300
0.8905, 0.0300
0.8905, 0.0327
0.8905, 0.0327
0.8905, 0.0327
0.8905, 0.0327
0.8905, 0.0327
0.8905, 0.0327
0.8905, 0.0327
0.8952, 0.0354
0.8952, 0.0354
0.8952, 0.0354
0.8952, 0.0354
0.8952, 0.0354
0.8952, 0.0354
0.8952, 0.0354
0.8952, 0.0354
0.8952, 0.0354
0.8952, 0.0354
0.8952, 0.0354
0.8952, 0.0354
0.9000, 0.0381
0.9000, 0.0381
0.9000, 0.0381
0.9000, 0.0381
0.9000, 0.0381
0.9000, 0.0381
0.9000, 0.0381
0.9000, 0.0381
0.9000, 0.0381
0.9000, 0.0381
0.9000, 0.0381
0.9000, 0.0409
0.9000, 0.0409
0.9000, 0.0409
0.9000, 0.0409
0.9048, 0.0436
0.9048, 0.0436
0.9048, 0.0436
0.9048, 0.0436
0.9095, 0.0436
0.9095, 0.0436
0.9095, 0.0436
0.9095, 0.0436
0.9095, 0.0436
0.9095, 0.0436
0.9143, 0.0463
0.9143, 0.0463
0.9143, 0.0463
0.9143, 0.0463
0.9143, 0.0463
0.9143, 0.0463
0.9143, 0.0463
0.9143, 0.0463
0.9143, 0.0490
0.9143, 0.0490
0.9143, 0.0490
0.9143, 0.0518
0.9143, 0.0518
0.9143, 0.0518
0.9190, 0.0518
0.9190, 0.0518
0.9190, 0.0518
0.9190, 0.0518
0.9238, 0.0545
0.9238, 0.0545
0.9238, 0.0545
0.9238, 0.0572
0.9238, 0.0572
0.9238, 0.0572
0.9238, 0.0572
0.9238, 0.0572
0.9238, 0.0572
0.9238, 0.0572
0.9238, 0.0572
0.9286, 0.0599
0.9286, 0.0599
0.9286, 0.0599
0.9333, 0.0627
0.9333, 0.0627
0.9333, 0.0627
0.9333, 0.0627
0.9333, 0.0627
0.9333, 0.0627
0.9333, 0.0627
0.9333, 0.0654
0.9333, 0.0654
0.9333, 0.0654
0.9381, 0.0681
0.9381, 0.0681
0.9381, 0.0681
0.9381, 0.0708
0.9381, 0.0708
0.9381, 0.0708
0.9381, 0.0708
0.9429, 0.0708
0.9429, 0.0708
0.9429, 0.0708
0.9429, 0.0736
0.9429, 0.0736
0.9429, 0.0736
0.9429, 0.0763
0.9429, 0.0763
0.9429, 0.0763
0.9476, 0.0763
0.9476, 0.0763
0.9476, 0.0763
0.9476, 0.0763
0.9476, 0.0763
0.9476, 0.0763
0.9476, 0.0763
0.9476, 0.0763
0.9476, 0.0790
0.9476, 0.0790
0.9476, 0.0790
0.9524, 0.0817
0.9524, 0.0817
0.9524, 0.0817
0.9524, 0.0817
0.9524, 0.0845
0.9524, 0.0845
0.9524, 0.0845
0.9571, 0.0845
0.9571, 0.0845
0.9571, 0.0845
0.9571, 0.0872
0.9571, 0.0872
0.9571, 0.0872
0.9571, 0.0899
0.9571, 0.0899
0.9571, 0.0899
0.9571, 0.0899
0.9571, 0.0899
0.9571, 0.0899
0.9571, 0.0899
0.9571, 0.0899
0.9571, 0.0926
0.9571, 0.0926
0.9571, 0.0926
0.9619, 0.0954
0.9619, 0.0954
0.9619, 0.0954
0.9619, 0.0981
0.9619, 0.0981
0.9667, 0.0981
0.9667, 0.0981
0.9667, 0.0981
0.9714, 0.1008
0.9714, 0.1008
0.9714, 0.1008
0.9714, 0.1035
0.9714, 0.1035
0.9714, 0.1035
0.9714, 0.1035
0.9714, 0.1035
0.9714, 0.1035
0.9714, 0.1063
0.9714, 0.1063
0.9762, 0.1090
0.9762, 0.1090
0.9762, 0.1090
0.9762, 0.1117
0.9762, 0.1117
0.9762, 0.1117
0.9762, 0.1117
0.9762, 0.1117
0.9762, 0.1117
0.9810, 0.1144
0.9810, 0.1144
0.9810, 0.1172
0.9810, 0.1172
0.9810, 0.1172
0.9810, 0.1172
0.9810, 0.1172
0.9810, 0.1172
0.9810, 0.1199
0.9810, 0.1199
0.9810, 0.1199
0.9857, 0.1226
0.9857, 0.1226
0.9857, 0.1253
0.9857, 0.1253
0.9857, 0.1253
0.9905, 0.1281
0.9905, 0.1281
0.9905, 0.1281
0.9905, 0.1308
0.9905, 0.1308
0.9905, 0.1308
0.9905, 0.1308
0.9905, 0.1308
0.9952, 0.1362
0.9952, 0.1362
0.9952, 0.1362
0.9952, 0.1390
0.9952, 0.1390
0.9952, 0.1390
0.9952, 0.1390
0.9952, 0.1390
0.9952, 0.1390
0.9952, 0.1417
0.9952, 0.1417
0.9952, 0.1417
0.9952, 0.1444
0.9952, 0.1444
0.9952, 0.1444
0.9952, 0.1471
0.9952, 0.1471
0.9952, 0.1499
0.9952, 0.1499
0.9952, 0.1499
0.9952, 0.1553
0.9952, 0.1553
0.9952, 0.1553
0.9952, 0.1553
0.9952, 0.1553
1.0000, 0.1608
1.0000, 0.1608
1.0000, 0.1608
1.0000, 0.1635
1.0000, 0.1635
1.0000, 0.1635
1.0000, 0.1717
1.0000, 0.1717
1.0000, 0.1771
1.0000, 0.1771
1.0000, 0.1771
1.0000, 0.1771
1.0000, 0.1771
1.0000, 0.1771
1.0000, 0.1826
1.0000, 0.1826
1.0000, 0.1826
1.0000, 0.1880
1.0000, 0.1880
1.0000, 0.1880
1.0000, 0.1880
1.0000, 0.1880
1.0000, 0.1880
1.0000, 0.1935
1.0000, 0.1935
1.0000, 0.1962
1.0000, 0.1962
1.0000, 0.1962
1.0000, 0.1989
1.0000, 0.1989
1.0000, 0.2044
1.0000, 0.2044
1.0000, 0.2044
1.0000, 0.2071
1.0000, 0.2071
1.0000, 0.2125
1.0000, 0.2125
1.0000, 0.2125
1.0000, 0.2180
1.0000, 0.2180
1.0000, 0.2180
1.0000, 0.2207
1.0000, 0.2207
1.0000, 0.2262
1.0000, 0.2262
1.0000, 0.2262
1.0000, 0.2262
1.0000, 0.2262
1.0000, 0.2262
1.0000, 0.2316
1.0000, 0.2316
1.0000, 0.2316
1.0000, 0.2343
1.0000, 0.2343
0.9952, 0.2371
0.9952, 0.2371
0.9952, 0.2371
0.9952, 0.2398
0.9952, 0.2398
0.9952, 0.2398
0.9952, 0.2425
0.9952, 0.2425
0.9952, 0.2452
0.9952, 0.2452
0.9952, 0.2452
0.9952, 0.2507
0.9952, 0.2507
0.9905, 0.2534
0.9905, 0.2534
0.9905, 0.2534
0.9905, 0.2589
0.9905, 0.2589
0.9905, 0.2589
0.9905, 0.2616
0.9905, 0.2616
0.9857, 0.2643
0.9857, 0.2643
0.9857, 0.2643
0.9857, 0.2670
0.9857, 0.2670
0.9857, 0.2670
0.9810, 0.2698
0.9810, 0.2698
0.9810, 0.2725
0.9810, 0.2725
0.9810, 0.2725
0.9810, 0.2752
0.9810, 0.2752
0.9810, 0.2752
0.9810, 0.2779
0.9810, 0.2779
0.9810, 0.2779
0.9810, 0.2779
0.9810, 0.2779
0.9810, 0.2807
0.9810, 0.2807
0.9810, 0.2807
0.9810, 0.2861
0.9810, 0.2861
0.9762, 0.2861
0.9762, 0.2861
0.9762, 0.2861
0.9762, 0.2888
0.9762, 0.2888
0.9762, 0.2888
0.9714, 0.2943
0.9714, 0.2943
0.9714, 0.2943
0.9714, 0.2943
0.9714, 0.2943
0.9667, 0.2997
0.9667, 0.2997
0.9667, 0.2997
0.9667, 0.3025
0.9667, 0.3025
0.9667, 0.3025
0.9667, 0.3025
0.9667, 0.3025
0.9667, 0.3052
0.9667, 0.3052
0.9667, 0.3052
0.9619, 0.3106
0.9619, 0.3106
0.9619, 0.3106
0.9619, 0.3106
0.9619, 0.3106
0.9571, 0.3134
0.9571, 0.3134
0.9571, 0.3134
0.9571, 0.3161
0.9571, 0.3161
0.9571, 0.3161
0.9524, 0.3161
0.9524, 0.3161
0.9524, 0.3215
0.9524, 0.3215
0.9524, 0.3215
0.9524, 0.3243
0.9524, 0.3243
0.9524, 0.3243
0.9524, 0.3243
0.9524, 0.3243
0.9476, 0.3270
0.9476, 0.3270
0.9476, 0.3270
0.9429, 0.3297
0.9429, 0.3297
0.9429, 0.3297
0.9429, 0.3297
0.9429, 0.3297
0.9429, 0.3297
0.9429, 0.3297
0.9429, 0.3297
0.9429, 0.3324
0.9429, 0.3324
0.9429, 0.3324
0.9381, 0.3379
0.9381, 0.3379
0.9381, 0.3379
0.9333, 0.3379
0.9333, 0.3379
0.9286, 0.3406
0.9286, 0.3406
0.9286, 0.3406
0.9286, 0.3433
0.9286, 0.3433
0.9238, 0.3460
0.9238, 0.3460
0.9238, 0.3460
0.9190, 0.3488
0.9190, 0.3488
0.9190, 0.3488
0.9190, 0.3515
0.9190, 0.3515
0.9143, 0.3542
0.9143, 0.3542
0.9143, 0.3542
0.9095, 0.3542
0.9095, 0.3542
0.9095, 0.3542
0.9095, 0.3569
0.9095, 0.3569
0.9048, 0.3597
0.9048, 0.3597
0.9048, 0.3597
0.9048, 0.3597
0.9048, 0.3597
0.9000, 0.3651
0.9000, 0.3651
0.9000, 0.3651
0.8952, 0.3678
0.8952, 0.3678
0.8905, 0.3678
0.8905, 0.3678
0.8905, 0.3678
0.8905, 0.3706
0.8905, 0.3706
0.8905, 0.3733
0.8905, 0.3733
0.8905, 0.3733
0.8810, 0.3760
0.8810, 0.3760
0.8810, 0.3760
0.8762, 0.3787
0.8762, 0.3787
0.8762, 0.3815
0.8762, 0.3815
0.8762, 0.3815
0.8714, 0.3842
0.8714, 0.3842
0.8714, 0.3842
0.8714, 0.3869
0.8714, 0.3869
0.8667, 0.3896
0.8667, 0.3896
0.8667, 0.3896
0.8667, 0.3924
0.8667, 0.3924
0.8667, 0.3924
0.8619, 0.3924
0.8619, 0.3924
0.8571, 0.3951
0.8571, 0.3951
0.8571, 0.3951
0.8524, 0.4005
0.8524, 0.4005
0.8476, 0.4005
0.8476, 0.4005
0.8429, 0.4033
0.8429, 0.4033
0.8429, 0.4033
0.8381, 0.4060
0.8381, 0.4060
0.8381, 0.4060
0.8333, 0.4087
0.8333, 0.4087
0.8333, 0.4087
0.8333, 0.4087
0.8333, 0.4087
0.8286, 0.4142
0.8286, 0.4142
0.8286, 0.4142
0.8190, 0.4169
0.8190, 0.4169
0.8095, 0.4196
0.8095, 0.4196
0.8095, 0.4196
0.8095, 0.4223
0.8095, 0.4223
0.8095, 0.4223
0.8000, 0.4251
0.8000, 0.4251
0.7952, 0.4278
0.7952, 0.4278
0.7952, 0.4278
0.7905, 0.4305
0.7905, 0.4305
0.7810, 0.4332
0.7810, 0.4332
0.7762, 0.4360
0.7762, 0.4360
0.7762, 0.4360
0.7714, 0.4387
0.7714, 0.4387
0.7667, 0.4387
0.7667, 0.4387
0.7667, 0.4387
0.7619, 0.4414
0.7619, 0.4414
0.7619, 0.4414
0.7619, 0.4414
0.7619, 0.4414
0.7619, 0.4414
0.7619, 0.4414
0.7619, 0.4414
0.7571, 0.4441
0.7571, 0.4441
0.7571, 0.4441
0.7524, 0.4441
0.7524, 0.4441
0.7476, 0.4469
0.7476, 0.4469
0.7476, 0.4469
0.7476, 0.4469
0.7476, 0.4469
0.7476, 0.4469
0.7381, 0.4469
0.7381, 0.4469
0.7333, 0.4496
0.7333, 0.4496
0.7333, 0.4496
0.7333, 0.4496
0.7333, 0.4496
0.7238, 0.4523
0.7238, 0.4523
0.7238, 0.4523
0.7190, 0.4523
0.7190, 0.4523
0.7190, 0.4523
0.7143, 0.4550
0.7143, 0.4550
0.7095, 0.4550
0.7095, 0.4550
0.7095, 0.4550
0.7048, 0.4550
0.7048, 0.4550
0.7048, 0.4550
0.7048, 0.4550
0.7048, 0.4550
0.7000, 0.4550
0.7000, 0.4550
0.7000, 0.4550
0.7000, 0.4550
0.7000, 0.4550
0.6952, 0.4550
0.6952, 0.4550
0.6952, 0.4550
0.6952, 0.4550
0.6952, 0.4550
0.6952, 0.4550
0.6952, 0.4550
0.6952, 0.4550
0.6952, 0.4550
0.6952, 0.4550
0.6952, 0.4550
0.6952, 0.4550
0.6952, 0.4550
0.6952, 0.4550
0.6905, 0.4578
0.6905, 0.4578
0.6857, 0.4578
0.6857, 0.4578
0.6857, 0.4578
0.6857, 0.4578
0.6857, 0.4578
0.6857, 0.4578
0.6810, 0.4578
0.6810, 0.4578
0.6810, 0.4578
0.6810, 0.4578
0.6810, 0.4578
0.6810, 0.4578
0.6810, 0.4578
0.6810, 0.4578
0.6810, 0.4578
0.6810, 0.4578
0.6810, 0.4578
0.6810, 0.4578
0.6810, 0.4578
0.6810, 0.4578
0.6810, 0.4578
0.6810, 0.4578
0.6810, 0.4578
0.6810, 0.4578
0.6810, 0.4578
0.6810, 0.4578
0.6810, 0.4578
0.6810, 0.4578
0.6810, 0.4578
0.6810, 0.4578
0.6810, 0.4578
0.6810, 0.4578
0.6810, 0.4578
0.6810, 0.4578
0.6810, 0.4578
0.6810, 0.4578
0.6810, 0.4578
0.6810, 0.4578
0.6810, 0.4578
0.6810, 0.4578
0.6810, 0.4578
0.6810, 0.4578
0.6810, 0.4578
0.6810, 0.4578
0.6810, 0.4578
0.6810, 0.4578
0.6810, 0.4578
0.6810, 0.4578
0.6810, 0.4578
0.6810, 0.4578
0.6810, 0.4578
0.6810, 0.4578
0.6810, 0.4578
0.6810, 0.4578
0.6810, 0.4578
0.6810, 0.4578
0.6810, 0.4578
0.6810, 0.4578
0.6810, 0.4578
0.6810, 0.4578
0.6810, 0.4578
0.6810, 0.4578
0.6810, 0.4578
0.0000, 1.0000
0.0000, 1.0000
0.0000, 1.0000
0.0000, 1.0000
0.0000, 1.0000
0.0000, 1.0000
0.0000, 1.0000
0.0000, 1.0000
0.0000, 1.0000
0.0000, 1.0000
0.0000, 1.0000
0.0000, 1.0000
0.0000, 1.0000
0.0000, 1.0000
0.0000, 1.0000
0.0000, 1.0000
0.0000, 1.0000
0.0000, 1.0000
0.0000, 1.0000
0.0000, 1.0000
0.0000, 1.0000
0.0000, 1.0000
0.0000, 1.0000
0.0000, 1.0000
0.0000, 1.0000
0.0000, 1.0000
0.0000, 1.0000
0.0000, 1.0000
0.0000, 1.0000
0.0000, 1.0000
0.0000, 1.0000
0.0000, 1.0000
0.0000, 1.0000
0.0000, 1.0000
0.0000, 1.0000
0.0000, 1.0000
0.0000, 1.0000
0.0000, 1.0000
0.0000, 1.0000
0.0000, 1.0000
0.0000, 1.0000
0.0000, 1.0000
0.0000, 1.0000
0.0000, 1.0000
0.0000, 1.0000
0.0000, 1.0000
0.0000, 1.0000
0.0000, 1.0000
