0.6218, 0.0863
0.6218, 0.0863
0.6218, 0.0863
0.6218, 0.0863
0.6218, 0.0863
0.6218, 0.0863
0.6218, 0.0863
0.6218, 0.0863
0.6218, 0.0863
0.6218, 0.0863
0.6218, 0.0863
0.6218, 0.0863
0.6218, 0.0863
0.6218, 0.0863
0.6218, 0.0863
0.6218, 0.0863
0.6218, 0.0863
0.6218, 0.0863
0.6218, 0.0863
0.6218, 0.0863
0.6218, 0.0863
0.6218, 0.0863
0.6218, 0.0863
0.6218, 0.0863
0.6218, 0.0863
0.6218, 0.0863
0.6218, 0.0863
0.6218, 0.0863
0.6218, 0.0863
0.6218, 0.0863
0.6218, 0.0863
0.6218, 0.0863
0.6218, 0.0863
0.6218, 0.0863
0.6218, 0.0863
0.6218, 0.0863
0.6218, 0.0863
0.6218, 0.0863
0.6218, 0.0863
0.6218, 0.0863
0.6218, 0.0863
0.6218, 0.0863
0.6218, 0.0863
0.6218, 0.0863
0.6218, 0.0863
0.6218, 0.0863
0.6218, 0.0863
0.6218, 0.0863
0.6218, 0.0863
0.6218, 0.0863
0.6218, 0.0863
0.6218, 0.0863
0.6218, 0.0863
0.6218, 0.0863
0.6218, 0.0863
0.6218, 0.0863
0.6218, 0.0863
0.6218, 0.0836
0.6218, 0.0836
0.6218, 0.0836
0.6218, 0.0836
0.6218, 0.0836
0.6218, 0.0836
0.6218, 0.0836
0.6218, 0.0836
0.6218, 0.0836
0.6218, 0.0809
0.6218, 0.0809
0.6218, 0.0809
0.6218, 0.0809
0.6176, 0.0782
0.6176, 0.0782
0.6176, 0.0782
0.6176, 0.0782
0.6176, 0.0782
0.6176, 0.0782
0.6176, 0.0782
0.6176, 0.0782
0.6176, 0.0755
0.6176, 0.0755
0.6176, 0.0755
0.6176, 0.0755
0.6176, 0.0755
0.6176, 0.0755
0.6176, 0.0755
0.6176, 0.0755
0.6176, 0.0755
0.6176, 0.0755
0.6176, 0.0755
0.6176, 0.0755
0.6176, 0.0755
0.6176, 0.0755
0.6176, 0.0755
0.6176, 0.0755
0.6176, 0.0755
0.6176, 0.0755
0.6176, 0.0728
0.6176, 0.0728
0.6176, 0.0728
0.6176, 0.0728
0.6176, 0.0728
0.6134, 0.0728
0.6134, 0.0728
0.6134, 0.0728
0.6134, 0.0728
0.6134, 0.0701
0.6134, 0.0701
0.6134, 0.0701
0.6134, 0.0701
0.6134, 0.0701
0.6134, 0.0701
0.6134, 0.0701
0.6134, 0.0701
0.6134, 0.0701
0.6134, 0.0701
0.6134, 0.0701
0.6134, 0.0701
0.6134, 0.0701
0.6092, 0.0701
0.6092, 0.0701
0.6092, 0.0701
0.6092, 0.0701
0.6092, 0.0701
0.6092, 0.0701
0.6092, 0.0701
0.6092, 0.0701
0.6092, 0.0674
0.6092, 0.0674
0.6092, 0.0674
0.6092, 0.0674
0.6050, 0.0674
0.6050, 0.0674
0.6050, 0.0674
0.6050, 0.0674
0.6050, 0.0647
0.6050, 0.0647
0.6050, 0.0647
0.6050, 0.0647
0.6050, 0.0647
0.6050, 0.0647
0.6050, 0.0647
0.6050, 0.0647
0.6050, 0.0647
0.6050, 0.0620
0.6050, 0.0620
0.6050, 0.0620
0.6050, 0.0620
0.6050, 0.0620
0.6050, 0.0620
0.6050, 0.0620
0.6050, 0.0620
0.6050, 0.0620
0.6050, 0.0620
0.6050, 0.0620
0.6050, 0.0620
0.6050, 0.0620
0.6050, 0.0620
0.6050, 0.0620
0.6050, 0.0620
0.6050, 0.0620
0.6050, 0.0620
0.6050, 0.0620
0.6050, 0.0620
0.6050, 0.0620
0.6050, 0.0620
0.6050, 0.0620
0.6050, 0.0620
0.6050, 0.0620
0.6050, 0.0620
0.6050, 0.0593
0.6050, 0.0593
0.6050, 0.0593
0.6050, 0.0593
0.6008, 0.0593
0.6008, 0.0593
0.6008, 0.0593
0.6008, 0.0593
0.6008, 0.0566
0.6008, 0.0566
0.6008, 0.0566
0.6008, 0.0566
0.6008, 0.0566
0.6008, 0.0566
0.6008, 0.0566
0.6008, 0.0566
0.5966, 0.0566
0.5966, 0.0566
0.5966, 0.0566
0.5966, 0.0566
0.5966, 0.0566
0.5966, 0.0566
0.5966, 0.0566
0.5966, 0.0566
0.5966, 0.0566
0.5966, 0.0566
0.5966, 0.0566
0.5966, 0.0566
0.5966, 0.0566
0.5966, 0.0566
0.5966, 0.0566
0.5966, 0.0566
0.5966, 0.0566
0.5966, 0.0539
0.5966, 0.0539
0.5966, 0.0539
0.5966, 0.0539
0.5966, 0.0539
0.5966, 0.0539
0.5966, 0.0539
0.5966, 0.0539
0.5966, 0.0539
0.5966, 0.0539
0.5966, 0.0539
0.5966, 0.0539
0.5966, 0.0539
0.5924, 0.0512
0.5924, 0.0512
0.5924, 0.0512
0.5924, 0.0512
0.5924, 0.0512
0.5924, 0.0512
0.5924, 0.0512
0.5924, 0.0512
0.5924, 0.0512
0.5924, 0.0512
0.5924, 0.0512
0.5924, 0.0512
0.5924, 0.0512
0.5924, 0.0512
0.5924, 0.0512
0.5924, 0.0512
0.5924, 0.0512
0.5882, 0.0485
0.5882, 0.0485
0.5882, 0.0485
0.5882, 0.0485
0.5882, 0.0485
0.5882, 0.0485
0.5882, 0.0485
0.5882, 0.0485
0.5882, 0.0485
0.5882, 0.0485
0.5882, 0.0485
0.5882, 0.0485
0.5882, 0.0485
0.5882, 0.0485
0.5882, 0.0485
0.5882, 0.0485
0.5882, 0.0485
0.5882, 0.0485
0.5840, 0.0485
0.5840, 0.0485
0.5840, 0.0485
0.5840, 0.0485
0.5840, 0.0458
0.5840, 0.0458
0.5840, 0.0458
0.5840, 0.0458
0.5798, 0.0458
0.5798, 0.0458
0.5798, 0.0458
0.5798, 0.0458
0.5798, 0.0458
0.5798, 0.0458
0.5798, 0.0458
0.5798, 0.0458
0.5798, 0.0431
0.5798, 0.0431
0.5798, 0.0431
0.5798, 0.0431
0.5756, 0.0431
0.5756, 0.0431
0.5756, 0.0431
0.5756, 0.0431
0.5756, 0.0431
0.5756, 0.0431
0.5756, 0.0431
0.5756, 0.0431
0.5756, 0.0431
0.5756, 0.0431
0.5756, 0.0431
0.5756, 0.0431
0.5756, 0.0431
0.5756, 0.0431
0.5714, 0.0431
0.5714, 0.0431
0.5714, 0.0431
0.5714, 0.0431
0.5714, 0.0404
0.5714, 0.0404
0.5714, 0.0404
0.5714, 0.0404
0.5672, 0.0404
0.5672, 0.0404
0.5672, 0.0404
0.5672, 0.0404
0.5672, 0.0404
0.5672, 0.0404
0.5672, 0.0404
0.5672, 0.0404
0.5672, 0.0404
0.5672, 0.0377
0.5672, 0.0377
0.5672, 0.0377
0.5672, 0.0377
0.5672, 0.0377
0.5672, 0.0377
0.5672, 0.0377
0.5672, 0.0377
0.5630, 0.0377
0.5630, 0.0377
0.5630, 0.0377
0.5630, 0.0377
0.5630, 0.0377
0.5630, 0.0377
0.5630, 0.0377
0.5630, 0.0377
0.5588, 0.0350
0.5588, 0.0350
0.5588, 0.0350
0.5588, 0.0350
0.5588, 0.0350
0.5588, 0.0350
0.5588, 0.0350
0.5588, 0.0350
0.5588, 0.0350
0.5546, 0.0350
0.5546, 0.0350
0.5546, 0.0350
0.5546, 0.0350
0.5546, 0.0350
0.5546, 0.0350
0.5546, 0.0350
0.5546, 0.0350
0.5546, 0.0350
0.5546, 0.0350
0.5546, 0.0350
0.5546, 0.0350
0.5504, 0.0350
0.5504, 0.0350
0.5504, 0.0350
0.5504, 0.0350
0.5504, 0.0323
0.5504, 0.0323
0.5504, 0.0323
0.5504, 0.0323
0.5462, 0.0323
0.5462, 0.0323
0.5462, 0.0323
0.5462, 0.0323
0.5462, 0.0323
0.5462, 0.0323
0.5462, 0.0323
0.5462, 0.0323
0.5462, 0.0323
0.5462, 0.0323
0.5462, 0.0323
0.5462, 0.0323
0.5462, 0.0323
0.5462, 0.0323
0.5462, 0.0323
0.5462, 0.0323
0.5462, 0.0296
0.5462, 0.0296
0.5462, 0.0296
0.5462, 0.0296
0.5420, 0.0296
0.5420, 0.0296
0.5420, 0.0296
0.5420, 0.0296
0.5378, 0.0296
0.5378, 0.0296
0.5378, 0.0296
0.5378, 0.0296
0.5378, 0.0296
0.5378, 0.0296
0.5378, 0.0296
0.5336, 0.0296
0.5336, 0.0296
0.5336, 0.0296
0.5336, 0.0296
0.5336, 0.0296
0.5336, 0.0296
0.5336, 0.0296
0.5336, 0.0296
0.5336, 0.0296
0.5336, 0.0296
0.5336, 0.0296
0.5336, 0.0296
0.5336, 0.0296
0.5336, 0.0296
0.5336, 0.0296
0.5336, 0.0296
0.5294, 0.0296
0.5294, 0.0296
0.5294, 0.0296
0.5294, 0.0296
0.5294, 0.0270
0.5294, 0.0270
0.5294, 0.0270
0.5294, 0.0270
0.5252, 0.0270
0.5252, 0.0270
0.5252, 0.0270
0.5252, 0.0270
0.5252, 0.0270
0.5252, 0.0270
0.5252, 0.0270
0.5252, 0.0270
0.5252, 0.0270
0.5252, 0.0270
0.5252, 0.0270
0.5252, 0.0270
0.5252, 0.0270
0.5252, 0.0270
0.5252, 0.0270
0.5252, 0.0270
0.5210, 0.0270
0.5210, 0.0270
0.5210, 0.0270
0.5210, 0.0270
0.5210, 0.0243
0.5210, 0.0243
0.5210, 0.0243
0.5210, 0.0243
0.5168, 0.0243
0.5168, 0.0243
0.5168, 0.0243
0.5168, 0.0243
0.5168, 0.0243
0.5168, 0.0243
0.5168, 0.0243
0.5168, 0.0243
0.5126, 0.0243
0.5126, 0.0243
0.5126, 0.0243
0.5126, 0.0243
0.5126, 0.0243
0.5126, 0.0243
0.5126, 0.0243
0.5126, 0.0243
0.5126, 0.0243
0.5126, 0.0243
0.5126, 0.0243
0.5126, 0.0243
0.5126, 0.0243
0.5126, 0.0243
0.5126, 0.0243
0.5126, 0.0243
0.5084, 0.0243
0.5084, 0.0243
0.5084, 0.0243
0.5084, 0.0243
0.5084, 0.0243
0.5084, 0.0243
0.5084, 0.0243
0.5042, 0.0243
0.5042, 0.0243
0.5042, 0.0243
0.5042, 0.0243
0.5042, 0.0243
0.5042, 0.0243
0.5042, 0.0243
0.5042, 0.0243
0.5042, 0.0243
0.5042, 0.0243
0.5042, 0.0243
0.5042, 0.0243
0.5000, 0.0243
0.5000, 0.0243
0.5000, 0.0243
0.5000, 0.0243
0.5000, 0.0243
0.5000, 0.0243
0.5000, 0.0243
0.4958, 0.0216
0.4958, 0.0216
0.4958, 0.0216
0.4958, 0.0216
0.4958, 0.0216
0.4958, 0.0216
0.4958, 0.0216
0.4916, 0.0216
0.4916, 0.0216
0.4916, 0.0216
0.4916, 0.0216
0.4916, 0.0216
0.4916, 0.0216
0.4916, 0.0216
0.4916, 0.0216
0.4916, 0.0216
0.4916, 0.0216
0.4916, 0.0216
0.4916, 0.0216
0.4916, 0.0216
0.4916, 0.0216
0.4916, 0.0216
0.4874, 0.0216
0.4874, 0.0216
0.4874, 0.0216
0.4874, 0.0216
0.4874, 0.0216
0.4874, 0.0216
0.4874, 0.0216
0.4874, 0.0216
0.4874, 0.0216
0.4832, 0.0216
0.4832, 0.0216
0.4832, 0.0216
0.4832, 0.0216
0.4832, 0.0216
0.4832, 0.0216
0.4832, 0.0216
0.4832, 0.0216
0.4832, 0.0216
0.4832, 0.0216
0.4832, 0.0216
0.4832, 0.0189
0.4832, 0.0189
0.4832, 0.0189
0.4832, 0.0189
0.4790, 0.0189
0.4790, 0.0189
0.4790, 0.0189
0.4790, 0.0189
0.4790, 0.0189
0.4790, 0.0189
0.4790, 0.0189
0.4790, 0.0189
0.4748, 0.0189
0.4748, 0.0189
0.4748, 0.0189
0.4748, 0.0189
0.4748, 0.0189
0.4748, 0.0189
0.4748, 0.0189
0.4706, 0.0189
0.4706, 0.0189
0.4706, 0.0189
0.4706, 0.0189
0.4706, 0.0189
0.4706, 0.0189
0.4706, 0.0189
0.4706, 0.0189
0.4706, 0.0189
0.4706, 0.0189
0.4706, 0.0189
0.4664, 0.0189
0.4664, 0.0189
0.4664, 0.0189
0.4664, 0.0189
0.4664, 0.0162
0.4664, 0.0162
0.4664, 0.0162
0.4664, 0.0162
0.4622, 0.0162
0.4622, 0.0162
0.4622, 0.0162
0.4622, 0.0162
0.4622, 0.0162
0.4622, 0.0162
0.4622, 0.0162
0.4622, 0.0162
0.4622, 0.0162
0.4622, 0.0162
0.4622, 0.0162
0.4622, 0.0162
0.4622, 0.0162
0.4622, 0.0162
0.4622, 0.0162
0.4580, 0.0162
0.4580, 0.0162
0.4580, 0.0162
0.4580, 0.0162
0.4580, 0.0162
0.4580, 0.0162
0.4580, 0.0162
0.4580, 0.0162
0.4580, 0.0162
0.4580, 0.0162
0.4580, 0.0162
0.4580, 0.0162
0.4538, 0.0162
0.4538, 0.0162
0.4538, 0.0162
0.4538, 0.0162
0.4538, 0.0162
0.4538, 0.0162
0.4538, 0.0162
0.4538, 0.0162
0.4538, 0.0162
0.4538, 0.0162
0.4538, 0.0162
0.4538, 0.0162
0.4538, 0.0162
0.4538, 0.0162
0.4538, 0.0162
0.4538, 0.0162
0.4496, 0.0162
0.4496, 0.0162
0.4496, 0.0162
0.4454, 0.0162
0.4454, 0.0162
0.4454, 0.0162
0.4454, 0.0162
0.4454, 0.0162
0.4454, 0.0162
0.4454, 0.0162
0.4454, 0.0162
0.4412, 0.0162
0.4412, 0.0162
0.4412, 0.0162
0.4412, 0.0162
0.4412, 0.0162
0.4412, 0.0162
0.4412, 0.0162
0.4412, 0.0162
0.4412, 0.0162
0.4412, 0.0162
0.4412, 0.0162
0.4412, 0.0162
0.4412, 0.0162
0.4412, 0.0162
0.4412, 0.0162
0.4412, 0.0162
0.4412, 0.0162
0.4412, 0.0162
0.4412, 0.0162
0.4412, 0.0162
0.4370, 0.0162
0.4370, 0.0162
0.4370, 0.0162
0.4370, 0.0162
0.4370, 0.0162
0.4370, 0.0162
0.4370, 0.0162
0.4370, 0.0162
0.4370, 0.0162
0.4370, 0.0162
0.4370, 0.0162
0.4370, 0.0162
0.4328, 0.0162
0.4328, 0.0162
0.4328, 0.0162
0.4328, 0.0135
0.4328, 0.0135
0.4328, 0.0135
0.4328, 0.0135
0.4328, 0.0135
0.4328, 0.0135
0.4328, 0.0135
0.4328, 0.0135
0.4328, 0.0135
0.4328, 0.0135
0.4328, 0.0135
0.4328, 0.0135
0.4286, 0.0135
0.4286, 0.0135
0.4286, 0.0135
0.4286, 0.0135
0.4286, 0.0135
0.4286, 0.0135
0.4286, 0.0135
0.4286, 0.0135
0.4286, 0.0135
0.4286, 0.0135
0.4286, 0.0135
0.4286, 0.0135
0.4244, 0.0135
0.4244, 0.0135
0.4244, 0.0135
0.4244, 0.0135
0.4244, 0.0135
0.4244, 0.0135
0.4244, 0.0135
0.4244, 0.0135
0.4244, 0.0135
0.4244, 0.0135
0.4244, 0.0135
0.4202, 0.0108
0.4202, 0.0108
0.4202, 0.0108
0.4202, 0.0108
0.4202, 0.0108
0.4202, 0.0108
0.4202, 0.0108
0.4202, 0.0108
0.4202, 0.0108
0.4202, 0.0108
0.4202, 0.0108
0.4202, 0.0108
0.4202, 0.0108
0.4202, 0.0108
0.4202, 0.0108
0.4202, 0.0108
0.4202, 0.0108
0.4202, 0.0108
0.4202, 0.0108
0.4160, 0.0108
0.4160, 0.0108
0.4160, 0.0108
0.4160, 0.0108
0.4160, 0.0108
0.4160, 0.0108
0.4160, 0.0108
0.4160, 0.0108
0.4160, 0.0108
0.4160, 0.0108
0.4160, 0.0108
0.4160, 0.0108
0.4160, 0.0108
0.4160, 0.0108
0.4160, 0.0108
0.4160, 0.0108
0.4118, 0.0108
0.4118, 0.0108
0.4118, 0.0108
0.4118, 0.0108
0.4118, 0.0108
0.4118, 0.0108
0.4118, 0.0108
0.4118, 0.0108
0.4118, 0.0108
0.4118, 0.0108
0.4118, 0.0108
0.4118, 0.0108
0.4118, 0.0108
0.4118, 0.0108
0.4118, 0.0108
0.4118, 0.0108
0.4118, 0.0108
0.4118, 0.0108
0.4076, 0.0108
0.4076, 0.0108
0.4076, 0.0108
0.4076, 0.0108
0.4076, 0.0108
0.4076, 0.0108
0.4076, 0.0108
0.4076, 0.0108
0.4076, 0.0108
0.4076, 0.0108
0.4076, 0.0108
0.4034, 0.0108
0.4034, 0.0108
0.4034, 0.0108
0.4034, 0.0108
0.4034, 0.0108
0.4034, 0.0108
0.4034, 0.0108
0.4034, 0.0108
0.4034, 0.0108
0.4034, 0.0108
0.4034, 0.0108
0.4034, 0.0108
0.3992, 0.0108
0.3992, 0.0108
0.3992, 0.0108
0.3992, 0.0108
0.3992, 0.0108
0.3992, 0.0108
0.3992, 0.0108
0.3992, 0.0108
0.3992, 0.0108
0.3992, 0.0108
0.3992, 0.0108
0.3992, 0.0108
0.3992, 0.0108
0.3992, 0.0108
0.3992, 0.0108
0.3992, 0.0108
0.3992, 0.0108
0.3992, 0.0108
0.3950, 0.0108
0.3950, 0.0108
0.3950, 0.0108
0.3950, 0.0108
0.3950, 0.0108
0.3950, 0.0108
0.3950, 0.0108
0.3950, 0.0108
0.3950, 0.0108
0.3950, 0.0108
0.3950, 0.0108
0.3908, 0.0108
0.3908, 0.0108
0.3908, 0.0108
0.3908, 0.0108
0.3908, 0.0108
0.3908, 0.0108
0.3908, 0.0108
0.3908, 0.0108
0.3908, 0.0108
0.3908, 0.0108
0.3908, 0.0108
0.3908, 0.0108
0.3908, 0.0108
0.3908, 0.0108
0.3908, 0.0108
0.3866, 0.0108
0.3866, 0.0108
0.3866, 0.0108
0.3866, 0.0108
0.3866, 0.0108
0.3866, 0.0108
0.3866, 0.0108
0.3866, 0.0108
0.3866, 0.0108
0.3866, 0.0108
0.3866, 0.0108
0.3866, 0.0108
0.3824, 0.0108
0.3824, 0.0108
0.3824, 0.0108
0.3824, 0.0108
0.3824, 0.0108
0.3824, 0.0108
0.3824, 0.0108
0.3782, 0.0108
0.3782, 0.0108
0.3782, 0.0108
0.3782, 0.0108
0.3782, 0.0108
0.3782, 0.0108
0.3782, 0.0108
0.3782, 0.0108
0.3782, 0.0108
0.3782, 0.0108
0.3782, 0.0108
0.3782, 0.0108
0.3782, 0.0108
0.3782, 0.0108
0.3782, 0.0108
0.3782, 0.0108
0.3782, 0.0108
0.3782, 0.0108
0.3782, 0.0108
0.3739, 0.0108
0.3739, 0.0108
0.3739, 0.0108
0.3739, 0.0108
0.3739, 0.0108
0.3739, 0.0108
0.3739, 0.0108
0.3697, 0.0108
0.3697, 0.0108
0.3697, 0.0108
0.3697, 0.0108
0.3697, 0.0108
0.3697, 0.0108
0.3697, 0.0108
0.3697, 0.0108
0.3697, 0.0108
0.3697, 0.0108
0.3697, 0.0108
0.3697, 0.0108
0.3697, 0.0108
0.3697, 0.0108
0.3697, 0.0108
0.3697, 0.0108
0.3697, 0.0108
0.3697, 0.0108
0.3655, 0.0108
0.3655, 0.0108
0.3655, 0.0108
0.3655, 0.0108
0.3655, 0.0108
0.3655, 0.0108
0.3655, 0.0108
0.3613, 0.0108
0.3613, 0.0108
0.3613, 0.0108
0.3571, 0.0108
0.3571, 0.0108
0.3571, 0.0108
0.3571, 0.0108
0.3571, 0.0108
0.3571, 0.0108
0.3571, 0.0108
0.3571, 0.0108
0.3571, 0.0108
0.3571, 0.0108
0.3571, 0.0108
0.3571, 0.0108
0.3571, 0.0108
0.3571, 0.0108
0.3571, 0.0108
0.3571, 0.0108
0.3571, 0.0108
0.3571, 0.0108
0.3571, 0.0108
0.3529, 0.0108
0.3529, 0.0108
0.3529, 0.0108
0.3529, 0.0108
0.3529, 0.0108
0.3529, 0.0108
0.3529, 0.0108
0.3529, 0.0108
0.3529, 0.0108
0.3529, 0.0108
0.3529, 0.0108
0.3487, 0.0108
0.3487, 0.0108
0.3487, 0.0108
0.3487, 0.0108
0.3487, 0.0108
0.3487, 0.0108
0.3487, 0.0108
0.3487, 0.0108
0.3487, 0.0108
0.3487, 0.0108
0.3487, 0.0108
0.3487, 0.0108
0.3487, 0.0108
0.3487, 0.0108
0.3445, 0.0108
0.3445, 0.0108
0.3445, 0.0108
0.3445, 0.0108
0.3445, 0.0108
0.3445, 0.0108
0.3445, 0.0108
0.3445, 0.0135
0.3445, 0.0135
0.3445, 0.0135
0.3403, 0.0135
0.3403, 0.0135
0.3403, 0.0135
0.3403, 0.0135
0.3403, 0.0135
0.3403, 0.0135
0.3403, 0.0135
0.3403, 0.0135
0.3403, 0.0135
0.3403, 0.0135
0.3403, 0.0135
0.3403, 0.0135
0.3361, 0.0135
0.3361, 0.0135
0.3361, 0.0135
0.3361, 0.0135
0.3361, 0.0135
0.3361, 0.0135
0.3361, 0.0135
0.3361, 0.0135
0.3361, 0.0135
0.3361, 0.0135
0.3361, 0.0135
0.3361, 0.0135
0.3361, 0.0135
0.3361, 0.0135
0.3319, 0.0135
0.3319, 0.0135
0.3319, 0.0135
0.3319, 0.0135
0.3319, 0.0162
0.3319, 0.0162
0.3319, 0.0162
0.3277, 0.0162
0.3277, 0.0162
0.3277, 0.0162
0.3277, 0.0162
0.3277, 0.0162
0.3277, 0.0162
0.3277, 0.0162
0.3277, 0.0162
0.3277, 0.0162
0.3277, 0.0162
0.3277, 0.0162
0.3277, 0.0189
0.3277, 0.0189
0.3277, 0.0189
0.3277, 0.0189
0.3277, 0.0189
0.3277, 0.0189
0.3277, 0.0189
0.3235, 0.0189
0.3235, 0.0189
0.3235, 0.0189
0.3235, 0.0189
0.3235, 0.0189
0.3235, 0.0189
0.3235, 0.0189
0.3193, 0.0216
0.3193, 0.0216
0.3193, 0.0216
0.3193, 0.0216
0.3193, 0.0216
0.3193, 0.0216
0.3193, 0.0216
0.3193, 0.0216
0.3193, 0.0216
0.3193, 0.0216
0.3193, 0.0216
0.3193, 0.0216
0.3193, 0.0216
0.3193, 0.0216
0.3193, 0.0216
0.3193, 0.0216
0.3193, 0.0216
0.3151, 0.0216
0.3151, 0.0216
0.3151, 0.0216
0.3151, 0.0216
0.3151, 0.0216
0.3151, 0.0216
0.3151, 0.0216
0.3151, 0.0243
0.3151, 0.0243
0.3151, 0.0243
0.3151, 0.0243
0.3109, 0.0243
0.3109, 0.0243
0.3109, 0.0243
0.3109, 0.0243
0.3109, 0.0243
0.3109, 0.0243
0.3109, 0.0243
0.3109, 0.0270
0.3109, 0.0270
0.3109, 0.0270
0.3067, 0.0270
0.3067, 0.0270
0.3067, 0.0270
0.3067, 0.0270
0.3067, 0.0270
0.3067, 0.0270
0.3067, 0.0270
0.3067, 0.0270
0.3067, 0.0270
0.3067, 0.0270
0.3067, 0.0270
0.3067, 0.0270
0.3067, 0.0270
0.3067, 0.0270
0.3025, 0.0270
0.3025, 0.0270
0.3025, 0.0270
0.3025, 0.0296
0.3025, 0.0296
0.3025, 0.0296
0.3025, 0.0296
0.3025, 0.0296
0.3025, 0.0296
0.3025, 0.0296
0.2983, 0.0296
0.2983, 0.0296
0.2983, 0.0296
0.2983, 0.0296
0.2983, 0.0323
0.2983, 0.0323
0.2983, 0.0323
0.2983, 0.0323
0.2983, 0.0323
0.2983, 0.0323
0.2983, 0.0323
0.2983, 0.0323
0.2983, 0.0323
0.2983, 0.0323
0.2983, 0.0323
0.2983, 0.0323
0.2983, 0.0323
0.2941, 0.0323
0.2941, 0.0323
0.2941, 0.0323
0.2941, 0.0323
0.2941, 0.0323
0.2941, 0.0323
0.2941, 0.0323
0.2941, 0.0323
0.2941, 0.0323
0.2941, 0.0323
0.2899, 0.0350
0.2899, 0.0350
0.2899, 0.0350
0.2899, 0.0350
0.2899, 0.0350
0.2899, 0.0350
0.2899, 0.0350
0.2899, 0.0350
0.2899, 0.0350
0.2899, 0.0350
0.2899, 0.0350
0.2899, 0.0350
0.2899, 0.0350
0.2899, 0.0350
0.2899, 0.0350
0.2857, 0.0377
0.2857, 0.0377
0.2857, 0.0377
0.2857, 0.0377
0.2857, 0.0377
0.2857, 0.0377
0.2857, 0.0377
0.2857, 0.0377
0.2857, 0.0377
0.2857, 0.0377
0.2857, 0.0404
0.2857, 0.0404
0.2857, 0.0404
0.2857, 0.0404
0.2857, 0.0404
0.2857, 0.0404
0.2857, 0.0404
0.2815, 0.0404
0.2815, 0.0404
0.2815, 0.0404
0.2815, 0.0404
0.2815, 0.0404
0.2815, 0.0404
0.2815, 0.0404
0.2815, 0.0404
0.2815, 0.0404
0.2815, 0.0404
0.2815, 0.0404
0.2773, 0.0431
0.2773, 0.0431
0.2773, 0.0431
0.2773, 0.0431
0.2773, 0.0431
0.2773, 0.0431
0.2773, 0.0431
0.2773, 0.0458
0.2773, 0.0458
0.2773, 0.0458
0.2773, 0.0458
0.2773, 0.0458
0.2773, 0.0458
0.2773, 0.0458
0.2773, 0.0458
0.2773, 0.0458
0.2773, 0.0458
0.2731, 0.0458
0.2731, 0.0458
0.2731, 0.0458
0.2731, 0.0458
0.2731, 0.0458
0.2731, 0.0458
0.2731, 0.0458
0.2689, 0.0485
0.2689, 0.0485
0.2689, 0.0485
0.2689, 0.0485
0.2689, 0.0485
0.2689, 0.0485
0.2689, 0.0485
0.2689, 0.0485
0.2689, 0.0485
0.2689, 0.0485
0.2647, 0.0512
0.2647, 0.0512
0.2647, 0.0512
0.2647, 0.0512
0.2647, 0.0512
0.2647, 0.0512
0.2647, 0.0512
0.2647, 0.0539
0.2647, 0.0539
0.2647, 0.0539
0.2647, 0.0539
0.2647, 0.0539
0.2647, 0.0539
0.2647, 0.0539
0.2647, 0.0539
0.2647, 0.0539
0.2647, 0.0539
0.2647, 0.0539
0.2647, 0.0539
0.2647, 0.0539
0.2647, 0.0539
0.2605, 0.0539
0.2605, 0.0539
0.2605, 0.0539
0.2605, 0.0539
0.2605, 0.0566
0.2605, 0.0566
0.2605, 0.0566
0.2605, 0.0566
0.2605, 0.0566
0.2605, 0.0566
0.2563, 0.0566
0.2563, 0.0566
0.2563, 0.0566
0.2563, 0.0593
0.2563, 0.0593
0.2563, 0.0593
0.2563, 0.0593
0.2563, 0.0593
0.2563, 0.0593
0.2563, 0.0593
0.2563, 0.0593
0.2563, 0.0593
0.2563, 0.0593
0.2563, 0.0593
0.2563, 0.0593
0.2563, 0.0593
0.2563, 0.0593
0.2563, 0.0620
0.2563, 0.0620
0.2563, 0.0620
0.2563, 0.0620
0.2563, 0.0620
0.2563, 0.0620
0.2521, 0.0647
0.2521, 0.0647
0.2521, 0.0647
0.2521, 0.0647
0.2521, 0.0647
0.2521, 0.0647
0.2521, 0.0647
0.2521, 0.0674
0.2521, 0.0674
0.2521, 0.0674
0.2479, 0.0674
0.2479, 0.0674
0.2479, 0.0674
0.2479, 0.0674
0.2479, 0.0674
0.2479, 0.0674
0.2479, 0.0674
0.2479, 0.0701
0.2479, 0.0701
0.2479, 0.0701
0.2437, 0.0728
0.2437, 0.0728
0.2437, 0.0728
0.2437, 0.0728
0.2437, 0.0728
0.2437, 0.0728
0.2437, 0.0728
0.2437, 0.0728
0.2437, 0.0728
0.2437, 0.0728
0.2437, 0.0755
0.2437, 0.0755
0.2437, 0.0755
0.2437, 0.0755
0.2437, 0.0755
0.2437, 0.0755
0.2437, 0.0755
0.2437, 0.0782
0.2437, 0.0782
0.2437, 0.0782
0.2437, 0.0809
0.2437, 0.0809
0.2437, 0.0809
0.2437, 0.0809
0.2437, 0.0809
0.2437, 0.0809
0.2437, 0.0809
0.2395, 0.0809
0.2395, 0.0809
0.2395, 0.0809
0.2395, 0.0836
0.2395, 0.0836
0.2395, 0.0836
0.2395, 0.0836
0.2395, 0.0863
0.2395, 0.0863
0.2395, 0.0863
0.2395, 0.0863
0.2395, 0.0863
0.2395, 0.0863
0.2395, 0.0863
0.2395, 0.0863
0.2395, 0.0863
0.2353, 0.0889
0.2353, 0.0889
0.2353, 0.0889
0.2353, 0.0916
0.2353, 0.0916
0.2353, 0.0916
0.2353, 0.0943
0.2353, 0.0943
0.2353, 0.0943
0.2353, 0.0943
0.2353, 0.0943
0.2353, 0.0943
0.2353, 0.0970
0.2353, 0.0970
0.2353, 0.0970
0.2353, 0.0997
0.2353, 0.0997
0.2353, 0.0997
0.2353, 0.0997
0.2353, 0.0997
0.2353, 0.0997
0.2353, 0.0997
0.2353, 0.1024
0.2353, 0.1024
0.2353, 0.1024
0.2311, 0.1024
0.2311, 0.1024
0.2311, 0.1024
0.2311, 0.1051
0.2311, 0.1051
0.2311, 0.1051
0.2311, 0.1078
0.2311, 0.1078
0.2311, 0.1078
0.2311, 0.1078
0.2311, 0.1078
0.2311, 0.1078
0.2311, 0.1078
0.2311, 0.1078
0.2311, 0.1078
0.2311, 0.1078
0.2311, 0.1105
0.2311, 0.1105
0.2311, 0.1105
0.2311, 0.1105
0.2311, 0.1105
0.2311, 0.1105
0.2269, 0.1132
0.2269, 0.1132
0.2269, 0.1132
0.2269, 0.1132
0.2269, 0.1132
0.2269, 0.1132
0.2269, 0.1132
0.2269, 0.1159
0.2269, 0.1159
0.2269, 0.1159
0.2269, 0.1186
0.2269, 0.1186
0.2269, 0.1186
0.2269, 0.1186
0.2269, 0.1186
0.2269, 0.1186
0.2269, 0.1186
0.2269, 0.1213
0.2269, 0.1213
0.2269, 0.1213
0.2227, 0.1240
0.2227, 0.1240
0.2227, 0.1240
0.2227, 0.1267
0.2227, 0.1267
0.2227, 0.1267
0.2227, 0.1267
0.2227, 0.1267
0.2227, 0.1267
0.2227, 0.1294
0.2227, 0.1294
0.2227, 0.1294
0.2227, 0.1321
0.2227, 0.1321
0.2227, 0.1321
0.2227, 0.1348
0.2227, 0.1348
0.2227, 0.1348
0.2227, 0.1348
0.2227, 0.1348
0.2227, 0.1348
0.2227, 0.1348
0.2227, 0.1375
0.2227, 0.1375
0.2227, 0.1375
0.2227, 0.1402
0.2227, 0.1402
0.2227, 0.1402
0.2227, 0.1402
0.2227, 0.1402
0.2227, 0.1402
0.2227, 0.1402
0.2227, 0.1429
0.2227, 0.1429
0.2227, 0.1429
0.2227, 0.1456
0.2227, 0.1456
0.2227, 0.1456
0.2227, 0.1482
0.2227, 0.1482
0.2227, 0.1482
0.2227, 0.1482
0.2227, 0.1482
0.2227, 0.1482
0.2227, 0.1482
0.2227, 0.1509
0.2227, 0.1509
0.2227, 0.1536
0.2227, 0.1536
0.2227, 0.1536
0.2227, 0.1536
0.2227, 0.1536
0.2227, 0.1536
0.2227, 0.1536
0.2227, 0.1563
0.2227, 0.1563
0.2227, 0.1563
0.2227, 0.1590
0.2227, 0.1590
0.2227, 0.1617
0.2227, 0.1617
0.2227, 0.1617
0.2227, 0.1617
0.2227, 0.1617
0.2227, 0.1617
0.2227, 0.1617
0.2227, 0.1644
0.2227, 0.1644
0.2227, 0.1644
0.2227, 0.1671
0.2227, 0.1671
0.2227, 0.1671
0.2227, 0.1671
0.2227, 0.1671
0.2227, 0.1671
0.2227, 0.1671
0.2227, 0.1698
0.2227, 0.1698
0.2227, 0.1698
0.2227, 0.1725
0.2227, 0.1725
0.2227, 0.1725
0.2227, 0.1725
0.2227, 0.1725
0.2227, 0.1725
0.2227, 0.1752
0.2227, 0.1752
0.2227, 0.1752
0.2227, 0.1752
0.2227, 0.1752
0.2227, 0.1752
0.2227, 0.1806
0.2227, 0.1806
0.2227, 0.1806
0.2227, 0.1806
0.2227, 0.1806
0.2227, 0.1806
0.2227, 0.1806
0.2227, 0.1833
0.2227, 0.1833
0.2227, 0.1833
0.2227, 0.1860
0.2227, 0.1860
0.2227, 0.1860
0.2227, 0.1887
0.2227, 0.1887
0.2227, 0.1887
0.2227, 0.1887
0.2227, 0.1887
0.2227, 0.1887
0.2227, 0.1914
0.2227, 0.1914
0.2227, 0.1914
0.2269, 0.1941
0.2269, 0.1941
0.2269, 0.1941
0.2269, 0.1941
0.2269, 0.1968
0.2269, 0.1968
0.2269, 0.1968
0.2269, 0.1995
0.2269, 0.1995
0.2269, 0.1995
0.2269, 0.2022
0.2269, 0.2022
0.2269, 0.2022
0.2269, 0.2022
0.2269, 0.2022
0.2269, 0.2022
0.2311, 0.2049
0.2311, 0.2049
0.2311, 0.2049
0.2311, 0.2075
0.2311, 0.2075
0.2311, 0.2075
0.2311, 0.2102
0.2311, 0.2102
0.2311, 0.2102
0.2311, 0.2102
0.2311, 0.2102
0.2311, 0.2102
0.2311, 0.2129
0.2311, 0.2129
0.2311, 0.2129
0.2311, 0.2156
0.2311, 0.2156
0.2311, 0.2156
0.2311, 0.2156
0.2311, 0.2156
0.2311, 0.2156
0.2311, 0.2156
0.2311, 0.2183
0.2311, 0.2183
0.2311, 0.2183
0.2353, 0.2210
0.2353, 0.2210
0.2353, 0.2210
0.2353, 0.2210
0.2353, 0.2210
0.2353, 0.2210
0.2353, 0.2237
0.2353, 0.2237
0.2353, 0.2237
0.2395, 0.2237
0.2395, 0.2237
0.2395, 0.2237
0.2395, 0.2264
0.2395, 0.2264
0.2395, 0.2264
0.2395, 0.2291
0.2395, 0.2291
0.2395, 0.2291
0.2395, 0.2291
0.2395, 0.2291
0.2395, 0.2291
0.2437, 0.2318
0.2437, 0.2318
0.2437, 0.2318
0.2437, 0.2345
0.2437, 0.2345
0.2437, 0.2345
0.2437, 0.2345
0.2437, 0.2345
0.2437, 0.2345
0.2437, 0.2345
0.2437, 0.2345
0.2437, 0.2345
0.2437, 0.2345
0.2437, 0.2372
0.2437, 0.2372
0.2437, 0.2372
0.2479, 0.2372
0.2479, 0.2372
0.2479, 0.2372
0.2479, 0.2399
0.2479, 0.2399
0.2479, 0.2399
0.2479, 0.2426
0.2479, 0.2426
0.2479, 0.2426
0.2479, 0.2426
0.2479, 0.2426
0.2479, 0.2426
0.2521, 0.2426
0.2521, 0.2426
0.2521, 0.2426
0.2521, 0.2453
0.2521, 0.2453
0.2521, 0.2453
0.2521, 0.2480
0.2521, 0.2480
0.2521, 0.2480
0.2521, 0.2480
0.2521, 0.2480
0.2521, 0.2480
0.2521, 0.2480
0.2521, 0.2480
0.2521, 0.2480
0.2521, 0.2480
0.2521, 0.2507
0.2521, 0.2507
0.2521, 0.2507
0.2563, 0.2507
0.2563, 0.2507
0.2563, 0.2507
0.2563, 0.2534
0.2563, 0.2534
0.2563, 0.2534
0.2605, 0.2561
0.2605, 0.2561
0.2605, 0.2561
0.2605, 0.2561
0.2605, 0.2561
0.2605, 0.2561
0.2605, 0.2588
0.2605, 0.2588
0.2605, 0.2588
0.2605, 0.2588
0.2605, 0.2588
0.2605, 0.2588
0.2605, 0.2615
0.2605, 0.2615
0.2605, 0.2615
0.2647, 0.2615
0.2647, 0.2615
0.2647, 0.2615
0.2647, 0.2642
0.2647, 0.2642
0.2647, 0.2642
0.2647, 0.2642
0.2647, 0.2642
0.2647, 0.2642
0.2689, 0.2668
0.2689, 0.2668
0.2689, 0.2668
0.2731, 0.2695
0.2731, 0.2695
0.2731, 0.2695
0.2731, 0.2695
0.2731, 0.2695
0.2731, 0.2695
0.2731, 0.2722
0.2731, 0.2722
0.2731, 0.2722
0.2731, 0.2749
0.2731, 0.2749
0.2731, 0.2749
0.2773, 0.2749
0.2773, 0.2749
0.2773, 0.2749
0.2773, 0.2776
0.2773, 0.2776
0.2773, 0.2776
0.2773, 0.2776
0.2773, 0.2776
0.2773, 0.2776
0.2815, 0.2803
0.2815, 0.2803
0.2815, 0.2803
0.2815, 0.2830
0.2815, 0.2830
0.2815, 0.2830
0.2815, 0.2857
0.2815, 0.2857
0.2857, 0.2857
0.2857, 0.2884
0.2899, 0.2884
0.2899, 0.2911
0.2941, 0.2911
0.2941, 0.2965
0.2941, 0.2965
0.2941, 0.2965
0.2941, 0.2965
0.2941, 0.2965
0.2983, 0.2992
0.2983, 0.2992
0.2983, 0.2992
0.2983, 0.2992
0.2983, 0.2992
0.2983, 0.2992
0.3025, 0.3019
0.3025, 0.3019
0.3025, 0.3019
0.3025, 0.3019
0.3025, 0.3019
0.3025, 0.3019
0.3025, 0.3046
0.3025, 0.3046
0.3025, 0.3046
0.3067, 0.3073
0.3067, 0.3073
0.3067, 0.3073
0.3067, 0.3073
0.3067, 0.3073
0.3067, 0.3073
0.3109, 0.3073
0.3109, 0.3073
0.3109, 0.3073
0.3109, 0.3100
0.3109, 0.3100
0.3109, 0.3100
0.3151, 0.3100
0.3151, 0.3100
0.3151, 0.3100
0.3151, 0.3127
0.3151, 0.3127
0.3151, 0.3127
0.3151, 0.3127
0.3151, 0.3127
0.3151, 0.3127
0.3151, 0.3154
0.3151, 0.3154
0.3151, 0.3154
0.3151, 0.3154
0.3151, 0.3154
0.3151, 0.3154
0.3193, 0.3154
0.3193, 0.3154
0.3193, 0.3154
0.3193, 0.3181
0.3193, 0.3181
0.3193, 0.3181
0.3235, 0.3208
0.3235, 0.3208
0.3235, 0.3208
0.3235, 0.3208
0.3235, 0.3208
0.3235, 0.3208
0.3235, 0.3208
0.3235, 0.3208
0.3235, 0.3208
0.3277, 0.3235
0.3277, 0.3235
0.3277, 0.3235
0.3277, 0.3235
0.3277, 0.3235
0.3277, 0.3235
0.3319, 0.3261
0.3319, 0.3261
0.3319, 0.3261
0.3319, 0.3288
0.3319, 0.3288
0.3319, 0.3288
0.3361, 0.3288
0.3361, 0.3288
0.3361, 0.3288
0.3361, 0.3288
0.3361, 0.3288
0.3361, 0.3288
0.3361, 0.3315
0.3361, 0.3315
0.3361, 0.3315
0.3361, 0.3315
0.3361, 0.3315
0.3361, 0.3315
0.3403, 0.3342
0.3403, 0.3342
0.3403, 0.3342
0.3403, 0.3342
0.3403, 0.3342
0.3403, 0.3342
0.3445, 0.3342
0.3445, 0.3342
0.3445, 0.3342
0.3445, 0.3342
0.3445, 0.3342
0.3445, 0.3342
0.3445, 0.3369
0.3445, 0.3369
0.3445, 0.3369
0.3445, 0.3369
0.3445, 0.3369
0.3445, 0.3369
0.3487, 0.3396
0.3487, 0.3396
0.3487, 0.3396
0.3487, 0.3396
0.3487, 0.3396
0.3487, 0.3396
0.3529, 0.3423
0.3529, 0.3423
0.3529, 0.3423
0.3571, 0.3423
0.3571, 0.3423
0.3571, 0.3423
0.3571, 0.3423
0.3571, 0.3423
0.3571, 0.3423
0.3571, 0.3450
0.3571, 0.3450
0.3571, 0.3450
0.3613, 0.3477
0.3613, 0.3477
0.3613, 0.3477
0.3613, 0.3477
0.3613, 0.3477
0.3655, 0.3477
0.3655, 0.3477
0.3655, 0.3477
0.3655, 0.3477
0.3655, 0.3477
0.3655, 0.3477
0.3655, 0.3504
0.3655, 0.3504
0.3655, 0.3504
0.3655, 0.3504
0.3655, 0.3504
0.3655, 0.3504
0.3697, 0.3531
0.3697, 0.3531
0.3739, 0.3558
0.3739, 0.3558
0.3739, 0.3558
0.3739, 0.3558
0.3739, 0.3558
0.3739, 0.3558
0.3739, 0.3558
0.3782, 0.3558
0.3782, 0.3558
0.3782, 0.3558
0.3782, 0.3558
0.3782, 0.3558
0.3782, 0.3558
0.3782, 0.3585
0.3782, 0.3585
0.3782, 0.3585
0.3824, 0.3612
0.3824, 0.3612
0.3824, 0.3612
0.3824, 0.3612
0.3824, 0.3612
0.3866, 0.3612
0.3866, 0.3612
0.3866, 0.3612
0.3866, 0.3612
0.3866, 0.3612
0.3866, 0.3612
0.3866, 0.3639
0.3866, 0.3639
0.3866, 0.3639
0.3866, 0.3639
0.3866, 0.3639
0.3866, 0.3639
0.3908, 0.3666
0.3908, 0.3666
0.3908, 0.3666
0.3908, 0.3666
0.3908, 0.3666
0.3908, 0.3666
0.3950, 0.3693
0.3950, 0.3693
0.3950, 0.3693
0.3950, 0.3693
0.3950, 0.3693
0.3950, 0.3693
0.3950, 0.3693
0.3950, 0.3693
0.3950, 0.3693
0.3950, 0.3693
0.3950, 0.3693
0.3950, 0.3693
0.3992, 0.3720
0.3992, 0.3720
0.3992, 0.3720
0.3992, 0.3720
0.3992, 0.3720
0.3992, 0.3720
0.4034, 0.3747
0.4034, 0.3747
0.4034, 0.3747
0.4076, 0.3747
0.4076, 0.3747
0.4076, 0.3747
0.4076, 0.3747
0.4076, 0.3747
0.4076, 0.3747
0.4076, 0.3747
0.4076, 0.3747
0.4076, 0.3747
0.4076, 0.3774
0.4076, 0.3774
0.4076, 0.3774
0.4076, 0.3774
0.4076, 0.3774
0.4076, 0.3774
0.4076, 0.3774
0.4076, 0.3774
0.4076, 0.3774
0.4118, 0.3801
0.4118, 0.3801
0.4118, 0.3801
0.4118, 0.3801
0.4118, 0.3801
0.4118, 0.3801
0.4160, 0.3801
0.4160, 0.3801
0.4160, 0.3801
0.4160, 0.3827
0.4160, 0.3827
0.4160, 0.3827
0.4160, 0.3827
0.4160, 0.3827
0.4160, 0.3827
0.4160, 0.3827
0.4160, 0.3827
0.4160, 0.3827
0.4202, 0.3827
0.4202, 0.3827
0.4202, 0.3827
0.4202, 0.3827
0.4202, 0.3827
0.4202, 0.3827
0.4244, 0.3854
0.4244, 0.3854
0.4244, 0.3854
0.4244, 0.3854
0.4244, 0.3854
0.4244, 0.3854
0.4286, 0.3881
0.4286, 0.3881
0.4286, 0.3881
0.4286, 0.3881
0.4286, 0.3881
0.4286, 0.3881
0.4286, 0.3881
0.4286, 0.3881
0.4286, 0.3881
0.4286, 0.3881
0.4286, 0.3881
0.4286, 0.3881
0.4286, 0.3881
0.4328, 0.3881
0.4328, 0.3881
0.4328, 0.3908
0.4328, 0.3908
0.4328, 0.3908
0.4370, 0.3908
0.4370, 0.3908
0.4370, 0.3908
0.4370, 0.3908
0.4370, 0.3908
0.4370, 0.3908
0.4370, 0.3908
0.4370, 0.3908
0.4370, 0.3935
0.4370, 0.3935
0.4370, 0.3935
0.4412, 0.3935
0.4412, 0.3935
0.4412, 0.3935
0.4412, 0.3935
0.4412, 0.3935
0.4412, 0.3935
0.4454, 0.3935
0.4454, 0.3935
0.4454, 0.3935
0.4496, 0.3935
0.4496, 0.3935
0.4496, 0.3935
0.4496, 0.3935
0.4496, 0.3935
0.4496, 0.3935
0.4496, 0.3962
0.4496, 0.3962
0.4496, 0.3962
0.4496, 0.3962
0.4496, 0.3962
0.4496, 0.3962
0.4538, 0.3962
0.4538, 0.3962
0.4538, 0.3989
0.4538, 0.3989
0.4538, 0.3989
0.4580, 0.3989
0.4580, 0.3989
0.4580, 0.3989
0.4580, 0.3989
0.4580, 0.3989
0.4580, 0.4016
0.4580, 0.4016
0.4580, 0.4016
0.4622, 0.4016
0.4622, 0.4016
0.4622, 0.4016
0.4622, 0.4016
0.4622, 0.4016
0.4622, 0.4016
0.4664, 0.4016
0.4664, 0.4016
0.4706, 0.4016
0.4706, 0.4016
0.4706, 0.4016
0.4706, 0.4016
0.4706, 0.4016
0.4706, 0.4016
0.4706, 0.4043
0.4706, 0.4043
0.4748, 0.4043
0.4748, 0.4043
0.4748, 0.4043
0.4748, 0.4043
0.4748, 0.4043
0.4748, 0.4043
0.4790, 0.4070
0.4790, 0.4070
0.4790, 0.4070
0.4790, 0.4070
0.4790, 0.4070
0.4832, 0.4070
0.4832, 0.4070
0.4832, 0.4070
0.4874, 0.4070
0.4874, 0.4070
0.4874, 0.4070
0.4916, 0.4070
0.4916, 0.4070
0.4916, 0.4097
0.4916, 0.4097
0.4916, 0.4097
0.4958, 0.4097
0.4958, 0.4097
0.4958, 0.4097
0.4958, 0.4097
0.4958, 0.4097
0.4958, 0.4097
0.5000, 0.4097
0.5000, 0.4097
0.5000, 0.4124
0.5000, 0.4124
0.5000, 0.4124
0.5000, 0.4124
0.5000, 0.4124
0.5000, 0.4124
0.5042, 0.4124
0.5042, 0.4124
0.5042, 0.4124
0.5084, 0.4124
0.5084, 0.4124
0.5084, 0.4124
0.5126, 0.4151
0.5126, 0.4151
0.5126, 0.4151
0.5126, 0.4151
0.5126, 0.4151
0.5126, 0.4151
0.5126, 0.4151
0.5126, 0.4151
0.5168, 0.4151
0.5168, 0.4151
0.5168, 0.4151
0.5210, 0.4151
0.5210, 0.4151
0.5210, 0.4151
0.5210, 0.4151
0.5210, 0.4151
0.5210, 0.4151
0.5252, 0.4151
0.5252, 0.4151
0.5252, 0.4151
0.5294, 0.4178
0.5294, 0.4178
0.5294, 0.4178
0.5294, 0.4178
0.5294, 0.4178
0.5336, 0.4178
0.5336, 0.4178
0.5336, 0.4178
0.5336, 0.4178
0.5336, 0.4178
0.5336, 0.4178
0.5378, 0.4178
0.5378, 0.4178
0.5378, 0.4205
0.5378, 0.4205
0.5378, 0.4205
0.5420, 0.4205
0.5420, 0.4205
0.5420, 0.4205
0.5420, 0.4205
0.5420, 0.4205
0.5420, 0.4205
0.5462, 0.4205
0.5462, 0.4205
0.5462, 0.4205
0.5462, 0.4205
0.5462, 0.4205
0.5504, 0.4205
0.5504, 0.4205
0.5504, 0.4205
0.5504, 0.4205
0.5504, 0.4205
0.5504, 0.4205
0.5546, 0.4205
0.5546, 0.4205
0.5546, 0.4205
0.5546, 0.4232
0.5546, 0.4232
0.5588, 0.4232
0.5588, 0.4232
0.5588, 0.4232
0.5630, 0.4232
0.5630, 0.4232
0.5630, 0.4232
0.5630, 0.4259
0.5630, 0.4259
0.5630, 0.4259
0.5630, 0.4259
0.5630, 0.4259
0.5630, 0.4259
0.5672, 0.4259
0.5672, 0.4259
0.5672, 0.4259
0.5672, 0.4259
0.5672, 0.4259
0.5672, 0.4259
0.5714, 0.4286
0.5714, 0.4286
0.5714, 0.4286
0.5714, 0.4286
0.5714, 0.4286
0.5756, 0.4286
0.5756, 0.4286
0.5756, 0.4286
0.5798, 0.4286
0.5798, 0.4286
0.5798, 0.4286
0.5798, 0.4286
0.5798, 0.4286
0.5840, 0.4286
0.5840, 0.4286
0.5840, 0.4286
0.5840, 0.4286
0.5840, 0.4286
0.5840, 0.4286
0.5840, 0.4313
0.5840, 0.4313
0.5840, 0.4313
0.5882, 0.4313
0.5882, 0.4313
0.5924, 0.4313
0.5924, 0.4313
0.5924, 0.4313
0.5924, 0.4313
0.5924, 0.4313
0.5924, 0.4313
0.5966, 0.4340
0.5966, 0.4340
0.5966, 0.4340
0.6008, 0.4340
0.6008, 0.4340
0.6050, 0.4340
0.6050, 0.4340
0.6092, 0.4340
0.6092, 0.4340
0.6092, 0.4340
0.6134, 0.4340
0.6134, 0.4340
0.6134, 0.4340
0.6134, 0.4367
0.6134, 0.4367
0.6176, 0.4367
0.6176, 0.4367
0.6176, 0.4367
0.6218, 0.4367
0.6218, 0.4367
0.6218, 0.4367
0.6261, 0.4394
0.6261, 0.4394
0.6261, 0.4394
0.6261, 0.4394
0.6261, 0.4394
0.6303, 0.4394
0.6303, 0.4394
0.6303, 0.4394
0.6345, 0.4420
0.6345, 0.4420
0.6345, 0.4420
0.6345, 0.4420
0.6345, 0.4420
0.6345, 0.4420
0.6429, 0.4420
0.6429, 0.4420
0.6471, 0.4420
0.6471, 0.4420
0.6471, 0.4420
0.6513, 0.4420
0.6513, 0.4420
0.6513, 0.4420
0.6555, 0.4420
0.6555, 0.4420
0.6597, 0.4447
0.6597, 0.4447
0.6597, 0.4447
0.6681, 0.4447
0.6681, 0.4447
0.6723, 0.4447
0.6723, 0.4447
0.6723, 0.4447
0.6765, 0.4447
0.6765, 0.4447
0.6849, 0.4474
0.6849, 0.4474
0.6849, 0.4474
0.6891, 0.4474
0.6891, 0.4474
0.6891, 0.4474
0.6933, 0.4474
0.6933, 0.4474
0.6933, 0.4474
0.6975, 0.4474
0.6975, 0.4474
0.7017, 0.4501
0.7017, 0.4501
0.7017, 0.4501
0.7017, 0.4501
0.7017, 0.4501
0.7017, 0.4501
0.7059, 0.4501
0.7059, 0.4501
0.7059, 0.4501
0.7101, 0.4501
0.7101, 0.4501
0.7101, 0.4501
0.7101, 0.4501
0.7101, 0.4501
0.7143, 0.4501
0.7143, 0.4501
0.7143, 0.4501
0.7185, 0.4501
0.7185, 0.4501
0.7185, 0.4501
0.7227, 0.4501
0.7227, 0.4501
0.7227, 0.4501
0.7227, 0.4501
0.7227, 0.4501
0.7227, 0.4501
0.7227, 0.4501
0.7227, 0.4501
0.7227, 0.4501
0.7227, 0.4501
0.7227, 0.4501
0.7227, 0.4501
0.7227, 0.4501
0.7227, 0.4501
0.7227, 0.4501
0.7227, 0.4501
0.7227, 0.4501
0.7227, 0.4501
0.7227, 0.4501
0.7227, 0.4501
0.7227, 0.4501
0.7227, 0.4501
0.7227, 0.4501
0.7269, 0.4501
0.7269, 0.4501
0.7269, 0.4501
0.7269, 0.4501
0.7269, 0.4501
0.7269, 0.4501
0.7269, 0.4501
0.7269, 0.4501
0.7269, 0.4501
0.7269, 0.4501
0.7269, 0.4501
0.7269, 0.4501
0.7269, 0.4501
0.7269, 0.4501
0.7269, 0.4501
0.7269, 0.4501
0.7269, 0.4501
0.7269, 0.4501
0.7269, 0.4501
0.7269, 0.4501
0.7269, 0.4501
0.7269, 0.4501
0.7269, 0.4501
0.7269, 0.4501
0.6218, 0.0809
0.6218, 0.0809
0.6218, 0.0809
0.6218, 0.0809
0.6218, 0.0809
0.6218, 0.0809
0.6218, 0.0809
0.6218, 0.0809
0.6218, 0.0809
0.6218, 0.0809
0.6218, 0.0809
0.6218, 0.0809
0.6218, 0.0809
0.6218, 0.0809
0.6218, 0.0809
0.6218, 0.0809
0.6218, 0.0809
0.6218, 0.0809
0.6218, 0.0809
0.6218, 0.0809
0.6218, 0.0809
0.6218, 0.0809
0.6218, 0.0809
0.6218, 0.0809
0.6218, 0.0809
0.6218, 0.0809
0.6218, 0.0809
0.6218, 0.0809
0.6218, 0.0809
0.6218, 0.0809
0.6218, 0.0809
0.6218, 0.0809
0.6218, 0.0809
0.6218, 0.0809
0.6218, 0.0809
0.6218, 0.0809
0.6218, 0.0809
0.6218, 0.0809
0.6218, 0.0809
0.6218, 0.0809
0.6218, 0.0809
0.6218, 0.0809
0.6218, 0.0809
0.6218, 0.0809
0.6218, 0.0809
0.6218, 0.0809
0.6218, 0.0809
0.6218, 0.0809
0.6218, 0.0809
0.6218, 0.0809
0.6218, 0.0809
0.6218, 0.0809
0.6218, 0.0809
0.6218, 0.0809
0.6218, 0.0809
0.6218, 0.0809
0.6218, 0.0809
0.6218, 0.0809
0.6218, 0.0809
0.6218, 0.0809
0.6218, 0.0809
0.6218, 0.0809
0.6218, 0.0809
0.6218, 0.0809
0.6218, 0.0809
0.6218, 0.0809
0.6218, 0.0809
0.6218, 0.0809
0.6218, 0.0809
0.6218, 0.0809
0.6218, 0.0782
0.6218, 0.0782
0.6218, 0.0782
0.6218, 0.0782
0.6218, 0.0755
0.6218, 0.0755
0.6218, 0.0755
0.6218, 0.0755
0.6218, 0.0755
0.6218, 0.0755
0.6218, 0.0755
0.6218, 0.0755
0.6218, 0.0755
0.6218, 0.0755
0.6218, 0.0755
0.6218, 0.0755
0.6218, 0.0755
0.6218, 0.0728
0.6218, 0.0728
0.6218, 0.0728
0.6218, 0.0728
0.6218, 0.0728
0.6218, 0.0701
0.6218, 0.0701
0.6218, 0.0701
0.6218, 0.0701
0.6218, 0.0701
0.6218, 0.0701
0.6218, 0.0701
0.6218, 0.0701
0.6218, 0.0674
0.6218, 0.0674
0.6218, 0.0674
0.6218, 0.0647
0.6218, 0.0647
0.6218, 0.0647
0.6218, 0.0647
0.6218, 0.0647
0.6218, 0.0647
0.6218, 0.0647
0.6218, 0.0647
0.6218, 0.0647
0.6218, 0.0620
0.6218, 0.0620
0.6218, 0.0620
0.6218, 0.0620
0.6218, 0.0620
0.6218, 0.0620
0.6218, 0.0620
0.6218, 0.0620
0.6218, 0.0593
0.6218, 0.0593
0.6218, 0.0593
0.6218, 0.0593
0.6218, 0.0593
0.6218, 0.0593
0.6218, 0.0593
0.6218, 0.0593
0.6218, 0.0566
0.6218, 0.0566
0.6218, 0.0566
0.6218, 0.0566
0.6218, 0.0566
0.6218, 0.0566
0.6218, 0.0566
0.6218, 0.0566
0.6261, 0.0539
0.6261, 0.0539
0.6261, 0.0539
0.6261, 0.0539
0.6261, 0.0512
0.6261, 0.0512
0.6261, 0.0512
0.6261, 0.0512
0.6261, 0.0512
0.6261, 0.0512
0.6261, 0.0512
0.6261, 0.0512
0.6261, 0.0512
0.6303, 0.0512
0.6303, 0.0512
0.6303, 0.0512
0.6303, 0.0512
0.6303, 0.0485
0.6303, 0.0485
0.6303, 0.0485
0.6303, 0.0485
0.6303, 0.0485
0.6303, 0.0485
0.6303, 0.0485
0.6303, 0.0485
0.6303, 0.0485
0.6303, 0.0485
0.6303, 0.0485
0.6303, 0.0485
0.6303, 0.0458
0.6303, 0.0458
0.6303, 0.0458
0.6303, 0.0458
0.6303, 0.0458
0.6303, 0.0458
0.6303, 0.0458
0.6303, 0.0458
0.6303, 0.0458
0.6303, 0.0431
0.6303, 0.0431
0.6303, 0.0431
0.6303, 0.0431
0.6303, 0.0431
0.6303, 0.0431
0.6303, 0.0431
0.6303, 0.0431
0.6303, 0.0431
0.6303, 0.0431
0.6303, 0.0431
0.6303, 0.0431
0.6345, 0.0431
0.6345, 0.0431
0.6345, 0.0431
0.6345, 0.0431
0.6345, 0.0431
0.6345, 0.0431
0.6345, 0.0431
0.6345, 0.0431
0.6345, 0.0404
0.6345, 0.0404
0.6345, 0.0404
0.6345, 0.0404
0.6345, 0.0404
0.6345, 0.0404
0.6345, 0.0404
0.6387, 0.0377
0.6387, 0.0377
0.6387, 0.0377
0.6387, 0.0377
0.6387, 0.0377
0.6387, 0.0377
0.6387, 0.0377
0.6387, 0.0377
0.6387, 0.0377
0.6387, 0.0377
0.6387, 0.0377
0.6387, 0.0377
0.6387, 0.0377
0.6387, 0.0377
0.6387, 0.0377
0.6387, 0.0377
0.6387, 0.0377
0.6387, 0.0377
0.6387, 0.0377
0.6387, 0.0377
0.6387, 0.0350
0.6387, 0.0350
0.6387, 0.0350
0.6429, 0.0350
0.6429, 0.0350
0.6429, 0.0350
0.6429, 0.0350
0.6429, 0.0350
0.6429, 0.0350
0.6429, 0.0323
0.6429, 0.0323
0.6429, 0.0323
0.6471, 0.0323
0.6471, 0.0323
0.6471, 0.0323
0.6471, 0.0323
0.6471, 0.0323
0.6471, 0.0323
0.6471, 0.0323
0.6471, 0.0296
0.6471, 0.0296
0.6471, 0.0296
0.6513, 0.0296
0.6513, 0.0296
0.6513, 0.0296
0.6513, 0.0296
0.6513, 0.0296
0.6513, 0.0296
0.6513, 0.0296
0.6513, 0.0296
0.6513, 0.0296
0.6513, 0.0296
0.6513, 0.0296
0.6513, 0.0296
0.6513, 0.0296
0.6513, 0.0296
0.6513, 0.0296
0.6513, 0.0296
0.6513, 0.0270
0.6513, 0.0270
0.6555, 0.0270
0.6555, 0.0270
0.6555, 0.0270
0.6555, 0.0270
0.6555, 0.0270
0.6555, 0.0270
0.6555, 0.0270
0.6555, 0.0243
0.6555, 0.0243
0.6597, 0.0243
0.6597, 0.0243
0.6597, 0.0243
0.6597, 0.0243
0.6597, 0.0243
0.6597, 0.0243
0.6597, 0.0243
0.6597, 0.0243
0.6597, 0.0243
0.6597, 0.0243
0.6597, 0.0243
0.6597, 0.0243
0.6597, 0.0243
0.6597, 0.0243
0.6597, 0.0243
0.6597, 0.0243
0.6639, 0.0216
0.6639, 0.0216
0.6639, 0.0216
0.6639, 0.0216
0.6639, 0.0216
0.6639, 0.0216
0.6639, 0.0216
0.6681, 0.0216
0.6681, 0.0216
0.6681, 0.0189
0.6681, 0.0189
0.6681, 0.0189
0.6723, 0.0189
0.6723, 0.0189
0.6723, 0.0189
0.6723, 0.0189
0.6723, 0.0189
0.6723, 0.0189
0.6723, 0.0189
0.6723, 0.0189
0.6723, 0.0189
0.6723, 0.0189
0.6723, 0.0162
0.6723, 0.0162
0.6723, 0.0162
0.6765, 0.0162
0.6765, 0.0162
0.6765, 0.0162
0.6765, 0.0162
0.6765, 0.0162
0.6765, 0.0162
0.6807, 0.0162
0.6807, 0.0162
0.6807, 0.0162
0.6807, 0.0162
0.6807, 0.0162
0.6807, 0.0162
0.6807, 0.0162
0.6807, 0.0162
0.6807, 0.0162
0.6807, 0.0162
0.6807, 0.0162
0.6807, 0.0162
0.6807, 0.0162
0.6807, 0.0162
0.6807, 0.0162
0.6807, 0.0162
0.6849, 0.0162
0.6849, 0.0162
0.6849, 0.0162
0.6849, 0.0135
0.6849, 0.0135
0.6849, 0.0135
0.6891, 0.0135
0.6891, 0.0135
0.6891, 0.0135
0.6891, 0.0135
0.6891, 0.0135
0.6891, 0.0135
0.6933, 0.0135
0.6933, 0.0135
0.6933, 0.0135
0.6933, 0.0108
0.6933, 0.0108
0.6933, 0.0108
0.6933, 0.0108
0.6933, 0.0108
0.6933, 0.0108
0.6933, 0.0108
0.6933, 0.0108
0.6933, 0.0108
0.6975, 0.0108
0.6975, 0.0108
0.6975, 0.0108
0.6975, 0.0108
0.6975, 0.0108
0.6975, 0.0108
0.7017, 0.0108
0.7017, 0.0108
0.7017, 0.0108
0.7017, 0.0108
0.7017, 0.0108
0.7017, 0.0108
0.7017, 0.0108
0.7017, 0.0108
0.7017, 0.0108
0.7059, 0.0108
0.7059, 0.0108
0.7059, 0.0108
0.7059, 0.0081
0.7059, 0.0081
0.7059, 0.0081
0.7101, 0.0081
0.7101, 0.0081
0.7101, 0.0081
0.7101, 0.0081
0.7101, 0.0081
0.7101, 0.0081
0.7101, 0.0081
0.7143, 0.0081
0.7143, 0.0081
0.7143, 0.0081
0.7143, 0.0081
0.7143, 0.0081
0.7143, 0.0081
0.7143, 0.0081
0.7143, 0.0081
0.7143, 0.0081
0.7143, 0.0081
0.7143, 0.0081
0.7143, 0.0081
0.7185, 0.0054
0.7185, 0.0054
0.7185, 0.0054
0.7185, 0.0054
0.7185, 0.0054
0.7185, 0.0054
0.7227, 0.0054
0.7227, 0.0054
0.7227, 0.0054
0.7227, 0.0054
0.7227, 0.0054
0.7227, 0.0054
0.7227, 0.0054
0.7227, 0.0054
0.7227, 0.0054
0.7227, 0.0054
0.7227, 0.0054
0.7227, 0.0054
0.7227, 0.0054
0.7269, 0.0027
0.7269, 0.0027
0.7269, 0.0027
0.7269, 0.0027
0.7269, 0.0027
0.7269, 0.0027
0.7311, 0.0027
0.7311, 0.0027
0.7311, 0.0027
0.7311, 0.0027
0.7311, 0.0027
0.7311, 0.0027
0.7311, 0.0027
0.7311, 0.0027
0.7311, 0.0027
0.7311, 0.0027
0.7311, 0.0027
0.7311, 0.0027
0.7353, 0.0027
0.7353, 0.0027
0.7353, 0.0027
0.7353, 0.0027
0.7353, 0.0027
0.7353, 0.0027
0.7353, 0.0027
0.7353, 0.0027
0.7353, 0.0027
0.7395, 0.0027
0.7395, 0.0027
0.7395, 0.0027
0.7395, 0.0027
0.7395, 0.0027
0.7395, 0.0027
0.7437, 0.0027
0.7437, 0.0027
0.7437, 0.0027
0.7437, 0.0027
0.7437, 0.0027
0.7437, 0.0027
0.7437, 0.0027
0.7437, 0.0027
0.7437, 0.0027
0.7479, 0.0027
0.7479, 0.0027
0.7479, 0.0027
0.7521, 0.0027
0.7521, 0.0027
0.7521, 0.0027
0.7521, 0.0027
0.7521, 0.0027
0.7521, 0.0027
0.7563, 0.0027
0.7563, 0.0027
0.7563, 0.0027
0.7563, 0.0027
0.7563, 0.0027
0.7563, 0.0027
0.7563, 0.0027
0.7563, 0.0027
0.7563, 0.0027
0.7563, 0.0027
0.7563, 0.0027
0.7563, 0.0027
0.7605, 0.0027
0.7605, 0.0027
0.7605, 0.0027
0.7647, 0.0000
0.7647, 0.0000
0.7647, 0.0000
0.7647, 0.0000
0.7647, 0.0000
0.7647, 0.0000
0.7647, 0.0000
0.7647, 0.0000
0.7647, 0.0000
0.7689, 0.0000
0.7689, 0.0000
0.7689, 0.0000
0.7731, 0.0000
0.7731, 0.0000
0.7731, 0.0000
0.7731, 0.0000
0.7731, 0.0000
0.7731, 0.0000
0.7731, 0.0000
0.7731, 0.0000
0.7773, 0.0000
0.7773, 0.0000
0.7773, 0.0000
0.7815, 0.0000
0.7815, 0.0000
0.7815, 0.0000
0.7815, 0.0000
0.7815, 0.0000
0.7815, 0.0000
0.7857, 0.0000
0.7857, 0.0000
0.7857, 0.0000
0.7857, 0.0000
0.7857, 0.0000
0.7857, 0.0000
0.7857, 0.0000
0.7857, 0.0000
0.7857, 0.0000
0.7899, 0.0000
0.7899, 0.0000
0.7899, 0.0000
0.7941, 0.0000
0.7941, 0.0000
0.7941, 0.0000
0.7941, 0.0000
0.7941, 0.0000
0.7941, 0.0000
0.7941, 0.0000
0.7941, 0.0000
0.7941, 0.0000
0.7983, 0.0000
0.7983, 0.0000
0.7983, 0.0000
0.8025, 0.0000
0.8025, 0.0000
0.8067, 0.0000
0.8067, 0.0000
0.8067, 0.0000
0.8067, 0.0000
0.8067, 0.0000
0.8067, 0.0000
0.8067, 0.0000
0.8067, 0.0000
0.8067, 0.0000
0.8067, 0.0000
0.8067, 0.0000
0.8067, 0.0000
0.8067, 0.0000
0.8109, 0.0000
0.8109, 0.0000
0.8151, 0.0000
0.8151, 0.0000
0.8151, 0.0000
0.8151, 0.0000
0.8151, 0.0000
0.8151, 0.0000
0.8151, 0.0000
0.8151, 0.0000
0.8151, 0.0000
0.8193, 0.0000
0.8193, 0.0000
0.8193, 0.0000
0.8193, 0.0000
0.8193, 0.0000
0.8193, 0.0000
0.8235, 0.0000
0.8235, 0.0000
0.8235, 0.0000
0.8277, 0.0000
0.8277, 0.0000
0.8277, 0.0000
0.8277, 0.0000
0.8277, 0.0000
0.8277, 0.0000
0.8277, 0.0000
0.8277, 0.0000
0.8277, 0.0000
0.8319, 0.0027
0.8319, 0.0027
0.8319, 0.0027
0.8361, 0.0027
0.8361, 0.0027
0.8361, 0.0027
0.8361, 0.0027
0.8361, 0.0027
0.8361, 0.0027
0.8403, 0.0054
0.8403, 0.0054
0.8445, 0.0054
0.8445, 0.0054
0.8445, 0.0054
0.8487, 0.0054
0.8487, 0.0054
0.8487, 0.0054
0.8487, 0.0054
0.8487, 0.0054
0.8487, 0.0054
0.8487, 0.0054
0.8487, 0.0054
0.8487, 0.0054
0.8529, 0.0081
0.8529, 0.0081
0.8529, 0.0081
0.8571, 0.0081
0.8571, 0.0081
0.8571, 0.0081
0.8571, 0.0081
0.8571, 0.0081
0.8571, 0.0081
0.8571, 0.0081
0.8571, 0.0081
0.8571, 0.0081
0.8613, 0.0081
0.8613, 0.0081
0.8613, 0.0081
0.8655, 0.0081
0.8655, 0.0081
0.8655, 0.0081
0.8697, 0.0108
0.8697, 0.0108
0.8697, 0.0108
0.8697, 0.0108
0.8697, 0.0108
0.8739, 0.0108
0.8739, 0.0108
0.8739, 0.0108
0.8782, 0.0135
0.8782, 0.0135
0.8782, 0.0135
0.8782, 0.0135
0.8782, 0.0135
0.8782, 0.0135
0.8824, 0.0135
0.8824, 0.0135
0.8866, 0.0135
0.8866, 0.0135
0.8866, 0.0135
0.8866, 0.0135
0.8866, 0.0135
0.8866, 0.0135
0.8908, 0.0135
0.8908, 0.0135
0.8908, 0.0135
0.8908, 0.0135
0.8908, 0.0135
0.8908, 0.0135
0.8908, 0.0162
0.8908, 0.0162
0.8908, 0.0162
0.8950, 0.0162
0.8950, 0.0162
0.8950, 0.0162
0.8992, 0.0189
0.8992, 0.0189
0.8992, 0.0189
0.8992, 0.0189
0.8992, 0.0189
0.9034, 0.0216
0.9034, 0.0216
0.9034, 0.0216
0.9076, 0.0216
0.9076, 0.0216
0.9076, 0.0216
0.9076, 0.0216
0.9076, 0.0216
0.9076, 0.0216
0.9076, 0.0216
0.9076, 0.0216
0.9118, 0.0243
0.9118, 0.0243
0.9118, 0.0243
0.9160, 0.0243
0.9160, 0.0243
0.9160, 0.0243
0.9160, 0.0270
0.9160, 0.0270
0.9202, 0.0270
0.9202, 0.0270
0.9202, 0.0270
0.9202, 0.0270
0.9202, 0.0270
0.9202, 0.0270
0.9244, 0.0296
0.9244, 0.0296
0.9244, 0.0296
0.9244, 0.0323
0.9244, 0.0323
0.9244, 0.0323
0.9286, 0.0323
0.9286, 0.0323
0.9286, 0.0323
0.9286, 0.0350
0.9286, 0.0350
0.9286, 0.0350
0.9286, 0.0350
0.9286, 0.0350
0.9328, 0.0350
0.9328, 0.0350
0.9328, 0.0350
0.9370, 0.0377
0.9370, 0.0377
0.9370, 0.0377
0.9370, 0.0377
0.9370, 0.0377
0.9370, 0.0377
0.9412, 0.0404
0.9412, 0.0404
0.9412, 0.0404
0.9412, 0.0404
0.9412, 0.0404
0.9454, 0.0431
0.9454, 0.0431
0.9454, 0.0431
0.9454, 0.0458
0.9454, 0.0458
0.9454, 0.0458
0.9496, 0.0458
0.9496, 0.0458
0.9496, 0.0485
0.9496, 0.0485
0.9496, 0.0485
0.9496, 0.0485
0.9496, 0.0485
0.9496, 0.0485
0.9538, 0.0512
0.9538, 0.0512
0.9538, 0.0512
0.9538, 0.0539
0.9538, 0.0539
0.9580, 0.0539
0.9580, 0.0539
0.9580, 0.0539
0.9580, 0.0539
0.9580, 0.0539
0.9580, 0.0539
0.9622, 0.0566
0.9622, 0.0566
0.9622, 0.0566
0.9622, 0.0593
0.9622, 0.0593
0.9622, 0.0593
0.9622, 0.0593
0.9622, 0.0593
0.9622, 0.0620
0.9622, 0.0620
0.9622, 0.0620
0.9664, 0.0620
0.9664, 0.0620
0.9664, 0.0620
0.9664, 0.0647
0.9664, 0.0647
0.9664, 0.0674
0.9664, 0.0674
0.9664, 0.0674
0.9706, 0.0674
0.9706, 0.0674
0.9706, 0.0674
0.9706, 0.0701
0.9706, 0.0701
0.9706, 0.0728
0.9706, 0.0728
0.9706, 0.0728
0.9706, 0.0728
0.9706, 0.0728
0.9706, 0.0728
0.9748, 0.0755
0.9748, 0.0755
0.9748, 0.0782
0.9748, 0.0782
0.9748, 0.0782
0.9748, 0.0809
0.9748, 0.0809
0.9748, 0.0809
0.9790, 0.0836
0.9790, 0.0836
0.9790, 0.0836
0.9790, 0.0863
0.9790, 0.0863
0.9790, 0.0889
0.9790, 0.0889
0.9790, 0.0889
0.9790, 0.0889
0.9790, 0.0889
0.9790, 0.0889
0.9832, 0.0916
0.9832, 0.0916
0.9832, 0.0916
0.9832, 0.0943
0.9832, 0.0943
0.9832, 0.0970
0.9832, 0.0970
0.9832, 0.0970
0.9832, 0.0997
0.9832, 0.0997
0.9832, 0.0997
0.9832, 0.1024
0.9832, 0.1024
0.9874, 0.1024
0.9874, 0.1024
0.9874, 0.1024
0.9874, 0.1051
0.9874, 0.1051
0.9874, 0.1051
0.9874, 0.1078
0.9874, 0.1078
0.9874, 0.1105
0.9874, 0.1105
0.9874, 0.1105
0.9874, 0.1105
0.9874, 0.1105
0.9874, 0.1105
0.9874, 0.1132
0.9874, 0.1132
0.9874, 0.1132
0.9916, 0.1159
0.9916, 0.1159
0.9916, 0.1186
0.9916, 0.1186
0.9916, 0.1186
0.9916, 0.1213
0.9916, 0.1213
0.9916, 0.1213
0.9916, 0.1240
0.9916, 0.1240
0.9916, 0.1240
0.9916, 0.1240
0.9916, 0.1240
0.9916, 0.1267
0.9916, 0.1267
0.9916, 0.1267
0.9916, 0.1294
0.9916, 0.1294
0.9916, 0.1294
0.9916, 0.1294
0.9916, 0.1294
0.9916, 0.1348
0.9916, 0.1348
0.9916, 0.1348
0.9916, 0.1375
0.9916, 0.1375
0.9958, 0.1375
0.9958, 0.1375
0.9958, 0.1375
0.9958, 0.1402
0.9958, 0.1402
0.9958, 0.1402
0.9958, 0.1429
0.9958, 0.1429
0.9958, 0.1456
0.9958, 0.1456
0.9958, 0.1456
0.9958, 0.1456
0.9958, 0.1456
0.9958, 0.1456
0.9958, 0.1482
0.9958, 0.1482
0.9958, 0.1509
0.9958, 0.1509
0.9958, 0.1509
0.9958, 0.1536
0.9958, 0.1536
0.9958, 0.1536
0.9958, 0.1563
0.9958, 0.1563
0.9958, 0.1590
0.9958, 0.1590
0.9958, 0.1590
0.9958, 0.1590
0.9958, 0.1590
0.9958, 0.1590
0.9958, 0.1617
0.9958, 0.1617
0.9958, 0.1644
0.9958, 0.1644
0.9958, 0.1644
0.9958, 0.1644
0.9958, 0.1644
0.9958, 0.1644
0.9958, 0.1671
0.9958, 0.1671
0.9958, 0.1671
0.9958, 0.1698
0.9958, 0.1698
0.9958, 0.1725
0.9958, 0.1725
0.9958, 0.1725
0.9958, 0.1725
0.9958, 0.1725
0.9958, 0.1725
0.9958, 0.1725
0.9958, 0.1725
0.9958, 0.1725
0.9958, 0.1752
0.9958, 0.1752
0.9958, 0.1779
0.9958, 0.1779
0.9958, 0.1779
0.9958, 0.1779
0.9958, 0.1779
0.9958, 0.1779
0.9958, 0.1779
0.9958, 0.1779
0.9958, 0.1806
0.9958, 0.1806
0.9958, 0.1806
0.9958, 0.1833
0.9958, 0.1833
0.9958, 0.1833
0.9958, 0.1860
0.9958, 0.1860
0.9958, 0.1860
0.9958, 0.1860
0.9958, 0.1860
0.9958, 0.1887
0.9958, 0.1887
0.9958, 0.1887
0.9958, 0.1914
0.9958, 0.1914
0.9958, 0.1914
0.9958, 0.1914
0.9958, 0.1914
0.9958, 0.1914
0.9958, 0.1914
0.9958, 0.1914
0.9958, 0.1941
0.9958, 0.1941
1.0000, 0.1968
1.0000, 0.1968
1.0000, 0.1968
1.0000, 0.1995
1.0000, 0.1995
1.0000, 0.1995
1.0000, 0.1995
1.0000, 0.1995
1.0000, 0.2022
1.0000, 0.2022
1.0000, 0.2022
1.0000, 0.2049
1.0000, 0.2049
1.0000, 0.2049
1.0000, 0.2049
1.0000, 0.2049
1.0000, 0.2075
1.0000, 0.2075
1.0000, 0.2075
1.0000, 0.2102
1.0000, 0.2102
1.0000, 0.2129
1.0000, 0.2129
1.0000, 0.2129
1.0000, 0.2129
1.0000, 0.2129
1.0000, 0.2156
1.0000, 0.2156
1.0000, 0.2156
1.0000, 0.2183
1.0000, 0.2183
1.0000, 0.2183
1.0000, 0.2183
1.0000, 0.2183
1.0000, 0.2183
1.0000, 0.2183
1.0000, 0.2183
1.0000, 0.2210
1.0000, 0.2210
1.0000, 0.2210
1.0000, 0.2237
1.0000, 0.2237
1.0000, 0.2237
1.0000, 0.2237
1.0000, 0.2237
1.0000, 0.2264
1.0000, 0.2264
1.0000, 0.2264
1.0000, 0.2291
1.0000, 0.2291
1.0000, 0.2318
1.0000, 0.2318
1.0000, 0.2318
1.0000, 0.2318
1.0000, 0.2318
1.0000, 0.2318
1.0000, 0.2345
1.0000, 0.2345
1.0000, 0.2372
1.0000, 0.2372
1.0000, 0.2372
1.0000, 0.2372
1.0000, 0.2372
1.0000, 0.2372
1.0000, 0.2426
1.0000, 0.2426
1.0000, 0.2426
1.0000, 0.2453
1.0000, 0.2453
1.0000, 0.2453
1.0000, 0.2453
1.0000, 0.2453
1.0000, 0.2480
1.0000, 0.2480
1.0000, 0.2507
1.0000, 0.2507
1.0000, 0.2507
1.0000, 0.2534
1.0000, 0.2534
1.0000, 0.2534
1.0000, 0.2534
1.0000, 0.2534
1.0000, 0.2561
1.0000, 0.2561
1.0000, 0.2561
1.0000, 0.2588
1.0000, 0.2588
1.0000, 0.2588
1.0000, 0.2588
1.0000, 0.2588
1.0000, 0.2588
1.0000, 0.2615
1.0000, 0.2615
1.0000, 0.2642
1.0000, 0.2642
1.0000, 0.2642
1.0000, 0.2668
1.0000, 0.2668
1.0000, 0.2668
1.0000, 0.2668
1.0000, 0.2668
1.0000, 0.2695
1.0000, 0.2695
1.0000, 0.2695
0.9958, 0.2722
0.9958, 0.2722
0.9958, 0.2722
0.9958, 0.2722
0.9958, 0.2722
0.9958, 0.2749
0.9958, 0.2749
0.9958, 0.2749
0.9958, 0.2776
0.9958, 0.2776
0.9916, 0.2776
0.9916, 0.2776
0.9916, 0.2776
0.9916, 0.2803
0.9916, 0.2803
0.9916, 0.2830
0.9916, 0.2830
0.9916, 0.2857
0.9916, 0.2857
0.9916, 0.2857
0.9874, 0.2857
0.9874, 0.2857
0.9874, 0.2857
0.9874, 0.2857
0.9874, 0.2857
0.9874, 0.2857
0.9874, 0.2884
0.9874, 0.2884
0.9874, 0.2911
0.9874, 0.2911
0.9874, 0.2911
0.9874, 0.2911
0.9874, 0.2911
0.9874, 0.2938
0.9874, 0.2938
0.9874, 0.2938
0.9874, 0.2965
0.9874, 0.2965
0.9832, 0.2992
0.9832, 0.2992
0.9832, 0.2992
0.9832, 0.2992
0.9832, 0.2992
0.9832, 0.2992
0.9790, 0.3019
0.9790, 0.3019
0.9790, 0.3046
0.9790, 0.3046
0.9790, 0.3046
0.9790, 0.3046
0.9790, 0.3046
0.9790, 0.3046
0.9790, 0.3046
0.9790, 0.3046
0.9790, 0.3046
0.9790, 0.3073
0.9790, 0.3073
0.9748, 0.3100
0.9748, 0.3100
0.9748, 0.3100
0.9748, 0.3127
0.9748, 0.3127
0.9748, 0.3127
0.9748, 0.3127
0.9748, 0.3127
0.9706, 0.3127
0.9706, 0.3127
0.9706, 0.3127
0.9706, 0.3154
0.9706, 0.3154
0.9664, 0.3181
0.9664, 0.3181
0.9664, 0.3181
0.9664, 0.3181
0.9664, 0.3181
0.9664, 0.3208
0.9664, 0.3208
0.9664, 0.3208
0.9664, 0.3235
0.9664, 0.3235
0.9664, 0.3235
0.9664, 0.3261
0.9664, 0.3261
0.9622, 0.3261
0.9622, 0.3261
0.9622, 0.3261
0.9622, 0.3261
0.9622, 0.3261
0.9580, 0.3288
0.9580, 0.3288
0.9580, 0.3288
0.9580, 0.3315
0.9580, 0.3315
0.9580, 0.3315
0.9580, 0.3315
0.9580, 0.3315
0.9580, 0.3342
0.9580, 0.3342
0.9538, 0.3342
0.9538, 0.3342
0.9538, 0.3342
0.9538, 0.3369
0.9538, 0.3369
0.9496, 0.3396
0.9496, 0.3396
0.9496, 0.3396
0.9454, 0.3396
0.9454, 0.3396
0.9454, 0.3423
0.9454, 0.3423
0.9454, 0.3423
0.9454, 0.3450
0.9454, 0.3450
0.9412, 0.3450
0.9412, 0.3450
0.9412, 0.3450
0.9412, 0.3477
0.9412, 0.3477
0.9370, 0.3504
0.9370, 0.3504
0.9370, 0.3504
0.9370, 0.3531
0.9370, 0.3531
0.9328, 0.3531
0.9328, 0.3531
0.9328, 0.3531
0.9328, 0.3558
0.9328, 0.3558
0.9286, 0.3585
0.9286, 0.3585
0.9286, 0.3585
0.9244, 0.3585
0.9244, 0.3585
0.9244, 0.3612
0.9244, 0.3612
0.9202, 0.3612
0.9202, 0.3612
0.9202, 0.3612
0.9160, 0.3639
0.9160, 0.3639
0.9160, 0.3666
0.9160, 0.3666
0.9160, 0.3666
0.9118, 0.3693
0.9118, 0.3693
0.9076, 0.3720
0.9076, 0.3720
0.9034, 0.3720
0.9034, 0.3720
0.9034, 0.3720
0.8992, 0.3747
0.8992, 0.3747
0.8950, 0.3801
0.8950, 0.3801
0.8950, 0.3801
0.8908, 0.3827
0.8908, 0.3827
0.8866, 0.3827
0.8866, 0.3827
0.8866, 0.3827
0.8824, 0.3854
0.8824, 0.3854
0.8782, 0.3854
0.8782, 0.3854
0.8782, 0.3854
0.8782, 0.3881
0.8782, 0.3881
0.8739, 0.3908
0.8739, 0.3908
0.8739, 0.3908
0.8697, 0.3908
0.8697, 0.3908
0.8655, 0.3908
0.8655, 0.3908
0.8655, 0.3908
0.8655, 0.3935
0.8655, 0.3935
0.8655, 0.3962
0.8655, 0.3962
0.8571, 0.3989
0.8571, 0.3989
0.8571, 0.3989
0.8529, 0.3989
0.8529, 0.3989
0.8529, 0.4016
0.8529, 0.4016
0.8529, 0.4016
0.8445, 0.4043
0.8445, 0.4043
0.8403, 0.4043
0.8403, 0.4043
0.8403, 0.4043
0.8361, 0.4070
0.8361, 0.4070
0.8361, 0.4070
0.8319, 0.4097
0.8319, 0.4097
0.8277, 0.4124
0.8277, 0.4124
0.8235, 0.4124
0.8235, 0.4124
0.8235, 0.4124
0.8151, 0.4178
0.8151, 0.4178
0.8151, 0.4205
0.8151, 0.4205
0.8151, 0.4205
0.8067, 0.4232
0.8067, 0.4232
0.7983, 0.4232
0.7983, 0.4232
0.7983, 0.4232
0.7983, 0.4286
0.7983, 0.4286
0.7899, 0.4313
0.7899, 0.4313
0.7899, 0.4313
0.7815, 0.4367
0.7815, 0.4367
0.7731, 0.4394
0.7731, 0.4394
0.7689, 0.4394
0.7689, 0.4394
0.7605, 0.4447
0.7605, 0.4447
0.7605, 0.4447
0.7521, 0.4474
0.7521, 0.4474
0.7479, 0.4501
0.7479, 0.4501
0.7479, 0.4501
0.7437, 0.4501
0.7437, 0.4501
0.7395, 0.4501
0.7395, 0.4501
0.7395, 0.4501
0.7395, 0.4501
0.7395, 0.4501
0.7395, 0.4501
0.7353, 0.4528
0.7353, 0.4528
0.7353, 0.4528
0.7353, 0.4528
0.7353, 0.4528
0.7311, 0.4555
0.7311, 0.4555
0.7269, 0.4555
0.7269, 0.4555
0.7269, 0.4555
0.7269, 0.4582
0.7269, 0.4582
0.7269, 0.4582
0.7269, 0.4582
0.7269, 0.4582
0.7227, 0.4582
0.7227, 0.4582
0.7185, 0.4582
0.7185, 0.4582
0.7185, 0.4582
0.7185, 0.4582
0.7185, 0.4582
0.7143, 0.4609
0.7143, 0.4609
0.7143, 0.4609
0.7143, 0.4609
0.7143, 0.4609
0.7143, 0.4609
0.7143, 0.4609
0.7143, 0.4609
0.7143, 0.4609
0.7143, 0.4609
0.7143, 0.4609
0.7143, 0.4609
0.7143, 0.4609
0.7143, 0.4609
0.7101, 0.4609
0.7101, 0.4609
0.7101, 0.4609
0.7101, 0.4609
0.7101, 0.4609
0.7101, 0.4636
0.7101, 0.4636
0.7101, 0.4636
0.7101, 0.4636
0.7101, 0.4636
0.7101, 0.4636
0.7101, 0.4636
0.7101, 0.4636
0.7101, 0.4636
0.7101, 0.4636
0.7101, 0.4636
0.7101, 0.4636
0.7101, 0.4636
0.7101, 0.4636
0.7101, 0.4636
0.7101, 0.4636
0.7101, 0.4636
0.7101, 0.4636
0.7101, 0.4636
0.7101, 0.4636
0.7101, 0.4636
0.7101, 0.4636
0.7101, 0.4636
0.7101, 0.4636
0.7101, 0.4636
0.7101, 0.4636
0.7101, 0.4636
0.7101, 0.4636
0.7101, 0.4636
0.0000, 1.0000
0.0000, 1.0000
0.0000, 1.0000
0.0000, 1.0000
0.0000, 1.0000
0.0000, 1.0000
0.0000, 1.0000
0.0000, 1.0000
0.0000, 1.0000
0.0000, 1.0000
0.0000, 1.0000
0.0000, 1.0000
0.0000, 1.0000
0.0000, 1.0000
0.0000, 1.0000
0.0000, 1.0000
0.0000, 1.0000
0.0000, 1.0000
0.0000, 1.0000
0.0000, 1.0000
0.0000, 1.0000
0.0000, 1.0000
0.0000, 1.0000
0.0000, 1.0000
0.0000, 1.0000
0.0000, 1.0000
0.0000, 1.0000
0.0000, 1.0000
0.0000, 1.0000
0.0000, 1.0000
0.0000, 1.0000
0.0000, 1.0000
0.0000, 1.0000
