0.5469, 0.0924
0.5469, 0.0924
0.5469, 0.0924
0.5469, 0.0924
0.5469, 0.0924
0.5469, 0.0924
0.5469, 0.0924
0.5469, 0.0924
0.5469, 0.0924
0.5469, 0.0924
0.5469, 0.0924
0.5469, 0.0924
0.5469, 0.0924
0.5469, 0.0924
0.5469, 0.0924
0.5469, 0.0924
0.5469, 0.0924
0.5469, 0.0924
0.5469, 0.0924
0.5469, 0.0924
0.5469, 0.0924
0.5469, 0.0924
0.5469, 0.0924
0.5469, 0.0924
0.5469, 0.0924
0.5469, 0.0924
0.5469, 0.0924
0.5469, 0.0924
0.5469, 0.0924
0.5469, 0.0924
0.5469, 0.0924
0.5469, 0.0924
0.5469, 0.0924
0.5469, 0.0924
0.5469, 0.0924
0.5469, 0.0924
0.5469, 0.0924
0.5469, 0.0924
0.5469, 0.0924
0.5469, 0.0924
0.5469, 0.0924
0.5469, 0.0924
0.5469, 0.0924
0.5469, 0.0924
0.5469, 0.0924
0.5469, 0.0924
0.5469, 0.0924
0.5469, 0.0924
0.5469, 0.0924
0.5469, 0.0924
0.5469, 0.0924
0.5469, 0.0924
0.5469, 0.0924
0.5469, 0.0924
0.5469, 0.0924
0.5469, 0.0924
0.5469, 0.0924
0.5469, 0.0924
0.5469, 0.0924
0.5469, 0.0924
0.5469, 0.0924
0.5469, 0.0924
0.5469, 0.0924
0.5469, 0.0924
0.5469, 0.0924
0.5469, 0.0924
0.5469, 0.0924
0.5469, 0.0924
0.5469, 0.0924
0.5469, 0.0924
0.5469, 0.0924
0.5469, 0.0924
0.5469, 0.0924
0.5469, 0.0897
0.5469, 0.0897
0.5469, 0.0897
0.5469, 0.0897
0.5469, 0.0897
0.5469, 0.0897
0.5469, 0.0897
0.5469, 0.0897
0.5469, 0.0870
0.5469, 0.0870
0.5469, 0.0870
0.5469, 0.0870
0.5469, 0.0870
0.5469, 0.0842
0.5469, 0.0842
0.5469, 0.0842
0.5469, 0.0842
0.5469, 0.0842
0.5469, 0.0842
0.5469, 0.0842
0.5469, 0.0842
0.5469, 0.0842
0.5469, 0.0842
0.5469, 0.0842
0.5469, 0.0842
0.5469, 0.0842
0.5469, 0.0842
0.5417, 0.0815
0.5417, 0.0815
0.5417, 0.0815
0.5417, 0.0815
0.5417, 0.0788
0.5417, 0.0788
0.5417, 0.0788
0.5417, 0.0788
0.5417, 0.0788
0.5417, 0.0788
0.5417, 0.0788
0.5417, 0.0788
0.5417, 0.0788
0.5417, 0.0788
0.5417, 0.0761
0.5417, 0.0761
0.5417, 0.0761
0.5417, 0.0761
0.5417, 0.0761
0.5417, 0.0761
0.5417, 0.0761
0.5417, 0.0761
0.5417, 0.0734
0.5417, 0.0734
0.5417, 0.0734
0.5417, 0.0734
0.5417, 0.0734
0.5417, 0.0734
0.5417, 0.0734
0.5417, 0.0734
0.5417, 0.0734
0.5365, 0.0734
0.5365, 0.0734
0.5365, 0.0734
0.5365, 0.0734
0.5365, 0.0707
0.5365, 0.0707
0.5365, 0.0707
0.5365, 0.0707
0.5365, 0.0707
0.5365, 0.0707
0.5365, 0.0707
0.5365, 0.0707
0.5365, 0.0707
0.5365, 0.0707
0.5312, 0.0679
0.5312, 0.0679
0.5312, 0.0679
0.5312, 0.0679
0.5312, 0.0652
0.5312, 0.0652
0.5312, 0.0652
0.5312, 0.0652
0.5312, 0.0652
0.5312, 0.0652
0.5312, 0.0652
0.5312, 0.0652
0.5312, 0.0652
0.5312, 0.0652
0.5312, 0.0652
0.5312, 0.0652
0.5312, 0.0652
0.5312, 0.0652
0.5312, 0.0652
0.5312, 0.0652
0.5312, 0.0652
0.5312, 0.0652
0.5260, 0.0625
0.5260, 0.0625
0.5260, 0.0625
0.5260, 0.0625
0.5260, 0.0625
0.5260, 0.0625
0.5260, 0.0625
0.5260, 0.0625
0.5260, 0.0625
0.5260, 0.0598
0.5260, 0.0598
0.5260, 0.0598
0.5260, 0.0598
0.5208, 0.0598
0.5208, 0.0598
0.5208, 0.0598
0.5208, 0.0598
0.5208, 0.0598
0.5208, 0.0598
0.5208, 0.0598
0.5208, 0.0598
0.5208, 0.0571
0.5208, 0.0571
0.5208, 0.0571
0.5208, 0.0571
0.5156, 0.0571
0.5156, 0.0571
0.5156, 0.0571
0.5156, 0.0571
0.5156, 0.0543
0.5156, 0.0543
0.5156, 0.0543
0.5156, 0.0543
0.5156, 0.0516
0.5156, 0.0516
0.5156, 0.0516
0.5156, 0.0516
0.5156, 0.0516
0.5156, 0.0516
0.5156, 0.0516
0.5156, 0.0516
0.5156, 0.0516
0.5156, 0.0516
0.5156, 0.0516
0.5156, 0.0516
0.5156, 0.0516
0.5156, 0.0516
0.5104, 0.0516
0.5104, 0.0516
0.5104, 0.0516
0.5104, 0.0516
0.5104, 0.0489
0.5104, 0.0489
0.5104, 0.0489
0.5104, 0.0489
0.5104, 0.0489
0.5104, 0.0489
0.5104, 0.0489
0.5104, 0.0489
0.5052, 0.0462
0.5052, 0.0462
0.5052, 0.0462
0.5052, 0.0462
0.5052, 0.0462
0.5052, 0.0462
0.5052, 0.0462
0.5052, 0.0462
0.5052, 0.0462
0.5052, 0.0462
0.5052, 0.0462
0.5052, 0.0462
0.5052, 0.0462
0.5052, 0.0462
0.5052, 0.0462
0.5052, 0.0462
0.5052, 0.0462
0.5052, 0.0462
0.5000, 0.0435
0.5000, 0.0435
0.5000, 0.0435
0.5000, 0.0435
0.5000, 0.0435
0.5000, 0.0435
0.5000, 0.0435
0.5000, 0.0435
0.4948, 0.0408
0.4948, 0.0408
0.4948, 0.0408
0.4948, 0.0408
0.4948, 0.0408
0.4948, 0.0408
0.4948, 0.0408
0.4948, 0.0408
0.4948, 0.0408
0.4948, 0.0380
0.4948, 0.0380
0.4948, 0.0380
0.4948, 0.0380
0.4948, 0.0380
0.4948, 0.0380
0.4948, 0.0380
0.4948, 0.0380
0.4948, 0.0380
0.4896, 0.0380
0.4896, 0.0380
0.4896, 0.0380
0.4896, 0.0380
0.4896, 0.0380
0.4896, 0.0380
0.4896, 0.0380
0.4896, 0.0380
0.4896, 0.0380
0.4844, 0.0380
0.4844, 0.0380
0.4844, 0.0380
0.4844, 0.0380
0.4844, 0.0353
0.4844, 0.0353
0.4844, 0.0353
0.4844, 0.0353
0.4792, 0.0353
0.4792, 0.0353
0.4792, 0.0353
0.4792, 0.0353
0.4792, 0.0326
0.4792, 0.0326
0.4792, 0.0326
0.4792, 0.0326
0.4792, 0.0326
0.4792, 0.0326
0.4792, 0.0326
0.4792, 0.0326
0.4740, 0.0326
0.4740, 0.0326
0.4740, 0.0326
0.4740, 0.0326
0.4688, 0.0299
0.4688, 0.0299
0.4688, 0.0299
0.4688, 0.0299
0.4688, 0.0299
0.4688, 0.0299
0.4688, 0.0299
0.4688, 0.0299
0.4688, 0.0272
0.4688, 0.0272
0.4688, 0.0272
0.4688, 0.0272
0.4635, 0.0272
0.4635, 0.0272
0.4635, 0.0272
0.4635, 0.0272
0.4583, 0.0245
0.4583, 0.0245
0.4583, 0.0245
0.4583, 0.0245
0.4583, 0.0245
0.4583, 0.0245
0.4583, 0.0245
0.4583, 0.0245
0.4531, 0.0245
0.4531, 0.0245
0.4531, 0.0245
0.4531, 0.0245
0.4531, 0.0245
0.4531, 0.0245
0.4531, 0.0245
0.4531, 0.0245
0.4531, 0.0245
0.4531, 0.0245
0.4531, 0.0245
0.4531, 0.0245
0.4531, 0.0245
0.4531, 0.0245
0.4531, 0.0245
0.4531, 0.0245
0.4479, 0.0217
0.4479, 0.0217
0.4479, 0.0217
0.4479, 0.0217
0.4427, 0.0217
0.4427, 0.0217
0.4427, 0.0217
0.4427, 0.0217
0.4427, 0.0217
0.4427, 0.0217
0.4427, 0.0217
0.4427, 0.0217
0.4427, 0.0217
0.4427, 0.0190
0.4427, 0.0190
0.4427, 0.0190
0.4427, 0.0190
0.4427, 0.0190
0.4427, 0.0190
0.4427, 0.0190
0.4427, 0.0190
0.4427, 0.0190
0.4375, 0.0190
0.4375, 0.0190
0.4375, 0.0190
0.4375, 0.0190
0.4323, 0.0190
0.4323, 0.0190
0.4323, 0.0190
0.4323, 0.0190
0.4271, 0.0190
0.4271, 0.0190
0.4271, 0.0190
0.4271, 0.0190
0.4271, 0.0190
0.4271, 0.0190
0.4271, 0.0190
0.4271, 0.0190
0.4219, 0.0163
0.4219, 0.0163
0.4219, 0.0163
0.4219, 0.0163
0.4219, 0.0163
0.4219, 0.0163
0.4219, 0.0163
0.4219, 0.0163
0.4219, 0.0163
0.4167, 0.0136
0.4167, 0.0136
0.4167, 0.0136
0.4167, 0.0136
0.4167, 0.0136
0.4167, 0.0136
0.4167, 0.0136
0.4167, 0.0136
0.4115, 0.0136
0.4115, 0.0136
0.4115, 0.0136
0.4115, 0.0136
0.4063, 0.0109
0.4063, 0.0109
0.4063, 0.0109
0.4063, 0.0109
0.4063, 0.0109
0.4063, 0.0109
0.4063, 0.0109
0.4063, 0.0109
0.4010, 0.0109
0.4010, 0.0109
0.4010, 0.0109
0.4010, 0.0109
0.4010, 0.0109
0.4010, 0.0109
0.4010, 0.0109
0.3958, 0.0109
0.3958, 0.0109
0.3958, 0.0109
0.3958, 0.0109
0.3958, 0.0109
0.3958, 0.0109
0.3958, 0.0109
0.3958, 0.0109
0.3906, 0.0109
0.3906, 0.0109
0.3906, 0.0109
0.3906, 0.0109
0.3906, 0.0109
0.3906, 0.0109
0.3906, 0.0109
0.3906, 0.0109
0.3906, 0.0109
0.3854, 0.0109
0.3854, 0.0109
0.3854, 0.0109
0.3854, 0.0082
0.3854, 0.0082
0.3854, 0.0082
0.3854, 0.0082
0.3802, 0.0082
0.3802, 0.0082
0.3802, 0.0082
0.3802, 0.0082
0.3750, 0.0082
0.3750, 0.0082
0.3750, 0.0082
0.3750, 0.0082
0.3750, 0.0082
0.3750, 0.0082
0.3750, 0.0082
0.3750, 0.0082
0.3698, 0.0082
0.3698, 0.0082
0.3698, 0.0082
0.3698, 0.0082
0.3646, 0.0054
0.3646, 0.0054
0.3646, 0.0054
0.3646, 0.0054
0.3646, 0.0054
0.3646, 0.0054
0.3646, 0.0054
0.3646, 0.0054
0.3594, 0.0054
0.3594, 0.0054
0.3594, 0.0054
0.3594, 0.0054
0.3594, 0.0054
0.3594, 0.0054
0.3594, 0.0054
0.3594, 0.0054
0.3542, 0.0054
0.3542, 0.0054
0.3542, 0.0054
0.3542, 0.0054
0.3490, 0.0054
0.3490, 0.0054
0.3490, 0.0054
0.3490, 0.0054
0.3490, 0.0054
0.3490, 0.0054
0.3490, 0.0054
0.3490, 0.0054
0.3438, 0.0054
0.3438, 0.0054
0.3438, 0.0054
0.3438, 0.0054
0.3385, 0.0054
0.3385, 0.0054
0.3385, 0.0054
0.3385, 0.0054
0.3385, 0.0054
0.3385, 0.0054
0.3385, 0.0054
0.3385, 0.0054
0.3333, 0.0054
0.3333, 0.0054
0.3333, 0.0054
0.3333, 0.0054
0.3281, 0.0054
0.3281, 0.0054
0.3281, 0.0054
0.3281, 0.0054
0.3281, 0.0054
0.3281, 0.0054
0.3281, 0.0054
0.3281, 0.0054
0.3229, 0.0054
0.3229, 0.0054
0.3229, 0.0054
0.3229, 0.0054
0.3177, 0.0054
0.3177, 0.0054
0.3177, 0.0054
0.3125, 0.0054
0.3125, 0.0054
0.3125, 0.0054
0.3125, 0.0054
0.3125, 0.0054
0.3125, 0.0054
0.3125, 0.0054
0.3125, 0.0054
0.3125, 0.0054
0.3073, 0.0054
0.3073, 0.0054
0.3073, 0.0054
0.3021, 0.0054
0.3021, 0.0054
0.3021, 0.0054
0.3021, 0.0054
0.3021, 0.0054
0.3021, 0.0054
0.3021, 0.0054
0.3021, 0.0054
0.2969, 0.0054
0.2969, 0.0054
0.2969, 0.0054
0.2969, 0.0054
0.2917, 0.0054
0.2917, 0.0054
0.2917, 0.0054
0.2917, 0.0054
0.2917, 0.0054
0.2917, 0.0054
0.2917, 0.0054
0.2917, 0.0054
0.2865, 0.0054
0.2865, 0.0054
0.2865, 0.0054
0.2865, 0.0054
0.2865, 0.0054
0.2865, 0.0054
0.2865, 0.0054
0.2865, 0.0054
0.2812, 0.0054
0.2812, 0.0054
0.2812, 0.0054
0.2812, 0.0054
0.2812, 0.0054
0.2812, 0.0054
0.2812, 0.0054
0.2812, 0.0054
0.2760, 0.0054
0.2760, 0.0054
0.2760, 0.0054
0.2760, 0.0054
0.2760, 0.0054
0.2760, 0.0054
0.2760, 0.0054
0.2760, 0.0054
0.2708, 0.0054
0.2708, 0.0054
0.2708, 0.0054
0.2708, 0.0054
0.2656, 0.0054
0.2656, 0.0054
0.2656, 0.0054
0.2656, 0.0054
0.2656, 0.0054
0.2656, 0.0054
0.2656, 0.0054
0.2604, 0.0054
0.2604, 0.0054
0.2604, 0.0054
0.2604, 0.0054
0.2604, 0.0054
0.2604, 0.0054
0.2604, 0.0054
0.2604, 0.0054
0.2552, 0.0054
0.2552, 0.0054
0.2552, 0.0054
0.2552, 0.0054
0.2500, 0.0054
0.2500, 0.0054
0.2500, 0.0054
0.2500, 0.0054
0.2500, 0.0054
0.2500, 0.0054
0.2500, 0.0054
0.2500, 0.0054
0.2500, 0.0054
0.2500, 0.0054
0.2500, 0.0054
0.2500, 0.0054
0.2448, 0.0054
0.2448, 0.0054
0.2448, 0.0054
0.2448, 0.0054
0.2396, 0.0054
0.2396, 0.0054
0.2396, 0.0054
0.2344, 0.0054
0.2344, 0.0054
0.2344, 0.0054
0.2344, 0.0054
0.2344, 0.0054
0.2344, 0.0054
0.2344, 0.0054
0.2344, 0.0054
0.2344, 0.0054
0.2344, 0.0054
0.2344, 0.0054
0.2344, 0.0054
0.2292, 0.0054
0.2292, 0.0054
0.2292, 0.0054
0.2292, 0.0054
0.2240, 0.0054
0.2240, 0.0054
0.2240, 0.0054
0.2240, 0.0054
0.2240, 0.0054
0.2240, 0.0054
0.2240, 0.0054
0.2240, 0.0054
0.2240, 0.0054
0.2240, 0.0054
0.2240, 0.0054
0.2240, 0.0054
0.2187, 0.0054
0.2187, 0.0054
0.2187, 0.0054
0.2187, 0.0054
0.2135, 0.0054
0.2135, 0.0054
0.2135, 0.0054
0.2135, 0.0054
0.2135, 0.0054
0.2135, 0.0054
0.2135, 0.0054
0.2135, 0.0054
0.2083, 0.0054
0.2083, 0.0054
0.2083, 0.0054
0.2083, 0.0054
0.2083, 0.0054
0.2083, 0.0054
0.2083, 0.0054
0.2083, 0.0054
0.2083, 0.0054
0.2083, 0.0054
0.2083, 0.0054
0.2083, 0.0054
0.2031, 0.0054
0.2031, 0.0054
0.2031, 0.0054
0.1979, 0.0054
0.1979, 0.0054
0.1979, 0.0054
0.1979, 0.0054
0.1979, 0.0054
0.1979, 0.0054
0.1979, 0.0054
0.1979, 0.0054
0.1927, 0.0082
0.1927, 0.0082
0.1927, 0.0082
0.1927, 0.0082
0.1875, 0.0082
0.1875, 0.0082
0.1875, 0.0082
0.1875, 0.0082
0.1875, 0.0082
0.1875, 0.0082
0.1875, 0.0082
0.1823, 0.0082
0.1823, 0.0082
0.1823, 0.0082
0.1823, 0.0082
0.1823, 0.0082
0.1823, 0.0082
0.1823, 0.0082
0.1823, 0.0082
0.1771, 0.0082
0.1771, 0.0082
0.1771, 0.0082
0.1771, 0.0082
0.1719, 0.0082
0.1719, 0.0082
0.1719, 0.0082
0.1719, 0.0109
0.1719, 0.0109
0.1719, 0.0109
0.1719, 0.0109
0.1667, 0.0109
0.1667, 0.0109
0.1667, 0.0109
0.1667, 0.0109
0.1615, 0.0136
0.1615, 0.0136
0.1615, 0.0136
0.1615, 0.0136
0.1615, 0.0136
0.1615, 0.0136
0.1615, 0.0136
0.1615, 0.0136
0.1615, 0.0136
0.1615, 0.0136
0.1615, 0.0136
0.1615, 0.0136
0.1563, 0.0163
0.1563, 0.0163
0.1563, 0.0163
0.1510, 0.0163
0.1510, 0.0163
0.1510, 0.0163
0.1458, 0.0163
0.1458, 0.0163
0.1458, 0.0163
0.1458, 0.0163
0.1458, 0.0163
0.1458, 0.0163
0.1458, 0.0163
0.1458, 0.0163
0.1406, 0.0190
0.1406, 0.0190
0.1406, 0.0190
0.1406, 0.0190
0.1406, 0.0190
0.1406, 0.0190
0.1406, 0.0190
0.1406, 0.0190
0.1354, 0.0217
0.1354, 0.0217
0.1354, 0.0217
0.1354, 0.0217
0.1354, 0.0217
0.1354, 0.0217
0.1354, 0.0217
0.1354, 0.0217
0.1354, 0.0217
0.1354, 0.0217
0.1354, 0.0217
0.1354, 0.0217
0.1354, 0.0217
0.1354, 0.0217
0.1354, 0.0217
0.1302, 0.0217
0.1302, 0.0217
0.1302, 0.0217
0.1302, 0.0217
0.1250, 0.0245
0.1250, 0.0245
0.1250, 0.0245
0.1250, 0.0245
0.1250, 0.0245
0.1250, 0.0245
0.1250, 0.0245
0.1250, 0.0245
0.1198, 0.0272
0.1198, 0.0272
0.1198, 0.0272
0.1198, 0.0272
0.1198, 0.0272
0.1198, 0.0272
0.1198, 0.0272
0.1198, 0.0299
0.1198, 0.0299
0.1198, 0.0299
0.1198, 0.0299
0.1198, 0.0299
0.1198, 0.0299
0.1198, 0.0299
0.1198, 0.0299
0.1146, 0.0299
0.1146, 0.0299
0.1146, 0.0299
0.1146, 0.0326
0.1146, 0.0326
0.1146, 0.0326
0.1094, 0.0326
0.1094, 0.0326
0.1094, 0.0326
0.1094, 0.0326
0.1094, 0.0353
0.1094, 0.0353
0.1094, 0.0353
0.1094, 0.0353
0.1094, 0.0353
0.1094, 0.0353
0.1094, 0.0353
0.1094, 0.0353
0.1094, 0.0353
0.1094, 0.0353
0.1094, 0.0353
0.1094, 0.0380
0.1094, 0.0380
0.1094, 0.0380
0.1042, 0.0408
0.1042, 0.0408
0.1042, 0.0408
0.1042, 0.0408
0.1042, 0.0408
0.1042, 0.0408
0.1042, 0.0408
0.1042, 0.0408
0.0990, 0.0435
0.0990, 0.0435
0.0990, 0.0435
0.0990, 0.0435
0.0990, 0.0435
0.0990, 0.0435
0.0990, 0.0435
0.0937, 0.0435
0.0937, 0.0435
0.0937, 0.0435
0.0937, 0.0435
0.0937, 0.0462
0.0937, 0.0462
0.0937, 0.0462
0.0937, 0.0489
0.0937, 0.0489
0.0937, 0.0489
0.0937, 0.0489
0.0937, 0.0489
0.0937, 0.0489
0.0937, 0.0489
0.0937, 0.0489
0.0937, 0.0489
0.0937, 0.0489
0.0937, 0.0489
0.0885, 0.0516
0.0885, 0.0516
0.0885, 0.0516
0.0885, 0.0516
0.0885, 0.0516
0.0885, 0.0516
0.0885, 0.0516
0.0885, 0.0516
0.0885, 0.0543
0.0885, 0.0543
0.0885, 0.0543
0.0833, 0.0571
0.0833, 0.0571
0.0833, 0.0571
0.0833, 0.0571
0.0833, 0.0571
0.0833, 0.0571
0.0833, 0.0571
0.0833, 0.0571
0.0833, 0.0598
0.0833, 0.0598
0.0833, 0.0598
0.0833, 0.0598
0.0833, 0.0598
0.0833, 0.0598
0.0833, 0.0598
0.0833, 0.0625
0.0833, 0.0625
0.0833, 0.0625
0.0833, 0.0625
0.0833, 0.0625
0.0833, 0.0625
0.0833, 0.0625
0.0781, 0.0652
0.0781, 0.0652
0.0781, 0.0652
0.0781, 0.0652
0.0781, 0.0652
0.0781, 0.0652
0.0781, 0.0652
0.0781, 0.0652
0.0781, 0.0679
0.0781, 0.0679
0.0781, 0.0679
0.0781, 0.0679
0.0781, 0.0679
0.0781, 0.0679
0.0781, 0.0679
0.0729, 0.0707
0.0729, 0.0707
0.0729, 0.0707
0.0729, 0.0707
0.0729, 0.0707
0.0729, 0.0707
0.0729, 0.0707
0.0729, 0.0707
0.0729, 0.0707
0.0729, 0.0707
0.0729, 0.0707
0.0729, 0.0707
0.0729, 0.0707
0.0729, 0.0707
0.0677, 0.0734
0.0677, 0.0734
0.0677, 0.0761
0.0677, 0.0761
0.0677, 0.0761
0.0677, 0.0761
0.0677, 0.0761
0.0677, 0.0761
0.0677, 0.0761
0.0677, 0.0761
0.0677, 0.0761
0.0677, 0.0761
0.0677, 0.0788
0.0677, 0.0788
0.0677, 0.0788
0.0677, 0.0815
0.0677, 0.0815
0.0677, 0.0815
0.0677, 0.0815
0.0677, 0.0815
0.0677, 0.0815
0.0677, 0.0815
0.0677, 0.0815
0.0677, 0.0842
0.0677, 0.0842
0.0677, 0.0842
0.0625, 0.0870
0.0625, 0.0870
0.0625, 0.0870
0.0625, 0.0870
0.0625, 0.0897
0.0625, 0.0897
0.0625, 0.0897
0.0625, 0.0897
0.0625, 0.0897
0.0625, 0.0897
0.0625, 0.0897
0.0625, 0.0924
0.0625, 0.0924
0.0625, 0.0924
0.0625, 0.0924
0.0625, 0.0978
0.0625, 0.0978
0.0625, 0.0978
0.0573, 0.0978
0.0573, 0.0978
0.0573, 0.0978
0.0573, 0.1005
0.0573, 0.1005
0.0573, 0.1005
0.0573, 0.1005
0.0573, 0.1033
0.0573, 0.1033
0.0573, 0.1033
0.0573, 0.1033
0.0573, 0.1033
0.0573, 0.1033
0.0573, 0.1033
0.0573, 0.1060
0.0573, 0.1060
0.0573, 0.1060
0.0573, 0.1060
0.0573, 0.1114
0.0573, 0.1114
0.0573, 0.1114
0.0573, 0.1114
0.0573, 0.1114
0.0573, 0.1114
0.0573, 0.1114
0.0573, 0.1141
0.0573, 0.1141
0.0573, 0.1141
0.0573, 0.1196
0.0573, 0.1196
0.0573, 0.1196
0.0573, 0.1196
0.0573, 0.1196
0.0573, 0.1196
0.0573, 0.1196
0.0573, 0.1196
0.0573, 0.1250
0.0573, 0.1250
0.0573, 0.1250
0.0573, 0.1277
0.0573, 0.1277
0.0573, 0.1277
0.0573, 0.1277
0.0573, 0.1304
0.0573, 0.1304
0.0573, 0.1304
0.0573, 0.1359
0.0573, 0.1359
0.0573, 0.1359
0.0573, 0.1359
0.0573, 0.1359
0.0573, 0.1359
0.0573, 0.1359
0.0573, 0.1413
0.0573, 0.1413
0.0573, 0.1413
0.0573, 0.1413
0.0573, 0.1440
0.0573, 0.1440
0.0573, 0.1440
0.0573, 0.1440
0.0573, 0.1440
0.0573, 0.1440
0.0573, 0.1440
0.0573, 0.1467
0.0573, 0.1467
0.0573, 0.1467
0.0573, 0.1495
0.0573, 0.1495
0.0573, 0.1495
0.0573, 0.1495
0.0573, 0.1522
0.0573, 0.1522
0.0573, 0.1522
0.0573, 0.1549
0.0573, 0.1549
0.0573, 0.1549
0.0573, 0.1576
0.0573, 0.1576
0.0573, 0.1576
0.0573, 0.1576
0.0573, 0.1576
0.0573, 0.1576
0.0573, 0.1576
0.0573, 0.1576
0.0573, 0.1603
0.0573, 0.1603
0.0573, 0.1603
0.0573, 0.1630
0.0573, 0.1630
0.0573, 0.1630
0.0573, 0.1630
0.0573, 0.1630
0.0573, 0.1630
0.0573, 0.1630
0.0573, 0.1658
0.0573, 0.1658
0.0573, 0.1658
0.0573, 0.1685
0.0573, 0.1685
0.0573, 0.1685
0.0573, 0.1712
0.0573, 0.1712
0.0573, 0.1712
0.0573, 0.1712
0.0573, 0.1712
0.0573, 0.1712
0.0573, 0.1712
0.0573, 0.1712
0.0573, 0.1739
0.0573, 0.1739
0.0573, 0.1739
0.0573, 0.1766
0.0573, 0.1766
0.0573, 0.1766
0.0573, 0.1766
0.0573, 0.1766
0.0573, 0.1766
0.0573, 0.1766
0.0573, 0.1766
0.0573, 0.1766
0.0573, 0.1766
0.0573, 0.1766
0.0573, 0.1793
0.0573, 0.1793
0.0573, 0.1793
0.0573, 0.1821
0.0573, 0.1821
0.0573, 0.1821
0.0573, 0.1821
0.0573, 0.1848
0.0573, 0.1848
0.0573, 0.1848
0.0573, 0.1848
0.0573, 0.1848
0.0573, 0.1848
0.0573, 0.1848
0.0625, 0.1875
0.0625, 0.1875
0.0625, 0.1875
0.0625, 0.1902
0.0625, 0.1902
0.0625, 0.1902
0.0625, 0.1902
0.0625, 0.1902
0.0625, 0.1902
0.0625, 0.1902
0.0625, 0.1929
0.0625, 0.1929
0.0625, 0.1929
0.0625, 0.1957
0.0625, 0.1957
0.0625, 0.1957
0.0625, 0.1957
0.0625, 0.1984
0.0625, 0.1984
0.0625, 0.1984
0.0625, 0.1984
0.0625, 0.1984
0.0625, 0.1984
0.0625, 0.1984
0.0625, 0.2011
0.0625, 0.2011
0.0625, 0.2011
0.0677, 0.2038
0.0677, 0.2038
0.0677, 0.2038
0.0677, 0.2038
0.0677, 0.2038
0.0677, 0.2038
0.0677, 0.2038
0.0729, 0.2092
0.0729, 0.2092
0.0729, 0.2092
0.0729, 0.2120
0.0729, 0.2120
0.0729, 0.2120
0.0729, 0.2120
0.0729, 0.2120
0.0729, 0.2120
0.0729, 0.2120
0.0781, 0.2120
0.0781, 0.2120
0.0781, 0.2120
0.0781, 0.2147
0.0781, 0.2147
0.0781, 0.2147
0.0781, 0.2147
0.0781, 0.2174
0.0781, 0.2174
0.0781, 0.2174
0.0781, 0.2174
0.0781, 0.2174
0.0781, 0.2174
0.0781, 0.2201
0.0781, 0.2201
0.0781, 0.2201
0.0781, 0.2201
0.0781, 0.2255
0.0781, 0.2255
0.0781, 0.2255
0.0781, 0.2255
0.0781, 0.2255
0.0781, 0.2255
0.0781, 0.2255
0.0833, 0.2283
0.0833, 0.2283
0.0833, 0.2283
0.0833, 0.2310
0.0833, 0.2310
0.0833, 0.2310
0.0833, 0.2337
0.0833, 0.2337
0.0833, 0.2337
0.0885, 0.2337
0.0885, 0.2337
0.0885, 0.2337
0.0885, 0.2337
0.0885, 0.2364
0.0885, 0.2364
0.0885, 0.2364
0.0885, 0.2391
0.0885, 0.2391
0.0885, 0.2391
0.0885, 0.2391
0.0885, 0.2391
0.0885, 0.2391
0.0885, 0.2391
0.0885, 0.2418
0.0885, 0.2418
0.0885, 0.2418
0.0885, 0.2446
0.0885, 0.2446
0.0885, 0.2446
0.0937, 0.2473
0.0937, 0.2473
0.0937, 0.2473
0.0937, 0.2473
0.0937, 0.2473
0.0937, 0.2473
0.0937, 0.2473
0.0990, 0.2473
0.0990, 0.2473
0.0990, 0.2473
0.0990, 0.2527
0.0990, 0.2527
0.0990, 0.2527
0.0990, 0.2527
0.0990, 0.2527
0.0990, 0.2527
0.0990, 0.2527
0.1042, 0.2554
0.1042, 0.2554
0.1042, 0.2554
0.1042, 0.2582
0.1042, 0.2582
0.1042, 0.2582
0.1042, 0.2582
0.1042, 0.2609
0.1042, 0.2609
0.1042, 0.2609
0.1094, 0.2636
0.1094, 0.2636
0.1094, 0.2636
0.1094, 0.2636
0.1094, 0.2636
0.1094, 0.2636
0.1094, 0.2636
0.1146, 0.2690
0.1146, 0.2690
0.1146, 0.2690
0.1146, 0.2717
0.1146, 0.2717
0.1146, 0.2717
0.1198, 0.2717
0.1198, 0.2717
0.1198, 0.2717
0.1198, 0.2745
0.1198, 0.2745
0.1198, 0.2745
0.1198, 0.2745
0.1198, 0.2745
0.1198, 0.2745
0.1250, 0.2772
0.1250, 0.2772
0.1250, 0.2772
0.1250, 0.2772
0.1250, 0.2772
0.1250, 0.2772
0.1250, 0.2772
0.1302, 0.2799
0.1302, 0.2799
0.1302, 0.2799
0.1302, 0.2826
0.1302, 0.2826
0.1302, 0.2826
0.1302, 0.2826
0.1354, 0.2853
0.1354, 0.2853
0.1354, 0.2853
0.1354, 0.2880
0.1354, 0.2880
0.1354, 0.2880
0.1354, 0.2908
0.1354, 0.2908
0.1354, 0.2908
0.1406, 0.2935
0.1406, 0.2935
0.1406, 0.2935
0.1458, 0.2935
0.1458, 0.2935
0.1458, 0.2935
0.1458, 0.2935
0.1458, 0.2962
0.1458, 0.2962
0.1458, 0.2962
0.1458, 0.2989
0.1458, 0.2989
0.1458, 0.2989
0.1458, 0.3016
0.1458, 0.3016
0.1458, 0.3016
0.1510, 0.3043
0.1510, 0.3043
0.1510, 0.3043
0.1563, 0.3071
0.1563, 0.3071
0.1563, 0.3071
0.1563, 0.3071
0.1563, 0.3071
0.1563, 0.3071
0.1563, 0.3071
0.1615, 0.3098
0.1615, 0.3098
0.1615, 0.3098
0.1615, 0.3125
0.1615, 0.3125
0.1615, 0.3125
0.1615, 0.3125
0.1615, 0.3125
0.1615, 0.3125
0.1615, 0.3125
0.1667, 0.3152
0.1667, 0.3152
0.1667, 0.3152
0.1719, 0.3179
0.1719, 0.3179
0.1719, 0.3179
0.1719, 0.3207
0.1719, 0.3207
0.1719, 0.3207
0.1719, 0.3234
0.1719, 0.3234
0.1719, 0.3234
0.1771, 0.3261
0.1771, 0.3261
0.1771, 0.3261
0.1771, 0.3288
0.1771, 0.3288
0.1771, 0.3288
0.1823, 0.3288
0.1823, 0.3288
0.1823, 0.3288
0.1875, 0.3288
0.1875, 0.3288
0.1875, 0.3288
0.1875, 0.3315
0.1875, 0.3315
0.1875, 0.3315
0.1875, 0.3342
0.1875, 0.3342
0.1875, 0.3342
0.1875, 0.3342
0.1875, 0.3342
0.1875, 0.3342
0.1927, 0.3370
0.1927, 0.3370
0.1927, 0.3370
0.1979, 0.3370
0.1979, 0.3370
0.1979, 0.3370
0.1979, 0.3370
0.1979, 0.3397
0.1979, 0.3397
0.1979, 0.3397
0.1979, 0.3424
0.1979, 0.3424
0.1979, 0.3424
0.2031, 0.3424
0.2031, 0.3424
0.2031, 0.3424
0.2083, 0.3451
0.2083, 0.3451
0.2083, 0.3451
0.2135, 0.3478
0.2135, 0.3478
0.2135, 0.3478
0.2135, 0.3478
0.2135, 0.3478
0.2135, 0.3478
0.2135, 0.3478
0.2187, 0.3505
0.2187, 0.3505
0.2187, 0.3505
0.2187, 0.3505
0.2187, 0.3505
0.2240, 0.3533
0.2240, 0.3533
0.2240, 0.3533
0.2240, 0.3533
0.2240, 0.3533
0.2240, 0.3533
0.2292, 0.3560
0.2292, 0.3560
0.2292, 0.3560
0.2344, 0.3587
0.2344, 0.3587
0.2344, 0.3587
0.2396, 0.3614
0.2396, 0.3614
0.2396, 0.3614
0.2396, 0.3614
0.2396, 0.3614
0.2396, 0.3614
0.2448, 0.3641
0.2500, 0.3668
0.2500, 0.3668
0.2500, 0.3668
0.2500, 0.3668
0.2500, 0.3668
0.2552, 0.3668
0.2552, 0.3668
0.2552, 0.3668
0.2604, 0.3696
0.2604, 0.3696
0.2604, 0.3723
0.2604, 0.3723
0.2604, 0.3723
0.2656, 0.3723
0.2656, 0.3723
0.2656, 0.3723
0.2708, 0.3750
0.2708, 0.3750
0.2760, 0.3750
0.2760, 0.3750
0.2760, 0.3750
0.2812, 0.3777
0.2812, 0.3777
0.2812, 0.3777
0.2865, 0.3804
0.2865, 0.3804
0.2917, 0.3804
0.2917, 0.3804
0.2917, 0.3804
0.2917, 0.3832
0.2917, 0.3832
0.2969, 0.3832
0.2969, 0.3832
0.2969, 0.3832
0.3021, 0.3832
0.3021, 0.3832
0.3021, 0.3859
0.3021, 0.3859
0.3021, 0.3859
0.3073, 0.3886
0.3073, 0.3886
0.3073, 0.3886
0.3125, 0.3886
0.3125, 0.3886
0.3125, 0.3886
0.3177, 0.3886
0.3177, 0.3886
0.3177, 0.3913
0.3177, 0.3913
0.3177, 0.3913
0.3229, 0.3940
0.3229, 0.3940
0.3229, 0.3940
0.3333, 0.3940
0.3333, 0.3940
0.3333, 0.3940
0.3333, 0.3940
0.3333, 0.3940
0.3333, 0.3940
0.3333, 0.3940
0.3385, 0.3967
0.3385, 0.3967
0.3385, 0.3967
0.3490, 0.3995
0.3490, 0.3995
0.3490, 0.3995
0.3490, 0.3995
0.3490, 0.3995
0.3490, 0.3995
0.3490, 0.3995
0.3542, 0.4022
0.3542, 0.4022
0.3542, 0.4022
0.3594, 0.4022
0.3594, 0.4022
0.3594, 0.4022
0.3646, 0.4022
0.3646, 0.4022
0.3646, 0.4022
0.3750, 0.4022
0.3750, 0.4022
0.3750, 0.4022
0.3750, 0.4049
0.3750, 0.4049
0.3750, 0.4049
0.3854, 0.4049
0.3854, 0.4049
0.3854, 0.4049
0.3906, 0.4076
0.3906, 0.4076
0.3906, 0.4076
0.3958, 0.4076
0.3958, 0.4076
0.3958, 0.4076
0.3958, 0.4076
0.4063, 0.4103
0.4063, 0.4103
0.4063, 0.4103
0.4115, 0.4103
0.4115, 0.4103
0.4115, 0.4103
0.4219, 0.4130
0.4219, 0.4130
0.4219, 0.4130
0.4323, 0.4130
0.4323, 0.4130
0.4323, 0.4130
0.4375, 0.4130
0.4375, 0.4130
0.4375, 0.4130
0.4479, 0.4130
0.4479, 0.4130
0.4479, 0.4130
0.4583, 0.4158
0.4583, 0.4158
0.4583, 0.4158
0.4635, 0.4158
0.4635, 0.4158
0.4635, 0.4158
0.4740, 0.4185
0.4740, 0.4185
0.4740, 0.4185
0.4844, 0.4185
0.4844, 0.4185
0.4844, 0.4185
0.4896, 0.4212
0.4896, 0.4212
0.4896, 0.4212
0.4948, 0.4212
0.4948, 0.4212
0.4948, 0.4212
0.4948, 0.4212
0.5052, 0.4239
0.5052, 0.4239
0.5052, 0.4239
0.5104, 0.4239
0.5104, 0.4239
0.5104, 0.4239
0.5208, 0.4266
0.5208, 0.4266
0.5208, 0.4266
0.5260, 0.4266
0.5260, 0.4266
0.5260, 0.4266
0.5312, 0.4266
0.5312, 0.4266
0.5312, 0.4266
0.5417, 0.4293
0.5417, 0.4293
0.5417, 0.4293
0.5521, 0.4321
0.5521, 0.4321
0.5521, 0.4321
0.5521, 0.4321
0.5521, 0.4321
0.5521, 0.4321
0.5625, 0.4348
0.5625, 0.4348
0.5625, 0.4348
0.5729, 0.4375
0.5729, 0.4375
0.5729, 0.4375
0.5729, 0.4375
0.5729, 0.4375
0.5729, 0.4375
0.5729, 0.4375
0.5781, 0.4375
0.5781, 0.4375
0.5781, 0.4375
0.5833, 0.4375
0.5833, 0.4375
0.5833, 0.4375
0.5833, 0.4402
0.5833, 0.4402
0.5833, 0.4402
0.5885, 0.4402
0.5885, 0.4402
0.5885, 0.4402
0.5938, 0.4429
0.5938, 0.4429
0.5938, 0.4429
0.5990, 0.4429
0.5990, 0.4429
0.5990, 0.4429
0.5990, 0.4429
0.5990, 0.4429
0.5990, 0.4429
0.6042, 0.4429
0.6042, 0.4429
0.6042, 0.4429
0.6042, 0.4429
0.6042, 0.4429
0.6042, 0.4429
0.6094, 0.4429
0.6094, 0.4429
0.6094, 0.4429
0.6094, 0.4429
0.6094, 0.4429
0.6094, 0.4429
0.6094, 0.4429
0.6094, 0.4457
0.6094, 0.4457
0.6094, 0.4457
0.6094, 0.4457
0.6094, 0.4457
0.6094, 0.4457
0.6094, 0.4457
0.6094, 0.4457
0.6094, 0.4457
0.6094, 0.4457
0.6094, 0.4457
0.6094, 0.4457
0.6094, 0.4457
0.6094, 0.4457
0.6094, 0.4457
0.6094, 0.4457
0.6094, 0.4457
0.6094, 0.4457
0.6094, 0.4457
0.6094, 0.4457
0.6094, 0.4457
0.6094, 0.4457
0.6094, 0.4457
0.6094, 0.4457
0.6094, 0.4457
0.6094, 0.4457
0.6094, 0.4457
0.6094, 0.4457
0.6094, 0.4457
0.6094, 0.4457
0.6094, 0.4457
0.6094, 0.4457
0.6094, 0.4457
0.6094, 0.4457
0.6094, 0.4457
0.6094, 0.4457
0.6094, 0.4457
0.6094, 0.4457
0.6094, 0.4457
0.6094, 0.4457
0.6094, 0.4457
0.6094, 0.4457
0.6094, 0.4457
0.6094, 0.4457
0.6094, 0.4457
0.6094, 0.4457
0.6094, 0.4457
0.6094, 0.4457
0.6094, 0.4457
0.6094, 0.4457
0.6094, 0.4457
0.6094, 0.4457
0.6094, 0.4457
0.6094, 0.4457
0.6094, 0.4457
0.6094, 0.4457
0.6094, 0.4457
0.6094, 0.4457
0.6094, 0.4457
0.6094, 0.4457
0.6094, 0.4457
0.6094, 0.4457
0.6094, 0.4457
0.5521, 0.0897
0.5521, 0.0897
0.5521, 0.0897
0.5521, 0.0897
0.5521, 0.0897
0.5521, 0.0897
0.5521, 0.0897
0.5521, 0.0897
0.5521, 0.0897
0.5521, 0.0897
0.5521, 0.0897
0.5521, 0.0897
0.5521, 0.0897
0.5521, 0.0897
0.5521, 0.0897
0.5521, 0.0897
0.5521, 0.0897
0.5521, 0.0897
0.5521, 0.0897
0.5521, 0.0897
0.5521, 0.0897
0.5521, 0.0897
0.5521, 0.0897
0.5521, 0.0897
0.5521, 0.0897
0.5521, 0.0897
0.5521, 0.0897
0.5521, 0.0897
0.5521, 0.0897
0.5521, 0.0897
0.5521, 0.0897
0.5521, 0.0897
0.5521, 0.0897
0.5521, 0.0897
0.5521, 0.0897
0.5521, 0.0897
0.5521, 0.0897
0.5521, 0.0897
0.5521, 0.0897
0.5521, 0.0897
0.5521, 0.0897
0.5521, 0.0897
0.5521, 0.0897
0.5521, 0.0897
0.5521, 0.0897
0.5521, 0.0897
0.5521, 0.0897
0.5521, 0.0870
0.5521, 0.0870
0.5521, 0.0870
0.5521, 0.0870
0.5521, 0.0870
0.5521, 0.0870
0.5521, 0.0870
0.5521, 0.0870
0.5521, 0.0870
0.5521, 0.0842
0.5521, 0.0842
0.5521, 0.0842
0.5521, 0.0842
0.5521, 0.0842
0.5521, 0.0842
0.5521, 0.0842
0.5521, 0.0842
0.5521, 0.0842
0.5521, 0.0815
0.5521, 0.0815
0.5521, 0.0815
0.5521, 0.0815
0.5521, 0.0815
0.5521, 0.0815
0.5521, 0.0815
0.5521, 0.0815
0.5521, 0.0815
0.5521, 0.0815
0.5521, 0.0815
0.5521, 0.0815
0.5521, 0.0815
0.5521, 0.0815
0.5521, 0.0788
0.5521, 0.0788
0.5521, 0.0788
0.5521, 0.0788
0.5521, 0.0788
0.5521, 0.0788
0.5521, 0.0788
0.5521, 0.0788
0.5521, 0.0788
0.5573, 0.0761
0.5573, 0.0761
0.5573, 0.0761
0.5573, 0.0761
0.5573, 0.0761
0.5573, 0.0761
0.5573, 0.0761
0.5573, 0.0761
0.5573, 0.0761
0.5573, 0.0761
0.5573, 0.0761
0.5573, 0.0761
0.5573, 0.0761
0.5573, 0.0761
0.5573, 0.0761
0.5573, 0.0761
0.5573, 0.0761
0.5573, 0.0761
0.5573, 0.0734
0.5573, 0.0734
0.5573, 0.0734
0.5573, 0.0734
0.5573, 0.0734
0.5573, 0.0734
0.5573, 0.0734
0.5573, 0.0707
0.5573, 0.0707
0.5573, 0.0707
0.5573, 0.0707
0.5573, 0.0707
0.5573, 0.0707
0.5573, 0.0707
0.5573, 0.0707
0.5573, 0.0707
0.5573, 0.0679
0.5573, 0.0679
0.5573, 0.0679
0.5573, 0.0679
0.5573, 0.0679
0.5573, 0.0679
0.5573, 0.0679
0.5573, 0.0679
0.5573, 0.0679
0.5573, 0.0679
0.5573, 0.0679
0.5573, 0.0679
0.5573, 0.0679
0.5573, 0.0679
0.5573, 0.0679
0.5573, 0.0679
0.5573, 0.0679
0.5625, 0.0652
0.5625, 0.0652
0.5625, 0.0652
0.5625, 0.0652
0.5625, 0.0652
0.5625, 0.0652
0.5625, 0.0652
0.5625, 0.0652
0.5625, 0.0652
0.5625, 0.0625
0.5625, 0.0625
0.5625, 0.0625
0.5625, 0.0625
0.5625, 0.0625
0.5625, 0.0625
0.5625, 0.0625
0.5625, 0.0625
0.5625, 0.0625
0.5625, 0.0625
0.5625, 0.0625
0.5625, 0.0625
0.5625, 0.0625
0.5625, 0.0625
0.5625, 0.0625
0.5625, 0.0625
0.5625, 0.0625
0.5625, 0.0625
0.5625, 0.0598
0.5625, 0.0598
0.5625, 0.0598
0.5625, 0.0598
0.5625, 0.0598
0.5625, 0.0598
0.5625, 0.0598
0.5625, 0.0598
0.5625, 0.0598
0.5625, 0.0571
0.5625, 0.0571
0.5625, 0.0571
0.5625, 0.0571
0.5677, 0.0571
0.5677, 0.0571
0.5677, 0.0571
0.5677, 0.0571
0.5677, 0.0571
0.5677, 0.0571
0.5677, 0.0571
0.5677, 0.0571
0.5677, 0.0543
0.5677, 0.0543
0.5677, 0.0543
0.5677, 0.0543
0.5677, 0.0543
0.5729, 0.0543
0.5729, 0.0543
0.5729, 0.0543
0.5729, 0.0543
0.5729, 0.0516
0.5729, 0.0516
0.5729, 0.0516
0.5729, 0.0516
0.5729, 0.0516
0.5729, 0.0516
0.5729, 0.0516
0.5729, 0.0516
0.5729, 0.0489
0.5729, 0.0489
0.5729, 0.0489
0.5729, 0.0489
0.5729, 0.0489
0.5729, 0.0489
0.5729, 0.0489
0.5729, 0.0489
0.5729, 0.0489
0.5729, 0.0489
0.5729, 0.0489
0.5729, 0.0489
0.5729, 0.0489
0.5729, 0.0462
0.5729, 0.0462
0.5729, 0.0462
0.5729, 0.0462
0.5729, 0.0462
0.5781, 0.0462
0.5781, 0.0462
0.5781, 0.0462
0.5781, 0.0435
0.5781, 0.0435
0.5781, 0.0435
0.5781, 0.0435
0.5781, 0.0435
0.5833, 0.0435
0.5833, 0.0435
0.5833, 0.0435
0.5833, 0.0435
0.5833, 0.0435
0.5833, 0.0435
0.5833, 0.0435
0.5833, 0.0435
0.5833, 0.0435
0.5833, 0.0435
0.5833, 0.0435
0.5833, 0.0435
0.5833, 0.0435
0.5885, 0.0408
0.5885, 0.0408
0.5885, 0.0408
0.5885, 0.0408
0.5885, 0.0408
0.5885, 0.0408
0.5885, 0.0408
0.5885, 0.0408
0.5885, 0.0408
0.5885, 0.0408
0.5885, 0.0408
0.5885, 0.0408
0.5885, 0.0380
0.5885, 0.0380
0.5885, 0.0380
0.5885, 0.0380
0.5885, 0.0380
0.5885, 0.0380
0.5885, 0.0380
0.5885, 0.0380
0.5885, 0.0380
0.5885, 0.0380
0.5885, 0.0380
0.5885, 0.0380
0.5885, 0.0380
0.5885, 0.0380
0.5885, 0.0380
0.5885, 0.0380
0.5885, 0.0380
0.5885, 0.0353
0.5885, 0.0353
0.5885, 0.0353
0.5885, 0.0353
0.5885, 0.0353
0.5885, 0.0353
0.5885, 0.0353
0.5885, 0.0353
0.5885, 0.0353
0.5885, 0.0353
0.5885, 0.0353
0.5938, 0.0353
0.5938, 0.0353
0.5938, 0.0353
0.5938, 0.0353
0.5938, 0.0326
0.5938, 0.0326
0.5938, 0.0326
0.5938, 0.0326
0.5990, 0.0326
0.5990, 0.0326
0.5990, 0.0326
0.5990, 0.0326
0.5990, 0.0326
0.5990, 0.0299
0.5990, 0.0299
0.5990, 0.0299
0.5990, 0.0299
0.5990, 0.0299
0.5990, 0.0299
0.5990, 0.0299
0.5990, 0.0299
0.5990, 0.0299
0.5990, 0.0299
0.5990, 0.0299
0.5990, 0.0299
0.5990, 0.0299
0.5990, 0.0299
0.5990, 0.0299
0.5990, 0.0299
0.5990, 0.0299
0.5990, 0.0299
0.5990, 0.0299
0.5990, 0.0299
0.5990, 0.0299
0.5990, 0.0299
0.5990, 0.0299
0.5990, 0.0299
0.5990, 0.0299
0.5990, 0.0299
0.6042, 0.0272
0.6042, 0.0272
0.6042, 0.0272
0.6042, 0.0272
0.6042, 0.0272
0.6042, 0.0272
0.6042, 0.0272
0.6042, 0.0272
0.6042, 0.0272
0.6042, 0.0272
0.6042, 0.0272
0.6042, 0.0272
0.6042, 0.0272
0.6042, 0.0245
0.6042, 0.0245
0.6042, 0.0245
0.6042, 0.0245
0.6094, 0.0245
0.6094, 0.0245
0.6094, 0.0245
0.6094, 0.0245
0.6094, 0.0245
0.6094, 0.0245
0.6094, 0.0245
0.6094, 0.0245
0.6094, 0.0217
0.6094, 0.0217
0.6094, 0.0217
0.6094, 0.0217
0.6146, 0.0217
0.6146, 0.0217
0.6146, 0.0217
0.6146, 0.0217
0.6146, 0.0217
0.6146, 0.0217
0.6146, 0.0217
0.6146, 0.0217
0.6146, 0.0217
0.6146, 0.0217
0.6146, 0.0217
0.6146, 0.0217
0.6146, 0.0190
0.6146, 0.0190
0.6146, 0.0190
0.6146, 0.0190
0.6146, 0.0190
0.6146, 0.0190
0.6146, 0.0190
0.6146, 0.0190
0.6146, 0.0190
0.6198, 0.0190
0.6198, 0.0190
0.6198, 0.0190
0.6198, 0.0190
0.6198, 0.0163
0.6198, 0.0163
0.6198, 0.0163
0.6198, 0.0163
0.6198, 0.0163
0.6198, 0.0163
0.6198, 0.0163
0.6198, 0.0163
0.6198, 0.0163
0.6198, 0.0163
0.6198, 0.0163
0.6198, 0.0163
0.6198, 0.0163
0.6250, 0.0163
0.6250, 0.0163
0.6250, 0.0163
0.6250, 0.0163
0.6250, 0.0163
0.6250, 0.0163
0.6250, 0.0163
0.6250, 0.0163
0.6250, 0.0163
0.6250, 0.0163
0.6250, 0.0163
0.6250, 0.0163
0.6250, 0.0163
0.6250, 0.0163
0.6250, 0.0163
0.6250, 0.0163
0.6250, 0.0163
0.6250, 0.0163
0.6250, 0.0163
0.6250, 0.0163
0.6250, 0.0163
0.6250, 0.0136
0.6250, 0.0136
0.6250, 0.0136
0.6250, 0.0136
0.6250, 0.0136
0.6250, 0.0136
0.6250, 0.0136
0.6250, 0.0136
0.6302, 0.0136
0.6302, 0.0136
0.6302, 0.0136
0.6302, 0.0136
0.6302, 0.0136
0.6302, 0.0136
0.6302, 0.0136
0.6302, 0.0136
0.6302, 0.0136
0.6354, 0.0109
0.6354, 0.0109
0.6354, 0.0109
0.6354, 0.0109
0.6354, 0.0109
0.6354, 0.0109
0.6354, 0.0109
0.6354, 0.0109
0.6406, 0.0109
0.6406, 0.0109
0.6406, 0.0109
0.6406, 0.0109
0.6406, 0.0082
0.6406, 0.0082
0.6406, 0.0082
0.6406, 0.0082
0.6406, 0.0082
0.6406, 0.0082
0.6406, 0.0082
0.6406, 0.0082
0.6406, 0.0082
0.6406, 0.0082
0.6406, 0.0082
0.6406, 0.0082
0.6406, 0.0082
0.6458, 0.0082
0.6458, 0.0082
0.6458, 0.0082
0.6458, 0.0082
0.6510, 0.0082
0.6510, 0.0082
0.6510, 0.0082
0.6510, 0.0082
0.6510, 0.0082
0.6510, 0.0082
0.6510, 0.0082
0.6510, 0.0082
0.6510, 0.0082
0.6510, 0.0082
0.6510, 0.0082
0.6510, 0.0082
0.6563, 0.0082
0.6563, 0.0082
0.6563, 0.0082
0.6563, 0.0082
0.6615, 0.0082
0.6615, 0.0082
0.6615, 0.0082
0.6615, 0.0054
0.6615, 0.0054
0.6615, 0.0054
0.6615, 0.0054
0.6667, 0.0054
0.6667, 0.0054
0.6667, 0.0054
0.6667, 0.0054
0.6667, 0.0054
0.6667, 0.0054
0.6667, 0.0054
0.6667, 0.0054
0.6719, 0.0054
0.6719, 0.0054
0.6719, 0.0054
0.6719, 0.0054
0.6719, 0.0027
0.6719, 0.0027
0.6719, 0.0027
0.6719, 0.0027
0.6771, 0.0027
0.6771, 0.0027
0.6771, 0.0027
0.6771, 0.0027
0.6771, 0.0027
0.6771, 0.0027
0.6771, 0.0027
0.6771, 0.0027
0.6823, 0.0027
0.6823, 0.0027
0.6823, 0.0027
0.6823, 0.0027
0.6823, 0.0027
0.6823, 0.0027
0.6823, 0.0027
0.6875, 0.0027
0.6875, 0.0027
0.6875, 0.0027
0.6927, 0.0027
0.6927, 0.0027
0.6927, 0.0027
0.6927, 0.0027
0.6927, 0.0027
0.6927, 0.0027
0.6927, 0.0027
0.6927, 0.0027
0.6927, 0.0027
0.6927, 0.0027
0.6927, 0.0027
0.6927, 0.0027
0.6979, 0.0027
0.6979, 0.0027
0.6979, 0.0027
0.7031, 0.0027
0.7031, 0.0027
0.7031, 0.0027
0.7031, 0.0027
0.7031, 0.0027
0.7031, 0.0027
0.7031, 0.0027
0.7031, 0.0027
0.7031, 0.0027
0.7031, 0.0027
0.7031, 0.0027
0.7031, 0.0027
0.7083, 0.0027
0.7083, 0.0027
0.7083, 0.0027
0.7083, 0.0027
0.7083, 0.0027
0.7083, 0.0027
0.7083, 0.0027
0.7083, 0.0027
0.7083, 0.0027
0.7135, 0.0027
0.7135, 0.0027
0.7135, 0.0027
0.7188, 0.0000
0.7188, 0.0000
0.7188, 0.0000
0.7188, 0.0000
0.7188, 0.0000
0.7188, 0.0000
0.7188, 0.0000
0.7188, 0.0000
0.7188, 0.0000
0.7188, 0.0000
0.7188, 0.0000
0.7188, 0.0000
0.7240, 0.0000
0.7240, 0.0000
0.7240, 0.0000
0.7240, 0.0000
0.7292, 0.0000
0.7292, 0.0000
0.7292, 0.0000
0.7292, 0.0000
0.7292, 0.0000
0.7292, 0.0000
0.7292, 0.0000
0.7292, 0.0000
0.7344, 0.0000
0.7344, 0.0000
0.7344, 0.0000
0.7344, 0.0000
0.7396, 0.0000
0.7396, 0.0000
0.7396, 0.0000
0.7396, 0.0000
0.7396, 0.0000
0.7396, 0.0000
0.7396, 0.0000
0.7396, 0.0000
0.7396, 0.0000
0.7396, 0.0000
0.7396, 0.0000
0.7396, 0.0000
0.7448, 0.0000
0.7448, 0.0000
0.7448, 0.0000
0.7448, 0.0000
0.7500, 0.0000
0.7500, 0.0000
0.7500, 0.0000
0.7500, 0.0000
0.7500, 0.0000
0.7500, 0.0000
0.7500, 0.0000
0.7500, 0.0000
0.7552, 0.0000
0.7552, 0.0000
0.7552, 0.0000
0.7552, 0.0000
0.7552, 0.0000
0.7552, 0.0000
0.7552, 0.0000
0.7552, 0.0000
0.7552, 0.0000
0.7552, 0.0000
0.7552, 0.0000
0.7552, 0.0000
0.7552, 0.0000
0.7552, 0.0000
0.7552, 0.0000
0.7552, 0.0000
0.7604, 0.0000
0.7604, 0.0000
0.7604, 0.0000
0.7604, 0.0000
0.7656, 0.0000
0.7656, 0.0000
0.7656, 0.0000
0.7656, 0.0000
0.7656, 0.0000
0.7656, 0.0000
0.7656, 0.0000
0.7656, 0.0000
0.7656, 0.0000
0.7656, 0.0000
0.7656, 0.0000
0.7708, 0.0000
0.7708, 0.0000
0.7708, 0.0000
0.7708, 0.0000
0.7708, 0.0000
0.7708, 0.0000
0.7708, 0.0000
0.7708, 0.0000
0.7760, 0.0000
0.7760, 0.0000
0.7760, 0.0000
0.7760, 0.0000
0.7813, 0.0027
0.7813, 0.0027
0.7813, 0.0027
0.7813, 0.0027
0.7813, 0.0027
0.7813, 0.0027
0.7813, 0.0027
0.7813, 0.0027
0.7813, 0.0027
0.7813, 0.0027
0.7813, 0.0027
0.7813, 0.0027
0.7865, 0.0054
0.7865, 0.0054
0.7865, 0.0054
0.7865, 0.0054
0.7865, 0.0054
0.7865, 0.0054
0.7865, 0.0054
0.7917, 0.0054
0.7917, 0.0054
0.7917, 0.0054
0.7917, 0.0054
0.7917, 0.0054
0.7917, 0.0054
0.7917, 0.0054
0.7917, 0.0054
0.7917, 0.0054
0.7917, 0.0054
0.7917, 0.0054
0.7917, 0.0054
0.7917, 0.0054
0.7969, 0.0054
0.7969, 0.0054
0.7969, 0.0054
0.8021, 0.0082
0.8021, 0.0082
0.8021, 0.0082
0.8021, 0.0082
0.8073, 0.0082
0.8073, 0.0082
0.8073, 0.0082
0.8073, 0.0082
0.8073, 0.0082
0.8073, 0.0082
0.8073, 0.0082
0.8073, 0.0082
0.8073, 0.0109
0.8073, 0.0109
0.8073, 0.0109
0.8073, 0.0109
0.8125, 0.0109
0.8125, 0.0109
0.8125, 0.0109
0.8125, 0.0109
0.8125, 0.0109
0.8125, 0.0109
0.8177, 0.0136
0.8177, 0.0136
0.8177, 0.0136
0.8177, 0.0136
0.8177, 0.0136
0.8177, 0.0136
0.8177, 0.0136
0.8177, 0.0136
0.8177, 0.0136
0.8177, 0.0136
0.8177, 0.0136
0.8177, 0.0136
0.8229, 0.0136
0.8229, 0.0136
0.8229, 0.0136
0.8281, 0.0136
0.8281, 0.0136
0.8281, 0.0136
0.8281, 0.0136
0.8281, 0.0163
0.8281, 0.0163
0.8281, 0.0163
0.8281, 0.0163
0.8333, 0.0163
0.8333, 0.0163
0.8333, 0.0163
0.8333, 0.0190
0.8333, 0.0190
0.8333, 0.0190
0.8333, 0.0190
0.8333, 0.0190
0.8333, 0.0190
0.8333, 0.0190
0.8385, 0.0190
0.8385, 0.0190
0.8385, 0.0190
0.8385, 0.0190
0.8385, 0.0190
0.8385, 0.0190
0.8385, 0.0190
0.8438, 0.0190
0.8438, 0.0190
0.8438, 0.0190
0.8438, 0.0190
0.8438, 0.0217
0.8438, 0.0217
0.8438, 0.0217
0.8438, 0.0217
0.8438, 0.0217
0.8438, 0.0217
0.8438, 0.0217
0.8490, 0.0245
0.8490, 0.0245
0.8490, 0.0245
0.8490, 0.0245
0.8542, 0.0245
0.8542, 0.0245
0.8542, 0.0245
0.8542, 0.0272
0.8542, 0.0272
0.8542, 0.0272
0.8542, 0.0272
0.8594, 0.0272
0.8594, 0.0272
0.8594, 0.0272
0.8594, 0.0272
0.8594, 0.0272
0.8594, 0.0272
0.8594, 0.0272
0.8594, 0.0272
0.8594, 0.0299
0.8594, 0.0299
0.8594, 0.0299
0.8646, 0.0299
0.8646, 0.0299
0.8646, 0.0299
0.8646, 0.0299
0.8698, 0.0326
0.8698, 0.0326
0.8698, 0.0326
0.8698, 0.0326
0.8698, 0.0326
0.8698, 0.0326
0.8698, 0.0326
0.8698, 0.0326
0.8698, 0.0326
0.8698, 0.0326
0.8698, 0.0326
0.8698, 0.0326
0.8698, 0.0326
0.8698, 0.0326
0.8750, 0.0353
0.8750, 0.0353
0.8750, 0.0353
0.8750, 0.0353
0.8750, 0.0353
0.8750, 0.0353
0.8750, 0.0380
0.8750, 0.0380
0.8750, 0.0380
0.8802, 0.0380
0.8802, 0.0380
0.8802, 0.0380
0.8802, 0.0408
0.8802, 0.0408
0.8854, 0.0408
0.8854, 0.0408
0.8854, 0.0408
0.8854, 0.0408
0.8854, 0.0408
0.8854, 0.0408
0.8854, 0.0408
0.8854, 0.0408
0.8854, 0.0408
0.8906, 0.0435
0.8906, 0.0435
0.8906, 0.0435
0.8906, 0.0462
0.8906, 0.0462
0.8906, 0.0462
0.8958, 0.0462
0.8958, 0.0462
0.8958, 0.0462
0.8958, 0.0462
0.8958, 0.0462
0.8958, 0.0462
0.8958, 0.0462
0.8958, 0.0462
0.8958, 0.0462
0.8958, 0.0489
0.8958, 0.0489
0.8958, 0.0489
0.9010, 0.0516
0.9010, 0.0516
0.9010, 0.0516
0.9010, 0.0516
0.9010, 0.0516
0.9010, 0.0516
0.9063, 0.0543
0.9063, 0.0543
0.9063, 0.0543
0.9063, 0.0543
0.9063, 0.0543
0.9063, 0.0543
0.9063, 0.0571
0.9063, 0.0571
0.9115, 0.0598
0.9115, 0.0598
0.9115, 0.0598
0.9115, 0.0598
0.9115, 0.0598
0.9115, 0.0598
0.9167, 0.0625
0.9167, 0.0625
0.9167, 0.0625
0.9219, 0.0652
0.9219, 0.0652
0.9219, 0.0652
0.9219, 0.0652
0.9219, 0.0652
0.9219, 0.0652
0.9219, 0.0679
0.9219, 0.0679
0.9219, 0.0679
0.9219, 0.0707
0.9219, 0.0707
0.9271, 0.0734
0.9271, 0.0734
0.9271, 0.0734
0.9271, 0.0734
0.9271, 0.0734
0.9271, 0.0734
0.9323, 0.0761
0.9323, 0.0761
0.9323, 0.0788
0.9323, 0.0788
0.9323, 0.0788
0.9323, 0.0788
0.9323, 0.0788
0.9323, 0.0788
0.9323, 0.0788
0.9323, 0.0788
0.9323, 0.0788
0.9375, 0.0815
0.9375, 0.0815
0.9375, 0.0815
0.9375, 0.0842
0.9375, 0.0842
0.9375, 0.0842
0.9427, 0.0870
0.9427, 0.0870
0.9427, 0.0870
0.9427, 0.0897
0.9427, 0.0897
0.9479, 0.0924
0.9479, 0.0924
0.9479, 0.0924
0.9479, 0.0951
0.9479, 0.0951
0.9479, 0.0951
0.9479, 0.0951
0.9479, 0.0951
0.9479, 0.0951
0.9479, 0.0978
0.9479, 0.0978
0.9531, 0.1005
0.9531, 0.1005
0.9531, 0.1005
0.9531, 0.1005
0.9531, 0.1005
0.9531, 0.1005
0.9583, 0.1033
0.9583, 0.1033
0.9583, 0.1033
0.9583, 0.1060
0.9583, 0.1060
0.9583, 0.1060
0.9583, 0.1087
0.9583, 0.1087
0.9583, 0.1087
0.9583, 0.1087
0.9583, 0.1087
0.9583, 0.1114
0.9583, 0.1114
0.9583, 0.1114
0.9583, 0.1141
0.9583, 0.1141
0.9583, 0.1141
0.9635, 0.1141
0.9635, 0.1141
0.9635, 0.1141
0.9635, 0.1196
0.9635, 0.1196
0.9635, 0.1223
0.9635, 0.1223
0.9635, 0.1223
0.9688, 0.1223
0.9688, 0.1223
0.9688, 0.1250
0.9688, 0.1250
0.9688, 0.1250
0.9688, 0.1277
0.9688, 0.1277
0.9688, 0.1277
0.9688, 0.1304
0.9688, 0.1304
0.9740, 0.1332
0.9740, 0.1332
0.9740, 0.1332
0.9740, 0.1359
0.9740, 0.1359
0.9740, 0.1359
0.9740, 0.1359
0.9740, 0.1359
0.9740, 0.1386
0.9740, 0.1386
0.9740, 0.1386
0.9740, 0.1440
0.9740, 0.1440
0.9740, 0.1440
0.9740, 0.1440
0.9740, 0.1440
0.9740, 0.1440
0.9792, 0.1495
0.9792, 0.1495
0.9792, 0.1495
0.9792, 0.1522
0.9792, 0.1522
0.9792, 0.1549
0.9792, 0.1549
0.9792, 0.1549
0.9844, 0.1603
0.9844, 0.1603
0.9844, 0.1603
0.9844, 0.1603
0.9844, 0.1603
0.9844, 0.1603
0.9844, 0.1658
0.9844, 0.1658
0.9896, 0.1685
0.9896, 0.1685
0.9896, 0.1685
0.9896, 0.1712
0.9896, 0.1712
0.9896, 0.1712
0.9896, 0.1739
0.9896, 0.1739
0.9896, 0.1739
0.9896, 0.1766
0.9896, 0.1766
0.9896, 0.1793
0.9896, 0.1793
0.9896, 0.1793
0.9896, 0.1821
0.9896, 0.1821
0.9896, 0.1821
0.9896, 0.1848
0.9896, 0.1848
0.9896, 0.1848
0.9896, 0.1875
0.9896, 0.1875
0.9896, 0.1902
0.9896, 0.1902
0.9896, 0.1902
0.9896, 0.1929
0.9896, 0.1929
0.9948, 0.1957
0.9948, 0.1957
0.9948, 0.1957
0.9948, 0.1984
0.9948, 0.1984
0.9948, 0.2011
0.9948, 0.2011
0.9948, 0.2011
0.9948, 0.2038
0.9948, 0.2038
0.9948, 0.2038
0.9948, 0.2065
0.9948, 0.2065
0.9948, 0.2065
0.9948, 0.2065
0.9948, 0.2065
0.9948, 0.2092
0.9948, 0.2092
0.9948, 0.2092
0.9948, 0.2147
0.9948, 0.2147
1.0000, 0.2147
1.0000, 0.2147
1.0000, 0.2147
1.0000, 0.2174
1.0000, 0.2174
1.0000, 0.2174
1.0000, 0.2201
1.0000, 0.2201
1.0000, 0.2228
1.0000, 0.2228
1.0000, 0.2228
1.0000, 0.2255
1.0000, 0.2255
1.0000, 0.2255
1.0000, 0.2283
1.0000, 0.2283
1.0000, 0.2283
1.0000, 0.2283
1.0000, 0.2283
1.0000, 0.2310
1.0000, 0.2310
1.0000, 0.2310
1.0000, 0.2337
1.0000, 0.2337
1.0000, 0.2364
1.0000, 0.2364
1.0000, 0.2364
1.0000, 0.2364
1.0000, 0.2364
1.0000, 0.2364
1.0000, 0.2391
1.0000, 0.2391
1.0000, 0.2391
1.0000, 0.2418
1.0000, 0.2418
1.0000, 0.2418
1.0000, 0.2418
1.0000, 0.2418
1.0000, 0.2446
1.0000, 0.2446
1.0000, 0.2446
1.0000, 0.2500
1.0000, 0.2500
1.0000, 0.2500
1.0000, 0.2500
1.0000, 0.2500
1.0000, 0.2554
1.0000, 0.2554
1.0000, 0.2582
1.0000, 0.2582
1.0000, 0.2582
0.9948, 0.2582
0.9948, 0.2582
0.9948, 0.2636
0.9948, 0.2636
0.9948, 0.2636
0.9948, 0.2663
0.9948, 0.2663
0.9948, 0.2663
0.9948, 0.2663
0.9948, 0.2663
0.9948, 0.2690
0.9948, 0.2690
0.9948, 0.2690
0.9948, 0.2717
0.9948, 0.2717
0.9948, 0.2717
0.9948, 0.2717
0.9948, 0.2717
0.9896, 0.2745
0.9896, 0.2745
0.9896, 0.2772
0.9896, 0.2772
0.9896, 0.2772
0.9896, 0.2799
0.9896, 0.2799
0.9896, 0.2799
0.9844, 0.2826
0.9844, 0.2826
0.9844, 0.2853
0.9844, 0.2853
0.9844, 0.2853
0.9844, 0.2853
0.9844, 0.2853
0.9844, 0.2853
0.9792, 0.2880
0.9792, 0.2880
0.9792, 0.2908
0.9792, 0.2908
0.9792, 0.2908
0.9792, 0.2935
0.9792, 0.2935
0.9792, 0.2935
0.9792, 0.2935
0.9792, 0.2935
0.9792, 0.2935
0.9792, 0.2935
0.9792, 0.2935
0.9792, 0.2962
0.9792, 0.2962
0.9792, 0.2962
0.9792, 0.2989
0.9792, 0.2989
0.9740, 0.2989
0.9740, 0.2989
0.9740, 0.2989
0.9740, 0.3043
0.9740, 0.3043
0.9740, 0.3043
0.9688, 0.3071
0.9688, 0.3071
0.9688, 0.3071
0.9688, 0.3071
0.9688, 0.3071
0.9688, 0.3098
0.9688, 0.3098
0.9688, 0.3098
0.9688, 0.3125
0.9688, 0.3125
0.9635, 0.3152
0.9635, 0.3152
0.9635, 0.3152
0.9635, 0.3179
0.9635, 0.3179
0.9635, 0.3179
0.9583, 0.3207
0.9583, 0.3207
0.9583, 0.3234
0.9583, 0.3234
0.9583, 0.3234
0.9531, 0.3234
0.9531, 0.3234
0.9531, 0.3261
0.9531, 0.3261
0.9531, 0.3261
0.9531, 0.3288
0.9531, 0.3288
0.9531, 0.3288
0.9479, 0.3288
0.9479, 0.3288
0.9479, 0.3315
0.9479, 0.3315
0.9479, 0.3315
0.9427, 0.3342
0.9427, 0.3342
0.9427, 0.3342
0.9427, 0.3342
0.9427, 0.3342
0.9427, 0.3370
0.9427, 0.3370
0.9427, 0.3370
0.9375, 0.3424
0.9375, 0.3424
0.9323, 0.3424
0.9323, 0.3424
0.9323, 0.3424
0.9271, 0.3451
0.9271, 0.3451
0.9271, 0.3478
0.9271, 0.3478
0.9271, 0.3478
0.9271, 0.3505
0.9271, 0.3505
0.9219, 0.3505
0.9219, 0.3505
0.9219, 0.3505
0.9167, 0.3533
0.9167, 0.3533
0.9167, 0.3560
0.9167, 0.3560
0.9167, 0.3560
0.9167, 0.3560
0.9167, 0.3560
0.9167, 0.3560
0.9115, 0.3587
0.9115, 0.3587
0.9063, 0.3614
0.9063, 0.3614
0.9063, 0.3614
0.9010, 0.3641
0.9010, 0.3641
0.9010, 0.3641
0.9010, 0.3641
0.9010, 0.3641
0.8958, 0.3668
0.8958, 0.3668
0.8958, 0.3668
0.8906, 0.3696
0.8906, 0.3696
0.8906, 0.3696
0.8906, 0.3696
0.8906, 0.3696
0.8854, 0.3723
0.8854, 0.3723
0.8854, 0.3723
0.8802, 0.3750
0.8802, 0.3750
0.8802, 0.3777
0.8802, 0.3777
0.8802, 0.3777
0.8750, 0.3777
0.8750, 0.3777
0.8750, 0.3777
0.8750, 0.3777
0.8750, 0.3777
0.8698, 0.3804
0.8698, 0.3804
0.8698, 0.3804
0.8594, 0.3859
0.8594, 0.3859
0.8594, 0.3859
0.8594, 0.3859
0.8594, 0.3859
0.8542, 0.3886
0.8542, 0.3886
0.8542, 0.3886
0.8438, 0.3913
0.8438, 0.3913
0.8438, 0.3940
0.8438, 0.3940
0.8438, 0.3940
0.8333, 0.3940
0.8333, 0.3940
0.8281, 0.3940
0.8281, 0.3940
0.8281, 0.3967
0.8281, 0.3967
0.8281, 0.3967
0.8229, 0.3995
0.8229, 0.3995
0.8177, 0.3995
0.8177, 0.3995
0.8177, 0.3995
0.8177, 0.3995
0.8177, 0.3995
0.8125, 0.4022
0.8125, 0.4022
0.8125, 0.4022
0.8073, 0.4049
0.8073, 0.4049
0.8073, 0.4049
0.8073, 0.4049
0.8073, 0.4049
0.8021, 0.4049
0.8021, 0.4049
0.7969, 0.4076
0.7969, 0.4076
0.7969, 0.4076
0.7917, 0.4076
0.7917, 0.4076
0.7865, 0.4103
0.7865, 0.4103
0.7865, 0.4103
0.7813, 0.4103
0.7813, 0.4103
0.7760, 0.4130
0.7760, 0.4130
0.7760, 0.4130
0.7760, 0.4130
0.7760, 0.4130
0.7656, 0.4130
0.7656, 0.4130
0.7656, 0.4130
0.7604, 0.4158
0.7604, 0.4158
0.7552, 0.4185
0.7552, 0.4185
0.7552, 0.4185
0.7500, 0.4185
0.7500, 0.4185
0.7448, 0.4212
0.7448, 0.4212
0.7448, 0.4212
0.7396, 0.4212
0.7396, 0.4212
0.7344, 0.4212
0.7344, 0.4212
0.7344, 0.4212
0.7292, 0.4239
0.7292, 0.4239
0.7188, 0.4239
0.7188, 0.4239
0.7188, 0.4239
0.7135, 0.4266
0.7135, 0.4266
0.7083, 0.4293
0.7083, 0.4293
0.7083, 0.4293
0.7031, 0.4293
0.7031, 0.4293
0.7031, 0.4293
0.6979, 0.4293
0.6979, 0.4293
0.6927, 0.4321
0.6927, 0.4321
0.6927, 0.4321
0.6823, 0.4348
0.6823, 0.4348
0.6771, 0.4375
0.6771, 0.4375
0.6667, 0.4375
0.6667, 0.4375
0.6667, 0.4375
0.6563, 0.4402
0.6563, 0.4402
0.6563, 0.4402
0.6563, 0.4402
0.6563, 0.4402
0.6458, 0.4402
0.6458, 0.4402
0.6406, 0.4429
0.6406, 0.4429
0.6406, 0.4429
0.6406, 0.4429
0.6406, 0.4429
0.6354, 0.4457
0.6354, 0.4457
0.6354, 0.4457
0.6302, 0.4457
0.6302, 0.4457
0.6250, 0.4457
0.6250, 0.4457
0.6250, 0.4457
0.6250, 0.4457
0.6250, 0.4457
0.6250, 0.4457
0.6198, 0.4484
0.6198, 0.4484
0.6146, 0.4484
0.6146, 0.4484
0.6146, 0.4484
0.6146, 0.4511
0.6146, 0.4511
0.6094, 0.4511
0.6094, 0.4511
0.6094, 0.4511
0.6042, 0.4538
0.6042, 0.4538
0.5990, 0.4538
0.5990, 0.4538
0.5990, 0.4538
0.5990, 0.4538
0.5990, 0.4538
0.5990, 0.4538
0.5990, 0.4538
0.5990, 0.4538
0.5938, 0.4538
0.5938, 0.4538
0.5938, 0.4538
0.5938, 0.4538
0.5938, 0.4538
0.5938, 0.4538
0.5938, 0.4538
0.5938, 0.4538
0.5938, 0.4538
0.5938, 0.4538
0.5938, 0.4538
0.5938, 0.4538
0.5938, 0.4538
0.5938, 0.4538
0.5938, 0.4538
0.5938, 0.4538
0.5938, 0.4538
0.5938, 0.4538
0.5938, 0.4538
0.5938, 0.4538
0.5938, 0.4538
0.5938, 0.4538
0.5938, 0.4538
0.5938, 0.4538
0.5938, 0.4538
0.5938, 0.4538
0.5938, 0.4538
0.5938, 0.4538
0.5938, 0.4538
0.5938, 0.4538
0.5938, 0.4538
0.5938, 0.4538
0.5938, 0.4538
0.5938, 0.4538
0.5938, 0.4538
0.5938, 0.4538
0.5938, 0.4538
0.5938, 0.4538
0.0000, 1.0000
0.0000, 1.0000
0.0000, 1.0000
0.0000, 1.0000
0.0000, 1.0000
0.0000, 1.0000
0.0000, 1.0000
0.0000, 1.0000
0.0000, 1.0000
0.0000, 1.0000
0.0000, 1.0000
0.0000, 1.0000
0.0000, 1.0000
0.0000, 1.0000
0.0000, 1.0000
0.0000, 1.0000
0.0000, 1.0000
0.0000, 1.0000
0.0000, 1.0000
0.0000, 1.0000
0.0000, 1.0000
0.0000, 1.0000
0.0000, 1.0000
0.0000, 1.0000
0.0000, 1.0000
0.0000, 1.0000
0.0000, 1.0000
0.0000, 1.0000
0.0000, 1.0000
0.0000, 1.0000
0.0000, 1.0000
0.0000, 1.0000
0.0000, 1.0000
0.0000, 1.0000
0.0000, 1.0000
0.0000, 1.0000
0.0000, 1.0000
