0.1490, 0.2823
0.1490, 0.2823
0.1490, 0.2823
0.1490, 0.2823
0.1490, 0.2823
0.1490, 0.2823
0.1490, 0.2823
0.1490, 0.2823
0.1490, 0.2823
0.1490, 0.2823
0.1490, 0.2823
0.1490, 0.2823
0.1490, 0.2823
0.1490, 0.2823
0.1490, 0.2823
0.1490, 0.2823
0.1490, 0.2823
0.1490, 0.2823
0.1490, 0.2823
0.1490, 0.2823
0.1490, 0.2823
0.1490, 0.2823
0.1490, 0.2823
0.1490, 0.2823
0.1490, 0.2823
0.1490, 0.2823
0.1490, 0.2823
0.1490, 0.2823
0.1490, 0.2823
0.1490, 0.2823
0.1490, 0.2823
0.1490, 0.2823
0.1490, 0.2823
0.1490, 0.2823
0.1490, 0.2823
0.1490, 0.2823
0.1490, 0.2823
0.1490, 0.2823
0.1490, 0.2823
0.1490, 0.2823
0.1490, 0.2823
0.1490, 0.2823
0.1490, 0.2823
0.1490, 0.2823
0.1490, 0.2823
0.1490, 0.2823
0.1490, 0.2823
0.1490, 0.2797
0.1490, 0.2797
0.1490, 0.2797
0.1490, 0.2797
0.1490, 0.2797
0.1490, 0.2797
0.1490, 0.2797
0.1490, 0.2797
0.1490, 0.2797
0.1490, 0.2797
0.1490, 0.2797
0.1490, 0.2797
0.1490, 0.2797
0.1490, 0.2797
0.1490, 0.2770
0.1490, 0.2770
0.1490, 0.2770
0.1490, 0.2770
0.1490, 0.2770
0.1490, 0.2770
0.1490, 0.2770
0.1490, 0.2770
0.1490, 0.2770
0.1490, 0.2770
0.1490, 0.2770
0.1490, 0.2770
0.1490, 0.2770
0.1490, 0.2770
0.1490, 0.2770
0.1490, 0.2770
0.1490, 0.2770
0.1529, 0.2744
0.1529, 0.2744
0.1529, 0.2744
0.1529, 0.2744
0.1529, 0.2744
0.1529, 0.2744
0.1529, 0.2744
0.1529, 0.2744
0.1529, 0.2744
0.1569, 0.2718
0.1569, 0.2718
0.1569, 0.2718
0.1569, 0.2718
0.1569, 0.2718
0.1569, 0.2718
0.1569, 0.2718
0.1569, 0.2718
0.1569, 0.2718
0.1608, 0.2718
0.1608, 0.2718
0.1608, 0.2718
0.1608, 0.2718
0.1608, 0.2718
0.1608, 0.2718
0.1608, 0.2718
0.1608, 0.2718
0.1608, 0.2691
0.1608, 0.2691
0.1608, 0.2691
0.1608, 0.2691
0.1608, 0.2691
0.1608, 0.2691
0.1608, 0.2691
0.1608, 0.2691
0.1647, 0.2665
0.1647, 0.2665
0.1647, 0.2665
0.1647, 0.2665
0.1647, 0.2665
0.1647, 0.2665
0.1647, 0.2665
0.1647, 0.2665
0.1647, 0.2665
0.1686, 0.2639
0.1686, 0.2639
0.1686, 0.2639
0.1686, 0.2639
0.1686, 0.2639
0.1686, 0.2639
0.1686, 0.2639
0.1686, 0.2639
0.1686, 0.2639
0.1686, 0.2639
0.1686, 0.2639
0.1686, 0.2639
0.1725, 0.2612
0.1725, 0.2612
0.1725, 0.2612
0.1725, 0.2612
0.1765, 0.2612
0.1765, 0.2612
0.1765, 0.2612
0.1765, 0.2612
0.1765, 0.2586
0.1765, 0.2586
0.1765, 0.2586
0.1765, 0.2586
0.1765, 0.2586
0.1765, 0.2586
0.1765, 0.2586
0.1765, 0.2586
0.1765, 0.2586
0.1765, 0.2586
0.1765, 0.2586
0.1765, 0.2586
0.1765, 0.2586
0.1804, 0.2586
0.1804, 0.2586
0.1804, 0.2586
0.1804, 0.2586
0.1804, 0.2586
0.1804, 0.2586
0.1804, 0.2586
0.1804, 0.2586
0.1843, 0.2559
0.1843, 0.2559
0.1843, 0.2559
0.1843, 0.2559
0.1882, 0.2559
0.1882, 0.2559
0.1882, 0.2559
0.1882, 0.2559
0.1882, 0.2533
0.1882, 0.2533
0.1882, 0.2533
0.1882, 0.2533
0.1882, 0.2533
0.1882, 0.2533
0.1882, 0.2533
0.1882, 0.2533
0.1882, 0.2533
0.1922, 0.2533
0.1922, 0.2533
0.1922, 0.2533
0.1922, 0.2533
0.1961, 0.2507
0.1961, 0.2507
0.1961, 0.2507
0.1961, 0.2507
0.1961, 0.2507
0.1961, 0.2507
0.1961, 0.2507
0.1961, 0.2507
0.1961, 0.2507
0.1961, 0.2507
0.1961, 0.2507
0.1961, 0.2507
0.2000, 0.2507
0.2000, 0.2507
0.2000, 0.2507
0.2000, 0.2507
0.2000, 0.2507
0.2000, 0.2507
0.2000, 0.2507
0.2000, 0.2507
0.2000, 0.2507
0.2039, 0.2480
0.2039, 0.2480
0.2039, 0.2480
0.2039, 0.2480
0.2078, 0.2480
0.2078, 0.2480
0.2078, 0.2480
0.2078, 0.2480
0.2078, 0.2454
0.2078, 0.2454
0.2078, 0.2454
0.2078, 0.2454
0.2078, 0.2454
0.2078, 0.2454
0.2078, 0.2454
0.2078, 0.2454
0.2118, 0.2454
0.2118, 0.2454
0.2118, 0.2454
0.2118, 0.2454
0.2157, 0.2454
0.2157, 0.2454
0.2157, 0.2454
0.2157, 0.2454
0.2157, 0.2454
0.2157, 0.2454
0.2157, 0.2454
0.2157, 0.2454
0.2157, 0.2454
0.2157, 0.2454
0.2157, 0.2454
0.2157, 0.2454
0.2196, 0.2454
0.2196, 0.2454
0.2196, 0.2454
0.2196, 0.2454
0.2196, 0.2427
0.2196, 0.2427
0.2196, 0.2427
0.2196, 0.2427
0.2235, 0.2427
0.2235, 0.2427
0.2235, 0.2427
0.2275, 0.2427
0.2275, 0.2427
0.2275, 0.2427
0.2275, 0.2427
0.2275, 0.2401
0.2275, 0.2401
0.2275, 0.2401
0.2275, 0.2401
0.2275, 0.2401
0.2275, 0.2401
0.2275, 0.2401
0.2275, 0.2401
0.2275, 0.2401
0.2314, 0.2401
0.2314, 0.2401
0.2314, 0.2401
0.2314, 0.2401
0.2353, 0.2401
0.2353, 0.2401
0.2353, 0.2401
0.2353, 0.2401
0.2353, 0.2375
0.2353, 0.2375
0.2353, 0.2375
0.2392, 0.2375
0.2392, 0.2375
0.2392, 0.2375
0.2392, 0.2375
0.2392, 0.2375
0.2392, 0.2375
0.2392, 0.2375
0.2392, 0.2375
0.2392, 0.2375
0.2431, 0.2375
0.2431, 0.2375
0.2431, 0.2375
0.2431, 0.2375
0.2471, 0.2375
0.2471, 0.2375
0.2471, 0.2375
0.2471, 0.2375
0.2471, 0.2375
0.2471, 0.2375
0.2471, 0.2375
0.2510, 0.2375
0.2510, 0.2375
0.2510, 0.2375
0.2510, 0.2375
0.2549, 0.2375
0.2549, 0.2375
0.2549, 0.2375
0.2549, 0.2375
0.2549, 0.2375
0.2549, 0.2375
0.2549, 0.2375
0.2549, 0.2375
0.2588, 0.2375
0.2588, 0.2375
0.2588, 0.2375
0.2588, 0.2375
0.2627, 0.2348
0.2627, 0.2348
0.2627, 0.2348
0.2627, 0.2348
0.2667, 0.2348
0.2667, 0.2348
0.2667, 0.2348
0.2667, 0.2348
0.2667, 0.2348
0.2667, 0.2348
0.2667, 0.2348
0.2667, 0.2348
0.2667, 0.2348
0.2667, 0.2348
0.2667, 0.2348
0.2667, 0.2348
0.2706, 0.2348
0.2706, 0.2348
0.2706, 0.2348
0.2706, 0.2348
0.2745, 0.2322
0.2745, 0.2322
0.2745, 0.2322
0.2745, 0.2322
0.2745, 0.2322
0.2745, 0.2322
0.2745, 0.2322
0.2745, 0.2322
0.2784, 0.2322
0.2784, 0.2322
0.2784, 0.2322
0.2824, 0.2322
0.2824, 0.2322
0.2824, 0.2322
0.2824, 0.2322
0.2863, 0.2322
0.2863, 0.2322
0.2863, 0.2322
0.2863, 0.2322
0.2863, 0.2322
0.2863, 0.2322
0.2863, 0.2322
0.2863, 0.2322
0.2902, 0.2322
0.2902, 0.2322
0.2902, 0.2322
0.2902, 0.2322
0.2941, 0.2322
0.2941, 0.2322
0.2941, 0.2322
0.2941, 0.2322
0.2941, 0.2322
0.2941, 0.2322
0.2941, 0.2322
0.2980, 0.2322
0.2980, 0.2322
0.2980, 0.2322
0.2980, 0.2322
0.3020, 0.2322
0.3020, 0.2322
0.3020, 0.2322
0.3020, 0.2322
0.3020, 0.2322
0.3020, 0.2322
0.3020, 0.2322
0.3020, 0.2322
0.3059, 0.2322
0.3059, 0.2322
0.3059, 0.2322
0.3059, 0.2322
0.3098, 0.2322
0.3098, 0.2322
0.3098, 0.2322
0.3098, 0.2322
0.3137, 0.2322
0.3137, 0.2322
0.3137, 0.2322
0.3137, 0.2322
0.3137, 0.2322
0.3137, 0.2322
0.3137, 0.2322
0.3137, 0.2322
0.3137, 0.2322
0.3137, 0.2322
0.3137, 0.2322
0.3137, 0.2322
0.3176, 0.2322
0.3176, 0.2322
0.3176, 0.2322
0.3216, 0.2322
0.3216, 0.2322
0.3216, 0.2322
0.3216, 0.2322
0.3216, 0.2322
0.3216, 0.2322
0.3216, 0.2322
0.3216, 0.2322
0.3294, 0.2322
0.3294, 0.2322
0.3294, 0.2322
0.3294, 0.2322
0.3333, 0.2296
0.3333, 0.2296
0.3333, 0.2296
0.3333, 0.2296
0.3333, 0.2296
0.3333, 0.2296
0.3333, 0.2296
0.3333, 0.2296
0.3373, 0.2296
0.3373, 0.2296
0.3373, 0.2296
0.3373, 0.2296
0.3412, 0.2296
0.3412, 0.2296
0.3412, 0.2296
0.3412, 0.2296
0.3451, 0.2296
0.3451, 0.2296
0.3451, 0.2296
0.3451, 0.2296
0.3451, 0.2296
0.3451, 0.2296
0.3451, 0.2296
0.3451, 0.2296
0.3490, 0.2296
0.3490, 0.2296
0.3490, 0.2296
0.3529, 0.2296
0.3529, 0.2296
0.3529, 0.2296
0.3529, 0.2296
0.3529, 0.2296
0.3529, 0.2296
0.3529, 0.2296
0.3529, 0.2296
0.3569, 0.2296
0.3569, 0.2296
0.3569, 0.2296
0.3608, 0.2296
0.3608, 0.2296
0.3608, 0.2296
0.3608, 0.2296
0.3647, 0.2296
0.3647, 0.2296
0.3647, 0.2296
0.3647, 0.2296
0.3686, 0.2296
0.3686, 0.2296
0.3686, 0.2296
0.3725, 0.2296
0.3725, 0.2296
0.3725, 0.2296
0.3725, 0.2296
0.3725, 0.2296
0.3725, 0.2296
0.3725, 0.2296
0.3725, 0.2296
0.3765, 0.2296
0.3765, 0.2296
0.3765, 0.2296
0.3765, 0.2296
0.3804, 0.2296
0.3804, 0.2296
0.3804, 0.2296
0.3804, 0.2296
0.3843, 0.2296
0.3843, 0.2296
0.3843, 0.2296
0.3882, 0.2296
0.3882, 0.2296
0.3882, 0.2296
0.3882, 0.2296
0.3922, 0.2296
0.3922, 0.2296
0.3922, 0.2296
0.3961, 0.2296
0.3961, 0.2296
0.3961, 0.2296
0.3961, 0.2296
0.4000, 0.2296
0.4000, 0.2296
0.4000, 0.2296
0.4000, 0.2296
0.4039, 0.2296
0.4039, 0.2296
0.4039, 0.2296
0.4039, 0.2296
0.4039, 0.2296
0.4039, 0.2296
0.4039, 0.2296
0.4118, 0.2296
0.4118, 0.2296
0.4118, 0.2296
0.4157, 0.2296
0.4157, 0.2296
0.4157, 0.2296
0.4157, 0.2296
0.4157, 0.2296
0.4157, 0.2296
0.4157, 0.2296
0.4157, 0.2296
0.4235, 0.2296
0.4235, 0.2296
0.4235, 0.2296
0.4235, 0.2296
0.4275, 0.2296
0.4275, 0.2296
0.4275, 0.2296
0.4275, 0.2296
0.4275, 0.2296
0.4275, 0.2296
0.4275, 0.2296
0.4275, 0.2296
0.4353, 0.2296
0.4353, 0.2296
0.4353, 0.2296
0.4392, 0.2296
0.4392, 0.2296
0.4392, 0.2296
0.4431, 0.2296
0.4431, 0.2296
0.4431, 0.2296
0.4471, 0.2296
0.4471, 0.2296
0.4471, 0.2296
0.4471, 0.2296
0.4471, 0.2296
0.4471, 0.2296
0.4471, 0.2296
0.4471, 0.2296
0.4549, 0.2296
0.4549, 0.2296
0.4549, 0.2296
0.4627, 0.2296
0.4627, 0.2296
0.4627, 0.2296
0.4627, 0.2296
0.4627, 0.2296
0.4627, 0.2296
0.4627, 0.2296
0.4627, 0.2296
0.4667, 0.2296
0.4667, 0.2296
0.4667, 0.2296
0.4667, 0.2296
0.4745, 0.2296
0.4745, 0.2296
0.4745, 0.2296
0.4745, 0.2296
0.4745, 0.2296
0.4745, 0.2296
0.4745, 0.2296
0.4745, 0.2296
0.4784, 0.2296
0.4784, 0.2296
0.4784, 0.2296
0.4824, 0.2296
0.4824, 0.2296
0.4824, 0.2296
0.4824, 0.2296
0.4863, 0.2296
0.4863, 0.2296
0.4863, 0.2296
0.4902, 0.2296
0.4902, 0.2296
0.4902, 0.2296
0.4902, 0.2296
0.4941, 0.2296
0.4941, 0.2296
0.4941, 0.2296
0.4941, 0.2322
0.4941, 0.2322
0.4941, 0.2322
0.4941, 0.2322
0.4980, 0.2322
0.4980, 0.2322
0.4980, 0.2322
0.5020, 0.2322
0.5020, 0.2322
0.5020, 0.2322
0.5020, 0.2322
0.5020, 0.2322
0.5020, 0.2322
0.5020, 0.2322
0.5020, 0.2322
0.5059, 0.2348
0.5059, 0.2348
0.5059, 0.2348
0.5098, 0.2348
0.5098, 0.2348
0.5098, 0.2348
0.5098, 0.2348
0.5137, 0.2348
0.5137, 0.2348
0.5137, 0.2348
0.5137, 0.2348
0.5137, 0.2348
0.5137, 0.2348
0.5137, 0.2348
0.5216, 0.2348
0.5216, 0.2348
0.5216, 0.2348
0.5216, 0.2348
0.5216, 0.2348
0.5216, 0.2348
0.5216, 0.2348
0.5255, 0.2375
0.5255, 0.2375
0.5255, 0.2375
0.5255, 0.2375
0.5294, 0.2375
0.5294, 0.2375
0.5294, 0.2375
0.5333, 0.2401
0.5333, 0.2401
0.5333, 0.2401
0.5333, 0.2401
0.5333, 0.2401
0.5333, 0.2401
0.5333, 0.2401
0.5373, 0.2401
0.5373, 0.2401
0.5373, 0.2401
0.5412, 0.2401
0.5412, 0.2401
0.5412, 0.2401
0.5412, 0.2427
0.5412, 0.2427
0.5412, 0.2427
0.5451, 0.2427
0.5451, 0.2427
0.5451, 0.2427
0.5451, 0.2427
0.5490, 0.2427
0.5490, 0.2427
0.5490, 0.2427
0.5529, 0.2427
0.5529, 0.2427
0.5529, 0.2427
0.5529, 0.2427
0.5529, 0.2427
0.5529, 0.2427
0.5529, 0.2427
0.5529, 0.2427
0.5569, 0.2454
0.5569, 0.2454
0.5569, 0.2454
0.5608, 0.2454
0.5608, 0.2454
0.5608, 0.2454
0.5608, 0.2454
0.5608, 0.2454
0.5608, 0.2454
0.5608, 0.2454
0.5608, 0.2454
0.5647, 0.2480
0.5647, 0.2480
0.5647, 0.2480
0.5686, 0.2480
0.5686, 0.2480
0.5686, 0.2480
0.5725, 0.2480
0.5725, 0.2480
0.5725, 0.2480
0.5725, 0.2480
0.5725, 0.2480
0.5725, 0.2480
0.5765, 0.2480
0.5765, 0.2480
0.5804, 0.2480
0.5804, 0.2507
0.5882, 0.2507
0.5922, 0.2533
0.5922, 0.2533
0.5961, 0.2533
0.6000, 0.2559
0.6039, 0.2559
0.6196, 0.2586
0.6196, 0.2586
0.6235, 0.2612
0.6235, 0.2612
0.6235, 0.2612
0.6235, 0.2612
0.6235, 0.2612
0.6235, 0.2612
0.6235, 0.2612
0.6275, 0.2612
0.6275, 0.2612
0.6275, 0.2612
0.6275, 0.2612
0.6275, 0.2612
0.6275, 0.2612
0.6314, 0.2612
0.6314, 0.2612
0.6314, 0.2612
0.6353, 0.2612
0.6353, 0.2612
0.6353, 0.2612
0.6353, 0.2612
0.6353, 0.2639
0.6353, 0.2639
0.6353, 0.2639
0.6392, 0.2639
0.6392, 0.2639
0.6392, 0.2639
0.6392, 0.2639
0.6431, 0.2639
0.6431, 0.2639
0.6431, 0.2639
0.6431, 0.2639
0.6431, 0.2639
0.6431, 0.2639
0.6431, 0.2639
0.6471, 0.2639
0.6471, 0.2639
0.6471, 0.2639
0.6510, 0.2665
0.6510, 0.2665
0.6510, 0.2665
0.6510, 0.2665
0.6549, 0.2665
0.6549, 0.2665
0.6549, 0.2665
0.6549, 0.2665
0.6549, 0.2665
0.6549, 0.2665
0.6549, 0.2665
0.6627, 0.2691
0.6627, 0.2691
0.6627, 0.2691
0.6627, 0.2691
0.6667, 0.2691
0.6667, 0.2691
0.6667, 0.2691
0.6706, 0.2691
0.6706, 0.2691
0.6706, 0.2691
0.6706, 0.2691
0.6706, 0.2691
0.6706, 0.2691
0.6706, 0.2691
0.6784, 0.2718
0.6784, 0.2718
0.6784, 0.2718
0.6824, 0.2718
0.6824, 0.2718
0.6824, 0.2718
0.6824, 0.2718
0.6824, 0.2718
0.6824, 0.2718
0.6824, 0.2718
0.6863, 0.2718
0.6863, 0.2718
0.6863, 0.2718
0.6902, 0.2718
0.6902, 0.2718
0.6902, 0.2718
0.6941, 0.2718
0.6941, 0.2718
0.6941, 0.2718
0.6980, 0.2718
0.6980, 0.2718
0.6980, 0.2718
0.7020, 0.2744
0.7020, 0.2744
0.7020, 0.2744
0.7020, 0.2744
0.7059, 0.2744
0.7059, 0.2744
0.7059, 0.2744
0.7098, 0.2744
0.7098, 0.2744
0.7098, 0.2744
0.7137, 0.2744
0.7137, 0.2744
0.7137, 0.2744
0.7137, 0.2744
0.7176, 0.2744
0.7176, 0.2744
0.7176, 0.2744
0.7216, 0.2744
0.7216, 0.2744
0.7216, 0.2744
0.7216, 0.2744
0.7255, 0.2770
0.7255, 0.2770
0.7255, 0.2770
0.7255, 0.2770
0.7255, 0.2770
0.7255, 0.2770
0.7255, 0.2770
0.7294, 0.2770
0.7294, 0.2770
0.7294, 0.2770
0.7333, 0.2770
0.7333, 0.2770
0.7333, 0.2770
0.7412, 0.2770
0.7412, 0.2770
0.7412, 0.2770
0.7451, 0.2770
0.7451, 0.2770
0.7451, 0.2770
0.7451, 0.2770
0.7490, 0.2770
0.7490, 0.2770
0.7490, 0.2770
0.7529, 0.2770
0.7529, 0.2770
0.7529, 0.2770
0.7529, 0.2770
0.7608, 0.2797
0.7608, 0.2797
0.7608, 0.2797
0.7608, 0.2797
0.7608, 0.2797
0.7608, 0.2797
0.7608, 0.2797
0.7686, 0.2797
0.7686, 0.2797
0.7686, 0.2797
0.7686, 0.2797
0.7686, 0.2797
0.7686, 0.2797
0.7686, 0.2797
0.7725, 0.2797
0.7725, 0.2797
0.7725, 0.2797
0.7804, 0.2797
0.7804, 0.2797
0.7804, 0.2797
0.7804, 0.2797
0.7804, 0.2797
0.7804, 0.2797
0.7804, 0.2797
0.7882, 0.2797
0.7882, 0.2797
0.7882, 0.2797
0.7882, 0.2797
0.7922, 0.2797
0.7922, 0.2797
0.7922, 0.2797
0.7961, 0.2797
0.7961, 0.2797
0.7961, 0.2797
0.8000, 0.2797
0.8000, 0.2797
0.8000, 0.2797
0.8039, 0.2797
0.8039, 0.2797
0.8039, 0.2797
0.8039, 0.2797
0.8039, 0.2797
0.8039, 0.2797
0.8039, 0.2797
0.8039, 0.2797
0.8039, 0.2797
0.8039, 0.2797
0.8039, 0.2797
0.8039, 0.2797
0.8039, 0.2797
0.8039, 0.2797
0.8039, 0.2797
0.8078, 0.2797
0.8078, 0.2797
0.8078, 0.2797
0.8078, 0.2797
0.8078, 0.2797
0.8078, 0.2797
0.8078, 0.2797
0.8078, 0.2797
0.8078, 0.2797
0.8078, 0.2797
0.8078, 0.2797
0.8118, 0.2797
0.8118, 0.2797
0.8118, 0.2797
0.8118, 0.2797
0.8118, 0.2797
0.8118, 0.2797
0.8118, 0.2797
0.8118, 0.2797
0.8118, 0.2797
0.8118, 0.2797
0.8118, 0.2797
0.8157, 0.2797
0.8157, 0.2797
0.8157, 0.2797
0.8196, 0.2797
0.8196, 0.2797
0.8196, 0.2797
0.8235, 0.2797
0.8235, 0.2797
0.8235, 0.2797
0.8235, 0.2797
0.8235, 0.2797
0.8235, 0.2797
0.8235, 0.2797
0.8275, 0.2797
0.8275, 0.2797
0.8275, 0.2797
0.8314, 0.2797
0.8314, 0.2797
0.8314, 0.2797
0.8314, 0.2797
0.8353, 0.2797
0.8353, 0.2797
0.8353, 0.2797
0.8392, 0.2797
0.8392, 0.2797
0.8392, 0.2797
0.8431, 0.2797
0.8431, 0.2797
0.8431, 0.2797
0.8471, 0.2797
0.8471, 0.2797
0.8471, 0.2797
0.8471, 0.2797
0.8549, 0.2797
0.8549, 0.2797
0.8549, 0.2797
0.8549, 0.2797
0.8549, 0.2797
0.8549, 0.2797
0.8549, 0.2797
0.8588, 0.2797
0.8588, 0.2797
0.8588, 0.2797
0.8627, 0.2797
0.8627, 0.2797
0.8627, 0.2797
0.8667, 0.2797
0.8667, 0.2797
0.8667, 0.2797
0.8667, 0.2770
0.8667, 0.2770
0.8667, 0.2770
0.8706, 0.2770
0.8706, 0.2770
0.8706, 0.2770
0.8745, 0.2770
0.8745, 0.2770
0.8745, 0.2770
0.8745, 0.2770
0.8745, 0.2770
0.8745, 0.2770
0.8745, 0.2770
0.8745, 0.2770
0.8784, 0.2770
0.8784, 0.2770
0.8784, 0.2770
0.8824, 0.2744
0.8824, 0.2744
0.8824, 0.2744
0.8863, 0.2744
0.8863, 0.2744
0.8863, 0.2744
0.8863, 0.2744
0.8863, 0.2744
0.8863, 0.2744
0.8863, 0.2744
0.8902, 0.2744
0.8902, 0.2744
0.8902, 0.2744
0.8941, 0.2744
0.8941, 0.2744
0.8941, 0.2744
0.8941, 0.2744
0.8980, 0.2744
0.8980, 0.2744
0.9020, 0.2718
0.9020, 0.2718
0.9020, 0.2718
0.9020, 0.2718
0.9059, 0.2718
0.9059, 0.2718
0.9059, 0.2718
0.9098, 0.2718
0.9098, 0.2718
0.9098, 0.2718
0.9137, 0.2691
0.9137, 0.2691
0.9137, 0.2691
0.9137, 0.2691
0.9176, 0.2691
0.9176, 0.2691
0.9176, 0.2691
0.9216, 0.2691
0.9216, 0.2691
0.9216, 0.2691
0.9255, 0.2665
0.9255, 0.2665
0.9255, 0.2665
0.9255, 0.2665
0.9255, 0.2665
0.9255, 0.2665
0.9255, 0.2665
0.9294, 0.2665
0.9294, 0.2665
0.9294, 0.2665
0.9294, 0.2665
0.9294, 0.2665
0.9294, 0.2665
0.9333, 0.2665
0.9333, 0.2665
0.9333, 0.2665
0.9333, 0.2665
0.9373, 0.2665
0.9373, 0.2665
0.9373, 0.2665
0.9373, 0.2639
0.9373, 0.2639
0.9373, 0.2639
0.9373, 0.2639
0.9373, 0.2639
0.9373, 0.2639
0.9412, 0.2639
0.9412, 0.2639
0.9412, 0.2639
0.9412, 0.2639
0.9412, 0.2639
0.9412, 0.2639
0.9412, 0.2639
0.9412, 0.2639
0.9451, 0.2612
0.9451, 0.2612
0.9451, 0.2612
0.9451, 0.2612
0.9451, 0.2612
0.9451, 0.2612
0.9490, 0.2612
0.9490, 0.2612
0.9490, 0.2612
0.9529, 0.2612
0.9529, 0.2612
0.9529, 0.2612
0.9529, 0.2612
0.9569, 0.2586
0.9569, 0.2586
0.9569, 0.2586
0.9569, 0.2559
0.9569, 0.2559
0.9569, 0.2559
0.9647, 0.2559
0.9647, 0.2559
0.9647, 0.2559
0.9686, 0.2533
0.9686, 0.2533
0.9686, 0.2533
0.9725, 0.2533
0.9725, 0.2533
0.9725, 0.2533
0.9804, 0.2533
0.9804, 0.2533
0.9804, 0.2533
0.9804, 0.2507
0.9804, 0.2507
0.9804, 0.2507
0.9804, 0.2507
0.9843, 0.2507
0.9843, 0.2507
0.9843, 0.2507
0.9882, 0.2507
0.9882, 0.2507
0.9882, 0.2507
0.9882, 0.2507
0.9882, 0.2507
0.9882, 0.2507
0.9882, 0.2507
0.9882, 0.2507
0.9882, 0.2507
0.9882, 0.2507
0.9882, 0.2507
0.9882, 0.2507
0.9882, 0.2507
0.9882, 0.2507
0.9882, 0.2507
0.9882, 0.2507
0.9882, 0.2507
0.9882, 0.2507
0.9882, 0.2507
0.9882, 0.2507
0.9882, 0.2507
0.9882, 0.2507
0.9882, 0.2480
0.9882, 0.2480
0.9882, 0.2480
0.9882, 0.2480
0.9882, 0.2480
0.9882, 0.2480
0.9882, 0.2480
0.9882, 0.2480
0.9882, 0.2480
0.9882, 0.2480
0.9922, 0.2480
0.9922, 0.2480
0.9922, 0.2480
0.9922, 0.2480
0.9922, 0.2480
0.9922, 0.2480
0.9922, 0.2480
0.9922, 0.2480
0.9922, 0.2480
0.9922, 0.2480
0.9922, 0.2480
0.9922, 0.2480
0.9922, 0.2480
0.9922, 0.2480
0.9922, 0.2480
0.9922, 0.2480
0.9922, 0.2480
0.9961, 0.2480
0.9961, 0.2480
0.9961, 0.2480
0.9961, 0.2480
0.9961, 0.2480
0.9961, 0.2480
0.9961, 0.2480
0.9961, 0.2480
0.9961, 0.2480
0.9961, 0.2480
0.9961, 0.2480
0.9961, 0.2480
0.9961, 0.2480
0.9961, 0.2480
0.9961, 0.2480
0.9961, 0.2480
0.9961, 0.2480
0.9961, 0.2480
0.9961, 0.2480
0.9961, 0.2480
0.2863, 0.2322
0.2863, 0.2322
0.2863, 0.2322
0.2863, 0.2322
0.2863, 0.2322
0.2863, 0.2322
0.2863, 0.2322
0.2863, 0.2322
0.2863, 0.2322
0.2863, 0.2322
0.2863, 0.2322
0.2863, 0.2322
0.2863, 0.2322
0.2863, 0.2322
0.2863, 0.2322
0.2863, 0.2322
0.2863, 0.2322
0.2863, 0.2322
0.2863, 0.2322
0.2863, 0.2322
0.2863, 0.2322
0.2863, 0.2322
0.2863, 0.2322
0.2863, 0.2322
0.2863, 0.2322
0.2863, 0.2322
0.2863, 0.2322
0.2863, 0.2322
0.2863, 0.2322
0.2863, 0.2322
0.2863, 0.2322
0.2863, 0.2322
0.2863, 0.2322
0.2863, 0.2322
0.2863, 0.2322
0.2863, 0.2322
0.2863, 0.2322
0.2863, 0.2322
0.2863, 0.2322
0.2863, 0.2322
0.2863, 0.2322
0.2863, 0.2322
0.2863, 0.2322
0.2863, 0.2322
0.2863, 0.2322
0.2863, 0.2322
0.2863, 0.2322
0.2863, 0.2322
0.2863, 0.2322
0.2863, 0.2322
0.2863, 0.2322
0.2863, 0.2322
0.2863, 0.2322
0.2863, 0.2322
0.2863, 0.2322
0.2863, 0.2322
0.2863, 0.2322
0.2863, 0.2322
0.2863, 0.2322
0.2863, 0.2322
0.2863, 0.2322
0.2863, 0.2322
0.2863, 0.2322
0.2863, 0.2322
0.2863, 0.2322
0.2863, 0.2322
0.2863, 0.2322
0.2863, 0.2322
0.2863, 0.2322
0.2863, 0.2322
0.2863, 0.2322
0.2863, 0.2322
0.2863, 0.2322
0.2863, 0.2322
0.2863, 0.2322
0.2863, 0.2322
0.2863, 0.2322
0.2863, 0.2322
0.2863, 0.2322
0.2863, 0.2322
0.2863, 0.2322
0.2863, 0.2322
0.2863, 0.2322
0.2863, 0.2322
0.2863, 0.2322
0.2863, 0.2322
0.2863, 0.2322
0.2863, 0.2322
0.2863, 0.2322
0.2863, 0.2322
0.2863, 0.2322
0.2863, 0.2322
0.2863, 0.2322
0.2863, 0.2322
0.2863, 0.2322
0.2863, 0.2322
0.2863, 0.2322
0.2863, 0.2322
0.2863, 0.2322
0.2863, 0.2322
0.2863, 0.2322
0.2863, 0.2322
0.2863, 0.2322
0.2863, 0.2322
0.2863, 0.2322
0.2863, 0.2322
0.2863, 0.2296
0.2863, 0.2296
0.2863, 0.2296
0.2863, 0.2296
0.2863, 0.2296
0.2863, 0.2296
0.2863, 0.2296
0.2863, 0.2296
0.2863, 0.2296
0.2863, 0.2296
0.2863, 0.2296
0.2863, 0.2296
0.2863, 0.2296
0.2863, 0.2296
0.2863, 0.2296
0.2863, 0.2296
0.2863, 0.2296
0.2863, 0.2296
0.2863, 0.2296
0.2863, 0.2296
0.2863, 0.2296
0.2863, 0.2296
0.2863, 0.2296
0.2824, 0.2296
0.2824, 0.2296
0.2824, 0.2296
0.2824, 0.2269
0.2824, 0.2269
0.2824, 0.2269
0.2824, 0.2269
0.2824, 0.2269
0.2824, 0.2269
0.2824, 0.2269
0.2824, 0.2269
0.2824, 0.2269
0.2824, 0.2269
0.2824, 0.2269
0.2824, 0.2269
0.2824, 0.2269
0.2824, 0.2243
0.2824, 0.2243
0.2824, 0.2243
0.2824, 0.2243
0.2784, 0.2243
0.2784, 0.2243
0.2784, 0.2243
0.2784, 0.2243
0.2784, 0.2216
0.2784, 0.2216
0.2784, 0.2216
0.2784, 0.2216
0.2784, 0.2216
0.2784, 0.2216
0.2784, 0.2216
0.2784, 0.2216
0.2784, 0.2216
0.2784, 0.2216
0.2784, 0.2216
0.2784, 0.2216
0.2784, 0.2216
0.2784, 0.2216
0.2784, 0.2216
0.2784, 0.2216
0.2784, 0.2216
0.2784, 0.2216
0.2784, 0.2216
0.2784, 0.2216
0.2784, 0.2216
0.2784, 0.2216
0.2784, 0.2216
0.2784, 0.2216
0.2784, 0.2216
0.2784, 0.2216
0.2784, 0.2190
0.2784, 0.2190
0.2784, 0.2190
0.2784, 0.2190
0.2784, 0.2190
0.2784, 0.2190
0.2784, 0.2190
0.2784, 0.2190
0.2784, 0.2190
0.2745, 0.2164
0.2745, 0.2164
0.2745, 0.2164
0.2745, 0.2164
0.2745, 0.2164
0.2745, 0.2164
0.2745, 0.2164
0.2745, 0.2164
0.2745, 0.2164
0.2745, 0.2164
0.2745, 0.2164
0.2745, 0.2164
0.2745, 0.2164
0.2745, 0.2164
0.2745, 0.2164
0.2745, 0.2164
0.2706, 0.2137
0.2706, 0.2137
0.2706, 0.2137
0.2706, 0.2137
0.2706, 0.2137
0.2706, 0.2137
0.2706, 0.2137
0.2706, 0.2137
0.2706, 0.2137
0.2706, 0.2111
0.2706, 0.2111
0.2706, 0.2111
0.2706, 0.2111
0.2706, 0.2111
0.2706, 0.2111
0.2706, 0.2111
0.2706, 0.2111
0.2706, 0.2111
0.2706, 0.2111
0.2706, 0.2111
0.2706, 0.2111
0.2667, 0.2084
0.2667, 0.2084
0.2667, 0.2084
0.2667, 0.2084
0.2667, 0.2084
0.2667, 0.2084
0.2667, 0.2084
0.2667, 0.2084
0.2667, 0.2084
0.2667, 0.2084
0.2667, 0.2084
0.2667, 0.2084
0.2667, 0.2084
0.2667, 0.2084
0.2667, 0.2084
0.2667, 0.2084
0.2667, 0.2084
0.2667, 0.2058
0.2667, 0.2058
0.2667, 0.2058
0.2667, 0.2058
0.2667, 0.2058
0.2667, 0.2058
0.2667, 0.2058
0.2667, 0.2058
0.2667, 0.2032
0.2667, 0.2032
0.2667, 0.2032
0.2667, 0.2032
0.2627, 0.2032
0.2627, 0.2032
0.2627, 0.2032
0.2627, 0.2032
0.2627, 0.2032
0.2627, 0.2032
0.2627, 0.2032
0.2627, 0.2032
0.2627, 0.2032
0.2627, 0.2032
0.2627, 0.2032
0.2627, 0.2005
0.2627, 0.2005
0.2627, 0.2005
0.2627, 0.2005
0.2588, 0.2005
0.2588, 0.2005
0.2588, 0.2005
0.2588, 0.2005
0.2588, 0.1979
0.2588, 0.1979
0.2588, 0.1979
0.2588, 0.1979
0.2588, 0.1979
0.2588, 0.1979
0.2588, 0.1979
0.2588, 0.1979
0.2588, 0.1953
0.2588, 0.1953
0.2588, 0.1953
0.2588, 0.1953
0.2588, 0.1953
0.2588, 0.1953
0.2588, 0.1953
0.2588, 0.1953
0.2588, 0.1953
0.2588, 0.1953
0.2588, 0.1953
0.2588, 0.1953
0.2588, 0.1953
0.2588, 0.1953
0.2588, 0.1953
0.2588, 0.1953
0.2588, 0.1953
0.2588, 0.1953
0.2588, 0.1953
0.2588, 0.1953
0.2588, 0.1953
0.2549, 0.1926
0.2549, 0.1926
0.2549, 0.1926
0.2549, 0.1926
0.2549, 0.1926
0.2549, 0.1926
0.2549, 0.1926
0.2549, 0.1900
0.2549, 0.1900
0.2549, 0.1900
0.2549, 0.1900
0.2549, 0.1900
0.2549, 0.1900
0.2549, 0.1900
0.2549, 0.1900
0.2510, 0.1900
0.2510, 0.1900
0.2510, 0.1900
0.2510, 0.1900
0.2510, 0.1900
0.2510, 0.1900
0.2510, 0.1900
0.2510, 0.1900
0.2510, 0.1873
0.2510, 0.1873
0.2510, 0.1873
0.2510, 0.1873
0.2510, 0.1847
0.2510, 0.1847
0.2510, 0.1847
0.2510, 0.1847
0.2510, 0.1847
0.2510, 0.1847
0.2510, 0.1847
0.2510, 0.1847
0.2471, 0.1847
0.2471, 0.1847
0.2471, 0.1847
0.2471, 0.1847
0.2471, 0.1847
0.2471, 0.1847
0.2471, 0.1847
0.2471, 0.1847
0.2471, 0.1847
0.2471, 0.1847
0.2471, 0.1847
0.2471, 0.1847
0.2471, 0.1847
0.2471, 0.1821
0.2471, 0.1821
0.2471, 0.1821
0.2471, 0.1821
0.2471, 0.1794
0.2471, 0.1794
0.2471, 0.1794
0.2471, 0.1794
0.2471, 0.1794
0.2471, 0.1794
0.2471, 0.1794
0.2471, 0.1794
0.2471, 0.1768
0.2471, 0.1768
0.2471, 0.1768
0.2471, 0.1768
0.2471, 0.1768
0.2471, 0.1768
0.2471, 0.1768
0.2471, 0.1768
0.2471, 0.1768
0.2471, 0.1768
0.2471, 0.1768
0.2471, 0.1768
0.2431, 0.1768
0.2431, 0.1768
0.2431, 0.1768
0.2431, 0.1768
0.2431, 0.1741
0.2431, 0.1741
0.2431, 0.1741
0.2431, 0.1741
0.2431, 0.1741
0.2431, 0.1741
0.2431, 0.1741
0.2431, 0.1741
0.2431, 0.1715
0.2431, 0.1715
0.2431, 0.1715
0.2392, 0.1715
0.2392, 0.1715
0.2392, 0.1715
0.2392, 0.1715
0.2392, 0.1715
0.2392, 0.1715
0.2392, 0.1715
0.2392, 0.1715
0.2392, 0.1715
0.2392, 0.1689
0.2392, 0.1689
0.2392, 0.1689
0.2392, 0.1662
0.2392, 0.1662
0.2392, 0.1662
0.2392, 0.1662
0.2392, 0.1636
0.2392, 0.1636
0.2392, 0.1636
0.2392, 0.1636
0.2392, 0.1636
0.2392, 0.1636
0.2392, 0.1636
0.2392, 0.1636
0.2392, 0.1636
0.2392, 0.1636
0.2392, 0.1636
0.2392, 0.1636
0.2353, 0.1610
0.2353, 0.1610
0.2353, 0.1610
0.2353, 0.1610
0.2353, 0.1583
0.2353, 0.1583
0.2353, 0.1583
0.2353, 0.1583
0.2353, 0.1583
0.2353, 0.1583
0.2353, 0.1583
0.2353, 0.1583
0.2353, 0.1583
0.2353, 0.1583
0.2353, 0.1583
0.2353, 0.1583
0.2314, 0.1583
0.2314, 0.1583
0.2314, 0.1583
0.2314, 0.1583
0.2314, 0.1557
0.2314, 0.1557
0.2314, 0.1557
0.2314, 0.1530
0.2314, 0.1530
0.2314, 0.1530
0.2314, 0.1530
0.2314, 0.1530
0.2314, 0.1530
0.2314, 0.1530
0.2314, 0.1530
0.2314, 0.1504
0.2314, 0.1504
0.2314, 0.1504
0.2314, 0.1504
0.2275, 0.1504
0.2275, 0.1504
0.2275, 0.1504
0.2275, 0.1504
0.2275, 0.1504
0.2275, 0.1504
0.2275, 0.1504
0.2275, 0.1478
0.2275, 0.1478
0.2275, 0.1478
0.2275, 0.1478
0.2275, 0.1451
0.2275, 0.1451
0.2275, 0.1451
0.2275, 0.1451
0.2275, 0.1451
0.2275, 0.1451
0.2275, 0.1451
0.2275, 0.1451
0.2275, 0.1425
0.2275, 0.1425
0.2275, 0.1425
0.2235, 0.1398
0.2235, 0.1398
0.2235, 0.1398
0.2235, 0.1398
0.2235, 0.1372
0.2235, 0.1372
0.2235, 0.1372
0.2235, 0.1372
0.2235, 0.1372
0.2235, 0.1372
0.2235, 0.1372
0.2235, 0.1372
0.2196, 0.1372
0.2196, 0.1372
0.2196, 0.1372
0.2196, 0.1346
0.2196, 0.1346
0.2196, 0.1346
0.2196, 0.1346
0.2196, 0.1346
0.2196, 0.1346
0.2196, 0.1346
0.2196, 0.1346
0.2196, 0.1319
0.2196, 0.1319
0.2196, 0.1319
0.2196, 0.1319
0.2196, 0.1319
0.2196, 0.1319
0.2196, 0.1319
0.2196, 0.1319
0.2196, 0.1319
0.2196, 0.1319
0.2196, 0.1319
0.2196, 0.1293
0.2196, 0.1293
0.2196, 0.1293
0.2196, 0.1293
0.2196, 0.1293
0.2196, 0.1293
0.2196, 0.1293
0.2196, 0.1293
0.2196, 0.1266
0.2196, 0.1266
0.2196, 0.1266
0.2157, 0.1266
0.2157, 0.1266
0.2157, 0.1266
0.2157, 0.1266
0.2157, 0.1240
0.2157, 0.1240
0.2157, 0.1240
0.2157, 0.1240
0.2157, 0.1240
0.2157, 0.1240
0.2157, 0.1240
0.2157, 0.1240
0.2157, 0.1240
0.2157, 0.1240
0.2157, 0.1240
0.2157, 0.1214
0.2157, 0.1214
0.2157, 0.1214
0.2157, 0.1214
0.2157, 0.1214
0.2157, 0.1214
0.2157, 0.1214
0.2157, 0.1214
0.2118, 0.1187
0.2118, 0.1187
0.2118, 0.1187
0.2118, 0.1187
0.2118, 0.1187
0.2118, 0.1187
0.2118, 0.1187
0.2118, 0.1187
0.2118, 0.1187
0.2118, 0.1187
0.2118, 0.1187
0.2118, 0.1187
0.2118, 0.1187
0.2118, 0.1187
0.2118, 0.1187
0.2118, 0.1161
0.2118, 0.1161
0.2118, 0.1161
0.2118, 0.1135
0.2118, 0.1135
0.2118, 0.1135
0.2118, 0.1135
0.2078, 0.1108
0.2078, 0.1108
0.2078, 0.1108
0.2078, 0.1108
0.2078, 0.1108
0.2078, 0.1108
0.2078, 0.1108
0.2078, 0.1108
0.2078, 0.1108
0.2078, 0.1108
0.2078, 0.1108
0.2078, 0.1082
0.2078, 0.1082
0.2078, 0.1082
0.2078, 0.1082
0.2078, 0.1082
0.2078, 0.1082
0.2078, 0.1082
0.2078, 0.1055
0.2078, 0.1055
0.2078, 0.1055
0.2078, 0.1055
0.2078, 0.1055
0.2078, 0.1055
0.2078, 0.1055
0.2078, 0.1055
0.2078, 0.1029
0.2078, 0.1029
0.2078, 0.1029
0.2078, 0.1029
0.2078, 0.1029
0.2078, 0.1029
0.2078, 0.1029
0.2078, 0.1003
0.2078, 0.1003
0.2078, 0.1003
0.2078, 0.1003
0.2078, 0.1003
0.2078, 0.1003
0.2078, 0.1003
0.2078, 0.0976
0.2078, 0.0976
0.2078, 0.0976
0.2078, 0.0976
0.2078, 0.0976
0.2078, 0.0976
0.2078, 0.0976
0.2078, 0.0976
0.2078, 0.0950
0.2078, 0.0950
0.2078, 0.0950
0.2078, 0.0923
0.2078, 0.0923
0.2078, 0.0923
0.2078, 0.0923
0.2078, 0.0923
0.2078, 0.0923
0.2078, 0.0923
0.2078, 0.0923
0.2078, 0.0923
0.2078, 0.0923
0.2078, 0.0923
0.2078, 0.0897
0.2078, 0.0897
0.2078, 0.0897
0.2078, 0.0897
0.2078, 0.0871
0.2078, 0.0871
0.2078, 0.0871
0.2078, 0.0871
0.2078, 0.0871
0.2078, 0.0871
0.2078, 0.0871
0.2078, 0.0844
0.2078, 0.0844
0.2078, 0.0844
0.2078, 0.0844
0.2078, 0.0844
0.2078, 0.0844
0.2078, 0.0844
0.2078, 0.0844
0.2078, 0.0818
0.2078, 0.0818
0.2078, 0.0818
0.2078, 0.0792
0.2078, 0.0792
0.2078, 0.0792
0.2078, 0.0792
0.2078, 0.0792
0.2078, 0.0792
0.2078, 0.0792
0.2078, 0.0765
0.2078, 0.0765
0.2078, 0.0765
0.2078, 0.0765
0.2078, 0.0739
0.2078, 0.0739
0.2078, 0.0739
0.2078, 0.0739
0.2078, 0.0739
0.2078, 0.0739
0.2078, 0.0739
0.2078, 0.0712
0.2078, 0.0712
0.2078, 0.0712
0.2078, 0.0712
0.2078, 0.0686
0.2078, 0.0686
0.2078, 0.0686
0.2078, 0.0660
0.2078, 0.0660
0.2078, 0.0660
0.2078, 0.0660
0.2078, 0.0660
0.2078, 0.0660
0.2078, 0.0660
0.2078, 0.0660
0.2078, 0.0660
0.2078, 0.0660
0.2078, 0.0660
0.2118, 0.0633
0.2118, 0.0633
0.2118, 0.0633
0.2118, 0.0633
0.2118, 0.0607
0.2118, 0.0607
0.2118, 0.0607
0.2118, 0.0607
0.2118, 0.0607
0.2118, 0.0607
0.2157, 0.0607
0.2157, 0.0607
0.2157, 0.0607
0.2157, 0.0607
0.2157, 0.0580
0.2157, 0.0580
0.2157, 0.0580
0.2157, 0.0554
0.2157, 0.0554
0.2157, 0.0554
0.2157, 0.0554
0.2157, 0.0528
0.2157, 0.0528
0.2157, 0.0528
0.2157, 0.0528
0.2157, 0.0528
0.2157, 0.0528
0.2157, 0.0528
0.2196, 0.0528
0.2196, 0.0528
0.2196, 0.0528
0.2196, 0.0528
0.2196, 0.0501
0.2196, 0.0501
0.2196, 0.0501
0.2196, 0.0501
0.2196, 0.0501
0.2196, 0.0501
0.2196, 0.0501
0.2235, 0.0475
0.2235, 0.0475
0.2235, 0.0475
0.2235, 0.0475
0.2235, 0.0475
0.2235, 0.0475
0.2235, 0.0475
0.2235, 0.0475
0.2235, 0.0475
0.2235, 0.0475
0.2235, 0.0475
0.2235, 0.0475
0.2235, 0.0449
0.2235, 0.0449
0.2235, 0.0449
0.2235, 0.0449
0.2235, 0.0449
0.2235, 0.0449
0.2275, 0.0422
0.2275, 0.0422
0.2275, 0.0422
0.2275, 0.0422
0.2275, 0.0422
0.2275, 0.0422
0.2275, 0.0422
0.2275, 0.0422
0.2314, 0.0396
0.2314, 0.0396
0.2314, 0.0396
0.2314, 0.0396
0.2314, 0.0396
0.2314, 0.0396
0.2314, 0.0396
0.2353, 0.0396
0.2353, 0.0396
0.2353, 0.0396
0.2353, 0.0396
0.2353, 0.0396
0.2353, 0.0396
0.2353, 0.0396
0.2353, 0.0369
0.2353, 0.0369
0.2353, 0.0369
0.2353, 0.0369
0.2353, 0.0369
0.2353, 0.0369
0.2353, 0.0369
0.2392, 0.0343
0.2392, 0.0343
0.2392, 0.0343
0.2392, 0.0343
0.2392, 0.0343
0.2392, 0.0343
0.2392, 0.0343
0.2431, 0.0343
0.2431, 0.0343
0.2431, 0.0343
0.2431, 0.0343
0.2431, 0.0343
0.2431, 0.0343
0.2431, 0.0317
0.2431, 0.0317
0.2431, 0.0317
0.2431, 0.0317
0.2431, 0.0290
0.2431, 0.0290
0.2431, 0.0290
0.2471, 0.0290
0.2471, 0.0290
0.2471, 0.0290
0.2510, 0.0264
0.2510, 0.0264
0.2510, 0.0264
0.2510, 0.0264
0.2510, 0.0264
0.2510, 0.0264
0.2510, 0.0264
0.2510, 0.0264
0.2549, 0.0264
0.2549, 0.0264
0.2549, 0.0264
0.2549, 0.0264
0.2549, 0.0264
0.2549, 0.0264
0.2549, 0.0264
0.2549, 0.0237
0.2549, 0.0237
0.2549, 0.0237
0.2588, 0.0237
0.2588, 0.0237
0.2588, 0.0237
0.2588, 0.0237
0.2627, 0.0211
0.2627, 0.0211
0.2627, 0.0211
0.2627, 0.0211
0.2627, 0.0211
0.2627, 0.0211
0.2627, 0.0211
0.2627, 0.0211
0.2627, 0.0211
0.2627, 0.0211
0.2667, 0.0211
0.2667, 0.0211
0.2667, 0.0211
0.2706, 0.0185
0.2706, 0.0185
0.2706, 0.0185
0.2706, 0.0185
0.2706, 0.0185
0.2706, 0.0185
0.2706, 0.0185
0.2706, 0.0185
0.2745, 0.0185
0.2745, 0.0185
0.2745, 0.0185
0.2745, 0.0158
0.2745, 0.0158
0.2745, 0.0158
0.2784, 0.0158
0.2784, 0.0158
0.2784, 0.0158
0.2784, 0.0158
0.2784, 0.0158
0.2784, 0.0158
0.2784, 0.0158
0.2784, 0.0158
0.2824, 0.0158
0.2824, 0.0158
0.2824, 0.0158
0.2824, 0.0158
0.2824, 0.0158
0.2824, 0.0158
0.2824, 0.0158
0.2863, 0.0158
0.2863, 0.0158
0.2863, 0.0158
0.2902, 0.0158
0.2902, 0.0158
0.2902, 0.0158
0.2941, 0.0132
0.2941, 0.0132
0.2941, 0.0132
0.2941, 0.0132
0.2941, 0.0132
0.2941, 0.0132
0.2941, 0.0132
0.2980, 0.0132
0.2980, 0.0132
0.2980, 0.0132
0.3020, 0.0106
0.3020, 0.0106
0.3020, 0.0106
0.3020, 0.0106
0.3020, 0.0106
0.3020, 0.0106
0.3020, 0.0106
0.3059, 0.0079
0.3059, 0.0079
0.3059, 0.0079
0.3059, 0.0079
0.3098, 0.0079
0.3098, 0.0079
0.3098, 0.0079
0.3137, 0.0079
0.3137, 0.0079
0.3137, 0.0079
0.3137, 0.0079
0.3137, 0.0079
0.3137, 0.0079
0.3137, 0.0079
0.3176, 0.0079
0.3176, 0.0079
0.3176, 0.0079
0.3216, 0.0079
0.3216, 0.0079
0.3216, 0.0079
0.3216, 0.0079
0.3255, 0.0053
0.3255, 0.0053
0.3255, 0.0053
0.3294, 0.0053
0.3294, 0.0053
0.3294, 0.0053
0.3333, 0.0053
0.3333, 0.0053
0.3333, 0.0053
0.3333, 0.0053
0.3333, 0.0053
0.3333, 0.0053
0.3333, 0.0053
0.3373, 0.0026
0.3373, 0.0026
0.3373, 0.0026
0.3373, 0.0026
0.3412, 0.0026
0.3412, 0.0026
0.3412, 0.0026
0.3412, 0.0026
0.3412, 0.0026
0.3412, 0.0026
0.3412, 0.0026
0.3451, 0.0026
0.3451, 0.0026
0.3451, 0.0026
0.3490, 0.0026
0.3490, 0.0026
0.3490, 0.0026
0.3529, 0.0026
0.3529, 0.0026
0.3529, 0.0026
0.3529, 0.0026
0.3529, 0.0026
0.3529, 0.0026
0.3529, 0.0026
0.3608, 0.0026
0.3608, 0.0026
0.3608, 0.0026
0.3647, 0.0000
0.3647, 0.0000
0.3647, 0.0000
0.3647, 0.0000
0.3647, 0.0000
0.3647, 0.0000
0.3647, 0.0000
0.3686, 0.0000
0.3686, 0.0000
0.3686, 0.0000
0.3725, 0.0000
0.3725, 0.0000
0.3725, 0.0000
0.3725, 0.0000
0.3725, 0.0000
0.3725, 0.0000
0.3725, 0.0000
0.3804, 0.0000
0.3804, 0.0000
0.3804, 0.0000
0.3843, 0.0000
0.3843, 0.0000
0.3843, 0.0000
0.3882, 0.0000
0.3882, 0.0000
0.3882, 0.0000
0.3922, 0.0000
0.3922, 0.0000
0.3922, 0.0000
0.3961, 0.0000
0.3961, 0.0000
0.3961, 0.0000
0.3961, 0.0000
0.4000, 0.0000
0.4000, 0.0000
0.4000, 0.0000
0.4039, 0.0000
0.4039, 0.0000
0.4039, 0.0000
0.4039, 0.0000
0.4039, 0.0000
0.4039, 0.0000
0.4039, 0.0000
0.4078, 0.0000
0.4078, 0.0000
0.4078, 0.0000
0.4118, 0.0000
0.4118, 0.0000
0.4118, 0.0000
0.4157, 0.0000
0.4157, 0.0000
0.4157, 0.0000
0.4157, 0.0000
0.4157, 0.0000
0.4157, 0.0000
0.4196, 0.0000
0.4196, 0.0000
0.4196, 0.0000
0.4235, 0.0000
0.4235, 0.0000
0.4235, 0.0000
0.4235, 0.0000
0.4275, 0.0000
0.4275, 0.0000
0.4275, 0.0000
0.4314, 0.0026
0.4314, 0.0026
0.4314, 0.0026
0.4314, 0.0026
0.4314, 0.0026
0.4314, 0.0026
0.4353, 0.0026
0.4353, 0.0026
0.4353, 0.0026
0.4353, 0.0026
0.4353, 0.0026
0.4353, 0.0026
0.4353, 0.0026
0.4392, 0.0026
0.4392, 0.0026
0.4392, 0.0026
0.4392, 0.0026
0.4392, 0.0026
0.4392, 0.0026
0.4392, 0.0026
0.4431, 0.0026
0.4431, 0.0026
0.4431, 0.0026
0.4471, 0.0026
0.4471, 0.0026
0.4471, 0.0026
0.4471, 0.0026
0.4471, 0.0053
0.4471, 0.0053
0.4471, 0.0053
0.4549, 0.0053
0.4549, 0.0053
0.4549, 0.0053
0.4549, 0.0053
0.4549, 0.0053
0.4549, 0.0053
0.4588, 0.0053
0.4588, 0.0053
0.4588, 0.0053
0.4627, 0.0053
0.4627, 0.0053
0.4627, 0.0053
0.4627, 0.0053
0.4667, 0.0053
0.4667, 0.0053
0.4667, 0.0053
0.4667, 0.0053
0.4667, 0.0053
0.4667, 0.0053
0.4706, 0.0053
0.4706, 0.0053
0.4706, 0.0053
0.4706, 0.0053
0.4706, 0.0053
0.4706, 0.0053
0.4706, 0.0053
0.4745, 0.0053
0.4745, 0.0053
0.4745, 0.0053
0.4745, 0.0053
0.4745, 0.0053
0.4745, 0.0053
0.4745, 0.0053
0.4784, 0.0053
0.4784, 0.0053
0.4784, 0.0053
0.4784, 0.0053
0.4824, 0.0053
0.4824, 0.0053
0.4824, 0.0053
0.4863, 0.0053
0.4863, 0.0053
0.4863, 0.0053
0.4863, 0.0053
0.4863, 0.0053
0.4863, 0.0053
0.4902, 0.0053
0.4902, 0.0053
0.4902, 0.0053
0.4941, 0.0053
0.4941, 0.0053
0.4941, 0.0053
0.4980, 0.0053
0.4980, 0.0053
0.4980, 0.0053
0.4980, 0.0053
0.5020, 0.0079
0.5020, 0.0079
0.5020, 0.0079
0.5059, 0.0079
0.5059, 0.0079
0.5059, 0.0079
0.5059, 0.0079
0.5059, 0.0079
0.5059, 0.0079
0.5059, 0.0079
0.5059, 0.0079
0.5059, 0.0079
0.5059, 0.0079
0.5098, 0.0079
0.5098, 0.0079
0.5098, 0.0079
0.5137, 0.0079
0.5137, 0.0079
0.5137, 0.0079
0.5137, 0.0106
0.5137, 0.0106
0.5137, 0.0106
0.5176, 0.0106
0.5176, 0.0106
0.5176, 0.0106
0.5216, 0.0106
0.5216, 0.0106
0.5216, 0.0106
0.5255, 0.0106
0.5255, 0.0106
0.5255, 0.0106
0.5255, 0.0106
0.5255, 0.0106
0.5255, 0.0106
0.5255, 0.0106
0.5294, 0.0106
0.5294, 0.0106
0.5294, 0.0106
0.5333, 0.0132
0.5333, 0.0132
0.5333, 0.0132
0.5333, 0.0132
0.5333, 0.0132
0.5333, 0.0132
0.5333, 0.0132
0.5373, 0.0132
0.5373, 0.0132
0.5373, 0.0132
0.5412, 0.0132
0.5412, 0.0132
0.5412, 0.0132
0.5451, 0.0158
0.5451, 0.0158
0.5451, 0.0158
0.5451, 0.0158
0.5451, 0.0158
0.5451, 0.0158
0.5451, 0.0158
0.5490, 0.0158
0.5490, 0.0158
0.5490, 0.0158
0.5529, 0.0158
0.5529, 0.0158
0.5529, 0.0158
0.5529, 0.0185
0.5529, 0.0185
0.5569, 0.0185
0.5569, 0.0185
0.5569, 0.0185
0.5608, 0.0185
0.5608, 0.0185
0.5608, 0.0185
0.5647, 0.0185
0.5647, 0.0185
0.5647, 0.0185
0.5647, 0.0185
0.5647, 0.0185
0.5647, 0.0185
0.5647, 0.0185
0.5686, 0.0185
0.5686, 0.0185
0.5686, 0.0185
0.5725, 0.0185
0.5725, 0.0185
0.5725, 0.0185
0.5725, 0.0211
0.5725, 0.0211
0.5725, 0.0211
0.5765, 0.0211
0.5765, 0.0211
0.5765, 0.0211
0.5765, 0.0211
0.5804, 0.0211
0.5804, 0.0211
0.5804, 0.0211
0.5843, 0.0211
0.5843, 0.0211
0.5843, 0.0211
0.5843, 0.0237
0.5843, 0.0237
0.5843, 0.0237
0.5882, 0.0237
0.5882, 0.0237
0.5882, 0.0237
0.5922, 0.0237
0.5922, 0.0237
0.5922, 0.0237
0.5922, 0.0237
0.5922, 0.0237
0.5922, 0.0237
0.5961, 0.0237
0.5961, 0.0237
0.5961, 0.0237
0.6000, 0.0237
0.6000, 0.0237
0.6000, 0.0237
0.6039, 0.0237
0.6039, 0.0237
0.6039, 0.0237
0.6039, 0.0237
0.6039, 0.0237
0.6039, 0.0237
0.6078, 0.0264
0.6078, 0.0264
0.6078, 0.0264
0.6118, 0.0264
0.6118, 0.0264
0.6118, 0.0264
0.6118, 0.0264
0.6118, 0.0264
0.6118, 0.0264
0.6118, 0.0264
0.6157, 0.0264
0.6157, 0.0264
0.6157, 0.0264
0.6196, 0.0290
0.6196, 0.0290
0.6196, 0.0290
0.6196, 0.0290
0.6196, 0.0290
0.6196, 0.0290
0.6196, 0.0290
0.6235, 0.0290
0.6235, 0.0290
0.6275, 0.0290
0.6275, 0.0290
0.6275, 0.0290
0.6275, 0.0290
0.6275, 0.0290
0.6275, 0.0290
0.6275, 0.0290
0.6314, 0.0317
0.6314, 0.0317
0.6314, 0.0317
0.6314, 0.0317
0.6314, 0.0317
0.6314, 0.0317
0.6314, 0.0317
0.6353, 0.0317
0.6353, 0.0317
0.6353, 0.0317
0.6392, 0.0317
0.6392, 0.0317
0.6392, 0.0317
0.6392, 0.0317
0.6392, 0.0317
0.6392, 0.0317
0.6392, 0.0317
0.6392, 0.0317
0.6392, 0.0317
0.6392, 0.0317
0.6431, 0.0317
0.6431, 0.0317
0.6431, 0.0317
0.6471, 0.0317
0.6471, 0.0317
0.6471, 0.0317
0.6510, 0.0317
0.6510, 0.0317
0.6510, 0.0317
0.6510, 0.0317
0.6510, 0.0317
0.6510, 0.0317
0.6510, 0.0317
0.6549, 0.0317
0.6549, 0.0317
0.6549, 0.0317
0.6627, 0.0343
0.6627, 0.0343
0.6627, 0.0343
0.6627, 0.0343
0.6627, 0.0343
0.6627, 0.0343
0.6667, 0.0343
0.6667, 0.0343
0.6667, 0.0343
0.6706, 0.0369
0.6706, 0.0369
0.6706, 0.0369
0.6706, 0.0369
0.6706, 0.0369
0.6745, 0.0369
0.6745, 0.0369
0.6784, 0.0369
0.6784, 0.0369
0.6784, 0.0369
0.6784, 0.0369
0.6784, 0.0369
0.6824, 0.0369
0.6824, 0.0369
0.6824, 0.0369
0.6824, 0.0369
0.6824, 0.0369
0.6824, 0.0369
0.6863, 0.0396
0.6863, 0.0396
0.6902, 0.0396
0.6902, 0.0396
0.6902, 0.0396
0.6902, 0.0396
0.6902, 0.0396
0.6941, 0.0396
0.6941, 0.0396
0.6980, 0.0396
0.6980, 0.0396
0.6980, 0.0396
0.6980, 0.0396
0.6980, 0.0396
0.7020, 0.0396
0.7020, 0.0396
0.7020, 0.0422
0.7020, 0.0422
0.7020, 0.0422
0.7020, 0.0422
0.7020, 0.0422
0.7059, 0.0422
0.7059, 0.0422
0.7059, 0.0422
0.7059, 0.0422
0.7059, 0.0422
0.7059, 0.0422
0.7098, 0.0422
0.7098, 0.0422
0.7098, 0.0422
0.7098, 0.0422
0.7098, 0.0422
0.7098, 0.0422
0.7098, 0.0422
0.7137, 0.0449
0.7137, 0.0449
0.7137, 0.0449
0.7137, 0.0449
0.7137, 0.0449
0.7176, 0.0449
0.7176, 0.0449
0.7216, 0.0449
0.7216, 0.0449
0.7216, 0.0449
0.7216, 0.0449
0.7216, 0.0449
0.7216, 0.0449
0.7216, 0.0449
0.7216, 0.0449
0.7255, 0.0449
0.7255, 0.0449
0.7255, 0.0449
0.7294, 0.0449
0.7294, 0.0449
0.7333, 0.0449
0.7333, 0.0449
0.7333, 0.0449
0.7373, 0.0449
0.7373, 0.0449
0.7412, 0.0475
0.7412, 0.0475
0.7412, 0.0475
0.7412, 0.0475
0.7412, 0.0475
0.7451, 0.0475
0.7451, 0.0475
0.7490, 0.0475
0.7490, 0.0475
0.7490, 0.0475
0.7490, 0.0475
0.7490, 0.0475
0.7569, 0.0475
0.7569, 0.0475
0.7608, 0.0475
0.7608, 0.0475
0.7608, 0.0475
0.7608, 0.0475
0.7608, 0.0475
0.7686, 0.0475
0.7686, 0.0475
0.7686, 0.0475
0.7725, 0.0475
0.7725, 0.0475
0.7725, 0.0475
0.7725, 0.0475
0.7725, 0.0475
0.7725, 0.0475
0.7725, 0.0475
0.7725, 0.0475
0.7765, 0.0475
0.7765, 0.0475
0.7804, 0.0475
0.7804, 0.0475
0.7804, 0.0475
0.7804, 0.0475
0.7804, 0.0475
0.7804, 0.0475
0.7804, 0.0475
0.7804, 0.0475
0.7882, 0.0475
0.7882, 0.0475
0.7922, 0.0475
0.7922, 0.0475
0.7922, 0.0475
0.7922, 0.0475
0.7922, 0.0475
0.7961, 0.0475
0.7961, 0.0475
0.7961, 0.0475
0.8039, 0.0475
0.8039, 0.0475
0.8039, 0.0475
0.8039, 0.0475
0.8039, 0.0475
0.8078, 0.0475
0.8078, 0.0475
0.8118, 0.0475
0.8118, 0.0475
0.8118, 0.0475
0.8157, 0.0475
0.8157, 0.0475
0.8196, 0.0475
0.8196, 0.0475
0.8235, 0.0475
0.8235, 0.0475
0.8235, 0.0475
0.8235, 0.0475
0.8235, 0.0475
0.8275, 0.0475
0.8275, 0.0475
0.8275, 0.0475
0.8314, 0.0475
0.8314, 0.0475
0.8353, 0.0475
0.8353, 0.0475
0.8353, 0.0475
0.8353, 0.0475
0.8353, 0.0475
0.8392, 0.0475
0.8392, 0.0475
0.8431, 0.0475
0.8431, 0.0475
0.8431, 0.0475
0.8471, 0.0475
0.8471, 0.0475
0.8510, 0.0475
0.8510, 0.0475
0.8549, 0.0475
0.8549, 0.0475
0.8549, 0.0475
0.8549, 0.0449
0.8549, 0.0449
0.8588, 0.0449
0.8588, 0.0449
0.8627, 0.0449
0.8627, 0.0449
0.8627, 0.0449
0.8627, 0.0422
0.8627, 0.0422
0.8706, 0.0422
0.8706, 0.0422
0.8745, 0.0396
0.8745, 0.0396
0.8745, 0.0396
0.8784, 0.0396
0.8784, 0.0396
0.8824, 0.0396
0.8824, 0.0396
0.8863, 0.0396
0.8863, 0.0396
0.8863, 0.0396
0.8902, 0.0369
0.8902, 0.0369
0.8941, 0.0343
0.8941, 0.0343
0.8980, 0.0343
0.8980, 0.0343
0.8980, 0.0343
0.8980, 0.0343
0.8980, 0.0343
0.9020, 0.0317
0.9020, 0.0317
0.9020, 0.0317
0.9098, 0.0290
0.9098, 0.0290
0.9098, 0.0264
0.9098, 0.0264
0.9098, 0.0264
0.9137, 0.0264
0.9137, 0.0264
0.9176, 0.0264
0.9176, 0.0264
0.9255, 0.0237
0.9255, 0.0237
0.9255, 0.0237
0.9294, 0.0237
0.9294, 0.0237
0.9373, 0.0211
0.9373, 0.0211
0.9451, 0.0185
0.9451, 0.0185
0.9529, 0.0158
0.9529, 0.0158
0.9529, 0.0158
0.9569, 0.0158
0.9569, 0.0158
0.9647, 0.0132
0.9647, 0.0132
0.9686, 0.0132
0.9686, 0.0132
0.9686, 0.0132
0.9686, 0.0132
0.9686, 0.0132
0.9686, 0.0132
0.9686, 0.0132
0.9686, 0.0132
0.9686, 0.0132
0.9686, 0.0132
0.9686, 0.0132
0.9686, 0.0132
0.9686, 0.0132
0.9686, 0.0132
0.9686, 0.0132
0.9686, 0.0132
0.9686, 0.0132
0.9686, 0.0132
0.9686, 0.0132
0.9686, 0.0132
0.9686, 0.0132
0.9686, 0.0132
0.9686, 0.0132
0.9686, 0.0132
0.9686, 0.0132
0.9686, 0.0132
0.9686, 0.0132
0.9686, 0.0132
0.9686, 0.0132
0.9686, 0.0132
0.9686, 0.0132
0.9686, 0.0132
0.9686, 0.0132
0.9686, 0.0132
0.9686, 0.0132
0.9686, 0.0132
0.9686, 0.0132
0.9686, 0.0132
0.9725, 0.0132
0.9725, 0.0132
0.9725, 0.0132
0.9725, 0.0132
0.9725, 0.0132
0.9765, 0.0106
0.9765, 0.0106
0.9804, 0.0106
0.9804, 0.0106
0.9804, 0.0106
0.9804, 0.0106
0.9804, 0.0106
0.9804, 0.0106
0.9804, 0.0106
0.9804, 0.0106
0.9804, 0.0106
0.9804, 0.0106
0.9804, 0.0106
0.9804, 0.0106
0.9804, 0.0106
0.9804, 0.0106
0.9804, 0.0106
0.9804, 0.0106
0.9804, 0.0106
0.9804, 0.0106
0.9804, 0.0106
0.9804, 0.0106
0.9804, 0.0106
0.9804, 0.0079
0.9804, 0.0079
0.9804, 0.0079
0.9804, 0.0079
0.9804, 0.0079
0.9843, 0.0079
0.9843, 0.0079
0.9922, 0.0053
0.9922, 0.0053
0.9922, 0.0053
0.9922, 0.0053
0.9922, 0.0053
0.9961, 0.0053
0.9961, 0.0053
0.9961, 0.0053
0.9961, 0.0053
0.9961, 0.0053
1.0000, 0.0053
1.0000, 0.0053
1.0000, 0.0053
1.0000, 0.0053
1.0000, 0.0053
1.0000, 0.0053
1.0000, 0.0053
1.0000, 0.0053
1.0000, 0.0053
1.0000, 0.0053
1.0000, 0.0053
1.0000, 0.0053
1.0000, 0.0053
1.0000, 0.0053
1.0000, 0.0053
1.0000, 0.0053
1.0000, 0.0053
1.0000, 0.0053
1.0000, 0.0053
1.0000, 0.0053
1.0000, 0.0053
1.0000, 0.0053
1.0000, 0.0053
1.0000, 0.0053
1.0000, 0.0053
1.0000, 0.0053
1.0000, 0.0053
1.0000, 0.0053
1.0000, 0.0053
1.0000, 0.0053
1.0000, 0.0053
1.0000, 0.0053
1.0000, 0.0053
1.0000, 0.0053
1.0000, 0.0053
1.0000, 0.0053
1.0000, 0.0053
1.0000, 0.0053
0.0000, 1.0000
0.0000, 1.0000
0.0000, 1.0000
0.0000, 1.0000
0.0000, 1.0000
0.0000, 1.0000
0.0000, 1.0000
0.0000, 1.0000
0.0000, 1.0000
0.0000, 1.0000
0.0000, 1.0000
0.0000, 1.0000
0.0000, 1.0000
0.0000, 1.0000
0.0000, 1.0000
0.0000, 1.0000
0.0000, 1.0000
0.0000, 1.0000
0.0000, 1.0000
0.0000, 1.0000
0.0000, 1.0000
0.0000, 1.0000
0.0000, 1.0000
0.0000, 1.0000
0.0000, 1.0000
0.0000, 1.0000
0.0000, 1.0000
0.0000, 1.0000
0.0000, 1.0000
0.0000, 1.0000
0.0000, 1.0000
0.0000, 1.0000
0.0000, 1.0000
0.0000, 1.0000
0.0000, 1.0000
0.0000, 1.0000
0.0000, 1.0000
0.0000, 1.0000
0.0000, 1.0000
0.0000, 1.0000
0.0000, 1.0000
