0.1299, 0.2735
0.1299, 0.2735
0.1299, 0.2735
0.1299, 0.2735
0.1299, 0.2735
0.1299, 0.2735
0.1299, 0.2735
0.1299, 0.2735
0.1299, 0.2735
0.1299, 0.2735
0.1299, 0.2735
0.1299, 0.2735
0.1299, 0.2735
0.1299, 0.2735
0.1299, 0.2735
0.1299, 0.2735
0.1299, 0.2735
0.1299, 0.2735
0.1299, 0.2735
0.1299, 0.2735
0.1299, 0.2735
0.1299, 0.2735
0.1299, 0.2735
0.1299, 0.2735
0.1299, 0.2735
0.1299, 0.2735
0.1299, 0.2735
0.1299, 0.2735
0.1299, 0.2735
0.1299, 0.2735
0.1299, 0.2735
0.1299, 0.2735
0.1299, 0.2735
0.1299, 0.2735
0.1299, 0.2735
0.1299, 0.2735
0.1299, 0.2735
0.1299, 0.2735
0.1299, 0.2735
0.1299, 0.2735
0.1299, 0.2735
0.1299, 0.2735
0.1299, 0.2735
0.1299, 0.2735
0.1299, 0.2735
0.1299, 0.2735
0.1299, 0.2735
0.1299, 0.2735
0.1299, 0.2735
0.1299, 0.2735
0.1299, 0.2735
0.1299, 0.2735
0.1299, 0.2735
0.1299, 0.2735
0.1299, 0.2735
0.1299, 0.2735
0.1299, 0.2735
0.1299, 0.2735
0.1299, 0.2735
0.1299, 0.2735
0.1299, 0.2735
0.1299, 0.2735
0.1299, 0.2735
0.1299, 0.2735
0.1299, 0.2735
0.1299, 0.2735
0.1299, 0.2735
0.1299, 0.2735
0.1299, 0.2735
0.1299, 0.2735
0.1299, 0.2735
0.1299, 0.2735
0.1299, 0.2735
0.1299, 0.2735
0.1299, 0.2735
0.1299, 0.2735
0.1299, 0.2735
0.1299, 0.2735
0.1299, 0.2735
0.1299, 0.2735
0.1299, 0.2735
0.1339, 0.2735
0.1339, 0.2735
0.1339, 0.2735
0.1339, 0.2735
0.1339, 0.2735
0.1339, 0.2735
0.1339, 0.2735
0.1339, 0.2735
0.1339, 0.2735
0.1378, 0.2735
0.1378, 0.2735
0.1378, 0.2735
0.1378, 0.2735
0.1378, 0.2708
0.1378, 0.2708
0.1378, 0.2708
0.1378, 0.2708
0.1417, 0.2708
0.1417, 0.2708
0.1417, 0.2708
0.1417, 0.2708
0.1417, 0.2708
0.1417, 0.2708
0.1417, 0.2708
0.1417, 0.2708
0.1417, 0.2708
0.1496, 0.2681
0.1496, 0.2681
0.1496, 0.2681
0.1496, 0.2681
0.1496, 0.2681
0.1496, 0.2681
0.1496, 0.2681
0.1496, 0.2681
0.1496, 0.2681
0.1535, 0.2654
0.1535, 0.2654
0.1535, 0.2654
0.1535, 0.2654
0.1535, 0.2627
0.1535, 0.2627
0.1535, 0.2627
0.1535, 0.2627
0.1575, 0.2627
0.1575, 0.2627
0.1575, 0.2627
0.1575, 0.2627
0.1614, 0.2627
0.1614, 0.2627
0.1614, 0.2627
0.1614, 0.2627
0.1614, 0.2601
0.1614, 0.2601
0.1614, 0.2601
0.1614, 0.2601
0.1654, 0.2601
0.1654, 0.2601
0.1654, 0.2601
0.1654, 0.2601
0.1693, 0.2574
0.1693, 0.2574
0.1693, 0.2574
0.1693, 0.2574
0.1732, 0.2547
0.1732, 0.2547
0.1732, 0.2547
0.1732, 0.2547
0.1732, 0.2547
0.1732, 0.2547
0.1732, 0.2547
0.1732, 0.2547
0.1732, 0.2547
0.1772, 0.2547
0.1772, 0.2547
0.1772, 0.2547
0.1772, 0.2547
0.1811, 0.2547
0.1811, 0.2547
0.1811, 0.2547
0.1811, 0.2547
0.1811, 0.2520
0.1811, 0.2520
0.1811, 0.2520
0.1811, 0.2520
0.1890, 0.2493
0.1890, 0.2493
0.1890, 0.2493
0.1890, 0.2493
0.1929, 0.2493
0.1929, 0.2493
0.1929, 0.2493
0.1929, 0.2493
0.1929, 0.2493
0.1929, 0.2493
0.1929, 0.2493
0.1929, 0.2493
0.1969, 0.2493
0.1969, 0.2493
0.1969, 0.2493
0.1969, 0.2493
0.1969, 0.2493
0.1969, 0.2493
0.1969, 0.2493
0.1969, 0.2493
0.1969, 0.2493
0.2008, 0.2493
0.2008, 0.2493
0.2008, 0.2493
0.2008, 0.2493
0.2047, 0.2466
0.2047, 0.2466
0.2047, 0.2466
0.2047, 0.2466
0.2047, 0.2466
0.2047, 0.2466
0.2047, 0.2466
0.2047, 0.2466
0.2047, 0.2466
0.2087, 0.2440
0.2087, 0.2440
0.2087, 0.2440
0.2087, 0.2440
0.2126, 0.2440
0.2126, 0.2440
0.2126, 0.2440
0.2126, 0.2440
0.2126, 0.2413
0.2126, 0.2413
0.2126, 0.2413
0.2126, 0.2413
0.2165, 0.2413
0.2165, 0.2413
0.2165, 0.2413
0.2165, 0.2413
0.2205, 0.2413
0.2205, 0.2413
0.2205, 0.2413
0.2205, 0.2413
0.2244, 0.2413
0.2244, 0.2413
0.2244, 0.2413
0.2244, 0.2413
0.2244, 0.2386
0.2244, 0.2386
0.2244, 0.2386
0.2244, 0.2386
0.2283, 0.2386
0.2283, 0.2386
0.2283, 0.2386
0.2283, 0.2386
0.2323, 0.2386
0.2323, 0.2386
0.2323, 0.2386
0.2323, 0.2386
0.2323, 0.2359
0.2323, 0.2359
0.2323, 0.2359
0.2323, 0.2359
0.2362, 0.2359
0.2362, 0.2359
0.2362, 0.2359
0.2441, 0.2359
0.2441, 0.2359
0.2441, 0.2359
0.2441, 0.2359
0.2441, 0.2359
0.2441, 0.2359
0.2441, 0.2359
0.2441, 0.2359
0.2441, 0.2359
0.2480, 0.2359
0.2480, 0.2359
0.2480, 0.2359
0.2480, 0.2359
0.2520, 0.2359
0.2520, 0.2359
0.2520, 0.2359
0.2520, 0.2359
0.2520, 0.2332
0.2520, 0.2332
0.2520, 0.2332
0.2520, 0.2332
0.2559, 0.2332
0.2559, 0.2332
0.2559, 0.2332
0.2559, 0.2332
0.2559, 0.2332
0.2559, 0.2332
0.2559, 0.2332
0.2559, 0.2332
0.2598, 0.2332
0.2598, 0.2332
0.2598, 0.2332
0.2598, 0.2332
0.2598, 0.2332
0.2598, 0.2332
0.2598, 0.2332
0.2598, 0.2332
0.2598, 0.2332
0.2638, 0.2332
0.2638, 0.2332
0.2638, 0.2332
0.2638, 0.2332
0.2638, 0.2306
0.2638, 0.2306
0.2638, 0.2306
0.2638, 0.2306
0.2638, 0.2306
0.2638, 0.2306
0.2638, 0.2306
0.2638, 0.2306
0.2677, 0.2306
0.2677, 0.2306
0.2677, 0.2306
0.2677, 0.2306
0.2717, 0.2306
0.2717, 0.2306
0.2717, 0.2306
0.2717, 0.2306
0.2717, 0.2306
0.2717, 0.2306
0.2717, 0.2306
0.2717, 0.2306
0.2756, 0.2279
0.2756, 0.2279
0.2756, 0.2279
0.2756, 0.2279
0.2795, 0.2279
0.2795, 0.2279
0.2795, 0.2279
0.2795, 0.2279
0.2835, 0.2279
0.2835, 0.2279
0.2835, 0.2279
0.2835, 0.2279
0.2835, 0.2279
0.2835, 0.2279
0.2835, 0.2279
0.2835, 0.2279
0.2874, 0.2279
0.2874, 0.2279
0.2874, 0.2279
0.2913, 0.2279
0.2913, 0.2279
0.2913, 0.2279
0.2913, 0.2279
0.2913, 0.2279
0.2913, 0.2279
0.2913, 0.2279
0.2913, 0.2279
0.2913, 0.2279
0.2913, 0.2279
0.2913, 0.2279
0.2913, 0.2279
0.2913, 0.2279
0.2992, 0.2279
0.2992, 0.2279
0.2992, 0.2279
0.2992, 0.2279
0.2992, 0.2279
0.2992, 0.2279
0.2992, 0.2279
0.2992, 0.2279
0.3031, 0.2279
0.3031, 0.2279
0.3031, 0.2279
0.3031, 0.2279
0.3031, 0.2279
0.3031, 0.2279
0.3031, 0.2279
0.3071, 0.2279
0.3071, 0.2279
0.3071, 0.2279
0.3071, 0.2279
0.3110, 0.2279
0.3110, 0.2279
0.3110, 0.2279
0.3110, 0.2279
0.3110, 0.2279
0.3110, 0.2279
0.3110, 0.2279
0.3110, 0.2279
0.3110, 0.2279
0.3110, 0.2279
0.3110, 0.2279
0.3110, 0.2279
0.3150, 0.2279
0.3150, 0.2279
0.3150, 0.2279
0.3150, 0.2279
0.3189, 0.2279
0.3189, 0.2279
0.3189, 0.2279
0.3189, 0.2279
0.3228, 0.2279
0.3228, 0.2279
0.3228, 0.2279
0.3228, 0.2279
0.3228, 0.2279
0.3228, 0.2279
0.3228, 0.2279
0.3228, 0.2279
0.3268, 0.2279
0.3268, 0.2279
0.3268, 0.2279
0.3268, 0.2279
0.3268, 0.2279
0.3268, 0.2279
0.3268, 0.2279
0.3268, 0.2279
0.3307, 0.2279
0.3307, 0.2279
0.3307, 0.2279
0.3307, 0.2279
0.3307, 0.2279
0.3307, 0.2279
0.3307, 0.2279
0.3307, 0.2279
0.3346, 0.2279
0.3346, 0.2279
0.3346, 0.2279
0.3346, 0.2279
0.3386, 0.2279
0.3386, 0.2279
0.3386, 0.2279
0.3386, 0.2279
0.3425, 0.2279
0.3425, 0.2279
0.3425, 0.2279
0.3425, 0.2279
0.3425, 0.2279
0.3425, 0.2279
0.3425, 0.2279
0.3425, 0.2279
0.3465, 0.2279
0.3465, 0.2279
0.3465, 0.2279
0.3465, 0.2279
0.3504, 0.2279
0.3504, 0.2279
0.3504, 0.2279
0.3504, 0.2279
0.3504, 0.2279
0.3504, 0.2279
0.3504, 0.2279
0.3543, 0.2279
0.3543, 0.2279
0.3543, 0.2279
0.3583, 0.2279
0.3583, 0.2279
0.3583, 0.2279
0.3583, 0.2279
0.3622, 0.2279
0.3622, 0.2279
0.3622, 0.2279
0.3622, 0.2279
0.3622, 0.2279
0.3622, 0.2279
0.3622, 0.2279
0.3622, 0.2279
0.3622, 0.2279
0.3622, 0.2279
0.3622, 0.2279
0.3622, 0.2279
0.3661, 0.2279
0.3661, 0.2279
0.3661, 0.2279
0.3661, 0.2279
0.3701, 0.2279
0.3701, 0.2279
0.3701, 0.2279
0.3701, 0.2279
0.3701, 0.2279
0.3701, 0.2279
0.3701, 0.2279
0.3701, 0.2279
0.3740, 0.2279
0.3740, 0.2279
0.3740, 0.2279
0.3780, 0.2279
0.3780, 0.2279
0.3780, 0.2279
0.3780, 0.2279
0.3819, 0.2279
0.3819, 0.2279
0.3819, 0.2279
0.3819, 0.2279
0.3819, 0.2279
0.3819, 0.2279
0.3819, 0.2279
0.3819, 0.2279
0.3858, 0.2279
0.3858, 0.2279
0.3858, 0.2279
0.3898, 0.2279
0.3898, 0.2279
0.3898, 0.2279
0.3898, 0.2279
0.3898, 0.2279
0.3898, 0.2279
0.3898, 0.2279
0.3898, 0.2279
0.3976, 0.2279
0.3976, 0.2279
0.3976, 0.2279
0.3976, 0.2279
0.4016, 0.2279
0.4016, 0.2279
0.4016, 0.2279
0.4016, 0.2279
0.4016, 0.2279
0.4016, 0.2279
0.4016, 0.2279
0.4055, 0.2279
0.4055, 0.2279
0.4055, 0.2279
0.4055, 0.2279
0.4094, 0.2279
0.4094, 0.2279
0.4094, 0.2279
0.4094, 0.2279
0.4134, 0.2279
0.4134, 0.2279
0.4134, 0.2279
0.4173, 0.2279
0.4173, 0.2279
0.4173, 0.2279
0.4173, 0.2279
0.4213, 0.2279
0.4213, 0.2279
0.4213, 0.2279
0.4213, 0.2279
0.4213, 0.2279
0.4213, 0.2279
0.4213, 0.2279
0.4213, 0.2279
0.4252, 0.2279
0.4252, 0.2279
0.4252, 0.2279
0.4291, 0.2279
0.4291, 0.2279
0.4291, 0.2279
0.4291, 0.2279
0.4331, 0.2306
0.4331, 0.2306
0.4331, 0.2306
0.4331, 0.2306
0.4331, 0.2306
0.4331, 0.2306
0.4331, 0.2306
0.4370, 0.2306
0.4370, 0.2306
0.4370, 0.2306
0.4370, 0.2306
0.4409, 0.2306
0.4409, 0.2306
0.4409, 0.2306
0.4409, 0.2306
0.4409, 0.2306
0.4409, 0.2306
0.4409, 0.2306
0.4409, 0.2306
0.4449, 0.2332
0.4449, 0.2332
0.4449, 0.2332
0.4528, 0.2332
0.4528, 0.2332
0.4528, 0.2332
0.4528, 0.2332
0.4528, 0.2332
0.4528, 0.2332
0.4528, 0.2332
0.4528, 0.2332
0.4567, 0.2332
0.4567, 0.2332
0.4567, 0.2332
0.4567, 0.2332
0.4606, 0.2332
0.4606, 0.2332
0.4606, 0.2332
0.4606, 0.2332
0.4606, 0.2332
0.4606, 0.2332
0.4606, 0.2332
0.4685, 0.2332
0.4685, 0.2332
0.4685, 0.2332
0.4685, 0.2332
0.4724, 0.2332
0.4724, 0.2332
0.4724, 0.2332
0.4724, 0.2332
0.4724, 0.2332
0.4724, 0.2332
0.4724, 0.2332
0.4724, 0.2332
0.4764, 0.2332
0.4764, 0.2332
0.4764, 0.2332
0.4803, 0.2359
0.4803, 0.2359
0.4803, 0.2359
0.4803, 0.2359
0.4843, 0.2359
0.4843, 0.2359
0.4843, 0.2359
0.4843, 0.2359
0.4843, 0.2359
0.4843, 0.2359
0.4843, 0.2359
0.4882, 0.2359
0.4882, 0.2359
0.4882, 0.2359
0.4882, 0.2359
0.4882, 0.2386
0.4882, 0.2386
0.4882, 0.2386
0.4921, 0.2386
0.4921, 0.2386
0.4921, 0.2386
0.4921, 0.2386
0.4921, 0.2386
0.4921, 0.2386
0.4921, 0.2386
0.4921, 0.2386
0.4961, 0.2386
0.4961, 0.2386
0.4961, 0.2386
0.5000, 0.2386
0.5000, 0.2386
0.5000, 0.2386
0.5039, 0.2413
0.5039, 0.2413
0.5039, 0.2413
0.5039, 0.2413
0.5079, 0.2413
0.5079, 0.2413
0.5079, 0.2413
0.5118, 0.2440
0.5118, 0.2440
0.5118, 0.2440
0.5118, 0.2440
0.5157, 0.2440
0.5157, 0.2440
0.5157, 0.2440
0.5157, 0.2440
0.5157, 0.2440
0.5157, 0.2440
0.5157, 0.2440
0.5197, 0.2466
0.5197, 0.2466
0.5197, 0.2466
0.5197, 0.2466
0.5236, 0.2466
0.5236, 0.2466
0.5236, 0.2466
0.5236, 0.2466
0.5236, 0.2466
0.5236, 0.2466
0.5236, 0.2466
0.5236, 0.2466
0.5236, 0.2466
0.5236, 0.2466
0.5236, 0.2466
0.5276, 0.2466
0.5276, 0.2466
0.5276, 0.2466
0.5276, 0.2466
0.5315, 0.2466
0.5315, 0.2466
0.5315, 0.2466
0.5315, 0.2466
0.5315, 0.2466
0.5315, 0.2466
0.5315, 0.2466
0.5354, 0.2493
0.5354, 0.2493
0.5354, 0.2493
0.5394, 0.2493
0.5394, 0.2493
0.5394, 0.2493
0.5394, 0.2493
0.5433, 0.2493
0.5433, 0.2493
0.5433, 0.2493
0.5433, 0.2520
0.5433, 0.2520
0.5433, 0.2520
0.5433, 0.2520
0.5433, 0.2520
0.5433, 0.2520
0.5433, 0.2520
0.5433, 0.2520
0.5472, 0.2520
0.5472, 0.2520
0.5472, 0.2520
0.5512, 0.2547
0.5512, 0.2547
0.5512, 0.2547
0.5512, 0.2547
0.5551, 0.2547
0.5551, 0.2547
0.5551, 0.2547
0.5591, 0.2547
0.5591, 0.2547
0.5591, 0.2547
0.5591, 0.2547
0.5630, 0.2547
0.5630, 0.2547
0.5630, 0.2547
0.5630, 0.2547
0.5630, 0.2547
0.5630, 0.2547
0.5630, 0.2547
0.5669, 0.2547
0.5669, 0.2547
0.5669, 0.2547
0.5669, 0.2547
0.5709, 0.2547
0.5709, 0.2547
0.5709, 0.2547
0.5748, 0.2574
0.5748, 0.2574
0.5748, 0.2574
0.5748, 0.2574
0.5748, 0.2574
0.5748, 0.2574
0.5748, 0.2574
0.5787, 0.2574
0.5787, 0.2574
0.5787, 0.2574
0.5787, 0.2574
0.5827, 0.2574
0.5827, 0.2574
0.5827, 0.2574
0.5866, 0.2574
0.5866, 0.2574
0.5866, 0.2574
0.5866, 0.2574
0.5906, 0.2574
0.5906, 0.2574
0.5906, 0.2574
0.5945, 0.2574
0.5945, 0.2574
0.5945, 0.2574
0.5945, 0.2574
0.5945, 0.2601
0.5945, 0.2601
0.5945, 0.2601
0.5984, 0.2601
0.5984, 0.2601
0.5984, 0.2601
0.5984, 0.2601
0.6063, 0.2601
0.6063, 0.2601
0.6063, 0.2601
0.6063, 0.2601
0.6063, 0.2601
0.6063, 0.2601
0.6063, 0.2601
0.6063, 0.2601
0.6142, 0.2601
0.6142, 0.2601
0.6142, 0.2601
0.6142, 0.2601
0.6142, 0.2601
0.6142, 0.2601
0.6181, 0.2601
0.6181, 0.2601
0.6181, 0.2601
0.6181, 0.2601
0.6260, 0.2601
0.6260, 0.2601
0.6260, 0.2601
0.6260, 0.2601
0.6260, 0.2601
0.6260, 0.2601
0.6260, 0.2601
0.6299, 0.2601
0.6299, 0.2601
0.6299, 0.2601
0.6299, 0.2601
0.6339, 0.2601
0.6339, 0.2601
0.6339, 0.2601
0.6378, 0.2601
0.6378, 0.2601
0.6378, 0.2601
0.6378, 0.2601
0.6378, 0.2601
0.6378, 0.2601
0.6378, 0.2601
0.6378, 0.2601
0.6417, 0.2627
0.6417, 0.2627
0.6417, 0.2627
0.6457, 0.2627
0.6457, 0.2627
0.6457, 0.2627
0.6457, 0.2627
0.6457, 0.2627
0.6457, 0.2627
0.6457, 0.2627
0.6496, 0.2627
0.6496, 0.2627
0.6496, 0.2627
0.6575, 0.2627
0.6575, 0.2627
0.6575, 0.2627
0.6575, 0.2654
0.6575, 0.2654
0.6575, 0.2654
0.6575, 0.2654
0.6614, 0.2654
0.6614, 0.2654
0.6614, 0.2654
0.6654, 0.2654
0.6654, 0.2654
0.6654, 0.2654
0.6654, 0.2654
0.6693, 0.2654
0.6693, 0.2654
0.6693, 0.2654
0.6732, 0.2654
0.6732, 0.2654
0.6732, 0.2654
0.6732, 0.2654
0.6732, 0.2654
0.6732, 0.2654
0.6732, 0.2654
0.6732, 0.2654
0.6772, 0.2654
0.6772, 0.2654
0.6772, 0.2654
0.6772, 0.2654
0.6772, 0.2654
0.6772, 0.2654
0.6772, 0.2654
0.6811, 0.2654
0.6811, 0.2654
0.6811, 0.2654
0.6850, 0.2681
0.6850, 0.2681
0.6850, 0.2681
0.6850, 0.2681
0.6890, 0.2681
0.6890, 0.2681
0.6890, 0.2681
0.6890, 0.2681
0.6890, 0.2681
0.6890, 0.2681
0.6890, 0.2681
0.6890, 0.2681
0.6890, 0.2681
0.6890, 0.2681
0.6929, 0.2681
0.6929, 0.2681
0.6929, 0.2681
0.6929, 0.2681
0.6969, 0.2681
0.6969, 0.2681
0.6969, 0.2681
0.6969, 0.2708
0.6969, 0.2708
0.6969, 0.2708
0.6969, 0.2708
0.6969, 0.2708
0.6969, 0.2708
0.6969, 0.2708
0.6969, 0.2708
0.7008, 0.2708
0.7008, 0.2708
0.7008, 0.2708
0.7047, 0.2708
0.7047, 0.2708
0.7047, 0.2708
0.7047, 0.2708
0.7047, 0.2708
0.7047, 0.2708
0.7047, 0.2708
0.7047, 0.2708
0.7047, 0.2708
0.7047, 0.2708
0.7087, 0.2708
0.7087, 0.2708
0.7087, 0.2708
0.7126, 0.2735
0.7126, 0.2735
0.7126, 0.2735
0.7165, 0.2735
0.7165, 0.2735
0.7165, 0.2735
0.7165, 0.2735
0.7165, 0.2735
0.7165, 0.2735
0.7165, 0.2735
0.7205, 0.2735
0.7205, 0.2735
0.7205, 0.2735
0.7244, 0.2735
0.7244, 0.2735
0.7244, 0.2735
0.7244, 0.2735
0.7244, 0.2735
0.7244, 0.2735
0.7244, 0.2735
0.7283, 0.2735
0.7283, 0.2735
0.7283, 0.2735
0.7283, 0.2735
0.7323, 0.2735
0.7323, 0.2735
0.7323, 0.2735
0.7362, 0.2735
0.7362, 0.2735
0.7362, 0.2735
0.7362, 0.2735
0.7402, 0.2735
0.7402, 0.2735
0.7402, 0.2735
0.7441, 0.2735
0.7441, 0.2735
0.7441, 0.2735
0.7441, 0.2735
0.7480, 0.2735
0.7480, 0.2735
0.7480, 0.2735
0.7480, 0.2735
0.7480, 0.2735
0.7480, 0.2735
0.7480, 0.2735
0.7520, 0.2735
0.7520, 0.2735
0.7520, 0.2735
0.7559, 0.2735
0.7559, 0.2735
0.7559, 0.2735
0.7559, 0.2735
0.7559, 0.2735
0.7559, 0.2735
0.7559, 0.2735
0.7598, 0.2735
0.7598, 0.2735
0.7598, 0.2735
0.7638, 0.2735
0.7638, 0.2735
0.7638, 0.2735
0.7677, 0.2735
0.7677, 0.2735
0.7677, 0.2735
0.7677, 0.2735
0.7717, 0.2735
0.7717, 0.2735
0.7717, 0.2735
0.7756, 0.2735
0.7756, 0.2735
0.7756, 0.2735
0.7795, 0.2735
0.7795, 0.2735
0.7795, 0.2735
0.7795, 0.2735
0.7835, 0.2735
0.7835, 0.2735
0.7835, 0.2735
0.7913, 0.2735
0.7913, 0.2735
0.7913, 0.2735
0.7913, 0.2735
0.7913, 0.2735
0.7913, 0.2735
0.7913, 0.2735
0.7953, 0.2735
0.7953, 0.2735
0.7953, 0.2735
0.8031, 0.2735
0.8031, 0.2735
0.8031, 0.2735
0.8031, 0.2735
0.8031, 0.2735
0.8031, 0.2735
0.8031, 0.2735
0.8071, 0.2735
0.8071, 0.2735
0.8071, 0.2735
0.8110, 0.2708
0.8110, 0.2708
0.8110, 0.2708
0.8150, 0.2708
0.8150, 0.2708
0.8150, 0.2708
0.8150, 0.2708
0.8228, 0.2681
0.8228, 0.2681
0.8228, 0.2681
0.8268, 0.2681
0.8268, 0.2681
0.8268, 0.2681
0.8346, 0.2654
0.8346, 0.2654
0.8346, 0.2654
0.8346, 0.2654
0.8425, 0.2654
0.8425, 0.2654
0.8425, 0.2654
0.8465, 0.2654
0.8465, 0.2654
0.8465, 0.2654
0.8543, 0.2654
0.8543, 0.2654
0.8543, 0.2654
0.8543, 0.2654
0.8622, 0.2627
0.8622, 0.2627
0.8622, 0.2627
0.8661, 0.2601
0.8661, 0.2601
0.8661, 0.2601
0.8740, 0.2574
0.8740, 0.2574
0.8740, 0.2574
0.8819, 0.2574
0.8819, 0.2574
0.8819, 0.2574
0.8819, 0.2574
0.8858, 0.2547
0.8858, 0.2547
0.8858, 0.2547
0.8937, 0.2520
0.8937, 0.2520
0.8937, 0.2520
0.9016, 0.2520
0.9016, 0.2520
0.9016, 0.2520
0.9094, 0.2493
0.9094, 0.2493
0.9094, 0.2493
0.9094, 0.2493
0.9134, 0.2493
0.9134, 0.2493
0.9134, 0.2493
0.9173, 0.2466
0.9173, 0.2466
0.9173, 0.2466
0.9213, 0.2440
0.9213, 0.2440
0.9213, 0.2440
0.9213, 0.2440
0.9252, 0.2440
0.9252, 0.2440
0.9252, 0.2440
0.9291, 0.2440
0.9291, 0.2440
0.9291, 0.2440
0.9291, 0.2413
0.9291, 0.2413
0.9291, 0.2413
0.9370, 0.2386
0.9370, 0.2386
0.9370, 0.2386
0.9409, 0.2359
0.9409, 0.2359
0.9409, 0.2359
0.9409, 0.2359
0.9449, 0.2359
0.9449, 0.2359
0.9449, 0.2359
0.9528, 0.2332
0.9528, 0.2332
0.9528, 0.2332
0.9606, 0.2306
0.9606, 0.2306
0.9606, 0.2306
0.9646, 0.2279
0.9646, 0.2279
0.9646, 0.2279
0.9724, 0.2252
0.9724, 0.2252
0.9724, 0.2252
0.9724, 0.2252
0.9803, 0.2225
0.9803, 0.2225
0.9803, 0.2225
0.9843, 0.2225
0.9843, 0.2225
0.9843, 0.2225
0.9921, 0.2198
0.9921, 0.2198
0.9921, 0.2198
0.9921, 0.2198
0.9961, 0.2198
0.9961, 0.2198
0.9961, 0.2198
1.0000, 0.2198
1.0000, 0.2198
1.0000, 0.2198
1.0000, 0.2198
1.0000, 0.2198
1.0000, 0.2198
1.0000, 0.2198
1.0000, 0.2198
1.0000, 0.2198
1.0000, 0.2198
1.0000, 0.2198
1.0000, 0.2198
1.0000, 0.2198
1.0000, 0.2198
1.0000, 0.2198
1.0000, 0.2198
1.0000, 0.2198
1.0000, 0.2198
1.0000, 0.2198
1.0000, 0.2198
1.0000, 0.2198
1.0000, 0.2198
1.0000, 0.2198
1.0000, 0.2198
1.0000, 0.2198
1.0000, 0.2198
1.0000, 0.2198
1.0000, 0.2198
1.0000, 0.2198
1.0000, 0.2198
1.0000, 0.2198
1.0000, 0.2198
1.0000, 0.2198
1.0000, 0.2198
1.0000, 0.2198
1.0000, 0.2198
1.0000, 0.2198
1.0000, 0.2198
1.0000, 0.2198
1.0000, 0.2198
1.0000, 0.2198
1.0000, 0.2198
1.0000, 0.2198
1.0000, 0.2198
1.0000, 0.2198
1.0000, 0.2172
0.2598, 0.2332
0.2598, 0.2332
0.2598, 0.2332
0.2598, 0.2332
0.2598, 0.2332
0.2598, 0.2332
0.2598, 0.2332
0.2598, 0.2332
0.2598, 0.2332
0.2598, 0.2332
0.2598, 0.2332
0.2598, 0.2332
0.2598, 0.2332
0.2598, 0.2332
0.2598, 0.2332
0.2598, 0.2332
0.2598, 0.2332
0.2598, 0.2332
0.2598, 0.2332
0.2598, 0.2332
0.2598, 0.2332
0.2598, 0.2332
0.2598, 0.2332
0.2598, 0.2332
0.2598, 0.2332
0.2598, 0.2332
0.2598, 0.2332
0.2598, 0.2332
0.2598, 0.2332
0.2598, 0.2332
0.2598, 0.2332
0.2598, 0.2332
0.2598, 0.2332
0.2598, 0.2332
0.2598, 0.2332
0.2598, 0.2332
0.2598, 0.2332
0.2598, 0.2332
0.2598, 0.2332
0.2598, 0.2332
0.2598, 0.2332
0.2598, 0.2332
0.2598, 0.2332
0.2598, 0.2332
0.2598, 0.2306
0.2598, 0.2306
0.2598, 0.2306
0.2598, 0.2306
0.2598, 0.2306
0.2598, 0.2306
0.2598, 0.2306
0.2598, 0.2306
0.2598, 0.2306
0.2598, 0.2306
0.2598, 0.2306
0.2598, 0.2306
0.2598, 0.2306
0.2598, 0.2306
0.2598, 0.2306
0.2598, 0.2306
0.2598, 0.2306
0.2598, 0.2306
0.2598, 0.2306
0.2598, 0.2279
0.2598, 0.2279
0.2598, 0.2279
0.2598, 0.2279
0.2598, 0.2252
0.2598, 0.2252
0.2598, 0.2252
0.2598, 0.2252
0.2598, 0.2252
0.2598, 0.2252
0.2598, 0.2252
0.2598, 0.2252
0.2598, 0.2252
0.2598, 0.2252
0.2598, 0.2252
0.2598, 0.2252
0.2559, 0.2225
0.2559, 0.2225
0.2559, 0.2225
0.2559, 0.2225
0.2559, 0.2225
0.2559, 0.2225
0.2559, 0.2225
0.2559, 0.2225
0.2559, 0.2225
0.2559, 0.2198
0.2559, 0.2198
0.2559, 0.2198
0.2559, 0.2198
0.2559, 0.2198
0.2559, 0.2198
0.2559, 0.2198
0.2559, 0.2198
0.2559, 0.2198
0.2559, 0.2198
0.2559, 0.2198
0.2559, 0.2198
0.2559, 0.2198
0.2559, 0.2172
0.2559, 0.2172
0.2559, 0.2172
0.2559, 0.2172
0.2559, 0.2172
0.2559, 0.2172
0.2559, 0.2172
0.2559, 0.2172
0.2559, 0.2172
0.2520, 0.2145
0.2520, 0.2145
0.2520, 0.2145
0.2520, 0.2145
0.2520, 0.2145
0.2520, 0.2145
0.2520, 0.2145
0.2520, 0.2145
0.2520, 0.2145
0.2520, 0.2145
0.2520, 0.2145
0.2520, 0.2145
0.2520, 0.2145
0.2520, 0.2118
0.2520, 0.2118
0.2520, 0.2118
0.2520, 0.2118
0.2480, 0.2118
0.2480, 0.2118
0.2480, 0.2118
0.2480, 0.2118
0.2480, 0.2118
0.2480, 0.2118
0.2480, 0.2118
0.2480, 0.2118
0.2480, 0.2091
0.2480, 0.2091
0.2480, 0.2091
0.2480, 0.2091
0.2480, 0.2091
0.2480, 0.2091
0.2480, 0.2091
0.2480, 0.2091
0.2480, 0.2064
0.2480, 0.2064
0.2480, 0.2064
0.2480, 0.2064
0.2480, 0.2064
0.2480, 0.2064
0.2480, 0.2064
0.2480, 0.2064
0.2480, 0.2064
0.2441, 0.2064
0.2441, 0.2064
0.2441, 0.2064
0.2441, 0.2064
0.2441, 0.2038
0.2441, 0.2038
0.2441, 0.2038
0.2441, 0.2038
0.2441, 0.2038
0.2441, 0.2038
0.2441, 0.2038
0.2441, 0.2038
0.2441, 0.2038
0.2402, 0.2011
0.2402, 0.2011
0.2402, 0.2011
0.2402, 0.2011
0.2402, 0.2011
0.2402, 0.2011
0.2402, 0.2011
0.2402, 0.2011
0.2402, 0.1984
0.2402, 0.1984
0.2402, 0.1984
0.2402, 0.1984
0.2362, 0.1984
0.2362, 0.1984
0.2362, 0.1984
0.2362, 0.1984
0.2362, 0.1984
0.2362, 0.1984
0.2362, 0.1984
0.2362, 0.1984
0.2362, 0.1984
0.2362, 0.1984
0.2362, 0.1984
0.2362, 0.1984
0.2362, 0.1984
0.2362, 0.1984
0.2362, 0.1984
0.2362, 0.1984
0.2362, 0.1957
0.2362, 0.1957
0.2362, 0.1957
0.2362, 0.1957
0.2362, 0.1957
0.2362, 0.1957
0.2362, 0.1957
0.2362, 0.1957
0.2362, 0.1957
0.2323, 0.1930
0.2323, 0.1930
0.2323, 0.1930
0.2323, 0.1930
0.2323, 0.1930
0.2323, 0.1930
0.2323, 0.1930
0.2323, 0.1930
0.2323, 0.1930
0.2323, 0.1930
0.2323, 0.1930
0.2323, 0.1930
0.2283, 0.1903
0.2283, 0.1903
0.2283, 0.1903
0.2283, 0.1903
0.2283, 0.1903
0.2283, 0.1903
0.2283, 0.1903
0.2283, 0.1903
0.2283, 0.1903
0.2283, 0.1877
0.2283, 0.1877
0.2283, 0.1877
0.2283, 0.1877
0.2283, 0.1877
0.2283, 0.1877
0.2283, 0.1877
0.2283, 0.1877
0.2283, 0.1877
0.2283, 0.1850
0.2283, 0.1850
0.2283, 0.1850
0.2244, 0.1850
0.2244, 0.1850
0.2244, 0.1850
0.2244, 0.1850
0.2244, 0.1850
0.2244, 0.1850
0.2244, 0.1850
0.2244, 0.1850
0.2244, 0.1850
0.2244, 0.1850
0.2244, 0.1850
0.2244, 0.1850
0.2244, 0.1850
0.2244, 0.1850
0.2244, 0.1850
0.2244, 0.1850
0.2244, 0.1850
0.2244, 0.1850
0.2205, 0.1823
0.2205, 0.1823
0.2205, 0.1823
0.2205, 0.1823
0.2205, 0.1823
0.2205, 0.1823
0.2205, 0.1823
0.2205, 0.1823
0.2205, 0.1823
0.2205, 0.1796
0.2205, 0.1796
0.2205, 0.1796
0.2205, 0.1796
0.2165, 0.1796
0.2165, 0.1796
0.2165, 0.1796
0.2165, 0.1796
0.2165, 0.1796
0.2165, 0.1796
0.2165, 0.1796
0.2165, 0.1796
0.2165, 0.1796
0.2165, 0.1796
0.2165, 0.1796
0.2165, 0.1796
0.2165, 0.1769
0.2165, 0.1769
0.2165, 0.1769
0.2165, 0.1769
0.2165, 0.1769
0.2165, 0.1769
0.2165, 0.1769
0.2165, 0.1769
0.2165, 0.1769
0.2165, 0.1769
0.2165, 0.1769
0.2165, 0.1769
0.2165, 0.1743
0.2165, 0.1743
0.2165, 0.1743
0.2165, 0.1743
0.2126, 0.1743
0.2126, 0.1743
0.2126, 0.1743
0.2126, 0.1716
0.2126, 0.1716
0.2126, 0.1716
0.2126, 0.1716
0.2126, 0.1716
0.2126, 0.1716
0.2126, 0.1716
0.2126, 0.1716
0.2126, 0.1716
0.2126, 0.1716
0.2126, 0.1716
0.2126, 0.1716
0.2126, 0.1716
0.2087, 0.1716
0.2087, 0.1716
0.2087, 0.1716
0.2087, 0.1716
0.2087, 0.1689
0.2087, 0.1689
0.2087, 0.1689
0.2087, 0.1689
0.2087, 0.1689
0.2087, 0.1689
0.2087, 0.1689
0.2087, 0.1689
0.2087, 0.1689
0.2087, 0.1689
0.2087, 0.1689
0.2087, 0.1689
0.2087, 0.1662
0.2087, 0.1662
0.2087, 0.1662
0.2087, 0.1662
0.2087, 0.1662
0.2087, 0.1662
0.2087, 0.1662
0.2087, 0.1662
0.2087, 0.1662
0.2087, 0.1662
0.2087, 0.1662
0.2087, 0.1662
0.2087, 0.1662
0.2087, 0.1662
0.2087, 0.1662
0.2087, 0.1662
0.2087, 0.1662
0.2047, 0.1635
0.2047, 0.1635
0.2047, 0.1635
0.2047, 0.1635
0.2047, 0.1609
0.2047, 0.1609
0.2047, 0.1609
0.2047, 0.1609
0.2047, 0.1609
0.2047, 0.1609
0.2047, 0.1609
0.2047, 0.1609
0.2008, 0.1582
0.2008, 0.1582
0.2008, 0.1582
0.2008, 0.1582
0.2008, 0.1582
0.2008, 0.1582
0.2008, 0.1582
0.2008, 0.1582
0.2008, 0.1582
0.2008, 0.1582
0.2008, 0.1582
0.2008, 0.1582
0.2008, 0.1582
0.2008, 0.1582
0.2008, 0.1582
0.2008, 0.1582
0.2008, 0.1582
0.1969, 0.1582
0.1969, 0.1582
0.1969, 0.1582
0.1969, 0.1582
0.1969, 0.1582
0.1969, 0.1582
0.1969, 0.1582
0.1969, 0.1582
0.1969, 0.1555
0.1969, 0.1555
0.1969, 0.1555
0.1969, 0.1555
0.1969, 0.1555
0.1969, 0.1555
0.1969, 0.1555
0.1969, 0.1555
0.1969, 0.1528
0.1969, 0.1528
0.1969, 0.1528
0.1969, 0.1528
0.1969, 0.1528
0.1969, 0.1528
0.1969, 0.1528
0.1969, 0.1528
0.1969, 0.1528
0.1969, 0.1528
0.1969, 0.1528
0.1969, 0.1528
0.1969, 0.1528
0.1969, 0.1528
0.1969, 0.1528
0.1969, 0.1528
0.1929, 0.1501
0.1929, 0.1501
0.1929, 0.1501
0.1929, 0.1501
0.1929, 0.1501
0.1929, 0.1501
0.1929, 0.1501
0.1929, 0.1501
0.1929, 0.1475
0.1929, 0.1475
0.1929, 0.1475
0.1929, 0.1475
0.1929, 0.1448
0.1929, 0.1448
0.1929, 0.1448
0.1929, 0.1448
0.1890, 0.1448
0.1890, 0.1448
0.1890, 0.1448
0.1890, 0.1448
0.1890, 0.1448
0.1890, 0.1448
0.1890, 0.1448
0.1890, 0.1448
0.1890, 0.1448
0.1890, 0.1448
0.1890, 0.1448
0.1890, 0.1448
0.1890, 0.1448
0.1890, 0.1448
0.1890, 0.1448
0.1890, 0.1448
0.1890, 0.1448
0.1890, 0.1421
0.1890, 0.1421
0.1890, 0.1421
0.1890, 0.1421
0.1890, 0.1421
0.1890, 0.1421
0.1890, 0.1421
0.1890, 0.1394
0.1890, 0.1394
0.1890, 0.1394
0.1890, 0.1394
0.1890, 0.1394
0.1890, 0.1394
0.1890, 0.1394
0.1890, 0.1394
0.1850, 0.1394
0.1850, 0.1394
0.1850, 0.1394
0.1850, 0.1394
0.1850, 0.1367
0.1850, 0.1367
0.1850, 0.1367
0.1850, 0.1367
0.1850, 0.1367
0.1850, 0.1367
0.1850, 0.1367
0.1850, 0.1340
0.1850, 0.1340
0.1850, 0.1340
0.1850, 0.1340
0.1850, 0.1340
0.1850, 0.1340
0.1850, 0.1340
0.1850, 0.1340
0.1850, 0.1340
0.1850, 0.1340
0.1850, 0.1340
0.1850, 0.1340
0.1850, 0.1340
0.1850, 0.1340
0.1850, 0.1340
0.1850, 0.1340
0.1850, 0.1314
0.1850, 0.1314
0.1850, 0.1314
0.1850, 0.1314
0.1811, 0.1287
0.1811, 0.1287
0.1811, 0.1287
0.1811, 0.1287
0.1811, 0.1287
0.1811, 0.1287
0.1811, 0.1287
0.1811, 0.1260
0.1811, 0.1260
0.1811, 0.1260
0.1811, 0.1260
0.1811, 0.1260
0.1811, 0.1260
0.1811, 0.1260
0.1811, 0.1260
0.1811, 0.1233
0.1811, 0.1233
0.1811, 0.1233
0.1811, 0.1233
0.1772, 0.1206
0.1772, 0.1206
0.1772, 0.1206
0.1772, 0.1206
0.1772, 0.1206
0.1772, 0.1206
0.1772, 0.1206
0.1772, 0.1206
0.1772, 0.1206
0.1772, 0.1206
0.1772, 0.1206
0.1772, 0.1206
0.1772, 0.1180
0.1772, 0.1180
0.1772, 0.1180
0.1772, 0.1153
0.1772, 0.1153
0.1772, 0.1153
0.1772, 0.1153
0.1772, 0.1153
0.1772, 0.1153
0.1772, 0.1153
0.1772, 0.1153
0.1772, 0.1126
0.1772, 0.1126
0.1772, 0.1126
0.1772, 0.1126
0.1772, 0.1126
0.1772, 0.1126
0.1772, 0.1126
0.1772, 0.1126
0.1772, 0.1126
0.1772, 0.1126
0.1772, 0.1126
0.1772, 0.1099
0.1772, 0.1099
0.1772, 0.1099
0.1772, 0.1099
0.1772, 0.1099
0.1772, 0.1099
0.1772, 0.1099
0.1772, 0.1072
0.1772, 0.1072
0.1772, 0.1072
0.1772, 0.1072
0.1772, 0.1072
0.1772, 0.1072
0.1772, 0.1072
0.1772, 0.1072
0.1772, 0.1072
0.1772, 0.1072
0.1772, 0.1072
0.1772, 0.1072
0.1772, 0.1046
0.1772, 0.1046
0.1772, 0.1046
0.1772, 0.1019
0.1772, 0.1019
0.1772, 0.1019
0.1772, 0.1019
0.1732, 0.1019
0.1732, 0.1019
0.1732, 0.1019
0.1732, 0.1019
0.1732, 0.0992
0.1732, 0.0992
0.1732, 0.0992
0.1732, 0.0992
0.1732, 0.0992
0.1732, 0.0992
0.1732, 0.0992
0.1732, 0.0965
0.1732, 0.0965
0.1732, 0.0965
0.1732, 0.0965
0.1732, 0.0965
0.1732, 0.0965
0.1732, 0.0965
0.1732, 0.0965
0.1732, 0.0938
0.1732, 0.0938
0.1732, 0.0938
0.1693, 0.0938
0.1693, 0.0938
0.1693, 0.0938
0.1693, 0.0938
0.1693, 0.0938
0.1693, 0.0938
0.1693, 0.0938
0.1693, 0.0938
0.1693, 0.0912
0.1693, 0.0912
0.1693, 0.0912
0.1693, 0.0912
0.1693, 0.0912
0.1693, 0.0912
0.1693, 0.0912
0.1693, 0.0912
0.1693, 0.0912
0.1693, 0.0912
0.1693, 0.0912
0.1693, 0.0885
0.1693, 0.0885
0.1693, 0.0885
0.1693, 0.0885
0.1693, 0.0885
0.1693, 0.0885
0.1693, 0.0885
0.1693, 0.0885
0.1693, 0.0858
0.1693, 0.0858
0.1693, 0.0858
0.1693, 0.0858
0.1693, 0.0858
0.1693, 0.0858
0.1693, 0.0858
0.1693, 0.0858
0.1693, 0.0858
0.1693, 0.0858
0.1693, 0.0858
0.1693, 0.0858
0.1693, 0.0858
0.1693, 0.0858
0.1693, 0.0858
0.1693, 0.0858
0.1693, 0.0831
0.1693, 0.0831
0.1693, 0.0831
0.1693, 0.0831
0.1693, 0.0831
0.1693, 0.0831
0.1693, 0.0831
0.1693, 0.0804
0.1693, 0.0804
0.1693, 0.0804
0.1693, 0.0804
0.1693, 0.0804
0.1693, 0.0804
0.1693, 0.0804
0.1693, 0.0804
0.1693, 0.0804
0.1693, 0.0804
0.1693, 0.0804
0.1693, 0.0804
0.1693, 0.0804
0.1693, 0.0804
0.1693, 0.0804
0.1693, 0.0777
0.1693, 0.0777
0.1693, 0.0777
0.1693, 0.0777
0.1693, 0.0777
0.1693, 0.0777
0.1693, 0.0777
0.1693, 0.0777
0.1693, 0.0777
0.1693, 0.0777
0.1693, 0.0777
0.1693, 0.0777
0.1693, 0.0751
0.1693, 0.0751
0.1693, 0.0751
0.1693, 0.0751
0.1693, 0.0751
0.1693, 0.0751
0.1693, 0.0751
0.1693, 0.0751
0.1693, 0.0724
0.1693, 0.0724
0.1693, 0.0724
0.1693, 0.0724
0.1693, 0.0724
0.1693, 0.0724
0.1693, 0.0724
0.1693, 0.0724
0.1693, 0.0724
0.1693, 0.0724
0.1693, 0.0724
0.1693, 0.0724
0.1693, 0.0724
0.1693, 0.0724
0.1693, 0.0697
0.1693, 0.0697
0.1693, 0.0697
0.1693, 0.0697
0.1693, 0.0697
0.1693, 0.0697
0.1693, 0.0697
0.1693, 0.0697
0.1693, 0.0670
0.1693, 0.0670
0.1693, 0.0670
0.1693, 0.0670
0.1693, 0.0670
0.1693, 0.0670
0.1693, 0.0670
0.1693, 0.0670
0.1693, 0.0670
0.1693, 0.0670
0.1693, 0.0670
0.1693, 0.0670
0.1693, 0.0670
0.1693, 0.0670
0.1693, 0.0670
0.1693, 0.0670
0.1693, 0.0670
0.1693, 0.0670
0.1693, 0.0670
0.1693, 0.0643
0.1693, 0.0643
0.1693, 0.0643
0.1693, 0.0643
0.1693, 0.0643
0.1693, 0.0643
0.1693, 0.0643
0.1693, 0.0617
0.1693, 0.0617
0.1693, 0.0617
0.1693, 0.0617
0.1693, 0.0617
0.1693, 0.0617
0.1693, 0.0617
0.1693, 0.0590
0.1693, 0.0590
0.1693, 0.0590
0.1693, 0.0590
0.1693, 0.0590
0.1693, 0.0590
0.1693, 0.0590
0.1693, 0.0590
0.1693, 0.0590
0.1693, 0.0590
0.1693, 0.0590
0.1693, 0.0563
0.1693, 0.0563
0.1693, 0.0563
0.1693, 0.0563
0.1693, 0.0563
0.1693, 0.0563
0.1693, 0.0563
0.1693, 0.0563
0.1693, 0.0563
0.1693, 0.0563
0.1693, 0.0536
0.1693, 0.0536
0.1693, 0.0536
0.1693, 0.0536
0.1693, 0.0536
0.1693, 0.0536
0.1693, 0.0536
0.1693, 0.0536
0.1693, 0.0536
0.1693, 0.0536
0.1693, 0.0536
0.1693, 0.0536
0.1693, 0.0536
0.1693, 0.0536
0.1693, 0.0536
0.1693, 0.0509
0.1693, 0.0509
0.1693, 0.0509
0.1693, 0.0509
0.1693, 0.0509
0.1693, 0.0509
0.1693, 0.0509
0.1693, 0.0483
0.1693, 0.0483
0.1693, 0.0483
0.1693, 0.0483
0.1693, 0.0483
0.1693, 0.0483
0.1693, 0.0483
0.1693, 0.0483
0.1693, 0.0483
0.1693, 0.0483
0.1693, 0.0483
0.1693, 0.0483
0.1693, 0.0483
0.1732, 0.0483
0.1732, 0.0483
0.1732, 0.0483
0.1732, 0.0483
0.1732, 0.0456
0.1732, 0.0456
0.1732, 0.0456
0.1732, 0.0456
0.1732, 0.0456
0.1732, 0.0456
0.1732, 0.0456
0.1732, 0.0456
0.1732, 0.0456
0.1732, 0.0456
0.1732, 0.0429
0.1732, 0.0429
0.1732, 0.0429
0.1732, 0.0429
0.1732, 0.0429
0.1732, 0.0429
0.1732, 0.0429
0.1732, 0.0429
0.1732, 0.0429
0.1732, 0.0429
0.1732, 0.0429
0.1732, 0.0402
0.1732, 0.0402
0.1732, 0.0402
0.1732, 0.0402
0.1732, 0.0402
0.1732, 0.0402
0.1732, 0.0402
0.1732, 0.0402
0.1732, 0.0402
0.1732, 0.0402
0.1732, 0.0402
0.1772, 0.0402
0.1772, 0.0402
0.1772, 0.0402
0.1772, 0.0402
0.1772, 0.0402
0.1772, 0.0402
0.1772, 0.0402
0.1772, 0.0402
0.1772, 0.0402
0.1772, 0.0402
0.1772, 0.0402
0.1772, 0.0375
0.1772, 0.0375
0.1772, 0.0375
0.1772, 0.0375
0.1772, 0.0375
0.1772, 0.0375
0.1772, 0.0375
0.1811, 0.0375
0.1811, 0.0375
0.1811, 0.0375
0.1811, 0.0375
0.1811, 0.0375
0.1811, 0.0375
0.1811, 0.0375
0.1811, 0.0375
0.1811, 0.0349
0.1811, 0.0349
0.1811, 0.0349
0.1811, 0.0349
0.1811, 0.0349
0.1811, 0.0349
0.1811, 0.0349
0.1811, 0.0349
0.1811, 0.0349
0.1811, 0.0349
0.1811, 0.0349
0.1811, 0.0349
0.1811, 0.0349
0.1811, 0.0349
0.1850, 0.0349
0.1850, 0.0349
0.1850, 0.0349
0.1850, 0.0349
0.1850, 0.0349
0.1850, 0.0349
0.1850, 0.0349
0.1850, 0.0349
0.1850, 0.0349
0.1850, 0.0349
0.1850, 0.0349
0.1850, 0.0322
0.1850, 0.0322
0.1850, 0.0322
0.1850, 0.0322
0.1850, 0.0322
0.1850, 0.0322
0.1850, 0.0322
0.1850, 0.0322
0.1850, 0.0322
0.1850, 0.0322
0.1850, 0.0322
0.1850, 0.0322
0.1850, 0.0322
0.1850, 0.0322
0.1850, 0.0322
0.1850, 0.0295
0.1850, 0.0295
0.1850, 0.0295
0.1850, 0.0295
0.1850, 0.0295
0.1850, 0.0295
0.1850, 0.0295
0.1890, 0.0295
0.1890, 0.0295
0.1890, 0.0295
0.1890, 0.0268
0.1890, 0.0268
0.1890, 0.0268
0.1890, 0.0268
0.1890, 0.0268
0.1890, 0.0268
0.1890, 0.0268
0.1890, 0.0268
0.1890, 0.0268
0.1890, 0.0268
0.1890, 0.0268
0.1929, 0.0268
0.1929, 0.0268
0.1929, 0.0268
0.1929, 0.0268
0.1929, 0.0268
0.1929, 0.0268
0.1929, 0.0268
0.1929, 0.0268
0.1929, 0.0268
0.1929, 0.0268
0.1929, 0.0268
0.1929, 0.0241
0.1929, 0.0241
0.1929, 0.0241
0.1929, 0.0241
0.1929, 0.0241
0.1929, 0.0241
0.1929, 0.0241
0.1929, 0.0241
0.1929, 0.0241
0.1929, 0.0241
0.1929, 0.0214
0.1929, 0.0214
0.1929, 0.0214
0.1929, 0.0214
0.1929, 0.0214
0.1929, 0.0214
0.1929, 0.0214
0.1969, 0.0214
0.1969, 0.0214
0.1969, 0.0214
0.1969, 0.0214
0.1969, 0.0214
0.1969, 0.0214
0.1969, 0.0214
0.1969, 0.0214
0.1969, 0.0214
0.1969, 0.0214
0.1969, 0.0214
0.1969, 0.0214
0.1969, 0.0214
0.1969, 0.0214
0.2008, 0.0214
0.2008, 0.0214
0.2008, 0.0214
0.2008, 0.0214
0.2008, 0.0214
0.2008, 0.0214
0.2008, 0.0214
0.2008, 0.0214
0.2008, 0.0214
0.2008, 0.0214
0.2008, 0.0188
0.2008, 0.0188
0.2008, 0.0188
0.2047, 0.0188
0.2047, 0.0188
0.2047, 0.0188
0.2047, 0.0188
0.2047, 0.0188
0.2047, 0.0188
0.2047, 0.0188
0.2047, 0.0188
0.2047, 0.0188
0.2047, 0.0188
0.2047, 0.0188
0.2047, 0.0161
0.2047, 0.0161
0.2047, 0.0161
0.2047, 0.0161
0.2047, 0.0161
0.2047, 0.0161
0.2047, 0.0161
0.2087, 0.0161
0.2087, 0.0161
0.2087, 0.0161
0.2087, 0.0161
0.2087, 0.0161
0.2087, 0.0161
0.2087, 0.0161
0.2126, 0.0134
0.2126, 0.0134
0.2126, 0.0134
0.2126, 0.0134
0.2126, 0.0134
0.2126, 0.0134
0.2126, 0.0134
0.2126, 0.0134
0.2126, 0.0134
0.2126, 0.0134
0.2126, 0.0134
0.2126, 0.0134
0.2126, 0.0134
0.2126, 0.0134
0.2126, 0.0134
0.2126, 0.0134
0.2126, 0.0134
0.2165, 0.0134
0.2165, 0.0134
0.2165, 0.0134
0.2165, 0.0134
0.2165, 0.0134
0.2165, 0.0134
0.2165, 0.0134
0.2205, 0.0134
0.2205, 0.0134
0.2205, 0.0134
0.2205, 0.0134
0.2244, 0.0107
0.2244, 0.0107
0.2244, 0.0107
0.2244, 0.0107
0.2283, 0.0107
0.2283, 0.0107
0.2283, 0.0107
0.2323, 0.0080
0.2362, 0.0080
0.2362, 0.0080
0.2362, 0.0080
0.2362, 0.0080
0.2362, 0.0080
0.2362, 0.0080
0.2402, 0.0080
0.2402, 0.0080
0.2402, 0.0080
0.2441, 0.0080
0.2441, 0.0080
0.2441, 0.0080
0.2441, 0.0080
0.2441, 0.0080
0.2441, 0.0080
0.2441, 0.0080
0.2441, 0.0080
0.2441, 0.0080
0.2441, 0.0080
0.2480, 0.0080
0.2480, 0.0080
0.2480, 0.0080
0.2480, 0.0080
0.2520, 0.0080
0.2520, 0.0080
0.2520, 0.0080
0.2520, 0.0054
0.2520, 0.0054
0.2520, 0.0054
0.2520, 0.0054
0.2520, 0.0054
0.2520, 0.0054
0.2520, 0.0054
0.2559, 0.0054
0.2559, 0.0054
0.2559, 0.0054
0.2559, 0.0054
0.2559, 0.0054
0.2559, 0.0054
0.2559, 0.0054
0.2598, 0.0054
0.2598, 0.0054
0.2598, 0.0054
0.2598, 0.0054
0.2598, 0.0054
0.2598, 0.0054
0.2598, 0.0054
0.2598, 0.0054
0.2598, 0.0054
0.2598, 0.0054
0.2598, 0.0054
0.2598, 0.0054
0.2598, 0.0054
0.2598, 0.0054
0.2638, 0.0054
0.2638, 0.0054
0.2638, 0.0054
0.2638, 0.0054
0.2638, 0.0054
0.2638, 0.0054
0.2638, 0.0054
0.2677, 0.0027
0.2677, 0.0027
0.2677, 0.0027
0.2717, 0.0027
0.2717, 0.0027
0.2717, 0.0027
0.2717, 0.0027
0.2717, 0.0027
0.2717, 0.0027
0.2717, 0.0027
0.2717, 0.0027
0.2717, 0.0027
0.2717, 0.0027
0.2756, 0.0027
0.2756, 0.0027
0.2756, 0.0027
0.2795, 0.0027
0.2795, 0.0027
0.2795, 0.0027
0.2795, 0.0027
0.2795, 0.0027
0.2795, 0.0027
0.2835, 0.0027
0.2835, 0.0027
0.2835, 0.0027
0.2874, 0.0027
0.2874, 0.0027
0.2874, 0.0027
0.2874, 0.0027
0.2874, 0.0027
0.2874, 0.0027
0.2874, 0.0027
0.2913, 0.0027
0.2913, 0.0027
0.2913, 0.0027
0.2913, 0.0027
0.2913, 0.0027
0.2913, 0.0027
0.2953, 0.0027
0.2953, 0.0027
0.2953, 0.0027
0.2953, 0.0027
0.2953, 0.0000
0.2953, 0.0000
0.2953, 0.0000
0.2992, 0.0000
0.2992, 0.0000
0.2992, 0.0000
0.2992, 0.0000
0.2992, 0.0000
0.2992, 0.0000
0.3031, 0.0000
0.3031, 0.0000
0.3031, 0.0000
0.3031, 0.0000
0.3071, 0.0000
0.3071, 0.0000
0.3071, 0.0000
0.3110, 0.0000
0.3110, 0.0000
0.3110, 0.0000
0.3110, 0.0000
0.3110, 0.0000
0.3110, 0.0000
0.3150, 0.0000
0.3150, 0.0000
0.3150, 0.0000
0.3189, 0.0000
0.3189, 0.0000
0.3189, 0.0000
0.3189, 0.0000
0.3189, 0.0000
0.3189, 0.0000
0.3189, 0.0000
0.3189, 0.0000
0.3189, 0.0000
0.3189, 0.0000
0.3189, 0.0000
0.3189, 0.0000
0.3189, 0.0000
0.3189, 0.0000
0.3228, 0.0000
0.3228, 0.0000
0.3228, 0.0000
0.3228, 0.0000
0.3228, 0.0000
0.3228, 0.0000
0.3228, 0.0000
0.3268, 0.0000
0.3268, 0.0000
0.3307, 0.0000
0.3307, 0.0000
0.3307, 0.0000
0.3307, 0.0000
0.3307, 0.0000
0.3307, 0.0000
0.3307, 0.0000
0.3307, 0.0000
0.3307, 0.0000
0.3307, 0.0000
0.3307, 0.0000
0.3346, 0.0000
0.3346, 0.0000
0.3346, 0.0000
0.3346, 0.0000
0.3346, 0.0000
0.3346, 0.0000
0.3386, 0.0000
0.3386, 0.0000
0.3386, 0.0000
0.3386, 0.0000
0.3386, 0.0000
0.3386, 0.0000
0.3386, 0.0000
0.3386, 0.0000
0.3386, 0.0000
0.3386, 0.0000
0.3386, 0.0000
0.3386, 0.0000
0.3386, 0.0000
0.3386, 0.0000
0.3425, 0.0000
0.3425, 0.0000
0.3425, 0.0000
0.3425, 0.0000
0.3425, 0.0000
0.3425, 0.0000
0.3465, 0.0000
0.3465, 0.0000
0.3465, 0.0000
0.3504, 0.0000
0.3504, 0.0000
0.3504, 0.0000
0.3504, 0.0000
0.3504, 0.0000
0.3504, 0.0000
0.3504, 0.0000
0.3504, 0.0027
0.3504, 0.0027
0.3504, 0.0027
0.3543, 0.0027
0.3543, 0.0027
0.3543, 0.0027
0.3583, 0.0027
0.3583, 0.0027
0.3583, 0.0027
0.3583, 0.0027
0.3583, 0.0027
0.3583, 0.0027
0.3583, 0.0027
0.3583, 0.0027
0.3583, 0.0027
0.3583, 0.0027
0.3622, 0.0027
0.3622, 0.0027
0.3622, 0.0027
0.3622, 0.0027
0.3622, 0.0027
0.3622, 0.0027
0.3622, 0.0027
0.3661, 0.0027
0.3661, 0.0027
0.3661, 0.0027
0.3701, 0.0027
0.3701, 0.0027
0.3701, 0.0027
0.3701, 0.0027
0.3701, 0.0027
0.3701, 0.0027
0.3701, 0.0027
0.3701, 0.0027
0.3701, 0.0027
0.3701, 0.0027
0.3740, 0.0027
0.3740, 0.0027
0.3740, 0.0027
0.3780, 0.0027
0.3780, 0.0027
0.3780, 0.0027
0.3780, 0.0027
0.3780, 0.0027
0.3780, 0.0027
0.3819, 0.0027
0.3819, 0.0027
0.3819, 0.0027
0.3819, 0.0027
0.3858, 0.0027
0.3858, 0.0027
0.3858, 0.0027
0.3858, 0.0027
0.3858, 0.0027
0.3858, 0.0027
0.3898, 0.0054
0.3898, 0.0054
0.3898, 0.0054
0.3898, 0.0054
0.3898, 0.0054
0.3898, 0.0054
0.3937, 0.0054
0.3937, 0.0054
0.3937, 0.0054
0.3976, 0.0054
0.3976, 0.0054
0.3976, 0.0054
0.3976, 0.0054
0.3976, 0.0054
0.3976, 0.0054
0.3976, 0.0054
0.4016, 0.0054
0.4016, 0.0054
0.4016, 0.0054
0.4055, 0.0054
0.4055, 0.0054
0.4055, 0.0054
0.4055, 0.0054
0.4055, 0.0054
0.4055, 0.0054
0.4094, 0.0054
0.4094, 0.0054
0.4094, 0.0054
0.4134, 0.0054
0.4134, 0.0054
0.4134, 0.0054
0.4173, 0.0054
0.4173, 0.0054
0.4173, 0.0054
0.4173, 0.0054
0.4173, 0.0054
0.4173, 0.0054
0.4173, 0.0054
0.4213, 0.0054
0.4213, 0.0054
0.4252, 0.0054
0.4252, 0.0054
0.4252, 0.0054
0.4252, 0.0054
0.4252, 0.0054
0.4291, 0.0054
0.4291, 0.0054
0.4331, 0.0054
0.4331, 0.0054
0.4331, 0.0054
0.4370, 0.0054
0.4370, 0.0054
0.4370, 0.0054
0.4370, 0.0054
0.4370, 0.0054
0.4409, 0.0054
0.4409, 0.0054
0.4488, 0.0054
0.4488, 0.0054
0.4488, 0.0080
0.4488, 0.0080
0.4488, 0.0080
0.4528, 0.0080
0.4528, 0.0080
0.4567, 0.0080
0.4567, 0.0080
0.4567, 0.0080
0.4606, 0.0080
0.4606, 0.0080
0.4646, 0.0107
0.4646, 0.0107
0.4685, 0.0107
0.4685, 0.0107
0.4685, 0.0107
0.4685, 0.0107
0.4685, 0.0107
0.4724, 0.0107
0.4724, 0.0107
0.4764, 0.0107
0.4764, 0.0107
0.4764, 0.0107
0.4764, 0.0107
0.4764, 0.0107
0.4764, 0.0107
0.4803, 0.0107
0.4803, 0.0107
0.4843, 0.0107
0.4843, 0.0107
0.4882, 0.0107
0.4882, 0.0107
0.4882, 0.0107
0.4882, 0.0134
0.4882, 0.0134
0.4882, 0.0134
0.4882, 0.0134
0.4882, 0.0134
0.4921, 0.0134
0.4921, 0.0134
0.5000, 0.0161
0.5000, 0.0161
0.5000, 0.0161
0.5000, 0.0161
0.5000, 0.0161
0.5039, 0.0161
0.5039, 0.0161
0.5039, 0.0161
0.5039, 0.0161
0.5039, 0.0161
0.5079, 0.0161
0.5079, 0.0161
0.5079, 0.0161
0.5079, 0.0188
0.5079, 0.0188
0.5118, 0.0188
0.5118, 0.0188
0.5118, 0.0188
0.5118, 0.0188
0.5118, 0.0188
0.5157, 0.0188
0.5157, 0.0188
0.5197, 0.0188
0.5197, 0.0188
0.5197, 0.0188
0.5197, 0.0188
0.5197, 0.0188
0.5236, 0.0188
0.5236, 0.0188
0.5236, 0.0188
0.5236, 0.0188
0.5236, 0.0188
0.5276, 0.0214
0.5276, 0.0214
0.5276, 0.0214
0.5276, 0.0214
0.5276, 0.0214
0.5276, 0.0214
0.5276, 0.0214
0.5276, 0.0214
0.5315, 0.0214
0.5315, 0.0214
0.5354, 0.0214
0.5354, 0.0214
0.5354, 0.0214
0.5354, 0.0214
0.5354, 0.0214
0.5354, 0.0241
0.5354, 0.0241
0.5354, 0.0241
0.5354, 0.0241
0.5354, 0.0241
0.5394, 0.0241
0.5394, 0.0241
0.5394, 0.0241
0.5433, 0.0241
0.5433, 0.0241
0.5433, 0.0241
0.5433, 0.0241
0.5472, 0.0241
0.5472, 0.0241
0.5472, 0.0241
0.5472, 0.0241
0.5472, 0.0241
0.5512, 0.0241
0.5512, 0.0241
0.5512, 0.0241
0.5551, 0.0241
0.5551, 0.0241
0.5551, 0.0241
0.5551, 0.0241
0.5551, 0.0241
0.5591, 0.0241
0.5591, 0.0241
0.5630, 0.0241
0.5630, 0.0241
0.5669, 0.0268
0.5669, 0.0268
0.5669, 0.0268
0.5669, 0.0268
0.5669, 0.0268
0.5669, 0.0268
0.5709, 0.0268
0.5709, 0.0268
0.5748, 0.0268
0.5748, 0.0268
0.5748, 0.0268
0.5748, 0.0268
0.5748, 0.0268
0.5787, 0.0268
0.5787, 0.0268
0.5787, 0.0268
0.5787, 0.0268
0.5787, 0.0268
0.5827, 0.0295
0.5827, 0.0295
0.5866, 0.0295
0.5866, 0.0295
0.5866, 0.0295
0.5866, 0.0295
0.5866, 0.0295
0.5906, 0.0295
0.5906, 0.0295
0.5945, 0.0295
0.5945, 0.0295
0.5945, 0.0295
0.5945, 0.0295
0.5945, 0.0295
0.5984, 0.0322
0.5984, 0.0322
0.6024, 0.0322
0.6024, 0.0322
0.6024, 0.0322
0.6063, 0.0322
0.6063, 0.0322
0.6063, 0.0322
0.6063, 0.0322
0.6102, 0.0322
0.6102, 0.0322
0.6102, 0.0322
0.6102, 0.0322
0.6102, 0.0322
0.6142, 0.0322
0.6142, 0.0322
0.6142, 0.0322
0.6142, 0.0322
0.6142, 0.0322
0.6142, 0.0322
0.6142, 0.0322
0.6181, 0.0349
0.6181, 0.0349
0.6181, 0.0349
0.6220, 0.0349
0.6220, 0.0349
0.6260, 0.0349
0.6260, 0.0349
0.6260, 0.0349
0.6260, 0.0349
0.6260, 0.0349
0.6260, 0.0349
0.6260, 0.0349
0.6260, 0.0349
0.6299, 0.0375
0.6299, 0.0375
0.6299, 0.0375
0.6299, 0.0375
0.6299, 0.0375
0.6339, 0.0375
0.6339, 0.0375
0.6339, 0.0375
0.6339, 0.0375
0.6378, 0.0375
0.6378, 0.0375
0.6378, 0.0375
0.6378, 0.0375
0.6378, 0.0375
0.6417, 0.0375
0.6417, 0.0375
0.6457, 0.0375
0.6457, 0.0375
0.6457, 0.0402
0.6457, 0.0402
0.6457, 0.0402
0.6457, 0.0402
0.6457, 0.0402
0.6496, 0.0402
0.6496, 0.0402
0.6496, 0.0402
0.6535, 0.0402
0.6535, 0.0402
0.6535, 0.0429
0.6535, 0.0429
0.6575, 0.0429
0.6575, 0.0429
0.6575, 0.0429
0.6614, 0.0429
0.6614, 0.0429
0.6614, 0.0456
0.6614, 0.0456
0.6614, 0.0456
0.6614, 0.0456
0.6614, 0.0456
0.6654, 0.0456
0.6654, 0.0456
0.6693, 0.0456
0.6693, 0.0456
0.6732, 0.0456
0.6732, 0.0456
0.6732, 0.0456
0.6732, 0.0456
0.6732, 0.0456
0.6772, 0.0456
0.6772, 0.0456
0.6772, 0.0456
0.6772, 0.0456
0.6772, 0.0456
0.6811, 0.0456
0.6811, 0.0456
0.6811, 0.0456
0.6811, 0.0456
0.6850, 0.0483
0.6850, 0.0483
0.6850, 0.0483
0.6850, 0.0483
0.6850, 0.0483
0.6890, 0.0483
0.6890, 0.0483
0.6929, 0.0483
0.6929, 0.0483
0.6929, 0.0483
0.6929, 0.0483
0.6929, 0.0483
0.6929, 0.0509
0.6929, 0.0509
0.6929, 0.0509
0.6969, 0.0509
0.6969, 0.0509
0.7008, 0.0509
0.7008, 0.0509
0.7008, 0.0509
0.7008, 0.0509
0.7008, 0.0509
0.7008, 0.0509
0.7008, 0.0509
0.7008, 0.0509
0.7008, 0.0509
0.7008, 0.0509
0.7047, 0.0509
0.7047, 0.0509
0.7047, 0.0509
0.7047, 0.0509
0.7047, 0.0509
0.7087, 0.0509
0.7087, 0.0509
0.7087, 0.0509
0.7087, 0.0509
0.7126, 0.0509
0.7126, 0.0509
0.7126, 0.0509
0.7126, 0.0509
0.7126, 0.0509
0.7126, 0.0509
0.7126, 0.0509
0.7165, 0.0509
0.7165, 0.0509
0.7165, 0.0509
0.7205, 0.0509
0.7205, 0.0509
0.7205, 0.0509
0.7205, 0.0509
0.7244, 0.0509
0.7244, 0.0509
0.7244, 0.0509
0.7283, 0.0509
0.7283, 0.0509
0.7323, 0.0509
0.7323, 0.0509
0.7323, 0.0509
0.7323, 0.0509
0.7323, 0.0509
0.7323, 0.0509
0.7323, 0.0509
0.7323, 0.0509
0.7323, 0.0509
0.7323, 0.0509
0.7362, 0.0509
0.7362, 0.0509
0.7362, 0.0509
0.7362, 0.0509
0.7362, 0.0509
0.7402, 0.0509
0.7402, 0.0509
0.7402, 0.0509
0.7402, 0.0509
0.7402, 0.0509
0.7402, 0.0509
0.7402, 0.0509
0.7441, 0.0509
0.7441, 0.0509
0.7441, 0.0509
0.7441, 0.0509
0.7441, 0.0509
0.7441, 0.0509
0.7441, 0.0509
0.7480, 0.0509
0.7480, 0.0509
0.7480, 0.0509
0.7480, 0.0509
0.7480, 0.0509
0.7520, 0.0509
0.7520, 0.0509
0.7520, 0.0509
0.7520, 0.0509
0.7520, 0.0509
0.7520, 0.0509
0.7520, 0.0509
0.7520, 0.0509
0.7520, 0.0509
0.7520, 0.0509
0.7559, 0.0509
0.7559, 0.0509
0.7559, 0.0509
0.7559, 0.0509
0.7598, 0.0509
0.7598, 0.0509
0.7598, 0.0509
0.7598, 0.0509
0.7598, 0.0509
0.7598, 0.0509
0.7598, 0.0509
0.7598, 0.0509
0.7638, 0.0509
0.7638, 0.0509
0.7677, 0.0509
0.7677, 0.0509
0.7677, 0.0509
0.7677, 0.0509
0.7677, 0.0509
0.7717, 0.0509
0.7717, 0.0509
0.7717, 0.0509
0.7717, 0.0509
0.7717, 0.0509
0.7717, 0.0509
0.7717, 0.0509
0.7717, 0.0509
0.7717, 0.0509
0.7717, 0.0509
0.7756, 0.0509
0.7756, 0.0509
0.7756, 0.0509
0.7756, 0.0509
0.7795, 0.0509
0.7795, 0.0509
0.7795, 0.0509
0.7795, 0.0509
0.7795, 0.0509
0.7795, 0.0509
0.7795, 0.0509
0.7795, 0.0509
0.7835, 0.0509
0.7835, 0.0509
0.7913, 0.0509
0.7913, 0.0509
0.7913, 0.0509
0.7913, 0.0509
0.7913, 0.0509
0.7953, 0.0483
0.7953, 0.0483
0.7992, 0.0483
0.7992, 0.0483
0.7992, 0.0483
0.7992, 0.0483
0.7992, 0.0483
0.7992, 0.0483
0.7992, 0.0483
0.8031, 0.0483
0.8031, 0.0483
0.8031, 0.0483
0.8071, 0.0483
0.8071, 0.0483
0.8071, 0.0483
0.8071, 0.0483
0.8110, 0.0483
0.8110, 0.0483
0.8110, 0.0483
0.8110, 0.0456
0.8110, 0.0456
0.8110, 0.0456
0.8110, 0.0456
0.8150, 0.0456
0.8150, 0.0456
0.8189, 0.0429
0.8189, 0.0429
0.8189, 0.0429
0.8189, 0.0429
0.8189, 0.0429
0.8228, 0.0402
0.8228, 0.0402
0.8228, 0.0402
0.8228, 0.0402
0.8228, 0.0402
0.8268, 0.0402
0.8268, 0.0402
0.8307, 0.0402
0.8307, 0.0402
0.8307, 0.0402
0.8307, 0.0402
0.8307, 0.0402
0.8307, 0.0402
0.8307, 0.0402
0.8307, 0.0402
0.8307, 0.0402
0.8307, 0.0402
0.8307, 0.0402
0.8307, 0.0402
0.8307, 0.0402
0.8307, 0.0402
0.8307, 0.0402
0.8307, 0.0402
0.8307, 0.0402
0.8307, 0.0402
0.8307, 0.0402
0.8307, 0.0402
0.8307, 0.0402
0.8307, 0.0402
0.8307, 0.0402
0.8307, 0.0402
0.8307, 0.0402
0.8307, 0.0402
0.8307, 0.0402
0.8307, 0.0402
0.8307, 0.0402
0.8307, 0.0402
0.8307, 0.0402
0.8307, 0.0402
0.8307, 0.0402
0.8307, 0.0402
0.8307, 0.0402
0.8307, 0.0402
0.8307, 0.0402
0.8307, 0.0402
0.8307, 0.0402
0.8307, 0.0402
0.8307, 0.0402
0.8307, 0.0402
0.8307, 0.0402
0.8307, 0.0402
0.8307, 0.0402
0.8307, 0.0402
0.8307, 0.0402
0.8307, 0.0402
0.8307, 0.0402
0.8307, 0.0402
0.8307, 0.0402
0.8307, 0.0402
0.8307, 0.0402
0.8307, 0.0402
0.8307, 0.0402
0.8307, 0.0402
0.8307, 0.0402
0.8307, 0.0402
0.8307, 0.0402
0.8307, 0.0402
0.8307, 0.0402
0.8307, 0.0402
0.8307, 0.0402
0.8307, 0.0402
0.8307, 0.0402
0.8307, 0.0402
0.8307, 0.0402
0.8307, 0.0402
0.8307, 0.0402
0.8307, 0.0402
0.8307, 0.0402
0.8307, 0.0402
0.8307, 0.0402
0.8307, 0.0402
0.8307, 0.0402
0.8307, 0.0402
0.8307, 0.0402
0.8307, 0.0402
0.8307, 0.0402
0.8307, 0.0402
0.8307, 0.0402
0.8307, 0.0402
0.8307, 0.0402
0.8386, 0.0402
0.8386, 0.0402
0.8386, 0.0375
0.8386, 0.0375
0.8386, 0.0375
0.8386, 0.0375
0.8386, 0.0375
0.8386, 0.0375
0.8386, 0.0375
0.8386, 0.0375
0.8386, 0.0375
0.8386, 0.0375
0.8386, 0.0375
0.8386, 0.0375
0.8425, 0.0375
0.8425, 0.0375
0.8465, 0.0349
0.8465, 0.0349
0.8465, 0.0349
0.8504, 0.0349
0.8504, 0.0349
0.8504, 0.0349
0.8504, 0.0349
0.8543, 0.0349
0.8543, 0.0349
0.8622, 0.0322
0.8622, 0.0322
0.8622, 0.0322
0.8622, 0.0322
0.8622, 0.0322
0.8661, 0.0295
0.8661, 0.0295
0.8701, 0.0295
0.8701, 0.0295
0.8740, 0.0295
0.8740, 0.0295
0.8740, 0.0268
0.8740, 0.0268
0.8780, 0.0268
0.8780, 0.0268
0.8780, 0.0268
0.8780, 0.0268
0.8780, 0.0268
0.8780, 0.0268
0.8780, 0.0268
0.8780, 0.0268
0.8819, 0.0268
0.8819, 0.0268
0.8819, 0.0268
0.8819, 0.0268
0.8819, 0.0268
0.8819, 0.0268
0.8819, 0.0268
0.8819, 0.0268
0.8819, 0.0268
0.8819, 0.0268
0.8819, 0.0268
0.8819, 0.0268
0.8819, 0.0268
0.8819, 0.0268
0.8858, 0.0268
0.8858, 0.0268
0.8898, 0.0241
0.8898, 0.0241
0.8937, 0.0241
0.8937, 0.0241
0.8937, 0.0241
0.8976, 0.0241
0.8976, 0.0241
0.9016, 0.0214
0.9016, 0.0214
0.9055, 0.0214
0.9055, 0.0214
0.9055, 0.0214
0.9055, 0.0214
0.9055, 0.0214
0.9094, 0.0214
0.9094, 0.0214
0.9134, 0.0214
0.9134, 0.0214
0.9134, 0.0214
0.9134, 0.0214
0.9134, 0.0214
0.9134, 0.0214
0.9134, 0.0214
0.9134, 0.0214
0.9134, 0.0214
0.9173, 0.0214
0.9173, 0.0214
0.9173, 0.0214
0.9173, 0.0214
0.9173, 0.0214
0.9252, 0.0188
0.9252, 0.0188
0.9252, 0.0188
0.9252, 0.0188
0.9252, 0.0188
0.9291, 0.0188
0.9291, 0.0188
0.9331, 0.0161
0.9331, 0.0161
0.9331, 0.0161
0.9331, 0.0161
0.9370, 0.0161
0.9370, 0.0161
0.9370, 0.0161
0.9409, 0.0161
0.9409, 0.0161
0.9409, 0.0161
0.9409, 0.0161
0.9449, 0.0134
0.9449, 0.0134
0.9449, 0.0134
0.9449, 0.0134
0.9449, 0.0134
0.9449, 0.0134
0.9449, 0.0134
0.9449, 0.0134
0.9449, 0.0134
0.9488, 0.0134
0.9488, 0.0134
0.9488, 0.0134
0.9528, 0.0134
0.9528, 0.0134
0.9567, 0.0134
0.9567, 0.0134
0.9606, 0.0107
0.9606, 0.0107
0.9646, 0.0107
0.9646, 0.0107
0.9646, 0.0080
0.9646, 0.0080
0.9646, 0.0080
0.9685, 0.0080
0.9685, 0.0080
0.9724, 0.0080
0.9724, 0.0080
0.9764, 0.0080
0.9764, 0.0080
0.9764, 0.0080
0.9764, 0.0080
0.9764, 0.0080
0.9764, 0.0080
0.9764, 0.0080
0.9764, 0.0080
0.9764, 0.0080
0.9764, 0.0080
0.9764, 0.0080
0.9764, 0.0080
0.9764, 0.0080
0.9764, 0.0080
0.9764, 0.0080
0.9764, 0.0080
0.9764, 0.0080
0.9764, 0.0080
0.9764, 0.0080
0.9764, 0.0080
0.9764, 0.0080
0.9764, 0.0080
0.9764, 0.0080
0.9764, 0.0080
0.9764, 0.0080
0.9764, 0.0080
0.9764, 0.0080
0.9764, 0.0080
0.9764, 0.0080
0.9764, 0.0080
0.9764, 0.0080
0.9764, 0.0080
0.9764, 0.0080
0.9764, 0.0080
0.9764, 0.0080
0.9764, 0.0080
0.9764, 0.0080
0.9764, 0.0080
0.9764, 0.0080
0.9764, 0.0080
0.9764, 0.0080
0.9764, 0.0080
0.9764, 0.0080
0.9764, 0.0080
0.9764, 0.0080
0.9764, 0.0080
0.9764, 0.0080
0.9764, 0.0080
0.9764, 0.0080
0.9764, 0.0080
0.9764, 0.0080
0.9764, 0.0080
0.9764, 0.0080
0.9764, 0.0080
0.9764, 0.0080
0.9764, 0.0080
0.9764, 0.0080
0.9764, 0.0080
0.9764, 0.0080
0.9764, 0.0080
0.9764, 0.0080
0.9764, 0.0080
0.9764, 0.0080
0.9764, 0.0080
0.9764, 0.0080
0.9764, 0.0080
0.9764, 0.0080
0.9764, 0.0080
0.9764, 0.0080
0.9764, 0.0080
0.9764, 0.0080
0.9764, 0.0080
0.0000, 1.0000
0.0000, 1.0000
0.0000, 1.0000
0.0000, 1.0000
0.0000, 1.0000
0.0000, 1.0000
0.0000, 1.0000
0.0000, 1.0000
0.0000, 1.0000
0.0000, 1.0000
0.0000, 1.0000
0.0000, 1.0000
0.0000, 1.0000
0.0000, 1.0000
0.0000, 1.0000
0.0000, 1.0000
0.0000, 1.0000
0.0000, 1.0000
0.0000, 1.0000
0.0000, 1.0000
0.0000, 1.0000
0.0000, 1.0000
0.0000, 1.0000
0.0000, 1.0000
0.0000, 1.0000
0.0000, 1.0000
0.0000, 1.0000
0.0000, 1.0000
0.0000, 1.0000
0.0000, 1.0000
0.0000, 1.0000
0.0000, 1.0000
0.0000, 1.0000
0.0000, 1.0000
0.0000, 1.0000
0.0000, 1.0000
0.0000, 1.0000
0.0000, 1.0000
0.0000, 1.0000
0.0000, 1.0000
0.0000, 1.0000
0.0000, 1.0000
0.0000, 1.0000
0.0000, 1.0000
