0.1129, 0.2800
0.1129, 0.2800
0.1129, 0.2800
0.1129, 0.2800
0.1129, 0.2800
0.1129, 0.2800
0.1129, 0.2800
0.1129, 0.2800
0.1129, 0.2800
0.1129, 0.2800
0.1129, 0.2800
0.1129, 0.2800
0.1129, 0.2800
0.1129, 0.2800
0.1129, 0.2800
0.1129, 0.2800
0.1129, 0.2800
0.1129, 0.2800
0.1129, 0.2800
0.1129, 0.2800
0.1129, 0.2800
0.1129, 0.2800
0.1129, 0.2800
0.1129, 0.2800
0.1129, 0.2800
0.1129, 0.2800
0.1129, 0.2800
0.1129, 0.2800
0.1129, 0.2800
0.1129, 0.2800
0.1129, 0.2800
0.1129, 0.2800
0.1129, 0.2800
0.1129, 0.2800
0.1129, 0.2800
0.1129, 0.2800
0.1129, 0.2800
0.1129, 0.2800
0.1129, 0.2800
0.1129, 0.2800
0.1129, 0.2800
0.1129, 0.2800
0.1129, 0.2800
0.1129, 0.2800
0.1129, 0.2800
0.1129, 0.2800
0.1129, 0.2800
0.1129, 0.2800
0.1129, 0.2800
0.1129, 0.2800
0.1129, 0.2800
0.1129, 0.2800
0.1129, 0.2800
0.1129, 0.2800
0.1129, 0.2800
0.1129, 0.2800
0.1129, 0.2800
0.1129, 0.2800
0.1129, 0.2800
0.1129, 0.2800
0.1129, 0.2800
0.1129, 0.2800
0.1129, 0.2800
0.1129, 0.2800
0.1129, 0.2800
0.1129, 0.2800
0.1129, 0.2800
0.1129, 0.2800
0.1169, 0.2800
0.1169, 0.2800
0.1169, 0.2800
0.1210, 0.2773
0.1210, 0.2773
0.1210, 0.2773
0.1210, 0.2773
0.1210, 0.2773
0.1210, 0.2773
0.1210, 0.2773
0.1210, 0.2773
0.1210, 0.2773
0.1210, 0.2773
0.1210, 0.2773
0.1210, 0.2773
0.1210, 0.2773
0.1210, 0.2773
0.1250, 0.2747
0.1250, 0.2747
0.1250, 0.2747
0.1250, 0.2747
0.1250, 0.2747
0.1250, 0.2747
0.1250, 0.2747
0.1290, 0.2747
0.1290, 0.2747
0.1290, 0.2747
0.1290, 0.2747
0.1290, 0.2747
0.1290, 0.2747
0.1290, 0.2747
0.1290, 0.2747
0.1331, 0.2720
0.1331, 0.2720
0.1331, 0.2720
0.1331, 0.2720
0.1331, 0.2720
0.1331, 0.2720
0.1331, 0.2720
0.1331, 0.2720
0.1331, 0.2720
0.1371, 0.2720
0.1371, 0.2720
0.1371, 0.2720
0.1371, 0.2720
0.1411, 0.2693
0.1411, 0.2693
0.1411, 0.2693
0.1411, 0.2693
0.1411, 0.2693
0.1411, 0.2693
0.1411, 0.2693
0.1411, 0.2693
0.1411, 0.2693
0.1452, 0.2667
0.1452, 0.2667
0.1452, 0.2667
0.1452, 0.2667
0.1452, 0.2667
0.1452, 0.2667
0.1452, 0.2667
0.1452, 0.2667
0.1492, 0.2667
0.1492, 0.2667
0.1492, 0.2667
0.1492, 0.2667
0.1492, 0.2667
0.1492, 0.2667
0.1492, 0.2667
0.1492, 0.2667
0.1492, 0.2667
0.1492, 0.2667
0.1492, 0.2667
0.1492, 0.2667
0.1492, 0.2667
0.1532, 0.2640
0.1532, 0.2640
0.1532, 0.2640
0.1532, 0.2640
0.1532, 0.2640
0.1532, 0.2640
0.1532, 0.2640
0.1532, 0.2640
0.1573, 0.2640
0.1573, 0.2640
0.1573, 0.2640
0.1573, 0.2640
0.1573, 0.2640
0.1573, 0.2613
0.1573, 0.2613
0.1573, 0.2613
0.1573, 0.2613
0.1613, 0.2613
0.1613, 0.2613
0.1613, 0.2613
0.1613, 0.2613
0.1613, 0.2613
0.1613, 0.2613
0.1613, 0.2613
0.1613, 0.2613
0.1613, 0.2613
0.1613, 0.2613
0.1613, 0.2613
0.1613, 0.2613
0.1613, 0.2613
0.1613, 0.2613
0.1613, 0.2613
0.1613, 0.2613
0.1613, 0.2613
0.1653, 0.2613
0.1653, 0.2613
0.1653, 0.2613
0.1653, 0.2613
0.1653, 0.2613
0.1653, 0.2613
0.1653, 0.2613
0.1653, 0.2613
0.1653, 0.2613
0.1694, 0.2587
0.1694, 0.2587
0.1694, 0.2587
0.1694, 0.2587
0.1694, 0.2587
0.1694, 0.2587
0.1694, 0.2587
0.1694, 0.2587
0.1694, 0.2587
0.1694, 0.2587
0.1694, 0.2587
0.1694, 0.2587
0.1694, 0.2587
0.1694, 0.2587
0.1694, 0.2587
0.1694, 0.2587
0.1694, 0.2587
0.1734, 0.2560
0.1734, 0.2560
0.1734, 0.2560
0.1734, 0.2560
0.1734, 0.2560
0.1734, 0.2560
0.1734, 0.2560
0.1734, 0.2560
0.1734, 0.2560
0.1774, 0.2560
0.1774, 0.2560
0.1774, 0.2560
0.1774, 0.2533
0.1774, 0.2533
0.1774, 0.2533
0.1774, 0.2533
0.1774, 0.2533
0.1815, 0.2533
0.1815, 0.2533
0.1815, 0.2533
0.1815, 0.2533
0.1815, 0.2533
0.1815, 0.2533
0.1815, 0.2533
0.1815, 0.2533
0.1855, 0.2533
0.1855, 0.2533
0.1855, 0.2533
0.1855, 0.2533
0.1855, 0.2533
0.1855, 0.2533
0.1855, 0.2533
0.1895, 0.2533
0.1895, 0.2533
0.1895, 0.2533
0.1895, 0.2533
0.1895, 0.2507
0.1895, 0.2507
0.1895, 0.2507
0.1895, 0.2507
0.1935, 0.2507
0.1935, 0.2507
0.1935, 0.2507
0.1935, 0.2507
0.1935, 0.2507
0.1935, 0.2507
0.1935, 0.2507
0.1935, 0.2507
0.1976, 0.2480
0.1976, 0.2480
0.1976, 0.2480
0.1976, 0.2480
0.1976, 0.2480
0.1976, 0.2480
0.1976, 0.2480
0.1976, 0.2480
0.1976, 0.2480
0.2016, 0.2480
0.2016, 0.2480
0.2016, 0.2480
0.2016, 0.2480
0.2016, 0.2480
0.2016, 0.2480
0.2016, 0.2480
0.2016, 0.2480
0.2016, 0.2480
0.2016, 0.2480
0.2016, 0.2480
0.2016, 0.2480
0.2016, 0.2480
0.2056, 0.2480
0.2056, 0.2480
0.2056, 0.2480
0.2056, 0.2480
0.2097, 0.2480
0.2097, 0.2480
0.2097, 0.2480
0.2097, 0.2480
0.2097, 0.2453
0.2097, 0.2453
0.2097, 0.2453
0.2097, 0.2453
0.2097, 0.2453
0.2097, 0.2453
0.2097, 0.2453
0.2137, 0.2453
0.2137, 0.2453
0.2137, 0.2453
0.2137, 0.2453
0.2137, 0.2453
0.2137, 0.2453
0.2137, 0.2453
0.2137, 0.2453
0.2137, 0.2453
0.2137, 0.2453
0.2137, 0.2453
0.2137, 0.2453
0.2177, 0.2427
0.2177, 0.2427
0.2177, 0.2427
0.2177, 0.2427
0.2177, 0.2427
0.2177, 0.2427
0.2177, 0.2427
0.2177, 0.2427
0.2177, 0.2427
0.2177, 0.2427
0.2177, 0.2427
0.2177, 0.2427
0.2218, 0.2427
0.2218, 0.2427
0.2218, 0.2427
0.2218, 0.2427
0.2218, 0.2427
0.2218, 0.2427
0.2218, 0.2427
0.2218, 0.2427
0.2218, 0.2427
0.2258, 0.2400
0.2258, 0.2400
0.2258, 0.2400
0.2298, 0.2400
0.2298, 0.2400
0.2298, 0.2400
0.2298, 0.2400
0.2298, 0.2400
0.2298, 0.2400
0.2298, 0.2400
0.2298, 0.2400
0.2298, 0.2400
0.2298, 0.2400
0.2298, 0.2400
0.2298, 0.2400
0.2339, 0.2400
0.2339, 0.2400
0.2339, 0.2400
0.2339, 0.2400
0.2379, 0.2400
0.2379, 0.2400
0.2379, 0.2400
0.2379, 0.2400
0.2379, 0.2400
0.2379, 0.2400
0.2379, 0.2400
0.2379, 0.2400
0.2379, 0.2373
0.2379, 0.2373
0.2379, 0.2373
0.2379, 0.2373
0.2419, 0.2373
0.2419, 0.2373
0.2419, 0.2373
0.2419, 0.2373
0.2419, 0.2373
0.2419, 0.2373
0.2419, 0.2373
0.2419, 0.2373
0.2460, 0.2373
0.2460, 0.2373
0.2460, 0.2373
0.2460, 0.2373
0.2460, 0.2373
0.2460, 0.2373
0.2460, 0.2373
0.2460, 0.2373
0.2500, 0.2373
0.2500, 0.2373
0.2500, 0.2373
0.2500, 0.2373
0.2500, 0.2373
0.2500, 0.2373
0.2500, 0.2373
0.2500, 0.2373
0.2500, 0.2373
0.2500, 0.2373
0.2500, 0.2373
0.2500, 0.2373
0.2500, 0.2373
0.2540, 0.2347
0.2540, 0.2347
0.2540, 0.2347
0.2540, 0.2347
0.2540, 0.2347
0.2540, 0.2347
0.2540, 0.2347
0.2581, 0.2347
0.2581, 0.2347
0.2581, 0.2347
0.2581, 0.2347
0.2581, 0.2347
0.2581, 0.2347
0.2581, 0.2347
0.2581, 0.2347
0.2581, 0.2347
0.2581, 0.2347
0.2581, 0.2347
0.2581, 0.2347
0.2621, 0.2347
0.2621, 0.2347
0.2621, 0.2347
0.2621, 0.2347
0.2621, 0.2347
0.2621, 0.2347
0.2621, 0.2347
0.2621, 0.2347
0.2661, 0.2347
0.2661, 0.2347
0.2661, 0.2347
0.2702, 0.2347
0.2702, 0.2347
0.2702, 0.2347
0.2702, 0.2347
0.2702, 0.2347
0.2702, 0.2347
0.2702, 0.2347
0.2702, 0.2347
0.2742, 0.2347
0.2742, 0.2347
0.2742, 0.2347
0.2742, 0.2347
0.2742, 0.2347
0.2742, 0.2347
0.2742, 0.2347
0.2742, 0.2347
0.2782, 0.2347
0.2782, 0.2347
0.2782, 0.2347
0.2782, 0.2347
0.2782, 0.2347
0.2782, 0.2347
0.2782, 0.2347
0.2782, 0.2347
0.2782, 0.2347
0.2782, 0.2347
0.2782, 0.2347
0.2823, 0.2347
0.2823, 0.2347
0.2823, 0.2347
0.2823, 0.2347
0.2823, 0.2347
0.2823, 0.2347
0.2823, 0.2347
0.2823, 0.2347
0.2863, 0.2347
0.2863, 0.2347
0.2863, 0.2347
0.2863, 0.2347
0.2903, 0.2347
0.2903, 0.2347
0.2903, 0.2347
0.2903, 0.2347
0.2903, 0.2347
0.2903, 0.2347
0.2903, 0.2347
0.2903, 0.2347
0.2903, 0.2347
0.2903, 0.2347
0.2903, 0.2347
0.2903, 0.2347
0.2944, 0.2347
0.2944, 0.2347
0.2944, 0.2347
0.2944, 0.2347
0.2944, 0.2347
0.2944, 0.2347
0.2984, 0.2347
0.2984, 0.2347
0.2984, 0.2347
0.2984, 0.2347
0.2984, 0.2347
0.2984, 0.2347
0.2984, 0.2347
0.2984, 0.2347
0.2984, 0.2347
0.2984, 0.2347
0.2984, 0.2347
0.2984, 0.2347
0.3024, 0.2347
0.3024, 0.2347
0.3024, 0.2347
0.3024, 0.2347
0.3024, 0.2320
0.3024, 0.2320
0.3024, 0.2320
0.3065, 0.2320
0.3065, 0.2320
0.3065, 0.2320
0.3065, 0.2320
0.3065, 0.2320
0.3065, 0.2320
0.3065, 0.2320
0.3065, 0.2320
0.3065, 0.2320
0.3105, 0.2320
0.3105, 0.2320
0.3105, 0.2320
0.3105, 0.2320
0.3105, 0.2320
0.3105, 0.2320
0.3105, 0.2320
0.3105, 0.2320
0.3105, 0.2320
0.3105, 0.2320
0.3105, 0.2320
0.3145, 0.2320
0.3145, 0.2320
0.3145, 0.2320
0.3145, 0.2320
0.3145, 0.2320
0.3145, 0.2320
0.3145, 0.2320
0.3185, 0.2320
0.3185, 0.2320
0.3185, 0.2320
0.3185, 0.2320
0.3185, 0.2320
0.3185, 0.2320
0.3185, 0.2320
0.3185, 0.2320
0.3185, 0.2320
0.3185, 0.2320
0.3185, 0.2320
0.3185, 0.2320
0.3185, 0.2320
0.3185, 0.2320
0.3185, 0.2320
0.3226, 0.2320
0.3226, 0.2320
0.3226, 0.2320
0.3226, 0.2320
0.3226, 0.2320
0.3226, 0.2320
0.3226, 0.2320
0.3266, 0.2320
0.3266, 0.2320
0.3266, 0.2320
0.3266, 0.2320
0.3306, 0.2320
0.3306, 0.2320
0.3306, 0.2320
0.3306, 0.2320
0.3306, 0.2320
0.3306, 0.2320
0.3306, 0.2320
0.3306, 0.2320
0.3306, 0.2320
0.3306, 0.2320
0.3306, 0.2320
0.3306, 0.2320
0.3306, 0.2320
0.3306, 0.2320
0.3306, 0.2320
0.3306, 0.2320
0.3347, 0.2320
0.3347, 0.2320
0.3347, 0.2320
0.3347, 0.2320
0.3387, 0.2320
0.3387, 0.2320
0.3387, 0.2320
0.3387, 0.2320
0.3387, 0.2320
0.3387, 0.2320
0.3387, 0.2320
0.3387, 0.2320
0.3387, 0.2320
0.3387, 0.2320
0.3387, 0.2320
0.3387, 0.2320
0.3387, 0.2320
0.3387, 0.2320
0.3387, 0.2320
0.3387, 0.2320
0.3427, 0.2320
0.3427, 0.2320
0.3427, 0.2320
0.3427, 0.2293
0.3427, 0.2293
0.3427, 0.2293
0.3427, 0.2293
0.3468, 0.2293
0.3468, 0.2293
0.3468, 0.2293
0.3468, 0.2293
0.3468, 0.2293
0.3468, 0.2293
0.3468, 0.2293
0.3468, 0.2293
0.3468, 0.2293
0.3468, 0.2293
0.3468, 0.2293
0.3468, 0.2293
0.3508, 0.2293
0.3508, 0.2293
0.3508, 0.2293
0.3548, 0.2293
0.3548, 0.2293
0.3548, 0.2293
0.3548, 0.2293
0.3548, 0.2293
0.3548, 0.2293
0.3548, 0.2293
0.3548, 0.2293
0.3589, 0.2293
0.3589, 0.2293
0.3589, 0.2293
0.3589, 0.2293
0.3589, 0.2293
0.3589, 0.2293
0.3589, 0.2293
0.3589, 0.2293
0.3589, 0.2293
0.3589, 0.2293
0.3589, 0.2293
0.3589, 0.2293
0.3629, 0.2293
0.3629, 0.2293
0.3629, 0.2293
0.3629, 0.2293
0.3629, 0.2293
0.3629, 0.2293
0.3669, 0.2293
0.3669, 0.2293
0.3669, 0.2293
0.3669, 0.2293
0.3669, 0.2293
0.3669, 0.2293
0.3669, 0.2293
0.3669, 0.2293
0.3669, 0.2293
0.3669, 0.2293
0.3669, 0.2293
0.3710, 0.2293
0.3710, 0.2293
0.3710, 0.2293
0.3710, 0.2293
0.3710, 0.2293
0.3710, 0.2293
0.3710, 0.2293
0.3750, 0.2293
0.3750, 0.2293
0.3750, 0.2293
0.3750, 0.2293
0.3750, 0.2293
0.3750, 0.2293
0.3750, 0.2293
0.3750, 0.2293
0.3790, 0.2293
0.3790, 0.2293
0.3790, 0.2293
0.3790, 0.2293
0.3790, 0.2293
0.3790, 0.2293
0.3790, 0.2293
0.3790, 0.2293
0.3790, 0.2293
0.3790, 0.2293
0.3790, 0.2293
0.3831, 0.2293
0.3831, 0.2293
0.3831, 0.2293
0.3831, 0.2293
0.3871, 0.2293
0.3871, 0.2293
0.3871, 0.2293
0.3871, 0.2293
0.3871, 0.2293
0.3871, 0.2293
0.3871, 0.2293
0.3871, 0.2293
0.3871, 0.2293
0.3871, 0.2293
0.3871, 0.2293
0.3871, 0.2293
0.3871, 0.2293
0.3871, 0.2293
0.3871, 0.2293
0.3911, 0.2293
0.3911, 0.2293
0.3911, 0.2293
0.3952, 0.2293
0.3952, 0.2293
0.3952, 0.2293
0.3952, 0.2293
0.3992, 0.2293
0.3992, 0.2293
0.3992, 0.2293
0.3992, 0.2293
0.3992, 0.2293
0.3992, 0.2293
0.3992, 0.2293
0.3992, 0.2293
0.3992, 0.2293
0.3992, 0.2293
0.3992, 0.2293
0.3992, 0.2293
0.3992, 0.2293
0.3992, 0.2293
0.3992, 0.2293
0.4032, 0.2293
0.4032, 0.2293
0.4032, 0.2293
0.4073, 0.2293
0.4073, 0.2293
0.4073, 0.2293
0.4073, 0.2293
0.4073, 0.2293
0.4073, 0.2293
0.4073, 0.2293
0.4073, 0.2293
0.4073, 0.2293
0.4073, 0.2293
0.4073, 0.2293
0.4073, 0.2293
0.4113, 0.2293
0.4113, 0.2293
0.4113, 0.2293
0.4113, 0.2293
0.4113, 0.2293
0.4113, 0.2293
0.4113, 0.2293
0.4153, 0.2293
0.4153, 0.2293
0.4153, 0.2293
0.4153, 0.2293
0.4153, 0.2293
0.4153, 0.2293
0.4153, 0.2293
0.4194, 0.2293
0.4194, 0.2293
0.4194, 0.2293
0.4194, 0.2293
0.4194, 0.2293
0.4194, 0.2293
0.4194, 0.2293
0.4194, 0.2293
0.4194, 0.2293
0.4194, 0.2293
0.4194, 0.2293
0.4194, 0.2293
0.4194, 0.2293
0.4194, 0.2293
0.4194, 0.2293
0.4234, 0.2320
0.4234, 0.2320
0.4234, 0.2320
0.4234, 0.2320
0.4234, 0.2320
0.4234, 0.2320
0.4234, 0.2320
0.4234, 0.2320
0.4274, 0.2320
0.4274, 0.2320
0.4274, 0.2320
0.4274, 0.2320
0.4274, 0.2320
0.4274, 0.2320
0.4274, 0.2320
0.4274, 0.2320
0.4274, 0.2320
0.4274, 0.2320
0.4315, 0.2320
0.4315, 0.2320
0.4315, 0.2320
0.4315, 0.2320
0.4355, 0.2320
0.4355, 0.2320
0.4355, 0.2320
0.4395, 0.2320
0.4395, 0.2320
0.4395, 0.2320
0.4395, 0.2320
0.4395, 0.2320
0.4395, 0.2320
0.4395, 0.2320
0.4435, 0.2320
0.4435, 0.2320
0.4435, 0.2320
0.4435, 0.2320
0.4435, 0.2347
0.4435, 0.2347
0.4435, 0.2347
0.4476, 0.2347
0.4476, 0.2347
0.4476, 0.2347
0.4476, 0.2347
0.4476, 0.2347
0.4476, 0.2347
0.4476, 0.2347
0.4476, 0.2347
0.4476, 0.2347
0.4476, 0.2347
0.4476, 0.2347
0.4476, 0.2347
0.4476, 0.2373
0.4476, 0.2373
0.4476, 0.2373
0.4476, 0.2373
0.4476, 0.2373
0.4476, 0.2373
0.4476, 0.2373
0.4516, 0.2373
0.4516, 0.2373
0.4516, 0.2373
0.4516, 0.2373
0.4516, 0.2373
0.4516, 0.2373
0.4516, 0.2373
0.4516, 0.2373
0.4516, 0.2373
0.4516, 0.2373
0.4516, 0.2373
0.4556, 0.2373
0.4556, 0.2373
0.4556, 0.2373
0.4597, 0.2373
0.4597, 0.2373
0.4597, 0.2373
0.4597, 0.2373
0.4597, 0.2373
0.4597, 0.2373
0.4597, 0.2373
0.4597, 0.2373
0.4597, 0.2373
0.4597, 0.2373
0.4597, 0.2373
0.4637, 0.2373
0.4637, 0.2373
0.4637, 0.2373
0.4677, 0.2400
0.4677, 0.2400
0.4677, 0.2400
0.4677, 0.2400
0.4677, 0.2400
0.4677, 0.2400
0.4677, 0.2400
0.4718, 0.2400
0.4718, 0.2400
0.4718, 0.2400
0.4718, 0.2400
0.4718, 0.2400
0.4718, 0.2400
0.4718, 0.2400
0.4718, 0.2400
0.4758, 0.2400
0.4758, 0.2400
0.4758, 0.2400
0.4758, 0.2400
0.4758, 0.2400
0.4758, 0.2400
0.4758, 0.2400
0.4758, 0.2427
0.4758, 0.2427
0.4758, 0.2427
0.4798, 0.2427
0.4798, 0.2427
0.4798, 0.2427
0.4798, 0.2427
0.4798, 0.2427
0.4798, 0.2427
0.4798, 0.2427
0.4839, 0.2427
0.4839, 0.2427
0.4839, 0.2427
0.4879, 0.2427
0.4879, 0.2427
0.4879, 0.2427
0.4879, 0.2427
0.4879, 0.2427
0.4879, 0.2427
0.4879, 0.2427
0.4879, 0.2427
0.4879, 0.2427
0.4879, 0.2427
0.4879, 0.2427
0.4919, 0.2453
0.4919, 0.2453
0.4919, 0.2453
0.4919, 0.2453
0.4919, 0.2453
0.4919, 0.2453
0.4919, 0.2453
0.4960, 0.2453
0.4960, 0.2453
0.4960, 0.2453
0.4960, 0.2453
0.4960, 0.2453
0.4960, 0.2453
0.4960, 0.2453
0.5000, 0.2453
0.5000, 0.2453
0.5000, 0.2453
0.5000, 0.2453
0.5000, 0.2453
0.5000, 0.2453
0.5000, 0.2453
0.5040, 0.2453
0.5040, 0.2453
0.5040, 0.2453
0.5081, 0.2453
0.5081, 0.2453
0.5081, 0.2453
0.5081, 0.2480
0.5081, 0.2480
0.5081, 0.2480
0.5081, 0.2480
0.5121, 0.2480
0.5121, 0.2480
0.5121, 0.2480
0.5161, 0.2480
0.5161, 0.2480
0.5161, 0.2480
0.5161, 0.2480
0.5161, 0.2480
0.5161, 0.2480
0.5161, 0.2480
0.5161, 0.2507
0.5161, 0.2507
0.5161, 0.2507
0.5202, 0.2507
0.5202, 0.2507
0.5202, 0.2507
0.5202, 0.2507
0.5242, 0.2507
0.5242, 0.2507
0.5242, 0.2507
0.5242, 0.2507
0.5242, 0.2507
0.5242, 0.2507
0.5242, 0.2507
0.5282, 0.2507
0.5282, 0.2507
0.5282, 0.2507
0.5282, 0.2507
0.5282, 0.2507
0.5282, 0.2507
0.5282, 0.2507
0.5282, 0.2507
0.5282, 0.2507
0.5282, 0.2507
0.5282, 0.2507
0.5282, 0.2507
0.5282, 0.2507
0.5323, 0.2507
0.5323, 0.2507
0.5323, 0.2507
0.5323, 0.2507
0.5363, 0.2507
0.5363, 0.2507
0.5363, 0.2507
0.5363, 0.2507
0.5363, 0.2507
0.5363, 0.2507
0.5363, 0.2507
0.5363, 0.2507
0.5363, 0.2507
0.5363, 0.2507
0.5403, 0.2533
0.5403, 0.2533
0.5403, 0.2533
0.5444, 0.2533
0.5444, 0.2533
0.5444, 0.2533
0.5444, 0.2533
0.5444, 0.2533
0.5444, 0.2533
0.5444, 0.2533
0.5484, 0.2533
0.5484, 0.2533
0.5484, 0.2533
0.5484, 0.2533
0.5484, 0.2560
0.5484, 0.2560
0.5524, 0.2560
0.5524, 0.2560
0.5524, 0.2560
0.5524, 0.2560
0.5524, 0.2560
0.5524, 0.2560
0.5524, 0.2560
0.5565, 0.2560
0.5565, 0.2560
0.5565, 0.2560
0.5565, 0.2560
0.5565, 0.2560
0.5565, 0.2560
0.5565, 0.2560
0.5565, 0.2560
0.5565, 0.2560
0.5565, 0.2560
0.5605, 0.2560
0.5605, 0.2560
0.5605, 0.2560
0.5605, 0.2560
0.5605, 0.2587
0.5605, 0.2587
0.5605, 0.2587
0.5645, 0.2587
0.5645, 0.2587
0.5645, 0.2587
0.5645, 0.2587
0.5645, 0.2587
0.5645, 0.2587
0.5645, 0.2587
0.5645, 0.2587
0.5645, 0.2587
0.5645, 0.2587
0.5645, 0.2587
0.5685, 0.2587
0.5685, 0.2587
0.5685, 0.2587
0.5685, 0.2587
0.5685, 0.2587
0.5685, 0.2587
0.5685, 0.2587
0.5685, 0.2587
0.5685, 0.2587
0.5685, 0.2587
0.5726, 0.2587
0.5726, 0.2587
0.5726, 0.2587
0.5766, 0.2587
0.5766, 0.2587
0.5766, 0.2587
0.5766, 0.2587
0.5766, 0.2587
0.5766, 0.2587
0.5766, 0.2587
0.5766, 0.2587
0.5766, 0.2587
0.5766, 0.2587
0.5806, 0.2613
0.5806, 0.2613
0.5806, 0.2613
0.5847, 0.2613
0.5847, 0.2613
0.5847, 0.2613
0.5847, 0.2613
0.5887, 0.2613
0.5887, 0.2613
0.5887, 0.2613
0.5887, 0.2613
0.5887, 0.2613
0.5887, 0.2613
0.5887, 0.2613
0.5887, 0.2613
0.5887, 0.2613
0.5887, 0.2613
0.5887, 0.2640
0.5887, 0.2640
0.5887, 0.2640
0.5887, 0.2640
0.5887, 0.2640
0.5887, 0.2640
0.5887, 0.2640
0.5927, 0.2640
0.5927, 0.2640
0.5927, 0.2640
0.5927, 0.2640
0.5927, 0.2640
0.5927, 0.2640
0.5927, 0.2640
0.5968, 0.2640
0.5968, 0.2640
0.5968, 0.2640
0.5968, 0.2640
0.5968, 0.2640
0.5968, 0.2640
0.5968, 0.2640
0.5968, 0.2640
0.5968, 0.2640
0.5968, 0.2640
0.6008, 0.2640
0.6008, 0.2640
0.6008, 0.2640
0.6048, 0.2640
0.6048, 0.2640
0.6048, 0.2640
0.6048, 0.2640
0.6048, 0.2640
0.6048, 0.2640
0.6048, 0.2640
0.6048, 0.2640
0.6048, 0.2640
0.6048, 0.2640
0.6048, 0.2640
0.6048, 0.2640
0.6048, 0.2640
0.6089, 0.2640
0.6089, 0.2640
0.6089, 0.2640
0.6089, 0.2640
0.6089, 0.2640
0.6089, 0.2640
0.6129, 0.2667
0.6129, 0.2667
0.6129, 0.2667
0.6129, 0.2667
0.6129, 0.2667
0.6129, 0.2667
0.6129, 0.2667
0.6129, 0.2667
0.6129, 0.2667
0.6129, 0.2667
0.6129, 0.2667
0.6169, 0.2667
0.6169, 0.2667
0.6169, 0.2667
0.6169, 0.2667
0.6169, 0.2667
0.6169, 0.2667
0.6169, 0.2667
0.6169, 0.2667
0.6169, 0.2667
0.6169, 0.2667
0.6210, 0.2667
0.6210, 0.2667
0.6210, 0.2667
0.6250, 0.2693
0.6250, 0.2693
0.6250, 0.2693
0.6250, 0.2693
0.6250, 0.2693
0.6250, 0.2693
0.6250, 0.2693
0.6250, 0.2693
0.6250, 0.2693
0.6250, 0.2693
0.6290, 0.2693
0.6290, 0.2693
0.6290, 0.2693
0.6290, 0.2693
0.6290, 0.2693
0.6290, 0.2693
0.6290, 0.2693
0.6331, 0.2693
0.6331, 0.2693
0.6331, 0.2693
0.6331, 0.2693
0.6331, 0.2693
0.6331, 0.2693
0.6331, 0.2693
0.6371, 0.2693
0.6371, 0.2693
0.6371, 0.2693
0.6371, 0.2693
0.6371, 0.2693
0.6371, 0.2693
0.6371, 0.2720
0.6371, 0.2720
0.6371, 0.2720
0.6371, 0.2720
0.6371, 0.2720
0.6371, 0.2720
0.6371, 0.2720
0.6411, 0.2720
0.6411, 0.2720
0.6411, 0.2720
0.6452, 0.2720
0.6452, 0.2720
0.6452, 0.2720
0.6452, 0.2720
0.6452, 0.2720
0.6452, 0.2720
0.6452, 0.2720
0.6452, 0.2720
0.6452, 0.2720
0.6452, 0.2720
0.6492, 0.2720
0.6492, 0.2720
0.6492, 0.2720
0.6532, 0.2720
0.6532, 0.2720
0.6532, 0.2720
0.6532, 0.2720
0.6573, 0.2720
0.6573, 0.2720
0.6573, 0.2720
0.6573, 0.2720
0.6573, 0.2720
0.6573, 0.2720
0.6573, 0.2720
0.6573, 0.2720
0.6573, 0.2720
0.6573, 0.2720
0.6613, 0.2747
0.6613, 0.2747
0.6613, 0.2747
0.6613, 0.2747
0.6613, 0.2747
0.6613, 0.2747
0.6653, 0.2747
0.6653, 0.2747
0.6653, 0.2747
0.6653, 0.2747
0.6653, 0.2747
0.6653, 0.2747
0.6653, 0.2747
0.6653, 0.2747
0.6653, 0.2747
0.6653, 0.2747
0.6653, 0.2747
0.6653, 0.2747
0.6653, 0.2747
0.6653, 0.2747
0.6694, 0.2747
0.6694, 0.2747
0.6694, 0.2747
0.6734, 0.2747
0.6734, 0.2747
0.6734, 0.2747
0.6774, 0.2773
0.6774, 0.2773
0.6774, 0.2773
0.6774, 0.2773
0.6774, 0.2773
0.6774, 0.2773
0.6774, 0.2773
0.6774, 0.2773
0.6774, 0.2773
0.6774, 0.2773
0.6774, 0.2773
0.6815, 0.2773
0.6815, 0.2773
0.6815, 0.2773
0.6855, 0.2773
0.6855, 0.2773
0.6855, 0.2773
0.6855, 0.2773
0.6855, 0.2773
0.6855, 0.2773
0.6855, 0.2773
0.6855, 0.2773
0.6855, 0.2773
0.6855, 0.2773
0.6855, 0.2773
0.6855, 0.2773
0.6855, 0.2773
0.6895, 0.2773
0.6895, 0.2773
0.6895, 0.2773
0.6895, 0.2773
0.6895, 0.2773
0.6895, 0.2773
0.6935, 0.2773
0.6935, 0.2773
0.6935, 0.2773
0.6976, 0.2773
0.6976, 0.2773
0.6976, 0.2773
0.6976, 0.2773
0.6976, 0.2773
0.6976, 0.2773
0.6976, 0.2773
0.6976, 0.2800
0.6976, 0.2800
0.6976, 0.2800
0.7016, 0.2800
0.7016, 0.2800
0.7016, 0.2800
0.7016, 0.2800
0.7016, 0.2800
0.7016, 0.2800
0.7016, 0.2800
0.7056, 0.2800
0.7056, 0.2800
0.7056, 0.2800
0.7056, 0.2800
0.7056, 0.2800
0.7056, 0.2800
0.7056, 0.2800
0.7056, 0.2800
0.7056, 0.2800
0.7056, 0.2800
0.7097, 0.2800
0.7097, 0.2800
0.7097, 0.2800
0.7137, 0.2827
0.7137, 0.2827
0.7137, 0.2827
0.7177, 0.2827
0.7177, 0.2827
0.7177, 0.2827
0.7177, 0.2827
0.7177, 0.2827
0.7177, 0.2827
0.7177, 0.2827
0.7177, 0.2827
0.7177, 0.2827
0.7177, 0.2827
0.7177, 0.2827
0.7177, 0.2827
0.7177, 0.2827
0.7218, 0.2827
0.7218, 0.2827
0.7218, 0.2827
0.7218, 0.2827
0.7218, 0.2827
0.7218, 0.2827
0.7218, 0.2827
0.7258, 0.2827
0.7258, 0.2827
0.7258, 0.2827
0.7258, 0.2827
0.7258, 0.2827
0.7258, 0.2827
0.7258, 0.2827
0.7258, 0.2827
0.7258, 0.2827
0.7258, 0.2827
0.7258, 0.2827
0.7258, 0.2827
0.7258, 0.2827
0.7258, 0.2827
0.7298, 0.2827
0.7298, 0.2827
0.7298, 0.2827
0.7339, 0.2827
0.7339, 0.2827
0.7339, 0.2853
0.7339, 0.2853
0.7339, 0.2853
0.7379, 0.2853
0.7379, 0.2853
0.7379, 0.2853
0.7379, 0.2853
0.7419, 0.2853
0.7419, 0.2853
0.7419, 0.2853
0.7460, 0.2853
0.7460, 0.2853
0.7460, 0.2853
0.7460, 0.2853
0.7460, 0.2853
0.7460, 0.2853
0.7460, 0.2853
0.7460, 0.2853
0.7460, 0.2853
0.7460, 0.2853
0.7500, 0.2853
0.7500, 0.2853
0.7500, 0.2853
0.7500, 0.2853
0.7500, 0.2853
0.7500, 0.2853
0.7540, 0.2853
0.7540, 0.2853
0.7540, 0.2853
0.7540, 0.2853
0.7540, 0.2853
0.7540, 0.2853
0.7540, 0.2853
0.7540, 0.2853
0.7540, 0.2853
0.7540, 0.2853
0.7581, 0.2853
0.7581, 0.2853
0.7581, 0.2853
0.7621, 0.2853
0.7621, 0.2853
0.7661, 0.2853
0.7661, 0.2853
0.7661, 0.2853
0.7661, 0.2853
0.7661, 0.2853
0.7661, 0.2853
0.7661, 0.2853
0.7661, 0.2853
0.7661, 0.2853
0.7702, 0.2853
0.7702, 0.2853
0.7702, 0.2853
0.7742, 0.2853
0.7742, 0.2853
0.7742, 0.2853
0.7742, 0.2853
0.7742, 0.2853
0.7742, 0.2853
0.7742, 0.2853
0.7742, 0.2853
0.7742, 0.2853
0.7782, 0.2853
0.7782, 0.2853
0.7782, 0.2853
0.7823, 0.2853
0.7823, 0.2853
0.7823, 0.2853
0.7823, 0.2853
0.7823, 0.2853
0.7823, 0.2853
0.7823, 0.2853
0.7863, 0.2853
0.7863, 0.2853
0.7863, 0.2853
0.7863, 0.2853
0.7863, 0.2853
0.7863, 0.2853
0.7903, 0.2853
0.7903, 0.2853
0.7903, 0.2853
0.7944, 0.2853
0.7944, 0.2853
0.7944, 0.2853
0.7944, 0.2853
0.7944, 0.2853
0.7944, 0.2853
0.7944, 0.2853
0.7984, 0.2853
0.7984, 0.2853
0.7984, 0.2853
0.7984, 0.2853
0.7984, 0.2853
0.7984, 0.2853
0.8024, 0.2853
0.8024, 0.2853
0.8024, 0.2853
0.8065, 0.2853
0.8065, 0.2853
0.8065, 0.2853
0.8065, 0.2853
0.8065, 0.2853
0.8065, 0.2853
0.8065, 0.2853
0.8105, 0.2853
0.8105, 0.2853
0.8105, 0.2853
0.8145, 0.2827
0.8145, 0.2827
0.8145, 0.2827
0.8145, 0.2827
0.8145, 0.2827
0.8145, 0.2827
0.8145, 0.2827
0.8145, 0.2827
0.8145, 0.2827
0.8145, 0.2827
0.8185, 0.2827
0.8185, 0.2827
0.8185, 0.2827
0.8226, 0.2827
0.8226, 0.2827
0.8226, 0.2827
0.8266, 0.2800
0.8266, 0.2800
0.8266, 0.2800
0.8266, 0.2800
0.8266, 0.2800
0.8266, 0.2800
0.8306, 0.2800
0.8306, 0.2800
0.8306, 0.2800
0.8347, 0.2800
0.8347, 0.2800
0.8347, 0.2800
0.8347, 0.2800
0.8347, 0.2800
0.8347, 0.2800
0.8387, 0.2800
0.8387, 0.2800
0.8387, 0.2800
0.8427, 0.2800
0.8427, 0.2800
0.8427, 0.2800
0.8468, 0.2773
0.8468, 0.2773
0.8468, 0.2773
0.8468, 0.2773
0.8468, 0.2773
0.8468, 0.2773
0.8468, 0.2773
0.8468, 0.2773
0.8468, 0.2773
0.8468, 0.2773
0.8508, 0.2773
0.8508, 0.2773
0.8508, 0.2773
0.8508, 0.2773
0.8508, 0.2773
0.8508, 0.2773
0.8548, 0.2773
0.8548, 0.2773
0.8548, 0.2773
0.8548, 0.2773
0.8548, 0.2773
0.8548, 0.2773
0.8548, 0.2747
0.8548, 0.2747
0.8548, 0.2747
0.8548, 0.2747
0.8548, 0.2747
0.8548, 0.2747
0.8589, 0.2747
0.8589, 0.2747
0.8589, 0.2747
0.8589, 0.2747
0.8589, 0.2747
0.8589, 0.2747
0.8589, 0.2747
0.8629, 0.2747
0.8629, 0.2747
0.8629, 0.2747
0.8629, 0.2747
0.8629, 0.2747
0.8629, 0.2747
0.8669, 0.2747
0.8669, 0.2747
0.8669, 0.2747
0.8710, 0.2720
0.8710, 0.2720
0.8710, 0.2720
0.8750, 0.2720
0.8750, 0.2720
0.8750, 0.2720
0.8750, 0.2720
0.8750, 0.2720
0.8750, 0.2720
0.8750, 0.2720
0.8750, 0.2720
0.8750, 0.2720
0.8750, 0.2693
0.8750, 0.2693
0.8790, 0.2693
0.8790, 0.2693
0.8790, 0.2693
0.8790, 0.2693
0.8790, 0.2693
0.8790, 0.2693
0.8790, 0.2693
0.8790, 0.2693
0.8790, 0.2693
0.8790, 0.2693
0.8831, 0.2693
0.8831, 0.2693
0.8831, 0.2693
0.8831, 0.2667
0.8831, 0.2667
0.8831, 0.2667
0.8831, 0.2667
0.8831, 0.2667
0.8831, 0.2667
0.8831, 0.2667
0.8831, 0.2667
0.8831, 0.2667
0.8871, 0.2667
0.8871, 0.2667
0.8871, 0.2667
0.8911, 0.2667
0.8911, 0.2667
0.8911, 0.2667
0.8952, 0.2667
0.8952, 0.2667
0.8952, 0.2667
0.8952, 0.2640
0.8952, 0.2640
0.8952, 0.2640
0.8992, 0.2640
0.8992, 0.2640
0.8992, 0.2640
0.9032, 0.2613
0.9032, 0.2613
0.9032, 0.2613
0.9032, 0.2613
0.9032, 0.2613
0.9032, 0.2613
0.9073, 0.2613
0.9073, 0.2613
0.9073, 0.2613
0.9113, 0.2613
0.9113, 0.2613
0.9113, 0.2613
0.9153, 0.2613
0.9153, 0.2613
0.9153, 0.2613
0.9153, 0.2587
0.9153, 0.2587
0.9153, 0.2587
0.9153, 0.2587
0.9153, 0.2587
0.9153, 0.2587
0.9194, 0.2587
0.9194, 0.2587
0.9194, 0.2587
0.9234, 0.2560
0.9234, 0.2560
0.9234, 0.2560
0.9234, 0.2560
0.9234, 0.2560
0.9234, 0.2560
0.9274, 0.2533
0.9274, 0.2533
0.9274, 0.2533
0.9315, 0.2533
0.9315, 0.2533
0.9355, 0.2533
0.9355, 0.2533
0.9355, 0.2533
0.9355, 0.2533
0.9355, 0.2533
0.9355, 0.2533
0.9355, 0.2533
0.9355, 0.2533
0.9355, 0.2533
0.9355, 0.2533
0.9395, 0.2507
0.9395, 0.2507
0.9395, 0.2507
0.9435, 0.2507
0.9435, 0.2507
0.9435, 0.2507
0.9435, 0.2507
0.9435, 0.2507
0.9435, 0.2507
0.9476, 0.2480
0.9476, 0.2480
0.9476, 0.2480
0.9516, 0.2480
0.9516, 0.2480
0.9516, 0.2480
0.9556, 0.2480
0.9556, 0.2480
0.9556, 0.2480
0.9556, 0.2480
0.9556, 0.2480
0.9556, 0.2480
0.9556, 0.2480
0.9556, 0.2480
0.9556, 0.2480
0.9556, 0.2480
0.9597, 0.2453
0.9597, 0.2453
0.9637, 0.2453
0.9637, 0.2453
0.9637, 0.2453
0.9637, 0.2453
0.9637, 0.2453
0.9637, 0.2453
0.9637, 0.2453
0.9637, 0.2427
0.9637, 0.2427
0.9637, 0.2427
0.9677, 0.2427
0.9677, 0.2427
0.9677, 0.2427
0.9677, 0.2427
0.9677, 0.2427
0.9677, 0.2427
0.9718, 0.2400
0.9718, 0.2400
0.9718, 0.2400
0.9758, 0.2400
0.9758, 0.2400
0.9758, 0.2400
0.9758, 0.2400
0.9758, 0.2400
0.9758, 0.2400
0.9758, 0.2400
0.9758, 0.2400
0.9758, 0.2400
0.9798, 0.2400
0.9798, 0.2400
0.9798, 0.2400
0.9839, 0.2373
0.9839, 0.2373
0.9839, 0.2373
0.9839, 0.2373
0.9839, 0.2373
0.9839, 0.2373
0.9839, 0.2373
0.9839, 0.2373
0.9839, 0.2373
0.9879, 0.2347
0.9879, 0.2347
0.9879, 0.2347
0.9879, 0.2347
0.9879, 0.2347
0.9879, 0.2347
0.9879, 0.2347
0.9879, 0.2347
0.9879, 0.2347
0.9879, 0.2347
0.9879, 0.2347
0.9879, 0.2347
0.9879, 0.2347
0.9879, 0.2347
0.9879, 0.2347
0.9879, 0.2347
0.9879, 0.2347
0.9879, 0.2347
0.9919, 0.2347
0.9919, 0.2347
0.9919, 0.2347
0.9919, 0.2347
0.9919, 0.2347
0.9919, 0.2347
0.9919, 0.2347
0.9919, 0.2347
0.9919, 0.2347
0.9919, 0.2347
0.9919, 0.2347
0.9919, 0.2347
0.9919, 0.2347
0.9919, 0.2347
0.9919, 0.2347
0.9919, 0.2347
0.9919, 0.2347
0.9919, 0.2347
0.9919, 0.2347
0.9919, 0.2347
0.9919, 0.2347
0.9919, 0.2347
0.9919, 0.2347
0.9919, 0.2347
0.9919, 0.2347
0.9919, 0.2347
0.9919, 0.2347
0.9919, 0.2347
0.9919, 0.2347
0.9919, 0.2347
0.9919, 0.2347
0.9919, 0.2347
0.9919, 0.2347
0.9919, 0.2347
0.9919, 0.2347
0.9919, 0.2347
0.9919, 0.2347
0.9919, 0.2347
0.9919, 0.2347
0.9919, 0.2347
0.9919, 0.2347
0.9919, 0.2347
0.9919, 0.2347
0.9919, 0.2347
0.9919, 0.2347
0.9919, 0.2347
0.9919, 0.2347
0.9919, 0.2347
0.9919, 0.2347
0.9919, 0.2347
0.9919, 0.2347
0.9919, 0.2347
0.9919, 0.2347
0.9919, 0.2347
0.9919, 0.2347
0.9919, 0.2347
0.9919, 0.2347
0.9919, 0.2320
0.2742, 0.2373
0.2742, 0.2373
0.2742, 0.2373
0.2742, 0.2373
0.2742, 0.2373
0.2742, 0.2373
0.2742, 0.2373
0.2742, 0.2373
0.2742, 0.2373
0.2742, 0.2373
0.2742, 0.2373
0.2742, 0.2373
0.2742, 0.2373
0.2742, 0.2373
0.2742, 0.2373
0.2742, 0.2373
0.2742, 0.2373
0.2742, 0.2373
0.2742, 0.2373
0.2742, 0.2373
0.2742, 0.2373
0.2742, 0.2373
0.2742, 0.2373
0.2742, 0.2373
0.2742, 0.2373
0.2742, 0.2373
0.2742, 0.2373
0.2742, 0.2373
0.2742, 0.2373
0.2742, 0.2373
0.2742, 0.2373
0.2742, 0.2373
0.2742, 0.2373
0.2742, 0.2373
0.2742, 0.2373
0.2742, 0.2373
0.2742, 0.2373
0.2742, 0.2373
0.2742, 0.2373
0.2742, 0.2373
0.2742, 0.2373
0.2742, 0.2373
0.2742, 0.2373
0.2742, 0.2373
0.2742, 0.2373
0.2742, 0.2373
0.2742, 0.2373
0.2742, 0.2373
0.2742, 0.2373
0.2742, 0.2373
0.2742, 0.2373
0.2742, 0.2373
0.2742, 0.2373
0.2742, 0.2373
0.2742, 0.2373
0.2742, 0.2373
0.2742, 0.2373
0.2742, 0.2373
0.2742, 0.2373
0.2742, 0.2373
0.2742, 0.2373
0.2742, 0.2373
0.2742, 0.2373
0.2742, 0.2373
0.2742, 0.2373
0.2742, 0.2373
0.2742, 0.2373
0.2742, 0.2373
0.2742, 0.2373
0.2742, 0.2373
0.2742, 0.2373
0.2742, 0.2373
0.2702, 0.2373
0.2702, 0.2373
0.2702, 0.2373
0.2702, 0.2373
0.2702, 0.2373
0.2702, 0.2373
0.2702, 0.2373
0.2702, 0.2373
0.2702, 0.2373
0.2702, 0.2373
0.2702, 0.2373
0.2702, 0.2373
0.2702, 0.2373
0.2702, 0.2373
0.2702, 0.2373
0.2702, 0.2373
0.2702, 0.2373
0.2702, 0.2347
0.2702, 0.2347
0.2702, 0.2347
0.2702, 0.2347
0.2702, 0.2347
0.2702, 0.2347
0.2702, 0.2347
0.2702, 0.2347
0.2702, 0.2347
0.2661, 0.2347
0.2661, 0.2347
0.2661, 0.2347
0.2661, 0.2347
0.2661, 0.2320
0.2661, 0.2320
0.2661, 0.2320
0.2661, 0.2320
0.2621, 0.2293
0.2621, 0.2293
0.2621, 0.2293
0.2621, 0.2293
0.2621, 0.2267
0.2621, 0.2267
0.2621, 0.2267
0.2621, 0.2267
0.2621, 0.2267
0.2621, 0.2267
0.2621, 0.2267
0.2621, 0.2267
0.2621, 0.2267
0.2621, 0.2267
0.2621, 0.2267
0.2621, 0.2267
0.2621, 0.2267
0.2621, 0.2267
0.2621, 0.2267
0.2621, 0.2267
0.2621, 0.2267
0.2581, 0.2240
0.2581, 0.2240
0.2581, 0.2240
0.2581, 0.2240
0.2581, 0.2240
0.2581, 0.2240
0.2581, 0.2240
0.2581, 0.2240
0.2581, 0.2240
0.2581, 0.2240
0.2581, 0.2240
0.2581, 0.2240
0.2581, 0.2213
0.2581, 0.2213
0.2581, 0.2213
0.2581, 0.2213
0.2540, 0.2213
0.2540, 0.2213
0.2540, 0.2213
0.2540, 0.2213
0.2540, 0.2213
0.2540, 0.2213
0.2540, 0.2213
0.2540, 0.2213
0.2540, 0.2213
0.2540, 0.2213
0.2540, 0.2213
0.2540, 0.2213
0.2500, 0.2187
0.2500, 0.2187
0.2500, 0.2187
0.2500, 0.2187
0.2500, 0.2187
0.2500, 0.2160
0.2500, 0.2160
0.2500, 0.2160
0.2500, 0.2160
0.2500, 0.2160
0.2500, 0.2160
0.2500, 0.2160
0.2500, 0.2160
0.2500, 0.2160
0.2500, 0.2160
0.2500, 0.2160
0.2500, 0.2160
0.2460, 0.2160
0.2460, 0.2160
0.2460, 0.2160
0.2460, 0.2160
0.2460, 0.2133
0.2460, 0.2133
0.2460, 0.2133
0.2460, 0.2133
0.2460, 0.2107
0.2460, 0.2107
0.2460, 0.2107
0.2460, 0.2107
0.2460, 0.2107
0.2419, 0.2107
0.2419, 0.2107
0.2419, 0.2107
0.2419, 0.2107
0.2419, 0.2080
0.2419, 0.2080
0.2419, 0.2080
0.2419, 0.2080
0.2419, 0.2080
0.2419, 0.2080
0.2419, 0.2080
0.2419, 0.2080
0.2419, 0.2080
0.2419, 0.2080
0.2419, 0.2080
0.2419, 0.2080
0.2419, 0.2053
0.2419, 0.2053
0.2419, 0.2053
0.2419, 0.2053
0.2379, 0.2027
0.2379, 0.2027
0.2379, 0.2027
0.2379, 0.2027
0.2379, 0.2027
0.2379, 0.2027
0.2379, 0.2027
0.2379, 0.2027
0.2339, 0.2000
0.2339, 0.2000
0.2339, 0.2000
0.2339, 0.2000
0.2298, 0.1973
0.2298, 0.1973
0.2298, 0.1973
0.2298, 0.1973
0.2298, 0.1973
0.2298, 0.1973
0.2298, 0.1973
0.2298, 0.1973
0.2298, 0.1973
0.2298, 0.1947
0.2298, 0.1947
0.2298, 0.1947
0.2298, 0.1947
0.2298, 0.1947
0.2298, 0.1947
0.2298, 0.1947
0.2298, 0.1947
0.2258, 0.1947
0.2258, 0.1947
0.2258, 0.1947
0.2258, 0.1947
0.2258, 0.1920
0.2258, 0.1920
0.2258, 0.1920
0.2258, 0.1920
0.2258, 0.1920
0.2258, 0.1920
0.2258, 0.1920
0.2258, 0.1893
0.2258, 0.1893
0.2258, 0.1893
0.2258, 0.1893
0.2218, 0.1893
0.2218, 0.1893
0.2218, 0.1893
0.2218, 0.1893
0.2218, 0.1893
0.2218, 0.1893
0.2218, 0.1893
0.2218, 0.1893
0.2218, 0.1893
0.2218, 0.1893
0.2218, 0.1893
0.2218, 0.1893
0.2218, 0.1867
0.2218, 0.1867
0.2218, 0.1867
0.2218, 0.1867
0.2218, 0.1840
0.2218, 0.1840
0.2218, 0.1840
0.2218, 0.1840
0.2218, 0.1840
0.2218, 0.1840
0.2218, 0.1840
0.2218, 0.1840
0.2177, 0.1813
0.2177, 0.1813
0.2177, 0.1813
0.2177, 0.1813
0.2177, 0.1813
0.2177, 0.1813
0.2177, 0.1813
0.2177, 0.1813
0.2177, 0.1813
0.2177, 0.1813
0.2177, 0.1813
0.2177, 0.1813
0.2177, 0.1813
0.2177, 0.1813
0.2177, 0.1813
0.2177, 0.1813
0.2177, 0.1813
0.2137, 0.1813
0.2137, 0.1813
0.2137, 0.1813
0.2137, 0.1787
0.2137, 0.1787
0.2137, 0.1787
0.2137, 0.1787
0.2137, 0.1787
0.2137, 0.1787
0.2137, 0.1787
0.2137, 0.1787
0.2137, 0.1760
0.2137, 0.1760
0.2137, 0.1760
0.2137, 0.1760
0.2137, 0.1760
0.2137, 0.1760
0.2137, 0.1760
0.2137, 0.1760
0.2097, 0.1760
0.2097, 0.1760
0.2097, 0.1760
0.2097, 0.1760
0.2097, 0.1760
0.2097, 0.1760
0.2097, 0.1760
0.2097, 0.1760
0.2097, 0.1760
0.2097, 0.1760
0.2097, 0.1760
0.2097, 0.1760
0.2097, 0.1760
0.2097, 0.1760
0.2097, 0.1760
0.2097, 0.1760
0.2097, 0.1760
0.2097, 0.1760
0.2097, 0.1760
0.2097, 0.1760
0.2097, 0.1760
0.2097, 0.1733
0.2097, 0.1733
0.2097, 0.1733
0.2097, 0.1733
0.2097, 0.1733
0.2097, 0.1733
0.2097, 0.1733
0.2097, 0.1733
0.2097, 0.1707
0.2097, 0.1707
0.2097, 0.1707
0.2097, 0.1707
0.2097, 0.1707
0.2097, 0.1707
0.2097, 0.1707
0.2097, 0.1680
0.2097, 0.1680
0.2097, 0.1680
0.2097, 0.1680
0.2097, 0.1680
0.2097, 0.1680
0.2097, 0.1680
0.2097, 0.1680
0.2097, 0.1680
0.2097, 0.1680
0.2097, 0.1680
0.2097, 0.1680
0.2097, 0.1680
0.2056, 0.1680
0.2056, 0.1680
0.2056, 0.1680
0.2056, 0.1680
0.2056, 0.1680
0.2056, 0.1680
0.2056, 0.1680
0.2056, 0.1680
0.2056, 0.1680
0.2056, 0.1680
0.2056, 0.1680
0.2056, 0.1680
0.2056, 0.1680
0.2056, 0.1680
0.2056, 0.1680
0.2056, 0.1680
0.2056, 0.1653
0.2056, 0.1653
0.2056, 0.1653
0.2056, 0.1653
0.2056, 0.1653
0.2056, 0.1653
0.2056, 0.1653
0.2056, 0.1653
0.2056, 0.1653
0.2056, 0.1653
0.2056, 0.1653
0.2056, 0.1653
0.2056, 0.1627
0.2056, 0.1627
0.2056, 0.1627
0.2056, 0.1627
0.2016, 0.1627
0.2016, 0.1627
0.2016, 0.1627
0.2016, 0.1627
0.2016, 0.1627
0.2016, 0.1627
0.2016, 0.1627
0.2016, 0.1627
0.2016, 0.1627
0.2016, 0.1627
0.2016, 0.1627
0.2016, 0.1627
0.2016, 0.1627
0.2016, 0.1627
0.2016, 0.1627
0.2016, 0.1627
0.2016, 0.1600
0.2016, 0.1600
0.2016, 0.1600
0.2016, 0.1600
0.2016, 0.1600
0.2016, 0.1600
0.2016, 0.1600
0.2016, 0.1600
0.2016, 0.1600
0.2016, 0.1600
0.2016, 0.1600
0.2016, 0.1600
0.2016, 0.1573
0.2016, 0.1573
0.2016, 0.1573
0.2016, 0.1573
0.2016, 0.1573
0.2016, 0.1573
0.2016, 0.1573
0.2016, 0.1573
0.2016, 0.1573
0.2016, 0.1573
0.2016, 0.1573
0.2016, 0.1547
0.2016, 0.1547
0.2016, 0.1547
0.2016, 0.1547
0.2016, 0.1547
0.2016, 0.1547
0.2016, 0.1547
0.2016, 0.1547
0.2016, 0.1547
0.2016, 0.1547
0.2016, 0.1547
0.1976, 0.1547
0.1976, 0.1547
0.1976, 0.1547
0.1976, 0.1547
0.1976, 0.1547
0.1976, 0.1547
0.1976, 0.1520
0.1976, 0.1520
0.1976, 0.1520
0.1976, 0.1520
0.1976, 0.1520
0.1976, 0.1520
0.1976, 0.1493
0.1976, 0.1493
0.1976, 0.1493
0.1935, 0.1493
0.1935, 0.1493
0.1935, 0.1493
0.1935, 0.1493
0.1935, 0.1493
0.1935, 0.1493
0.1935, 0.1493
0.1935, 0.1493
0.1935, 0.1493
0.1935, 0.1493
0.1935, 0.1493
0.1935, 0.1493
0.1935, 0.1493
0.1935, 0.1493
0.1935, 0.1467
0.1935, 0.1467
0.1935, 0.1467
0.1935, 0.1467
0.1935, 0.1467
0.1935, 0.1467
0.1935, 0.1467
0.1935, 0.1467
0.1935, 0.1440
0.1935, 0.1440
0.1935, 0.1440
0.1895, 0.1440
0.1895, 0.1440
0.1895, 0.1440
0.1895, 0.1440
0.1895, 0.1440
0.1895, 0.1440
0.1895, 0.1440
0.1895, 0.1413
0.1895, 0.1413
0.1895, 0.1413
0.1895, 0.1413
0.1895, 0.1413
0.1895, 0.1413
0.1895, 0.1413
0.1895, 0.1413
0.1895, 0.1413
0.1895, 0.1413
0.1895, 0.1413
0.1895, 0.1413
0.1895, 0.1413
0.1895, 0.1413
0.1895, 0.1413
0.1895, 0.1413
0.1895, 0.1413
0.1895, 0.1387
0.1895, 0.1387
0.1895, 0.1387
0.1895, 0.1360
0.1895, 0.1360
0.1895, 0.1360
0.1895, 0.1360
0.1895, 0.1360
0.1895, 0.1360
0.1895, 0.1360
0.1895, 0.1360
0.1855, 0.1360
0.1855, 0.1360
0.1855, 0.1360
0.1855, 0.1360
0.1855, 0.1360
0.1855, 0.1360
0.1855, 0.1360
0.1855, 0.1360
0.1855, 0.1360
0.1855, 0.1360
0.1855, 0.1360
0.1855, 0.1333
0.1855, 0.1333
0.1855, 0.1333
0.1855, 0.1333
0.1855, 0.1333
0.1855, 0.1333
0.1855, 0.1333
0.1815, 0.1307
0.1815, 0.1307
0.1815, 0.1307
0.1815, 0.1307
0.1815, 0.1307
0.1815, 0.1307
0.1815, 0.1307
0.1815, 0.1307
0.1815, 0.1307
0.1815, 0.1307
0.1815, 0.1307
0.1815, 0.1307
0.1815, 0.1307
0.1815, 0.1307
0.1815, 0.1307
0.1815, 0.1307
0.1815, 0.1307
0.1815, 0.1307
0.1815, 0.1307
0.1815, 0.1307
0.1815, 0.1280
0.1815, 0.1280
0.1815, 0.1280
0.1815, 0.1280
0.1815, 0.1280
0.1815, 0.1280
0.1815, 0.1280
0.1815, 0.1253
0.1815, 0.1253
0.1815, 0.1253
0.1815, 0.1253
0.1815, 0.1253
0.1815, 0.1253
0.1815, 0.1253
0.1815, 0.1253
0.1815, 0.1227
0.1815, 0.1227
0.1815, 0.1227
0.1815, 0.1227
0.1815, 0.1227
0.1815, 0.1227
0.1815, 0.1227
0.1815, 0.1227
0.1815, 0.1200
0.1815, 0.1200
0.1815, 0.1200
0.1815, 0.1200
0.1774, 0.1200
0.1774, 0.1200
0.1774, 0.1200
0.1774, 0.1173
0.1774, 0.1173
0.1774, 0.1173
0.1774, 0.1173
0.1774, 0.1173
0.1774, 0.1173
0.1774, 0.1173
0.1774, 0.1173
0.1774, 0.1173
0.1774, 0.1173
0.1774, 0.1173
0.1774, 0.1147
0.1774, 0.1147
0.1774, 0.1147
0.1774, 0.1147
0.1774, 0.1147
0.1774, 0.1147
0.1774, 0.1147
0.1774, 0.1147
0.1774, 0.1147
0.1774, 0.1147
0.1774, 0.1147
0.1734, 0.1120
0.1734, 0.1120
0.1734, 0.1120
0.1734, 0.1120
0.1734, 0.1120
0.1734, 0.1120
0.1734, 0.1120
0.1734, 0.1120
0.1734, 0.1093
0.1734, 0.1093
0.1734, 0.1093
0.1734, 0.1093
0.1734, 0.1093
0.1734, 0.1093
0.1734, 0.1093
0.1734, 0.1093
0.1734, 0.1093
0.1734, 0.1093
0.1734, 0.1093
0.1734, 0.1093
0.1734, 0.1067
0.1734, 0.1067
0.1734, 0.1067
0.1734, 0.1067
0.1734, 0.1067
0.1734, 0.1067
0.1734, 0.1040
0.1734, 0.1040
0.1734, 0.1040
0.1734, 0.1040
0.1734, 0.1040
0.1734, 0.1040
0.1734, 0.1040
0.1694, 0.1040
0.1694, 0.1040
0.1694, 0.1040
0.1694, 0.1040
0.1694, 0.1013
0.1694, 0.1013
0.1694, 0.1013
0.1694, 0.1013
0.1694, 0.1013
0.1694, 0.1013
0.1694, 0.1013
0.1694, 0.1013
0.1694, 0.1013
0.1694, 0.1013
0.1694, 0.1013
0.1694, 0.0987
0.1694, 0.0987
0.1694, 0.0987
0.1694, 0.0987
0.1694, 0.0987
0.1694, 0.0987
0.1694, 0.0987
0.1694, 0.0987
0.1694, 0.0960
0.1694, 0.0960
0.1694, 0.0960
0.1694, 0.0960
0.1694, 0.0960
0.1694, 0.0960
0.1694, 0.0960
0.1694, 0.0960
0.1694, 0.0960
0.1694, 0.0960
0.1694, 0.0960
0.1694, 0.0960
0.1694, 0.0960
0.1694, 0.0960
0.1694, 0.0960
0.1694, 0.0933
0.1694, 0.0933
0.1694, 0.0933
0.1694, 0.0933
0.1694, 0.0933
0.1694, 0.0933
0.1694, 0.0907
0.1694, 0.0907
0.1694, 0.0907
0.1694, 0.0907
0.1694, 0.0907
0.1694, 0.0907
0.1694, 0.0907
0.1694, 0.0907
0.1694, 0.0907
0.1694, 0.0907
0.1694, 0.0907
0.1694, 0.0907
0.1694, 0.0907
0.1694, 0.0907
0.1694, 0.0880
0.1694, 0.0880
0.1694, 0.0880
0.1694, 0.0880
0.1694, 0.0880
0.1694, 0.0880
0.1694, 0.0853
0.1694, 0.0853
0.1694, 0.0853
0.1694, 0.0853
0.1694, 0.0853
0.1694, 0.0853
0.1694, 0.0827
0.1694, 0.0827
0.1694, 0.0827
0.1694, 0.0827
0.1694, 0.0827
0.1694, 0.0827
0.1694, 0.0827
0.1694, 0.0827
0.1694, 0.0827
0.1694, 0.0827
0.1694, 0.0827
0.1694, 0.0800
0.1694, 0.0800
0.1694, 0.0800
0.1694, 0.0800
0.1694, 0.0800
0.1694, 0.0800
0.1694, 0.0773
0.1694, 0.0773
0.1694, 0.0773
0.1694, 0.0773
0.1694, 0.0773
0.1694, 0.0773
0.1694, 0.0773
0.1694, 0.0773
0.1694, 0.0773
0.1694, 0.0773
0.1694, 0.0773
0.1694, 0.0747
0.1694, 0.0747
0.1694, 0.0747
0.1694, 0.0747
0.1694, 0.0747
0.1694, 0.0747
0.1694, 0.0720
0.1694, 0.0720
0.1694, 0.0720
0.1694, 0.0720
0.1694, 0.0720
0.1694, 0.0693
0.1694, 0.0693
0.1694, 0.0693
0.1694, 0.0693
0.1694, 0.0693
0.1694, 0.0693
0.1694, 0.0693
0.1694, 0.0693
0.1694, 0.0693
0.1694, 0.0693
0.1694, 0.0693
0.1694, 0.0693
0.1694, 0.0667
0.1694, 0.0667
0.1694, 0.0667
0.1694, 0.0667
0.1694, 0.0667
0.1694, 0.0667
0.1694, 0.0667
0.1694, 0.0667
0.1694, 0.0640
0.1694, 0.0640
0.1694, 0.0640
0.1694, 0.0640
0.1694, 0.0640
0.1694, 0.0640
0.1694, 0.0640
0.1694, 0.0640
0.1734, 0.0640
0.1734, 0.0640
0.1734, 0.0640
0.1734, 0.0640
0.1734, 0.0640
0.1734, 0.0640
0.1734, 0.0640
0.1734, 0.0640
0.1734, 0.0613
0.1734, 0.0613
0.1734, 0.0613
0.1734, 0.0613
0.1734, 0.0613
0.1734, 0.0613
0.1734, 0.0587
0.1734, 0.0587
0.1734, 0.0587
0.1734, 0.0587
0.1734, 0.0587
0.1734, 0.0587
0.1734, 0.0587
0.1734, 0.0587
0.1734, 0.0560
0.1734, 0.0560
0.1734, 0.0560
0.1774, 0.0560
0.1774, 0.0560
0.1774, 0.0560
0.1774, 0.0560
0.1774, 0.0560
0.1774, 0.0560
0.1774, 0.0560
0.1774, 0.0560
0.1774, 0.0560
0.1774, 0.0560
0.1774, 0.0560
0.1774, 0.0560
0.1774, 0.0560
0.1774, 0.0560
0.1774, 0.0533
0.1774, 0.0533
0.1774, 0.0533
0.1774, 0.0533
0.1774, 0.0533
0.1774, 0.0533
0.1774, 0.0533
0.1774, 0.0533
0.1774, 0.0507
0.1774, 0.0507
0.1774, 0.0507
0.1774, 0.0507
0.1774, 0.0507
0.1774, 0.0507
0.1774, 0.0507
0.1774, 0.0507
0.1774, 0.0507
0.1774, 0.0507
0.1774, 0.0507
0.1774, 0.0507
0.1774, 0.0507
0.1774, 0.0507
0.1774, 0.0507
0.1815, 0.0507
0.1815, 0.0507
0.1815, 0.0507
0.1815, 0.0480
0.1815, 0.0480
0.1815, 0.0480
0.1815, 0.0480
0.1815, 0.0480
0.1815, 0.0480
0.1815, 0.0480
0.1815, 0.0480
0.1815, 0.0453
0.1815, 0.0453
0.1815, 0.0453
0.1855, 0.0453
0.1855, 0.0453
0.1855, 0.0453
0.1855, 0.0453
0.1855, 0.0453
0.1855, 0.0453
0.1855, 0.0453
0.1855, 0.0453
0.1855, 0.0427
0.1855, 0.0427
0.1855, 0.0427
0.1855, 0.0427
0.1855, 0.0427
0.1855, 0.0400
0.1855, 0.0400
0.1855, 0.0400
0.1855, 0.0400
0.1855, 0.0400
0.1855, 0.0400
0.1855, 0.0400
0.1855, 0.0400
0.1855, 0.0400
0.1895, 0.0373
0.1895, 0.0373
0.1895, 0.0373
0.1895, 0.0373
0.1895, 0.0373
0.1895, 0.0373
0.1895, 0.0373
0.1895, 0.0373
0.1895, 0.0373
0.1895, 0.0373
0.1895, 0.0373
0.1935, 0.0373
0.1935, 0.0373
0.1935, 0.0373
0.1935, 0.0373
0.1935, 0.0373
0.1935, 0.0373
0.1935, 0.0373
0.1935, 0.0373
0.1935, 0.0347
0.1935, 0.0347
0.1935, 0.0347
0.1976, 0.0347
0.1976, 0.0347
0.1976, 0.0347
0.1976, 0.0320
0.1976, 0.0320
0.1976, 0.0320
0.1976, 0.0320
0.1976, 0.0320
0.1976, 0.0320
0.1976, 0.0320
0.1976, 0.0320
0.1976, 0.0320
0.1976, 0.0320
0.1976, 0.0320
0.1976, 0.0320
0.1976, 0.0320
0.1976, 0.0320
0.1976, 0.0320
0.1976, 0.0320
0.1976, 0.0320
0.2016, 0.0320
0.2016, 0.0320
0.2016, 0.0293
0.2016, 0.0293
0.2016, 0.0293
0.2016, 0.0293
0.2016, 0.0293
0.2056, 0.0293
0.2056, 0.0293
0.2056, 0.0293
0.2056, 0.0267
0.2056, 0.0267
0.2056, 0.0267
0.2056, 0.0267
0.2056, 0.0267
0.2056, 0.0267
0.2056, 0.0267
0.2056, 0.0267
0.2056, 0.0240
0.2056, 0.0240
0.2056, 0.0240
0.2097, 0.0240
0.2097, 0.0240
0.2097, 0.0240
0.2097, 0.0240
0.2097, 0.0240
0.2097, 0.0240
0.2097, 0.0240
0.2097, 0.0240
0.2137, 0.0240
0.2137, 0.0240
0.2137, 0.0240
0.2137, 0.0240
0.2137, 0.0240
0.2137, 0.0240
0.2137, 0.0240
0.2137, 0.0240
0.2177, 0.0213
0.2177, 0.0213
0.2177, 0.0213
0.2177, 0.0213
0.2177, 0.0213
0.2177, 0.0213
0.2177, 0.0213
0.2177, 0.0213
0.2177, 0.0187
0.2177, 0.0187
0.2177, 0.0187
0.2177, 0.0187
0.2177, 0.0187
0.2177, 0.0187
0.2218, 0.0187
0.2218, 0.0187
0.2218, 0.0187
0.2218, 0.0187
0.2218, 0.0187
0.2258, 0.0187
0.2258, 0.0187
0.2258, 0.0187
0.2258, 0.0187
0.2258, 0.0187
0.2258, 0.0187
0.2258, 0.0187
0.2258, 0.0187
0.2258, 0.0160
0.2258, 0.0160
0.2258, 0.0160
0.2298, 0.0160
0.2298, 0.0160
0.2298, 0.0160
0.2298, 0.0160
0.2298, 0.0160
0.2339, 0.0133
0.2339, 0.0133
0.2339, 0.0133
0.2379, 0.0133
0.2379, 0.0133
0.2379, 0.0133
0.2379, 0.0133
0.2379, 0.0133
0.2379, 0.0107
0.2379, 0.0107
0.2379, 0.0107
0.2419, 0.0107
0.2419, 0.0107
0.2460, 0.0107
0.2460, 0.0107
0.2460, 0.0107
0.2460, 0.0107
0.2460, 0.0107
0.2460, 0.0107
0.2460, 0.0107
0.2460, 0.0107
0.2460, 0.0107
0.2460, 0.0107
0.2460, 0.0107
0.2500, 0.0107
0.2500, 0.0107
0.2540, 0.0107
0.2540, 0.0107
0.2540, 0.0107
0.2540, 0.0107
0.2540, 0.0107
0.2581, 0.0080
0.2581, 0.0080
0.2581, 0.0080
0.2581, 0.0080
0.2581, 0.0080
0.2581, 0.0080
0.2581, 0.0080
0.2581, 0.0080
0.2581, 0.0080
0.2581, 0.0080
0.2581, 0.0080
0.2621, 0.0080
0.2621, 0.0080
0.2621, 0.0080
0.2621, 0.0080
0.2621, 0.0080
0.2621, 0.0080
0.2661, 0.0080
0.2661, 0.0080
0.2661, 0.0080
0.2661, 0.0080
0.2661, 0.0080
0.2661, 0.0080
0.2661, 0.0080
0.2661, 0.0080
0.2661, 0.0053
0.2661, 0.0053
0.2702, 0.0053
0.2702, 0.0053
0.2702, 0.0053
0.2702, 0.0053
0.2702, 0.0053
0.2742, 0.0053
0.2742, 0.0053
0.2742, 0.0053
0.2742, 0.0053
0.2742, 0.0053
0.2742, 0.0053
0.2742, 0.0053
0.2742, 0.0053
0.2742, 0.0053
0.2742, 0.0053
0.2742, 0.0053
0.2782, 0.0053
0.2782, 0.0053
0.2782, 0.0053
0.2782, 0.0053
0.2782, 0.0053
0.2823, 0.0053
0.2823, 0.0053
0.2823, 0.0053
0.2823, 0.0053
0.2823, 0.0053
0.2863, 0.0053
0.2863, 0.0053
0.2863, 0.0053
0.2863, 0.0053
0.2863, 0.0053
0.2863, 0.0053
0.2863, 0.0053
0.2863, 0.0053
0.2863, 0.0053
0.2863, 0.0053
0.2863, 0.0053
0.2863, 0.0053
0.2863, 0.0053
0.2863, 0.0053
0.2903, 0.0053
0.2903, 0.0053
0.2944, 0.0053
0.2944, 0.0053
0.2944, 0.0053
0.2944, 0.0053
0.2944, 0.0053
0.2944, 0.0053
0.2944, 0.0053
0.2944, 0.0053
0.2984, 0.0053
0.2984, 0.0053
0.2984, 0.0053
0.2984, 0.0053
0.2984, 0.0053
0.3024, 0.0053
0.3024, 0.0053
0.3024, 0.0053
0.3065, 0.0053
0.3065, 0.0053
0.3065, 0.0053
0.3065, 0.0053
0.3065, 0.0053
0.3065, 0.0053
0.3065, 0.0053
0.3065, 0.0053
0.3065, 0.0053
0.3065, 0.0053
0.3105, 0.0053
0.3105, 0.0053
0.3105, 0.0053
0.3145, 0.0053
0.3145, 0.0053
0.3145, 0.0027
0.3145, 0.0027
0.3145, 0.0027
0.3145, 0.0027
0.3145, 0.0027
0.3185, 0.0027
0.3185, 0.0027
0.3185, 0.0027
0.3226, 0.0027
0.3226, 0.0027
0.3226, 0.0027
0.3226, 0.0027
0.3266, 0.0027
0.3266, 0.0027
0.3266, 0.0027
0.3266, 0.0027
0.3266, 0.0027
0.3266, 0.0027
0.3306, 0.0027
0.3306, 0.0027
0.3306, 0.0027
0.3306, 0.0027
0.3306, 0.0027
0.3347, 0.0027
0.3347, 0.0027
0.3347, 0.0027
0.3347, 0.0027
0.3347, 0.0027
0.3347, 0.0027
0.3347, 0.0027
0.3347, 0.0027
0.3347, 0.0027
0.3347, 0.0027
0.3347, 0.0027
0.3387, 0.0027
0.3387, 0.0027
0.3427, 0.0027
0.3427, 0.0027
0.3427, 0.0027
0.3427, 0.0027
0.3427, 0.0027
0.3468, 0.0027
0.3468, 0.0027
0.3508, 0.0000
0.3508, 0.0000
0.3508, 0.0000
0.3548, 0.0000
0.3548, 0.0000
0.3548, 0.0000
0.3629, 0.0000
0.3629, 0.0000
0.3669, 0.0000
0.3669, 0.0000
0.3669, 0.0000
0.3669, 0.0000
0.3669, 0.0000
0.3669, 0.0000
0.3669, 0.0000
0.3669, 0.0000
0.3669, 0.0000
0.3669, 0.0000
0.3710, 0.0000
0.3710, 0.0000
0.3710, 0.0000
0.3750, 0.0000
0.3750, 0.0000
0.3750, 0.0000
0.3750, 0.0000
0.3750, 0.0000
0.3750, 0.0000
0.3750, 0.0000
0.3790, 0.0000
0.3790, 0.0000
0.3790, 0.0000
0.3831, 0.0000
0.3831, 0.0000
0.3831, 0.0000
0.3831, 0.0000
0.3831, 0.0000
0.3871, 0.0000
0.3871, 0.0000
0.3871, 0.0000
0.3871, 0.0000
0.3871, 0.0000
0.3871, 0.0000
0.3871, 0.0000
0.3871, 0.0000
0.3911, 0.0000
0.3911, 0.0000
0.3952, 0.0000
0.3952, 0.0000
0.3952, 0.0000
0.3952, 0.0000
0.3952, 0.0000
0.3992, 0.0000
0.3992, 0.0000
0.3992, 0.0000
0.3992, 0.0027
0.3992, 0.0027
0.4032, 0.0027
0.4032, 0.0027
0.4032, 0.0027
0.4032, 0.0027
0.4032, 0.0027
0.4073, 0.0027
0.4073, 0.0027
0.4113, 0.0027
0.4113, 0.0027
0.4113, 0.0027
0.4113, 0.0027
0.4113, 0.0027
0.4153, 0.0027
0.4153, 0.0027
0.4153, 0.0027
0.4153, 0.0027
0.4153, 0.0027
0.4153, 0.0027
0.4153, 0.0027
0.4194, 0.0027
0.4194, 0.0027
0.4234, 0.0027
0.4234, 0.0027
0.4234, 0.0027
0.4234, 0.0027
0.4234, 0.0027
0.4274, 0.0053
0.4274, 0.0053
0.4274, 0.0053
0.4274, 0.0053
0.4274, 0.0053
0.4274, 0.0053
0.4315, 0.0053
0.4315, 0.0053
0.4355, 0.0053
0.4355, 0.0053
0.4355, 0.0080
0.4355, 0.0080
0.4355, 0.0080
0.4355, 0.0080
0.4355, 0.0080
0.4355, 0.0080
0.4355, 0.0080
0.4355, 0.0080
0.4355, 0.0080
0.4355, 0.0080
0.4355, 0.0080
0.4355, 0.0080
0.4355, 0.0080
0.4355, 0.0080
0.4395, 0.0080
0.4395, 0.0080
0.4395, 0.0080
0.4395, 0.0080
0.4395, 0.0080
0.4435, 0.0080
0.4435, 0.0080
0.4435, 0.0080
0.4435, 0.0080
0.4435, 0.0080
0.4435, 0.0080
0.4435, 0.0080
0.4435, 0.0080
0.4435, 0.0080
0.4435, 0.0080
0.4476, 0.0080
0.4476, 0.0080
0.4476, 0.0080
0.4476, 0.0107
0.4476, 0.0107
0.4516, 0.0107
0.4516, 0.0107
0.4556, 0.0107
0.4556, 0.0107
0.4556, 0.0107
0.4556, 0.0107
0.4556, 0.0107
0.4556, 0.0107
0.4556, 0.0107
0.4556, 0.0107
0.4597, 0.0107
0.4597, 0.0107
0.4597, 0.0133
0.4597, 0.0133
0.4597, 0.0133
0.4637, 0.0133
0.4637, 0.0133
0.4637, 0.0133
0.4637, 0.0133
0.4637, 0.0133
0.4637, 0.0133
0.4637, 0.0133
0.4677, 0.0133
0.4677, 0.0133
0.4677, 0.0133
0.4718, 0.0133
0.4718, 0.0133
0.4718, 0.0133
0.4718, 0.0133
0.4718, 0.0133
0.4758, 0.0133
0.4758, 0.0133
0.4758, 0.0133
0.4758, 0.0133
0.4758, 0.0133
0.4758, 0.0160
0.4758, 0.0160
0.4758, 0.0160
0.4798, 0.0160
0.4798, 0.0160
0.4839, 0.0160
0.4839, 0.0160
0.4839, 0.0160
0.4839, 0.0160
0.4839, 0.0160
0.4839, 0.0160
0.4839, 0.0160
0.4879, 0.0160
0.4879, 0.0160
0.4879, 0.0160
0.4879, 0.0160
0.4879, 0.0160
0.4919, 0.0160
0.4919, 0.0160
0.4919, 0.0160
0.4960, 0.0160
0.4960, 0.0160
0.4960, 0.0160
0.4960, 0.0160
0.4960, 0.0160
0.4960, 0.0160
0.4960, 0.0160
0.5000, 0.0160
0.5000, 0.0160
0.5000, 0.0160
0.5040, 0.0160
0.5040, 0.0160
0.5040, 0.0160
0.5040, 0.0160
0.5040, 0.0160
0.5040, 0.0160
0.5040, 0.0160
0.5040, 0.0160
0.5081, 0.0160
0.5081, 0.0160
0.5081, 0.0187
0.5081, 0.0187
0.5121, 0.0187
0.5121, 0.0187
0.5121, 0.0187
0.5161, 0.0187
0.5161, 0.0187
0.5161, 0.0187
0.5161, 0.0187
0.5161, 0.0187
0.5161, 0.0213
0.5161, 0.0213
0.5202, 0.0213
0.5202, 0.0213
0.5202, 0.0213
0.5202, 0.0213
0.5202, 0.0213
0.5242, 0.0213
0.5242, 0.0213
0.5242, 0.0213
0.5242, 0.0213
0.5242, 0.0213
0.5282, 0.0213
0.5282, 0.0213
0.5282, 0.0213
0.5282, 0.0213
0.5282, 0.0213
0.5323, 0.0213
0.5323, 0.0213
0.5323, 0.0213
0.5323, 0.0213
0.5323, 0.0213
0.5363, 0.0213
0.5363, 0.0213
0.5403, 0.0213
0.5403, 0.0213
0.5444, 0.0240
0.5444, 0.0240
0.5444, 0.0240
0.5444, 0.0240
0.5444, 0.0240
0.5484, 0.0240
0.5484, 0.0240
0.5484, 0.0240
0.5484, 0.0267
0.5484, 0.0267
0.5524, 0.0267
0.5524, 0.0267
0.5524, 0.0267
0.5524, 0.0267
0.5524, 0.0267
0.5524, 0.0267
0.5524, 0.0267
0.5565, 0.0267
0.5565, 0.0267
0.5605, 0.0267
0.5605, 0.0267
0.5645, 0.0293
0.5645, 0.0293
0.5645, 0.0293
0.5645, 0.0293
0.5645, 0.0293
0.5685, 0.0293
0.5685, 0.0293
0.5685, 0.0293
0.5685, 0.0293
0.5685, 0.0293
0.5726, 0.0293
0.5726, 0.0293
0.5726, 0.0293
0.5726, 0.0293
0.5726, 0.0293
0.5726, 0.0293
0.5726, 0.0293
0.5726, 0.0293
0.5766, 0.0293
0.5766, 0.0293
0.5766, 0.0293
0.5766, 0.0293
0.5766, 0.0293
0.5806, 0.0293
0.5806, 0.0293
0.5847, 0.0293
0.5847, 0.0293
0.5847, 0.0293
0.5847, 0.0293
0.5847, 0.0293
0.5847, 0.0293
0.5847, 0.0293
0.5847, 0.0293
0.5847, 0.0293
0.5847, 0.0293
0.5887, 0.0293
0.5887, 0.0293
0.5927, 0.0293
0.5927, 0.0293
0.5927, 0.0293
0.5927, 0.0293
0.5927, 0.0293
0.5968, 0.0320
0.5968, 0.0320
0.5968, 0.0320
0.5968, 0.0320
0.5968, 0.0320
0.6008, 0.0320
0.6008, 0.0320
0.6048, 0.0320
0.6048, 0.0320
0.6048, 0.0320
0.6048, 0.0320
0.6048, 0.0320
0.6048, 0.0320
0.6048, 0.0320
0.6048, 0.0320
0.6089, 0.0320
0.6089, 0.0320
0.6129, 0.0320
0.6129, 0.0320
0.6129, 0.0320
0.6129, 0.0320
0.6129, 0.0320
0.6129, 0.0347
0.6129, 0.0347
0.6169, 0.0347
0.6169, 0.0347
0.6210, 0.0347
0.6210, 0.0347
0.6210, 0.0347
0.6250, 0.0347
0.6250, 0.0347
0.6250, 0.0347
0.6250, 0.0347
0.6250, 0.0347
0.6250, 0.0347
0.6250, 0.0347
0.6290, 0.0347
0.6290, 0.0347
0.6331, 0.0347
0.6331, 0.0347
0.6331, 0.0347
0.6331, 0.0347
0.6331, 0.0347
0.6331, 0.0347
0.6331, 0.0347
0.6331, 0.0347
0.6371, 0.0347
0.6371, 0.0347
0.6411, 0.0373
0.6411, 0.0373
0.6452, 0.0373
0.6452, 0.0373
0.6452, 0.0373
0.6452, 0.0373
0.6452, 0.0373
0.6492, 0.0400
0.6492, 0.0400
0.6492, 0.0400
0.6492, 0.0400
0.6492, 0.0400
0.6532, 0.0400
0.6532, 0.0400
0.6532, 0.0400
0.6532, 0.0400
0.6573, 0.0400
0.6573, 0.0400
0.6573, 0.0400
0.6573, 0.0427
0.6573, 0.0427
0.6613, 0.0427
0.6613, 0.0427
0.6613, 0.0427
0.6613, 0.0427
0.6613, 0.0427
0.6613, 0.0427
0.6613, 0.0427
0.6653, 0.0427
0.6653, 0.0427
0.6653, 0.0427
0.6653, 0.0427
0.6694, 0.0427
0.6694, 0.0427
0.6694, 0.0427
0.6694, 0.0427
0.6694, 0.0427
0.6734, 0.0427
0.6734, 0.0427
0.6734, 0.0427
0.6734, 0.0427
0.6734, 0.0427
0.6774, 0.0427
0.6774, 0.0427
0.6774, 0.0427
0.6774, 0.0427
0.6815, 0.0427
0.6815, 0.0427
0.6815, 0.0427
0.6815, 0.0453
0.6815, 0.0453
0.6855, 0.0453
0.6855, 0.0453
0.6895, 0.0453
0.6895, 0.0453
0.6895, 0.0453
0.6935, 0.0453
0.6935, 0.0453
0.6935, 0.0480
0.6935, 0.0480
0.6976, 0.0480
0.6976, 0.0480
0.6976, 0.0480
0.6976, 0.0480
0.6976, 0.0480
0.7016, 0.0480
0.7016, 0.0480
0.7016, 0.0480
0.7016, 0.0480
0.7016, 0.0480
0.7016, 0.0480
0.7016, 0.0480
0.7056, 0.0480
0.7056, 0.0480
0.7056, 0.0480
0.7056, 0.0480
0.7056, 0.0480
0.7097, 0.0480
0.7097, 0.0480
0.7137, 0.0480
0.7137, 0.0480
0.7137, 0.0480
0.7177, 0.0507
0.7177, 0.0507
0.7177, 0.0507
0.7177, 0.0507
0.7177, 0.0507
0.7218, 0.0507
0.7218, 0.0507
0.7258, 0.0507
0.7258, 0.0507
0.7258, 0.0507
0.7258, 0.0507
0.7258, 0.0507
0.7258, 0.0507
0.7258, 0.0507
0.7258, 0.0533
0.7258, 0.0533
0.7298, 0.0533
0.7298, 0.0533
0.7298, 0.0533
0.7298, 0.0533
0.7298, 0.0533
0.7339, 0.0533
0.7339, 0.0533
0.7339, 0.0533
0.7339, 0.0533
0.7339, 0.0533
0.7339, 0.0533
0.7339, 0.0533
0.7379, 0.0533
0.7379, 0.0533
0.7419, 0.0533
0.7419, 0.0533
0.7419, 0.0533
0.7419, 0.0533
0.7419, 0.0533
0.7419, 0.0533
0.7419, 0.0533
0.7460, 0.0533
0.7460, 0.0533
0.7460, 0.0533
0.7500, 0.0560
0.7500, 0.0560
0.7500, 0.0560
0.7500, 0.0560
0.7540, 0.0560
0.7540, 0.0560
0.7540, 0.0560
0.7540, 0.0560
0.7540, 0.0560
0.7540, 0.0560
0.7540, 0.0560
0.7581, 0.0560
0.7581, 0.0560
0.7581, 0.0560
0.7581, 0.0560
0.7581, 0.0560
0.7621, 0.0587
0.7621, 0.0587
0.7621, 0.0587
0.7621, 0.0587
0.7621, 0.0587
0.7621, 0.0587
0.7621, 0.0587
0.7661, 0.0587
0.7661, 0.0587
0.7661, 0.0587
0.7702, 0.0587
0.7702, 0.0587
0.7742, 0.0587
0.7742, 0.0587
0.7742, 0.0587
0.7742, 0.0587
0.7742, 0.0587
0.7782, 0.0587
0.7782, 0.0587
0.7823, 0.0587
0.7823, 0.0587
0.7823, 0.0587
0.7823, 0.0587
0.7823, 0.0587
0.7823, 0.0587
0.7823, 0.0587
0.7863, 0.0587
0.7863, 0.0587
0.7863, 0.0587
0.7863, 0.0587
0.7863, 0.0587
0.7903, 0.0587
0.7903, 0.0587
0.7944, 0.0587
0.7944, 0.0587
0.7944, 0.0587
0.7944, 0.0587
0.7944, 0.0587
0.7944, 0.0587
0.7944, 0.0587
0.7984, 0.0587
0.7984, 0.0587
0.7984, 0.0587
0.8024, 0.0587
0.8024, 0.0587
0.8024, 0.0587
0.8024, 0.0587
0.8024, 0.0587
0.8024, 0.0587
0.8065, 0.0587
0.8065, 0.0587
0.8065, 0.0587
0.8065, 0.0587
0.8065, 0.0587
0.8105, 0.0587
0.8105, 0.0587
0.8105, 0.0587
0.8105, 0.0587
0.8105, 0.0587
0.8145, 0.0587
0.8145, 0.0587
0.8145, 0.0587
0.8145, 0.0587
0.8145, 0.0587
0.8145, 0.0587
0.8145, 0.0587
0.8145, 0.0587
0.8145, 0.0587
0.8185, 0.0587
0.8185, 0.0587
0.8185, 0.0587
0.8185, 0.0587
0.8185, 0.0587
0.8226, 0.0587
0.8226, 0.0587
0.8226, 0.0587
0.8226, 0.0587
0.8226, 0.0587
0.8226, 0.0587
0.8226, 0.0587
0.8226, 0.0587
0.8226, 0.0587
0.8266, 0.0587
0.8266, 0.0587
0.8266, 0.0587
0.8266, 0.0587
0.8266, 0.0587
0.8306, 0.0587
0.8306, 0.0587
0.8306, 0.0587
0.8306, 0.0587
0.8306, 0.0587
0.8306, 0.0587
0.8306, 0.0587
0.8347, 0.0587
0.8347, 0.0587
0.8347, 0.0587
0.8347, 0.0587
0.8347, 0.0587
0.8347, 0.0587
0.8347, 0.0587
0.8347, 0.0587
0.8347, 0.0587
0.8387, 0.0560
0.8387, 0.0560
0.8387, 0.0560
0.8387, 0.0560
0.8387, 0.0560
0.8387, 0.0560
0.8387, 0.0560
0.8427, 0.0560
0.8427, 0.0560
0.8427, 0.0560
0.8427, 0.0560
0.8427, 0.0560
0.8427, 0.0560
0.8427, 0.0560
0.8427, 0.0560
0.8468, 0.0560
0.8468, 0.0560
0.8508, 0.0560
0.8508, 0.0560
0.8548, 0.0533
0.8548, 0.0533
0.8548, 0.0533
0.8548, 0.0533
0.8548, 0.0533
0.8548, 0.0533
0.8548, 0.0533
0.8589, 0.0507
0.8589, 0.0507
0.8589, 0.0507
0.8589, 0.0507
0.8589, 0.0507
0.8629, 0.0507
0.8629, 0.0507
0.8629, 0.0507
0.8629, 0.0507
0.8629, 0.0507
0.8629, 0.0507
0.8629, 0.0507
0.8629, 0.0507
0.8629, 0.0507
0.8669, 0.0507
0.8669, 0.0507
0.8669, 0.0507
0.8710, 0.0507
0.8710, 0.0507
0.8710, 0.0480
0.8710, 0.0480
0.8710, 0.0480
0.8710, 0.0480
0.8710, 0.0480
0.8790, 0.0480
0.8790, 0.0480
0.8831, 0.0453
0.8831, 0.0453
0.8831, 0.0453
0.8831, 0.0453
0.8831, 0.0453
0.8831, 0.0453
0.8831, 0.0453
0.8871, 0.0453
0.8871, 0.0453
0.8911, 0.0453
0.8911, 0.0453
0.8911, 0.0453
0.8911, 0.0453
0.8911, 0.0453
0.8952, 0.0427
0.8952, 0.0427
0.8952, 0.0427
0.8952, 0.0427
0.8952, 0.0427
0.8952, 0.0427
0.8952, 0.0427
0.8952, 0.0427
0.8952, 0.0427
0.8992, 0.0427
0.8992, 0.0427
0.8992, 0.0400
0.8992, 0.0400
0.9032, 0.0400
0.9032, 0.0400
0.9032, 0.0400
0.9032, 0.0400
0.9032, 0.0400
0.9032, 0.0400
0.9032, 0.0400
0.9073, 0.0373
0.9073, 0.0373
0.9113, 0.0373
0.9113, 0.0373
0.9113, 0.0373
0.9113, 0.0373
0.9113, 0.0373
0.9153, 0.0373
0.9153, 0.0373
0.9153, 0.0373
0.9153, 0.0373
0.9194, 0.0347
0.9194, 0.0347
0.9194, 0.0347
0.9234, 0.0347
0.9234, 0.0347
0.9234, 0.0347
0.9234, 0.0347
0.9274, 0.0320
0.9274, 0.0320
0.9315, 0.0320
0.9315, 0.0320
0.9355, 0.0320
0.9355, 0.0320
0.9355, 0.0320
0.9355, 0.0320
0.9355, 0.0320
0.9395, 0.0320
0.9395, 0.0320
0.9395, 0.0320
0.9395, 0.0320
0.9435, 0.0320
0.9435, 0.0320
0.9435, 0.0293
0.9435, 0.0293
0.9435, 0.0293
0.9435, 0.0293
0.9435, 0.0293
0.9476, 0.0293
0.9476, 0.0293
0.9516, 0.0267
0.9516, 0.0267
0.9516, 0.0267
0.9516, 0.0267
0.9516, 0.0267
0.9556, 0.0240
0.9556, 0.0240
0.9597, 0.0240
0.9597, 0.0240
0.9637, 0.0240
0.9637, 0.0240
0.9637, 0.0240
0.9637, 0.0240
0.9637, 0.0240
0.9677, 0.0240
0.9677, 0.0240
0.9677, 0.0240
0.9677, 0.0240
0.9677, 0.0240
0.9758, 0.0213
0.9758, 0.0213
0.9758, 0.0213
0.9758, 0.0213
0.9798, 0.0187
0.9798, 0.0187
0.9839, 0.0187
0.9839, 0.0187
0.9839, 0.0187
0.9839, 0.0187
0.9839, 0.0187
0.9879, 0.0160
0.9879, 0.0160
0.9919, 0.0160
0.9919, 0.0160
0.9919, 0.0160
0.9919, 0.0160
0.9919, 0.0160
0.9960, 0.0160
0.9960, 0.0160
0.9960, 0.0160
0.9960, 0.0160
0.9960, 0.0160
0.9960, 0.0160
0.9960, 0.0160
0.9960, 0.0160
0.9960, 0.0160
0.9960, 0.0160
0.9960, 0.0160
0.9960, 0.0160
1.0000, 0.0160
1.0000, 0.0160
1.0000, 0.0160
1.0000, 0.0160
1.0000, 0.0160
1.0000, 0.0160
1.0000, 0.0160
1.0000, 0.0160
1.0000, 0.0160
1.0000, 0.0160
1.0000, 0.0160
1.0000, 0.0160
1.0000, 0.0160
1.0000, 0.0160
1.0000, 0.0160
1.0000, 0.0160
1.0000, 0.0160
1.0000, 0.0160
1.0000, 0.0160
1.0000, 0.0160
1.0000, 0.0160
1.0000, 0.0160
1.0000, 0.0160
1.0000, 0.0160
1.0000, 0.0160
1.0000, 0.0160
1.0000, 0.0160
1.0000, 0.0160
1.0000, 0.0160
1.0000, 0.0160
1.0000, 0.0160
1.0000, 0.0160
1.0000, 0.0160
1.0000, 0.0160
1.0000, 0.0160
1.0000, 0.0160
1.0000, 0.0160
1.0000, 0.0160
1.0000, 0.0160
1.0000, 0.0160
1.0000, 0.0160
1.0000, 0.0160
1.0000, 0.0160
1.0000, 0.0160
1.0000, 0.0160
1.0000, 0.0160
1.0000, 0.0160
1.0000, 0.0160
1.0000, 0.0160
1.0000, 0.0160
1.0000, 0.0160
1.0000, 0.0160
1.0000, 0.0160
1.0000, 0.0160
1.0000, 0.0160
1.0000, 0.0160
1.0000, 0.0160
1.0000, 0.0160
1.0000, 0.0160
1.0000, 0.0160
1.0000, 0.0160
1.0000, 0.0160
1.0000, 0.0160
1.0000, 0.0160
1.0000, 0.0160
1.0000, 0.0160
1.0000, 0.0160
1.0000, 0.0160
1.0000, 0.0160
1.0000, 0.0160
1.0000, 0.0160
1.0000, 0.0160
1.0000, 0.0160
1.0000, 0.0160
1.0000, 0.0160
1.0000, 0.0160
1.0000, 0.0160
1.0000, 0.0160
1.0000, 0.0160
1.0000, 0.0160
1.0000, 0.0160
1.0000, 0.0160
1.0000, 0.0160
1.0000, 0.0160
0.0000, 1.0000
0.0000, 1.0000
0.0000, 1.0000
0.0000, 1.0000
0.0000, 1.0000
0.0000, 1.0000
0.0000, 1.0000
0.0000, 1.0000
0.0000, 1.0000
0.0000, 1.0000
0.0000, 1.0000
0.0000, 1.0000
0.0000, 1.0000
0.0000, 1.0000
0.0000, 1.0000
0.0000, 1.0000
0.0000, 1.0000
0.0000, 1.0000
0.0000, 1.0000
0.0000, 1.0000
0.0000, 1.0000
0.0000, 1.0000
0.0000, 1.0000
0.0000, 1.0000
0.0000, 1.0000
0.0000, 1.0000
0.0000, 1.0000
0.0000, 1.0000
0.0000, 1.0000
0.0000, 1.0000
0.0000, 1.0000
0.0000, 1.0000
0.0000, 1.0000
