0.0630, 0.2766
0.0630, 0.2766
0.0630, 0.2766
0.0630, 0.2766
0.0672, 0.2766
0.0672, 0.2766
0.0672, 0.2766
0.0672, 0.2766
0.0672, 0.2766
0.0672, 0.2766
0.0672, 0.2766
0.0672, 0.2766
0.0672, 0.2766
0.0672, 0.2766
0.0672, 0.2766
0.0672, 0.2766
0.0672, 0.2766
0.0672, 0.2766
0.0672, 0.2766
0.0672, 0.2766
0.0672, 0.2766
0.0672, 0.2766
0.0672, 0.2766
0.0672, 0.2766
0.0672, 0.2766
0.0672, 0.2766
0.0672, 0.2766
0.0672, 0.2739
0.0672, 0.2739
0.0672, 0.2739
0.0672, 0.2739
0.0672, 0.2739
0.0672, 0.2739
0.0672, 0.2739
0.0672, 0.2739
0.0672, 0.2739
0.0672, 0.2739
0.0672, 0.2739
0.0672, 0.2739
0.0672, 0.2739
0.0672, 0.2739
0.0672, 0.2739
0.0672, 0.2739
0.0672, 0.2739
0.0672, 0.2739
0.0672, 0.2739
0.0672, 0.2739
0.0672, 0.2739
0.0672, 0.2739
0.0672, 0.2739
0.0672, 0.2739
0.0672, 0.2739
0.0672, 0.2739
0.0714, 0.2739
0.0714, 0.2739
0.0714, 0.2739
0.0714, 0.2739
0.0714, 0.2739
0.0714, 0.2739
0.0714, 0.2739
0.0714, 0.2739
0.0714, 0.2713
0.0714, 0.2713
0.0714, 0.2713
0.0714, 0.2713
0.0714, 0.2713
0.0756, 0.2713
0.0756, 0.2713
0.0756, 0.2713
0.0756, 0.2713
0.0756, 0.2713
0.0756, 0.2713
0.0756, 0.2713
0.0756, 0.2713
0.0756, 0.2713
0.0756, 0.2686
0.0756, 0.2686
0.0756, 0.2686
0.0756, 0.2686
0.0756, 0.2686
0.0756, 0.2686
0.0756, 0.2686
0.0756, 0.2686
0.0798, 0.2686
0.0798, 0.2686
0.0798, 0.2686
0.0798, 0.2686
0.0798, 0.2686
0.0798, 0.2686
0.0798, 0.2686
0.0798, 0.2686
0.0798, 0.2686
0.0840, 0.2660
0.0840, 0.2660
0.0840, 0.2660
0.0840, 0.2660
0.0882, 0.2660
0.0882, 0.2660
0.0882, 0.2660
0.0882, 0.2660
0.0882, 0.2633
0.0882, 0.2633
0.0882, 0.2633
0.0924, 0.2633
0.0924, 0.2633
0.0924, 0.2633
0.0924, 0.2633
0.0924, 0.2606
0.0924, 0.2606
0.0924, 0.2606
0.0924, 0.2606
0.0966, 0.2606
0.0966, 0.2606
0.0966, 0.2606
0.0966, 0.2606
0.0966, 0.2606
0.0966, 0.2606
0.0966, 0.2606
0.0966, 0.2606
0.0966, 0.2606
0.0966, 0.2606
0.0966, 0.2606
0.0966, 0.2606
0.0966, 0.2606
0.1008, 0.2580
0.1008, 0.2580
0.1008, 0.2580
0.1008, 0.2580
0.1050, 0.2580
0.1050, 0.2580
0.1050, 0.2580
0.1050, 0.2580
0.1092, 0.2553
0.1092, 0.2553
0.1092, 0.2553
0.1092, 0.2553
0.1092, 0.2553
0.1092, 0.2553
0.1092, 0.2553
0.1092, 0.2553
0.1092, 0.2553
0.1092, 0.2553
0.1092, 0.2553
0.1092, 0.2553
0.1092, 0.2553
0.1134, 0.2553
0.1134, 0.2553
0.1134, 0.2553
0.1134, 0.2553
0.1134, 0.2553
0.1134, 0.2553
0.1134, 0.2553
0.1134, 0.2553
0.1176, 0.2553
0.1176, 0.2553
0.1176, 0.2553
0.1176, 0.2553
0.1176, 0.2527
0.1176, 0.2527
0.1176, 0.2527
0.1176, 0.2527
0.1176, 0.2527
0.1176, 0.2527
0.1176, 0.2527
0.1176, 0.2527
0.1218, 0.2500
0.1218, 0.2500
0.1218, 0.2500
0.1218, 0.2500
0.1261, 0.2500
0.1261, 0.2500
0.1261, 0.2500
0.1261, 0.2500
0.1303, 0.2500
0.1303, 0.2500
0.1303, 0.2500
0.1303, 0.2500
0.1303, 0.2500
0.1303, 0.2500
0.1303, 0.2500
0.1303, 0.2500
0.1303, 0.2500
0.1303, 0.2500
0.1303, 0.2500
0.1303, 0.2500
0.1303, 0.2500
0.1345, 0.2473
0.1345, 0.2473
0.1345, 0.2473
0.1345, 0.2473
0.1387, 0.2473
0.1387, 0.2473
0.1387, 0.2473
0.1387, 0.2473
0.1387, 0.2447
0.1387, 0.2447
0.1387, 0.2447
0.1387, 0.2447
0.1471, 0.2447
0.1471, 0.2447
0.1471, 0.2447
0.1471, 0.2447
0.1471, 0.2447
0.1513, 0.2420
0.1513, 0.2420
0.1513, 0.2420
0.1513, 0.2420
0.1513, 0.2420
0.1513, 0.2420
0.1513, 0.2420
0.1513, 0.2420
0.1555, 0.2420
0.1555, 0.2420
0.1555, 0.2420
0.1555, 0.2420
0.1597, 0.2420
0.1597, 0.2420
0.1597, 0.2420
0.1597, 0.2420
0.1597, 0.2420
0.1597, 0.2420
0.1597, 0.2420
0.1597, 0.2420
0.1639, 0.2394
0.1639, 0.2394
0.1639, 0.2394
0.1639, 0.2394
0.1723, 0.2394
0.1723, 0.2394
0.1723, 0.2394
0.1723, 0.2394
0.1723, 0.2367
0.1723, 0.2367
0.1723, 0.2367
0.1723, 0.2367
0.1765, 0.2367
0.1765, 0.2367
0.1765, 0.2367
0.1765, 0.2367
0.1849, 0.2340
0.1849, 0.2340
0.1849, 0.2340
0.1849, 0.2340
0.1849, 0.2340
0.1849, 0.2340
0.1849, 0.2340
0.1849, 0.2340
0.1891, 0.2340
0.1891, 0.2340
0.1891, 0.2340
0.1975, 0.2340
0.1975, 0.2340
0.1975, 0.2340
0.1975, 0.2340
0.1975, 0.2340
0.1975, 0.2340
0.1975, 0.2340
0.1975, 0.2340
0.1975, 0.2340
0.2017, 0.2340
0.2017, 0.2340
0.2017, 0.2340
0.2017, 0.2340
0.2059, 0.2314
0.2059, 0.2314
0.2059, 0.2314
0.2101, 0.2314
0.2101, 0.2314
0.2101, 0.2314
0.2101, 0.2314
0.2143, 0.2314
0.2143, 0.2314
0.2143, 0.2314
0.2143, 0.2314
0.2185, 0.2287
0.2185, 0.2287
0.2185, 0.2287
0.2185, 0.2287
0.2185, 0.2287
0.2185, 0.2287
0.2185, 0.2287
0.2185, 0.2287
0.2227, 0.2287
0.2227, 0.2287
0.2227, 0.2287
0.2227, 0.2287
0.2311, 0.2287
0.2311, 0.2287
0.2311, 0.2287
0.2311, 0.2287
0.2311, 0.2287
0.2311, 0.2287
0.2311, 0.2287
0.2353, 0.2287
0.2353, 0.2287
0.2353, 0.2287
0.2353, 0.2287
0.2395, 0.2287
0.2395, 0.2287
0.2395, 0.2287
0.2395, 0.2287
0.2437, 0.2287
0.2437, 0.2287
0.2437, 0.2287
0.2437, 0.2287
0.2479, 0.2287
0.2479, 0.2287
0.2479, 0.2287
0.2521, 0.2287
0.2521, 0.2287
0.2521, 0.2287
0.2521, 0.2287
0.2521, 0.2261
0.2521, 0.2261
0.2521, 0.2261
0.2521, 0.2261
0.2563, 0.2261
0.2563, 0.2261
0.2563, 0.2261
0.2563, 0.2261
0.2605, 0.2261
0.2605, 0.2261
0.2605, 0.2261
0.2647, 0.2261
0.2647, 0.2261
0.2647, 0.2261
0.2647, 0.2261
0.2647, 0.2234
0.2647, 0.2234
0.2647, 0.2234
0.2647, 0.2234
0.2731, 0.2234
0.2731, 0.2234
0.2731, 0.2234
0.2731, 0.2234
0.2773, 0.2234
0.2773, 0.2234
0.2773, 0.2234
0.2773, 0.2234
0.2773, 0.2234
0.2773, 0.2234
0.2773, 0.2234
0.2773, 0.2234
0.2815, 0.2234
0.2815, 0.2234
0.2815, 0.2234
0.2815, 0.2234
0.2857, 0.2234
0.2857, 0.2234
0.2857, 0.2234
0.2857, 0.2234
0.2857, 0.2234
0.2857, 0.2234
0.2857, 0.2234
0.2857, 0.2234
0.2899, 0.2234
0.2899, 0.2234
0.2899, 0.2234
0.2941, 0.2234
0.2941, 0.2234
0.2941, 0.2234
0.2941, 0.2234
0.2941, 0.2234
0.2941, 0.2234
0.2941, 0.2234
0.2941, 0.2234
0.2983, 0.2234
0.2983, 0.2234
0.2983, 0.2234
0.2983, 0.2234
0.3025, 0.2234
0.3025, 0.2234
0.3025, 0.2234
0.3025, 0.2234
0.3067, 0.2207
0.3067, 0.2207
0.3067, 0.2207
0.3067, 0.2207
0.3109, 0.2207
0.3109, 0.2207
0.3109, 0.2207
0.3151, 0.2207
0.3151, 0.2207
0.3151, 0.2207
0.3193, 0.2207
0.3193, 0.2207
0.3193, 0.2207
0.3193, 0.2207
0.3193, 0.2207
0.3193, 0.2207
0.3193, 0.2207
0.3193, 0.2207
0.3193, 0.2207
0.3235, 0.2207
0.3235, 0.2207
0.3235, 0.2207
0.3277, 0.2207
0.3277, 0.2207
0.3277, 0.2207
0.3277, 0.2207
0.3277, 0.2207
0.3277, 0.2207
0.3277, 0.2207
0.3277, 0.2207
0.3319, 0.2207
0.3319, 0.2207
0.3319, 0.2207
0.3319, 0.2207
0.3403, 0.2207
0.3403, 0.2207
0.3403, 0.2207
0.3403, 0.2207
0.3403, 0.2207
0.3403, 0.2207
0.3403, 0.2207
0.3403, 0.2207
0.3445, 0.2207
0.3445, 0.2207
0.3445, 0.2207
0.3445, 0.2207
0.3529, 0.2207
0.3529, 0.2207
0.3529, 0.2207
0.3529, 0.2207
0.3529, 0.2207
0.3529, 0.2207
0.3529, 0.2207
0.3529, 0.2207
0.3613, 0.2207
0.3613, 0.2207
0.3613, 0.2207
0.3613, 0.2207
0.3613, 0.2207
0.3613, 0.2207
0.3613, 0.2207
0.3613, 0.2207
0.3655, 0.2207
0.3655, 0.2207
0.3655, 0.2207
0.3739, 0.2207
0.3739, 0.2207
0.3739, 0.2207
0.3739, 0.2207
0.3739, 0.2234
0.3739, 0.2234
0.3739, 0.2234
0.3739, 0.2234
0.3782, 0.2234
0.3782, 0.2234
0.3782, 0.2234
0.3782, 0.2234
0.3824, 0.2234
0.3824, 0.2234
0.3824, 0.2234
0.3866, 0.2261
0.3866, 0.2261
0.3866, 0.2261
0.3866, 0.2261
0.3866, 0.2261
0.3866, 0.2261
0.3866, 0.2261
0.3866, 0.2261
0.3950, 0.2261
0.3950, 0.2261
0.3950, 0.2261
0.3950, 0.2261
0.3950, 0.2261
0.3950, 0.2261
0.3950, 0.2261
0.3950, 0.2261
0.3992, 0.2261
0.3992, 0.2261
0.3992, 0.2261
0.3992, 0.2261
0.4076, 0.2261
0.4076, 0.2261
0.4076, 0.2261
0.4076, 0.2287
0.4076, 0.2287
0.4076, 0.2287
0.4076, 0.2287
0.4118, 0.2287
0.4118, 0.2287
0.4118, 0.2287
0.4202, 0.2314
0.4202, 0.2314
0.4202, 0.2314
0.4202, 0.2314
0.4202, 0.2314
0.4202, 0.2314
0.4202, 0.2314
0.4202, 0.2314
0.4244, 0.2314
0.4244, 0.2314
0.4244, 0.2314
0.4286, 0.2314
0.4286, 0.2314
0.4286, 0.2314
0.4286, 0.2314
0.4328, 0.2314
0.4328, 0.2314
0.4328, 0.2314
0.4328, 0.2314
0.4370, 0.2340
0.4370, 0.2340
0.4370, 0.2340
0.4412, 0.2340
0.4412, 0.2340
0.4412, 0.2340
0.4412, 0.2340
0.4454, 0.2340
0.4454, 0.2340
0.4454, 0.2340
0.4454, 0.2367
0.4454, 0.2367
0.4454, 0.2367
0.4454, 0.2367
0.4496, 0.2367
0.4496, 0.2367
0.4496, 0.2367
0.4496, 0.2367
0.4538, 0.2394
0.4538, 0.2394
0.4538, 0.2394
0.4538, 0.2394
0.4580, 0.2394
0.4580, 0.2394
0.4580, 0.2394
0.4622, 0.2394
0.4622, 0.2394
0.4622, 0.2394
0.4622, 0.2394
0.4664, 0.2394
0.4664, 0.2394
0.4664, 0.2394
0.4706, 0.2420
0.4706, 0.2420
0.4706, 0.2420
0.4706, 0.2420
0.4748, 0.2420
0.4748, 0.2420
0.4748, 0.2420
0.4790, 0.2447
0.4790, 0.2447
0.4790, 0.2447
0.4790, 0.2447
0.4832, 0.2447
0.4832, 0.2447
0.4832, 0.2447
0.4832, 0.2447
0.4874, 0.2473
0.4874, 0.2473
0.4874, 0.2473
0.4916, 0.2473
0.4916, 0.2473
0.4916, 0.2473
0.4916, 0.2473
0.4958, 0.2473
0.4958, 0.2473
0.4958, 0.2473
0.5000, 0.2473
0.5000, 0.2473
0.5000, 0.2473
0.5000, 0.2473
0.5042, 0.2500
0.5042, 0.2500
0.5042, 0.2500
0.5042, 0.2500
0.5042, 0.2500
0.5042, 0.2500
0.5042, 0.2500
0.5084, 0.2500
0.5084, 0.2500
0.5084, 0.2500
0.5084, 0.2500
0.5126, 0.2527
0.5126, 0.2527
0.5126, 0.2527
0.5126, 0.2527
0.5126, 0.2527
0.5126, 0.2527
0.5126, 0.2527
0.5126, 0.2527
0.5210, 0.2553
0.5210, 0.2553
0.5210, 0.2553
0.5252, 0.2553
0.5252, 0.2553
0.5252, 0.2553
0.5252, 0.2553
0.5252, 0.2553
0.5252, 0.2553
0.5252, 0.2553
0.5294, 0.2553
0.5294, 0.2553
0.5294, 0.2553
0.5336, 0.2553
0.5336, 0.2553
0.5336, 0.2553
0.5336, 0.2553
0.5336, 0.2553
0.5336, 0.2553
0.5336, 0.2553
0.5420, 0.2553
0.5420, 0.2553
0.5420, 0.2553
0.5420, 0.2553
0.5462, 0.2580
0.5462, 0.2580
0.5462, 0.2580
0.5462, 0.2580
0.5462, 0.2580
0.5462, 0.2580
0.5462, 0.2580
0.5504, 0.2580
0.5504, 0.2580
0.5504, 0.2580
0.5546, 0.2606
0.5546, 0.2606
0.5546, 0.2606
0.5546, 0.2606
0.5588, 0.2606
0.5588, 0.2606
0.5588, 0.2606
0.5588, 0.2606
0.5588, 0.2606
0.5588, 0.2606
0.5588, 0.2606
0.5672, 0.2606
0.5672, 0.2606
0.5672, 0.2606
0.5672, 0.2606
0.5714, 0.2606
0.5714, 0.2606
0.5714, 0.2606
0.5714, 0.2606
0.5714, 0.2606
0.5714, 0.2606
0.5714, 0.2606
0.5798, 0.2606
0.5798, 0.2606
0.5798, 0.2606
0.5798, 0.2606
0.5840, 0.2633
0.5840, 0.2633
0.5840, 0.2633
0.5840, 0.2633
0.5840, 0.2633
0.5840, 0.2633
0.5840, 0.2633
0.5882, 0.2633
0.5882, 0.2633
0.5882, 0.2633
0.5924, 0.2633
0.5924, 0.2633
0.5924, 0.2633
0.5924, 0.2633
0.5966, 0.2660
0.5966, 0.2660
0.5966, 0.2660
0.6008, 0.2660
0.6008, 0.2660
0.6008, 0.2660
0.6008, 0.2660
0.6050, 0.2660
0.6050, 0.2660
0.6050, 0.2660
0.6092, 0.2686
0.6092, 0.2686
0.6092, 0.2686
0.6092, 0.2686
0.6134, 0.2686
0.6134, 0.2686
0.6134, 0.2686
0.6134, 0.2686
0.6176, 0.2686
0.6176, 0.2686
0.6176, 0.2686
0.6176, 0.2686
0.6176, 0.2686
0.6176, 0.2686
0.6176, 0.2686
0.6218, 0.2686
0.6218, 0.2686
0.6218, 0.2686
0.6218, 0.2686
0.6261, 0.2686
0.6261, 0.2686
0.6261, 0.2686
0.6261, 0.2686
0.6261, 0.2686
0.6261, 0.2686
0.6261, 0.2686
0.6261, 0.2686
0.6261, 0.2686
0.6261, 0.2686
0.6303, 0.2713
0.6303, 0.2713
0.6303, 0.2713
0.6303, 0.2713
0.6345, 0.2713
0.6345, 0.2713
0.6345, 0.2713
0.6345, 0.2713
0.6387, 0.2713
0.6387, 0.2713
0.6387, 0.2713
0.6429, 0.2713
0.6429, 0.2713
0.6429, 0.2713
0.6429, 0.2713
0.6471, 0.2739
0.6471, 0.2739
0.6471, 0.2739
0.6513, 0.2739
0.6513, 0.2739
0.6513, 0.2739
0.6513, 0.2739
0.6513, 0.2739
0.6513, 0.2739
0.6513, 0.2739
0.6555, 0.2739
0.6555, 0.2739
0.6555, 0.2739
0.6555, 0.2739
0.6597, 0.2739
0.6597, 0.2739
0.6597, 0.2739
0.6597, 0.2739
0.6597, 0.2766
0.6597, 0.2766
0.6597, 0.2766
0.6639, 0.2766
0.6639, 0.2766
0.6639, 0.2766
0.6681, 0.2766
0.6681, 0.2766
0.6681, 0.2766
0.6681, 0.2766
0.6681, 0.2766
0.6681, 0.2766
0.6681, 0.2766
0.6681, 0.2766
0.6681, 0.2766
0.6681, 0.2766
0.6681, 0.2766
0.6723, 0.2766
0.6723, 0.2766
0.6723, 0.2766
0.6765, 0.2766
0.6765, 0.2766
0.6765, 0.2766
0.6807, 0.2766
0.6807, 0.2766
0.6807, 0.2766
0.6807, 0.2766
0.6807, 0.2766
0.6807, 0.2766
0.6807, 0.2766
0.6807, 0.2766
0.6807, 0.2766
0.6807, 0.2766
0.6807, 0.2766
0.6849, 0.2766
0.6849, 0.2766
0.6849, 0.2766
0.6849, 0.2766
0.6891, 0.2793
0.6891, 0.2793
0.6891, 0.2793
0.6891, 0.2793
0.6891, 0.2793
0.6891, 0.2793
0.6891, 0.2793
0.6933, 0.2793
0.6933, 0.2793
0.6933, 0.2793
0.6975, 0.2793
0.6975, 0.2793
0.6975, 0.2793
0.6975, 0.2793
0.7017, 0.2793
0.7017, 0.2793
0.7017, 0.2793
0.7017, 0.2793
0.7017, 0.2793
0.7017, 0.2793
0.7059, 0.2793
0.7059, 0.2793
0.7059, 0.2793
0.7059, 0.2793
0.7101, 0.2819
0.7101, 0.2819
0.7101, 0.2819
0.7101, 0.2819
0.7101, 0.2819
0.7101, 0.2819
0.7101, 0.2819
0.7143, 0.2819
0.7143, 0.2819
0.7143, 0.2819
0.7143, 0.2819
0.7185, 0.2819
0.7185, 0.2819
0.7185, 0.2819
0.7227, 0.2819
0.7227, 0.2819
0.7227, 0.2819
0.7227, 0.2819
0.7227, 0.2819
0.7227, 0.2819
0.7227, 0.2819
0.7269, 0.2819
0.7269, 0.2819
0.7269, 0.2819
0.7269, 0.2819
0.7311, 0.2819
0.7311, 0.2819
0.7311, 0.2819
0.7311, 0.2819
0.7311, 0.2819
0.7311, 0.2819
0.7311, 0.2819
0.7353, 0.2819
0.7353, 0.2819
0.7353, 0.2819
0.7395, 0.2819
0.7395, 0.2819
0.7395, 0.2819
0.7437, 0.2819
0.7437, 0.2819
0.7437, 0.2819
0.7437, 0.2819
0.7479, 0.2819
0.7479, 0.2819
0.7479, 0.2819
0.7521, 0.2819
0.7521, 0.2819
0.7521, 0.2819
0.7563, 0.2819
0.7563, 0.2819
0.7563, 0.2819
0.7563, 0.2819
0.7605, 0.2819
0.7605, 0.2819
0.7605, 0.2819
0.7647, 0.2819
0.7647, 0.2819
0.7647, 0.2819
0.7647, 0.2819
0.7689, 0.2819
0.7689, 0.2819
0.7689, 0.2819
0.7731, 0.2819
0.7731, 0.2819
0.7731, 0.2819
0.7731, 0.2819
0.7773, 0.2819
0.7773, 0.2819
0.7773, 0.2819
0.7815, 0.2819
0.7815, 0.2819
0.7815, 0.2819
0.7857, 0.2819
0.7857, 0.2819
0.7857, 0.2819
0.7899, 0.2819
0.7899, 0.2819
0.7899, 0.2819
0.7899, 0.2819
0.7941, 0.2819
0.7941, 0.2819
0.7941, 0.2819
0.7983, 0.2819
0.7983, 0.2819
0.7983, 0.2819
0.7983, 0.2819
0.8025, 0.2819
0.8025, 0.2819
0.8025, 0.2819
0.8067, 0.2819
0.8067, 0.2819
0.8067, 0.2819
0.8067, 0.2819
0.8151, 0.2819
0.8151, 0.2819
0.8151, 0.2819
0.8151, 0.2819
0.8151, 0.2819
0.8151, 0.2819
0.8151, 0.2819
0.8235, 0.2819
0.8235, 0.2819
0.8235, 0.2819
0.8277, 0.2819
0.8277, 0.2819
0.8277, 0.2819
0.8319, 0.2793
0.8319, 0.2793
0.8319, 0.2793
0.8319, 0.2793
0.8403, 0.2793
0.8403, 0.2793
0.8403, 0.2793
0.8445, 0.2793
0.8445, 0.2793
0.8445, 0.2793
0.8487, 0.2766
0.8487, 0.2766
0.8487, 0.2766
0.8487, 0.2766
0.8529, 0.2766
0.8529, 0.2766
0.8529, 0.2766
0.8613, 0.2766
0.8613, 0.2766
0.8613, 0.2766
0.8655, 0.2766
0.8655, 0.2766
0.8655, 0.2766
0.8655, 0.2766
0.8697, 0.2739
0.8697, 0.2739
0.8697, 0.2739
0.8739, 0.2739
0.8739, 0.2739
0.8739, 0.2739
0.8782, 0.2713
0.8782, 0.2713
0.8782, 0.2713
0.8824, 0.2713
0.8824, 0.2713
0.8824, 0.2713
0.8824, 0.2713
0.8824, 0.2686
0.8824, 0.2686
0.8824, 0.2686
0.8866, 0.2686
0.8866, 0.2686
0.8866, 0.2686
0.8866, 0.2686
0.8908, 0.2686
0.8908, 0.2686
0.8908, 0.2686
0.8908, 0.2686
0.8908, 0.2686
0.8908, 0.2686
0.8908, 0.2686
0.8950, 0.2660
0.8950, 0.2660
0.8950, 0.2660
0.8992, 0.2660
0.8992, 0.2660
0.8992, 0.2660
0.8992, 0.2633
0.8992, 0.2633
0.8992, 0.2633
0.9034, 0.2633
0.9034, 0.2633
0.9034, 0.2633
0.9034, 0.2606
0.9034, 0.2606
0.9034, 0.2606
0.9034, 0.2606
0.9076, 0.2606
0.9076, 0.2606
0.9076, 0.2606
0.9118, 0.2580
0.9118, 0.2580
0.9118, 0.2580
0.9160, 0.2553
0.9160, 0.2553
0.9160, 0.2553
0.9202, 0.2553
0.9202, 0.2553
0.9202, 0.2553
0.9202, 0.2553
0.9286, 0.2527
0.9286, 0.2527
0.9286, 0.2527
0.9328, 0.2500
0.9328, 0.2500
0.9328, 0.2500
0.9412, 0.2473
0.9412, 0.2473
0.9412, 0.2473
0.9412, 0.2473
0.9454, 0.2447
0.9454, 0.2447
0.9454, 0.2447
0.9454, 0.2447
0.9454, 0.2447
0.9454, 0.2447
0.9538, 0.2447
0.9538, 0.2447
0.9538, 0.2447
0.9538, 0.2447
0.9538, 0.2447
0.9538, 0.2447
0.9538, 0.2447
0.9580, 0.2420
0.9580, 0.2420
0.9580, 0.2420
0.9580, 0.2420
0.9580, 0.2394
0.9580, 0.2394
0.9580, 0.2394
0.9622, 0.2394
0.9622, 0.2394
0.9622, 0.2394
0.9664, 0.2394
0.9664, 0.2394
0.9664, 0.2394
0.9664, 0.2394
0.9664, 0.2394
0.9664, 0.2394
0.9664, 0.2394
0.9664, 0.2367
0.9664, 0.2367
0.9664, 0.2367
0.9706, 0.2367
0.9706, 0.2367
0.9706, 0.2367
0.9748, 0.2367
0.9748, 0.2367
0.9748, 0.2367
0.9748, 0.2367
0.9790, 0.2367
0.9790, 0.2367
0.9790, 0.2367
0.9790, 0.2340
0.9790, 0.2340
0.9790, 0.2340
0.9790, 0.2340
0.9790, 0.2340
0.9790, 0.2340
0.9790, 0.2340
0.9790, 0.2340
0.9790, 0.2340
0.9790, 0.2340
0.9790, 0.2340
0.9790, 0.2340
0.9790, 0.2340
0.9790, 0.2340
0.9832, 0.2340
0.9832, 0.2340
0.9832, 0.2340
0.9832, 0.2340
0.9832, 0.2340
0.9832, 0.2340
0.9832, 0.2340
0.9832, 0.2340
0.9832, 0.2340
0.9832, 0.2340
0.9832, 0.2340
0.9874, 0.2340
0.9874, 0.2340
0.9874, 0.2340
0.9874, 0.2340
0.9874, 0.2340
0.9874, 0.2340
0.9874, 0.2340
0.9874, 0.2340
0.9874, 0.2340
0.9874, 0.2340
0.9874, 0.2314
0.2227, 0.2314
0.2227, 0.2314
0.2227, 0.2314
0.2227, 0.2314
0.2227, 0.2314
0.2227, 0.2314
0.2227, 0.2314
0.2227, 0.2314
0.2227, 0.2314
0.2227, 0.2314
0.2227, 0.2314
0.2227, 0.2314
0.2227, 0.2314
0.2227, 0.2314
0.2227, 0.2314
0.2227, 0.2314
0.2227, 0.2314
0.2227, 0.2314
0.2227, 0.2314
0.2227, 0.2314
0.2227, 0.2314
0.2227, 0.2314
0.2227, 0.2314
0.2227, 0.2314
0.2227, 0.2314
0.2227, 0.2314
0.2227, 0.2314
0.2227, 0.2314
0.2227, 0.2314
0.2227, 0.2314
0.2227, 0.2314
0.2227, 0.2314
0.2227, 0.2314
0.2227, 0.2314
0.2227, 0.2314
0.2227, 0.2314
0.2227, 0.2314
0.2227, 0.2314
0.2227, 0.2314
0.2227, 0.2314
0.2227, 0.2314
0.2227, 0.2314
0.2227, 0.2314
0.2227, 0.2314
0.2227, 0.2314
0.2227, 0.2314
0.2227, 0.2314
0.2227, 0.2314
0.2227, 0.2314
0.2227, 0.2314
0.2227, 0.2314
0.2227, 0.2314
0.2227, 0.2314
0.2227, 0.2314
0.2227, 0.2314
0.2227, 0.2314
0.2227, 0.2314
0.2227, 0.2314
0.2227, 0.2314
0.2227, 0.2314
0.2227, 0.2314
0.2227, 0.2314
0.2227, 0.2314
0.2227, 0.2314
0.2227, 0.2314
0.2227, 0.2314
0.2227, 0.2314
0.2227, 0.2314
0.2227, 0.2314
0.2227, 0.2314
0.2227, 0.2314
0.2227, 0.2314
0.2227, 0.2314
0.2227, 0.2314
0.2227, 0.2314
0.2227, 0.2314
0.2227, 0.2314
0.2227, 0.2314
0.2227, 0.2314
0.2227, 0.2314
0.2227, 0.2314
0.2227, 0.2314
0.2227, 0.2314
0.2227, 0.2314
0.2227, 0.2314
0.2227, 0.2314
0.2227, 0.2314
0.2227, 0.2314
0.2227, 0.2314
0.2227, 0.2314
0.2227, 0.2314
0.2227, 0.2314
0.2227, 0.2314
0.2227, 0.2314
0.2227, 0.2314
0.2227, 0.2314
0.2227, 0.2314
0.2227, 0.2314
0.2227, 0.2314
0.2227, 0.2314
0.2227, 0.2314
0.2185, 0.2314
0.2185, 0.2314
0.2185, 0.2314
0.2185, 0.2314
0.2185, 0.2287
0.2185, 0.2287
0.2185, 0.2287
0.2185, 0.2287
0.2185, 0.2287
0.2185, 0.2287
0.2185, 0.2287
0.2185, 0.2287
0.2185, 0.2287
0.2185, 0.2287
0.2185, 0.2287
0.2185, 0.2287
0.2185, 0.2287
0.2185, 0.2287
0.2185, 0.2287
0.2185, 0.2287
0.2185, 0.2287
0.2185, 0.2287
0.2185, 0.2287
0.2185, 0.2287
0.2185, 0.2287
0.2185, 0.2287
0.2185, 0.2287
0.2185, 0.2287
0.2185, 0.2287
0.2185, 0.2287
0.2185, 0.2287
0.2185, 0.2261
0.2185, 0.2261
0.2185, 0.2261
0.2185, 0.2261
0.2185, 0.2261
0.2185, 0.2261
0.2185, 0.2261
0.2185, 0.2261
0.2143, 0.2261
0.2143, 0.2261
0.2143, 0.2261
0.2143, 0.2261
0.2143, 0.2234
0.2143, 0.2234
0.2143, 0.2234
0.2143, 0.2234
0.2143, 0.2234
0.2143, 0.2234
0.2143, 0.2234
0.2143, 0.2234
0.2143, 0.2234
0.2143, 0.2234
0.2143, 0.2234
0.2143, 0.2234
0.2143, 0.2234
0.2101, 0.2234
0.2101, 0.2234
0.2101, 0.2234
0.2101, 0.2234
0.2101, 0.2234
0.2101, 0.2234
0.2101, 0.2234
0.2101, 0.2234
0.2101, 0.2234
0.2101, 0.2207
0.2101, 0.2207
0.2101, 0.2207
0.2101, 0.2207
0.2101, 0.2207
0.2101, 0.2207
0.2101, 0.2207
0.2101, 0.2207
0.2101, 0.2207
0.2101, 0.2207
0.2101, 0.2207
0.2101, 0.2207
0.2101, 0.2207
0.2059, 0.2207
0.2059, 0.2207
0.2059, 0.2207
0.2059, 0.2207
0.2059, 0.2181
0.2059, 0.2181
0.2059, 0.2181
0.2059, 0.2181
0.2059, 0.2181
0.2059, 0.2181
0.2059, 0.2181
0.2059, 0.2181
0.2059, 0.2181
0.2059, 0.2181
0.2059, 0.2181
0.2059, 0.2181
0.2059, 0.2181
0.2059, 0.2181
0.2059, 0.2181
0.2059, 0.2181
0.2059, 0.2181
0.2059, 0.2154
0.2059, 0.2154
0.2059, 0.2154
0.2059, 0.2154
0.2059, 0.2154
0.2059, 0.2154
0.2059, 0.2154
0.2059, 0.2154
0.2059, 0.2154
0.2059, 0.2154
0.2059, 0.2154
0.2059, 0.2154
0.2059, 0.2154
0.2059, 0.2154
0.2059, 0.2154
0.2059, 0.2154
0.2059, 0.2154
0.2059, 0.2154
0.2059, 0.2154
0.2059, 0.2154
0.2059, 0.2154
0.2059, 0.2154
0.2059, 0.2154
0.2059, 0.2154
0.2059, 0.2154
0.2059, 0.2154
0.2059, 0.2154
0.2059, 0.2154
0.2059, 0.2154
0.2059, 0.2154
0.2059, 0.2154
0.2059, 0.2154
0.2059, 0.2154
0.2059, 0.2154
0.2059, 0.2154
0.2059, 0.2154
0.2059, 0.2128
0.2059, 0.2128
0.2059, 0.2128
0.2059, 0.2128
0.2059, 0.2128
0.2059, 0.2128
0.2059, 0.2128
0.2059, 0.2128
0.2059, 0.2128
0.2059, 0.2128
0.2059, 0.2128
0.2059, 0.2128
0.2059, 0.2128
0.2059, 0.2128
0.2059, 0.2128
0.2059, 0.2128
0.2059, 0.2128
0.2017, 0.2101
0.2017, 0.2101
0.2017, 0.2101
0.2017, 0.2101
0.2017, 0.2101
0.2017, 0.2101
0.2017, 0.2101
0.2017, 0.2101
0.2017, 0.2101
0.2017, 0.2101
0.2017, 0.2101
0.2017, 0.2101
0.2017, 0.2101
0.2017, 0.2101
0.2017, 0.2101
0.2017, 0.2101
0.2017, 0.2101
0.2017, 0.2101
0.2017, 0.2101
0.2017, 0.2101
0.2017, 0.2101
0.2017, 0.2101
0.2017, 0.2101
0.2017, 0.2101
0.2017, 0.2101
0.2017, 0.2101
0.2017, 0.2074
0.2017, 0.2074
0.2017, 0.2074
0.2017, 0.2074
0.1975, 0.2074
0.1975, 0.2074
0.1975, 0.2074
0.1975, 0.2074
0.1975, 0.2074
0.1975, 0.2074
0.1975, 0.2074
0.1975, 0.2074
0.1975, 0.2048
0.1975, 0.2048
0.1975, 0.2048
0.1975, 0.2048
0.1975, 0.2048
0.1975, 0.2048
0.1975, 0.2048
0.1975, 0.2048
0.1975, 0.2048
0.1975, 0.2048
0.1975, 0.2048
0.1975, 0.2048
0.1975, 0.2021
0.1975, 0.2021
0.1975, 0.2021
0.1975, 0.2021
0.1975, 0.2021
0.1975, 0.2021
0.1975, 0.2021
0.1975, 0.2021
0.1975, 0.2021
0.1975, 0.2021
0.1975, 0.2021
0.1975, 0.2021
0.1975, 0.2021
0.1975, 0.2021
0.1975, 0.2021
0.1975, 0.2021
0.1975, 0.2021
0.1975, 0.2021
0.1975, 0.2021
0.1975, 0.2021
0.1975, 0.2021
0.1975, 0.1995
0.1975, 0.1995
0.1975, 0.1995
0.1975, 0.1995
0.1933, 0.1995
0.1933, 0.1995
0.1933, 0.1995
0.1933, 0.1995
0.1933, 0.1995
0.1933, 0.1995
0.1933, 0.1995
0.1933, 0.1995
0.1933, 0.1995
0.1933, 0.1995
0.1933, 0.1995
0.1933, 0.1968
0.1933, 0.1968
0.1933, 0.1968
0.1933, 0.1968
0.1933, 0.1968
0.1933, 0.1968
0.1933, 0.1968
0.1933, 0.1968
0.1933, 0.1968
0.1933, 0.1968
0.1933, 0.1968
0.1933, 0.1968
0.1933, 0.1968
0.1933, 0.1968
0.1933, 0.1968
0.1933, 0.1968
0.1933, 0.1968
0.1891, 0.1968
0.1891, 0.1968
0.1891, 0.1968
0.1891, 0.1968
0.1891, 0.1968
0.1891, 0.1968
0.1891, 0.1968
0.1891, 0.1968
0.1891, 0.1968
0.1891, 0.1968
0.1891, 0.1968
0.1891, 0.1968
0.1891, 0.1941
0.1891, 0.1941
0.1891, 0.1941
0.1891, 0.1941
0.1891, 0.1941
0.1891, 0.1941
0.1891, 0.1941
0.1891, 0.1941
0.1849, 0.1915
0.1849, 0.1915
0.1849, 0.1915
0.1849, 0.1915
0.1849, 0.1915
0.1849, 0.1915
0.1849, 0.1915
0.1849, 0.1915
0.1849, 0.1915
0.1849, 0.1915
0.1849, 0.1915
0.1849, 0.1915
0.1849, 0.1888
0.1849, 0.1888
0.1849, 0.1888
0.1849, 0.1888
0.1849, 0.1888
0.1849, 0.1888
0.1849, 0.1888
0.1849, 0.1888
0.1849, 0.1888
0.1849, 0.1888
0.1849, 0.1888
0.1849, 0.1888
0.1849, 0.1888
0.1849, 0.1888
0.1849, 0.1888
0.1849, 0.1888
0.1849, 0.1888
0.1849, 0.1888
0.1849, 0.1888
0.1849, 0.1888
0.1849, 0.1888
0.1849, 0.1888
0.1849, 0.1888
0.1849, 0.1888
0.1849, 0.1888
0.1849, 0.1862
0.1849, 0.1862
0.1849, 0.1862
0.1849, 0.1862
0.1849, 0.1862
0.1849, 0.1862
0.1849, 0.1862
0.1849, 0.1862
0.1849, 0.1862
0.1849, 0.1862
0.1849, 0.1862
0.1849, 0.1862
0.1849, 0.1862
0.1849, 0.1862
0.1849, 0.1862
0.1849, 0.1862
0.1849, 0.1835
0.1849, 0.1835
0.1849, 0.1835
0.1849, 0.1835
0.1807, 0.1835
0.1807, 0.1835
0.1807, 0.1835
0.1807, 0.1835
0.1807, 0.1835
0.1807, 0.1835
0.1807, 0.1835
0.1807, 0.1835
0.1807, 0.1835
0.1807, 0.1835
0.1807, 0.1835
0.1807, 0.1835
0.1807, 0.1835
0.1807, 0.1835
0.1807, 0.1835
0.1807, 0.1835
0.1807, 0.1835
0.1807, 0.1835
0.1807, 0.1835
0.1807, 0.1835
0.1807, 0.1809
0.1807, 0.1809
0.1807, 0.1809
0.1807, 0.1809
0.1807, 0.1809
0.1807, 0.1809
0.1807, 0.1809
0.1765, 0.1809
0.1765, 0.1809
0.1765, 0.1809
0.1765, 0.1809
0.1765, 0.1782
0.1765, 0.1782
0.1765, 0.1782
0.1765, 0.1782
0.1765, 0.1782
0.1765, 0.1782
0.1765, 0.1782
0.1765, 0.1782
0.1765, 0.1782
0.1765, 0.1782
0.1765, 0.1782
0.1765, 0.1782
0.1765, 0.1782
0.1765, 0.1782
0.1765, 0.1782
0.1765, 0.1782
0.1765, 0.1782
0.1765, 0.1782
0.1765, 0.1782
0.1765, 0.1782
0.1765, 0.1782
0.1765, 0.1782
0.1765, 0.1755
0.1765, 0.1755
0.1765, 0.1755
0.1765, 0.1755
0.1765, 0.1755
0.1765, 0.1755
0.1765, 0.1755
0.1765, 0.1755
0.1765, 0.1755
0.1765, 0.1755
0.1765, 0.1755
0.1765, 0.1755
0.1765, 0.1755
0.1765, 0.1755
0.1765, 0.1755
0.1765, 0.1755
0.1765, 0.1729
0.1765, 0.1729
0.1765, 0.1729
0.1765, 0.1729
0.1765, 0.1729
0.1765, 0.1729
0.1765, 0.1729
0.1765, 0.1729
0.1765, 0.1729
0.1765, 0.1729
0.1765, 0.1729
0.1765, 0.1702
0.1765, 0.1702
0.1765, 0.1702
0.1765, 0.1702
0.1765, 0.1702
0.1765, 0.1702
0.1765, 0.1702
0.1765, 0.1702
0.1723, 0.1702
0.1723, 0.1702
0.1723, 0.1702
0.1723, 0.1702
0.1723, 0.1702
0.1723, 0.1702
0.1723, 0.1702
0.1723, 0.1702
0.1723, 0.1702
0.1723, 0.1702
0.1723, 0.1702
0.1723, 0.1702
0.1723, 0.1676
0.1723, 0.1676
0.1723, 0.1676
0.1723, 0.1676
0.1723, 0.1676
0.1723, 0.1676
0.1723, 0.1676
0.1723, 0.1676
0.1723, 0.1676
0.1723, 0.1676
0.1723, 0.1676
0.1723, 0.1676
0.1723, 0.1649
0.1723, 0.1649
0.1723, 0.1649
0.1723, 0.1649
0.1681, 0.1649
0.1681, 0.1649
0.1681, 0.1649
0.1681, 0.1649
0.1681, 0.1649
0.1681, 0.1649
0.1681, 0.1649
0.1681, 0.1649
0.1681, 0.1649
0.1681, 0.1649
0.1681, 0.1649
0.1681, 0.1622
0.1681, 0.1622
0.1681, 0.1622
0.1681, 0.1622
0.1681, 0.1622
0.1681, 0.1622
0.1681, 0.1622
0.1681, 0.1622
0.1681, 0.1622
0.1681, 0.1622
0.1681, 0.1622
0.1681, 0.1622
0.1681, 0.1596
0.1681, 0.1596
0.1681, 0.1596
0.1639, 0.1596
0.1639, 0.1596
0.1639, 0.1596
0.1639, 0.1596
0.1639, 0.1569
0.1639, 0.1569
0.1639, 0.1569
0.1639, 0.1569
0.1639, 0.1569
0.1639, 0.1569
0.1639, 0.1569
0.1639, 0.1569
0.1639, 0.1569
0.1639, 0.1569
0.1639, 0.1569
0.1639, 0.1569
0.1639, 0.1569
0.1639, 0.1569
0.1639, 0.1569
0.1639, 0.1569
0.1639, 0.1569
0.1639, 0.1569
0.1639, 0.1569
0.1639, 0.1543
0.1639, 0.1543
0.1639, 0.1543
0.1639, 0.1543
0.1639, 0.1543
0.1639, 0.1543
0.1639, 0.1543
0.1639, 0.1516
0.1639, 0.1516
0.1639, 0.1516
0.1639, 0.1516
0.1639, 0.1516
0.1639, 0.1516
0.1639, 0.1516
0.1639, 0.1516
0.1639, 0.1516
0.1639, 0.1516
0.1639, 0.1516
0.1639, 0.1516
0.1639, 0.1516
0.1639, 0.1516
0.1639, 0.1516
0.1597, 0.1516
0.1597, 0.1516
0.1597, 0.1516
0.1597, 0.1516
0.1597, 0.1489
0.1597, 0.1489
0.1597, 0.1489
0.1597, 0.1489
0.1597, 0.1489
0.1597, 0.1489
0.1597, 0.1489
0.1597, 0.1489
0.1597, 0.1463
0.1597, 0.1463
0.1597, 0.1463
0.1597, 0.1463
0.1597, 0.1463
0.1597, 0.1463
0.1597, 0.1463
0.1555, 0.1436
0.1555, 0.1436
0.1555, 0.1436
0.1555, 0.1436
0.1555, 0.1436
0.1555, 0.1436
0.1555, 0.1436
0.1555, 0.1436
0.1555, 0.1436
0.1555, 0.1436
0.1555, 0.1436
0.1555, 0.1436
0.1555, 0.1436
0.1555, 0.1436
0.1555, 0.1436
0.1555, 0.1410
0.1555, 0.1410
0.1555, 0.1410
0.1555, 0.1410
0.1555, 0.1410
0.1555, 0.1410
0.1555, 0.1410
0.1555, 0.1410
0.1555, 0.1383
0.1555, 0.1383
0.1555, 0.1383
0.1555, 0.1383
0.1555, 0.1383
0.1555, 0.1383
0.1555, 0.1383
0.1555, 0.1383
0.1555, 0.1383
0.1555, 0.1383
0.1555, 0.1383
0.1555, 0.1383
0.1555, 0.1383
0.1555, 0.1383
0.1555, 0.1383
0.1555, 0.1383
0.1555, 0.1383
0.1555, 0.1383
0.1555, 0.1383
0.1555, 0.1383
0.1555, 0.1383
0.1555, 0.1383
0.1555, 0.1383
0.1513, 0.1356
0.1513, 0.1356
0.1513, 0.1356
0.1513, 0.1356
0.1513, 0.1356
0.1513, 0.1356
0.1513, 0.1356
0.1513, 0.1356
0.1513, 0.1356
0.1513, 0.1356
0.1513, 0.1356
0.1513, 0.1330
0.1513, 0.1330
0.1513, 0.1330
0.1513, 0.1330
0.1513, 0.1330
0.1513, 0.1330
0.1513, 0.1330
0.1513, 0.1330
0.1513, 0.1303
0.1513, 0.1303
0.1513, 0.1303
0.1471, 0.1303
0.1471, 0.1303
0.1471, 0.1303
0.1471, 0.1303
0.1471, 0.1303
0.1471, 0.1303
0.1471, 0.1303
0.1471, 0.1303
0.1471, 0.1303
0.1471, 0.1303
0.1471, 0.1303
0.1471, 0.1303
0.1471, 0.1303
0.1471, 0.1303
0.1471, 0.1303
0.1471, 0.1277
0.1471, 0.1277
0.1471, 0.1277
0.1471, 0.1277
0.1471, 0.1277
0.1471, 0.1277
0.1471, 0.1277
0.1471, 0.1277
0.1429, 0.1250
0.1429, 0.1250
0.1429, 0.1250
0.1429, 0.1250
0.1429, 0.1250
0.1429, 0.1250
0.1429, 0.1250
0.1429, 0.1250
0.1429, 0.1250
0.1429, 0.1250
0.1429, 0.1250
0.1429, 0.1250
0.1429, 0.1250
0.1429, 0.1250
0.1429, 0.1250
0.1429, 0.1250
0.1429, 0.1250
0.1429, 0.1250
0.1429, 0.1250
0.1429, 0.1223
0.1429, 0.1223
0.1429, 0.1223
0.1429, 0.1223
0.1429, 0.1223
0.1429, 0.1223
0.1429, 0.1223
0.1429, 0.1223
0.1429, 0.1223
0.1429, 0.1223
0.1429, 0.1223
0.1429, 0.1197
0.1429, 0.1197
0.1429, 0.1197
0.1429, 0.1197
0.1429, 0.1197
0.1429, 0.1197
0.1429, 0.1197
0.1429, 0.1197
0.1429, 0.1197
0.1429, 0.1197
0.1429, 0.1197
0.1429, 0.1170
0.1429, 0.1170
0.1429, 0.1170
0.1429, 0.1170
0.1429, 0.1170
0.1429, 0.1170
0.1429, 0.1170
0.1429, 0.1170
0.1429, 0.1170
0.1429, 0.1170
0.1429, 0.1170
0.1429, 0.1170
0.1429, 0.1170
0.1429, 0.1170
0.1429, 0.1170
0.1387, 0.1170
0.1387, 0.1170
0.1387, 0.1170
0.1387, 0.1170
0.1387, 0.1170
0.1387, 0.1170
0.1387, 0.1170
0.1387, 0.1144
0.1387, 0.1144
0.1387, 0.1144
0.1387, 0.1144
0.1387, 0.1144
0.1387, 0.1144
0.1387, 0.1144
0.1387, 0.1117
0.1387, 0.1117
0.1387, 0.1117
0.1387, 0.1117
0.1387, 0.1117
0.1387, 0.1117
0.1387, 0.1117
0.1387, 0.1117
0.1387, 0.1117
0.1387, 0.1117
0.1387, 0.1117
0.1387, 0.1117
0.1387, 0.1117
0.1387, 0.1117
0.1387, 0.1117
0.1345, 0.1090
0.1345, 0.1090
0.1345, 0.1090
0.1345, 0.1090
0.1345, 0.1090
0.1345, 0.1090
0.1345, 0.1090
0.1345, 0.1090
0.1345, 0.1064
0.1345, 0.1064
0.1345, 0.1064
0.1345, 0.1064
0.1345, 0.1064
0.1345, 0.1064
0.1345, 0.1064
0.1345, 0.1037
0.1345, 0.1037
0.1345, 0.1037
0.1345, 0.1037
0.1345, 0.1037
0.1345, 0.1037
0.1345, 0.1037
0.1345, 0.1037
0.1345, 0.1037
0.1345, 0.1037
0.1345, 0.1037
0.1345, 0.1037
0.1345, 0.1037
0.1345, 0.1037
0.1345, 0.1037
0.1345, 0.1011
0.1345, 0.1011
0.1345, 0.1011
0.1345, 0.1011
0.1345, 0.1011
0.1345, 0.1011
0.1345, 0.1011
0.1345, 0.0984
0.1345, 0.0984
0.1345, 0.0984
0.1345, 0.0984
0.1345, 0.0984
0.1345, 0.0984
0.1345, 0.0984
0.1345, 0.0957
0.1345, 0.0957
0.1345, 0.0957
0.1345, 0.0957
0.1345, 0.0957
0.1345, 0.0957
0.1345, 0.0957
0.1345, 0.0957
0.1345, 0.0931
0.1345, 0.0931
0.1345, 0.0931
0.1345, 0.0931
0.1345, 0.0931
0.1345, 0.0931
0.1345, 0.0931
0.1345, 0.0931
0.1345, 0.0931
0.1345, 0.0931
0.1345, 0.0904
0.1345, 0.0904
0.1345, 0.0904
0.1345, 0.0904
0.1345, 0.0904
0.1345, 0.0904
0.1345, 0.0878
0.1345, 0.0878
0.1345, 0.0878
0.1345, 0.0878
0.1345, 0.0851
0.1345, 0.0851
0.1345, 0.0851
0.1345, 0.0851
0.1345, 0.0851
0.1345, 0.0851
0.1345, 0.0851
0.1345, 0.0851
0.1345, 0.0851
0.1345, 0.0851
0.1345, 0.0851
0.1345, 0.0824
0.1345, 0.0824
0.1345, 0.0824
0.1345, 0.0824
0.1345, 0.0824
0.1345, 0.0824
0.1345, 0.0798
0.1345, 0.0798
0.1345, 0.0798
0.1345, 0.0798
0.1345, 0.0798
0.1345, 0.0798
0.1345, 0.0798
0.1345, 0.0798
0.1345, 0.0798
0.1345, 0.0798
0.1345, 0.0798
0.1345, 0.0771
0.1345, 0.0771
0.1345, 0.0771
0.1345, 0.0745
0.1345, 0.0745
0.1345, 0.0745
0.1387, 0.0745
0.1387, 0.0745
0.1387, 0.0745
0.1387, 0.0745
0.1387, 0.0718
0.1387, 0.0718
0.1387, 0.0718
0.1387, 0.0718
0.1387, 0.0718
0.1387, 0.0718
0.1387, 0.0718
0.1387, 0.0718
0.1387, 0.0718
0.1387, 0.0718
0.1387, 0.0691
0.1387, 0.0691
0.1387, 0.0691
0.1387, 0.0691
0.1387, 0.0691
0.1387, 0.0691
0.1387, 0.0691
0.1387, 0.0665
0.1387, 0.0665
0.1387, 0.0665
0.1387, 0.0665
0.1387, 0.0665
0.1387, 0.0665
0.1387, 0.0665
0.1387, 0.0665
0.1387, 0.0665
0.1387, 0.0665
0.1387, 0.0665
0.1387, 0.0665
0.1387, 0.0665
0.1387, 0.0665
0.1387, 0.0665
0.1387, 0.0638
0.1387, 0.0638
0.1387, 0.0638
0.1429, 0.0612
0.1429, 0.0612
0.1429, 0.0612
0.1429, 0.0612
0.1429, 0.0612
0.1429, 0.0612
0.1429, 0.0612
0.1429, 0.0585
0.1429, 0.0585
0.1429, 0.0585
0.1471, 0.0585
0.1471, 0.0585
0.1471, 0.0585
0.1471, 0.0585
0.1471, 0.0585
0.1471, 0.0585
0.1471, 0.0585
0.1513, 0.0559
0.1513, 0.0559
0.1513, 0.0559
0.1513, 0.0559
0.1513, 0.0559
0.1513, 0.0559
0.1513, 0.0559
0.1513, 0.0532
0.1513, 0.0532
0.1513, 0.0532
0.1513, 0.0532
0.1513, 0.0532
0.1513, 0.0532
0.1513, 0.0532
0.1513, 0.0532
0.1513, 0.0532
0.1513, 0.0532
0.1513, 0.0532
0.1513, 0.0532
0.1513, 0.0532
0.1513, 0.0532
0.1513, 0.0505
0.1513, 0.0505
0.1513, 0.0505
0.1513, 0.0505
0.1513, 0.0505
0.1513, 0.0505
0.1513, 0.0505
0.1555, 0.0479
0.1555, 0.0479
0.1555, 0.0479
0.1555, 0.0479
0.1555, 0.0479
0.1555, 0.0479
0.1555, 0.0479
0.1555, 0.0452
0.1555, 0.0452
0.1555, 0.0452
0.1555, 0.0452
0.1555, 0.0452
0.1555, 0.0452
0.1555, 0.0452
0.1597, 0.0452
0.1597, 0.0452
0.1597, 0.0452
0.1597, 0.0452
0.1597, 0.0452
0.1597, 0.0452
0.1597, 0.0452
0.1597, 0.0426
0.1597, 0.0426
0.1597, 0.0426
0.1597, 0.0426
0.1597, 0.0426
0.1597, 0.0426
0.1597, 0.0426
0.1597, 0.0426
0.1597, 0.0426
0.1597, 0.0426
0.1597, 0.0399
0.1597, 0.0399
0.1597, 0.0399
0.1597, 0.0399
0.1597, 0.0399
0.1597, 0.0399
0.1597, 0.0399
0.1597, 0.0399
0.1597, 0.0399
0.1597, 0.0399
0.1597, 0.0399
0.1639, 0.0399
0.1639, 0.0399
0.1639, 0.0399
0.1639, 0.0372
0.1639, 0.0372
0.1639, 0.0372
0.1639, 0.0372
0.1639, 0.0372
0.1639, 0.0372
0.1681, 0.0372
0.1681, 0.0372
0.1681, 0.0372
0.1681, 0.0372
0.1681, 0.0346
0.1681, 0.0346
0.1681, 0.0346
0.1681, 0.0346
0.1681, 0.0346
0.1681, 0.0346
0.1723, 0.0319
0.1723, 0.0319
0.1723, 0.0319
0.1723, 0.0319
0.1723, 0.0319
0.1723, 0.0319
0.1723, 0.0319
0.1723, 0.0319
0.1723, 0.0319
0.1723, 0.0319
0.1723, 0.0319
0.1723, 0.0319
0.1723, 0.0319
0.1723, 0.0319
0.1723, 0.0293
0.1723, 0.0293
0.1723, 0.0293
0.1723, 0.0293
0.1723, 0.0293
0.1723, 0.0293
0.1765, 0.0293
0.1765, 0.0293
0.1765, 0.0293
0.1765, 0.0293
0.1765, 0.0266
0.1765, 0.0266
0.1765, 0.0266
0.1765, 0.0266
0.1765, 0.0266
0.1765, 0.0266
0.1765, 0.0266
0.1765, 0.0266
0.1765, 0.0266
0.1765, 0.0266
0.1807, 0.0266
0.1807, 0.0266
0.1807, 0.0266
0.1807, 0.0266
0.1807, 0.0266
0.1807, 0.0266
0.1807, 0.0266
0.1807, 0.0239
0.1807, 0.0239
0.1807, 0.0239
0.1807, 0.0239
0.1807, 0.0239
0.1807, 0.0239
0.1807, 0.0213
0.1807, 0.0213
0.1807, 0.0213
0.1849, 0.0213
0.1849, 0.0213
0.1849, 0.0213
0.1849, 0.0213
0.1849, 0.0213
0.1849, 0.0213
0.1849, 0.0213
0.1849, 0.0186
0.1849, 0.0186
0.1849, 0.0186
0.1891, 0.0186
0.1891, 0.0186
0.1891, 0.0186
0.1891, 0.0186
0.1891, 0.0186
0.1891, 0.0186
0.1891, 0.0186
0.1933, 0.0186
0.1933, 0.0186
0.1933, 0.0186
0.1933, 0.0186
0.1933, 0.0186
0.1933, 0.0186
0.1933, 0.0186
0.1933, 0.0160
0.1933, 0.0160
0.1933, 0.0160
0.1933, 0.0160
0.1933, 0.0160
0.1933, 0.0160
0.1933, 0.0160
0.1933, 0.0160
0.1933, 0.0160
0.1933, 0.0160
0.1975, 0.0133
0.1975, 0.0133
0.1975, 0.0133
0.1975, 0.0133
0.1975, 0.0133
0.1975, 0.0133
0.2017, 0.0133
0.2017, 0.0133
0.2017, 0.0133
0.2017, 0.0133
0.2017, 0.0133
0.2017, 0.0133
0.2017, 0.0133
0.2017, 0.0133
0.2017, 0.0133
0.2017, 0.0133
0.2017, 0.0133
0.2017, 0.0133
0.2017, 0.0133
0.2017, 0.0133
0.2059, 0.0133
0.2059, 0.0133
0.2059, 0.0133
0.2059, 0.0106
0.2059, 0.0106
0.2059, 0.0106
0.2101, 0.0106
0.2101, 0.0106
0.2101, 0.0106
0.2101, 0.0106
0.2101, 0.0106
0.2101, 0.0106
0.2143, 0.0080
0.2143, 0.0080
0.2143, 0.0080
0.2143, 0.0080
0.2143, 0.0080
0.2143, 0.0080
0.2143, 0.0080
0.2143, 0.0080
0.2143, 0.0080
0.2143, 0.0080
0.2185, 0.0080
0.2185, 0.0080
0.2185, 0.0080
0.2185, 0.0080
0.2185, 0.0080
0.2185, 0.0080
0.2185, 0.0080
0.2227, 0.0080
0.2227, 0.0080
0.2227, 0.0080
0.2227, 0.0080
0.2227, 0.0080
0.2227, 0.0080
0.2269, 0.0080
0.2269, 0.0080
0.2269, 0.0080
0.2269, 0.0080
0.2269, 0.0053
0.2269, 0.0053
0.2269, 0.0053
0.2311, 0.0053
0.2311, 0.0053
0.2311, 0.0053
0.2353, 0.0053
0.2353, 0.0053
0.2353, 0.0053
0.2353, 0.0053
0.2353, 0.0053
0.2353, 0.0053
0.2353, 0.0053
0.2353, 0.0053
0.2353, 0.0053
0.2395, 0.0027
0.2395, 0.0027
0.2395, 0.0027
0.2395, 0.0027
0.2437, 0.0027
0.2437, 0.0027
0.2437, 0.0027
0.2437, 0.0027
0.2437, 0.0027
0.2437, 0.0027
0.2479, 0.0027
0.2479, 0.0027
0.2479, 0.0027
0.2521, 0.0027
0.2521, 0.0027
0.2521, 0.0027
0.2521, 0.0027
0.2521, 0.0027
0.2521, 0.0027
0.2521, 0.0027
0.2521, 0.0027
0.2521, 0.0027
0.2521, 0.0027
0.2563, 0.0027
0.2563, 0.0027
0.2563, 0.0027
0.2605, 0.0027
0.2605, 0.0027
0.2605, 0.0027
0.2605, 0.0027
0.2605, 0.0027
0.2605, 0.0027
0.2647, 0.0027
0.2647, 0.0027
0.2647, 0.0027
0.2647, 0.0027
0.2647, 0.0027
0.2647, 0.0027
0.2647, 0.0027
0.2647, 0.0027
0.2647, 0.0027
0.2647, 0.0027
0.2689, 0.0027
0.2689, 0.0027
0.2689, 0.0027
0.2731, 0.0027
0.2731, 0.0027
0.2731, 0.0027
0.2731, 0.0027
0.2731, 0.0027
0.2731, 0.0027
0.2731, 0.0027
0.2731, 0.0027
0.2731, 0.0027
0.2731, 0.0027
0.2773, 0.0027
0.2773, 0.0027
0.2773, 0.0027
0.2773, 0.0027
0.2815, 0.0027
0.2815, 0.0027
0.2815, 0.0027
0.2857, 0.0027
0.2857, 0.0027
0.2857, 0.0027
0.2857, 0.0027
0.2857, 0.0027
0.2857, 0.0027
0.2857, 0.0027
0.2857, 0.0027
0.2857, 0.0027
0.2899, 0.0027
0.2899, 0.0027
0.2899, 0.0027
0.2941, 0.0027
0.2941, 0.0027
0.2941, 0.0027
0.2941, 0.0027
0.2941, 0.0027
0.2941, 0.0027
0.2941, 0.0027
0.2941, 0.0027
0.2941, 0.0027
0.2941, 0.0027
0.2983, 0.0027
0.2983, 0.0027
0.2983, 0.0027
0.3025, 0.0027
0.3025, 0.0027
0.3025, 0.0027
0.3067, 0.0027
0.3067, 0.0027
0.3067, 0.0027
0.3067, 0.0027
0.3067, 0.0027
0.3067, 0.0027
0.3067, 0.0027
0.3067, 0.0027
0.3067, 0.0027
0.3067, 0.0027
0.3109, 0.0027
0.3109, 0.0027
0.3109, 0.0027
0.3109, 0.0027
0.3109, 0.0027
0.3109, 0.0027
0.3151, 0.0027
0.3151, 0.0027
0.3151, 0.0027
0.3151, 0.0027
0.3151, 0.0027
0.3151, 0.0027
0.3151, 0.0027
0.3193, 0.0027
0.3193, 0.0027
0.3193, 0.0027
0.3235, 0.0027
0.3235, 0.0027
0.3235, 0.0027
0.3235, 0.0027
0.3235, 0.0027
0.3235, 0.0027
0.3277, 0.0027
0.3277, 0.0027
0.3277, 0.0027
0.3277, 0.0027
0.3277, 0.0027
0.3277, 0.0027
0.3319, 0.0027
0.3319, 0.0027
0.3319, 0.0027
0.3361, 0.0027
0.3361, 0.0027
0.3361, 0.0027
0.3361, 0.0027
0.3361, 0.0027
0.3361, 0.0027
0.3361, 0.0027
0.3403, 0.0027
0.3403, 0.0027
0.3445, 0.0027
0.3445, 0.0027
0.3445, 0.0027
0.3445, 0.0000
0.3445, 0.0000
0.3487, 0.0000
0.3487, 0.0000
0.3487, 0.0000
0.3487, 0.0000
0.3487, 0.0000
0.3529, 0.0000
0.3529, 0.0000
0.3571, 0.0000
0.3571, 0.0000
0.3571, 0.0000
0.3571, 0.0000
0.3571, 0.0000
0.3613, 0.0000
0.3613, 0.0000
0.3655, 0.0000
0.3655, 0.0000
0.3655, 0.0000
0.3697, 0.0000
0.3697, 0.0000
0.3697, 0.0000
0.3697, 0.0000
0.3697, 0.0000
0.3697, 0.0000
0.3697, 0.0000
0.3739, 0.0000
0.3739, 0.0000
0.3739, 0.0000
0.3782, 0.0000
0.3782, 0.0000
0.3782, 0.0000
0.3782, 0.0000
0.3782, 0.0000
0.3782, 0.0027
0.3782, 0.0027
0.3824, 0.0027
0.3824, 0.0027
0.3824, 0.0027
0.3866, 0.0027
0.3866, 0.0027
0.3866, 0.0027
0.3866, 0.0027
0.3908, 0.0053
0.3908, 0.0053
0.3908, 0.0053
0.3950, 0.0053
0.3950, 0.0053
0.3992, 0.0053
0.3992, 0.0053
0.3992, 0.0053
0.3992, 0.0053
0.3992, 0.0053
0.4034, 0.0053
0.4034, 0.0053
0.4076, 0.0080
0.4076, 0.0080
0.4076, 0.0080
0.4118, 0.0080
0.4118, 0.0080
0.4160, 0.0080
0.4160, 0.0080
0.4160, 0.0080
0.4202, 0.0106
0.4202, 0.0106
0.4202, 0.0106
0.4202, 0.0106
0.4202, 0.0106
0.4286, 0.0106
0.4286, 0.0106
0.4328, 0.0106
0.4328, 0.0106
0.4328, 0.0106
0.4328, 0.0106
0.4370, 0.0106
0.4370, 0.0106
0.4370, 0.0106
0.4412, 0.0106
0.4412, 0.0106
0.4412, 0.0133
0.4412, 0.0133
0.4412, 0.0133
0.4454, 0.0133
0.4454, 0.0133
0.4538, 0.0133
0.4538, 0.0133
0.4538, 0.0133
0.4538, 0.0133
0.4538, 0.0133
0.4580, 0.0160
0.4580, 0.0160
0.4622, 0.0160
0.4622, 0.0160
0.4664, 0.0160
0.4664, 0.0160
0.4664, 0.0160
0.4664, 0.0160
0.4664, 0.0160
0.4706, 0.0160
0.4706, 0.0160
0.4706, 0.0160
0.4748, 0.0160
0.4748, 0.0160
0.4748, 0.0160
0.4748, 0.0160
0.4790, 0.0160
0.4790, 0.0160
0.4790, 0.0160
0.4832, 0.0160
0.4832, 0.0160
0.4874, 0.0160
0.4874, 0.0160
0.4874, 0.0160
0.4874, 0.0160
0.4874, 0.0160
0.4916, 0.0186
0.4916, 0.0186
0.4958, 0.0186
0.4958, 0.0186
0.4958, 0.0186
0.5000, 0.0186
0.5000, 0.0186
0.5042, 0.0186
0.5042, 0.0186
0.5084, 0.0186
0.5084, 0.0186
0.5084, 0.0186
0.5084, 0.0186
0.5084, 0.0186
0.5126, 0.0186
0.5126, 0.0186
0.5126, 0.0186
0.5168, 0.0186
0.5168, 0.0186
0.5168, 0.0213
0.5168, 0.0213
0.5210, 0.0213
0.5210, 0.0213
0.5252, 0.0213
0.5252, 0.0213
0.5252, 0.0213
0.5294, 0.0213
0.5294, 0.0213
0.5336, 0.0213
0.5336, 0.0213
0.5378, 0.0213
0.5378, 0.0213
0.5378, 0.0213
0.5420, 0.0239
0.5420, 0.0239
0.5462, 0.0239
0.5462, 0.0239
0.5504, 0.0239
0.5504, 0.0239
0.5504, 0.0239
0.5504, 0.0239
0.5504, 0.0239
0.5546, 0.0239
0.5546, 0.0239
0.5546, 0.0239
0.5546, 0.0239
0.5546, 0.0239
0.5588, 0.0239
0.5588, 0.0239
0.5630, 0.0239
0.5630, 0.0239
0.5630, 0.0239
0.5630, 0.0239
0.5630, 0.0239
0.5672, 0.0239
0.5672, 0.0239
0.5714, 0.0266
0.5714, 0.0266
0.5714, 0.0266
0.5714, 0.0266
0.5714, 0.0266
0.5756, 0.0266
0.5756, 0.0266
0.5756, 0.0266
0.5840, 0.0293
0.5840, 0.0293
0.5840, 0.0293
0.5840, 0.0293
0.5840, 0.0293
0.5882, 0.0293
0.5882, 0.0293
0.5966, 0.0293
0.5966, 0.0293
0.5966, 0.0319
0.5966, 0.0319
0.6008, 0.0319
0.6008, 0.0319
0.6008, 0.0319
0.6050, 0.0319
0.6050, 0.0319
0.6092, 0.0319
0.6092, 0.0319
0.6092, 0.0319
0.6092, 0.0319
0.6092, 0.0319
0.6134, 0.0319
0.6134, 0.0319
0.6176, 0.0319
0.6176, 0.0319
0.6176, 0.0319
0.6176, 0.0319
0.6176, 0.0319
0.6176, 0.0319
0.6218, 0.0346
0.6261, 0.0346
0.6261, 0.0346
0.6303, 0.0346
0.6303, 0.0346
0.6345, 0.0372
0.6387, 0.0372
0.6471, 0.0372
0.6471, 0.0372
0.6471, 0.0372
0.6471, 0.0372
0.6513, 0.0372
0.6513, 0.0372
0.6555, 0.0372
0.6555, 0.0372
0.6555, 0.0372
0.6597, 0.0399
0.6597, 0.0399
0.6639, 0.0399
0.6639, 0.0399
0.6681, 0.0399
0.6681, 0.0399
0.6681, 0.0399
0.6723, 0.0399
0.6723, 0.0399
0.6723, 0.0426
0.6723, 0.0426
0.6765, 0.0426
0.6765, 0.0426
0.6807, 0.0426
0.6807, 0.0426
0.6807, 0.0426
0.6807, 0.0426
0.6807, 0.0426
0.6807, 0.0426
0.6807, 0.0426
0.6807, 0.0426
0.6849, 0.0426
0.6849, 0.0426
0.6891, 0.0426
0.6891, 0.0426
0.6933, 0.0452
0.6933, 0.0452
0.6933, 0.0452
0.6933, 0.0452
0.6933, 0.0452
0.6933, 0.0452
0.6933, 0.0452
0.6975, 0.0452
0.6975, 0.0452
0.6975, 0.0452
0.7017, 0.0452
0.7017, 0.0452
0.7017, 0.0452
0.7017, 0.0452
0.7017, 0.0452
0.7059, 0.0452
0.7059, 0.0452
0.7059, 0.0452
0.7059, 0.0452
0.7101, 0.0452
0.7101, 0.0452
0.7143, 0.0452
0.7143, 0.0452
0.7143, 0.0452
0.7143, 0.0452
0.7143, 0.0452
0.7185, 0.0452
0.7185, 0.0452
0.7185, 0.0452
0.7227, 0.0452
0.7227, 0.0452
0.7227, 0.0452
0.7227, 0.0452
0.7269, 0.0452
0.7269, 0.0452
0.7269, 0.0452
0.7311, 0.0479
0.7311, 0.0479
0.7353, 0.0479
0.7353, 0.0479
0.7353, 0.0479
0.7353, 0.0479
0.7353, 0.0479
0.7353, 0.0479
0.7353, 0.0479
0.7395, 0.0479
0.7395, 0.0479
0.7437, 0.0479
0.7437, 0.0479
0.7437, 0.0479
0.7437, 0.0479
0.7437, 0.0479
0.7437, 0.0479
0.7437, 0.0479
0.7437, 0.0479
0.7479, 0.0479
0.7479, 0.0479
0.7521, 0.0479
0.7521, 0.0479
0.7521, 0.0479
0.7521, 0.0479
0.7521, 0.0479
0.7563, 0.0479
0.7563, 0.0479
0.7563, 0.0479
0.7563, 0.0479
0.7563, 0.0479
0.7605, 0.0479
0.7605, 0.0479
0.7647, 0.0479
0.7647, 0.0479
0.7647, 0.0479
0.7647, 0.0479
0.7647, 0.0479
0.7689, 0.0479
0.7689, 0.0479
0.7731, 0.0479
0.7731, 0.0479
0.7773, 0.0479
0.7773, 0.0479
0.7773, 0.0479
0.7773, 0.0479
0.7773, 0.0479
0.7773, 0.0479
0.7773, 0.0479
0.7773, 0.0479
0.7815, 0.0479
0.7815, 0.0479
0.7857, 0.0479
0.7857, 0.0479
0.7857, 0.0479
0.7857, 0.0479
0.7857, 0.0479
0.7857, 0.0479
0.7857, 0.0479
0.7899, 0.0479
0.7899, 0.0479
0.7899, 0.0479
0.7899, 0.0479
0.7899, 0.0479
0.7941, 0.0479
0.7941, 0.0479
0.7941, 0.0479
0.7941, 0.0479
0.7941, 0.0479
0.7941, 0.0479
0.7941, 0.0479
0.7941, 0.0479
0.7941, 0.0479
0.7941, 0.0479
0.7941, 0.0479
0.7941, 0.0479
0.7983, 0.0479
0.7983, 0.0479
0.7983, 0.0479
0.7983, 0.0479
0.7983, 0.0479
0.8025, 0.0479
0.8025, 0.0479
0.8067, 0.0479
0.8067, 0.0479
0.8067, 0.0479
0.8067, 0.0479
0.8067, 0.0479
0.8067, 0.0479
0.8067, 0.0479
0.8109, 0.0479
0.8109, 0.0479
0.8151, 0.0479
0.8151, 0.0479
0.8151, 0.0479
0.8193, 0.0479
0.8193, 0.0479
0.8193, 0.0479
0.8193, 0.0479
0.8193, 0.0479
0.8193, 0.0479
0.8193, 0.0479
0.8193, 0.0479
0.8193, 0.0479
0.8193, 0.0479
0.8193, 0.0479
0.8235, 0.0479
0.8235, 0.0479
0.8235, 0.0479
0.8235, 0.0479
0.8235, 0.0479
0.8277, 0.0479
0.8277, 0.0479
0.8277, 0.0479
0.8277, 0.0479
0.8277, 0.0479
0.8319, 0.0479
0.8319, 0.0479
0.8319, 0.0479
0.8319, 0.0479
0.8361, 0.0479
0.8361, 0.0479
0.8361, 0.0479
0.8361, 0.0452
0.8361, 0.0452
0.8403, 0.0452
0.8403, 0.0452
0.8445, 0.0452
0.8445, 0.0452
0.8487, 0.0452
0.8487, 0.0452
0.8487, 0.0452
0.8487, 0.0426
0.8487, 0.0426
0.8529, 0.0426
0.8529, 0.0426
0.8571, 0.0426
0.8571, 0.0426
0.8571, 0.0426
0.8571, 0.0426
0.8571, 0.0426
0.8613, 0.0426
0.8613, 0.0426
0.8655, 0.0426
0.8655, 0.0426
0.8655, 0.0426
0.8697, 0.0426
0.8697, 0.0426
0.8697, 0.0426
0.8697, 0.0426
0.8697, 0.0426
0.8697, 0.0426
0.8697, 0.0426
0.8697, 0.0399
0.8697, 0.0399
0.8739, 0.0399
0.8739, 0.0399
0.8739, 0.0399
0.8739, 0.0399
0.8739, 0.0399
0.8782, 0.0399
0.8782, 0.0399
0.8782, 0.0399
0.8782, 0.0399
0.8782, 0.0399
0.8782, 0.0399
0.8782, 0.0399
0.8824, 0.0372
0.8824, 0.0372
0.8824, 0.0372
0.8824, 0.0372
0.8866, 0.0372
0.8866, 0.0372
0.8866, 0.0372
0.8908, 0.0372
0.8908, 0.0372
0.8908, 0.0346
0.8908, 0.0346
0.8908, 0.0346
0.8908, 0.0346
0.8950, 0.0346
0.8950, 0.0346
0.8950, 0.0346
0.8992, 0.0346
0.8992, 0.0346
0.8992, 0.0346
0.8992, 0.0346
0.8992, 0.0346
0.8992, 0.0346
0.8992, 0.0346
0.9034, 0.0346
0.9034, 0.0346
0.9034, 0.0346
0.9034, 0.0346
0.9034, 0.0346
0.9034, 0.0346
0.9034, 0.0346
0.9076, 0.0346
0.9076, 0.0346
0.9076, 0.0346
0.9076, 0.0346
0.9076, 0.0319
0.9076, 0.0319
0.9076, 0.0319
0.9076, 0.0319
0.9076, 0.0319
0.9076, 0.0319
0.9076, 0.0319
0.9118, 0.0319
0.9118, 0.0319
0.9118, 0.0319
0.9118, 0.0319
0.9118, 0.0319
0.9118, 0.0319
0.9118, 0.0319
0.9118, 0.0319
0.9118, 0.0319
0.9160, 0.0293
0.9160, 0.0293
0.9160, 0.0293
0.9160, 0.0293
0.9160, 0.0293
0.9202, 0.0293
0.9202, 0.0293
0.9202, 0.0293
0.9202, 0.0293
0.9202, 0.0293
0.9202, 0.0293
0.9202, 0.0293
0.9244, 0.0293
0.9244, 0.0293
0.9244, 0.0293
0.9244, 0.0293
0.9244, 0.0293
0.9244, 0.0266
0.9244, 0.0266
0.9244, 0.0266
0.9244, 0.0266
0.9244, 0.0266
0.9244, 0.0266
0.9244, 0.0266
0.9328, 0.0266
0.9328, 0.0266
0.9328, 0.0239
0.9328, 0.0239
0.9328, 0.0239
0.9328, 0.0239
0.9328, 0.0239
0.9328, 0.0239
0.9328, 0.0239
0.9328, 0.0239
0.9328, 0.0239
0.9370, 0.0213
0.9370, 0.0213
0.9370, 0.0213
0.9370, 0.0213
0.9370, 0.0213
0.9412, 0.0213
0.9412, 0.0213
0.9412, 0.0213
0.9412, 0.0213
0.9412, 0.0213
0.9412, 0.0213
0.9412, 0.0213
0.9412, 0.0213
0.9412, 0.0213
0.9454, 0.0213
0.9454, 0.0213
0.9454, 0.0213
0.9454, 0.0213
0.9454, 0.0213
0.9496, 0.0213
0.9496, 0.0213
0.9538, 0.0213
0.9538, 0.0213
0.9538, 0.0186
0.9538, 0.0186
0.9538, 0.0186
0.9538, 0.0186
0.9538, 0.0186
0.9580, 0.0186
0.9580, 0.0186
0.9622, 0.0186
0.9622, 0.0186
0.9622, 0.0186
0.9622, 0.0186
0.9622, 0.0186
0.9622, 0.0160
0.9622, 0.0160
0.9622, 0.0160
0.9622, 0.0160
0.9622, 0.0160
0.9622, 0.0160
0.9622, 0.0160
0.9622, 0.0160
0.9622, 0.0160
0.9664, 0.0160
0.9664, 0.0160
0.9706, 0.0160
0.9706, 0.0160
0.9706, 0.0160
0.9706, 0.0160
0.9706, 0.0160
0.9748, 0.0160
0.9748, 0.0160
0.9790, 0.0160
0.9790, 0.0160
0.9832, 0.0160
0.9832, 0.0160
0.9832, 0.0160
0.9832, 0.0160
0.9832, 0.0133
0.9832, 0.0133
0.9832, 0.0133
0.9874, 0.0133
0.9874, 0.0133
0.9874, 0.0133
0.9874, 0.0133
0.9874, 0.0133
0.9874, 0.0133
0.9874, 0.0133
0.9916, 0.0133
0.9916, 0.0133
0.9916, 0.0133
0.9916, 0.0133
0.9916, 0.0133
0.9916, 0.0133
0.9916, 0.0133
0.9916, 0.0133
0.9916, 0.0133
0.9916, 0.0133
0.9916, 0.0133
0.9958, 0.0106
0.9958, 0.0106
0.9958, 0.0106
0.9958, 0.0106
0.9958, 0.0106
1.0000, 0.0106
1.0000, 0.0106
1.0000, 0.0106
1.0000, 0.0106
1.0000, 0.0106
1.0000, 0.0106
1.0000, 0.0106
1.0000, 0.0106
1.0000, 0.0106
1.0000, 0.0106
1.0000, 0.0106
1.0000, 0.0106
1.0000, 0.0106
1.0000, 0.0106
1.0000, 0.0106
1.0000, 0.0106
1.0000, 0.0106
1.0000, 0.0106
1.0000, 0.0106
1.0000, 0.0106
1.0000, 0.0106
1.0000, 0.0106
1.0000, 0.0106
1.0000, 0.0106
1.0000, 0.0106
1.0000, 0.0106
1.0000, 0.0106
1.0000, 0.0106
1.0000, 0.0106
1.0000, 0.0106
1.0000, 0.0106
1.0000, 0.0106
1.0000, 0.0106
1.0000, 0.0106
1.0000, 0.0106
1.0000, 0.0106
1.0000, 0.0106
1.0000, 0.0106
1.0000, 0.0106
1.0000, 0.0106
1.0000, 0.0106
1.0000, 0.0106
1.0000, 0.0106
1.0000, 0.0106
1.0000, 0.0106
1.0000, 0.0106
1.0000, 0.0106
1.0000, 0.0106
1.0000, 0.0106
1.0000, 0.0106
1.0000, 0.0106
1.0000, 0.0106
1.0000, 0.0106
1.0000, 0.0106
1.0000, 0.0106
1.0000, 0.0106
0.0000, 1.0000
0.0000, 1.0000
0.0000, 1.0000
0.0000, 1.0000
0.0000, 1.0000
0.0000, 1.0000
0.0000, 1.0000
0.0000, 1.0000
0.0000, 1.0000
0.0000, 1.0000
0.0000, 1.0000
0.0000, 1.0000
0.0000, 1.0000
0.0000, 1.0000
0.0000, 1.0000
0.0000, 1.0000
0.0000, 1.0000
0.0000, 1.0000
0.0000, 1.0000
0.0000, 1.0000
0.0000, 1.0000
0.0000, 1.0000
0.0000, 1.0000
0.0000, 1.0000
0.0000, 1.0000
0.0000, 1.0000
0.0000, 1.0000
0.0000, 1.0000
0.0000, 1.0000
0.0000, 1.0000
0.0000, 1.0000
0.0000, 1.0000
0.0000, 1.0000
0.0000, 1.0000
0.0000, 1.0000
0.0000, 1.0000
0.0000, 1.0000
0.0000, 1.0000
0.0000, 1.0000
0.0000, 1.0000
0.0000, 1.0000
0.0000, 1.0000
0.0000, 1.0000
0.0000, 1.0000
