0.2824, 0.0054
0.2824, 0.0054
0.2824, 0.0054
0.2824, 0.0054
0.2824, 0.0054
0.2824, 0.0054
0.2824, 0.0054
0.2824, 0.0054
0.2824, 0.0054
0.2824, 0.0054
0.2824, 0.0054
0.2824, 0.0054
0.2824, 0.0054
0.2824, 0.0054
0.2824, 0.0054
0.2824, 0.0054
0.2824, 0.0054
0.2824, 0.0054
0.2824, 0.0054
0.2824, 0.0054
0.2824, 0.0054
0.2824, 0.0054
0.2824, 0.0054
0.2824, 0.0054
0.2824, 0.0054
0.2824, 0.0054
0.2824, 0.0054
0.2824, 0.0054
0.2824, 0.0054
0.2824, 0.0054
0.2824, 0.0054
0.2824, 0.0054
0.2824, 0.0054
0.2824, 0.0054
0.2824, 0.0054
0.2824, 0.0054
0.2824, 0.0054
0.2824, 0.0054
0.2824, 0.0054
0.2824, 0.0054
0.2824, 0.0054
0.2824, 0.0054
0.2824, 0.0054
0.2824, 0.0054
0.2824, 0.0054
0.2824, 0.0054
0.2824, 0.0054
0.2824, 0.0054
0.2824, 0.0054
0.2824, 0.0054
0.2824, 0.0054
0.2824, 0.0054
0.2824, 0.0054
0.2824, 0.0054
0.2824, 0.0054
0.2824, 0.0054
0.2824, 0.0054
0.2824, 0.0054
0.2824, 0.0054
0.2824, 0.0054
0.2824, 0.0054
0.2824, 0.0054
0.2824, 0.0054
0.2824, 0.0054
0.2824, 0.0054
0.2824, 0.0054
0.2824, 0.0054
0.2824, 0.0054
0.2824, 0.0054
0.2824, 0.0054
0.2824, 0.0054
0.2824, 0.0054
0.2824, 0.0054
0.2824, 0.0054
0.2824, 0.0054
0.2824, 0.0054
0.2824, 0.0054
0.2824, 0.0054
0.2824, 0.0054
0.2824, 0.0054
0.2824, 0.0054
0.2824, 0.0054
0.2824, 0.0054
0.2824, 0.0054
0.2824, 0.0054
0.2824, 0.0054
0.2824, 0.0054
0.2824, 0.0054
0.2824, 0.0054
0.2824, 0.0054
0.2824, 0.0054
0.2824, 0.0054
0.2824, 0.0054
0.2824, 0.0054
0.2824, 0.0054
0.2824, 0.0054
0.2824, 0.0054
0.2824, 0.0054
0.2824, 0.0054
0.2824, 0.0054
0.2824, 0.0054
0.2824, 0.0054
0.2824, 0.0054
0.2824, 0.0054
0.2824, 0.0054
0.2824, 0.0054
0.2824, 0.0054
0.2824, 0.0054
0.2824, 0.0054
0.2870, 0.0054
0.2870, 0.0054
0.2870, 0.0054
0.2870, 0.0054
0.2870, 0.0054
0.2870, 0.0054
0.2870, 0.0054
0.2870, 0.0054
0.2870, 0.0054
0.2870, 0.0054
0.2870, 0.0054
0.2870, 0.0054
0.2870, 0.0054
0.2870, 0.0054
0.2870, 0.0054
0.2870, 0.0054
0.2870, 0.0054
0.2917, 0.0054
0.2917, 0.0054
0.2917, 0.0054
0.2917, 0.0054
0.2917, 0.0054
0.2917, 0.0054
0.2917, 0.0054
0.2917, 0.0054
0.2917, 0.0054
0.2963, 0.0054
0.2963, 0.0054
0.2963, 0.0054
0.2963, 0.0054
0.2963, 0.0054
0.2963, 0.0054
0.2963, 0.0054
0.2963, 0.0054
0.2963, 0.0054
0.2963, 0.0054
0.2963, 0.0054
0.2963, 0.0054
0.2963, 0.0054
0.2963, 0.0054
0.3009, 0.0054
0.3009, 0.0054
0.3009, 0.0054
0.3009, 0.0054
0.3009, 0.0054
0.3009, 0.0054
0.3009, 0.0054
0.3009, 0.0054
0.3009, 0.0054
0.3009, 0.0054
0.3009, 0.0054
0.3009, 0.0054
0.3009, 0.0054
0.3009, 0.0054
0.3009, 0.0054
0.3009, 0.0054
0.3009, 0.0054
0.3009, 0.0027
0.3009, 0.0027
0.3009, 0.0027
0.3009, 0.0027
0.3009, 0.0027
0.3056, 0.0027
0.3056, 0.0027
0.3056, 0.0027
0.3056, 0.0027
0.3056, 0.0027
0.3056, 0.0027
0.3056, 0.0027
0.3056, 0.0027
0.3056, 0.0027
0.3056, 0.0027
0.3056, 0.0027
0.3056, 0.0027
0.3056, 0.0027
0.3102, 0.0027
0.3102, 0.0027
0.3102, 0.0027
0.3102, 0.0027
0.3102, 0.0027
0.3102, 0.0027
0.3102, 0.0027
0.3102, 0.0027
0.3102, 0.0027
0.3102, 0.0027
0.3102, 0.0027
0.3102, 0.0027
0.3102, 0.0027
0.3102, 0.0027
0.3102, 0.0027
0.3102, 0.0027
0.3102, 0.0027
0.3148, 0.0027
0.3148, 0.0027
0.3148, 0.0027
0.3148, 0.0027
0.3194, 0.0027
0.3194, 0.0027
0.3194, 0.0027
0.3194, 0.0027
0.3194, 0.0027
0.3194, 0.0027
0.3194, 0.0027
0.3194, 0.0027
0.3194, 0.0027
0.3194, 0.0027
0.3194, 0.0027
0.3194, 0.0027
0.3241, 0.0027
0.3241, 0.0027
0.3241, 0.0027
0.3241, 0.0027
0.3287, 0.0027
0.3287, 0.0027
0.3287, 0.0027
0.3287, 0.0027
0.3287, 0.0027
0.3287, 0.0027
0.3287, 0.0027
0.3287, 0.0027
0.3333, 0.0000
0.3333, 0.0000
0.3333, 0.0000
0.3333, 0.0000
0.3333, 0.0000
0.3333, 0.0000
0.3333, 0.0000
0.3333, 0.0000
0.3333, 0.0000
0.3333, 0.0000
0.3333, 0.0000
0.3333, 0.0000
0.3333, 0.0000
0.3380, 0.0000
0.3380, 0.0000
0.3380, 0.0000
0.3380, 0.0000
0.3380, 0.0000
0.3380, 0.0000
0.3380, 0.0000
0.3380, 0.0000
0.3380, 0.0000
0.3380, 0.0000
0.3380, 0.0000
0.3380, 0.0000
0.3380, 0.0000
0.3426, 0.0000
0.3426, 0.0000
0.3426, 0.0000
0.3426, 0.0000
0.3426, 0.0000
0.3426, 0.0000
0.3426, 0.0000
0.3426, 0.0000
0.3472, 0.0000
0.3472, 0.0000
0.3472, 0.0000
0.3472, 0.0000
0.3472, 0.0000
0.3472, 0.0000
0.3472, 0.0000
0.3472, 0.0000
0.3519, 0.0000
0.3519, 0.0000
0.3519, 0.0000
0.3519, 0.0000
0.3565, 0.0000
0.3565, 0.0000
0.3565, 0.0000
0.3565, 0.0000
0.3565, 0.0000
0.3565, 0.0000
0.3565, 0.0000
0.3565, 0.0000
0.3565, 0.0000
0.3565, 0.0000
0.3565, 0.0000
0.3565, 0.0000
0.3565, 0.0000
0.3611, 0.0000
0.3611, 0.0000
0.3611, 0.0000
0.3611, 0.0000
0.3611, 0.0000
0.3611, 0.0000
0.3611, 0.0000
0.3611, 0.0000
0.3611, 0.0000
0.3657, 0.0000
0.3657, 0.0000
0.3657, 0.0000
0.3657, 0.0000
0.3657, 0.0000
0.3657, 0.0000
0.3657, 0.0000
0.3657, 0.0000
0.3657, 0.0000
0.3657, 0.0000
0.3657, 0.0000
0.3657, 0.0000
0.3657, 0.0000
0.3657, 0.0000
0.3657, 0.0000
0.3657, 0.0000
0.3704, 0.0000
0.3704, 0.0000
0.3704, 0.0000
0.3704, 0.0000
0.3704, 0.0000
0.3704, 0.0000
0.3704, 0.0000
0.3704, 0.0000
0.3704, 0.0000
0.3750, 0.0000
0.3750, 0.0000
0.3750, 0.0000
0.3750, 0.0000
0.3750, 0.0000
0.3750, 0.0000
0.3750, 0.0000
0.3750, 0.0000
0.3796, 0.0000
0.3796, 0.0000
0.3796, 0.0000
0.3796, 0.0000
0.3796, 0.0000
0.3796, 0.0000
0.3796, 0.0000
0.3796, 0.0000
0.3796, 0.0000
0.3796, 0.0000
0.3796, 0.0000
0.3796, 0.0000
0.3796, 0.0000
0.3843, 0.0000
0.3843, 0.0000
0.3843, 0.0000
0.3843, 0.0000
0.3843, 0.0000
0.3843, 0.0000
0.3843, 0.0000
0.3843, 0.0000
0.3843, 0.0000
0.3889, 0.0000
0.3889, 0.0000
0.3889, 0.0000
0.3889, 0.0000
0.3889, 0.0000
0.3889, 0.0000
0.3889, 0.0000
0.3889, 0.0000
0.3889, 0.0000
0.3889, 0.0000
0.3889, 0.0000
0.3889, 0.0000
0.3889, 0.0000
0.3889, 0.0000
0.3889, 0.0000
0.3889, 0.0000
0.3935, 0.0000
0.3935, 0.0000
0.3935, 0.0000
0.3935, 0.0000
0.3981, 0.0000
0.3981, 0.0000
0.3981, 0.0000
0.3981, 0.0000
0.3981, 0.0000
0.3981, 0.0000
0.3981, 0.0000
0.3981, 0.0000
0.4028, 0.0000
0.4028, 0.0000
0.4028, 0.0000
0.4028, 0.0000
0.4028, 0.0000
0.4028, 0.0000
0.4028, 0.0000
0.4028, 0.0000
0.4028, 0.0000
0.4028, 0.0000
0.4028, 0.0000
0.4028, 0.0000
0.4028, 0.0000
0.4028, 0.0000
0.4028, 0.0000
0.4028, 0.0000
0.4028, 0.0000
0.4028, 0.0000
0.4028, 0.0000
0.4028, 0.0000
0.4028, 0.0000
0.4028, 0.0000
0.4028, 0.0000
0.4028, 0.0000
0.4028, 0.0000
0.4074, 0.0000
0.4074, 0.0000
0.4074, 0.0000
0.4074, 0.0000
0.4074, 0.0000
0.4074, 0.0000
0.4074, 0.0000
0.4074, 0.0000
0.4120, 0.0000
0.4120, 0.0000
0.4120, 0.0000
0.4120, 0.0000
0.4120, 0.0000
0.4120, 0.0000
0.4120, 0.0000
0.4120, 0.0000
0.4120, 0.0000
0.4120, 0.0000
0.4120, 0.0000
0.4120, 0.0000
0.4120, 0.0000
0.4120, 0.0000
0.4120, 0.0000
0.4120, 0.0000
0.4120, 0.0000
0.4167, 0.0000
0.4167, 0.0000
0.4167, 0.0000
0.4167, 0.0000
0.4213, 0.0000
0.4213, 0.0000
0.4213, 0.0000
0.4213, 0.0000
0.4213, 0.0000
0.4213, 0.0000
0.4213, 0.0000
0.4259, 0.0000
0.4259, 0.0000
0.4259, 0.0000
0.4259, 0.0000
0.4259, 0.0000
0.4259, 0.0000
0.4259, 0.0000
0.4259, 0.0000
0.4259, 0.0000
0.4259, 0.0000
0.4259, 0.0000
0.4259, 0.0000
0.4259, 0.0000
0.4259, 0.0000
0.4259, 0.0000
0.4259, 0.0000
0.4306, 0.0000
0.4306, 0.0000
0.4306, 0.0000
0.4306, 0.0000
0.4306, 0.0000
0.4306, 0.0000
0.4306, 0.0000
0.4306, 0.0000
0.4352, 0.0000
0.4352, 0.0000
0.4352, 0.0000
0.4352, 0.0000
0.4352, 0.0000
0.4352, 0.0000
0.4352, 0.0000
0.4352, 0.0000
0.4352, 0.0000
0.4352, 0.0000
0.4352, 0.0000
0.4352, 0.0000
0.4352, 0.0000
0.4352, 0.0000
0.4352, 0.0000
0.4352, 0.0000
0.4352, 0.0000
0.4352, 0.0000
0.4352, 0.0000
0.4398, 0.0000
0.4398, 0.0000
0.4398, 0.0000
0.4398, 0.0000
0.4398, 0.0000
0.4398, 0.0000
0.4398, 0.0000
0.4398, 0.0000
0.4444, 0.0000
0.4444, 0.0000
0.4444, 0.0000
0.4444, 0.0000
0.4491, 0.0000
0.4491, 0.0000
0.4491, 0.0000
0.4491, 0.0000
0.4491, 0.0000
0.4491, 0.0000
0.4491, 0.0000
0.4491, 0.0000
0.4491, 0.0000
0.4491, 0.0000
0.4491, 0.0000
0.4491, 0.0000
0.4491, 0.0000
0.4491, 0.0000
0.4491, 0.0000
0.4537, 0.0027
0.4537, 0.0027
0.4537, 0.0027
0.4537, 0.0027
0.4537, 0.0027
0.4537, 0.0027
0.4537, 0.0027
0.4537, 0.0027
0.4537, 0.0027
0.4537, 0.0027
0.4537, 0.0027
0.4537, 0.0027
0.4583, 0.0027
0.4583, 0.0027
0.4583, 0.0027
0.4583, 0.0027
0.4583, 0.0027
0.4583, 0.0027
0.4583, 0.0027
0.4583, 0.0027
0.4583, 0.0027
0.4583, 0.0027
0.4583, 0.0027
0.4583, 0.0027
0.4583, 0.0054
0.4583, 0.0054
0.4583, 0.0054
0.4583, 0.0054
0.4583, 0.0054
0.4583, 0.0054
0.4583, 0.0054
0.4583, 0.0054
0.4630, 0.0054
0.4630, 0.0054
0.4630, 0.0054
0.4630, 0.0054
0.4630, 0.0054
0.4630, 0.0054
0.4630, 0.0054
0.4630, 0.0054
0.4630, 0.0054
0.4630, 0.0054
0.4630, 0.0054
0.4630, 0.0054
0.4676, 0.0054
0.4676, 0.0054
0.4676, 0.0054
0.4676, 0.0054
0.4676, 0.0054
0.4676, 0.0054
0.4676, 0.0054
0.4676, 0.0054
0.4676, 0.0054
0.4676, 0.0054
0.4676, 0.0054
0.4676, 0.0054
0.4676, 0.0054
0.4676, 0.0054
0.4676, 0.0054
0.4676, 0.0054
0.4676, 0.0081
0.4676, 0.0081
0.4676, 0.0081
0.4722, 0.0081
0.4722, 0.0081
0.4722, 0.0081
0.4722, 0.0081
0.4722, 0.0081
0.4722, 0.0081
0.4722, 0.0081
0.4722, 0.0081
0.4722, 0.0081
0.4722, 0.0081
0.4722, 0.0081
0.4722, 0.0081
0.4722, 0.0108
0.4722, 0.0108
0.4722, 0.0108
0.4722, 0.0108
0.4769, 0.0108
0.4769, 0.0108
0.4769, 0.0108
0.4769, 0.0108
0.4769, 0.0108
0.4769, 0.0108
0.4769, 0.0108
0.4769, 0.0108
0.4769, 0.0108
0.4769, 0.0108
0.4769, 0.0108
0.4769, 0.0108
0.4769, 0.0108
0.4769, 0.0108
0.4769, 0.0108
0.4769, 0.0108
0.4815, 0.0108
0.4815, 0.0108
0.4815, 0.0108
0.4815, 0.0108
0.4815, 0.0108
0.4815, 0.0108
0.4815, 0.0108
0.4815, 0.0108
0.4815, 0.0108
0.4815, 0.0108
0.4815, 0.0108
0.4815, 0.0108
0.4815, 0.0108
0.4815, 0.0108
0.4815, 0.0108
0.4815, 0.0108
0.4815, 0.0134
0.4815, 0.0134
0.4815, 0.0134
0.4815, 0.0134
0.4815, 0.0134
0.4815, 0.0134
0.4815, 0.0134
0.4815, 0.0134
0.4815, 0.0134
0.4815, 0.0134
0.4815, 0.0134
0.4861, 0.0134
0.4861, 0.0134
0.4861, 0.0134
0.4861, 0.0161
0.4861, 0.0161
0.4861, 0.0161
0.4861, 0.0161
0.4861, 0.0161
0.4861, 0.0161
0.4861, 0.0161
0.4861, 0.0161
0.4907, 0.0161
0.4907, 0.0161
0.4907, 0.0161
0.4907, 0.0161
0.4907, 0.0161
0.4907, 0.0161
0.4907, 0.0161
0.4907, 0.0161
0.4907, 0.0161
0.4907, 0.0161
0.4907, 0.0161
0.4907, 0.0161
0.4907, 0.0161
0.4907, 0.0161
0.4907, 0.0161
0.4907, 0.0161
0.4907, 0.0161
0.4907, 0.0161
0.4907, 0.0161
0.4907, 0.0161
0.4907, 0.0161
0.4907, 0.0161
0.4907, 0.0161
0.4907, 0.0188
0.4907, 0.0188
0.4907, 0.0188
0.4907, 0.0188
0.4954, 0.0188
0.4954, 0.0188
0.4954, 0.0188
0.4954, 0.0188
0.4954, 0.0188
0.4954, 0.0188
0.4954, 0.0188
0.4954, 0.0188
0.4954, 0.0188
0.4954, 0.0188
0.4954, 0.0188
0.4954, 0.0215
0.4954, 0.0215
0.4954, 0.0215
0.4954, 0.0215
0.5000, 0.0215
0.5000, 0.0215
0.5000, 0.0215
0.5000, 0.0215
0.5000, 0.0215
0.5000, 0.0215
0.5000, 0.0215
0.5000, 0.0215
0.5046, 0.0242
0.5046, 0.0242
0.5046, 0.0242
0.5046, 0.0242
0.5046, 0.0242
0.5046, 0.0242
0.5046, 0.0242
0.5046, 0.0242
0.5046, 0.0242
0.5046, 0.0242
0.5046, 0.0242
0.5046, 0.0242
0.5046, 0.0242
0.5046, 0.0242
0.5046, 0.0242
0.5046, 0.0242
0.5046, 0.0242
0.5046, 0.0242
0.5046, 0.0242
0.5046, 0.0242
0.5046, 0.0242
0.5046, 0.0242
0.5046, 0.0242
0.5046, 0.0242
0.5046, 0.0242
0.5046, 0.0242
0.5046, 0.0269
0.5046, 0.0269
0.5046, 0.0269
0.5046, 0.0269
0.5093, 0.0269
0.5093, 0.0269
0.5093, 0.0269
0.5093, 0.0269
0.5093, 0.0269
0.5093, 0.0269
0.5093, 0.0269
0.5093, 0.0269
0.5093, 0.0269
0.5093, 0.0269
0.5139, 0.0296
0.5139, 0.0296
0.5139, 0.0296
0.5139, 0.0296
0.5139, 0.0296
0.5139, 0.0296
0.5139, 0.0296
0.5139, 0.0296
0.5139, 0.0296
0.5139, 0.0296
0.5139, 0.0296
0.5139, 0.0296
0.5139, 0.0296
0.5139, 0.0296
0.5139, 0.0296
0.5139, 0.0296
0.5139, 0.0296
0.5139, 0.0296
0.5139, 0.0296
0.5139, 0.0296
0.5139, 0.0296
0.5139, 0.0296
0.5139, 0.0296
0.5139, 0.0296
0.5139, 0.0296
0.5139, 0.0296
0.5139, 0.0296
0.5139, 0.0296
0.5139, 0.0296
0.5139, 0.0296
0.5139, 0.0323
0.5139, 0.0323
0.5139, 0.0323
0.5139, 0.0323
0.5185, 0.0323
0.5185, 0.0323
0.5185, 0.0323
0.5185, 0.0323
0.5185, 0.0323
0.5185, 0.0323
0.5185, 0.0323
0.5185, 0.0323
0.5185, 0.0323
0.5185, 0.0323
0.5185, 0.0323
0.5185, 0.0349
0.5185, 0.0349
0.5185, 0.0349
0.5185, 0.0349
0.5185, 0.0349
0.5185, 0.0349
0.5185, 0.0349
0.5185, 0.0349
0.5185, 0.0349
0.5185, 0.0349
0.5185, 0.0349
0.5185, 0.0349
0.5231, 0.0349
0.5231, 0.0349
0.5231, 0.0349
0.5231, 0.0376
0.5231, 0.0376
0.5231, 0.0376
0.5231, 0.0376
0.5231, 0.0376
0.5231, 0.0376
0.5231, 0.0376
0.5231, 0.0376
0.5278, 0.0376
0.5278, 0.0376
0.5278, 0.0376
0.5278, 0.0376
0.5278, 0.0376
0.5278, 0.0376
0.5278, 0.0376
0.5278, 0.0376
0.5278, 0.0376
0.5278, 0.0376
0.5278, 0.0376
0.5278, 0.0376
0.5278, 0.0376
0.5278, 0.0376
0.5278, 0.0376
0.5278, 0.0376
0.5278, 0.0376
0.5278, 0.0376
0.5278, 0.0376
0.5278, 0.0403
0.5278, 0.0403
0.5278, 0.0403
0.5278, 0.0403
0.5278, 0.0403
0.5278, 0.0403
0.5278, 0.0403
0.5278, 0.0403
0.5278, 0.0403
0.5278, 0.0403
0.5278, 0.0403
0.5278, 0.0430
0.5278, 0.0430
0.5278, 0.0430
0.5278, 0.0430
0.5324, 0.0430
0.5324, 0.0430
0.5324, 0.0430
0.5324, 0.0430
0.5324, 0.0430
0.5324, 0.0430
0.5324, 0.0430
0.5324, 0.0430
0.5324, 0.0430
0.5324, 0.0430
0.5324, 0.0430
0.5370, 0.0430
0.5370, 0.0430
0.5370, 0.0430
0.5370, 0.0430
0.5370, 0.0430
0.5370, 0.0430
0.5370, 0.0430
0.5370, 0.0457
0.5370, 0.0457
0.5370, 0.0457
0.5370, 0.0457
0.5370, 0.0457
0.5370, 0.0457
0.5370, 0.0457
0.5370, 0.0484
0.5370, 0.0484
0.5370, 0.0484
0.5370, 0.0484
0.5370, 0.0484
0.5370, 0.0484
0.5370, 0.0484
0.5370, 0.0484
0.5370, 0.0484
0.5370, 0.0484
0.5370, 0.0484
0.5370, 0.0511
0.5370, 0.0511
0.5370, 0.0511
0.5370, 0.0511
0.5370, 0.0511
0.5370, 0.0511
0.5370, 0.0511
0.5370, 0.0511
0.5370, 0.0511
0.5370, 0.0511
0.5370, 0.0511
0.5417, 0.0511
0.5417, 0.0511
0.5417, 0.0511
0.5417, 0.0511
0.5417, 0.0511
0.5417, 0.0511
0.5417, 0.0511
0.5417, 0.0511
0.5417, 0.0511
0.5417, 0.0511
0.5417, 0.0511
0.5417, 0.0511
0.5417, 0.0511
0.5417, 0.0511
0.5417, 0.0511
0.5417, 0.0538
0.5417, 0.0538
0.5417, 0.0538
0.5417, 0.0538
0.5463, 0.0538
0.5463, 0.0538
0.5463, 0.0538
0.5463, 0.0565
0.5463, 0.0565
0.5463, 0.0565
0.5463, 0.0565
0.5463, 0.0565
0.5463, 0.0565
0.5463, 0.0565
0.5463, 0.0565
0.5463, 0.0565
0.5463, 0.0565
0.5463, 0.0565
0.5463, 0.0565
0.5463, 0.0565
0.5463, 0.0565
0.5463, 0.0565
0.5463, 0.0565
0.5463, 0.0565
0.5463, 0.0565
0.5509, 0.0565
0.5509, 0.0565
0.5509, 0.0565
0.5509, 0.0565
0.5509, 0.0591
0.5509, 0.0591
0.5509, 0.0591
0.5509, 0.0591
0.5509, 0.0591
0.5509, 0.0591
0.5509, 0.0591
0.5509, 0.0591
0.5509, 0.0591
0.5509, 0.0591
0.5509, 0.0618
0.5509, 0.0618
0.5509, 0.0618
0.5509, 0.0618
0.5509, 0.0618
0.5509, 0.0618
0.5509, 0.0618
0.5509, 0.0618
0.5509, 0.0618
0.5509, 0.0618
0.5509, 0.0618
0.5509, 0.0645
0.5509, 0.0645
0.5509, 0.0645
0.5509, 0.0645
0.5509, 0.0645
0.5509, 0.0645
0.5509, 0.0645
0.5509, 0.0645
0.5509, 0.0645
0.5509, 0.0645
0.5509, 0.0645
0.5509, 0.0645
0.5509, 0.0645
0.5509, 0.0645
0.5556, 0.0645
0.5556, 0.0645
0.5556, 0.0645
0.5556, 0.0672
0.5556, 0.0672
0.5556, 0.0672
0.5556, 0.0672
0.5556, 0.0672
0.5556, 0.0672
0.5556, 0.0672
0.5556, 0.0672
0.5556, 0.0699
0.5556, 0.0699
0.5556, 0.0699
0.5556, 0.0699
0.5556, 0.0699
0.5556, 0.0699
0.5602, 0.0699
0.5602, 0.0699
0.5602, 0.0699
0.5602, 0.0699
0.5602, 0.0699
0.5602, 0.0699
0.5602, 0.0699
0.5602, 0.0699
0.5602, 0.0699
0.5602, 0.0699
0.5602, 0.0699
0.5602, 0.0699
0.5602, 0.0699
0.5602, 0.0699
0.5602, 0.0699
0.5602, 0.0699
0.5602, 0.0699
0.5602, 0.0699
0.5602, 0.0726
0.5602, 0.0726
0.5602, 0.0726
0.5602, 0.0726
0.5602, 0.0726
0.5602, 0.0726
0.5602, 0.0726
0.5602, 0.0726
0.5602, 0.0726
0.5602, 0.0726
0.5602, 0.0726
0.5602, 0.0753
0.5602, 0.0753
0.5602, 0.0753
0.5602, 0.0753
0.5602, 0.0753
0.5602, 0.0753
0.5602, 0.0753
0.5602, 0.0780
0.5602, 0.0780
0.5602, 0.0780
0.5602, 0.0780
0.5602, 0.0780
0.5602, 0.0780
0.5602, 0.0780
0.5602, 0.0780
0.5602, 0.0780
0.5602, 0.0780
0.5602, 0.0806
0.5602, 0.0806
0.5602, 0.0806
0.5602, 0.0806
0.5602, 0.0806
0.5602, 0.0806
0.5602, 0.0806
0.5602, 0.0806
0.5602, 0.0833
0.5602, 0.0833
0.5602, 0.0833
0.5648, 0.0833
0.5648, 0.0833
0.5648, 0.0833
0.5648, 0.0833
0.5648, 0.0833
0.5648, 0.0833
0.5648, 0.0860
0.5648, 0.0860
0.5648, 0.0860
0.5648, 0.0860
0.5648, 0.0860
0.5648, 0.0860
0.5648, 0.0860
0.5648, 0.0887
0.5648, 0.0887
0.5648, 0.0887
0.5648, 0.0887
0.5694, 0.0914
0.5694, 0.0914
0.5694, 0.0914
0.5694, 0.0914
0.5694, 0.0914
0.5694, 0.0914
0.5694, 0.0914
0.5694, 0.0914
0.5694, 0.0914
0.5694, 0.0914
0.5694, 0.0914
0.5694, 0.0914
0.5694, 0.0914
0.5694, 0.0914
0.5694, 0.0941
0.5694, 0.0941
0.5694, 0.0941
0.5694, 0.0941
0.5694, 0.0941
0.5694, 0.0941
0.5694, 0.0941
0.5694, 0.0941
0.5694, 0.0941
0.5694, 0.0941
0.5694, 0.0941
0.5694, 0.0968
0.5694, 0.0968
0.5694, 0.0968
0.5694, 0.0968
0.5694, 0.0968
0.5694, 0.0968
0.5694, 0.0968
0.5694, 0.0968
0.5694, 0.0968
0.5694, 0.0968
0.5694, 0.0968
0.5694, 0.0968
0.5694, 0.0968
0.5694, 0.0968
0.5694, 0.0968
0.5694, 0.0968
0.5694, 0.0968
0.5694, 0.0995
0.5694, 0.0995
0.5694, 0.0995
0.5694, 0.0995
0.5694, 0.0995
0.5694, 0.0995
0.5694, 0.0995
0.5741, 0.0995
0.5741, 0.0995
0.5741, 0.0995
0.5741, 0.0995
0.5741, 0.0995
0.5741, 0.0995
0.5741, 0.0995
0.5741, 0.0995
0.5741, 0.0995
0.5741, 0.0995
0.5741, 0.0995
0.5741, 0.0995
0.5741, 0.0995
0.5741, 0.0995
0.5741, 0.0995
0.5741, 0.0995
0.5741, 0.0995
0.5741, 0.0995
0.5741, 0.0995
0.5741, 0.0995
0.5741, 0.0995
0.5741, 0.0995
0.5741, 0.1022
0.5741, 0.1022
0.5741, 0.1022
0.5741, 0.1022
0.5741, 0.1022
0.5741, 0.1022
0.5741, 0.1022
0.5741, 0.1022
0.5741, 0.1022
0.5741, 0.1022
0.5741, 0.1022
0.5741, 0.1022
0.5741, 0.1022
0.5741, 0.1022
0.5741, 0.1022
0.5741, 0.1022
0.5741, 0.1022
0.5741, 0.1022
0.5741, 0.1022
0.5741, 0.1022
0.5741, 0.1022
0.5741, 0.1022
0.5741, 0.1022
0.5741, 0.1022
0.5741, 0.1022
0.5741, 0.1022
0.5741, 0.1022
0.5741, 0.1022
0.5741, 0.1022
0.5741, 0.1022
0.5741, 0.1022
0.5741, 0.1022
0.5741, 0.1022
0.5741, 0.1022
0.5741, 0.1022
0.5741, 0.1022
0.5741, 0.1022
0.5741, 0.1022
0.5741, 0.1022
0.5741, 0.1022
0.5741, 0.1022
0.5741, 0.1022
0.5741, 0.1022
0.5741, 0.1022
0.5741, 0.1022
0.5741, 0.1022
0.5741, 0.1022
0.5741, 0.1022
0.5741, 0.1022
0.5741, 0.1022
0.5741, 0.1022
0.5741, 0.1022
0.5741, 0.1022
0.5741, 0.1022
0.5741, 0.1022
0.5741, 0.1022
0.5741, 0.1022
0.5741, 0.1022
0.5741, 0.1022
0.5741, 0.1022
0.5741, 0.1022
0.5741, 0.1022
0.5741, 0.1022
0.5741, 0.1022
0.5741, 0.1022
0.5741, 0.1022
0.5741, 0.1022
0.5741, 0.1022
0.5741, 0.1022
0.5741, 0.1022
0.5741, 0.1022
0.5741, 0.1022
0.5741, 0.1022
0.5741, 0.1022
0.5741, 0.1022
0.5741, 0.1022
0.5741, 0.1022
0.5741, 0.1022
0.5741, 0.1022
0.5741, 0.1022
0.5741, 0.1022
0.5741, 0.1022
0.5741, 0.1022
0.5741, 0.1022
0.5741, 0.1022
0.5741, 0.1022
0.5741, 0.1022
0.5741, 0.1022
0.5741, 0.1022
0.5741, 0.1022
0.5741, 0.1022
0.5741, 0.1022
0.5741, 0.1022
0.5741, 0.1022
0.5741, 0.1022
0.5741, 0.1022
0.5741, 0.1022
0.5741, 0.1022
0.5741, 0.1022
0.5741, 0.1022
0.5741, 0.1022
0.5741, 0.1022
0.5741, 0.0995
0.5741, 0.0995
0.5741, 0.0995
0.5741, 0.0995
0.5741, 0.0995
0.5741, 0.0995
0.5741, 0.0995
0.5741, 0.0995
0.5741, 0.0995
0.5741, 0.0995
0.5741, 0.0968
0.5741, 0.0968
0.5741, 0.0968
0.5741, 0.0968
0.5741, 0.0968
0.5741, 0.0968
0.5741, 0.0968
0.5741, 0.0941
0.5741, 0.0941
0.5741, 0.0941
0.5741, 0.0941
0.5741, 0.0941
0.5741, 0.0941
0.5741, 0.0941
0.5741, 0.0941
0.5741, 0.0941
0.5741, 0.0941
0.5741, 0.0914
0.5741, 0.0914
0.5741, 0.0914
0.5741, 0.0914
0.5741, 0.0914
0.5741, 0.0914
0.5741, 0.0914
0.5741, 0.0914
0.5741, 0.0914
0.5741, 0.0914
0.5741, 0.0914
0.5741, 0.0914
0.5741, 0.0887
0.5741, 0.0887
0.5741, 0.0887
0.5741, 0.0887
0.5741, 0.0887
0.5741, 0.0887
0.5741, 0.0887
0.5741, 0.0887
0.5741, 0.0887
0.5741, 0.0887
0.5741, 0.0887
0.5741, 0.0860
0.5741, 0.0860
0.5741, 0.0860
0.5741, 0.0860
0.5741, 0.0860
0.5741, 0.0860
0.5741, 0.0860
0.5741, 0.0860
0.5741, 0.0860
0.5741, 0.0860
0.5741, 0.0860
0.5741, 0.0860
0.5741, 0.0860
0.5741, 0.0860
0.5741, 0.0860
0.5741, 0.0860
0.5741, 0.0860
0.5741, 0.0860
0.5741, 0.0860
0.5741, 0.0860
0.5741, 0.0860
0.5741, 0.0860
0.5741, 0.0860
0.5741, 0.0860
0.5741, 0.0860
0.5741, 0.0860
0.5741, 0.0860
0.5741, 0.0833
0.5741, 0.0833
0.5741, 0.0833
0.5741, 0.0833
0.5741, 0.0833
0.5741, 0.0833
0.5741, 0.0833
0.5741, 0.0833
0.5741, 0.0833
0.5741, 0.0833
0.5741, 0.0833
0.5741, 0.0833
0.5741, 0.0833
0.5741, 0.0833
0.5741, 0.0833
0.5741, 0.0833
0.5741, 0.0833
0.5741, 0.0806
0.5741, 0.0806
0.5741, 0.0806
0.5741, 0.0806
0.5741, 0.0806
0.5741, 0.0806
0.5741, 0.0806
0.5741, 0.0806
0.5741, 0.0806
0.5741, 0.0806
0.5741, 0.0806
0.5741, 0.0806
0.5741, 0.0806
0.5741, 0.0806
0.5741, 0.0806
0.5741, 0.0806
0.5741, 0.0806
0.5741, 0.0806
0.5787, 0.0806
0.5787, 0.0806
0.5787, 0.0806
0.5787, 0.0806
0.5787, 0.0806
0.5787, 0.0806
0.5787, 0.0806
0.5787, 0.0806
0.5787, 0.0806
0.5787, 0.0806
0.5787, 0.0780
0.5787, 0.0780
0.5787, 0.0780
0.5787, 0.0780
0.5787, 0.0780
0.5787, 0.0780
0.5787, 0.0780
0.5787, 0.0780
0.5787, 0.0780
0.5787, 0.0780
0.5787, 0.0753
0.5787, 0.0753
0.5787, 0.0753
0.5787, 0.0753
0.5787, 0.0753
0.5787, 0.0753
0.5787, 0.0753
0.5833, 0.0753
0.5833, 0.0753
0.5833, 0.0753
0.5833, 0.0753
0.5833, 0.0753
0.5833, 0.0753
0.5833, 0.0726
0.5833, 0.0726
0.5833, 0.0726
0.5833, 0.0726
0.5833, 0.0726
0.5833, 0.0726
0.5833, 0.0726
0.5833, 0.0726
0.5833, 0.0726
0.5833, 0.0726
0.5833, 0.0726
0.5833, 0.0726
0.5833, 0.0726
0.5833, 0.0726
0.5833, 0.0726
0.5833, 0.0726
0.5833, 0.0726
0.5833, 0.0726
0.5833, 0.0726
0.5833, 0.0726
0.5833, 0.0726
0.5833, 0.0726
0.5833, 0.0726
0.5833, 0.0699
0.5833, 0.0699
0.5833, 0.0699
0.5833, 0.0699
0.5833, 0.0699
0.5833, 0.0699
0.5833, 0.0699
0.5833, 0.0699
0.5833, 0.0699
0.5833, 0.0699
0.5833, 0.0672
0.5833, 0.0672
0.5833, 0.0672
0.5880, 0.0672
0.5880, 0.0672
0.5880, 0.0672
0.5880, 0.0672
0.5880, 0.0672
0.5880, 0.0672
0.5880, 0.0672
0.5880, 0.0672
0.5880, 0.0672
0.5880, 0.0672
0.5880, 0.0672
0.5880, 0.0672
0.5880, 0.0672
0.5880, 0.0672
0.5880, 0.0672
0.5880, 0.0672
0.5880, 0.0672
0.5880, 0.0672
0.5880, 0.0672
0.5880, 0.0672
0.5880, 0.0672
0.5880, 0.0672
0.5880, 0.0672
0.5880, 0.0645
0.5880, 0.0645
0.5880, 0.0645
0.5880, 0.0645
0.5880, 0.0645
0.5880, 0.0645
0.5926, 0.0645
0.5926, 0.0645
0.5926, 0.0645
0.5926, 0.0645
0.5926, 0.0645
0.5926, 0.0645
0.5926, 0.0645
0.5926, 0.0618
0.5926, 0.0618
0.5926, 0.0618
0.5926, 0.0618
0.5926, 0.0618
0.5926, 0.0618
0.5926, 0.0618
0.5926, 0.0618
0.5926, 0.0618
0.5926, 0.0618
0.5926, 0.0618
0.5926, 0.0618
0.5926, 0.0618
0.5926, 0.0618
0.5926, 0.0618
0.5926, 0.0618
0.5926, 0.0618
0.5926, 0.0591
0.5926, 0.0591
0.5926, 0.0591
0.5972, 0.0591
0.5972, 0.0591
0.5972, 0.0591
0.5972, 0.0591
0.5972, 0.0591
0.5972, 0.0591
0.5972, 0.0591
0.5972, 0.0591
0.5972, 0.0591
0.5972, 0.0591
0.5972, 0.0591
0.5972, 0.0591
0.5972, 0.0591
0.5972, 0.0591
0.5972, 0.0591
0.5972, 0.0591
0.5972, 0.0565
0.5972, 0.0565
0.5972, 0.0565
0.5972, 0.0565
0.5972, 0.0565
0.5972, 0.0565
0.5972, 0.0565
0.5972, 0.0565
0.5972, 0.0565
0.5972, 0.0565
0.5972, 0.0538
0.5972, 0.0538
0.5972, 0.0538
0.5972, 0.0538
0.5972, 0.0538
0.5972, 0.0538
0.5972, 0.0538
0.5972, 0.0538
0.5972, 0.0538
0.5972, 0.0538
0.5972, 0.0538
0.5972, 0.0538
0.5972, 0.0538
0.5972, 0.0538
0.5972, 0.0538
0.5972, 0.0538
0.5972, 0.0538
0.5972, 0.0538
0.5972, 0.0538
0.5972, 0.0538
0.6019, 0.0538
0.6019, 0.0538
0.6019, 0.0538
0.6019, 0.0538
0.6019, 0.0538
0.6019, 0.0538
0.6019, 0.0511
0.6019, 0.0511
0.6019, 0.0511
0.6019, 0.0511
0.6019, 0.0511
0.6019, 0.0511
0.6019, 0.0511
0.6019, 0.0511
0.6019, 0.0511
0.6019, 0.0511
0.6019, 0.0511
0.6019, 0.0511
0.6065, 0.0484
0.6065, 0.0484
0.6065, 0.0484
0.6065, 0.0484
0.6065, 0.0484
0.6065, 0.0484
0.6065, 0.0484
0.6065, 0.0484
0.6065, 0.0484
0.6065, 0.0484
0.6065, 0.0484
0.6065, 0.0484
0.6065, 0.0484
0.6065, 0.0484
0.6065, 0.0457
0.6065, 0.0457
0.6065, 0.0457
0.6065, 0.0457
0.6065, 0.0457
0.6065, 0.0457
0.6065, 0.0457
0.6065, 0.0457
0.6065, 0.0457
0.6065, 0.0457
0.6065, 0.0457
0.6065, 0.0457
0.6065, 0.0457
0.6065, 0.0457
0.6065, 0.0457
0.6065, 0.0457
0.6065, 0.0430
0.6065, 0.0430
0.6065, 0.0430
0.6111, 0.0430
0.6111, 0.0430
0.6111, 0.0430
0.6111, 0.0403
0.6111, 0.0403
0.6111, 0.0403
0.6111, 0.0403
0.6111, 0.0403
0.6111, 0.0403
0.6111, 0.0403
0.6111, 0.0403
0.6111, 0.0403
0.6111, 0.0403
0.6111, 0.0403
0.6111, 0.0403
0.6111, 0.0403
0.6157, 0.0403
0.6157, 0.0403
0.6157, 0.0403
0.6157, 0.0403
0.6157, 0.0403
0.6157, 0.0403
0.6157, 0.0403
0.6157, 0.0403
0.6157, 0.0403
0.6157, 0.0376
0.6157, 0.0376
0.6157, 0.0376
0.6157, 0.0376
0.6157, 0.0376
0.6157, 0.0376
0.6157, 0.0376
0.6157, 0.0376
0.6157, 0.0376
0.6157, 0.0376
0.6157, 0.0376
0.6157, 0.0376
0.6157, 0.0376
0.6157, 0.0376
0.6157, 0.0376
0.6157, 0.0349
0.6157, 0.0349
0.6157, 0.0349
0.6157, 0.0349
0.6157, 0.0349
0.6157, 0.0349
0.6157, 0.0349
0.6157, 0.0349
0.6157, 0.0349
0.6157, 0.0349
0.6157, 0.0349
0.6157, 0.0349
0.6157, 0.0349
0.6157, 0.0349
0.6157, 0.0349
0.6157, 0.0349
0.6157, 0.0349
0.6157, 0.0349
0.6157, 0.0349
0.6157, 0.0349
0.6157, 0.0349
0.6157, 0.0349
0.6157, 0.0349
0.6157, 0.0349
0.6157, 0.0349
0.6157, 0.0349
0.6157, 0.0349
0.6157, 0.0349
0.6157, 0.0349
0.6157, 0.0349
0.6157, 0.0323
0.6157, 0.0323
0.6204, 0.0323
0.6204, 0.0323
0.6204, 0.0323
0.6204, 0.0323
0.6204, 0.0323
0.6204, 0.0323
0.6204, 0.0323
0.6204, 0.0323
0.6204, 0.0323
0.6204, 0.0323
0.6204, 0.0323
0.6204, 0.0323
0.6204, 0.0323
0.6204, 0.0323
0.6204, 0.0323
0.6204, 0.0323
0.6204, 0.0323
0.6204, 0.0323
0.6204, 0.0323
0.6204, 0.0323
0.6250, 0.0323
0.6250, 0.0323
0.6250, 0.0323
0.6250, 0.0323
0.6250, 0.0323
0.6250, 0.0323
0.6250, 0.0323
0.6250, 0.0323
0.6250, 0.0323
0.6250, 0.0323
0.6250, 0.0323
0.6250, 0.0323
0.6250, 0.0323
0.6250, 0.0323
0.6250, 0.0323
0.6250, 0.0323
0.6250, 0.0296
0.6250, 0.0296
0.6250, 0.0296
0.6296, 0.0296
0.6296, 0.0296
0.6296, 0.0296
0.6296, 0.0296
0.6296, 0.0296
0.6296, 0.0296
0.6296, 0.0296
0.6296, 0.0296
0.6296, 0.0296
0.6296, 0.0296
0.6296, 0.0296
0.6296, 0.0296
0.6296, 0.0296
0.6296, 0.0296
0.6296, 0.0296
0.6296, 0.0296
0.6296, 0.0296
0.6296, 0.0296
0.6296, 0.0296
0.6296, 0.0296
0.6296, 0.0296
0.6296, 0.0296
0.6296, 0.0296
0.6296, 0.0296
0.6296, 0.0296
0.6296, 0.0296
0.6296, 0.0296
0.6296, 0.0296
0.6296, 0.0296
0.6296, 0.0296
0.6296, 0.0296
0.6296, 0.0296
0.6296, 0.0296
0.6296, 0.0296
0.6296, 0.0296
0.6296, 0.0269
0.6296, 0.0269
0.6296, 0.0269
0.6343, 0.0269
0.6343, 0.0269
0.6343, 0.0269
0.6343, 0.0269
0.6343, 0.0269
0.6343, 0.0269
0.6389, 0.0269
0.6389, 0.0269
0.6389, 0.0269
0.6389, 0.0269
0.6389, 0.0269
0.6389, 0.0269
0.6389, 0.0269
0.6389, 0.0269
0.6389, 0.0269
0.6389, 0.0269
0.6389, 0.0269
0.6389, 0.0269
0.6389, 0.0269
0.6389, 0.0269
0.6389, 0.0269
0.6389, 0.0269
0.6389, 0.0269
0.6389, 0.0269
0.6389, 0.0269
0.6389, 0.0269
0.6389, 0.0269
0.6389, 0.0269
0.6389, 0.0269
0.6389, 0.0269
0.6389, 0.0269
0.6389, 0.0269
0.6389, 0.0269
0.6389, 0.0269
0.6389, 0.0269
0.6389, 0.0269
0.6389, 0.0269
0.6389, 0.0269
0.6389, 0.0269
0.6389, 0.0269
0.6389, 0.0269
0.6389, 0.0269
0.6389, 0.0269
0.6389, 0.0269
0.6389, 0.0269
0.6389, 0.0269
0.6389, 0.0269
0.6389, 0.0269
0.6389, 0.0269
0.6389, 0.0269
0.6389, 0.0269
0.6389, 0.0269
0.6389, 0.0269
0.6389, 0.0269
0.6389, 0.0269
0.6389, 0.0269
0.6389, 0.0269
0.6389, 0.0269
0.6389, 0.0269
0.6389, 0.0269
0.6389, 0.0269
0.6389, 0.0269
0.6389, 0.0269
0.6389, 0.0269
0.6389, 0.0269
0.6389, 0.0269
0.6389, 0.0269
0.6389, 0.0269
0.6389, 0.0269
0.6435, 0.0269
0.6435, 0.0269
0.6435, 0.0269
0.6435, 0.0269
0.6435, 0.0269
0.6435, 0.0269
0.6435, 0.0269
0.6435, 0.0269
0.6435, 0.0269
0.6435, 0.0269
0.6435, 0.0269
0.6435, 0.0269
0.6435, 0.0269
0.6435, 0.0269
0.6435, 0.0269
0.6435, 0.0269
0.6435, 0.0269
0.6435, 0.0269
0.6435, 0.0269
0.6435, 0.0269
0.6435, 0.0269
0.6435, 0.0269
0.6435, 0.0269
0.6435, 0.0269
0.6435, 0.0269
0.6435, 0.0269
0.6435, 0.0269
0.6435, 0.0269
0.6435, 0.0269
0.6435, 0.0269
0.6435, 0.0269
0.6435, 0.0269
0.6435, 0.0269
0.6435, 0.0269
0.6435, 0.0269
0.6435, 0.0269
0.6435, 0.0269
0.6435, 0.0269
0.6435, 0.0269
0.6435, 0.0269
0.6435, 0.0269
0.6435, 0.0269
0.6435, 0.0269
0.6435, 0.0269
0.6435, 0.0269
0.6481, 0.0269
0.6481, 0.0269
0.6481, 0.0269
0.6481, 0.0269
0.6481, 0.0269
0.6481, 0.0269
0.6481, 0.0269
0.6481, 0.0269
0.6481, 0.0269
0.6481, 0.0269
0.6481, 0.0269
0.6481, 0.0269
0.6528, 0.0269
0.6528, 0.0269
0.6528, 0.0269
0.6528, 0.0269
0.6528, 0.0269
0.6528, 0.0269
0.6528, 0.0269
0.6528, 0.0269
0.6528, 0.0269
0.6528, 0.0269
0.6528, 0.0269
0.6528, 0.0269
0.6528, 0.0269
0.6528, 0.0269
0.6528, 0.0269
0.6528, 0.0269
0.6528, 0.0296
0.6528, 0.0296
0.6528, 0.0296
0.6528, 0.0296
0.6528, 0.0296
0.6528, 0.0296
0.6528, 0.0296
0.6528, 0.0296
0.6528, 0.0296
0.6528, 0.0296
0.6528, 0.0296
0.6528, 0.0296
0.6574, 0.0296
0.6574, 0.0296
0.6574, 0.0296
0.6574, 0.0296
0.6574, 0.0296
0.6574, 0.0296
0.6574, 0.0296
0.6574, 0.0296
0.6574, 0.0296
0.6620, 0.0323
0.6620, 0.0323
0.6620, 0.0323
0.6620, 0.0323
0.6620, 0.0323
0.6620, 0.0323
0.6620, 0.0349
0.6620, 0.0349
0.6620, 0.0349
0.6620, 0.0349
0.6620, 0.0349
0.6620, 0.0349
0.6620, 0.0376
0.6620, 0.0376
0.6620, 0.0376
0.6667, 0.0376
0.6667, 0.0376
0.6667, 0.0376
0.6667, 0.0376
0.6667, 0.0376
0.6667, 0.0376
0.6713, 0.0376
0.6713, 0.0376
0.6713, 0.0376
0.6713, 0.0376
0.6713, 0.0376
0.6713, 0.0376
0.6713, 0.0403
0.6713, 0.0403
0.6713, 0.0403
0.6759, 0.0403
0.6759, 0.0403
0.6759, 0.0430
0.6759, 0.0430
0.6759, 0.0430
0.6759, 0.0430
0.6759, 0.0430
0.6759, 0.0430
0.6759, 0.0430
0.6759, 0.0430
0.6759, 0.0430
0.6759, 0.0430
0.6759, 0.0430
0.6759, 0.0430
0.6759, 0.0430
0.6759, 0.0430
0.6759, 0.0430
0.6759, 0.0457
0.6759, 0.0457
0.6759, 0.0457
0.6759, 0.0457
0.6759, 0.0457
0.6759, 0.0457
0.6759, 0.0484
0.6759, 0.0484
0.6759, 0.0484
0.6759, 0.0484
0.6759, 0.0484
0.6759, 0.0484
0.6806, 0.0511
0.6806, 0.0511
0.6806, 0.0511
0.6806, 0.0511
0.6806, 0.0511
0.6806, 0.0511
0.6806, 0.0511
0.6806, 0.0511
0.6806, 0.0511
0.6852, 0.0538
0.6852, 0.0538
0.6852, 0.0538
0.6852, 0.0538
0.6852, 0.0538
0.6852, 0.0565
0.6852, 0.0565
0.6852, 0.0565
0.6852, 0.0565
0.6852, 0.0565
0.6852, 0.0565
0.6852, 0.0565
0.6852, 0.0565
0.6852, 0.0565
0.6852, 0.0565
0.6852, 0.0565
0.6852, 0.0565
0.6852, 0.0591
0.6852, 0.0591
0.6852, 0.0591
0.6852, 0.0591
0.6852, 0.0591
0.6852, 0.0591
0.6852, 0.0591
0.6852, 0.0591
0.6852, 0.0591
0.6852, 0.0618
0.6852, 0.0618
0.6852, 0.0618
0.6852, 0.0618
0.6852, 0.0618
0.6852, 0.0618
0.6898, 0.0618
0.6898, 0.0618
0.6898, 0.0618
0.6898, 0.0645
0.6898, 0.0645
0.6898, 0.0645
0.6898, 0.0645
0.6898, 0.0645
0.6898, 0.0645
0.6898, 0.0645
0.6898, 0.0645
0.6944, 0.0645
0.6944, 0.0645
0.6944, 0.0645
0.6944, 0.0645
0.6944, 0.0645
0.6944, 0.0672
0.6944, 0.0672
0.6944, 0.0672
0.6944, 0.0672
0.6944, 0.0672
0.6944, 0.0672
0.6991, 0.0699
0.6991, 0.0699
0.6991, 0.0699
0.6991, 0.0699
0.6991, 0.0699
0.6991, 0.0699
0.6991, 0.0699
0.6991, 0.0699
0.6991, 0.0699
0.6991, 0.0699
0.6991, 0.0699
0.6991, 0.0699
0.6991, 0.0699
0.6991, 0.0699
0.6991, 0.0699
0.6991, 0.0699
0.6991, 0.0699
0.6991, 0.0699
0.6991, 0.0699
0.6991, 0.0726
0.6991, 0.0726
0.6991, 0.0726
0.6991, 0.0726
0.6991, 0.0726
0.6991, 0.0726
0.6991, 0.0726
0.6991, 0.0726
0.6991, 0.0726
0.6991, 0.0753
0.6991, 0.0753
0.6991, 0.0753
0.6991, 0.0753
0.6991, 0.0753
0.7037, 0.0753
0.7037, 0.0753
0.7037, 0.0753
0.7037, 0.0780
0.7037, 0.0780
0.7037, 0.0780
0.7037, 0.0780
0.7037, 0.0780
0.7037, 0.0780
0.7037, 0.0780
0.7037, 0.0780
0.7037, 0.0780
0.7083, 0.0780
0.7083, 0.0780
0.7083, 0.0780
0.7083, 0.0780
0.7083, 0.0780
0.7083, 0.0780
0.7083, 0.0806
0.7083, 0.0806
0.7083, 0.0806
0.7083, 0.0833
0.7083, 0.0833
0.7083, 0.0833
0.7083, 0.0833
0.7130, 0.0833
0.7130, 0.0833
0.7130, 0.0887
0.7130, 0.0887
0.7176, 0.0887
0.7176, 0.0887
0.7176, 0.0887
0.7176, 0.0887
0.7176, 0.0887
0.7176, 0.0887
0.7176, 0.0914
0.7176, 0.0914
0.7176, 0.0914
0.7176, 0.0914
0.7176, 0.0914
0.7176, 0.0914
0.7176, 0.0914
0.7176, 0.0914
0.7176, 0.0914
0.7176, 0.0914
0.7176, 0.0914
0.7222, 0.0914
0.7222, 0.0914
0.7222, 0.0914
0.7222, 0.0941
0.7222, 0.0941
0.7222, 0.0941
0.7222, 0.0941
0.7222, 0.0941
0.7222, 0.0968
0.7222, 0.0968
0.7222, 0.0968
0.7222, 0.0968
0.7222, 0.0968
0.7222, 0.0968
0.7222, 0.0968
0.7222, 0.0968
0.7222, 0.0968
0.7222, 0.0968
0.7222, 0.0968
0.7222, 0.0968
0.7269, 0.0968
0.7269, 0.0968
0.7269, 0.0968
0.7269, 0.0968
0.7269, 0.0968
0.7269, 0.0968
0.7269, 0.0968
0.7269, 0.0968
0.7269, 0.0968
0.7269, 0.0995
0.7269, 0.0995
0.7269, 0.0995
0.7269, 0.0995
0.7269, 0.0995
0.7269, 0.0995
0.7269, 0.0995
0.7269, 0.0995
0.7269, 0.0995
0.7269, 0.0995
0.7269, 0.0995
0.7269, 0.0995
0.7269, 0.0995
0.7269, 0.0995
0.7269, 0.0995
0.7269, 0.0995
0.7269, 0.0995
0.7315, 0.0995
0.7315, 0.0995
0.7315, 0.0995
0.7315, 0.1022
0.7315, 0.1022
0.7315, 0.1022
0.7315, 0.1022
0.7315, 0.1022
0.7315, 0.1022
0.7315, 0.1022
0.7315, 0.1022
0.7315, 0.1022
0.7315, 0.1022
0.7315, 0.1022
0.7315, 0.1022
0.7315, 0.1022
0.7315, 0.1022
0.7315, 0.1022
0.7315, 0.1022
0.7315, 0.1022
0.7315, 0.1022
0.7315, 0.1022
0.7315, 0.1022
0.7315, 0.1022
0.7315, 0.1022
0.7315, 0.1022
0.7315, 0.1022
0.7315, 0.1022
0.7315, 0.1022
0.7315, 0.1022
0.7315, 0.1022
0.7315, 0.1022
0.7315, 0.1022
0.7315, 0.1022
0.7315, 0.1022
0.7315, 0.1022
0.7315, 0.1022
0.7315, 0.1022
0.7315, 0.1022
0.7315, 0.1022
0.7315, 0.1022
0.7315, 0.1022
0.7315, 0.1022
0.7315, 0.1022
0.7315, 0.1022
0.7315, 0.1022
0.7315, 0.1022
0.7315, 0.1022
0.7315, 0.1022
0.7315, 0.1022
0.7315, 0.1022
0.7315, 0.1022
0.7315, 0.1022
0.7315, 0.1022
0.7315, 0.1022
0.7315, 0.1022
0.7315, 0.1022
0.7315, 0.1022
0.7315, 0.1022
0.7315, 0.1022
0.7315, 0.1022
0.7315, 0.1022
0.7315, 0.1022
0.7315, 0.1022
0.7315, 0.1022
0.7315, 0.1022
0.7315, 0.1022
0.7315, 0.1022
0.7315, 0.1022
0.7315, 0.1022
0.7315, 0.1022
0.7315, 0.1022
0.7315, 0.1022
0.7315, 0.1022
0.7315, 0.1022
0.7315, 0.1022
0.7315, 0.1022
0.7315, 0.1022
0.7315, 0.1022
0.7315, 0.1022
0.7315, 0.1022
0.7315, 0.1022
0.7315, 0.0995
0.7315, 0.0995
0.7315, 0.0995
0.7315, 0.0995
0.7315, 0.0995
0.7315, 0.0995
0.7315, 0.0995
0.7315, 0.0995
0.7315, 0.0968
0.7315, 0.0968
0.7315, 0.0968
0.7315, 0.0968
0.7315, 0.0968
0.7315, 0.0968
0.7315, 0.0941
0.7315, 0.0941
0.7315, 0.0941
0.7315, 0.0941
0.7315, 0.0941
0.7315, 0.0941
0.7315, 0.0941
0.7315, 0.0941
0.7315, 0.0941
0.7315, 0.0914
0.7315, 0.0914
0.7315, 0.0914
0.7315, 0.0914
0.7315, 0.0914
0.7315, 0.0887
0.7315, 0.0887
0.7315, 0.0887
0.7315, 0.0860
0.7315, 0.0860
0.7315, 0.0860
0.7315, 0.0860
0.7315, 0.0860
0.7315, 0.0833
0.7315, 0.0833
0.7315, 0.0833
0.7361, 0.0806
0.7361, 0.0806
0.7361, 0.0806
0.7361, 0.0806
0.7361, 0.0806
0.7361, 0.0806
0.7361, 0.0806
0.7361, 0.0806
0.7361, 0.0806
0.7361, 0.0806
0.7361, 0.0806
0.7361, 0.0780
0.7361, 0.0780
0.7361, 0.0780
0.7361, 0.0780
0.7361, 0.0780
0.7361, 0.0780
0.7361, 0.0780
0.7361, 0.0780
0.7361, 0.0780
0.7361, 0.0780
0.7361, 0.0780
0.7407, 0.0780
0.7407, 0.0780
0.7407, 0.0780
0.7407, 0.0780
0.7407, 0.0780
0.7407, 0.0753
0.7407, 0.0753
0.7407, 0.0753
0.7407, 0.0753
0.7407, 0.0753
0.7407, 0.0753
0.7407, 0.0753
0.7407, 0.0753
0.7407, 0.0753
0.7407, 0.0753
0.7407, 0.0753
0.7407, 0.0753
0.7407, 0.0726
0.7407, 0.0726
0.7407, 0.0726
0.7407, 0.0726
0.7407, 0.0726
0.7407, 0.0726
0.7407, 0.0726
0.7407, 0.0726
0.7454, 0.0726
0.7454, 0.0726
0.7454, 0.0726
0.7454, 0.0726
0.7454, 0.0726
0.7454, 0.0726
0.7454, 0.0726
0.7454, 0.0726
0.7454, 0.0726
0.7454, 0.0726
0.7454, 0.0726
0.7454, 0.0726
0.7454, 0.0726
0.7454, 0.0726
0.7454, 0.0726
0.7454, 0.0726
0.7454, 0.0726
0.7454, 0.0699
0.7454, 0.0699
0.7454, 0.0699
0.7454, 0.0699
0.7454, 0.0699
0.7454, 0.0699
0.7454, 0.0699
0.7454, 0.0699
0.7454, 0.0672
0.7454, 0.0672
0.7454, 0.0672
0.7454, 0.0672
0.7454, 0.0672
0.7454, 0.0672
0.7454, 0.0672
0.7454, 0.0672
0.7454, 0.0672
0.7454, 0.0672
0.7454, 0.0672
0.7454, 0.0672
0.7454, 0.0672
0.7454, 0.0672
0.7454, 0.0672
0.7454, 0.0672
0.7454, 0.0672
0.7454, 0.0672
0.7454, 0.0672
0.7454, 0.0672
0.7454, 0.0645
0.7454, 0.0645
0.7454, 0.0645
0.7454, 0.0645
0.7454, 0.0645
0.7500, 0.0645
0.7500, 0.0645
0.7500, 0.0645
0.7500, 0.0645
0.7500, 0.0645
0.7500, 0.0645
0.7500, 0.0618
0.7500, 0.0618
0.7500, 0.0618
0.7500, 0.0618
0.7500, 0.0618
0.7500, 0.0618
0.7500, 0.0618
0.7500, 0.0618
0.7500, 0.0618
0.7500, 0.0618
0.7500, 0.0618
0.7500, 0.0591
0.7500, 0.0591
0.7500, 0.0591
0.7500, 0.0591
0.7500, 0.0591
0.7500, 0.0591
0.7500, 0.0591
0.7500, 0.0591
0.7500, 0.0591
0.7500, 0.0591
0.7500, 0.0591
0.7500, 0.0591
0.7546, 0.0591
0.7546, 0.0591
0.7546, 0.0565
0.7546, 0.0565
0.7546, 0.0565
0.7546, 0.0565
0.7546, 0.0565
0.7546, 0.0538
0.7546, 0.0538
0.7546, 0.0538
0.7546, 0.0538
0.7546, 0.0538
0.7546, 0.0538
0.7546, 0.0538
0.7546, 0.0538
0.7546, 0.0538
0.7546, 0.0538
0.7546, 0.0538
0.7546, 0.0538
0.7546, 0.0538
0.7546, 0.0538
0.7546, 0.0511
0.7546, 0.0511
0.7546, 0.0511
0.7546, 0.0511
0.7546, 0.0511
0.7546, 0.0511
0.7593, 0.0511
0.7593, 0.0511
0.7593, 0.0511
0.7593, 0.0484
0.7593, 0.0484
0.7593, 0.0484
0.7593, 0.0484
0.7593, 0.0484
0.7593, 0.0457
0.7593, 0.0457
0.7593, 0.0457
0.7593, 0.0457
0.7593, 0.0457
0.7593, 0.0457
0.7639, 0.0457
0.7639, 0.0457
0.7639, 0.0457
0.7639, 0.0457
0.7639, 0.0457
0.7639, 0.0457
0.7639, 0.0457
0.7639, 0.0457
0.7639, 0.0457
0.7639, 0.0457
0.7639, 0.0457
0.7639, 0.0430
0.7639, 0.0430
0.7639, 0.0430
0.7639, 0.0430
0.7639, 0.0430
0.7639, 0.0403
0.7639, 0.0403
0.7639, 0.0403
0.7685, 0.0403
0.7685, 0.0403
0.7685, 0.0403
0.7685, 0.0403
0.7685, 0.0403
0.7685, 0.0403
0.7685, 0.0403
0.7731, 0.0376
0.7731, 0.0376
0.7731, 0.0376
0.7731, 0.0376
0.7778, 0.0349
0.7778, 0.0349
0.7778, 0.0349
0.7778, 0.0349
0.7778, 0.0349
0.7778, 0.0349
0.7778, 0.0349
0.7778, 0.0323
0.7778, 0.0323
0.7778, 0.0323
0.7778, 0.0323
0.7824, 0.0323
0.7824, 0.0323
0.7824, 0.0323
0.7824, 0.0323
0.7824, 0.0323
0.7870, 0.0296
0.7870, 0.0296
0.7870, 0.0296
0.7870, 0.0296
0.7870, 0.0296
0.7870, 0.0296
0.7870, 0.0269
0.7870, 0.0269
0.7870, 0.0269
0.7870, 0.0269
0.7870, 0.0269
0.7870, 0.0269
0.7870, 0.0269
0.7917, 0.0269
0.7917, 0.0269
0.7917, 0.0269
0.7917, 0.0269
0.7917, 0.0269
0.7917, 0.0269
0.7917, 0.0269
0.7963, 0.0269
0.7963, 0.0269
0.7963, 0.0242
0.7963, 0.0242
0.7963, 0.0242
0.7963, 0.0242
0.7963, 0.0242
0.7963, 0.0242
0.7963, 0.0242
0.8009, 0.0215
0.8009, 0.0215
0.8009, 0.0215
0.8009, 0.0215
0.8009, 0.0215
0.8009, 0.0215
0.8009, 0.0188
0.8009, 0.0188
0.8009, 0.0188
0.8056, 0.0188
0.8056, 0.0188
0.8056, 0.0188
0.8056, 0.0188
0.8056, 0.0188
0.8056, 0.0188
0.8102, 0.0188
0.8102, 0.0188
0.8102, 0.0188
0.8102, 0.0188
0.8102, 0.0188
0.8102, 0.0188
0.8102, 0.0188
0.8102, 0.0188
0.8102, 0.0188
0.8102, 0.0161
0.8102, 0.0161
0.8102, 0.0161
0.8102, 0.0161
0.8102, 0.0161
0.8102, 0.0161
0.8102, 0.0161
0.8148, 0.0161
0.8148, 0.0161
0.8148, 0.0161
0.8148, 0.0161
0.8148, 0.0161
0.8148, 0.0161
0.8194, 0.0134
0.8194, 0.0134
0.8194, 0.0134
0.8194, 0.0134
0.8194, 0.0134
0.8194, 0.0134
0.8194, 0.0134
0.8241, 0.0134
0.8241, 0.0134
0.8241, 0.0134
0.8241, 0.0134
0.8241, 0.0134
0.8241, 0.0134
0.8241, 0.0134
0.8241, 0.0134
0.8241, 0.0134
0.8241, 0.0134
0.8241, 0.0134
0.8287, 0.0134
0.8287, 0.0134
0.8287, 0.0134
0.8287, 0.0134
0.8333, 0.0134
0.8333, 0.0134
0.8333, 0.0134
0.8333, 0.0134
0.8333, 0.0134
0.8333, 0.0134
0.8333, 0.0134
0.8333, 0.0134
0.8333, 0.0134
0.8380, 0.0108
0.8380, 0.0108
0.8380, 0.0108
0.8380, 0.0108
0.8380, 0.0108
0.8426, 0.0108
0.8426, 0.0108
0.8426, 0.0108
0.8426, 0.0108
0.8472, 0.0108
0.8472, 0.0108
0.8472, 0.0108
0.8472, 0.0108
0.8472, 0.0108
0.8472, 0.0108
0.8472, 0.0108
0.8472, 0.0108
0.8472, 0.0108
0.8519, 0.0108
0.8519, 0.0108
0.8519, 0.0108
0.8519, 0.0108
0.8565, 0.0108
0.8565, 0.0108
0.8565, 0.0108
0.8565, 0.0108
0.8565, 0.0108
0.8565, 0.0081
0.8565, 0.0081
0.8611, 0.0081
0.8611, 0.0081
0.8611, 0.0081
0.8611, 0.0081
0.8657, 0.0081
0.8657, 0.0081
0.8657, 0.0081
0.8657, 0.0081
0.8657, 0.0081
0.8704, 0.0081
0.8704, 0.0081
0.8704, 0.0081
0.8704, 0.0081
0.8704, 0.0081
0.8704, 0.0081
0.8704, 0.0081
0.8704, 0.0081
0.8750, 0.0081
0.8750, 0.0081
0.8796, 0.0081
0.8796, 0.0081
0.8796, 0.0081
0.8796, 0.0081
0.8796, 0.0081
0.8796, 0.0081
0.8796, 0.0081
0.8796, 0.0081
0.8796, 0.0081
0.8843, 0.0081
0.8843, 0.0081
0.8843, 0.0081
0.8843, 0.0081
0.8889, 0.0081
0.8889, 0.0081
0.8935, 0.0081
0.8935, 0.0081
0.8935, 0.0081
0.8935, 0.0081
0.8935, 0.0081
0.8935, 0.0081
0.8935, 0.0081
0.8981, 0.0054
0.8981, 0.0054
0.8981, 0.0054
0.8981, 0.0054
0.9028, 0.0054
0.9028, 0.0054
0.9028, 0.0054
0.9028, 0.0054
0.9028, 0.0054
0.9028, 0.0054
0.9028, 0.0054
0.9028, 0.0054
0.9028, 0.0054
0.9028, 0.0054
0.9028, 0.0054
0.9028, 0.0054
0.9028, 0.0054
0.9028, 0.0054
0.9074, 0.0054
0.9074, 0.0054
0.9074, 0.0054
0.9074, 0.0054
0.9120, 0.0054
0.9120, 0.0054
0.9120, 0.0054
0.9120, 0.0054
0.9120, 0.0054
0.9167, 0.0054
0.9213, 0.0054
0.9213, 0.0054
0.9213, 0.0054
0.9213, 0.0054
0.9213, 0.0054
0.9259, 0.0054
0.9259, 0.0054
0.9259, 0.0054
0.9259, 0.0054
0.9259, 0.0054
0.9259, 0.0054
0.9259, 0.0054
0.9259, 0.0054
0.9306, 0.0054
0.9306, 0.0054
0.9306, 0.0054
0.9306, 0.0054
0.9306, 0.0054
0.9352, 0.0054
0.9352, 0.0054
0.9352, 0.0054
0.9352, 0.0054
0.9352, 0.0054
0.9352, 0.0054
0.9398, 0.0054
0.9398, 0.0054
0.9398, 0.0054
0.9398, 0.0054
0.9398, 0.0054
0.9398, 0.0054
0.9398, 0.0054
0.9444, 0.0054
0.9444, 0.0054
0.9444, 0.0054
0.9444, 0.0054
0.9444, 0.0054
0.9444, 0.0054
0.9444, 0.0054
0.9491, 0.0054
0.9491, 0.0054
0.9491, 0.0054
0.9491, 0.0054
0.9491, 0.0054
0.9491, 0.0054
0.9491, 0.0054
0.9491, 0.0054
0.9491, 0.0081
0.9491, 0.0081
0.9491, 0.0081
0.9491, 0.0081
0.9491, 0.0081
0.9491, 0.0081
0.9491, 0.0081
0.9491, 0.0108
0.9491, 0.0108
0.9537, 0.0108
0.9537, 0.0108
0.9537, 0.0108
0.9537, 0.0108
0.9537, 0.0108
0.9537, 0.0108
0.9537, 0.0108
0.9537, 0.0108
0.9537, 0.0108
0.9537, 0.0108
0.9537, 0.0108
0.9583, 0.0108
0.9583, 0.0108
0.9583, 0.0108
0.9583, 0.0108
0.9583, 0.0108
0.9583, 0.0108
0.9583, 0.0108
0.9583, 0.0108
0.9583, 0.0108
0.9583, 0.0108
0.9583, 0.0108
0.9583, 0.0108
0.9583, 0.0108
0.9583, 0.0108
0.9583, 0.0108
0.9583, 0.0108
0.9583, 0.0108
0.9583, 0.0108
0.9583, 0.0108
0.9583, 0.0108
0.9583, 0.0108
0.9583, 0.0108
0.9583, 0.0134
0.9583, 0.0134
0.9583, 0.0134
0.9583, 0.0134
0.9583, 0.0134
0.9583, 0.0134
0.9583, 0.0134
0.9583, 0.0134
0.9583, 0.0134
0.9583, 0.0134
0.9583, 0.0134
0.9583, 0.0134
0.9583, 0.0134
0.9583, 0.0134
0.9583, 0.0134
0.9583, 0.0134
0.9583, 0.0134
0.9583, 0.0134
0.9583, 0.0134
0.9583, 0.0134
0.9583, 0.0134
0.9583, 0.0134
0.9583, 0.0134
0.9583, 0.0134
0.9583, 0.0134
0.9583, 0.0134
0.9583, 0.0134
0.9583, 0.0134
0.9583, 0.0134
0.9583, 0.0134
0.9583, 0.0134
0.9583, 0.0134
0.9583, 0.0134
0.9537, 0.0134
0.9537, 0.0134
0.2917, 0.1989
0.2917, 0.1989
0.2917, 0.1989
0.2917, 0.1989
0.2917, 0.1989
0.2917, 0.1989
0.2917, 0.1989
0.2917, 0.1989
0.2917, 0.1989
0.2917, 0.1989
0.2917, 0.1989
0.2917, 0.1989
0.2917, 0.1989
0.2917, 0.1989
0.2917, 0.1989
0.2917, 0.1989
0.2917, 0.1989
0.2917, 0.1989
0.2917, 0.1989
0.2917, 0.1989
0.2917, 0.1989
0.2917, 0.1989
0.2917, 0.1989
0.2917, 0.1989
0.2917, 0.1989
0.2917, 0.1989
0.2917, 0.1989
0.2917, 0.1989
0.2917, 0.1989
0.2917, 0.1989
0.2917, 0.1989
0.2917, 0.1989
0.2917, 0.1989
0.2917, 0.1989
0.2917, 0.1989
0.2917, 0.1989
0.2917, 0.1989
0.2917, 0.1989
0.2917, 0.1989
0.2917, 0.1989
0.2917, 0.1989
0.2917, 0.1989
0.2917, 0.1989
0.2917, 0.1989
0.2917, 0.1989
0.2917, 0.1989
0.2917, 0.1989
0.2917, 0.1989
0.2917, 0.1989
0.2917, 0.1989
0.2917, 0.1989
0.2917, 0.1989
0.2917, 0.1989
0.2917, 0.1989
0.2917, 0.1989
0.2917, 0.1989
0.2917, 0.1989
0.2917, 0.1989
0.2917, 0.1989
0.2917, 0.1989
0.2917, 0.1989
0.2963, 0.1989
0.2963, 0.1989
0.2963, 0.1989
0.2963, 0.1989
0.2963, 0.1989
0.2963, 0.1989
0.2963, 0.1989
0.3009, 0.1989
0.3009, 0.1989
0.3009, 0.1989
0.3009, 0.1962
0.3009, 0.1962
0.3009, 0.1962
0.3056, 0.1962
0.3056, 0.1962
0.3056, 0.1962
0.3102, 0.1962
0.3102, 0.1962
0.3102, 0.1962
0.3102, 0.1962
0.3102, 0.1962
0.3102, 0.1962
0.3102, 0.1962
0.3102, 0.1962
0.3102, 0.1962
0.3102, 0.1962
0.3148, 0.1935
0.3148, 0.1935
0.3148, 0.1935
0.3148, 0.1935
0.3148, 0.1935
0.3194, 0.1935
0.3194, 0.1935
0.3194, 0.1935
0.3194, 0.1909
0.3194, 0.1909
0.3194, 0.1909
0.3241, 0.1909
0.3241, 0.1909
0.3241, 0.1909
0.3241, 0.1909
0.3241, 0.1909
0.3241, 0.1909
0.3241, 0.1909
0.3241, 0.1909
0.3241, 0.1909
0.3241, 0.1909
0.3241, 0.1909
0.3241, 0.1909
0.3241, 0.1909
0.3241, 0.1909
0.3287, 0.1909
0.3287, 0.1909
0.3287, 0.1909
0.3287, 0.1909
0.3287, 0.1909
0.3287, 0.1909
0.3333, 0.1909
0.3333, 0.1909
0.3333, 0.1909
0.3333, 0.1882
0.3333, 0.1882
0.3333, 0.1882
0.3333, 0.1882
0.3333, 0.1882
0.3333, 0.1882
0.3333, 0.1882
0.3380, 0.1882
0.3380, 0.1882
0.3380, 0.1855
0.3380, 0.1855
0.3380, 0.1855
0.3426, 0.1855
0.3426, 0.1855
0.3426, 0.1855
0.3472, 0.1855
0.3472, 0.1855
0.3472, 0.1855
0.3472, 0.1828
0.3472, 0.1828
0.3472, 0.1828
0.3472, 0.1828
0.3472, 0.1828
0.3472, 0.1828
0.3519, 0.1828
0.3519, 0.1828
0.3519, 0.1828
0.3519, 0.1828
0.3519, 0.1828
0.3519, 0.1828
0.3519, 0.1828
0.3565, 0.1828
0.3565, 0.1828
0.3565, 0.1828
0.3565, 0.1828
0.3565, 0.1828
0.3565, 0.1828
0.3565, 0.1828
0.3565, 0.1828
0.3565, 0.1828
0.3565, 0.1828
0.3565, 0.1828
0.3565, 0.1828
0.3565, 0.1828
0.3565, 0.1801
0.3565, 0.1801
0.3565, 0.1801
0.3611, 0.1801
0.3611, 0.1801
0.3611, 0.1801
0.3611, 0.1801
0.3611, 0.1801
0.3611, 0.1801
0.3657, 0.1774
0.3657, 0.1774
0.3657, 0.1774
0.3657, 0.1774
0.3657, 0.1774
0.3657, 0.1774
0.3704, 0.1774
0.3704, 0.1774
0.3704, 0.1774
0.3750, 0.1774
0.3750, 0.1774
0.3750, 0.1774
0.3796, 0.1774
0.3796, 0.1774
0.3796, 0.1774
0.3796, 0.1774
0.3796, 0.1774
0.3796, 0.1774
0.3796, 0.1747
0.3796, 0.1747
0.3796, 0.1747
0.3843, 0.1747
0.3843, 0.1747
0.3843, 0.1747
0.3843, 0.1747
0.3843, 0.1747
0.3843, 0.1747
0.3843, 0.1747
0.3889, 0.1720
0.3889, 0.1720
0.3889, 0.1720
0.3889, 0.1720
0.3889, 0.1720
0.3889, 0.1720
0.3889, 0.1720
0.3889, 0.1720
0.3889, 0.1720
0.3935, 0.1720
0.3935, 0.1720
0.3935, 0.1720
0.3981, 0.1694
0.3981, 0.1694
0.3981, 0.1694
0.3981, 0.1694
0.3981, 0.1694
0.3981, 0.1694
0.3981, 0.1694
0.4028, 0.1694
0.4028, 0.1694
0.4028, 0.1694
0.4028, 0.1694
0.4028, 0.1694
0.4028, 0.1694
0.4028, 0.1694
0.4028, 0.1694
0.4028, 0.1694
0.4074, 0.1694
0.4074, 0.1694
0.4074, 0.1694
0.4120, 0.1694
0.4120, 0.1694
0.4120, 0.1694
0.4120, 0.1667
0.4120, 0.1667
0.4167, 0.1667
0.4167, 0.1667
0.4167, 0.1667
0.4167, 0.1667
0.4167, 0.1667
0.4167, 0.1667
0.4167, 0.1667
0.4259, 0.1667
0.4259, 0.1667
0.4259, 0.1667
0.4259, 0.1640
0.4259, 0.1640
0.4259, 0.1640
0.4259, 0.1640
0.4259, 0.1640
0.4259, 0.1640
0.4306, 0.1640
0.4306, 0.1640
0.4306, 0.1640
0.4352, 0.1640
0.4352, 0.1640
0.4352, 0.1640
0.4352, 0.1640
0.4352, 0.1640
0.4352, 0.1640
0.4398, 0.1640
0.4398, 0.1640
0.4398, 0.1640
0.4398, 0.1640
0.4398, 0.1640
0.4398, 0.1640
0.4398, 0.1640
0.4398, 0.1640
0.4398, 0.1640
0.4398, 0.1640
0.4398, 0.1640
0.4398, 0.1640
0.4398, 0.1640
0.4444, 0.1640
0.4444, 0.1640
0.4444, 0.1640
0.4444, 0.1640
0.4444, 0.1640
0.4444, 0.1640
0.4491, 0.1640
0.4491, 0.1640
0.4491, 0.1640
0.4491, 0.1640
0.4491, 0.1640
0.4491, 0.1640
0.4491, 0.1640
0.4491, 0.1640
0.4491, 0.1640
0.4537, 0.1613
0.4537, 0.1613
0.4537, 0.1613
0.4583, 0.1613
0.4583, 0.1613
0.4583, 0.1613
0.4583, 0.1613
0.4583, 0.1613
0.4583, 0.1613
0.4583, 0.1613
0.4583, 0.1613
0.4583, 0.1613
0.4630, 0.1613
0.4630, 0.1613
0.4630, 0.1613
0.4630, 0.1613
0.4630, 0.1613
0.4630, 0.1613
0.4676, 0.1613
0.4676, 0.1613
0.4676, 0.1613
0.4676, 0.1613
0.4676, 0.1613
0.4676, 0.1613
0.4722, 0.1613
0.4722, 0.1613
0.4722, 0.1613
0.4722, 0.1613
0.4722, 0.1613
0.4722, 0.1613
0.4722, 0.1613
0.4722, 0.1613
0.4722, 0.1613
0.4769, 0.1613
0.4769, 0.1613
0.4769, 0.1613
0.4815, 0.1613
0.4815, 0.1613
0.4815, 0.1613
0.4815, 0.1613
0.4815, 0.1613
0.4815, 0.1613
0.4815, 0.1613
0.4815, 0.1613
0.4815, 0.1613
0.4861, 0.1613
0.4861, 0.1613
0.4861, 0.1613
0.4907, 0.1613
0.4907, 0.1613
0.4907, 0.1613
0.4907, 0.1613
0.4907, 0.1613
0.4907, 0.1613
0.4907, 0.1613
0.4907, 0.1613
0.4907, 0.1613
0.4907, 0.1613
0.4954, 0.1613
0.4954, 0.1613
0.4954, 0.1613
0.4954, 0.1613
0.4954, 0.1613
0.4954, 0.1613
0.4954, 0.1613
0.4954, 0.1613
0.4954, 0.1613
0.4954, 0.1613
0.4954, 0.1613
0.4954, 0.1613
0.4954, 0.1613
0.4954, 0.1613
0.4954, 0.1613
0.5000, 0.1613
0.5000, 0.1613
0.5000, 0.1613
0.5000, 0.1613
0.5000, 0.1613
0.5000, 0.1613
0.5046, 0.1613
0.5046, 0.1613
0.5046, 0.1613
0.5046, 0.1613
0.5046, 0.1613
0.5093, 0.1613
0.5093, 0.1613
0.5093, 0.1613
0.5139, 0.1613
0.5139, 0.1613
0.5139, 0.1613
0.5185, 0.1613
0.5185, 0.1613
0.5185, 0.1613
0.5185, 0.1613
0.5185, 0.1613
0.5185, 0.1613
0.5185, 0.1613
0.5185, 0.1613
0.5185, 0.1613
0.5185, 0.1613
0.5231, 0.1613
0.5231, 0.1613
0.5231, 0.1613
0.5231, 0.1613
0.5231, 0.1613
0.5231, 0.1613
0.5231, 0.1613
0.5231, 0.1613
0.5231, 0.1613
0.5278, 0.1613
0.5278, 0.1613
0.5278, 0.1613
0.5278, 0.1613
0.5278, 0.1613
0.5278, 0.1613
0.5278, 0.1613
0.5278, 0.1613
0.5278, 0.1613
0.5278, 0.1613
0.5278, 0.1613
0.5278, 0.1613
0.5324, 0.1613
0.5324, 0.1613
0.5324, 0.1613
0.5324, 0.1613
0.5324, 0.1613
0.5324, 0.1613
0.5370, 0.1613
0.5370, 0.1613
0.5370, 0.1613
0.5417, 0.1613
0.5417, 0.1613
0.5417, 0.1613
0.5417, 0.1613
0.5417, 0.1613
0.5417, 0.1613
0.5417, 0.1613
0.5417, 0.1613
0.5417, 0.1613
0.5417, 0.1613
0.5417, 0.1613
0.5417, 0.1613
0.5463, 0.1613
0.5463, 0.1613
0.5463, 0.1613
0.5509, 0.1613
0.5509, 0.1613
0.5509, 0.1613
0.5509, 0.1613
0.5509, 0.1613
0.5509, 0.1613
0.5509, 0.1613
0.5509, 0.1613
0.5509, 0.1613
0.5509, 0.1613
0.5509, 0.1613
0.5509, 0.1613
0.5556, 0.1613
0.5556, 0.1613
0.5556, 0.1613
0.5602, 0.1613
0.5602, 0.1613
0.5602, 0.1613
0.5602, 0.1613
0.5602, 0.1613
0.5602, 0.1613
0.5648, 0.1613
0.5648, 0.1613
0.5648, 0.1613
0.5648, 0.1613
0.5648, 0.1613
0.5648, 0.1613
0.5648, 0.1613
0.5648, 0.1613
0.5648, 0.1613
0.5648, 0.1613
0.5648, 0.1613
0.5648, 0.1613
0.5648, 0.1613
0.5648, 0.1613
0.5648, 0.1613
0.5694, 0.1613
0.5694, 0.1613
0.5694, 0.1640
0.5694, 0.1640
0.5694, 0.1640
0.5694, 0.1640
0.5694, 0.1640
0.5741, 0.1640
0.5741, 0.1640
0.5741, 0.1640
0.5741, 0.1640
0.5741, 0.1640
0.5741, 0.1640
0.5741, 0.1640
0.5741, 0.1640
0.5741, 0.1640
0.5741, 0.1640
0.5741, 0.1640
0.5741, 0.1640
0.5787, 0.1640
0.5787, 0.1640
0.5833, 0.1667
0.5833, 0.1667
0.5833, 0.1667
0.5833, 0.1667
0.5833, 0.1667
0.5833, 0.1667
0.5833, 0.1667
0.5880, 0.1667
0.5880, 0.1667
0.5880, 0.1667
0.5880, 0.1667
0.5880, 0.1667
0.5880, 0.1667
0.5880, 0.1667
0.5880, 0.1667
0.5880, 0.1667
0.5926, 0.1667
0.5926, 0.1667
0.5972, 0.1667
0.5972, 0.1667
0.5972, 0.1667
0.5972, 0.1667
0.5972, 0.1667
0.5972, 0.1667
0.5972, 0.1667
0.5972, 0.1667
0.5972, 0.1667
0.5972, 0.1667
0.5972, 0.1667
0.5972, 0.1667
0.6019, 0.1667
0.6019, 0.1667
0.6019, 0.1667
0.6019, 0.1667
0.6019, 0.1667
0.6019, 0.1667
0.6065, 0.1667
0.6065, 0.1667
0.6065, 0.1667
0.6065, 0.1667
0.6065, 0.1667
0.6065, 0.1667
0.6065, 0.1667
0.6065, 0.1667
0.6065, 0.1667
0.6111, 0.1694
0.6111, 0.1694
0.6111, 0.1694
0.6111, 0.1694
0.6111, 0.1694
0.6111, 0.1694
0.6157, 0.1694
0.6157, 0.1694
0.6157, 0.1694
0.6204, 0.1694
0.6204, 0.1694
0.6204, 0.1694
0.6204, 0.1694
0.6204, 0.1694
0.6204, 0.1694
0.6204, 0.1694
0.6204, 0.1694
0.6250, 0.1720
0.6250, 0.1720
0.6250, 0.1720
0.6250, 0.1720
0.6250, 0.1720
0.6250, 0.1720
0.6296, 0.1720
0.6296, 0.1720
0.6296, 0.1720
0.6296, 0.1720
0.6296, 0.1720
0.6296, 0.1720
0.6296, 0.1720
0.6296, 0.1720
0.6296, 0.1720
0.6343, 0.1720
0.6343, 0.1720
0.6343, 0.1720
0.6343, 0.1720
0.6343, 0.1720
0.6343, 0.1720
0.6389, 0.1720
0.6389, 0.1720
0.6435, 0.1747
0.6435, 0.1747
0.6435, 0.1747
0.6435, 0.1747
0.6435, 0.1747
0.6435, 0.1747
0.6435, 0.1747
0.6435, 0.1747
0.6435, 0.1747
0.6435, 0.1747
0.6435, 0.1747
0.6435, 0.1747
0.6481, 0.1747
0.6481, 0.1747
0.6481, 0.1747
0.6481, 0.1747
0.6481, 0.1747
0.6481, 0.1747
0.6528, 0.1747
0.6528, 0.1747
0.6528, 0.1747
0.6528, 0.1747
0.6528, 0.1747
0.6528, 0.1747
0.6528, 0.1747
0.6528, 0.1747
0.6528, 0.1747
0.6574, 0.1774
0.6574, 0.1774
0.6574, 0.1774
0.6574, 0.1774
0.6574, 0.1774
0.6574, 0.1774
0.6574, 0.1774
0.6574, 0.1774
0.6574, 0.1774
0.6620, 0.1774
0.6620, 0.1774
0.6620, 0.1774
0.6667, 0.1801
0.6667, 0.1801
0.6667, 0.1801
0.6667, 0.1801
0.6667, 0.1801
0.6667, 0.1801
0.6667, 0.1801
0.6667, 0.1801
0.6667, 0.1801
0.6713, 0.1801
0.6713, 0.1801
0.6759, 0.1801
0.6759, 0.1801
0.6759, 0.1801
0.6759, 0.1801
0.6759, 0.1801
0.6759, 0.1801
0.6759, 0.1801
0.6759, 0.1801
0.6759, 0.1801
0.6759, 0.1801
0.6759, 0.1801
0.6759, 0.1801
0.6759, 0.1801
0.6759, 0.1801
0.6759, 0.1801
0.6806, 0.1801
0.6806, 0.1801
0.6806, 0.1801
0.6806, 0.1801
0.6806, 0.1801
0.6806, 0.1801
0.6806, 0.1828
0.6806, 0.1828
0.6806, 0.1828
0.6852, 0.1828
0.6852, 0.1828
0.6852, 0.1828
0.6852, 0.1828
0.6852, 0.1828
0.6852, 0.1828
0.6898, 0.1828
0.6898, 0.1828
0.6898, 0.1828
0.6898, 0.1828
0.6898, 0.1828
0.6944, 0.1855
0.6944, 0.1855
0.6944, 0.1855
0.6991, 0.1855
0.6991, 0.1855
0.6991, 0.1855
0.6991, 0.1855
0.6991, 0.1855
0.6991, 0.1855
0.6991, 0.1855
0.6991, 0.1855
0.7037, 0.1882
0.7037, 0.1882
0.7037, 0.1882
0.7037, 0.1882
0.7037, 0.1882
0.7037, 0.1882
0.7083, 0.1882
0.7083, 0.1882
0.7083, 0.1882
0.7130, 0.1882
0.7130, 0.1882
0.7130, 0.1882
0.7130, 0.1882
0.7130, 0.1882
0.7130, 0.1882
0.7130, 0.1882
0.7130, 0.1882
0.7130, 0.1882
0.7130, 0.1882
0.7130, 0.1882
0.7130, 0.1882
0.7176, 0.1882
0.7176, 0.1882
0.7176, 0.1882
0.7176, 0.1882
0.7176, 0.1882
0.7222, 0.1882
0.7222, 0.1882
0.7222, 0.1882
0.7222, 0.1882
0.7222, 0.1882
0.7222, 0.1882
0.7269, 0.1882
0.7269, 0.1882
0.7269, 0.1882
0.7315, 0.1882
0.7315, 0.1882
0.7361, 0.1882
0.7361, 0.1882
0.7361, 0.1882
0.7361, 0.1882
0.7361, 0.1882
0.7361, 0.1882
0.7361, 0.1882
0.7361, 0.1882
0.7361, 0.1882
0.7407, 0.1909
0.7407, 0.1909
0.7407, 0.1909
0.7407, 0.1909
0.7407, 0.1909
0.7407, 0.1909
0.7407, 0.1909
0.7407, 0.1909
0.7407, 0.1909
0.7454, 0.1909
0.7454, 0.1909
0.7454, 0.1909
0.7454, 0.1909
0.7454, 0.1909
0.7454, 0.1909
0.7454, 0.1909
0.7454, 0.1909
0.7454, 0.1909
0.7454, 0.1909
0.7454, 0.1909
0.7500, 0.1909
0.7500, 0.1909
0.7500, 0.1909
0.7546, 0.1909
0.7546, 0.1909
0.7546, 0.1909
0.7546, 0.1909
0.7546, 0.1909
0.7546, 0.1909
0.7546, 0.1909
0.7546, 0.1909
0.7593, 0.1909
0.7593, 0.1909
0.7593, 0.1909
0.7639, 0.1909
0.7639, 0.1909
0.7685, 0.1909
0.7685, 0.1909
0.7685, 0.1909
0.7685, 0.1909
0.7685, 0.1909
0.7685, 0.1909
0.7685, 0.1909
0.7685, 0.1909
0.7685, 0.1909
0.7685, 0.1909
0.7685, 0.1909
0.7685, 0.1909
0.7685, 0.1909
0.7685, 0.1909
0.7685, 0.1909
0.7731, 0.1909
0.7731, 0.1909
0.7731, 0.1909
0.7731, 0.1909
0.7731, 0.1909
0.7731, 0.1909
0.7731, 0.1909
0.7731, 0.1909
0.7778, 0.1909
0.7778, 0.1909
0.7778, 0.1909
0.7778, 0.1909
0.7778, 0.1909
0.7778, 0.1909
0.7778, 0.1909
0.7778, 0.1909
0.7778, 0.1909
0.7824, 0.1909
0.7824, 0.1909
0.7824, 0.1909
0.7824, 0.1909
0.7824, 0.1909
0.7824, 0.1909
0.7870, 0.1909
0.7870, 0.1909
0.7917, 0.1909
0.7917, 0.1909
0.7917, 0.1909
0.7917, 0.1909
0.7917, 0.1909
0.7917, 0.1909
0.7917, 0.1909
0.7917, 0.1909
0.7917, 0.1909
0.7963, 0.1909
0.7963, 0.1909
0.7963, 0.1909
0.7963, 0.1909
0.7963, 0.1909
0.8009, 0.1909
0.8009, 0.1909
0.8009, 0.1909
0.8009, 0.1909
0.8009, 0.1909
0.8009, 0.1909
0.8102, 0.1909
0.8102, 0.1909
0.8102, 0.1909
0.8148, 0.1909
0.8148, 0.1909
0.8148, 0.1909
0.8148, 0.1909
0.8148, 0.1909
0.8194, 0.1909
0.8194, 0.1909
0.8194, 0.1909
0.8241, 0.1909
0.8241, 0.1909
0.8287, 0.1909
0.8287, 0.1909
0.8287, 0.1909
0.8333, 0.1909
0.8333, 0.1909
0.8333, 0.1909
0.8380, 0.1909
0.8380, 0.1909
0.8380, 0.1909
0.8380, 0.1909
0.8380, 0.1909
0.8426, 0.1909
0.8426, 0.1909
0.8426, 0.1909
0.8472, 0.1909
0.8472, 0.1909
0.8519, 0.1909
0.8519, 0.1909
0.8519, 0.1909
0.8519, 0.1909
0.8519, 0.1909
0.8519, 0.1909
0.8565, 0.1909
0.8565, 0.1909
0.8611, 0.1909
0.8611, 0.1909
0.8611, 0.1909
0.8611, 0.1909
0.8611, 0.1909
0.8611, 0.1909
0.8657, 0.1909
0.8657, 0.1909
0.8704, 0.1909
0.8704, 0.1909
0.8704, 0.1909
0.8704, 0.1909
0.8704, 0.1909
0.8704, 0.1909
0.8750, 0.1909
0.8750, 0.1909
0.8750, 0.1909
0.8750, 0.1909
0.8750, 0.1909
0.8750, 0.1909
0.8750, 0.1909
0.8750, 0.1909
0.8796, 0.1909
0.8796, 0.1909
0.8843, 0.1909
0.8843, 0.1909
0.8843, 0.1909
0.8843, 0.1909
0.8843, 0.1909
0.8843, 0.1909
0.8843, 0.1909
0.8843, 0.1909
0.8843, 0.1909
0.8889, 0.1909
0.8889, 0.1909
0.8935, 0.1909
0.8935, 0.1909
0.8935, 0.1909
0.8981, 0.1909
0.8981, 0.1909
0.8981, 0.1909
0.8981, 0.1909
0.8981, 0.1909
0.8981, 0.1909
0.9028, 0.1909
0.9028, 0.1909
0.9074, 0.1909
0.9074, 0.1909
0.9074, 0.1909
0.9074, 0.1909
0.9074, 0.1909
0.9074, 0.1909
0.9120, 0.1909
0.9120, 0.1909
0.9167, 0.1882
0.9167, 0.1882
0.9213, 0.1882
0.9213, 0.1882
0.9213, 0.1882
0.9213, 0.1882
0.9213, 0.1882
0.9213, 0.1882
0.9213, 0.1882
0.9213, 0.1882
0.9213, 0.1882
0.9259, 0.1882
0.9259, 0.1882
0.9306, 0.1855
0.9306, 0.1855
0.9306, 0.1855
0.9306, 0.1855
0.9306, 0.1855
0.9306, 0.1855
0.9352, 0.1855
0.9352, 0.1855
0.9352, 0.1855
0.9398, 0.1855
0.9398, 0.1855
0.9398, 0.1828
0.9398, 0.1828
0.9398, 0.1828
0.9444, 0.1828
0.9444, 0.1828
0.9444, 0.1828
0.9491, 0.1828
0.9491, 0.1828
0.9537, 0.1828
0.9537, 0.1828
0.9537, 0.1828
0.9537, 0.1828
0.9537, 0.1828
0.9583, 0.1828
0.9583, 0.1828
0.9583, 0.1828
0.9630, 0.1801
0.9630, 0.1801
0.9630, 0.1801
0.9630, 0.1801
0.9630, 0.1801
0.9676, 0.1801
0.9676, 0.1801
0.9676, 0.1801
0.9722, 0.1774
0.9722, 0.1774
0.9769, 0.1774
0.9769, 0.1774
0.9769, 0.1774
0.9815, 0.1774
0.9815, 0.1774
0.9815, 0.1774
0.9861, 0.1774
0.9861, 0.1774
0.9907, 0.1747
0.9907, 0.1747
0.9907, 0.1747
0.9907, 0.1747
0.9907, 0.1747
0.9954, 0.1747
0.9954, 0.1747
0.9954, 0.1747
0.9954, 0.1747
0.9954, 0.1747
0.9954, 0.1747
1.0000, 0.1747
1.0000, 0.1747
1.0000, 0.1747
1.0000, 0.1747
1.0000, 0.1747
1.0000, 0.1747
1.0000, 0.1747
1.0000, 0.1747
1.0000, 0.1747
1.0000, 0.1747
1.0000, 0.1747
1.0000, 0.1747
1.0000, 0.1747
1.0000, 0.1747
1.0000, 0.1747
1.0000, 0.1747
1.0000, 0.1747
1.0000, 0.1747
1.0000, 0.1747
1.0000, 0.1747
1.0000, 0.1747
1.0000, 0.1747
1.0000, 0.1747
1.0000, 0.1747
1.0000, 0.1747
1.0000, 0.1747
1.0000, 0.1747
1.0000, 0.1747
1.0000, 0.1747
1.0000, 0.1747
1.0000, 0.1747
1.0000, 0.1747
1.0000, 0.1747
1.0000, 0.1747
1.0000, 0.1747
1.0000, 0.1747
1.0000, 0.1747
1.0000, 0.1747
1.0000, 0.1747
1.0000, 0.1747
1.0000, 0.1747
1.0000, 0.1747
1.0000, 0.1747
1.0000, 0.1747
1.0000, 0.1747
1.0000, 0.1747
1.0000, 0.1747
1.0000, 0.1747
1.0000, 0.1747
1.0000, 0.1747
1.0000, 0.1747
1.0000, 0.1747
1.0000, 0.1747
1.0000, 0.1747
1.0000, 0.1747
1.0000, 0.1747
1.0000, 0.1747
1.0000, 0.1747
1.0000, 0.1747
0.0000, 1.0000
0.0000, 1.0000
0.0000, 1.0000
0.0000, 1.0000
0.0000, 1.0000
0.0000, 1.0000
0.0000, 1.0000
0.0000, 1.0000
0.0000, 1.0000
0.0000, 1.0000
0.0000, 1.0000
0.0000, 1.0000
0.0000, 1.0000
0.0000, 1.0000
0.0000, 1.0000
0.0000, 1.0000
0.0000, 1.0000
0.0000, 1.0000
0.0000, 1.0000
0.0000, 1.0000
0.0000, 1.0000
0.0000, 1.0000
0.0000, 1.0000
0.0000, 1.0000
0.0000, 1.0000
0.0000, 1.0000
0.0000, 1.0000
0.0000, 1.0000
0.0000, 1.0000
0.0000, 1.0000
0.0000, 1.0000
0.0000, 1.0000
0.0000, 1.0000
0.0000, 1.0000
0.0000, 1.0000
0.0000, 1.0000
0.0000, 1.0000
0.0000, 1.0000
0.0000, 1.0000
0.0000, 1.0000
0.0000, 1.0000
