0.1755, 0.1973
0.1755, 0.1973
0.1755, 0.1973
0.1755, 0.1973
0.1755, 0.1973
0.1755, 0.1973
0.1755, 0.1973
0.1755, 0.1973
0.1755, 0.1973
0.1755, 0.1973
0.1755, 0.1973
0.1755, 0.1973
0.1755, 0.1973
0.1755, 0.1973
0.1755, 0.1973
0.1755, 0.1973
0.1755, 0.1973
0.1755, 0.1973
0.1755, 0.1973
0.1755, 0.1973
0.1755, 0.1973
0.1755, 0.1973
0.1755, 0.1973
0.1755, 0.1973
0.1755, 0.1973
0.1755, 0.1973
0.1755, 0.1973
0.1755, 0.1973
0.1755, 0.1973
0.1755, 0.1973
0.1755, 0.1973
0.1755, 0.1973
0.1755, 0.1973
0.1755, 0.1973
0.1755, 0.1973
0.1755, 0.1973
0.1755, 0.1973
0.1755, 0.1973
0.1755, 0.1973
0.1755, 0.1973
0.1755, 0.1973
0.1755, 0.1973
0.1755, 0.1973
0.1755, 0.1973
0.1755, 0.1973
0.1755, 0.1973
0.1755, 0.1973
0.1755, 0.1973
0.1755, 0.1973
0.1755, 0.1973
0.1755, 0.1973
0.1755, 0.1973
0.1755, 0.1973
0.1755, 0.1973
0.1755, 0.1973
0.1755, 0.1973
0.1755, 0.1973
0.1755, 0.1973
0.1755, 0.1973
0.1755, 0.1973
0.1755, 0.1973
0.1755, 0.1973
0.1755, 0.1973
0.1755, 0.1973
0.1755, 0.1973
0.1755, 0.1973
0.1755, 0.1973
0.1755, 0.1973
0.1755, 0.1973
0.1755, 0.1973
0.1755, 0.1973
0.1755, 0.1973
0.1755, 0.1973
0.1755, 0.1973
0.1755, 0.1973
0.1755, 0.1973
0.1755, 0.1973
0.1755, 0.1973
0.1755, 0.1973
0.1755, 0.1973
0.1755, 0.1973
0.1755, 0.1973
0.1755, 0.1973
0.1755, 0.1973
0.1755, 0.1973
0.1755, 0.1973
0.1755, 0.1973
0.1755, 0.1973
0.1755, 0.1973
0.1755, 0.1973
0.1755, 0.1973
0.1755, 0.1973
0.1755, 0.1973
0.1755, 0.1973
0.1755, 0.1973
0.1755, 0.1973
0.1755, 0.1973
0.1755, 0.1973
0.1755, 0.1973
0.1755, 0.1973
0.1755, 0.1973
0.1755, 0.1973
0.1755, 0.1973
0.1755, 0.1973
0.1755, 0.1973
0.1755, 0.1973
0.1755, 0.1973
0.1755, 0.1973
0.1755, 0.1973
0.1755, 0.1973
0.1755, 0.1973
0.1755, 0.1973
0.1755, 0.1973
0.1755, 0.1973
0.1755, 0.1973
0.1755, 0.1973
0.1755, 0.1973
0.1755, 0.1973
0.1755, 0.1973
0.1755, 0.1973
0.1755, 0.1973
0.1755, 0.1973
0.1755, 0.1973
0.1755, 0.1973
0.1755, 0.1973
0.1755, 0.1973
0.1755, 0.1973
0.1755, 0.1973
0.1755, 0.1973
0.1755, 0.1973
0.1755, 0.1973
0.1809, 0.1973
0.1809, 0.1973
0.1809, 0.1973
0.1809, 0.1973
0.1809, 0.1946
0.1809, 0.1946
0.1809, 0.1946
0.1809, 0.1946
0.1809, 0.1946
0.1809, 0.1946
0.1809, 0.1946
0.1809, 0.1946
0.1809, 0.1946
0.1809, 0.1946
0.1809, 0.1946
0.1809, 0.1946
0.1809, 0.1946
0.1809, 0.1946
0.1809, 0.1946
0.1809, 0.1946
0.1809, 0.1946
0.1809, 0.1946
0.1862, 0.1919
0.1862, 0.1919
0.1862, 0.1919
0.1862, 0.1919
0.1862, 0.1919
0.1862, 0.1919
0.1862, 0.1919
0.1862, 0.1919
0.1862, 0.1919
0.1862, 0.1919
0.1862, 0.1919
0.1862, 0.1919
0.1862, 0.1919
0.1915, 0.1919
0.1915, 0.1919
0.1915, 0.1919
0.1915, 0.1919
0.1915, 0.1919
0.1915, 0.1919
0.1915, 0.1919
0.1915, 0.1919
0.1915, 0.1919
0.1915, 0.1919
0.1915, 0.1919
0.1915, 0.1919
0.1915, 0.1919
0.1915, 0.1919
0.1915, 0.1919
0.1915, 0.1919
0.1915, 0.1919
0.1915, 0.1919
0.1915, 0.1892
0.1915, 0.1892
0.1915, 0.1892
0.1915, 0.1892
0.1915, 0.1892
0.1915, 0.1892
0.1915, 0.1892
0.1915, 0.1892
0.1915, 0.1892
0.1915, 0.1892
0.1915, 0.1892
0.1915, 0.1892
0.1915, 0.1892
0.1968, 0.1892
0.1968, 0.1892
0.1968, 0.1892
0.1968, 0.1865
0.1968, 0.1865
0.1968, 0.1865
0.1968, 0.1865
0.1968, 0.1865
0.1968, 0.1865
0.1968, 0.1865
0.1968, 0.1865
0.1968, 0.1865
0.2021, 0.1865
0.2021, 0.1865
0.2021, 0.1865
0.2021, 0.1865
0.2021, 0.1865
0.2021, 0.1865
0.2021, 0.1865
0.2021, 0.1865
0.2021, 0.1865
0.2021, 0.1865
0.2021, 0.1865
0.2021, 0.1865
0.2021, 0.1865
0.2021, 0.1865
0.2021, 0.1865
0.2021, 0.1865
0.2021, 0.1865
0.2021, 0.1865
0.2021, 0.1865
0.2021, 0.1865
0.2021, 0.1865
0.2021, 0.1865
0.2021, 0.1865
0.2021, 0.1865
0.2021, 0.1865
0.2021, 0.1838
0.2021, 0.1838
0.2021, 0.1838
0.2021, 0.1838
0.2021, 0.1838
0.2021, 0.1838
0.2021, 0.1838
0.2021, 0.1838
0.2021, 0.1838
0.2074, 0.1838
0.2074, 0.1838
0.2074, 0.1838
0.2074, 0.1838
0.2074, 0.1838
0.2074, 0.1838
0.2074, 0.1838
0.2074, 0.1838
0.2074, 0.1811
0.2074, 0.1811
0.2074, 0.1811
0.2074, 0.1811
0.2128, 0.1811
0.2128, 0.1811
0.2128, 0.1811
0.2128, 0.1811
0.2128, 0.1811
0.2128, 0.1811
0.2128, 0.1811
0.2128, 0.1811
0.2128, 0.1811
0.2128, 0.1811
0.2181, 0.1811
0.2181, 0.1811
0.2181, 0.1811
0.2181, 0.1811
0.2181, 0.1811
0.2181, 0.1811
0.2181, 0.1811
0.2181, 0.1811
0.2181, 0.1811
0.2181, 0.1811
0.2181, 0.1811
0.2181, 0.1811
0.2181, 0.1811
0.2181, 0.1784
0.2181, 0.1784
0.2181, 0.1784
0.2181, 0.1784
0.2181, 0.1784
0.2181, 0.1784
0.2181, 0.1784
0.2181, 0.1784
0.2181, 0.1784
0.2234, 0.1784
0.2234, 0.1784
0.2234, 0.1784
0.2234, 0.1784
0.2234, 0.1784
0.2234, 0.1784
0.2234, 0.1784
0.2234, 0.1784
0.2234, 0.1784
0.2234, 0.1784
0.2234, 0.1784
0.2234, 0.1784
0.2234, 0.1784
0.2287, 0.1757
0.2287, 0.1757
0.2287, 0.1757
0.2287, 0.1757
0.2287, 0.1757
0.2287, 0.1757
0.2287, 0.1757
0.2287, 0.1757
0.2287, 0.1757
0.2287, 0.1757
0.2287, 0.1757
0.2287, 0.1757
0.2287, 0.1757
0.2287, 0.1757
0.2287, 0.1757
0.2287, 0.1757
0.2287, 0.1757
0.2287, 0.1757
0.2287, 0.1757
0.2287, 0.1757
0.2340, 0.1757
0.2340, 0.1757
0.2340, 0.1757
0.2340, 0.1757
0.2340, 0.1730
0.2340, 0.1730
0.2340, 0.1730
0.2340, 0.1730
0.2340, 0.1730
0.2340, 0.1730
0.2340, 0.1730
0.2340, 0.1730
0.2394, 0.1730
0.2394, 0.1730
0.2394, 0.1730
0.2394, 0.1730
0.2394, 0.1730
0.2394, 0.1730
0.2394, 0.1730
0.2394, 0.1730
0.2394, 0.1730
0.2394, 0.1730
0.2394, 0.1730
0.2447, 0.1730
0.2447, 0.1730
0.2447, 0.1730
0.2447, 0.1730
0.2447, 0.1730
0.2447, 0.1730
0.2447, 0.1730
0.2447, 0.1730
0.2447, 0.1730
0.2447, 0.1730
0.2447, 0.1730
0.2447, 0.1730
0.2447, 0.1730
0.2447, 0.1730
0.2447, 0.1730
0.2447, 0.1730
0.2500, 0.1730
0.2500, 0.1730
0.2500, 0.1730
0.2500, 0.1730
0.2500, 0.1730
0.2500, 0.1730
0.2500, 0.1730
0.2500, 0.1730
0.2500, 0.1730
0.2500, 0.1730
0.2500, 0.1730
0.2500, 0.1730
0.2553, 0.1730
0.2553, 0.1730
0.2553, 0.1730
0.2553, 0.1730
0.2553, 0.1730
0.2553, 0.1730
0.2553, 0.1730
0.2553, 0.1730
0.2553, 0.1730
0.2553, 0.1703
0.2553, 0.1703
0.2553, 0.1703
0.2553, 0.1703
0.2553, 0.1703
0.2553, 0.1703
0.2553, 0.1703
0.2553, 0.1703
0.2606, 0.1703
0.2606, 0.1703
0.2606, 0.1703
0.2606, 0.1703
0.2606, 0.1703
0.2606, 0.1703
0.2606, 0.1703
0.2606, 0.1703
0.2606, 0.1703
0.2606, 0.1703
0.2606, 0.1703
0.2606, 0.1703
0.2660, 0.1703
0.2660, 0.1703
0.2660, 0.1703
0.2660, 0.1703
0.2660, 0.1703
0.2660, 0.1703
0.2660, 0.1703
0.2713, 0.1703
0.2713, 0.1703
0.2713, 0.1703
0.2713, 0.1703
0.2713, 0.1703
0.2713, 0.1703
0.2713, 0.1703
0.2713, 0.1703
0.2713, 0.1676
0.2713, 0.1676
0.2713, 0.1676
0.2713, 0.1676
0.2713, 0.1676
0.2713, 0.1676
0.2713, 0.1676
0.2713, 0.1676
0.2713, 0.1676
0.2713, 0.1676
0.2713, 0.1676
0.2713, 0.1676
0.2713, 0.1676
0.2713, 0.1676
0.2713, 0.1676
0.2713, 0.1676
0.2713, 0.1676
0.2713, 0.1676
0.2713, 0.1676
0.2713, 0.1676
0.2713, 0.1676
0.2766, 0.1676
0.2766, 0.1676
0.2766, 0.1676
0.2766, 0.1676
0.2766, 0.1676
0.2766, 0.1676
0.2766, 0.1676
0.2766, 0.1676
0.2819, 0.1676
0.2819, 0.1676
0.2819, 0.1676
0.2819, 0.1676
0.2819, 0.1676
0.2819, 0.1676
0.2819, 0.1676
0.2819, 0.1676
0.2819, 0.1676
0.2819, 0.1676
0.2819, 0.1676
0.2819, 0.1676
0.2819, 0.1676
0.2819, 0.1676
0.2819, 0.1676
0.2872, 0.1676
0.2872, 0.1676
0.2872, 0.1676
0.2872, 0.1676
0.2926, 0.1676
0.2926, 0.1676
0.2926, 0.1676
0.2926, 0.1676
0.2926, 0.1676
0.2926, 0.1676
0.2926, 0.1676
0.2926, 0.1676
0.2926, 0.1676
0.2926, 0.1676
0.2926, 0.1676
0.2926, 0.1676
0.2926, 0.1676
0.2926, 0.1676
0.2926, 0.1676
0.2926, 0.1676
0.2926, 0.1676
0.2926, 0.1676
0.2926, 0.1676
0.2926, 0.1676
0.2979, 0.1676
0.2979, 0.1676
0.2979, 0.1676
0.2979, 0.1676
0.2979, 0.1676
0.2979, 0.1676
0.2979, 0.1676
0.2979, 0.1676
0.3032, 0.1676
0.3032, 0.1676
0.3032, 0.1676
0.3032, 0.1676
0.3032, 0.1676
0.3032, 0.1676
0.3032, 0.1676
0.3032, 0.1676
0.3085, 0.1649
0.3085, 0.1649
0.3085, 0.1649
0.3085, 0.1649
0.3085, 0.1649
0.3085, 0.1649
0.3085, 0.1649
0.3085, 0.1649
0.3085, 0.1649
0.3085, 0.1649
0.3085, 0.1649
0.3085, 0.1649
0.3085, 0.1649
0.3085, 0.1649
0.3085, 0.1649
0.3085, 0.1649
0.3085, 0.1649
0.3085, 0.1649
0.3138, 0.1649
0.3138, 0.1649
0.3138, 0.1649
0.3138, 0.1649
0.3191, 0.1649
0.3191, 0.1649
0.3191, 0.1649
0.3191, 0.1649
0.3191, 0.1649
0.3191, 0.1649
0.3191, 0.1649
0.3191, 0.1649
0.3191, 0.1649
0.3191, 0.1649
0.3245, 0.1622
0.3245, 0.1622
0.3245, 0.1622
0.3245, 0.1622
0.3245, 0.1622
0.3245, 0.1622
0.3245, 0.1622
0.3245, 0.1622
0.3298, 0.1622
0.3298, 0.1622
0.3298, 0.1622
0.3298, 0.1622
0.3298, 0.1622
0.3298, 0.1622
0.3298, 0.1622
0.3298, 0.1622
0.3351, 0.1622
0.3351, 0.1622
0.3351, 0.1622
0.3351, 0.1622
0.3351, 0.1622
0.3351, 0.1622
0.3351, 0.1622
0.3351, 0.1622
0.3351, 0.1622
0.3351, 0.1622
0.3351, 0.1622
0.3404, 0.1622
0.3404, 0.1622
0.3404, 0.1622
0.3457, 0.1595
0.3457, 0.1595
0.3457, 0.1595
0.3457, 0.1595
0.3457, 0.1595
0.3457, 0.1595
0.3457, 0.1595
0.3457, 0.1595
0.3457, 0.1595
0.3457, 0.1595
0.3457, 0.1595
0.3457, 0.1595
0.3511, 0.1595
0.3511, 0.1595
0.3511, 0.1595
0.3511, 0.1595
0.3511, 0.1595
0.3511, 0.1595
0.3511, 0.1595
0.3564, 0.1595
0.3564, 0.1595
0.3564, 0.1595
0.3564, 0.1595
0.3564, 0.1595
0.3564, 0.1595
0.3564, 0.1595
0.3564, 0.1595
0.3564, 0.1595
0.3564, 0.1595
0.3564, 0.1595
0.3617, 0.1595
0.3617, 0.1595
0.3617, 0.1595
0.3617, 0.1595
0.3617, 0.1595
0.3617, 0.1595
0.3617, 0.1595
0.3617, 0.1595
0.3617, 0.1595
0.3617, 0.1595
0.3617, 0.1595
0.3617, 0.1595
0.3617, 0.1595
0.3617, 0.1595
0.3617, 0.1595
0.3617, 0.1595
0.3617, 0.1595
0.3617, 0.1595
0.3617, 0.1595
0.3617, 0.1595
0.3670, 0.1595
0.3670, 0.1595
0.3670, 0.1595
0.3670, 0.1595
0.3670, 0.1595
0.3670, 0.1595
0.3670, 0.1595
0.3723, 0.1595
0.3723, 0.1595
0.3723, 0.1595
0.3723, 0.1595
0.3723, 0.1595
0.3723, 0.1595
0.3723, 0.1595
0.3723, 0.1595
0.3723, 0.1595
0.3723, 0.1595
0.3723, 0.1595
0.3723, 0.1595
0.3723, 0.1595
0.3723, 0.1595
0.3723, 0.1595
0.3723, 0.1595
0.3777, 0.1595
0.3777, 0.1595
0.3777, 0.1595
0.3777, 0.1595
0.3777, 0.1595
0.3777, 0.1595
0.3777, 0.1595
0.3777, 0.1595
0.3777, 0.1595
0.3777, 0.1595
0.3777, 0.1595
0.3830, 0.1595
0.3830, 0.1595
0.3830, 0.1595
0.3830, 0.1595
0.3830, 0.1595
0.3830, 0.1595
0.3830, 0.1595
0.3830, 0.1595
0.3883, 0.1595
0.3883, 0.1595
0.3883, 0.1595
0.3883, 0.1595
0.3883, 0.1595
0.3883, 0.1595
0.3883, 0.1595
0.3883, 0.1595
0.3883, 0.1595
0.3883, 0.1595
0.3883, 0.1595
0.3883, 0.1595
0.3883, 0.1595
0.3883, 0.1595
0.3883, 0.1595
0.3883, 0.1595
0.3883, 0.1595
0.3883, 0.1595
0.3883, 0.1595
0.3936, 0.1595
0.3936, 0.1595
0.3936, 0.1595
0.3936, 0.1595
0.3936, 0.1595
0.3936, 0.1595
0.3936, 0.1595
0.3936, 0.1595
0.3936, 0.1595
0.3936, 0.1595
0.3936, 0.1595
0.3989, 0.1595
0.3989, 0.1595
0.3989, 0.1595
0.3989, 0.1595
0.3989, 0.1595
0.3989, 0.1595
0.3989, 0.1595
0.3989, 0.1595
0.3989, 0.1595
0.3989, 0.1595
0.3989, 0.1595
0.3989, 0.1595
0.4043, 0.1595
0.4043, 0.1595
0.4043, 0.1595
0.4043, 0.1595
0.4043, 0.1595
0.4043, 0.1595
0.4043, 0.1595
0.4096, 0.1595
0.4096, 0.1595
0.4096, 0.1595
0.4096, 0.1595
0.4096, 0.1595
0.4096, 0.1595
0.4096, 0.1595
0.4096, 0.1595
0.4149, 0.1595
0.4149, 0.1595
0.4149, 0.1595
0.4149, 0.1595
0.4149, 0.1595
0.4149, 0.1595
0.4149, 0.1595
0.4149, 0.1595
0.4149, 0.1595
0.4149, 0.1595
0.4149, 0.1595
0.4149, 0.1595
0.4149, 0.1595
0.4149, 0.1595
0.4202, 0.1595
0.4202, 0.1595
0.4202, 0.1595
0.4202, 0.1595
0.4202, 0.1595
0.4202, 0.1595
0.4202, 0.1595
0.4255, 0.1595
0.4255, 0.1595
0.4255, 0.1595
0.4255, 0.1595
0.4255, 0.1595
0.4255, 0.1595
0.4255, 0.1595
0.4255, 0.1595
0.4255, 0.1595
0.4255, 0.1595
0.4255, 0.1595
0.4255, 0.1595
0.4255, 0.1595
0.4255, 0.1595
0.4255, 0.1595
0.4309, 0.1595
0.4309, 0.1595
0.4309, 0.1595
0.4362, 0.1595
0.4362, 0.1595
0.4362, 0.1595
0.4362, 0.1595
0.4362, 0.1595
0.4362, 0.1595
0.4362, 0.1595
0.4415, 0.1595
0.4415, 0.1595
0.4415, 0.1595
0.4415, 0.1595
0.4415, 0.1595
0.4415, 0.1595
0.4415, 0.1595
0.4415, 0.1595
0.4415, 0.1595
0.4415, 0.1595
0.4415, 0.1595
0.4415, 0.1595
0.4415, 0.1595
0.4415, 0.1595
0.4415, 0.1595
0.4415, 0.1595
0.4415, 0.1595
0.4415, 0.1595
0.4415, 0.1595
0.4468, 0.1595
0.4468, 0.1595
0.4468, 0.1595
0.4468, 0.1595
0.4468, 0.1595
0.4468, 0.1595
0.4468, 0.1595
0.4468, 0.1595
0.4468, 0.1595
0.4468, 0.1595
0.4468, 0.1595
0.4468, 0.1595
0.4521, 0.1595
0.4521, 0.1595
0.4521, 0.1595
0.4521, 0.1595
0.4521, 0.1595
0.4521, 0.1595
0.4521, 0.1595
0.4521, 0.1595
0.4521, 0.1595
0.4521, 0.1595
0.4521, 0.1595
0.4521, 0.1595
0.4521, 0.1595
0.4521, 0.1595
0.4574, 0.1595
0.4574, 0.1595
0.4574, 0.1595
0.4574, 0.1595
0.4574, 0.1595
0.4574, 0.1595
0.4574, 0.1595
0.4628, 0.1595
0.4628, 0.1595
0.4628, 0.1595
0.4628, 0.1595
0.4628, 0.1595
0.4628, 0.1595
0.4628, 0.1595
0.4628, 0.1595
0.4628, 0.1595
0.4628, 0.1595
0.4628, 0.1595
0.4628, 0.1595
0.4628, 0.1595
0.4628, 0.1595
0.4628, 0.1595
0.4681, 0.1595
0.4681, 0.1595
0.4681, 0.1595
0.4681, 0.1595
0.4681, 0.1595
0.4681, 0.1595
0.4681, 0.1595
0.4734, 0.1595
0.4734, 0.1595
0.4734, 0.1595
0.4734, 0.1595
0.4734, 0.1595
0.4734, 0.1595
0.4734, 0.1595
0.4734, 0.1595
0.4734, 0.1595
0.4734, 0.1595
0.4734, 0.1595
0.4787, 0.1595
0.4787, 0.1595
0.4787, 0.1595
0.4787, 0.1595
0.4787, 0.1595
0.4787, 0.1595
0.4787, 0.1595
0.4787, 0.1622
0.4787, 0.1622
0.4787, 0.1622
0.4787, 0.1622
0.4787, 0.1622
0.4787, 0.1622
0.4787, 0.1622
0.4787, 0.1622
0.4787, 0.1622
0.4787, 0.1622
0.4787, 0.1622
0.4840, 0.1622
0.4840, 0.1622
0.4840, 0.1622
0.4840, 0.1622
0.4840, 0.1622
0.4840, 0.1622
0.4840, 0.1622
0.4894, 0.1622
0.4894, 0.1622
0.4894, 0.1622
0.4894, 0.1622
0.4894, 0.1622
0.4894, 0.1622
0.4894, 0.1622
0.4894, 0.1649
0.4894, 0.1649
0.4894, 0.1649
0.4894, 0.1649
0.4894, 0.1649
0.4894, 0.1649
0.4894, 0.1649
0.4947, 0.1649
0.4947, 0.1649
0.4947, 0.1649
0.4947, 0.1649
0.4947, 0.1649
0.4947, 0.1649
0.4947, 0.1649
0.4947, 0.1649
0.5000, 0.1649
0.5000, 0.1649
0.5000, 0.1649
0.5000, 0.1649
0.5000, 0.1649
0.5000, 0.1649
0.5000, 0.1649
0.5000, 0.1649
0.5000, 0.1649
0.5000, 0.1649
0.5053, 0.1649
0.5053, 0.1649
0.5053, 0.1649
0.5053, 0.1649
0.5053, 0.1649
0.5053, 0.1649
0.5053, 0.1649
0.5053, 0.1649
0.5053, 0.1649
0.5053, 0.1649
0.5053, 0.1649
0.5053, 0.1649
0.5053, 0.1649
0.5053, 0.1649
0.5053, 0.1649
0.5106, 0.1649
0.5106, 0.1649
0.5106, 0.1649
0.5160, 0.1649
0.5160, 0.1649
0.5160, 0.1649
0.5160, 0.1649
0.5160, 0.1649
0.5160, 0.1649
0.5160, 0.1649
0.5160, 0.1676
0.5160, 0.1676
0.5160, 0.1676
0.5213, 0.1676
0.5213, 0.1676
0.5213, 0.1676
0.5213, 0.1676
0.5213, 0.1676
0.5213, 0.1676
0.5213, 0.1676
0.5266, 0.1676
0.5266, 0.1676
0.5266, 0.1676
0.5319, 0.1676
0.5319, 0.1676
0.5319, 0.1676
0.5319, 0.1676
0.5319, 0.1676
0.5319, 0.1676
0.5319, 0.1676
0.5319, 0.1676
0.5319, 0.1676
0.5319, 0.1676
0.5319, 0.1676
0.5372, 0.1703
0.5372, 0.1703
0.5372, 0.1703
0.5372, 0.1703
0.5372, 0.1703
0.5372, 0.1703
0.5372, 0.1703
0.5426, 0.1703
0.5426, 0.1703
0.5426, 0.1703
0.5426, 0.1703
0.5426, 0.1703
0.5426, 0.1703
0.5426, 0.1703
0.5426, 0.1703
0.5426, 0.1703
0.5426, 0.1703
0.5426, 0.1703
0.5426, 0.1703
0.5426, 0.1703
0.5426, 0.1703
0.5426, 0.1703
0.5426, 0.1703
0.5426, 0.1703
0.5426, 0.1703
0.5479, 0.1703
0.5479, 0.1703
0.5479, 0.1703
0.5479, 0.1703
0.5479, 0.1703
0.5479, 0.1703
0.5479, 0.1703
0.5479, 0.1703
0.5479, 0.1703
0.5532, 0.1703
0.5532, 0.1703
0.5532, 0.1703
0.5532, 0.1703
0.5532, 0.1703
0.5532, 0.1703
0.5532, 0.1703
0.5532, 0.1703
0.5532, 0.1703
0.5532, 0.1703
0.5532, 0.1703
0.5585, 0.1703
0.5585, 0.1703
0.5585, 0.1703
0.5585, 0.1703
0.5585, 0.1703
0.5585, 0.1703
0.5585, 0.1703
0.5585, 0.1703
0.5585, 0.1703
0.5585, 0.1703
0.5585, 0.1703
0.5585, 0.1703
0.5585, 0.1703
0.5638, 0.1730
0.5638, 0.1730
0.5638, 0.1730
0.5638, 0.1730
0.5638, 0.1730
0.5638, 0.1730
0.5638, 0.1730
0.5691, 0.1730
0.5691, 0.1730
0.5691, 0.1730
0.5691, 0.1730
0.5691, 0.1730
0.5691, 0.1730
0.5691, 0.1730
0.5691, 0.1730
0.5691, 0.1730
0.5691, 0.1730
0.5691, 0.1730
0.5691, 0.1730
0.5691, 0.1730
0.5691, 0.1730
0.5691, 0.1757
0.5691, 0.1757
0.5691, 0.1757
0.5691, 0.1757
0.5691, 0.1757
0.5691, 0.1757
0.5691, 0.1757
0.5745, 0.1757
0.5745, 0.1757
0.5745, 0.1757
0.5745, 0.1757
0.5745, 0.1757
0.5745, 0.1757
0.5745, 0.1757
0.5745, 0.1757
0.5745, 0.1757
0.5745, 0.1757
0.5798, 0.1757
0.5798, 0.1757
0.5798, 0.1757
0.5851, 0.1784
0.5851, 0.1784
0.5851, 0.1784
0.5851, 0.1784
0.5851, 0.1784
0.5851, 0.1784
0.5851, 0.1784
0.5851, 0.1784
0.5851, 0.1784
0.5851, 0.1784
0.5904, 0.1784
0.5904, 0.1784
0.5904, 0.1784
0.5904, 0.1784
0.5904, 0.1784
0.5904, 0.1784
0.5904, 0.1784
0.5904, 0.1784
0.5904, 0.1784
0.5904, 0.1784
0.5957, 0.1784
0.5957, 0.1784
0.5957, 0.1784
0.5957, 0.1784
0.5957, 0.1784
0.5957, 0.1784
0.5957, 0.1784
0.5957, 0.1784
0.5957, 0.1784
0.5957, 0.1784
0.5957, 0.1811
0.5957, 0.1811
0.5957, 0.1811
0.5957, 0.1811
0.5957, 0.1811
0.5957, 0.1811
0.5957, 0.1811
0.5957, 0.1811
0.5957, 0.1811
0.5957, 0.1811
0.5957, 0.1811
0.6011, 0.1811
0.6011, 0.1811
0.6011, 0.1811
0.6011, 0.1811
0.6011, 0.1811
0.6011, 0.1811
0.6011, 0.1811
0.6064, 0.1811
0.6064, 0.1811
0.6064, 0.1811
0.6117, 0.1838
0.6117, 0.1838
0.6117, 0.1838
0.6117, 0.1838
0.6117, 0.1838
0.6117, 0.1838
0.6117, 0.1838
0.6117, 0.1838
0.6117, 0.1838
0.6117, 0.1838
0.6117, 0.1838
0.6117, 0.1838
0.6117, 0.1838
0.6170, 0.1838
0.6170, 0.1838
0.6170, 0.1838
0.6170, 0.1838
0.6170, 0.1838
0.6170, 0.1838
0.6170, 0.1838
0.6170, 0.1838
0.6170, 0.1838
0.6170, 0.1838
0.6170, 0.1838
0.6223, 0.1838
0.6223, 0.1838
0.6223, 0.1838
0.6223, 0.1838
0.6223, 0.1838
0.6223, 0.1838
0.6223, 0.1838
0.6223, 0.1838
0.6223, 0.1838
0.6223, 0.1838
0.6223, 0.1838
0.6223, 0.1838
0.6223, 0.1838
0.6223, 0.1838
0.6223, 0.1838
0.6223, 0.1838
0.6223, 0.1838
0.6223, 0.1865
0.6223, 0.1865
0.6223, 0.1865
0.6277, 0.1865
0.6277, 0.1865
0.6277, 0.1865
0.6277, 0.1865
0.6277, 0.1865
0.6277, 0.1865
0.6277, 0.1865
0.6330, 0.1865
0.6330, 0.1865
0.6330, 0.1865
0.6330, 0.1865
0.6330, 0.1865
0.6330, 0.1865
0.6330, 0.1892
0.6330, 0.1892
0.6330, 0.1892
0.6330, 0.1892
0.6330, 0.1892
0.6330, 0.1892
0.6330, 0.1892
0.6383, 0.1892
0.6383, 0.1892
0.6383, 0.1892
0.6383, 0.1892
0.6383, 0.1892
0.6383, 0.1892
0.6436, 0.1892
0.6436, 0.1892
0.6436, 0.1892
0.6436, 0.1892
0.6436, 0.1892
0.6436, 0.1892
0.6436, 0.1892
0.6489, 0.1892
0.6489, 0.1892
0.6489, 0.1892
0.6489, 0.1892
0.6489, 0.1892
0.6489, 0.1892
0.6489, 0.1892
0.6489, 0.1892
0.6489, 0.1892
0.6489, 0.1892
0.6489, 0.1892
0.6489, 0.1892
0.6489, 0.1892
0.6543, 0.1892
0.6543, 0.1892
0.6543, 0.1892
0.6543, 0.1892
0.6543, 0.1892
0.6543, 0.1892
0.6543, 0.1892
0.6596, 0.1892
0.6596, 0.1892
0.6596, 0.1892
0.6596, 0.1892
0.6596, 0.1892
0.6596, 0.1892
0.6596, 0.1892
0.6596, 0.1892
0.6596, 0.1892
0.6596, 0.1892
0.6596, 0.1892
0.6596, 0.1892
0.6596, 0.1892
0.6596, 0.1892
0.6596, 0.1919
0.6596, 0.1919
0.6596, 0.1919
0.6649, 0.1919
0.6649, 0.1919
0.6649, 0.1919
0.6649, 0.1919
0.6649, 0.1919
0.6649, 0.1919
0.6649, 0.1919
0.6702, 0.1919
0.6702, 0.1919
0.6702, 0.1919
0.6755, 0.1919
0.6755, 0.1919
0.6755, 0.1919
0.6755, 0.1919
0.6755, 0.1919
0.6755, 0.1919
0.6755, 0.1919
0.6755, 0.1919
0.6755, 0.1919
0.6755, 0.1919
0.6755, 0.1919
0.6755, 0.1919
0.6755, 0.1919
0.6755, 0.1919
0.6809, 0.1919
0.6809, 0.1919
0.6809, 0.1946
0.6809, 0.1946
0.6809, 0.1946
0.6862, 0.1946
0.6862, 0.1946
0.6862, 0.1946
0.6862, 0.1946
0.6862, 0.1946
0.6862, 0.1946
0.6862, 0.1946
0.6862, 0.1946
0.6862, 0.1946
0.6862, 0.1946
0.6862, 0.1946
0.6862, 0.1946
0.6862, 0.1946
0.6915, 0.1946
0.6915, 0.1946
0.6915, 0.1946
0.6915, 0.1946
0.6915, 0.1946
0.6915, 0.1946
0.6915, 0.1946
0.6968, 0.1946
0.6968, 0.1946
0.6968, 0.1946
0.7021, 0.1946
0.7021, 0.1946
0.7021, 0.1946
0.7021, 0.1946
0.7021, 0.1946
0.7021, 0.1946
0.7021, 0.1946
0.7021, 0.1946
0.7021, 0.1946
0.7074, 0.1946
0.7074, 0.1946
0.7074, 0.1946
0.7128, 0.1946
0.7128, 0.1946
0.7128, 0.1946
0.7128, 0.1946
0.7128, 0.1973
0.7128, 0.1973
0.7128, 0.1973
0.7128, 0.1973
0.7128, 0.1973
0.7128, 0.1973
0.7181, 0.1973
0.7181, 0.1973
0.7181, 0.1973
0.7181, 0.1973
0.7181, 0.1973
0.7181, 0.1973
0.7181, 0.1973
0.7181, 0.1973
0.7181, 0.1973
0.7181, 0.1973
0.7181, 0.1973
0.7181, 0.1973
0.7181, 0.1973
0.7181, 0.1973
0.7234, 0.1973
0.7234, 0.1973
0.7234, 0.1973
0.7234, 0.1973
0.7234, 0.1973
0.7234, 0.1973
0.7287, 0.1973
0.7287, 0.1973
0.7287, 0.1973
0.7287, 0.1973
0.7287, 0.1973
0.7287, 0.1973
0.7287, 0.1973
0.7287, 0.1973
0.7287, 0.1973
0.7287, 0.1973
0.7287, 0.1973
0.7287, 0.1973
0.7287, 0.1973
0.7287, 0.1973
0.7340, 0.1973
0.7340, 0.1973
0.7340, 0.1973
0.7340, 0.1973
0.7340, 0.1973
0.7340, 0.1973
0.7340, 0.1973
0.7340, 0.1973
0.7340, 0.1973
0.7340, 0.1973
0.7394, 0.1973
0.7394, 0.1973
0.7394, 0.1973
0.7394, 0.1973
0.7394, 0.1973
0.7394, 0.1973
0.7394, 0.1973
0.7394, 0.1973
0.7394, 0.1973
0.7394, 0.1973
0.7394, 0.1973
0.7394, 0.1973
0.7394, 0.1973
0.7447, 0.1973
0.7447, 0.1973
0.7447, 0.1973
0.7447, 0.1973
0.7447, 0.1973
0.7447, 0.1973
0.7500, 0.1973
0.7500, 0.1973
0.7500, 0.1973
0.7500, 0.1973
0.7500, 0.1973
0.7500, 0.1973
0.7553, 0.1973
0.7553, 0.1973
0.7553, 0.1973
0.7553, 0.1973
0.7553, 0.1973
0.7553, 0.1973
0.7553, 0.1973
0.7553, 0.1973
0.7553, 0.1973
0.7553, 0.1973
0.7553, 0.1973
0.7553, 0.1973
0.7553, 0.1973
0.7553, 0.1973
0.7553, 0.1973
0.7553, 0.1973
0.7606, 0.1973
0.7606, 0.1973
0.7606, 0.1973
0.7606, 0.1973
0.7606, 0.1973
0.7606, 0.1973
0.7606, 0.1973
0.7660, 0.1973
0.7660, 0.1973
0.7660, 0.1973
0.7660, 0.1973
0.7660, 0.1973
0.7660, 0.1973
0.7660, 0.1973
0.7660, 0.1973
0.7660, 0.1973
0.7660, 0.1973
0.7660, 0.1973
0.7660, 0.1973
0.7660, 0.1973
0.7713, 0.1973
0.7713, 0.1973
0.7713, 0.1973
0.7713, 0.1973
0.7713, 0.1973
0.7713, 0.1973
0.7766, 0.1973
0.7766, 0.1973
0.7766, 0.1973
0.7766, 0.1973
0.7766, 0.1973
0.7766, 0.1973
0.7766, 0.1973
0.7819, 0.1973
0.7819, 0.1973
0.7819, 0.1973
0.7819, 0.1973
0.7819, 0.1973
0.7819, 0.1973
0.7819, 0.1973
0.7819, 0.1973
0.7819, 0.1973
0.7819, 0.1973
0.7819, 0.1973
0.7819, 0.1973
0.7819, 0.1973
0.7819, 0.1973
0.7819, 0.1973
0.7819, 0.1973
0.7819, 0.1973
0.7819, 0.1973
0.7819, 0.1973
0.7872, 0.1973
0.7872, 0.1973
0.7872, 0.1973
0.7872, 0.1973
0.7872, 0.1973
0.7872, 0.1973
0.7872, 0.1973
0.7926, 0.1973
0.7926, 0.1973
0.7926, 0.1973
0.7926, 0.1973
0.7926, 0.1973
0.7926, 0.1973
0.7926, 0.1973
0.7926, 0.1973
0.7926, 0.1973
0.7926, 0.1973
0.7926, 0.1973
0.7926, 0.1973
0.7926, 0.1973
0.7926, 0.1973
0.7926, 0.1973
0.7926, 0.1973
0.7926, 0.1973
0.7926, 0.1973
0.7926, 0.1973
0.7926, 0.1973
0.7926, 0.1973
0.7926, 0.1973
0.7926, 0.1973
0.7926, 0.1973
0.7926, 0.1973
0.7926, 0.1973
0.7926, 0.1973
0.7926, 0.1973
0.7926, 0.1973
0.7926, 0.1973
0.7926, 0.1973
0.7926, 0.1973
0.7926, 0.1973
0.7926, 0.1973
0.7926, 0.1973
0.7926, 0.1973
0.7926, 0.1973
0.7979, 0.1973
0.7979, 0.1973
0.7979, 0.1973
0.7979, 0.1973
0.7979, 0.1973
0.7979, 0.1973
0.8032, 0.1973
0.8032, 0.1973
0.8032, 0.1973
0.8032, 0.1973
0.8032, 0.1973
0.8032, 0.1973
0.8032, 0.1973
0.8032, 0.1973
0.8032, 0.1973
0.8032, 0.1973
0.8032, 0.1973
0.8032, 0.1973
0.8085, 0.1973
0.8085, 0.1973
0.8085, 0.1973
0.8085, 0.1973
0.8085, 0.1973
0.8085, 0.1973
0.8138, 0.1973
0.8138, 0.1973
0.8138, 0.1973
0.8138, 0.1973
0.8138, 0.1973
0.8138, 0.1973
0.8138, 0.1973
0.8191, 0.1973
0.8191, 0.1973
0.8191, 0.1973
0.8191, 0.1973
0.8191, 0.1973
0.8191, 0.1973
0.8191, 0.1973
0.8191, 0.1973
0.8191, 0.1973
0.8191, 0.1973
0.8191, 0.1973
0.8191, 0.1973
0.8191, 0.1973
0.8191, 0.1973
0.8191, 0.1973
0.8191, 0.1973
0.8191, 0.1973
0.8191, 0.1973
0.8191, 0.1973
0.8245, 0.1973
0.8245, 0.1973
0.8245, 0.1973
0.8245, 0.1973
0.8245, 0.1973
0.8245, 0.1973
0.8245, 0.1973
0.8298, 0.1973
0.8298, 0.1973
0.8298, 0.1973
0.8298, 0.1973
0.8298, 0.1973
0.8298, 0.1973
0.8298, 0.1973
0.8298, 0.1973
0.8298, 0.1973
0.8351, 0.1973
0.8351, 0.1973
0.8351, 0.1973
0.8351, 0.1973
0.8351, 0.1973
0.8351, 0.1973
0.8351, 0.1973
0.8404, 0.1973
0.8404, 0.1973
0.8404, 0.1973
0.8404, 0.1973
0.8404, 0.1973
0.8404, 0.1973
0.8457, 0.1973
0.8457, 0.1973
0.8457, 0.1973
0.8457, 0.1973
0.8457, 0.1973
0.8457, 0.1973
0.8457, 0.1973
0.8457, 0.1973
0.8457, 0.1973
0.8457, 0.1973
0.8457, 0.1973
0.8457, 0.1973
0.8457, 0.1973
0.8457, 0.1973
0.8457, 0.1973
0.8457, 0.1973
0.8511, 0.1973
0.8511, 0.1973
0.8511, 0.1973
0.8511, 0.1973
0.8511, 0.1973
0.8564, 0.1973
0.8564, 0.1973
0.8564, 0.1973
0.8564, 0.1973
0.8564, 0.1973
0.8564, 0.1973
0.8564, 0.1973
0.8564, 0.1973
0.8564, 0.1973
0.8564, 0.1973
0.8617, 0.1973
0.8617, 0.1973
0.8617, 0.1973
0.8670, 0.1973
0.8670, 0.1973
0.8670, 0.1973
0.8670, 0.1973
0.8670, 0.1973
0.8670, 0.1973
0.8723, 0.1973
0.8723, 0.1973
0.8723, 0.1973
0.8723, 0.1973
0.8723, 0.1973
0.8723, 0.1973
0.8723, 0.1973
0.8723, 0.1973
0.8723, 0.1973
0.8723, 0.1973
0.8723, 0.1973
0.8723, 0.1973
0.8777, 0.1973
0.8777, 0.1973
0.8777, 0.1973
0.8777, 0.1973
0.8777, 0.1973
0.8777, 0.1973
0.8777, 0.1973
0.8830, 0.1973
0.8830, 0.1973
0.8830, 0.1973
0.8830, 0.1973
0.8830, 0.1973
0.8830, 0.1973
0.8830, 0.1973
0.8830, 0.1973
0.8830, 0.1973
0.8883, 0.1973
0.8883, 0.1973
0.8883, 0.1973
0.8883, 0.1973
0.8883, 0.1973
0.8883, 0.1973
0.8936, 0.1973
0.8936, 0.1973
0.8936, 0.1973
0.8936, 0.1973
0.8936, 0.1973
0.8936, 0.1973
0.8936, 0.1973
0.8936, 0.1973
0.8936, 0.1973
0.8936, 0.1973
0.8989, 0.1973
0.8989, 0.1973
0.8989, 0.1973
0.8989, 0.1973
0.8989, 0.1973
0.8989, 0.1973
0.8989, 0.1973
0.8989, 0.1973
0.8989, 0.1973
0.8989, 0.1973
0.8989, 0.1973
0.8989, 0.1973
0.8989, 0.1973
0.8989, 0.1973
0.8989, 0.1973
0.9043, 0.1973
0.9043, 0.1973
0.9043, 0.1973
0.9043, 0.1973
0.9043, 0.1973
0.9043, 0.1973
0.9096, 0.1973
0.9096, 0.1973
0.9096, 0.1973
0.9096, 0.1973
0.9096, 0.1973
0.9096, 0.1973
0.9096, 0.1973
0.9096, 0.1973
0.9096, 0.1973
0.9096, 0.1973
0.9096, 0.1973
0.9096, 0.1973
0.9096, 0.1973
0.9149, 0.1973
0.9149, 0.1973
0.9149, 0.1973
0.9149, 0.1973
0.9149, 0.1973
0.9149, 0.1973
0.9202, 0.1973
0.9202, 0.1973
0.9202, 0.1973
0.9202, 0.1973
0.9202, 0.1973
0.9202, 0.1973
0.9255, 0.1973
0.9255, 0.1973
0.9255, 0.1973
0.9255, 0.1973
0.9255, 0.1973
0.9255, 0.1973
0.9255, 0.1946
0.9255, 0.1946
0.9255, 0.1946
0.9255, 0.1946
0.9255, 0.1946
0.9255, 0.1946
0.9255, 0.1946
0.9255, 0.1946
0.9255, 0.1946
0.9309, 0.1946
0.9309, 0.1946
0.9309, 0.1946
0.9309, 0.1946
0.9309, 0.1946
0.9309, 0.1946
0.9309, 0.1946
0.9362, 0.1919
0.9362, 0.1919
0.9362, 0.1919
0.9362, 0.1919
0.9362, 0.1919
0.9362, 0.1919
0.9362, 0.1919
0.9362, 0.1919
0.9362, 0.1919
0.9362, 0.1919
0.9362, 0.1919
0.9362, 0.1919
0.9362, 0.1919
0.9362, 0.1919
0.9362, 0.1919
0.9415, 0.1919
0.9415, 0.1919
0.9415, 0.1919
0.9415, 0.1919
0.9415, 0.1919
0.9415, 0.1919
0.9415, 0.1919
0.9415, 0.1919
0.9415, 0.1919
0.9415, 0.1919
0.9415, 0.1919
0.9415, 0.1919
0.9415, 0.1919
0.9415, 0.1919
0.9415, 0.1919
0.9415, 0.1919
0.9415, 0.1919
0.9415, 0.1919
0.9415, 0.1919
0.9415, 0.1892
0.9415, 0.1892
0.9415, 0.1892
0.9468, 0.1892
0.9468, 0.1892
0.9468, 0.1892
0.9468, 0.1892
0.9468, 0.1892
0.9468, 0.1892
0.9468, 0.1892
0.9468, 0.1892
0.9468, 0.1892
0.9468, 0.1865
0.9468, 0.1865
0.9468, 0.1865
0.9521, 0.1865
0.9521, 0.1865
0.9521, 0.1865
0.9521, 0.1865
0.9521, 0.1865
0.9521, 0.1865
0.9521, 0.1865
0.9521, 0.1865
0.9521, 0.1865
0.9521, 0.1865
0.9521, 0.1865
0.9521, 0.1865
0.9521, 0.1865
0.9521, 0.1865
0.9521, 0.1865
0.9521, 0.1865
0.9521, 0.1865
0.9521, 0.1865
0.9521, 0.1865
0.9521, 0.1865
0.9574, 0.1865
0.9574, 0.1865
0.9574, 0.1865
0.9574, 0.1838
0.9574, 0.1838
0.9574, 0.1838
0.9574, 0.1838
0.9574, 0.1838
0.9574, 0.1838
0.9628, 0.1838
0.9628, 0.1838
0.9628, 0.1838
0.9628, 0.1811
0.9628, 0.1811
0.9628, 0.1811
0.9628, 0.1811
0.9628, 0.1811
0.9628, 0.1811
0.9628, 0.1811
0.9628, 0.1811
0.9628, 0.1811
0.9681, 0.1811
0.9681, 0.1811
0.9681, 0.1811
0.9681, 0.1784
0.9681, 0.1784
0.9681, 0.1784
0.9681, 0.1784
0.9681, 0.1784
0.9734, 0.1784
0.9734, 0.1784
0.9734, 0.1784
0.9734, 0.1757
0.9734, 0.1757
0.9734, 0.1757
0.9734, 0.1757
0.9734, 0.1757
0.9734, 0.1757
0.9734, 0.1757
0.9734, 0.1757
0.9734, 0.1757
0.9734, 0.1757
0.9734, 0.1757
0.9734, 0.1757
0.9734, 0.1730
0.9734, 0.1730
0.9734, 0.1730
0.9734, 0.1730
0.9734, 0.1730
0.9734, 0.1730
0.9787, 0.1730
0.9787, 0.1730
0.9787, 0.1730
0.9787, 0.1730
0.9787, 0.1730
0.9787, 0.1730
0.9787, 0.1730
0.9787, 0.1730
0.9787, 0.1730
0.9840, 0.1730
0.9840, 0.1730
0.9840, 0.1730
0.9840, 0.1730
0.9840, 0.1730
0.9840, 0.1730
0.9840, 0.1703
0.9840, 0.1703
0.9840, 0.1703
0.9840, 0.1703
0.9840, 0.1703
0.9840, 0.1703
0.9894, 0.1703
0.9894, 0.1703
0.9894, 0.1703
0.9894, 0.1703
0.9894, 0.1703
0.9894, 0.1703
0.9894, 0.1703
0.9894, 0.1703
0.9894, 0.1703
0.9894, 0.1676
0.9894, 0.1676
0.9894, 0.1676
0.9894, 0.1676
0.9894, 0.1676
0.9894, 0.1676
0.9894, 0.1676
0.9894, 0.1676
0.9894, 0.1676
0.9894, 0.1676
0.9894, 0.1676
0.9894, 0.1676
0.9894, 0.1676
0.9894, 0.1676
0.9894, 0.1676
0.9894, 0.1676
0.9894, 0.1676
0.9894, 0.1676
0.9894, 0.1676
0.9894, 0.1676
0.9894, 0.1676
0.9894, 0.1676
0.9894, 0.1676
0.9947, 0.1676
0.9947, 0.1676
0.9947, 0.1676
0.9947, 0.1676
0.9947, 0.1676
0.9947, 0.1676
0.9947, 0.1649
0.9947, 0.1649
0.9947, 0.1649
0.9947, 0.1649
0.9947, 0.1649
0.9947, 0.1649
0.9947, 0.1649
0.9947, 0.1649
0.9947, 0.1649
0.9947, 0.1649
0.9947, 0.1649
0.9947, 0.1649
0.9947, 0.1649
0.9947, 0.1649
0.9947, 0.1649
0.9947, 0.1649
0.9947, 0.1649
0.9947, 0.1649
0.9947, 0.1649
0.9947, 0.1649
0.9947, 0.1649
0.9947, 0.1649
0.9947, 0.1649
0.9947, 0.1649
0.9947, 0.1649
0.9947, 0.1649
0.9947, 0.1649
0.9947, 0.1649
0.9947, 0.1649
0.9947, 0.1649
0.9947, 0.1649
1.0000, 0.1649
1.0000, 0.1649
1.0000, 0.1649
1.0000, 0.1649
1.0000, 0.1649
1.0000, 0.1649
1.0000, 0.1649
1.0000, 0.1649
1.0000, 0.1622
1.0000, 0.1622
1.0000, 0.1622
1.0000, 0.1622
1.0000, 0.1622
1.0000, 0.1622
1.0000, 0.1622
1.0000, 0.1622
1.0000, 0.1622
1.0000, 0.1622
1.0000, 0.1622
1.0000, 0.1622
0.1755, 0.0027
0.1755, 0.0027
0.1755, 0.0027
0.1755, 0.0027
0.1755, 0.0027
0.1755, 0.0027
0.1755, 0.0027
0.1755, 0.0027
0.1755, 0.0027
0.1755, 0.0027
0.1755, 0.0027
0.1755, 0.0027
0.1755, 0.0027
0.1755, 0.0027
0.1755, 0.0027
0.1755, 0.0027
0.1755, 0.0027
0.1755, 0.0027
0.1755, 0.0027
0.1755, 0.0027
0.1755, 0.0027
0.1755, 0.0027
0.1755, 0.0027
0.1755, 0.0027
0.1755, 0.0027
0.1755, 0.0027
0.1755, 0.0027
0.1755, 0.0027
0.1755, 0.0027
0.1755, 0.0027
0.1755, 0.0027
0.1755, 0.0027
0.1755, 0.0027
0.1755, 0.0027
0.1755, 0.0027
0.1755, 0.0027
0.1755, 0.0027
0.1755, 0.0027
0.1755, 0.0027
0.1755, 0.0027
0.1755, 0.0027
0.1755, 0.0027
0.1755, 0.0027
0.1755, 0.0027
0.1755, 0.0027
0.1755, 0.0027
0.1755, 0.0027
0.1755, 0.0027
0.1755, 0.0027
0.1755, 0.0027
0.1755, 0.0027
0.1755, 0.0027
0.1755, 0.0027
0.1755, 0.0027
0.1755, 0.0027
0.1755, 0.0027
0.1755, 0.0027
0.1755, 0.0027
0.1755, 0.0027
0.1755, 0.0027
0.1755, 0.0027
0.1755, 0.0027
0.1755, 0.0027
0.1755, 0.0027
0.1755, 0.0027
0.1755, 0.0027
0.1755, 0.0027
0.1755, 0.0027
0.1755, 0.0027
0.1755, 0.0027
0.1755, 0.0027
0.1755, 0.0027
0.1755, 0.0027
0.1755, 0.0027
0.1755, 0.0027
0.1755, 0.0027
0.1755, 0.0027
0.1755, 0.0027
0.1755, 0.0027
0.1755, 0.0027
0.1755, 0.0027
0.1755, 0.0027
0.1755, 0.0027
0.1755, 0.0027
0.1755, 0.0027
0.1755, 0.0027
0.1755, 0.0027
0.1755, 0.0027
0.1755, 0.0027
0.1755, 0.0027
0.1755, 0.0027
0.1755, 0.0027
0.1755, 0.0027
0.1755, 0.0027
0.1755, 0.0027
0.1755, 0.0027
0.1755, 0.0027
0.1755, 0.0027
0.1755, 0.0027
0.1755, 0.0027
0.1755, 0.0027
0.1755, 0.0027
0.1755, 0.0027
0.1755, 0.0027
0.1755, 0.0027
0.1809, 0.0027
0.1809, 0.0027
0.1809, 0.0027
0.1809, 0.0027
0.1809, 0.0027
0.1809, 0.0027
0.1809, 0.0027
0.1809, 0.0027
0.1809, 0.0027
0.1809, 0.0027
0.1809, 0.0027
0.1809, 0.0027
0.1862, 0.0027
0.1862, 0.0027
0.1862, 0.0027
0.1862, 0.0027
0.1915, 0.0027
0.1915, 0.0027
0.1915, 0.0027
0.1915, 0.0027
0.1915, 0.0027
0.1915, 0.0027
0.1915, 0.0027
0.1915, 0.0027
0.1968, 0.0027
0.1968, 0.0027
0.1968, 0.0027
0.1968, 0.0027
0.1968, 0.0027
0.1968, 0.0027
0.1968, 0.0027
0.1968, 0.0027
0.1968, 0.0027
0.1968, 0.0027
0.1968, 0.0027
0.1968, 0.0027
0.1968, 0.0027
0.2021, 0.0027
0.2021, 0.0027
0.2021, 0.0027
0.2021, 0.0027
0.2021, 0.0027
0.2021, 0.0027
0.2021, 0.0027
0.2021, 0.0027
0.2021, 0.0027
0.2074, 0.0027
0.2074, 0.0027
0.2074, 0.0027
0.2074, 0.0027
0.2074, 0.0027
0.2074, 0.0027
0.2074, 0.0027
0.2074, 0.0027
0.2074, 0.0027
0.2074, 0.0027
0.2074, 0.0027
0.2074, 0.0027
0.2074, 0.0027
0.2074, 0.0027
0.2074, 0.0027
0.2074, 0.0027
0.2074, 0.0027
0.2074, 0.0027
0.2074, 0.0027
0.2128, 0.0027
0.2128, 0.0027
0.2128, 0.0027
0.2128, 0.0027
0.2181, 0.0027
0.2181, 0.0027
0.2181, 0.0027
0.2181, 0.0027
0.2234, 0.0027
0.2234, 0.0027
0.2234, 0.0027
0.2234, 0.0027
0.2234, 0.0027
0.2234, 0.0027
0.2234, 0.0027
0.2234, 0.0027
0.2287, 0.0027
0.2287, 0.0027
0.2287, 0.0027
0.2287, 0.0027
0.2287, 0.0027
0.2287, 0.0027
0.2287, 0.0027
0.2287, 0.0027
0.2340, 0.0000
0.2340, 0.0000
0.2340, 0.0000
0.2340, 0.0000
0.2340, 0.0000
0.2340, 0.0000
0.2340, 0.0000
0.2340, 0.0000
0.2340, 0.0000
0.2340, 0.0000
0.2340, 0.0000
0.2340, 0.0000
0.2340, 0.0000
0.2394, 0.0000
0.2394, 0.0000
0.2394, 0.0000
0.2394, 0.0000
0.2394, 0.0000
0.2394, 0.0000
0.2394, 0.0000
0.2394, 0.0000
0.2394, 0.0000
0.2394, 0.0000
0.2394, 0.0000
0.2394, 0.0000
0.2447, 0.0000
0.2447, 0.0000
0.2447, 0.0000
0.2447, 0.0000
0.2447, 0.0000
0.2447, 0.0000
0.2447, 0.0000
0.2447, 0.0000
0.2447, 0.0000
0.2447, 0.0000
0.2447, 0.0000
0.2447, 0.0000
0.2447, 0.0000
0.2500, 0.0000
0.2500, 0.0000
0.2500, 0.0000
0.2553, 0.0000
0.2553, 0.0000
0.2553, 0.0000
0.2553, 0.0000
0.2553, 0.0000
0.2553, 0.0000
0.2553, 0.0000
0.2553, 0.0000
0.2553, 0.0000
0.2606, 0.0000
0.2606, 0.0000
0.2606, 0.0000
0.2606, 0.0000
0.2606, 0.0000
0.2606, 0.0000
0.2606, 0.0000
0.2606, 0.0000
0.2660, 0.0000
0.2660, 0.0000
0.2660, 0.0000
0.2660, 0.0000
0.2660, 0.0000
0.2660, 0.0000
0.2660, 0.0000
0.2660, 0.0000
0.2660, 0.0000
0.2713, 0.0000
0.2713, 0.0000
0.2713, 0.0000
0.2713, 0.0000
0.2713, 0.0000
0.2713, 0.0000
0.2713, 0.0000
0.2713, 0.0000
0.2713, 0.0000
0.2713, 0.0000
0.2713, 0.0000
0.2766, 0.0000
0.2766, 0.0000
0.2766, 0.0000
0.2766, 0.0000
0.2819, 0.0000
0.2819, 0.0000
0.2819, 0.0000
0.2819, 0.0000
0.2819, 0.0000
0.2819, 0.0000
0.2819, 0.0000
0.2819, 0.0000
0.2819, 0.0000
0.2872, 0.0000
0.2872, 0.0000
0.2872, 0.0000
0.2872, 0.0000
0.2872, 0.0000
0.2872, 0.0000
0.2872, 0.0000
0.2872, 0.0000
0.2872, 0.0000
0.2872, 0.0000
0.2872, 0.0000
0.2872, 0.0000
0.2926, 0.0000
0.2926, 0.0000
0.2926, 0.0000
0.2926, 0.0000
0.2979, 0.0000
0.2979, 0.0000
0.2979, 0.0000
0.2979, 0.0000
0.2979, 0.0000
0.2979, 0.0000
0.2979, 0.0000
0.2979, 0.0000
0.2979, 0.0000
0.2979, 0.0000
0.2979, 0.0000
0.2979, 0.0000
0.3032, 0.0000
0.3032, 0.0000
0.3032, 0.0000
0.3085, 0.0000
0.3085, 0.0000
0.3085, 0.0000
0.3085, 0.0000
0.3138, 0.0000
0.3138, 0.0000
0.3138, 0.0000
0.3138, 0.0000
0.3138, 0.0000
0.3138, 0.0000
0.3138, 0.0000
0.3138, 0.0000
0.3138, 0.0000
0.3138, 0.0000
0.3138, 0.0000
0.3138, 0.0000
0.3138, 0.0000
0.3191, 0.0000
0.3191, 0.0000
0.3191, 0.0000
0.3191, 0.0000
0.3245, 0.0000
0.3245, 0.0000
0.3245, 0.0000
0.3245, 0.0000
0.3245, 0.0000
0.3245, 0.0000
0.3245, 0.0000
0.3245, 0.0000
0.3245, 0.0000
0.3245, 0.0000
0.3245, 0.0000
0.3298, 0.0000
0.3298, 0.0000
0.3298, 0.0000
0.3298, 0.0000
0.3351, 0.0000
0.3351, 0.0000
0.3351, 0.0000
0.3351, 0.0000
0.3351, 0.0000
0.3351, 0.0000
0.3351, 0.0000
0.3351, 0.0000
0.3351, 0.0000
0.3351, 0.0000
0.3351, 0.0000
0.3351, 0.0000
0.3404, 0.0000
0.3404, 0.0000
0.3404, 0.0000
0.3404, 0.0000
0.3404, 0.0000
0.3404, 0.0000
0.3404, 0.0000
0.3404, 0.0000
0.3404, 0.0000
0.3404, 0.0000
0.3404, 0.0000
0.3404, 0.0000
0.3457, 0.0000
0.3457, 0.0000
0.3457, 0.0000
0.3457, 0.0000
0.3457, 0.0000
0.3457, 0.0000
0.3457, 0.0000
0.3457, 0.0000
0.3511, 0.0000
0.3511, 0.0000
0.3511, 0.0000
0.3511, 0.0000
0.3511, 0.0000
0.3511, 0.0000
0.3511, 0.0000
0.3511, 0.0000
0.3511, 0.0000
0.3511, 0.0000
0.3511, 0.0000
0.3511, 0.0000
0.3564, 0.0000
0.3564, 0.0000
0.3564, 0.0000
0.3564, 0.0000
0.3564, 0.0000
0.3564, 0.0000
0.3564, 0.0000
0.3564, 0.0000
0.3564, 0.0000
0.3564, 0.0000
0.3564, 0.0000
0.3564, 0.0000
0.3617, 0.0000
0.3617, 0.0000
0.3617, 0.0000
0.3617, 0.0000
0.3617, 0.0000
0.3617, 0.0000
0.3617, 0.0000
0.3617, 0.0000
0.3670, 0.0027
0.3670, 0.0027
0.3670, 0.0027
0.3670, 0.0027
0.3670, 0.0027
0.3670, 0.0027
0.3670, 0.0027
0.3670, 0.0027
0.3670, 0.0027
0.3670, 0.0027
0.3670, 0.0027
0.3670, 0.0027
0.3670, 0.0027
0.3670, 0.0027
0.3670, 0.0027
0.3670, 0.0027
0.3670, 0.0027
0.3670, 0.0027
0.3670, 0.0027
0.3670, 0.0027
0.3670, 0.0027
0.3670, 0.0027
0.3670, 0.0027
0.3670, 0.0027
0.3670, 0.0054
0.3670, 0.0054
0.3670, 0.0054
0.3723, 0.0054
0.3723, 0.0054
0.3723, 0.0054
0.3723, 0.0054
0.3723, 0.0054
0.3723, 0.0054
0.3723, 0.0054
0.3723, 0.0054
0.3723, 0.0054
0.3723, 0.0054
0.3723, 0.0054
0.3723, 0.0054
0.3777, 0.0081
0.3777, 0.0081
0.3777, 0.0081
0.3777, 0.0081
0.3777, 0.0081
0.3777, 0.0081
0.3777, 0.0081
0.3777, 0.0081
0.3777, 0.0081
0.3777, 0.0081
0.3777, 0.0081
0.3777, 0.0081
0.3777, 0.0108
0.3777, 0.0108
0.3777, 0.0108
0.3777, 0.0108
0.3777, 0.0108
0.3777, 0.0108
0.3777, 0.0108
0.3777, 0.0108
0.3830, 0.0108
0.3830, 0.0108
0.3830, 0.0108
0.3830, 0.0108
0.3830, 0.0108
0.3830, 0.0108
0.3830, 0.0108
0.3830, 0.0108
0.3830, 0.0108
0.3830, 0.0108
0.3830, 0.0108
0.3830, 0.0108
0.3830, 0.0108
0.3830, 0.0108
0.3830, 0.0108
0.3830, 0.0108
0.3883, 0.0108
0.3883, 0.0108
0.3883, 0.0108
0.3883, 0.0108
0.3883, 0.0108
0.3883, 0.0108
0.3883, 0.0108
0.3883, 0.0108
0.3883, 0.0135
0.3883, 0.0135
0.3883, 0.0135
0.3883, 0.0135
0.3883, 0.0135
0.3883, 0.0135
0.3883, 0.0135
0.3936, 0.0135
0.3936, 0.0135
0.3936, 0.0135
0.3936, 0.0162
0.3936, 0.0162
0.3936, 0.0162
0.3936, 0.0162
0.3936, 0.0162
0.3936, 0.0162
0.3936, 0.0162
0.3936, 0.0162
0.3936, 0.0162
0.3936, 0.0162
0.3936, 0.0162
0.3989, 0.0162
0.3989, 0.0162
0.3989, 0.0162
0.3989, 0.0189
0.3989, 0.0189
0.3989, 0.0189
0.4043, 0.0189
0.4043, 0.0189
0.4043, 0.0189
0.4043, 0.0189
0.4043, 0.0189
0.4043, 0.0189
0.4043, 0.0216
0.4043, 0.0216
0.4043, 0.0216
0.4043, 0.0216
0.4043, 0.0216
0.4043, 0.0216
0.4043, 0.0216
0.4043, 0.0216
0.4043, 0.0216
0.4096, 0.0243
0.4096, 0.0243
0.4096, 0.0243
0.4096, 0.0243
0.4096, 0.0243
0.4096, 0.0243
0.4096, 0.0243
0.4096, 0.0243
0.4096, 0.0243
0.4096, 0.0243
0.4096, 0.0243
0.4096, 0.0243
0.4096, 0.0243
0.4096, 0.0243
0.4096, 0.0243
0.4149, 0.0243
0.4149, 0.0243
0.4149, 0.0243
0.4149, 0.0243
0.4149, 0.0243
0.4149, 0.0243
0.4149, 0.0243
0.4149, 0.0243
0.4149, 0.0243
0.4149, 0.0270
0.4149, 0.0270
0.4149, 0.0270
0.4149, 0.0270
0.4149, 0.0270
0.4149, 0.0270
0.4202, 0.0270
0.4202, 0.0270
0.4202, 0.0270
0.4202, 0.0297
0.4202, 0.0297
0.4202, 0.0297
0.4255, 0.0297
0.4255, 0.0297
0.4255, 0.0297
0.4255, 0.0297
0.4255, 0.0297
0.4255, 0.0297
0.4309, 0.0297
0.4309, 0.0297
0.4309, 0.0297
0.4309, 0.0297
0.4309, 0.0297
0.4309, 0.0324
0.4309, 0.0324
0.4309, 0.0324
0.4309, 0.0324
0.4309, 0.0324
0.4309, 0.0324
0.4309, 0.0351
0.4309, 0.0351
0.4309, 0.0351
0.4362, 0.0351
0.4362, 0.0351
0.4362, 0.0351
0.4362, 0.0378
0.4362, 0.0378
0.4362, 0.0378
0.4362, 0.0378
0.4362, 0.0378
0.4415, 0.0378
0.4415, 0.0378
0.4415, 0.0378
0.4415, 0.0378
0.4415, 0.0378
0.4415, 0.0378
0.4415, 0.0378
0.4415, 0.0378
0.4415, 0.0378
0.4415, 0.0405
0.4415, 0.0405
0.4415, 0.0405
0.4415, 0.0405
0.4415, 0.0405
0.4415, 0.0432
0.4415, 0.0432
0.4415, 0.0432
0.4468, 0.0432
0.4468, 0.0432
0.4468, 0.0432
0.4468, 0.0432
0.4468, 0.0432
0.4521, 0.0432
0.4521, 0.0432
0.4521, 0.0432
0.4521, 0.0459
0.4521, 0.0459
0.4521, 0.0459
0.4574, 0.0459
0.4574, 0.0459
0.4574, 0.0459
0.4574, 0.0486
0.4574, 0.0486
0.4574, 0.0486
0.4574, 0.0486
0.4574, 0.0486
0.4574, 0.0486
0.4574, 0.0486
0.4574, 0.0486
0.4574, 0.0514
0.4574, 0.0514
0.4574, 0.0514
0.4628, 0.0514
0.4628, 0.0514
0.4628, 0.0514
0.4628, 0.0514
0.4628, 0.0514
0.4628, 0.0514
0.4681, 0.0514
0.4681, 0.0514
0.4681, 0.0514
0.4681, 0.0541
0.4681, 0.0541
0.4681, 0.0568
0.4681, 0.0568
0.4681, 0.0568
0.4681, 0.0568
0.4681, 0.0568
0.4681, 0.0568
0.4681, 0.0568
0.4681, 0.0568
0.4681, 0.0568
0.4734, 0.0568
0.4734, 0.0568
0.4734, 0.0568
0.4734, 0.0595
0.4734, 0.0595
0.4734, 0.0595
0.4734, 0.0595
0.4734, 0.0595
0.4787, 0.0595
0.4787, 0.0595
0.4787, 0.0595
0.4787, 0.0622
0.4787, 0.0622
0.4787, 0.0622
0.4787, 0.0622
0.4787, 0.0622
0.4840, 0.0649
0.4840, 0.0649
0.4840, 0.0649
0.4840, 0.0649
0.4840, 0.0649
0.4840, 0.0649
0.4840, 0.0649
0.4840, 0.0649
0.4840, 0.0649
0.4840, 0.0649
0.4840, 0.0649
0.4840, 0.0649
0.4840, 0.0676
0.4840, 0.0676
0.4840, 0.0676
0.4894, 0.0703
0.4894, 0.0703
0.4894, 0.0703
0.4947, 0.0703
0.4947, 0.0703
0.4947, 0.0703
0.4947, 0.0730
0.4947, 0.0730
0.4947, 0.0730
0.4947, 0.0757
0.4947, 0.0757
0.5000, 0.0757
0.5000, 0.0757
0.5000, 0.0757
0.5000, 0.0784
0.5000, 0.0784
0.5000, 0.0784
0.5000, 0.0784
0.5000, 0.0784
0.5000, 0.0811
0.5000, 0.0811
0.5000, 0.0811
0.5000, 0.0811
0.5000, 0.0811
0.5053, 0.0811
0.5053, 0.0811
0.5053, 0.0811
0.5053, 0.0838
0.5053, 0.0838
0.5053, 0.0838
0.5053, 0.0838
0.5053, 0.0838
0.5053, 0.0838
0.5053, 0.0838
0.5053, 0.0838
0.5053, 0.0838
0.5053, 0.0838
0.5053, 0.0838
0.5053, 0.0838
0.5053, 0.0838
0.5053, 0.0838
0.5053, 0.0838
0.5053, 0.0838
0.5053, 0.0838
0.5053, 0.0838
0.5053, 0.0838
0.5053, 0.0838
0.5053, 0.0838
0.5053, 0.0838
0.5053, 0.0838
0.5053, 0.0865
0.5053, 0.0865
0.5053, 0.0865
0.5053, 0.0865
0.5053, 0.0865
0.5053, 0.0892
0.5053, 0.0892
0.5053, 0.0892
0.5053, 0.0892
0.5053, 0.0892
0.5053, 0.0892
0.5053, 0.0892
0.5053, 0.0892
0.5053, 0.0892
0.5053, 0.0892
0.5053, 0.0892
0.5053, 0.0892
0.5106, 0.0892
0.5106, 0.0892
0.5106, 0.0919
0.5106, 0.0919
0.5106, 0.0919
0.5106, 0.0919
0.5106, 0.0919
0.5106, 0.0919
0.5106, 0.0919
0.5106, 0.0919
0.5106, 0.0919
0.5106, 0.0946
0.5106, 0.0946
0.5106, 0.0946
0.5106, 0.0946
0.5106, 0.0946
0.5106, 0.0946
0.5106, 0.0946
0.5106, 0.0946
0.5106, 0.0946
0.5106, 0.0946
0.5106, 0.0946
0.5106, 0.0946
0.5106, 0.0946
0.5106, 0.0946
0.5106, 0.0973
0.5106, 0.0973
0.5106, 0.0973
0.5106, 0.0973
0.5106, 0.0973
0.5106, 0.0973
0.5106, 0.0973
0.5106, 0.0973
0.5106, 0.0973
0.5106, 0.0973
0.5106, 0.0973
0.5106, 0.0973
0.5106, 0.0973
0.5106, 0.0973
0.5106, 0.0973
0.5106, 0.0973
0.5106, 0.0973
0.5106, 0.0973
0.5106, 0.0973
0.5106, 0.0973
0.5106, 0.0973
0.5106, 0.0973
0.5106, 0.0973
0.5106, 0.0973
0.5106, 0.0973
0.5106, 0.0973
0.5106, 0.1000
0.5106, 0.1000
0.5106, 0.1000
0.5106, 0.1000
0.5106, 0.1000
0.5106, 0.1000
0.5106, 0.1000
0.5106, 0.1000
0.5106, 0.1000
0.5106, 0.1000
0.5106, 0.1000
0.5106, 0.1000
0.5106, 0.1000
0.5106, 0.1000
0.5106, 0.1000
0.5106, 0.1000
0.5106, 0.1000
0.5106, 0.1000
0.5106, 0.1000
0.5106, 0.1000
0.5106, 0.1000
0.5106, 0.1000
0.5106, 0.1000
0.5106, 0.1000
0.5106, 0.1000
0.5106, 0.1000
0.5106, 0.1000
0.5106, 0.1000
0.5106, 0.1000
0.5106, 0.1000
0.5106, 0.1000
0.5106, 0.1000
0.5106, 0.1000
0.5106, 0.1000
0.5106, 0.1000
0.5106, 0.1000
0.5106, 0.1000
0.5106, 0.1000
0.5106, 0.1000
0.5106, 0.1000
0.5106, 0.1000
0.5106, 0.1000
0.5106, 0.1000
0.5106, 0.1000
0.5106, 0.1000
0.5106, 0.1000
0.5106, 0.1000
0.5106, 0.1000
0.5106, 0.1000
0.5106, 0.1000
0.5106, 0.1000
0.5106, 0.1000
0.5106, 0.1000
0.5106, 0.1000
0.5106, 0.1000
0.5106, 0.1000
0.5106, 0.1000
0.5106, 0.1000
0.5106, 0.1000
0.5106, 0.1000
0.5106, 0.1000
0.5106, 0.1000
0.5106, 0.1000
0.5106, 0.1000
0.5106, 0.1000
0.5106, 0.1000
0.5106, 0.1000
0.5106, 0.1000
0.5106, 0.1000
0.5106, 0.1000
0.5160, 0.1000
0.5160, 0.1000
0.5160, 0.1000
0.5160, 0.1000
0.5160, 0.1000
0.5160, 0.1000
0.5160, 0.1000
0.5160, 0.1000
0.5160, 0.1000
0.5160, 0.1000
0.5160, 0.1000
0.5160, 0.1000
0.5160, 0.1000
0.5160, 0.1000
0.5160, 0.1000
0.5160, 0.1000
0.5160, 0.1000
0.5160, 0.1000
0.5160, 0.1000
0.5160, 0.1000
0.5160, 0.1000
0.5160, 0.1000
0.5213, 0.0973
0.5213, 0.0973
0.5213, 0.0973
0.5213, 0.0973
0.5213, 0.0973
0.5213, 0.0946
0.5213, 0.0946
0.5213, 0.0946
0.5213, 0.0946
0.5213, 0.0946
0.5213, 0.0946
0.5213, 0.0919
0.5213, 0.0919
0.5213, 0.0919
0.5213, 0.0919
0.5213, 0.0919
0.5213, 0.0919
0.5213, 0.0919
0.5213, 0.0919
0.5213, 0.0919
0.5213, 0.0919
0.5213, 0.0919
0.5213, 0.0919
0.5213, 0.0919
0.5213, 0.0892
0.5213, 0.0892
0.5213, 0.0892
0.5213, 0.0892
0.5213, 0.0892
0.5266, 0.0865
0.5266, 0.0865
0.5266, 0.0865
0.5266, 0.0865
0.5266, 0.0865
0.5266, 0.0865
0.5266, 0.0865
0.5266, 0.0865
0.5266, 0.0865
0.5266, 0.0865
0.5266, 0.0865
0.5266, 0.0838
0.5266, 0.0838
0.5266, 0.0838
0.5266, 0.0838
0.5266, 0.0838
0.5266, 0.0811
0.5266, 0.0811
0.5266, 0.0811
0.5266, 0.0811
0.5266, 0.0811
0.5266, 0.0784
0.5266, 0.0784
0.5266, 0.0784
0.5319, 0.0784
0.5319, 0.0784
0.5319, 0.0784
0.5319, 0.0784
0.5319, 0.0784
0.5319, 0.0784
0.5319, 0.0784
0.5319, 0.0784
0.5319, 0.0784
0.5319, 0.0784
0.5319, 0.0757
0.5319, 0.0757
0.5319, 0.0757
0.5319, 0.0757
0.5319, 0.0757
0.5319, 0.0757
0.5319, 0.0757
0.5319, 0.0757
0.5319, 0.0757
0.5319, 0.0730
0.5319, 0.0730
0.5319, 0.0730
0.5319, 0.0730
0.5319, 0.0730
0.5372, 0.0730
0.5372, 0.0730
0.5372, 0.0730
0.5372, 0.0730
0.5372, 0.0730
0.5372, 0.0730
0.5372, 0.0703
0.5372, 0.0703
0.5372, 0.0703
0.5372, 0.0703
0.5372, 0.0703
0.5372, 0.0676
0.5372, 0.0676
0.5372, 0.0676
0.5372, 0.0676
0.5372, 0.0676
0.5372, 0.0676
0.5372, 0.0676
0.5372, 0.0676
0.5372, 0.0676
0.5372, 0.0676
0.5372, 0.0676
0.5372, 0.0676
0.5372, 0.0676
0.5372, 0.0676
0.5372, 0.0649
0.5372, 0.0649
0.5372, 0.0649
0.5372, 0.0649
0.5372, 0.0649
0.5372, 0.0622
0.5372, 0.0622
0.5372, 0.0622
0.5372, 0.0622
0.5372, 0.0622
0.5372, 0.0595
0.5372, 0.0595
0.5372, 0.0595
0.5372, 0.0595
0.5372, 0.0595
0.5372, 0.0595
0.5372, 0.0595
0.5372, 0.0595
0.5372, 0.0595
0.5372, 0.0595
0.5372, 0.0595
0.5426, 0.0595
0.5426, 0.0595
0.5426, 0.0595
0.5426, 0.0568
0.5426, 0.0568
0.5426, 0.0568
0.5426, 0.0568
0.5426, 0.0568
0.5426, 0.0541
0.5426, 0.0541
0.5426, 0.0541
0.5426, 0.0541
0.5426, 0.0541
0.5426, 0.0541
0.5426, 0.0541
0.5426, 0.0541
0.5479, 0.0514
0.5479, 0.0514
0.5479, 0.0514
0.5479, 0.0514
0.5479, 0.0514
0.5479, 0.0514
0.5479, 0.0486
0.5479, 0.0486
0.5479, 0.0486
0.5479, 0.0486
0.5479, 0.0486
0.5479, 0.0459
0.5479, 0.0459
0.5479, 0.0459
0.5479, 0.0459
0.5479, 0.0459
0.5479, 0.0459
0.5479, 0.0459
0.5479, 0.0459
0.5479, 0.0459
0.5479, 0.0459
0.5479, 0.0459
0.5479, 0.0432
0.5479, 0.0432
0.5532, 0.0432
0.5532, 0.0432
0.5532, 0.0405
0.5532, 0.0405
0.5532, 0.0405
0.5532, 0.0405
0.5532, 0.0405
0.5532, 0.0405
0.5532, 0.0405
0.5532, 0.0405
0.5585, 0.0405
0.5585, 0.0405
0.5585, 0.0405
0.5585, 0.0405
0.5585, 0.0405
0.5585, 0.0405
0.5585, 0.0378
0.5585, 0.0378
0.5585, 0.0378
0.5585, 0.0378
0.5585, 0.0378
0.5585, 0.0378
0.5585, 0.0378
0.5585, 0.0378
0.5585, 0.0378
0.5585, 0.0378
0.5585, 0.0378
0.5585, 0.0378
0.5585, 0.0378
0.5585, 0.0378
0.5585, 0.0378
0.5585, 0.0378
0.5638, 0.0378
0.5638, 0.0378
0.5638, 0.0351
0.5638, 0.0351
0.5638, 0.0351
0.5638, 0.0351
0.5638, 0.0351
0.5638, 0.0351
0.5638, 0.0351
0.5638, 0.0351
0.5638, 0.0351
0.5638, 0.0351
0.5638, 0.0351
0.5638, 0.0351
0.5638, 0.0351
0.5638, 0.0351
0.5638, 0.0324
0.5638, 0.0324
0.5638, 0.0324
0.5638, 0.0324
0.5638, 0.0324
0.5638, 0.0324
0.5638, 0.0324
0.5638, 0.0324
0.5638, 0.0324
0.5638, 0.0324
0.5638, 0.0324
0.5638, 0.0324
0.5638, 0.0324
0.5638, 0.0324
0.5638, 0.0324
0.5638, 0.0324
0.5638, 0.0324
0.5638, 0.0324
0.5638, 0.0324
0.5638, 0.0324
0.5638, 0.0324
0.5638, 0.0324
0.5638, 0.0324
0.5638, 0.0324
0.5638, 0.0324
0.5638, 0.0324
0.5638, 0.0324
0.5638, 0.0324
0.5638, 0.0324
0.5638, 0.0324
0.5638, 0.0324
0.5638, 0.0324
0.5638, 0.0324
0.5638, 0.0324
0.5638, 0.0324
0.5638, 0.0324
0.5638, 0.0324
0.5638, 0.0324
0.5638, 0.0324
0.5638, 0.0324
0.5638, 0.0324
0.5638, 0.0324
0.5638, 0.0324
0.5638, 0.0324
0.5638, 0.0324
0.5638, 0.0324
0.5638, 0.0324
0.5638, 0.0324
0.5638, 0.0324
0.5638, 0.0324
0.5638, 0.0324
0.5638, 0.0324
0.5638, 0.0324
0.5638, 0.0324
0.5638, 0.0324
0.5638, 0.0324
0.5638, 0.0324
0.5638, 0.0324
0.5638, 0.0324
0.5691, 0.0324
0.5691, 0.0324
0.5691, 0.0324
0.5691, 0.0324
0.5691, 0.0324
0.5691, 0.0324
0.5745, 0.0324
0.5745, 0.0324
0.5745, 0.0324
0.5745, 0.0324
0.5745, 0.0324
0.5745, 0.0324
0.5745, 0.0324
0.5745, 0.0324
0.5745, 0.0324
0.5745, 0.0324
0.5745, 0.0324
0.5745, 0.0324
0.5745, 0.0324
0.5798, 0.0351
0.5798, 0.0351
0.5798, 0.0351
0.5798, 0.0351
0.5798, 0.0351
0.5851, 0.0351
0.5851, 0.0351
0.5851, 0.0351
0.5851, 0.0378
0.5851, 0.0378
0.5851, 0.0378
0.5851, 0.0378
0.5851, 0.0378
0.5851, 0.0378
0.5851, 0.0378
0.5851, 0.0378
0.5851, 0.0378
0.5851, 0.0378
0.5904, 0.0378
0.5904, 0.0378
0.5904, 0.0378
0.5904, 0.0378
0.5904, 0.0378
0.5957, 0.0378
0.5957, 0.0378
0.5957, 0.0378
0.5957, 0.0405
0.5957, 0.0405
0.5957, 0.0405
0.5957, 0.0405
0.5957, 0.0405
0.6011, 0.0405
0.6011, 0.0405
0.6011, 0.0405
0.6011, 0.0405
0.6011, 0.0405
0.6011, 0.0432
0.6011, 0.0432
0.6011, 0.0432
0.6011, 0.0432
0.6011, 0.0432
0.6011, 0.0432
0.6011, 0.0432
0.6011, 0.0432
0.6064, 0.0432
0.6064, 0.0432
0.6064, 0.0432
0.6064, 0.0432
0.6064, 0.0432
0.6064, 0.0432
0.6064, 0.0432
0.6064, 0.0459
0.6064, 0.0459
0.6064, 0.0459
0.6064, 0.0459
0.6064, 0.0459
0.6064, 0.0459
0.6117, 0.0459
0.6117, 0.0459
0.6117, 0.0459
0.6117, 0.0459
0.6117, 0.0459
0.6117, 0.0459
0.6117, 0.0459
0.6117, 0.0459
0.6117, 0.0486
0.6117, 0.0486
0.6117, 0.0486
0.6117, 0.0486
0.6117, 0.0486
0.6117, 0.0514
0.6117, 0.0514
0.6117, 0.0514
0.6117, 0.0514
0.6117, 0.0514
0.6170, 0.0514
0.6170, 0.0514
0.6170, 0.0514
0.6170, 0.0514
0.6170, 0.0514
0.6170, 0.0514
0.6170, 0.0514
0.6170, 0.0514
0.6170, 0.0514
0.6170, 0.0514
0.6170, 0.0514
0.6223, 0.0541
0.6223, 0.0541
0.6223, 0.0541
0.6223, 0.0541
0.6223, 0.0541
0.6223, 0.0541
0.6223, 0.0541
0.6277, 0.0568
0.6277, 0.0568
0.6277, 0.0568
0.6277, 0.0568
0.6277, 0.0568
0.6277, 0.0568
0.6277, 0.0568
0.6277, 0.0568
0.6277, 0.0568
0.6277, 0.0568
0.6277, 0.0568
0.6277, 0.0568
0.6277, 0.0568
0.6277, 0.0568
0.6277, 0.0568
0.6277, 0.0595
0.6277, 0.0595
0.6277, 0.0595
0.6330, 0.0595
0.6330, 0.0595
0.6330, 0.0595
0.6330, 0.0595
0.6330, 0.0595
0.6330, 0.0622
0.6330, 0.0622
0.6330, 0.0622
0.6330, 0.0622
0.6330, 0.0622
0.6383, 0.0622
0.6383, 0.0622
0.6383, 0.0649
0.6383, 0.0649
0.6383, 0.0649
0.6383, 0.0649
0.6383, 0.0649
0.6383, 0.0649
0.6383, 0.0649
0.6383, 0.0649
0.6383, 0.0649
0.6383, 0.0649
0.6383, 0.0676
0.6383, 0.0676
0.6383, 0.0676
0.6436, 0.0676
0.6436, 0.0676
0.6436, 0.0676
0.6436, 0.0676
0.6436, 0.0676
0.6436, 0.0703
0.6436, 0.0703
0.6489, 0.0703
0.6489, 0.0703
0.6489, 0.0703
0.6489, 0.0703
0.6489, 0.0703
0.6489, 0.0703
0.6489, 0.0703
0.6489, 0.0703
0.6489, 0.0703
0.6489, 0.0703
0.6489, 0.0703
0.6543, 0.0730
0.6543, 0.0730
0.6543, 0.0730
0.6543, 0.0730
0.6543, 0.0730
0.6543, 0.0730
0.6543, 0.0730
0.6543, 0.0730
0.6543, 0.0757
0.6543, 0.0757
0.6543, 0.0757
0.6543, 0.0757
0.6543, 0.0757
0.6596, 0.0757
0.6596, 0.0757
0.6596, 0.0757
0.6596, 0.0757
0.6596, 0.0757
0.6596, 0.0784
0.6596, 0.0784
0.6649, 0.0784
0.6649, 0.0784
0.6649, 0.0811
0.6649, 0.0811
0.6649, 0.0811
0.6649, 0.0811
0.6649, 0.0811
0.6649, 0.0838
0.6649, 0.0838
0.6649, 0.0838
0.6649, 0.0838
0.6649, 0.0838
0.6702, 0.0838
0.6702, 0.0838
0.6702, 0.0838
0.6702, 0.0838
0.6702, 0.0838
0.6702, 0.0865
0.6702, 0.0865
0.6702, 0.0865
0.6702, 0.0865
0.6702, 0.0865
0.6755, 0.0892
0.6755, 0.0892
0.6755, 0.0892
0.6755, 0.0892
0.6755, 0.0892
0.6755, 0.0892
0.6755, 0.0892
0.6809, 0.0892
0.6809, 0.0892
0.6809, 0.0892
0.6809, 0.0892
0.6809, 0.0892
0.6809, 0.0892
0.6809, 0.0919
0.6809, 0.0919
0.6809, 0.0919
0.6809, 0.0919
0.6809, 0.0919
0.6809, 0.0946
0.6809, 0.0946
0.6809, 0.0946
0.6809, 0.0946
0.6809, 0.0946
0.6809, 0.0973
0.6809, 0.0973
0.6809, 0.0973
0.6809, 0.0973
0.6862, 0.0973
0.6862, 0.0973
0.6862, 0.0973
0.6862, 0.0973
0.6862, 0.0973
0.6862, 0.0973
0.6862, 0.0973
0.6862, 0.0973
0.6862, 0.0973
0.6862, 0.0973
0.6862, 0.0973
0.6862, 0.0973
0.6862, 0.0973
0.6862, 0.0973
0.6862, 0.0973
0.6862, 0.0973
0.6862, 0.1000
0.6862, 0.1000
0.6862, 0.1000
0.6862, 0.1000
0.6862, 0.1000
0.6862, 0.1000
0.6862, 0.1000
0.6862, 0.1000
0.6862, 0.1000
0.6862, 0.1000
0.6862, 0.1000
0.6862, 0.1000
0.6862, 0.1000
0.6862, 0.1000
0.6862, 0.1000
0.6862, 0.1000
0.6862, 0.1000
0.6862, 0.1000
0.6862, 0.1000
0.6862, 0.1000
0.6862, 0.1000
0.6862, 0.1000
0.6862, 0.1000
0.6862, 0.1000
0.6862, 0.1000
0.6862, 0.1000
0.6862, 0.1000
0.6862, 0.1000
0.6862, 0.1000
0.6862, 0.1000
0.6862, 0.1000
0.6862, 0.1000
0.6862, 0.1000
0.6862, 0.1000
0.6862, 0.1000
0.6862, 0.1000
0.6862, 0.1000
0.6862, 0.1000
0.6862, 0.1000
0.6862, 0.1000
0.6862, 0.1000
0.6862, 0.1000
0.6915, 0.1000
0.6915, 0.1000
0.6915, 0.1000
0.6915, 0.1000
0.6915, 0.1000
0.6915, 0.1000
0.6915, 0.1000
0.6915, 0.1000
0.6915, 0.1000
0.6915, 0.1000
0.6915, 0.1000
0.6915, 0.1000
0.6915, 0.1000
0.6915, 0.1000
0.6915, 0.1000
0.6915, 0.1000
0.6915, 0.1000
0.6915, 0.1000
0.6915, 0.1000
0.6915, 0.1000
0.6915, 0.1000
0.6915, 0.1000
0.6915, 0.1000
0.6915, 0.1000
0.6915, 0.1000
0.6915, 0.1000
0.6915, 0.1000
0.6915, 0.1000
0.6915, 0.1000
0.6915, 0.1000
0.6915, 0.0973
0.6915, 0.0973
0.6915, 0.0973
0.6915, 0.0973
0.6968, 0.0946
0.6968, 0.0946
0.6968, 0.0946
0.6968, 0.0946
0.6968, 0.0946
0.6968, 0.0919
0.6968, 0.0919
0.6968, 0.0919
0.6968, 0.0919
0.6968, 0.0919
0.6968, 0.0919
0.6968, 0.0919
0.6968, 0.0919
0.6968, 0.0919
0.6968, 0.0919
0.6968, 0.0919
0.6968, 0.0892
0.6968, 0.0892
0.6968, 0.0892
0.6968, 0.0892
0.7021, 0.0865
0.7021, 0.0865
0.7021, 0.0865
0.7021, 0.0865
0.7021, 0.0865
0.7021, 0.0865
0.7021, 0.0865
0.7021, 0.0865
0.7021, 0.0865
0.7021, 0.0865
0.7021, 0.0865
0.7021, 0.0865
0.7021, 0.0838
0.7021, 0.0838
0.7021, 0.0838
0.7021, 0.0838
0.7021, 0.0838
0.7021, 0.0811
0.7021, 0.0811
0.7021, 0.0811
0.7021, 0.0811
0.7021, 0.0784
0.7021, 0.0784
0.7074, 0.0784
0.7074, 0.0784
0.7074, 0.0784
0.7074, 0.0784
0.7074, 0.0784
0.7074, 0.0784
0.7074, 0.0784
0.7074, 0.0784
0.7074, 0.0784
0.7074, 0.0757
0.7074, 0.0757
0.7074, 0.0757
0.7074, 0.0757
0.7074, 0.0757
0.7074, 0.0730
0.7074, 0.0730
0.7074, 0.0730
0.7074, 0.0730
0.7074, 0.0730
0.7074, 0.0730
0.7074, 0.0730
0.7074, 0.0730
0.7074, 0.0730
0.7074, 0.0703
0.7074, 0.0703
0.7074, 0.0703
0.7074, 0.0703
0.7074, 0.0676
0.7074, 0.0676
0.7074, 0.0676
0.7074, 0.0676
0.7074, 0.0676
0.7074, 0.0676
0.7074, 0.0676
0.7074, 0.0676
0.7074, 0.0676
0.7074, 0.0649
0.7074, 0.0649
0.7074, 0.0649
0.7074, 0.0649
0.7074, 0.0622
0.7074, 0.0622
0.7074, 0.0622
0.7074, 0.0622
0.7074, 0.0622
0.7074, 0.0595
0.7074, 0.0595
0.7128, 0.0595
0.7128, 0.0595
0.7128, 0.0595
0.7128, 0.0595
0.7128, 0.0595
0.7128, 0.0595
0.7128, 0.0595
0.7128, 0.0595
0.7128, 0.0568
0.7128, 0.0568
0.7128, 0.0568
0.7128, 0.0568
0.7128, 0.0568
0.7128, 0.0541
0.7128, 0.0541
0.7128, 0.0541
0.7128, 0.0541
0.7128, 0.0541
0.7128, 0.0541
0.7128, 0.0541
0.7128, 0.0541
0.7128, 0.0541
0.7128, 0.0541
0.7181, 0.0541
0.7181, 0.0541
0.7181, 0.0514
0.7181, 0.0514
0.7181, 0.0514
0.7181, 0.0514
0.7181, 0.0514
0.7181, 0.0514
0.7181, 0.0514
0.7181, 0.0486
0.7181, 0.0486
0.7181, 0.0486
0.7181, 0.0486
0.7181, 0.0486
0.7181, 0.0459
0.7181, 0.0459
0.7181, 0.0459
0.7181, 0.0459
0.7181, 0.0459
0.7181, 0.0459
0.7181, 0.0459
0.7181, 0.0459
0.7181, 0.0459
0.7181, 0.0459
0.7181, 0.0459
0.7181, 0.0459
0.7181, 0.0459
0.7181, 0.0459
0.7234, 0.0432
0.7234, 0.0432
0.7234, 0.0432
0.7234, 0.0432
0.7234, 0.0432
0.7234, 0.0432
0.7234, 0.0432
0.7234, 0.0432
0.7234, 0.0405
0.7234, 0.0405
0.7234, 0.0405
0.7234, 0.0405
0.7287, 0.0405
0.7287, 0.0405
0.7287, 0.0405
0.7287, 0.0405
0.7287, 0.0405
0.7287, 0.0405
0.7287, 0.0405
0.7287, 0.0405
0.7340, 0.0378
0.7340, 0.0378
0.7340, 0.0378
0.7340, 0.0378
0.7340, 0.0351
0.7340, 0.0351
0.7340, 0.0351
0.7340, 0.0351
0.7340, 0.0351
0.7340, 0.0351
0.7340, 0.0351
0.7340, 0.0324
0.7340, 0.0324
0.7340, 0.0324
0.7340, 0.0324
0.7340, 0.0324
0.7394, 0.0324
0.7394, 0.0324
0.7394, 0.0324
0.7394, 0.0324
0.7394, 0.0324
0.7394, 0.0324
0.7394, 0.0324
0.7447, 0.0324
0.7447, 0.0324
0.7447, 0.0297
0.7447, 0.0297
0.7447, 0.0297
0.7447, 0.0297
0.7447, 0.0297
0.7447, 0.0270
0.7447, 0.0270
0.7500, 0.0270
0.7500, 0.0270
0.7500, 0.0270
0.7500, 0.0270
0.7500, 0.0270
0.7553, 0.0270
0.7553, 0.0270
0.7553, 0.0270
0.7553, 0.0270
0.7553, 0.0243
0.7553, 0.0243
0.7553, 0.0243
0.7553, 0.0243
0.7553, 0.0243
0.7553, 0.0243
0.7553, 0.0243
0.7553, 0.0243
0.7606, 0.0216
0.7606, 0.0216
0.7606, 0.0216
0.7606, 0.0216
0.7660, 0.0189
0.7660, 0.0189
0.7660, 0.0189
0.7660, 0.0189
0.7660, 0.0189
0.7713, 0.0189
0.7713, 0.0189
0.7713, 0.0189
0.7713, 0.0189
0.7713, 0.0189
0.7713, 0.0189
0.7713, 0.0189
0.7713, 0.0189
0.7713, 0.0189
0.7713, 0.0189
0.7713, 0.0189
0.7713, 0.0189
0.7766, 0.0162
0.7766, 0.0162
0.7766, 0.0162
0.7766, 0.0162
0.7766, 0.0162
0.7766, 0.0162
0.7766, 0.0162
0.7819, 0.0162
0.7819, 0.0162
0.7819, 0.0162
0.7819, 0.0162
0.7819, 0.0135
0.7819, 0.0135
0.7819, 0.0135
0.7819, 0.0135
0.7819, 0.0135
0.7819, 0.0135
0.7819, 0.0135
0.7872, 0.0135
0.7872, 0.0135
0.7872, 0.0135
0.7872, 0.0135
0.7872, 0.0135
0.7872, 0.0135
0.7872, 0.0135
0.7926, 0.0135
0.7926, 0.0135
0.7926, 0.0135
0.7926, 0.0135
0.7926, 0.0135
0.7979, 0.0135
0.7979, 0.0135
0.7979, 0.0108
0.7979, 0.0108
0.7979, 0.0108
0.7979, 0.0108
0.7979, 0.0108
0.7979, 0.0108
0.7979, 0.0108
0.8032, 0.0108
0.8032, 0.0108
0.8085, 0.0108
0.8085, 0.0108
0.8085, 0.0108
0.8085, 0.0108
0.8085, 0.0108
0.8085, 0.0081
0.8085, 0.0081
0.8138, 0.0081
0.8138, 0.0081
0.8191, 0.0081
0.8191, 0.0081
0.8191, 0.0081
0.8245, 0.0081
0.8245, 0.0081
0.8245, 0.0081
0.8245, 0.0081
0.8245, 0.0081
0.8245, 0.0054
0.8245, 0.0054
0.8245, 0.0054
0.8245, 0.0054
0.8298, 0.0054
0.8298, 0.0054
0.8351, 0.0054
0.8351, 0.0054
0.8351, 0.0054
0.8351, 0.0054
0.8351, 0.0054
0.8404, 0.0054
0.8404, 0.0054
0.8457, 0.0054
0.8457, 0.0054
0.8511, 0.0054
0.8511, 0.0054
0.8511, 0.0054
0.8511, 0.0054
0.8511, 0.0054
0.8511, 0.0054
0.8511, 0.0054
0.8564, 0.0054
0.8564, 0.0054
0.8617, 0.0054
0.8617, 0.0054
0.8617, 0.0027
0.8617, 0.0027
0.8670, 0.0027
0.8670, 0.0027
0.8670, 0.0027
0.8723, 0.0027
0.8723, 0.0027
0.8777, 0.0027
0.8777, 0.0027
0.8777, 0.0027
0.8777, 0.0027
0.8830, 0.0027
0.8830, 0.0027
0.8883, 0.0027
0.8883, 0.0027
0.8883, 0.0027
0.8883, 0.0027
0.8883, 0.0027
0.8936, 0.0027
0.8936, 0.0027
0.8989, 0.0027
0.8989, 0.0027
0.9043, 0.0027
0.9043, 0.0027
0.9043, 0.0027
0.9043, 0.0000
0.9043, 0.0000
0.9149, 0.0000
0.9149, 0.0000
0.9149, 0.0000
0.9149, 0.0000
0.9202, 0.0000
0.9202, 0.0000
0.9255, 0.0000
0.9255, 0.0000
0.9255, 0.0000
0.9309, 0.0000
0.9309, 0.0000
0.9309, 0.0000
0.9309, 0.0000
0.9362, 0.0000
0.9362, 0.0000
0.9415, 0.0000
0.9415, 0.0000
0.9415, 0.0000
0.9415, 0.0000
0.9415, 0.0000
0.9468, 0.0000
0.9468, 0.0000
0.9521, 0.0000
0.9521, 0.0000
0.9574, 0.0000
0.9574, 0.0000
0.9574, 0.0000
0.9574, 0.0000
0.9574, 0.0000
0.9574, 0.0000
0.9574, 0.0000
0.9628, 0.0000
0.9628, 0.0000
0.9628, 0.0000
0.9628, 0.0000
0.9628, 0.0000
0.9628, 0.0000
0.9628, 0.0000
0.9681, 0.0000
0.9681, 0.0000
0.9681, 0.0000
0.9681, 0.0000
0.9681, 0.0000
0.9681, 0.0000
0.9681, 0.0000
0.9681, 0.0000
0.9681, 0.0000
0.9681, 0.0000
0.9681, 0.0000
0.9681, 0.0000
0.9681, 0.0000
0.9681, 0.0000
0.9681, 0.0000
0.9681, 0.0000
0.9681, 0.0000
0.9681, 0.0000
0.9681, 0.0000
0.9681, 0.0000
0.9681, 0.0000
0.9681, 0.0000
0.9681, 0.0000
0.9681, 0.0000
0.9681, 0.0000
0.9681, 0.0000
0.9681, 0.0000
0.9681, 0.0000
0.9681, 0.0000
0.9681, 0.0000
0.9681, 0.0000
0.9681, 0.0000
0.9681, 0.0000
0.9681, 0.0000
0.9681, 0.0000
0.9681, 0.0000
0.9681, 0.0000
0.9681, 0.0000
0.9681, 0.0000
0.9681, 0.0000
0.9681, 0.0000
0.9681, 0.0000
0.9681, 0.0000
0.9681, 0.0000
0.0000, 1.0000
0.0000, 1.0000
0.0000, 1.0000
0.0000, 1.0000
0.0000, 1.0000
0.0000, 1.0000
0.0000, 1.0000
0.0000, 1.0000
0.0000, 1.0000
0.0000, 1.0000
0.0000, 1.0000
0.0000, 1.0000
0.0000, 1.0000
0.0000, 1.0000
0.0000, 1.0000
0.0000, 1.0000
0.0000, 1.0000
0.0000, 1.0000
0.0000, 1.0000
0.0000, 1.0000
0.0000, 1.0000
0.0000, 1.0000
0.0000, 1.0000
0.0000, 1.0000
0.0000, 1.0000
0.0000, 1.0000
0.0000, 1.0000
0.0000, 1.0000
0.0000, 1.0000
0.0000, 1.0000
0.0000, 1.0000
0.0000, 1.0000
