0.2356, 0.0108
0.2356, 0.0108
0.2356, 0.0108
0.2356, 0.0108
0.2356, 0.0108
0.2356, 0.0108
0.2356, 0.0108
0.2356, 0.0108
0.2356, 0.0108
0.2356, 0.0108
0.2356, 0.0108
0.2356, 0.0108
0.2356, 0.0108
0.2356, 0.0108
0.2356, 0.0108
0.2356, 0.0108
0.2356, 0.0108
0.2356, 0.0108
0.2356, 0.0108
0.2356, 0.0108
0.2356, 0.0108
0.2356, 0.0108
0.2356, 0.0108
0.2356, 0.0108
0.2356, 0.0108
0.2356, 0.0108
0.2356, 0.0108
0.2356, 0.0108
0.2356, 0.0108
0.2356, 0.0108
0.2356, 0.0108
0.2356, 0.0108
0.2356, 0.0108
0.2356, 0.0108
0.2356, 0.0108
0.2356, 0.0108
0.2356, 0.0108
0.2356, 0.0108
0.2356, 0.0108
0.2356, 0.0108
0.2356, 0.0108
0.2356, 0.0108
0.2356, 0.0108
0.2356, 0.0108
0.2356, 0.0108
0.2356, 0.0108
0.2356, 0.0108
0.2356, 0.0108
0.2356, 0.0108
0.2356, 0.0108
0.2356, 0.0108
0.2356, 0.0108
0.2356, 0.0108
0.2356, 0.0108
0.2356, 0.0108
0.2356, 0.0108
0.2356, 0.0108
0.2356, 0.0108
0.2356, 0.0108
0.2356, 0.0108
0.2356, 0.0108
0.2356, 0.0108
0.2356, 0.0108
0.2356, 0.0108
0.2356, 0.0108
0.2356, 0.0108
0.2356, 0.0108
0.2356, 0.0108
0.2356, 0.0108
0.2356, 0.0108
0.2356, 0.0108
0.2356, 0.0108
0.2356, 0.0108
0.2356, 0.0108
0.2356, 0.0108
0.2356, 0.0108
0.2356, 0.0108
0.2356, 0.0108
0.2356, 0.0108
0.2356, 0.0108
0.2356, 0.0108
0.2356, 0.0108
0.2356, 0.0108
0.2356, 0.0108
0.2404, 0.0108
0.2404, 0.0108
0.2404, 0.0108
0.2404, 0.0108
0.2404, 0.0108
0.2404, 0.0108
0.2404, 0.0108
0.2404, 0.0108
0.2452, 0.0108
0.2452, 0.0108
0.2452, 0.0108
0.2452, 0.0108
0.2452, 0.0108
0.2452, 0.0108
0.2452, 0.0108
0.2452, 0.0108
0.2452, 0.0081
0.2452, 0.0081
0.2452, 0.0081
0.2452, 0.0081
0.2452, 0.0081
0.2452, 0.0081
0.2452, 0.0081
0.2452, 0.0081
0.2452, 0.0081
0.2500, 0.0081
0.2500, 0.0081
0.2500, 0.0081
0.2500, 0.0081
0.2500, 0.0054
0.2500, 0.0054
0.2500, 0.0054
0.2500, 0.0054
0.2500, 0.0054
0.2500, 0.0054
0.2500, 0.0054
0.2500, 0.0054
0.2548, 0.0054
0.2548, 0.0054
0.2548, 0.0054
0.2548, 0.0054
0.2548, 0.0054
0.2548, 0.0054
0.2548, 0.0054
0.2548, 0.0054
0.2548, 0.0054
0.2596, 0.0054
0.2596, 0.0054
0.2596, 0.0054
0.2596, 0.0054
0.2596, 0.0054
0.2596, 0.0054
0.2596, 0.0054
0.2596, 0.0054
0.2596, 0.0054
0.2596, 0.0054
0.2596, 0.0054
0.2596, 0.0054
0.2596, 0.0054
0.2596, 0.0054
0.2596, 0.0054
0.2596, 0.0054
0.2596, 0.0054
0.2596, 0.0054
0.2644, 0.0054
0.2644, 0.0054
0.2644, 0.0054
0.2644, 0.0054
0.2644, 0.0054
0.2644, 0.0027
0.2644, 0.0027
0.2644, 0.0027
0.2692, 0.0027
0.2692, 0.0027
0.2692, 0.0027
0.2692, 0.0027
0.2692, 0.0027
0.2692, 0.0027
0.2692, 0.0027
0.2692, 0.0027
0.2692, 0.0027
0.2692, 0.0027
0.2692, 0.0027
0.2692, 0.0027
0.2692, 0.0027
0.2692, 0.0027
0.2692, 0.0027
0.2692, 0.0027
0.2692, 0.0000
0.2692, 0.0000
0.2692, 0.0000
0.2692, 0.0000
0.2740, 0.0000
0.2740, 0.0000
0.2740, 0.0000
0.2740, 0.0000
0.2740, 0.0000
0.2740, 0.0000
0.2740, 0.0000
0.2740, 0.0000
0.2788, 0.0000
0.2788, 0.0000
0.2788, 0.0000
0.2788, 0.0000
0.2788, 0.0000
0.2788, 0.0000
0.2788, 0.0000
0.2788, 0.0000
0.2788, 0.0000
0.2788, 0.0000
0.2788, 0.0000
0.2788, 0.0000
0.2788, 0.0000
0.2837, 0.0000
0.2837, 0.0000
0.2837, 0.0000
0.2885, 0.0000
0.2885, 0.0000
0.2885, 0.0000
0.2885, 0.0000
0.2885, 0.0000
0.2885, 0.0000
0.2885, 0.0000
0.2885, 0.0000
0.2885, 0.0000
0.2933, 0.0000
0.2933, 0.0000
0.2933, 0.0000
0.2933, 0.0000
0.2933, 0.0000
0.2933, 0.0000
0.2933, 0.0000
0.2933, 0.0000
0.2933, 0.0000
0.2933, 0.0000
0.2933, 0.0000
0.2933, 0.0000
0.2981, 0.0000
0.2981, 0.0000
0.2981, 0.0000
0.2981, 0.0000
0.2981, 0.0000
0.2981, 0.0000
0.2981, 0.0000
0.2981, 0.0000
0.3029, 0.0000
0.3029, 0.0000
0.3029, 0.0000
0.3029, 0.0000
0.3029, 0.0000
0.3029, 0.0000
0.3029, 0.0000
0.3029, 0.0000
0.3029, 0.0000
0.3029, 0.0000
0.3029, 0.0000
0.3029, 0.0000
0.3029, 0.0000
0.3029, 0.0000
0.3029, 0.0000
0.3029, 0.0000
0.3029, 0.0000
0.3029, 0.0000
0.3077, 0.0000
0.3077, 0.0000
0.3077, 0.0000
0.3077, 0.0000
0.3077, 0.0000
0.3077, 0.0000
0.3077, 0.0000
0.3077, 0.0000
0.3077, 0.0000
0.3125, 0.0000
0.3125, 0.0000
0.3125, 0.0000
0.3125, 0.0000
0.3125, 0.0000
0.3125, 0.0000
0.3125, 0.0000
0.3125, 0.0000
0.3173, 0.0000
0.3173, 0.0000
0.3173, 0.0000
0.3173, 0.0000
0.3173, 0.0000
0.3173, 0.0000
0.3173, 0.0000
0.3173, 0.0000
0.3221, 0.0000
0.3221, 0.0000
0.3221, 0.0000
0.3221, 0.0000
0.3269, 0.0000
0.3269, 0.0000
0.3269, 0.0000
0.3269, 0.0000
0.3269, 0.0000
0.3269, 0.0000
0.3269, 0.0000
0.3269, 0.0000
0.3317, 0.0000
0.3317, 0.0000
0.3317, 0.0000
0.3317, 0.0000
0.3365, 0.0000
0.3365, 0.0000
0.3365, 0.0000
0.3365, 0.0000
0.3365, 0.0000
0.3365, 0.0000
0.3365, 0.0000
0.3365, 0.0000
0.3365, 0.0000
0.3413, 0.0000
0.3413, 0.0000
0.3413, 0.0000
0.3413, 0.0000
0.3413, 0.0000
0.3413, 0.0000
0.3413, 0.0000
0.3413, 0.0000
0.3413, 0.0000
0.3413, 0.0000
0.3413, 0.0000
0.3413, 0.0000
0.3413, 0.0000
0.3413, 0.0000
0.3413, 0.0000
0.3413, 0.0000
0.3413, 0.0000
0.3413, 0.0000
0.3413, 0.0000
0.3413, 0.0000
0.3413, 0.0000
0.3413, 0.0000
0.3413, 0.0000
0.3413, 0.0000
0.3413, 0.0000
0.3413, 0.0000
0.3413, 0.0000
0.3413, 0.0000
0.3413, 0.0000
0.3413, 0.0000
0.3413, 0.0000
0.3413, 0.0000
0.3413, 0.0000
0.3413, 0.0000
0.3413, 0.0000
0.3413, 0.0000
0.3413, 0.0000
0.3462, 0.0000
0.3462, 0.0000
0.3462, 0.0000
0.3462, 0.0000
0.3510, 0.0000
0.3510, 0.0000
0.3510, 0.0000
0.3510, 0.0000
0.3510, 0.0000
0.3510, 0.0000
0.3510, 0.0000
0.3510, 0.0000
0.3510, 0.0000
0.3510, 0.0000
0.3510, 0.0000
0.3510, 0.0000
0.3510, 0.0000
0.3558, 0.0000
0.3558, 0.0000
0.3558, 0.0000
0.3558, 0.0000
0.3558, 0.0000
0.3558, 0.0000
0.3558, 0.0000
0.3558, 0.0000
0.3606, 0.0000
0.3606, 0.0000
0.3606, 0.0000
0.3606, 0.0000
0.3606, 0.0000
0.3606, 0.0000
0.3606, 0.0000
0.3606, 0.0000
0.3606, 0.0000
0.3606, 0.0000
0.3606, 0.0000
0.3606, 0.0000
0.3654, 0.0000
0.3654, 0.0000
0.3654, 0.0000
0.3654, 0.0000
0.3654, 0.0000
0.3654, 0.0000
0.3654, 0.0000
0.3654, 0.0000
0.3654, 0.0027
0.3654, 0.0027
0.3654, 0.0027
0.3654, 0.0027
0.3654, 0.0027
0.3654, 0.0027
0.3654, 0.0027
0.3654, 0.0027
0.3654, 0.0027
0.3654, 0.0027
0.3654, 0.0027
0.3654, 0.0027
0.3702, 0.0027
0.3702, 0.0027
0.3702, 0.0027
0.3702, 0.0027
0.3750, 0.0027
0.3750, 0.0027
0.3750, 0.0027
0.3750, 0.0027
0.3750, 0.0027
0.3750, 0.0027
0.3750, 0.0027
0.3750, 0.0027
0.3750, 0.0027
0.3750, 0.0027
0.3750, 0.0027
0.3750, 0.0027
0.3798, 0.0027
0.3798, 0.0027
0.3798, 0.0027
0.3798, 0.0027
0.3798, 0.0027
0.3798, 0.0027
0.3798, 0.0027
0.3798, 0.0027
0.3846, 0.0027
0.3846, 0.0027
0.3846, 0.0027
0.3846, 0.0027
0.3846, 0.0027
0.3846, 0.0027
0.3846, 0.0027
0.3846, 0.0027
0.3846, 0.0027
0.3846, 0.0054
0.3846, 0.0054
0.3846, 0.0054
0.3894, 0.0054
0.3894, 0.0054
0.3894, 0.0054
0.3894, 0.0054
0.3894, 0.0054
0.3894, 0.0054
0.3894, 0.0054
0.3894, 0.0054
0.3894, 0.0054
0.3894, 0.0054
0.3894, 0.0054
0.3894, 0.0054
0.3942, 0.0081
0.3942, 0.0081
0.3942, 0.0081
0.3942, 0.0081
0.3942, 0.0081
0.3942, 0.0081
0.3942, 0.0081
0.3942, 0.0081
0.3990, 0.0081
0.3990, 0.0081
0.3990, 0.0081
0.3990, 0.0081
0.3990, 0.0108
0.3990, 0.0108
0.3990, 0.0108
0.3990, 0.0108
0.3990, 0.0108
0.3990, 0.0108
0.3990, 0.0108
0.3990, 0.0108
0.4038, 0.0108
0.4038, 0.0108
0.4038, 0.0108
0.4038, 0.0108
0.4087, 0.0108
0.4087, 0.0108
0.4087, 0.0108
0.4087, 0.0108
0.4087, 0.0108
0.4087, 0.0108
0.4087, 0.0108
0.4135, 0.0108
0.4135, 0.0108
0.4135, 0.0108
0.4135, 0.0108
0.4135, 0.0108
0.4135, 0.0108
0.4135, 0.0108
0.4135, 0.0108
0.4135, 0.0108
0.4135, 0.0108
0.4135, 0.0108
0.4135, 0.0108
0.4135, 0.0135
0.4135, 0.0135
0.4135, 0.0135
0.4135, 0.0135
0.4135, 0.0135
0.4135, 0.0135
0.4135, 0.0135
0.4135, 0.0135
0.4183, 0.0135
0.4183, 0.0135
0.4183, 0.0135
0.4183, 0.0135
0.4231, 0.0162
0.4231, 0.0162
0.4231, 0.0162
0.4231, 0.0162
0.4231, 0.0162
0.4231, 0.0162
0.4231, 0.0162
0.4231, 0.0162
0.4231, 0.0162
0.4231, 0.0162
0.4231, 0.0162
0.4231, 0.0162
0.4279, 0.0189
0.4279, 0.0189
0.4279, 0.0189
0.4327, 0.0189
0.4327, 0.0189
0.4327, 0.0189
0.4327, 0.0189
0.4327, 0.0216
0.4327, 0.0216
0.4327, 0.0216
0.4327, 0.0216
0.4327, 0.0243
0.4327, 0.0243
0.4327, 0.0243
0.4327, 0.0243
0.4375, 0.0243
0.4375, 0.0243
0.4375, 0.0243
0.4423, 0.0243
0.4423, 0.0243
0.4423, 0.0243
0.4423, 0.0243
0.4423, 0.0243
0.4423, 0.0243
0.4423, 0.0243
0.4423, 0.0243
0.4471, 0.0243
0.4471, 0.0243
0.4471, 0.0243
0.4471, 0.0270
0.4471, 0.0270
0.4471, 0.0270
0.4471, 0.0270
0.4471, 0.0270
0.4471, 0.0270
0.4471, 0.0270
0.4471, 0.0270
0.4471, 0.0270
0.4471, 0.0270
0.4471, 0.0270
0.4471, 0.0270
0.4519, 0.0296
0.4519, 0.0296
0.4519, 0.0296
0.4519, 0.0296
0.4519, 0.0296
0.4519, 0.0296
0.4519, 0.0296
0.4519, 0.0296
0.4567, 0.0296
0.4567, 0.0296
0.4567, 0.0296
0.4567, 0.0296
0.4567, 0.0323
0.4567, 0.0323
0.4567, 0.0323
0.4567, 0.0323
0.4567, 0.0350
0.4567, 0.0350
0.4567, 0.0350
0.4615, 0.0377
0.4615, 0.0377
0.4615, 0.0377
0.4615, 0.0377
0.4663, 0.0377
0.4663, 0.0377
0.4663, 0.0377
0.4663, 0.0377
0.4663, 0.0377
0.4663, 0.0377
0.4663, 0.0377
0.4712, 0.0404
0.4712, 0.0404
0.4712, 0.0404
0.4712, 0.0404
0.4712, 0.0431
0.4712, 0.0431
0.4712, 0.0431
0.4712, 0.0431
0.4712, 0.0431
0.4712, 0.0431
0.4712, 0.0431
0.4712, 0.0431
0.4760, 0.0458
0.4760, 0.0458
0.4760, 0.0458
0.4808, 0.0458
0.4808, 0.0458
0.4808, 0.0458
0.4808, 0.0458
0.4808, 0.0485
0.4808, 0.0485
0.4808, 0.0485
0.4808, 0.0485
0.4808, 0.0512
0.4808, 0.0512
0.4808, 0.0512
0.4808, 0.0512
0.4808, 0.0512
0.4808, 0.0512
0.4808, 0.0512
0.4856, 0.0512
0.4856, 0.0512
0.4856, 0.0512
0.4856, 0.0512
0.4856, 0.0539
0.4856, 0.0539
0.4856, 0.0539
0.4856, 0.0566
0.4856, 0.0566
0.4856, 0.0566
0.4856, 0.0566
0.4904, 0.0566
0.4904, 0.0566
0.4904, 0.0566
0.4904, 0.0566
0.4904, 0.0566
0.4904, 0.0566
0.4904, 0.0566
0.4952, 0.0593
0.4952, 0.0593
0.4952, 0.0593
0.4952, 0.0620
0.4952, 0.0620
0.4952, 0.0620
0.4952, 0.0620
0.4952, 0.0620
0.4952, 0.0620
0.4952, 0.0620
0.4952, 0.0620
0.4952, 0.0620
0.4952, 0.0620
0.4952, 0.0620
0.4952, 0.0620
0.5000, 0.0647
0.5000, 0.0647
0.5000, 0.0647
0.5000, 0.0647
0.5000, 0.0674
0.5000, 0.0674
0.5000, 0.0674
0.5000, 0.0701
0.5000, 0.0701
0.5000, 0.0701
0.5000, 0.0701
0.5048, 0.0701
0.5048, 0.0701
0.5048, 0.0701
0.5048, 0.0701
0.5048, 0.0701
0.5048, 0.0701
0.5048, 0.0701
0.5048, 0.0728
0.5048, 0.0728
0.5048, 0.0728
0.5048, 0.0755
0.5048, 0.0755
0.5048, 0.0755
0.5048, 0.0755
0.5048, 0.0755
0.5048, 0.0755
0.5048, 0.0755
0.5096, 0.0755
0.5096, 0.0755
0.5096, 0.0755
0.5096, 0.0782
0.5096, 0.0782
0.5096, 0.0782
0.5096, 0.0782
0.5096, 0.0809
0.5144, 0.0836
0.5144, 0.0836
0.5192, 0.0863
0.5192, 0.0863
0.5192, 0.0889
0.5192, 0.0889
0.5240, 0.0970
0.5240, 0.0970
0.5240, 0.0970
0.5240, 0.0970
0.5240, 0.0970
0.5240, 0.0997
0.5240, 0.0997
0.5240, 0.0997
0.5240, 0.1024
0.5240, 0.1024
0.5240, 0.1024
0.5288, 0.1024
0.5288, 0.1024
0.5288, 0.1024
0.5288, 0.1024
0.5288, 0.1051
0.5288, 0.1051
0.5288, 0.1051
0.5288, 0.1051
0.5288, 0.1051
0.5288, 0.1051
0.5288, 0.1051
0.5288, 0.1051
0.5288, 0.1051
0.5288, 0.1051
0.5288, 0.1051
0.5288, 0.1051
0.5288, 0.1051
0.5288, 0.1051
0.5288, 0.1051
0.5288, 0.1051
0.5288, 0.1051
0.5288, 0.1051
0.5288, 0.1051
0.5288, 0.1051
0.5288, 0.1051
0.5288, 0.1051
0.5288, 0.1051
0.5288, 0.1051
0.5288, 0.1051
0.5288, 0.1051
0.5288, 0.1051
0.5288, 0.1051
0.5288, 0.1051
0.5288, 0.1051
0.5288, 0.1051
0.5288, 0.1051
0.5288, 0.1051
0.5288, 0.1051
0.5288, 0.1051
0.5288, 0.1051
0.5288, 0.1051
0.5288, 0.1051
0.5288, 0.1051
0.5288, 0.1051
0.5288, 0.1051
0.5288, 0.1051
0.5288, 0.1051
0.5288, 0.1051
0.5288, 0.1051
0.5288, 0.1051
0.5288, 0.1051
0.5288, 0.1051
0.5288, 0.1051
0.5288, 0.1051
0.5288, 0.1051
0.5288, 0.1051
0.5288, 0.1051
0.5288, 0.1051
0.5288, 0.1051
0.5288, 0.1051
0.5288, 0.1051
0.5288, 0.1051
0.5288, 0.1051
0.5288, 0.1051
0.5288, 0.1051
0.5288, 0.1051
0.5288, 0.1051
0.5288, 0.1051
0.5288, 0.1051
0.5288, 0.1051
0.5288, 0.1051
0.5288, 0.1051
0.5288, 0.1051
0.5288, 0.1051
0.5288, 0.1051
0.5288, 0.1051
0.5288, 0.1051
0.5288, 0.1051
0.5288, 0.1051
0.5288, 0.1051
0.5288, 0.1051
0.5288, 0.1051
0.5288, 0.1051
0.5288, 0.1051
0.5288, 0.1051
0.5288, 0.1051
0.5288, 0.1051
0.5288, 0.1051
0.5288, 0.1051
0.5288, 0.1051
0.5288, 0.1051
0.5288, 0.1051
0.5288, 0.1051
0.5288, 0.1051
0.5288, 0.1051
0.5288, 0.1051
0.5288, 0.1051
0.5288, 0.1051
0.5288, 0.1051
0.5288, 0.1051
0.5288, 0.1051
0.5288, 0.1051
0.5288, 0.1051
0.5288, 0.1051
0.5288, 0.1051
0.5288, 0.1051
0.5288, 0.1051
0.5288, 0.1051
0.5288, 0.1051
0.5288, 0.1051
0.5288, 0.1051
0.5288, 0.1051
0.5288, 0.1051
0.5288, 0.1051
0.5288, 0.1051
0.5288, 0.1051
0.5288, 0.1051
0.5288, 0.1051
0.5288, 0.1051
0.5288, 0.1051
0.5288, 0.1051
0.5288, 0.1051
0.5288, 0.1051
0.5288, 0.1051
0.5288, 0.1051
0.5288, 0.1051
0.5288, 0.1051
0.5288, 0.1024
0.5288, 0.1024
0.5288, 0.1024
0.5288, 0.1024
0.5288, 0.1024
0.5288, 0.1024
0.5288, 0.1024
0.5288, 0.0997
0.5288, 0.0997
0.5288, 0.0997
0.5288, 0.0997
0.5288, 0.0997
0.5288, 0.0997
0.5288, 0.0997
0.5288, 0.0997
0.5288, 0.0997
0.5288, 0.0997
0.5288, 0.0970
0.5288, 0.0970
0.5288, 0.0970
0.5288, 0.0970
0.5288, 0.0970
0.5288, 0.0970
0.5288, 0.0970
0.5288, 0.0943
0.5288, 0.0943
0.5288, 0.0943
0.5288, 0.0943
0.5288, 0.0943
0.5288, 0.0943
0.5288, 0.0943
0.5288, 0.0943
0.5337, 0.0943
0.5337, 0.0943
0.5337, 0.0943
0.5337, 0.0943
0.5337, 0.0943
0.5337, 0.0943
0.5337, 0.0943
0.5337, 0.0916
0.5337, 0.0916
0.5337, 0.0916
0.5337, 0.0916
0.5337, 0.0916
0.5337, 0.0916
0.5337, 0.0916
0.5337, 0.0889
0.5337, 0.0889
0.5337, 0.0889
0.5337, 0.0889
0.5385, 0.0889
0.5385, 0.0889
0.5385, 0.0889
0.5385, 0.0863
0.5385, 0.0863
0.5385, 0.0863
0.5385, 0.0863
0.5385, 0.0863
0.5385, 0.0863
0.5385, 0.0863
0.5385, 0.0863
0.5385, 0.0863
0.5385, 0.0863
0.5385, 0.0863
0.5385, 0.0863
0.5385, 0.0863
0.5385, 0.0863
0.5385, 0.0863
0.5385, 0.0863
0.5385, 0.0863
0.5385, 0.0863
0.5385, 0.0863
0.5385, 0.0836
0.5385, 0.0836
0.5385, 0.0836
0.5433, 0.0836
0.5433, 0.0836
0.5433, 0.0836
0.5433, 0.0809
0.5433, 0.0809
0.5433, 0.0809
0.5433, 0.0809
0.5433, 0.0809
0.5433, 0.0809
0.5433, 0.0809
0.5433, 0.0809
0.5433, 0.0809
0.5433, 0.0809
0.5433, 0.0809
0.5433, 0.0809
0.5433, 0.0809
0.5433, 0.0809
0.5433, 0.0782
0.5433, 0.0782
0.5433, 0.0782
0.5433, 0.0782
0.5433, 0.0782
0.5433, 0.0782
0.5433, 0.0782
0.5433, 0.0755
0.5433, 0.0755
0.5433, 0.0755
0.5433, 0.0755
0.5433, 0.0755
0.5433, 0.0755
0.5433, 0.0755
0.5481, 0.0728
0.5481, 0.0728
0.5481, 0.0728
0.5481, 0.0728
0.5481, 0.0728
0.5481, 0.0728
0.5481, 0.0728
0.5481, 0.0728
0.5481, 0.0728
0.5481, 0.0728
0.5481, 0.0728
0.5481, 0.0728
0.5481, 0.0728
0.5481, 0.0728
0.5481, 0.0701
0.5481, 0.0701
0.5481, 0.0701
0.5481, 0.0701
0.5481, 0.0701
0.5481, 0.0701
0.5481, 0.0701
0.5481, 0.0701
0.5529, 0.0674
0.5529, 0.0674
0.5529, 0.0674
0.5529, 0.0674
0.5529, 0.0674
0.5529, 0.0674
0.5529, 0.0674
0.5529, 0.0674
0.5529, 0.0674
0.5529, 0.0647
0.5529, 0.0647
0.5529, 0.0647
0.5529, 0.0647
0.5529, 0.0620
0.5529, 0.0620
0.5529, 0.0620
0.5529, 0.0593
0.5529, 0.0593
0.5529, 0.0593
0.5529, 0.0593
0.5529, 0.0593
0.5529, 0.0593
0.5529, 0.0593
0.5529, 0.0593
0.5529, 0.0593
0.5529, 0.0593
0.5529, 0.0593
0.5577, 0.0593
0.5577, 0.0593
0.5577, 0.0593
0.5577, 0.0566
0.5577, 0.0566
0.5577, 0.0566
0.5577, 0.0566
0.5577, 0.0566
0.5577, 0.0566
0.5577, 0.0566
0.5577, 0.0539
0.5577, 0.0539
0.5577, 0.0539
0.5577, 0.0539
0.5577, 0.0539
0.5577, 0.0539
0.5577, 0.0539
0.5577, 0.0539
0.5577, 0.0539
0.5577, 0.0539
0.5577, 0.0539
0.5625, 0.0512
0.5625, 0.0512
0.5625, 0.0512
0.5625, 0.0512
0.5625, 0.0485
0.5625, 0.0485
0.5625, 0.0485
0.5625, 0.0485
0.5625, 0.0485
0.5625, 0.0485
0.5625, 0.0485
0.5625, 0.0485
0.5625, 0.0485
0.5625, 0.0485
0.5625, 0.0485
0.5625, 0.0485
0.5625, 0.0485
0.5673, 0.0458
0.5673, 0.0458
0.5673, 0.0458
0.5673, 0.0458
0.5673, 0.0458
0.5673, 0.0458
0.5673, 0.0458
0.5673, 0.0458
0.5673, 0.0431
0.5673, 0.0431
0.5673, 0.0431
0.5673, 0.0431
0.5673, 0.0431
0.5673, 0.0431
0.5673, 0.0431
0.5673, 0.0404
0.5673, 0.0404
0.5673, 0.0404
0.5673, 0.0404
0.5673, 0.0404
0.5673, 0.0404
0.5673, 0.0404
0.5673, 0.0404
0.5673, 0.0404
0.5673, 0.0404
0.5673, 0.0377
0.5673, 0.0377
0.5673, 0.0377
0.5673, 0.0377
0.5673, 0.0377
0.5673, 0.0377
0.5673, 0.0377
0.5721, 0.0350
0.5721, 0.0350
0.5721, 0.0350
0.5721, 0.0350
0.5721, 0.0350
0.5721, 0.0350
0.5721, 0.0350
0.5721, 0.0350
0.5721, 0.0350
0.5721, 0.0350
0.5721, 0.0323
0.5721, 0.0323
0.5721, 0.0323
0.5721, 0.0323
0.5769, 0.0323
0.5769, 0.0323
0.5769, 0.0323
0.5769, 0.0296
0.5769, 0.0296
0.5769, 0.0296
0.5769, 0.0296
0.5769, 0.0296
0.5769, 0.0296
0.5769, 0.0296
0.5769, 0.0296
0.5769, 0.0296
0.5769, 0.0296
0.5769, 0.0270
0.5769, 0.0270
0.5769, 0.0270
0.5769, 0.0270
0.5769, 0.0270
0.5769, 0.0270
0.5769, 0.0270
0.5769, 0.0270
0.5769, 0.0270
0.5769, 0.0270
0.5817, 0.0270
0.5817, 0.0270
0.5817, 0.0270
0.5817, 0.0270
0.5817, 0.0270
0.5817, 0.0270
0.5817, 0.0270
0.5817, 0.0243
0.5817, 0.0243
0.5817, 0.0243
0.5817, 0.0243
0.5817, 0.0243
0.5817, 0.0243
0.5817, 0.0243
0.5817, 0.0243
0.5817, 0.0243
0.5817, 0.0243
0.5817, 0.0243
0.5817, 0.0243
0.5817, 0.0243
0.5865, 0.0243
0.5865, 0.0243
0.5865, 0.0243
0.5865, 0.0216
0.5865, 0.0216
0.5865, 0.0216
0.5865, 0.0216
0.5865, 0.0216
0.5865, 0.0216
0.5865, 0.0216
0.5865, 0.0216
0.5865, 0.0216
0.5865, 0.0216
0.5865, 0.0216
0.5865, 0.0216
0.5865, 0.0216
0.5865, 0.0216
0.5865, 0.0216
0.5865, 0.0216
0.5865, 0.0216
0.5865, 0.0216
0.5865, 0.0216
0.5865, 0.0216
0.5913, 0.0216
0.5913, 0.0216
0.5913, 0.0216
0.5913, 0.0216
0.5913, 0.0216
0.5913, 0.0216
0.5913, 0.0216
0.5913, 0.0216
0.5913, 0.0216
0.5913, 0.0216
0.5913, 0.0216
0.5913, 0.0216
0.5913, 0.0216
0.5913, 0.0216
0.5913, 0.0216
0.5913, 0.0216
0.5913, 0.0216
0.5913, 0.0216
0.5913, 0.0216
0.5913, 0.0216
0.5913, 0.0216
0.5913, 0.0216
0.5913, 0.0216
0.5913, 0.0216
0.5913, 0.0216
0.5913, 0.0216
0.5913, 0.0216
0.5913, 0.0216
0.5913, 0.0216
0.5913, 0.0216
0.5913, 0.0216
0.5913, 0.0216
0.5913, 0.0216
0.5913, 0.0216
0.5913, 0.0216
0.5913, 0.0216
0.5913, 0.0216
0.5913, 0.0216
0.5913, 0.0216
0.5913, 0.0216
0.5913, 0.0216
0.5913, 0.0216
0.5913, 0.0216
0.5913, 0.0216
0.5913, 0.0216
0.5913, 0.0216
0.5913, 0.0216
0.5913, 0.0216
0.5913, 0.0216
0.5913, 0.0216
0.5913, 0.0216
0.5913, 0.0216
0.5913, 0.0216
0.5913, 0.0216
0.5913, 0.0216
0.5913, 0.0216
0.5913, 0.0216
0.5913, 0.0216
0.5913, 0.0216
0.5913, 0.0216
0.5913, 0.0216
0.5913, 0.0216
0.5913, 0.0216
0.5913, 0.0216
0.5913, 0.0216
0.5913, 0.0216
0.5913, 0.0216
0.5913, 0.0216
0.5913, 0.0216
0.5913, 0.0216
0.5913, 0.0216
0.5913, 0.0216
0.5913, 0.0216
0.5913, 0.0216
0.5913, 0.0216
0.5913, 0.0216
0.5913, 0.0216
0.5913, 0.0216
0.5913, 0.0216
0.5913, 0.0216
0.5913, 0.0216
0.5913, 0.0216
0.5913, 0.0216
0.5913, 0.0216
0.5913, 0.0216
0.5913, 0.0216
0.5913, 0.0216
0.5913, 0.0216
0.5913, 0.0216
0.5913, 0.0216
0.5913, 0.0216
0.5913, 0.0216
0.5913, 0.0216
0.5913, 0.0216
0.5913, 0.0216
0.5913, 0.0216
0.5913, 0.0216
0.5913, 0.0216
0.5913, 0.0216
0.5913, 0.0216
0.5913, 0.0216
0.5913, 0.0216
0.5913, 0.0216
0.5913, 0.0216
0.5913, 0.0216
0.5913, 0.0216
0.5913, 0.0216
0.5913, 0.0216
0.5913, 0.0216
0.5913, 0.0216
0.5913, 0.0216
0.5913, 0.0216
0.5913, 0.0216
0.5913, 0.0216
0.5913, 0.0216
0.5913, 0.0216
0.5913, 0.0216
0.5913, 0.0216
0.5913, 0.0216
0.5913, 0.0216
0.5913, 0.0216
0.5913, 0.0216
0.5913, 0.0216
0.5913, 0.0216
0.5913, 0.0216
0.5913, 0.0216
0.5913, 0.0216
0.5913, 0.0216
0.5913, 0.0216
0.5913, 0.0216
0.5913, 0.0216
0.5913, 0.0216
0.5913, 0.0216
0.5913, 0.0216
0.5913, 0.0216
0.5913, 0.0216
0.5913, 0.0216
0.5962, 0.0216
0.5962, 0.0216
0.5962, 0.0216
0.6010, 0.0243
0.6010, 0.0243
0.6010, 0.0243
0.6010, 0.0243
0.6010, 0.0243
0.6010, 0.0243
0.6010, 0.0243
0.6010, 0.0243
0.6010, 0.0243
0.6010, 0.0243
0.6058, 0.0270
0.6058, 0.0270
0.6058, 0.0270
0.6106, 0.0296
0.6106, 0.0296
0.6106, 0.0296
0.6154, 0.0323
0.6154, 0.0323
0.6154, 0.0323
0.6154, 0.0323
0.6154, 0.0323
0.6154, 0.0323
0.6154, 0.0323
0.6154, 0.0377
0.6154, 0.0377
0.6154, 0.0377
0.6202, 0.0404
0.6202, 0.0404
0.6202, 0.0404
0.6202, 0.0404
0.6202, 0.0404
0.6202, 0.0404
0.6202, 0.0404
0.6250, 0.0431
0.6250, 0.0431
0.6250, 0.0431
0.6250, 0.0458
0.6250, 0.0458
0.6250, 0.0458
0.6250, 0.0458
0.6250, 0.0458
0.6250, 0.0458
0.6250, 0.0458
0.6250, 0.0458
0.6250, 0.0458
0.6250, 0.0458
0.6298, 0.0485
0.6298, 0.0485
0.6298, 0.0485
0.6298, 0.0485
0.6298, 0.0485
0.6298, 0.0485
0.6298, 0.0512
0.6298, 0.0512
0.6298, 0.0512
0.6298, 0.0512
0.6346, 0.0512
0.6346, 0.0512
0.6346, 0.0512
0.6346, 0.0539
0.6346, 0.0539
0.6346, 0.0539
0.6394, 0.0539
0.6394, 0.0539
0.6394, 0.0539
0.6394, 0.0539
0.6394, 0.0539
0.6394, 0.0539
0.6394, 0.0566
0.6394, 0.0566
0.6394, 0.0566
0.6394, 0.0566
0.6394, 0.0566
0.6394, 0.0566
0.6394, 0.0566
0.6442, 0.0593
0.6442, 0.0593
0.6442, 0.0593
0.6442, 0.0593
0.6442, 0.0593
0.6442, 0.0593
0.6490, 0.0593
0.6490, 0.0593
0.6490, 0.0593
0.6490, 0.0620
0.6490, 0.0620
0.6490, 0.0620
0.6490, 0.0647
0.6490, 0.0647
0.6490, 0.0647
0.6490, 0.0647
0.6490, 0.0647
0.6490, 0.0647
0.6490, 0.0647
0.6538, 0.0647
0.6538, 0.0647
0.6538, 0.0647
0.6538, 0.0647
0.6538, 0.0647
0.6538, 0.0647
0.6538, 0.0674
0.6538, 0.0674
0.6538, 0.0674
0.6587, 0.0674
0.6587, 0.0674
0.6587, 0.0674
0.6587, 0.0701
0.6587, 0.0701
0.6587, 0.0701
0.6635, 0.0701
0.6635, 0.0701
0.6635, 0.0701
0.6635, 0.0701
0.6635, 0.0728
0.6635, 0.0728
0.6635, 0.0728
0.6635, 0.0728
0.6635, 0.0728
0.6635, 0.0728
0.6635, 0.0728
0.6635, 0.0728
0.6635, 0.0728
0.6683, 0.0755
0.6683, 0.0755
0.6683, 0.0755
0.6683, 0.0782
0.6683, 0.0782
0.6683, 0.0782
0.6683, 0.0782
0.6683, 0.0782
0.6683, 0.0782
0.6683, 0.0782
0.6731, 0.0809
0.6731, 0.0809
0.6731, 0.0809
0.6731, 0.0809
0.6731, 0.0809
0.6731, 0.0809
0.6731, 0.0836
0.6731, 0.0836
0.6731, 0.0836
0.6731, 0.0863
0.6731, 0.0863
0.6731, 0.0863
0.6779, 0.0863
0.6779, 0.0863
0.6779, 0.0863
0.6779, 0.0863
0.6779, 0.0863
0.6779, 0.0863
0.6779, 0.0863
0.6779, 0.0863
0.6779, 0.0863
0.6779, 0.0863
0.6827, 0.0889
0.6827, 0.0889
0.6827, 0.0889
0.6827, 0.0889
0.6827, 0.0889
0.6827, 0.0889
0.6827, 0.0889
0.6827, 0.0916
0.6827, 0.0916
0.6827, 0.0916
0.6875, 0.0916
0.6875, 0.0916
0.6875, 0.0916
0.6875, 0.0916
0.6875, 0.0916
0.6875, 0.0916
0.6875, 0.0916
0.6875, 0.0916
0.6875, 0.0916
0.6875, 0.0943
0.6875, 0.0943
0.6875, 0.0943
0.6875, 0.0943
0.6875, 0.0943
0.6875, 0.0943
0.6875, 0.0943
0.6923, 0.0943
0.6923, 0.0943
0.6923, 0.0943
0.6923, 0.0970
0.6923, 0.0970
0.6923, 0.0970
0.6923, 0.0970
0.6923, 0.0970
0.6923, 0.0970
0.6971, 0.0997
0.6971, 0.0997
0.6971, 0.0997
0.6971, 0.0997
0.6971, 0.0997
0.6971, 0.0997
0.6971, 0.0997
0.6971, 0.0997
0.6971, 0.0997
0.6971, 0.0997
0.6971, 0.0997
0.6971, 0.0997
0.6971, 0.0997
0.6971, 0.0997
0.6971, 0.0997
0.6971, 0.0997
0.6971, 0.0997
0.6971, 0.0997
0.6971, 0.0997
0.6971, 0.0997
0.6971, 0.0997
0.6971, 0.0997
0.6971, 0.0997
0.6971, 0.0997
0.6971, 0.0997
0.6971, 0.0997
0.6971, 0.0997
0.6971, 0.0997
0.6971, 0.0997
0.6971, 0.0997
0.6971, 0.0997
0.6971, 0.0997
0.6971, 0.0997
0.6971, 0.0997
0.6971, 0.0997
0.6971, 0.0997
0.6971, 0.0997
0.6971, 0.0997
0.6971, 0.0997
0.6971, 0.0997
0.6971, 0.0997
0.6971, 0.0997
0.6971, 0.0997
0.6971, 0.0997
0.6971, 0.0997
0.6971, 0.0997
0.6971, 0.0997
0.6971, 0.0997
0.6971, 0.0997
0.6971, 0.0997
0.6971, 0.0997
0.6971, 0.0997
0.6971, 0.0997
0.6971, 0.0997
0.6971, 0.0997
0.6971, 0.0997
0.6971, 0.0997
0.6971, 0.0997
0.6971, 0.0997
0.6971, 0.0997
0.6971, 0.0997
0.6971, 0.0997
0.6971, 0.0997
0.6971, 0.0997
0.6971, 0.0997
0.6971, 0.0997
0.6971, 0.0997
0.6971, 0.0997
0.6971, 0.0997
0.6971, 0.0997
0.6971, 0.0997
0.6971, 0.0997
0.6971, 0.0997
0.6971, 0.0997
0.6971, 0.0997
0.6971, 0.0997
0.6971, 0.0997
0.6971, 0.0997
0.6971, 0.0997
0.6971, 0.0997
0.6971, 0.0997
0.6971, 0.0997
0.6971, 0.0997
0.6971, 0.0997
0.6971, 0.0997
0.6971, 0.0997
0.6971, 0.0997
0.6971, 0.0997
0.6971, 0.0997
0.6971, 0.0997
0.6971, 0.0997
0.6971, 0.0997
0.6971, 0.0997
0.6971, 0.0997
0.6971, 0.0997
0.6971, 0.0997
0.6971, 0.0997
0.6971, 0.0997
0.6971, 0.0997
0.6971, 0.0997
0.6971, 0.0997
0.6971, 0.0997
0.6971, 0.0997
0.6971, 0.0997
0.6971, 0.0997
0.6971, 0.0997
0.6971, 0.0997
0.6971, 0.0997
0.6971, 0.0997
0.6971, 0.0997
0.6971, 0.0997
0.6971, 0.0997
0.6971, 0.0997
0.6971, 0.0997
0.6971, 0.0997
0.6971, 0.0997
0.6971, 0.0997
0.6971, 0.0997
0.6971, 0.0997
0.6971, 0.0997
0.6971, 0.0997
0.6971, 0.0997
0.6971, 0.0997
0.6971, 0.0997
0.6971, 0.0997
0.6971, 0.0997
0.6971, 0.0997
0.6971, 0.0997
0.6971, 0.0997
0.6971, 0.0997
0.6971, 0.0997
0.6971, 0.0997
0.6971, 0.0997
0.6971, 0.0997
0.6971, 0.0997
0.6971, 0.0997
0.6971, 0.0997
0.7019, 0.0997
0.7019, 0.0997
0.7019, 0.1024
0.7019, 0.1024
0.7019, 0.1024
0.7019, 0.1024
0.7019, 0.1024
0.7019, 0.1024
0.7019, 0.1024
0.7019, 0.1024
0.7019, 0.1024
0.7019, 0.1024
0.7019, 0.1024
0.7019, 0.1024
0.7019, 0.1024
0.7019, 0.1024
0.7019, 0.1024
0.7019, 0.1024
0.7019, 0.1024
0.7019, 0.1024
0.7019, 0.1024
0.7019, 0.1024
0.7019, 0.1024
0.7019, 0.1024
0.7019, 0.1024
0.7019, 0.1024
0.7019, 0.1024
0.7019, 0.1024
0.7019, 0.1024
0.7019, 0.1024
0.7019, 0.1024
0.7019, 0.1024
0.7019, 0.1024
0.7019, 0.1024
0.7019, 0.1051
0.7019, 0.1051
0.7019, 0.1051
0.7067, 0.1051
0.7067, 0.1051
0.7067, 0.1051
0.7067, 0.1051
0.7067, 0.1051
0.7067, 0.1051
0.7067, 0.1051
0.7067, 0.1051
0.7067, 0.1051
0.7067, 0.1051
0.7067, 0.1051
0.7067, 0.1051
0.7067, 0.1051
0.7067, 0.1051
0.7067, 0.1051
0.7067, 0.1051
0.7067, 0.1051
0.7067, 0.1051
0.7067, 0.1051
0.7067, 0.1051
0.7067, 0.1051
0.7067, 0.1051
0.7067, 0.1051
0.7067, 0.1051
0.7067, 0.1051
0.7067, 0.1051
0.7067, 0.1051
0.7067, 0.1051
0.7067, 0.1051
0.7067, 0.1051
0.7067, 0.1051
0.7067, 0.1051
0.7067, 0.1051
0.7067, 0.1051
0.7067, 0.1051
0.7067, 0.1051
0.7067, 0.1051
0.7067, 0.1051
0.7067, 0.1051
0.7067, 0.1051
0.7067, 0.1051
0.7067, 0.1051
0.7067, 0.1051
0.7067, 0.1051
0.7067, 0.1051
0.7067, 0.1051
0.7067, 0.1051
0.7067, 0.1051
0.7067, 0.1051
0.7067, 0.1051
0.7067, 0.1051
0.7067, 0.1051
0.7067, 0.1051
0.7067, 0.1051
0.7067, 0.1051
0.7067, 0.1051
0.7067, 0.1051
0.7067, 0.1051
0.7067, 0.1051
0.7067, 0.1051
0.7067, 0.1051
0.7067, 0.1051
0.7067, 0.1051
0.7067, 0.1051
0.7067, 0.1024
0.7067, 0.1024
0.7067, 0.1024
0.7067, 0.1024
0.7067, 0.1024
0.7067, 0.0997
0.7067, 0.0997
0.7067, 0.0997
0.7067, 0.0970
0.7067, 0.0970
0.7067, 0.0970
0.7115, 0.0943
0.7115, 0.0943
0.7115, 0.0943
0.7115, 0.0943
0.7115, 0.0943
0.7115, 0.0943
0.7115, 0.0916
0.7115, 0.0916
0.7115, 0.0916
0.7115, 0.0889
0.7115, 0.0889
0.7115, 0.0889
0.7115, 0.0889
0.7115, 0.0889
0.7115, 0.0889
0.7115, 0.0863
0.7115, 0.0863
0.7115, 0.0863
0.7115, 0.0836
0.7115, 0.0836
0.7115, 0.0836
0.7115, 0.0836
0.7115, 0.0836
0.7115, 0.0836
0.7115, 0.0809
0.7115, 0.0809
0.7115, 0.0809
0.7115, 0.0809
0.7115, 0.0809
0.7115, 0.0809
0.7115, 0.0809
0.7115, 0.0809
0.7115, 0.0809
0.7115, 0.0782
0.7115, 0.0782
0.7115, 0.0782
0.7115, 0.0755
0.7115, 0.0755
0.7115, 0.0755
0.7163, 0.0755
0.7163, 0.0755
0.7163, 0.0755
0.7163, 0.0755
0.7163, 0.0755
0.7163, 0.0755
0.7163, 0.0728
0.7163, 0.0728
0.7163, 0.0728
0.7163, 0.0728
0.7163, 0.0728
0.7163, 0.0728
0.7163, 0.0701
0.7163, 0.0701
0.7163, 0.0701
0.7163, 0.0701
0.7163, 0.0701
0.7163, 0.0701
0.7212, 0.0701
0.7212, 0.0701
0.7212, 0.0701
0.7212, 0.0674
0.7212, 0.0674
0.7212, 0.0674
0.7212, 0.0674
0.7212, 0.0674
0.7212, 0.0674
0.7212, 0.0674
0.7212, 0.0674
0.7212, 0.0674
0.7212, 0.0674
0.7212, 0.0674
0.7212, 0.0674
0.7212, 0.0647
0.7212, 0.0647
0.7212, 0.0647
0.7212, 0.0620
0.7212, 0.0620
0.7212, 0.0620
0.7212, 0.0620
0.7212, 0.0620
0.7212, 0.0620
0.7212, 0.0620
0.7212, 0.0620
0.7260, 0.0620
0.7260, 0.0620
0.7260, 0.0620
0.7260, 0.0593
0.7260, 0.0593
0.7260, 0.0593
0.7260, 0.0566
0.7260, 0.0566
0.7260, 0.0566
0.7260, 0.0566
0.7260, 0.0566
0.7260, 0.0566
0.7308, 0.0566
0.7308, 0.0566
0.7308, 0.0566
0.7308, 0.0566
0.7308, 0.0566
0.7308, 0.0566
0.7308, 0.0566
0.7308, 0.0566
0.7308, 0.0566
0.7308, 0.0539
0.7308, 0.0539
0.7308, 0.0539
0.7308, 0.0539
0.7308, 0.0539
0.7308, 0.0539
0.7308, 0.0539
0.7308, 0.0512
0.7308, 0.0512
0.7308, 0.0512
0.7308, 0.0485
0.7308, 0.0485
0.7308, 0.0485
0.7308, 0.0485
0.7308, 0.0485
0.7356, 0.0485
0.7356, 0.0485
0.7356, 0.0485
0.7356, 0.0458
0.7356, 0.0458
0.7356, 0.0458
0.7356, 0.0458
0.7356, 0.0458
0.7356, 0.0458
0.7404, 0.0431
0.7404, 0.0431
0.7404, 0.0431
0.7404, 0.0431
0.7404, 0.0431
0.7404, 0.0431
0.7404, 0.0431
0.7404, 0.0431
0.7404, 0.0431
0.7404, 0.0404
0.7404, 0.0404
0.7452, 0.0404
0.7452, 0.0404
0.7452, 0.0404
0.7452, 0.0377
0.7452, 0.0377
0.7452, 0.0377
0.7452, 0.0377
0.7452, 0.0377
0.7452, 0.0377
0.7452, 0.0377
0.7452, 0.0377
0.7452, 0.0377
0.7452, 0.0350
0.7452, 0.0350
0.7452, 0.0350
0.7452, 0.0350
0.7452, 0.0350
0.7452, 0.0350
0.7452, 0.0350
0.7452, 0.0350
0.7452, 0.0350
0.7500, 0.0323
0.7500, 0.0323
0.7500, 0.0323
0.7500, 0.0323
0.7500, 0.0323
0.7500, 0.0323
0.7500, 0.0296
0.7500, 0.0296
0.7500, 0.0296
0.7548, 0.0296
0.7548, 0.0296
0.7548, 0.0296
0.7548, 0.0296
0.7548, 0.0296
0.7548, 0.0296
0.7548, 0.0296
0.7548, 0.0296
0.7548, 0.0270
0.7548, 0.0270
0.7548, 0.0270
0.7548, 0.0243
0.7548, 0.0243
0.7548, 0.0243
0.7548, 0.0243
0.7548, 0.0243
0.7596, 0.0243
0.7596, 0.0243
0.7596, 0.0243
0.7596, 0.0216
0.7596, 0.0216
0.7596, 0.0216
0.7596, 0.0216
0.7596, 0.0216
0.7596, 0.0216
0.7644, 0.0216
0.7644, 0.0216
0.7644, 0.0216
0.7644, 0.0216
0.7644, 0.0216
0.7644, 0.0216
0.7692, 0.0216
0.7692, 0.0216
0.7692, 0.0216
0.7692, 0.0189
0.7692, 0.0189
0.7692, 0.0189
0.7692, 0.0189
0.7692, 0.0189
0.7692, 0.0162
0.7692, 0.0162
0.7692, 0.0162
0.7740, 0.0162
0.7740, 0.0162
0.7740, 0.0162
0.7740, 0.0162
0.7740, 0.0162
0.7788, 0.0162
0.7788, 0.0162
0.7788, 0.0162
0.7788, 0.0162
0.7788, 0.0162
0.7788, 0.0162
0.7788, 0.0135
0.7788, 0.0135
0.7788, 0.0135
0.7788, 0.0135
0.7788, 0.0135
0.7788, 0.0135
0.7837, 0.0108
0.7837, 0.0108
0.7837, 0.0108
0.7885, 0.0108
0.7885, 0.0108
0.7885, 0.0108
0.7885, 0.0108
0.7885, 0.0108
0.7885, 0.0108
0.7933, 0.0108
0.7933, 0.0108
0.7933, 0.0081
0.7933, 0.0081
0.7933, 0.0081
0.7933, 0.0081
0.7933, 0.0081
0.7933, 0.0081
0.7933, 0.0081
0.7981, 0.0081
0.7981, 0.0081
0.7981, 0.0081
0.7981, 0.0081
0.7981, 0.0081
0.8029, 0.0081
0.8029, 0.0081
0.8029, 0.0081
0.8029, 0.0081
0.8029, 0.0081
0.8029, 0.0081
0.8077, 0.0081
0.8077, 0.0081
0.8077, 0.0081
0.8077, 0.0081
0.8077, 0.0081
0.8077, 0.0081
0.8125, 0.0081
0.8125, 0.0081
0.8125, 0.0081
0.8173, 0.0054
0.8173, 0.0054
0.8173, 0.0054
0.8173, 0.0054
0.8173, 0.0054
0.8173, 0.0054
0.8221, 0.0054
0.8221, 0.0054
0.8269, 0.0054
0.8269, 0.0054
0.8269, 0.0054
0.8269, 0.0054
0.8269, 0.0054
0.8269, 0.0054
0.8269, 0.0054
0.8269, 0.0054
0.8269, 0.0054
0.8317, 0.0054
0.8317, 0.0054
0.8317, 0.0054
0.8317, 0.0054
0.8317, 0.0054
0.8365, 0.0054
0.8365, 0.0054
0.8365, 0.0054
0.8365, 0.0054
0.8365, 0.0054
0.8365, 0.0054
0.8365, 0.0027
0.8365, 0.0027
0.8365, 0.0027
0.8413, 0.0027
0.8413, 0.0027
0.8413, 0.0027
0.8413, 0.0027
0.8413, 0.0027
0.8413, 0.0027
0.8413, 0.0027
0.8413, 0.0027
0.8413, 0.0027
0.8413, 0.0027
0.8413, 0.0027
0.8413, 0.0027
0.8462, 0.0027
0.8462, 0.0027
0.8462, 0.0027
0.8510, 0.0027
0.8510, 0.0027
0.8510, 0.0027
0.8510, 0.0027
0.8510, 0.0027
0.8510, 0.0027
0.8510, 0.0027
0.8510, 0.0027
0.8510, 0.0027
0.8510, 0.0027
0.8510, 0.0027
0.8558, 0.0027
0.8558, 0.0027
0.8558, 0.0027
0.8558, 0.0027
0.8558, 0.0027
0.8558, 0.0027
0.8606, 0.0027
0.8606, 0.0027
0.8606, 0.0027
0.8606, 0.0027
0.8606, 0.0027
0.8606, 0.0027
0.8654, 0.0027
0.8654, 0.0027
0.8654, 0.0027
0.8654, 0.0027
0.8654, 0.0027
0.8702, 0.0027
0.8702, 0.0027
0.8702, 0.0027
0.8750, 0.0027
0.8750, 0.0027
0.8750, 0.0027
0.8750, 0.0027
0.8750, 0.0027
0.8750, 0.0027
0.8750, 0.0027
0.8750, 0.0027
0.8750, 0.0027
0.8798, 0.0027
0.8798, 0.0027
0.8798, 0.0027
0.8846, 0.0027
0.8846, 0.0027
0.8846, 0.0027
0.8846, 0.0027
0.8846, 0.0027
0.8846, 0.0027
0.8846, 0.0027
0.8846, 0.0027
0.8894, 0.0027
0.8894, 0.0027
0.8894, 0.0027
0.8942, 0.0027
0.8942, 0.0027
0.8942, 0.0027
0.8990, 0.0027
0.8990, 0.0027
0.8990, 0.0027
0.8990, 0.0027
0.8990, 0.0027
0.8990, 0.0027
0.8990, 0.0027
0.8990, 0.0027
0.9038, 0.0027
0.9038, 0.0027
0.9038, 0.0027
0.9038, 0.0027
0.9038, 0.0027
0.9038, 0.0027
0.9087, 0.0027
0.9087, 0.0027
0.9087, 0.0027
0.9087, 0.0027
0.9087, 0.0027
0.9087, 0.0027
0.9087, 0.0027
0.9087, 0.0027
0.9087, 0.0027
0.9135, 0.0027
0.9135, 0.0027
0.9183, 0.0027
0.9183, 0.0027
0.9183, 0.0027
0.9183, 0.0027
0.9183, 0.0027
0.9183, 0.0027
0.9231, 0.0027
0.9231, 0.0027
0.9231, 0.0027
0.9231, 0.0027
0.9231, 0.0027
0.9279, 0.0054
0.9279, 0.0054
0.9279, 0.0054
0.9327, 0.0054
0.9327, 0.0054
0.9327, 0.0054
0.9327, 0.0054
0.9327, 0.0054
0.9327, 0.0054
0.9375, 0.0054
0.9375, 0.0054
0.9423, 0.0054
0.9423, 0.0054
0.9423, 0.0054
0.9471, 0.0081
0.9471, 0.0081
0.9471, 0.0081
0.9471, 0.0081
0.9471, 0.0081
0.9471, 0.0081
0.9519, 0.0108
0.9519, 0.0108
0.9567, 0.0108
0.9567, 0.0108
0.9567, 0.0108
0.9567, 0.0135
0.9567, 0.0135
0.9615, 0.0135
0.9615, 0.0135
0.9615, 0.0135
0.9615, 0.0135
0.9615, 0.0135
0.9615, 0.0135
0.9615, 0.0135
0.9615, 0.0135
0.9615, 0.0135
0.9615, 0.0135
0.9615, 0.0135
0.9615, 0.0135
0.9615, 0.0135
0.9615, 0.0135
0.9615, 0.0135
0.9615, 0.0135
0.9615, 0.0135
0.9615, 0.0135
0.9615, 0.0135
0.9615, 0.0135
0.9615, 0.0135
0.9615, 0.0135
0.9615, 0.0135
0.9615, 0.0135
0.9615, 0.0135
0.9615, 0.0135
0.9615, 0.0135
0.9663, 0.0135
0.9663, 0.0135
0.9663, 0.0135
0.9663, 0.0135
0.9663, 0.0135
0.9663, 0.0135
0.9663, 0.0135
0.9663, 0.0135
0.9663, 0.0135
0.9663, 0.0135
0.9663, 0.0135
0.9663, 0.0135
0.9663, 0.0135
0.9663, 0.0135
0.9663, 0.0135
0.9663, 0.0135
0.9663, 0.0135
0.9663, 0.0135
0.9663, 0.0135
0.9663, 0.0135
0.9663, 0.0135
0.9663, 0.0135
0.9663, 0.0135
0.9663, 0.0135
0.2356, 0.2049
0.2356, 0.2049
0.2356, 0.2049
0.2356, 0.2049
0.2356, 0.2049
0.2356, 0.2049
0.2356, 0.2049
0.2356, 0.2049
0.2356, 0.2049
0.2356, 0.2049
0.2356, 0.2049
0.2356, 0.2049
0.2356, 0.2049
0.2356, 0.2049
0.2356, 0.2049
0.2356, 0.2049
0.2356, 0.2049
0.2356, 0.2049
0.2356, 0.2049
0.2356, 0.2049
0.2356, 0.2049
0.2356, 0.2049
0.2356, 0.2049
0.2356, 0.2049
0.2356, 0.2049
0.2356, 0.2049
0.2356, 0.2049
0.2356, 0.2049
0.2356, 0.2049
0.2356, 0.2049
0.2356, 0.2049
0.2404, 0.2049
0.2404, 0.2049
0.2404, 0.2049
0.2404, 0.2049
0.2404, 0.2022
0.2404, 0.2022
0.2404, 0.2022
0.2404, 0.2022
0.2404, 0.2022
0.2404, 0.2022
0.2404, 0.2022
0.2404, 0.2022
0.2404, 0.2022
0.2404, 0.2022
0.2404, 0.2022
0.2404, 0.2022
0.2404, 0.1995
0.2404, 0.1995
0.2404, 0.1995
0.2404, 0.1995
0.2404, 0.1995
0.2404, 0.1995
0.2404, 0.1995
0.2404, 0.1995
0.2452, 0.1995
0.2452, 0.1995
0.2452, 0.1995
0.2452, 0.1995
0.2452, 0.1995
0.2452, 0.1995
0.2452, 0.1995
0.2452, 0.1995
0.2452, 0.1995
0.2500, 0.1995
0.2500, 0.1995
0.2500, 0.1995
0.2500, 0.1995
0.2500, 0.1968
0.2500, 0.1968
0.2500, 0.1968
0.2500, 0.1968
0.2500, 0.1968
0.2500, 0.1968
0.2500, 0.1968
0.2500, 0.1968
0.2500, 0.1968
0.2500, 0.1968
0.2500, 0.1968
0.2500, 0.1968
0.2500, 0.1968
0.2548, 0.1941
0.2548, 0.1941
0.2548, 0.1941
0.2548, 0.1941
0.2548, 0.1941
0.2548, 0.1941
0.2548, 0.1941
0.2548, 0.1941
0.2596, 0.1941
0.2596, 0.1941
0.2596, 0.1941
0.2596, 0.1941
0.2596, 0.1941
0.2596, 0.1941
0.2596, 0.1941
0.2596, 0.1941
0.2596, 0.1941
0.2644, 0.1941
0.2644, 0.1941
0.2644, 0.1941
0.2644, 0.1941
0.2644, 0.1941
0.2644, 0.1941
0.2644, 0.1941
0.2644, 0.1941
0.2644, 0.1941
0.2644, 0.1941
0.2644, 0.1941
0.2644, 0.1941
0.2692, 0.1941
0.2692, 0.1941
0.2692, 0.1941
0.2692, 0.1941
0.2692, 0.1914
0.2692, 0.1914
0.2692, 0.1914
0.2692, 0.1914
0.2740, 0.1914
0.2740, 0.1914
0.2740, 0.1914
0.2740, 0.1914
0.2740, 0.1887
0.2740, 0.1887
0.2740, 0.1887
0.2740, 0.1887
0.2740, 0.1887
0.2740, 0.1887
0.2740, 0.1887
0.2740, 0.1887
0.2740, 0.1887
0.2788, 0.1887
0.2788, 0.1887
0.2788, 0.1887
0.2788, 0.1887
0.2837, 0.1860
0.2837, 0.1860
0.2837, 0.1860
0.2837, 0.1860
0.2837, 0.1860
0.2837, 0.1860
0.2837, 0.1860
0.2837, 0.1860
0.2885, 0.1860
0.2885, 0.1860
0.2885, 0.1860
0.2885, 0.1860
0.2885, 0.1860
0.2885, 0.1860
0.2885, 0.1860
0.2885, 0.1860
0.2885, 0.1860
0.2885, 0.1860
0.2885, 0.1860
0.2885, 0.1860
0.2885, 0.1860
0.2885, 0.1860
0.2885, 0.1860
0.2885, 0.1860
0.2885, 0.1860
0.2885, 0.1860
0.2885, 0.1860
0.2885, 0.1860
0.2885, 0.1860
0.2933, 0.1860
0.2933, 0.1860
0.2933, 0.1860
0.2933, 0.1860
0.2933, 0.1833
0.2933, 0.1833
0.2933, 0.1833
0.2933, 0.1833
0.2981, 0.1833
0.2981, 0.1833
0.2981, 0.1833
0.2981, 0.1833
0.2981, 0.1833
0.2981, 0.1833
0.2981, 0.1833
0.2981, 0.1833
0.2981, 0.1833
0.2981, 0.1833
0.2981, 0.1833
0.2981, 0.1833
0.3029, 0.1806
0.3029, 0.1806
0.3029, 0.1806
0.3029, 0.1806
0.3077, 0.1806
0.3077, 0.1806
0.3077, 0.1806
0.3077, 0.1806
0.3077, 0.1806
0.3077, 0.1806
0.3077, 0.1806
0.3077, 0.1806
0.3125, 0.1806
0.3125, 0.1806
0.3125, 0.1806
0.3125, 0.1806
0.3125, 0.1806
0.3125, 0.1806
0.3125, 0.1806
0.3125, 0.1806
0.3125, 0.1806
0.3125, 0.1806
0.3125, 0.1806
0.3125, 0.1806
0.3125, 0.1806
0.3173, 0.1806
0.3173, 0.1806
0.3173, 0.1806
0.3173, 0.1806
0.3173, 0.1806
0.3173, 0.1806
0.3173, 0.1806
0.3173, 0.1806
0.3173, 0.1806
0.3173, 0.1779
0.3173, 0.1779
0.3173, 0.1779
0.3221, 0.1779
0.3221, 0.1779
0.3221, 0.1779
0.3221, 0.1779
0.3221, 0.1779
0.3221, 0.1779
0.3221, 0.1779
0.3221, 0.1779
0.3221, 0.1779
0.3221, 0.1779
0.3221, 0.1779
0.3221, 0.1779
0.3269, 0.1752
0.3269, 0.1752
0.3269, 0.1752
0.3269, 0.1752
0.3269, 0.1752
0.3269, 0.1752
0.3269, 0.1752
0.3269, 0.1752
0.3317, 0.1752
0.3317, 0.1752
0.3317, 0.1752
0.3317, 0.1752
0.3317, 0.1752
0.3317, 0.1752
0.3365, 0.1752
0.3365, 0.1752
0.3365, 0.1752
0.3365, 0.1725
0.3365, 0.1725
0.3365, 0.1725
0.3413, 0.1725
0.3413, 0.1725
0.3413, 0.1725
0.3462, 0.1725
0.3462, 0.1725
0.3462, 0.1725
0.3462, 0.1725
0.3462, 0.1725
0.3462, 0.1725
0.3462, 0.1725
0.3510, 0.1725
0.3510, 0.1725
0.3510, 0.1725
0.3510, 0.1725
0.3510, 0.1725
0.3510, 0.1725
0.3558, 0.1725
0.3558, 0.1725
0.3558, 0.1725
0.3606, 0.1725
0.3606, 0.1725
0.3606, 0.1725
0.3606, 0.1725
0.3606, 0.1725
0.3606, 0.1725
0.3606, 0.1725
0.3606, 0.1725
0.3606, 0.1725
0.3654, 0.1725
0.3654, 0.1725
0.3654, 0.1725
0.3654, 0.1725
0.3654, 0.1725
0.3654, 0.1725
0.3654, 0.1725
0.3702, 0.1698
0.3702, 0.1698
0.3702, 0.1698
0.3702, 0.1698
0.3702, 0.1698
0.3702, 0.1698
0.3702, 0.1698
0.3702, 0.1698
0.3702, 0.1698
0.3702, 0.1698
0.3702, 0.1698
0.3702, 0.1698
0.3750, 0.1698
0.3750, 0.1698
0.3750, 0.1698
0.3750, 0.1698
0.3750, 0.1698
0.3750, 0.1698
0.3750, 0.1698
0.3798, 0.1698
0.3798, 0.1698
0.3846, 0.1698
0.3846, 0.1698
0.3846, 0.1698
0.3846, 0.1698
0.3846, 0.1698
0.3846, 0.1698
0.3894, 0.1698
0.3894, 0.1698
0.3894, 0.1698
0.3942, 0.1698
0.3942, 0.1698
0.3942, 0.1698
0.3942, 0.1698
0.3942, 0.1698
0.3942, 0.1698
0.3942, 0.1698
0.3942, 0.1698
0.3942, 0.1698
0.3990, 0.1698
0.3990, 0.1698
0.3990, 0.1698
0.4038, 0.1698
0.4038, 0.1698
0.4038, 0.1698
0.4038, 0.1698
0.4038, 0.1698
0.4038, 0.1698
0.4038, 0.1698
0.4038, 0.1698
0.4038, 0.1698
0.4038, 0.1698
0.4038, 0.1698
0.4087, 0.1698
0.4087, 0.1698
0.4087, 0.1698
0.4087, 0.1698
0.4087, 0.1698
0.4087, 0.1698
0.4135, 0.1698
0.4135, 0.1698
0.4135, 0.1698
0.4183, 0.1698
0.4183, 0.1698
0.4183, 0.1698
0.4183, 0.1698
0.4183, 0.1698
0.4183, 0.1698
0.4183, 0.1698
0.4183, 0.1698
0.4183, 0.1698
0.4231, 0.1698
0.4231, 0.1698
0.4231, 0.1698
0.4279, 0.1698
0.4279, 0.1698
0.4279, 0.1698
0.4279, 0.1698
0.4279, 0.1698
0.4279, 0.1698
0.4279, 0.1698
0.4279, 0.1698
0.4279, 0.1698
0.4279, 0.1698
0.4279, 0.1698
0.4279, 0.1698
0.4327, 0.1698
0.4327, 0.1698
0.4327, 0.1698
0.4375, 0.1698
0.4375, 0.1698
0.4375, 0.1698
0.4375, 0.1698
0.4375, 0.1698
0.4375, 0.1698
0.4423, 0.1698
0.4423, 0.1698
0.4423, 0.1698
0.4423, 0.1698
0.4423, 0.1698
0.4423, 0.1698
0.4423, 0.1698
0.4423, 0.1698
0.4423, 0.1698
0.4471, 0.1698
0.4471, 0.1698
0.4471, 0.1698
0.4471, 0.1698
0.4471, 0.1698
0.4471, 0.1698
0.4519, 0.1698
0.4519, 0.1698
0.4519, 0.1698
0.4519, 0.1698
0.4519, 0.1698
0.4567, 0.1698
0.4567, 0.1698
0.4567, 0.1698
0.4567, 0.1698
0.4567, 0.1698
0.4567, 0.1698
0.4615, 0.1698
0.4615, 0.1698
0.4615, 0.1698
0.4663, 0.1698
0.4663, 0.1698
0.4663, 0.1698
0.4663, 0.1698
0.4663, 0.1698
0.4663, 0.1698
0.4663, 0.1698
0.4663, 0.1698
0.4663, 0.1698
0.4712, 0.1698
0.4712, 0.1698
0.4712, 0.1698
0.4712, 0.1698
0.4712, 0.1698
0.4712, 0.1698
0.4760, 0.1698
0.4760, 0.1698
0.4760, 0.1698
0.4760, 0.1698
0.4760, 0.1698
0.4760, 0.1698
0.4808, 0.1698
0.4808, 0.1698
0.4808, 0.1698
0.4856, 0.1698
0.4856, 0.1698
0.4856, 0.1698
0.4856, 0.1698
0.4856, 0.1698
0.4904, 0.1698
0.4904, 0.1698
0.4904, 0.1698
0.4904, 0.1698
0.4904, 0.1698
0.4904, 0.1698
0.4904, 0.1698
0.4904, 0.1698
0.4904, 0.1698
0.4952, 0.1698
0.4952, 0.1698
0.4952, 0.1698
0.4952, 0.1698
0.4952, 0.1698
0.4952, 0.1698
0.5000, 0.1698
0.5000, 0.1698
0.5000, 0.1698
0.5000, 0.1698
0.5000, 0.1698
0.5000, 0.1698
0.5000, 0.1698
0.5000, 0.1698
0.5000, 0.1698
0.5000, 0.1698
0.5000, 0.1698
0.5000, 0.1698
0.5048, 0.1698
0.5048, 0.1698
0.5048, 0.1698
0.5096, 0.1698
0.5096, 0.1698
0.5096, 0.1698
0.5096, 0.1698
0.5096, 0.1698
0.5096, 0.1698
0.5144, 0.1698
0.5144, 0.1698
0.5144, 0.1698
0.5144, 0.1698
0.5144, 0.1698
0.5144, 0.1698
0.5192, 0.1698
0.5192, 0.1698
0.5192, 0.1698
0.5240, 0.1698
0.5240, 0.1698
0.5240, 0.1698
0.5240, 0.1698
0.5240, 0.1698
0.5240, 0.1698
0.5288, 0.1698
0.5288, 0.1698
0.5337, 0.1698
0.5337, 0.1698
0.5337, 0.1698
0.5385, 0.1698
0.5385, 0.1698
0.5385, 0.1698
0.5385, 0.1698
0.5385, 0.1698
0.5385, 0.1698
0.5433, 0.1698
0.5433, 0.1698
0.5433, 0.1698
0.5481, 0.1698
0.5481, 0.1698
0.5481, 0.1698
0.5481, 0.1698
0.5481, 0.1698
0.5481, 0.1698
0.5481, 0.1698
0.5481, 0.1698
0.5481, 0.1698
0.5529, 0.1698
0.5529, 0.1698
0.5529, 0.1698
0.5577, 0.1698
0.5577, 0.1698
0.5577, 0.1698
0.5577, 0.1698
0.5577, 0.1698
0.5577, 0.1698
0.5625, 0.1698
0.5625, 0.1698
0.5673, 0.1698
0.5673, 0.1698
0.5673, 0.1698
0.5721, 0.1698
0.5721, 0.1698
0.5721, 0.1698
0.5721, 0.1725
0.5721, 0.1725
0.5721, 0.1725
0.5721, 0.1725
0.5721, 0.1725
0.5721, 0.1725
0.5769, 0.1725
0.5769, 0.1725
0.5769, 0.1725
0.5817, 0.1725
0.5817, 0.1725
0.5817, 0.1725
0.5817, 0.1725
0.5817, 0.1725
0.5817, 0.1725
0.5865, 0.1752
0.5865, 0.1752
0.5913, 0.1752
0.5913, 0.1752
0.5913, 0.1752
0.5962, 0.1752
0.5962, 0.1752
0.5962, 0.1752
0.6010, 0.1779
0.6010, 0.1779
0.6010, 0.1779
0.6058, 0.1779
0.6058, 0.1779
0.6058, 0.1779
0.6106, 0.1779
0.6106, 0.1779
0.6154, 0.1779
0.6154, 0.1779
0.6154, 0.1779
0.6202, 0.1779
0.6202, 0.1779
0.6202, 0.1779
0.6250, 0.1806
0.6250, 0.1806
0.6298, 0.1806
0.6298, 0.1806
0.6298, 0.1806
0.6346, 0.1806
0.6346, 0.1806
0.6346, 0.1806
0.6394, 0.1833
0.6394, 0.1833
0.6394, 0.1833
0.6394, 0.1833
0.6394, 0.1833
0.6394, 0.1833
0.6394, 0.1833
0.6394, 0.1833
0.6394, 0.1833
0.6442, 0.1860
0.6442, 0.1860
0.6490, 0.1860
0.6490, 0.1860
0.6490, 0.1860
0.6490, 0.1860
0.6490, 0.1860
0.6490, 0.1860
0.6490, 0.1887
0.6490, 0.1887
0.6490, 0.1887
0.6538, 0.1887
0.6538, 0.1887
0.6587, 0.1914
0.6587, 0.1914
0.6587, 0.1914
0.6587, 0.1914
0.6587, 0.1914
0.6587, 0.1914
0.6635, 0.1914
0.6635, 0.1914
0.6635, 0.1914
0.6635, 0.1914
0.6635, 0.1914
0.6635, 0.1914
0.6683, 0.1914
0.6683, 0.1914
0.6683, 0.1914
0.6683, 0.1914
0.6683, 0.1914
0.6683, 0.1914
0.6731, 0.1914
0.6731, 0.1914
0.6731, 0.1914
0.6731, 0.1941
0.6731, 0.1941
0.6779, 0.1941
0.6779, 0.1941
0.6779, 0.1941
0.6827, 0.1968
0.6827, 0.1968
0.6827, 0.1968
0.6875, 0.1968
0.6875, 0.1968
0.6875, 0.1968
0.6875, 0.1995
0.6875, 0.1995
0.6923, 0.1995
0.6923, 0.1995
0.6923, 0.1995
0.6923, 0.1995
0.6923, 0.1995
0.6923, 0.1995
0.6971, 0.1995
0.6971, 0.1995
0.6971, 0.1995
0.6971, 0.1995
0.6971, 0.1995
0.6971, 0.1995
0.6971, 0.1995
0.6971, 0.1995
0.6971, 0.1995
0.7019, 0.1995
0.7019, 0.1995
0.7067, 0.1995
0.7067, 0.1995
0.7067, 0.1995
0.7067, 0.2022
0.7067, 0.2022
0.7067, 0.2022
0.7115, 0.2022
0.7115, 0.2022
0.7115, 0.2022
0.7163, 0.2022
0.7163, 0.2022
0.7212, 0.2022
0.7212, 0.2022
0.7212, 0.2022
0.7212, 0.2049
0.7212, 0.2049
0.7212, 0.2049
0.7260, 0.2049
0.7260, 0.2049
0.7260, 0.2049
0.7308, 0.2049
0.7308, 0.2049
0.7308, 0.2049
0.7308, 0.2049
0.7308, 0.2049
0.7356, 0.2049
0.7356, 0.2049
0.7356, 0.2049
0.7404, 0.2049
0.7404, 0.2049
0.7452, 0.2049
0.7452, 0.2049
0.7452, 0.2049
0.7452, 0.2049
0.7452, 0.2049
0.7452, 0.2049
0.7500, 0.2049
0.7500, 0.2049
0.7500, 0.2049
0.7596, 0.2049
0.7596, 0.2049
0.7596, 0.2049
0.7596, 0.2049
0.7596, 0.2049
0.7644, 0.2049
0.7644, 0.2049
0.7644, 0.2049
0.7692, 0.2049
0.7692, 0.2049
0.7692, 0.2049
0.7692, 0.2049
0.7692, 0.2049
0.7692, 0.2049
0.7740, 0.2049
0.7740, 0.2049
0.7788, 0.2049
0.7788, 0.2049
0.7788, 0.2049
0.7837, 0.2049
0.7837, 0.2049
0.7837, 0.2049
0.7837, 0.2049
0.7837, 0.2049
0.7837, 0.2049
0.7837, 0.2049
0.7837, 0.2049
0.7837, 0.2049
0.7933, 0.2049
0.7933, 0.2049
0.7933, 0.2049
0.7933, 0.2049
0.7933, 0.2049
0.7981, 0.2049
0.7981, 0.2049
0.7981, 0.2049
0.8029, 0.2049
0.8029, 0.2049
0.8029, 0.2049
0.8077, 0.2049
0.8077, 0.2049
0.8077, 0.2049
0.8077, 0.2049
0.8077, 0.2049
0.8125, 0.2049
0.8125, 0.2049
0.8125, 0.2049
0.8173, 0.2049
0.8173, 0.2049
0.8173, 0.2049
0.8173, 0.2049
0.8173, 0.2049
0.8173, 0.2049
0.8173, 0.2049
0.8173, 0.2049
0.8221, 0.2049
0.8221, 0.2049
0.8221, 0.2049
0.8221, 0.2049
0.8221, 0.2049
0.8221, 0.2049
0.8269, 0.2049
0.8269, 0.2049
0.8269, 0.2049
0.8269, 0.2049
0.8269, 0.2049
0.8269, 0.2049
0.8269, 0.2049
0.8269, 0.2049
0.8317, 0.2049
0.8317, 0.2049
0.8317, 0.2049
0.8317, 0.2049
0.8317, 0.2049
0.8317, 0.2049
0.8365, 0.2049
0.8365, 0.2049
0.8365, 0.2049
0.8413, 0.2049
0.8413, 0.2049
0.8413, 0.2049
0.8413, 0.2049
0.8413, 0.2049
0.8462, 0.2049
0.8462, 0.2049
0.8462, 0.2049
0.8510, 0.2049
0.8510, 0.2049
0.8510, 0.2049
0.8558, 0.2022
0.8558, 0.2022
0.8606, 0.2022
0.8606, 0.2022
0.8606, 0.2022
0.8654, 0.2022
0.8654, 0.2022
0.8654, 0.2022
0.8654, 0.2022
0.8654, 0.2022
0.8750, 0.1995
0.8750, 0.1995
0.8750, 0.1995
0.8798, 0.1995
0.8798, 0.1995
0.8798, 0.1995
0.8798, 0.1968
0.8798, 0.1968
0.8798, 0.1968
0.8846, 0.1968
0.8846, 0.1968
0.8846, 0.1968
0.8846, 0.1968
0.8846, 0.1968
0.8894, 0.1941
0.8894, 0.1941
0.8894, 0.1941
0.8942, 0.1941
0.8942, 0.1941
0.8942, 0.1941
0.8942, 0.1941
0.8942, 0.1941
0.8942, 0.1941
0.8990, 0.1941
0.8990, 0.1941
0.9038, 0.1941
0.9038, 0.1941
0.9038, 0.1941
0.9038, 0.1914
0.9038, 0.1914
0.9087, 0.1887
0.9087, 0.1887
0.9087, 0.1887
0.9135, 0.1887
0.9135, 0.1887
0.9183, 0.1887
0.9183, 0.1887
0.9183, 0.1887
0.9183, 0.1860
0.9183, 0.1860
0.9183, 0.1860
0.9231, 0.1833
0.9231, 0.1833
0.9279, 0.1833
0.9279, 0.1833
0.9279, 0.1833
0.9327, 0.1806
0.9327, 0.1806
0.9375, 0.1806
0.9375, 0.1806
0.9375, 0.1806
0.9471, 0.1806
0.9471, 0.1806
0.9471, 0.1806
0.9519, 0.1806
0.9519, 0.1806
0.9567, 0.1779
0.9567, 0.1779
0.9567, 0.1779
0.9615, 0.1752
0.9615, 0.1752
0.9712, 0.1752
0.9712, 0.1752
0.9712, 0.1752
0.9760, 0.1725
0.9760, 0.1725
0.9760, 0.1725
0.9808, 0.1725
0.9808, 0.1725
0.9904, 0.1725
0.9904, 0.1725
0.9904, 0.1725
0.9952, 0.1725
0.9952, 0.1725
0.9952, 0.1725
0.9952, 0.1698
0.9952, 0.1698
0.9952, 0.1698
0.9952, 0.1698
0.9952, 0.1698
1.0000, 0.1698
1.0000, 0.1698
1.0000, 0.1698
1.0000, 0.1698
1.0000, 0.1698
1.0000, 0.1698
1.0000, 0.1698
1.0000, 0.1698
1.0000, 0.1698
1.0000, 0.1698
1.0000, 0.1698
1.0000, 0.1698
1.0000, 0.1698
1.0000, 0.1698
1.0000, 0.1698
1.0000, 0.1698
1.0000, 0.1698
1.0000, 0.1698
1.0000, 0.1698
1.0000, 0.1698
1.0000, 0.1698
1.0000, 0.1698
1.0000, 0.1698
1.0000, 0.1698
1.0000, 0.1698
1.0000, 0.1698
1.0000, 0.1698
1.0000, 0.1698
1.0000, 0.1698
1.0000, 0.1698
1.0000, 0.1698
1.0000, 0.1698
1.0000, 0.1698
1.0000, 0.1698
1.0000, 0.1698
1.0000, 0.1698
0.0000, 1.0000
0.0000, 1.0000
0.0000, 1.0000
0.0000, 1.0000
0.0000, 1.0000
0.0000, 1.0000
0.0000, 1.0000
0.0000, 1.0000
0.0000, 1.0000
0.0000, 1.0000
0.0000, 1.0000
0.0000, 1.0000
0.0000, 1.0000
0.0000, 1.0000
0.0000, 1.0000
0.0000, 1.0000
0.0000, 1.0000
0.0000, 1.0000
0.0000, 1.0000
0.0000, 1.0000
0.0000, 1.0000
0.0000, 1.0000
0.0000, 1.0000
0.0000, 1.0000
0.0000, 1.0000
0.0000, 1.0000
0.0000, 1.0000
0.0000, 1.0000
0.0000, 1.0000
0.0000, 1.0000
0.0000, 1.0000
0.0000, 1.0000
0.0000, 1.0000
0.0000, 1.0000
0.0000, 1.0000
0.0000, 1.0000
0.0000, 1.0000
0.0000, 1.0000
0.0000, 1.0000
0.0000, 1.0000
0.0000, 1.0000
