0.2400, 0.0082
0.2400, 0.0082
0.2400, 0.0082
0.2400, 0.0082
0.2400, 0.0082
0.2400, 0.0082
0.2400, 0.0082
0.2400, 0.0082
0.2400, 0.0082
0.2400, 0.0082
0.2400, 0.0082
0.2400, 0.0082
0.2400, 0.0082
0.2400, 0.0082
0.2400, 0.0082
0.2400, 0.0082
0.2400, 0.0082
0.2400, 0.0082
0.2400, 0.0082
0.2400, 0.0082
0.2400, 0.0082
0.2400, 0.0082
0.2400, 0.0082
0.2400, 0.0082
0.2400, 0.0082
0.2400, 0.0082
0.2400, 0.0082
0.2400, 0.0082
0.2400, 0.0082
0.2400, 0.0082
0.2400, 0.0082
0.2400, 0.0082
0.2400, 0.0082
0.2400, 0.0082
0.2400, 0.0082
0.2400, 0.0082
0.2400, 0.0082
0.2400, 0.0082
0.2400, 0.0082
0.2400, 0.0082
0.2400, 0.0082
0.2400, 0.0082
0.2400, 0.0082
0.2400, 0.0082
0.2400, 0.0082
0.2400, 0.0082
0.2400, 0.0082
0.2400, 0.0082
0.2400, 0.0082
0.2400, 0.0082
0.2400, 0.0082
0.2400, 0.0082
0.2400, 0.0082
0.2400, 0.0082
0.2400, 0.0082
0.2400, 0.0082
0.2400, 0.0082
0.2400, 0.0082
0.2400, 0.0082
0.2400, 0.0082
0.2400, 0.0082
0.2400, 0.0082
0.2400, 0.0082
0.2400, 0.0082
0.2400, 0.0082
0.2400, 0.0082
0.2400, 0.0082
0.2400, 0.0082
0.2400, 0.0082
0.2400, 0.0082
0.2400, 0.0082
0.2400, 0.0082
0.2400, 0.0082
0.2400, 0.0082
0.2400, 0.0082
0.2400, 0.0082
0.2400, 0.0082
0.2400, 0.0082
0.2400, 0.0082
0.2400, 0.0082
0.2400, 0.0082
0.2400, 0.0082
0.2400, 0.0082
0.2400, 0.0082
0.2400, 0.0082
0.2400, 0.0082
0.2400, 0.0082
0.2400, 0.0082
0.2400, 0.0082
0.2400, 0.0082
0.2400, 0.0082
0.2400, 0.0082
0.2400, 0.0082
0.2400, 0.0082
0.2400, 0.0082
0.2400, 0.0082
0.2400, 0.0082
0.2400, 0.0082
0.2400, 0.0082
0.2400, 0.0082
0.2400, 0.0082
0.2400, 0.0082
0.2400, 0.0082
0.2400, 0.0082
0.2400, 0.0082
0.2400, 0.0082
0.2400, 0.0082
0.2400, 0.0054
0.2400, 0.0054
0.2400, 0.0054
0.2400, 0.0054
0.2450, 0.0054
0.2450, 0.0054
0.2450, 0.0054
0.2450, 0.0054
0.2450, 0.0054
0.2450, 0.0054
0.2450, 0.0054
0.2450, 0.0054
0.2450, 0.0054
0.2450, 0.0054
0.2450, 0.0054
0.2450, 0.0054
0.2450, 0.0054
0.2450, 0.0054
0.2450, 0.0054
0.2450, 0.0054
0.2450, 0.0054
0.2450, 0.0054
0.2500, 0.0054
0.2500, 0.0054
0.2500, 0.0054
0.2500, 0.0054
0.2550, 0.0054
0.2550, 0.0054
0.2550, 0.0054
0.2550, 0.0054
0.2550, 0.0054
0.2600, 0.0054
0.2600, 0.0054
0.2600, 0.0054
0.2600, 0.0054
0.2600, 0.0054
0.2600, 0.0054
0.2600, 0.0054
0.2650, 0.0054
0.2650, 0.0054
0.2650, 0.0054
0.2650, 0.0054
0.2650, 0.0054
0.2650, 0.0054
0.2650, 0.0054
0.2650, 0.0054
0.2650, 0.0054
0.2700, 0.0054
0.2700, 0.0054
0.2700, 0.0054
0.2700, 0.0054
0.2700, 0.0054
0.2700, 0.0054
0.2700, 0.0054
0.2750, 0.0054
0.2750, 0.0054
0.2750, 0.0054
0.2750, 0.0054
0.2750, 0.0054
0.2750, 0.0054
0.2750, 0.0054
0.2750, 0.0054
0.2800, 0.0054
0.2800, 0.0054
0.2800, 0.0054
0.2800, 0.0054
0.2800, 0.0054
0.2800, 0.0054
0.2800, 0.0054
0.2800, 0.0054
0.2800, 0.0054
0.2850, 0.0054
0.2850, 0.0054
0.2850, 0.0054
0.2850, 0.0054
0.2850, 0.0054
0.2850, 0.0054
0.2850, 0.0054
0.2850, 0.0054
0.2850, 0.0027
0.2850, 0.0027
0.2850, 0.0027
0.2850, 0.0027
0.2850, 0.0027
0.2850, 0.0027
0.2850, 0.0027
0.2850, 0.0027
0.2900, 0.0027
0.2900, 0.0027
0.2900, 0.0027
0.2900, 0.0027
0.2950, 0.0027
0.2950, 0.0027
0.2950, 0.0027
0.2950, 0.0027
0.2950, 0.0027
0.2950, 0.0027
0.2950, 0.0027
0.2950, 0.0027
0.2950, 0.0027
0.2950, 0.0027
0.2950, 0.0027
0.2950, 0.0027
0.2950, 0.0027
0.3000, 0.0027
0.3000, 0.0027
0.3000, 0.0027
0.3000, 0.0027
0.3000, 0.0027
0.3000, 0.0027
0.3000, 0.0027
0.3000, 0.0027
0.3000, 0.0027
0.3050, 0.0027
0.3050, 0.0027
0.3050, 0.0027
0.3050, 0.0027
0.3050, 0.0027
0.3050, 0.0027
0.3050, 0.0027
0.3050, 0.0027
0.3050, 0.0027
0.3050, 0.0027
0.3050, 0.0027
0.3050, 0.0027
0.3100, 0.0027
0.3100, 0.0027
0.3100, 0.0027
0.3100, 0.0027
0.3150, 0.0027
0.3150, 0.0027
0.3150, 0.0027
0.3150, 0.0027
0.3150, 0.0027
0.3150, 0.0027
0.3150, 0.0027
0.3150, 0.0027
0.3150, 0.0027
0.3200, 0.0027
0.3200, 0.0027
0.3200, 0.0027
0.3200, 0.0027
0.3200, 0.0027
0.3200, 0.0027
0.3200, 0.0027
0.3200, 0.0027
0.3200, 0.0027
0.3200, 0.0027
0.3200, 0.0027
0.3200, 0.0027
0.3250, 0.0027
0.3250, 0.0027
0.3250, 0.0027
0.3250, 0.0027
0.3250, 0.0027
0.3250, 0.0027
0.3250, 0.0027
0.3250, 0.0027
0.3250, 0.0027
0.3300, 0.0027
0.3300, 0.0027
0.3300, 0.0027
0.3300, 0.0027
0.3300, 0.0027
0.3300, 0.0027
0.3300, 0.0027
0.3300, 0.0027
0.3300, 0.0027
0.3300, 0.0027
0.3300, 0.0027
0.3300, 0.0027
0.3300, 0.0027
0.3350, 0.0027
0.3350, 0.0027
0.3350, 0.0027
0.3350, 0.0027
0.3350, 0.0027
0.3350, 0.0027
0.3350, 0.0027
0.3350, 0.0027
0.3400, 0.0027
0.3400, 0.0027
0.3400, 0.0027
0.3400, 0.0027
0.3450, 0.0027
0.3450, 0.0027
0.3450, 0.0027
0.3450, 0.0027
0.3450, 0.0027
0.3450, 0.0027
0.3450, 0.0027
0.3450, 0.0027
0.3450, 0.0027
0.3450, 0.0027
0.3450, 0.0027
0.3450, 0.0027
0.3500, 0.0027
0.3500, 0.0027
0.3500, 0.0027
0.3500, 0.0027
0.3550, 0.0027
0.3550, 0.0027
0.3550, 0.0027
0.3550, 0.0027
0.3550, 0.0027
0.3550, 0.0027
0.3550, 0.0027
0.3550, 0.0027
0.3550, 0.0027
0.3550, 0.0027
0.3550, 0.0027
0.3550, 0.0027
0.3550, 0.0027
0.3550, 0.0027
0.3550, 0.0027
0.3550, 0.0027
0.3550, 0.0027
0.3550, 0.0027
0.3550, 0.0027
0.3550, 0.0027
0.3600, 0.0027
0.3600, 0.0027
0.3600, 0.0027
0.3600, 0.0027
0.3600, 0.0027
0.3600, 0.0027
0.3600, 0.0027
0.3600, 0.0027
0.3600, 0.0027
0.3600, 0.0027
0.3600, 0.0027
0.3600, 0.0027
0.3650, 0.0027
0.3650, 0.0027
0.3650, 0.0027
0.3650, 0.0027
0.3650, 0.0027
0.3650, 0.0027
0.3650, 0.0027
0.3650, 0.0027
0.3700, 0.0027
0.3700, 0.0027
0.3700, 0.0027
0.3700, 0.0027
0.3700, 0.0027
0.3700, 0.0027
0.3700, 0.0027
0.3700, 0.0027
0.3700, 0.0027
0.3700, 0.0027
0.3700, 0.0027
0.3700, 0.0027
0.3750, 0.0027
0.3750, 0.0027
0.3750, 0.0027
0.3750, 0.0027
0.3800, 0.0027
0.3800, 0.0027
0.3800, 0.0027
0.3800, 0.0027
0.3800, 0.0027
0.3800, 0.0027
0.3800, 0.0027
0.3800, 0.0027
0.3800, 0.0027
0.3800, 0.0027
0.3800, 0.0027
0.3800, 0.0027
0.3800, 0.0027
0.3800, 0.0027
0.3800, 0.0027
0.3800, 0.0027
0.3800, 0.0027
0.3800, 0.0027
0.3800, 0.0027
0.3800, 0.0027
0.3800, 0.0027
0.3850, 0.0027
0.3850, 0.0027
0.3850, 0.0027
0.3850, 0.0027
0.3850, 0.0054
0.3850, 0.0054
0.3850, 0.0054
0.3850, 0.0054
0.3900, 0.0054
0.3900, 0.0054
0.3900, 0.0054
0.3950, 0.0054
0.3950, 0.0054
0.3950, 0.0054
0.3950, 0.0054
0.3950, 0.0054
0.3950, 0.0054
0.3950, 0.0054
0.3950, 0.0054
0.3950, 0.0054
0.3950, 0.0054
0.3950, 0.0054
0.3950, 0.0054
0.3950, 0.0054
0.3950, 0.0054
0.3950, 0.0054
0.4000, 0.0054
0.4000, 0.0054
0.4000, 0.0054
0.4000, 0.0054
0.4000, 0.0054
0.4000, 0.0054
0.4000, 0.0054
0.4000, 0.0054
0.4000, 0.0054
0.4000, 0.0054
0.4000, 0.0054
0.4000, 0.0054
0.4050, 0.0054
0.4050, 0.0054
0.4050, 0.0054
0.4050, 0.0054
0.4050, 0.0082
0.4050, 0.0082
0.4050, 0.0082
0.4050, 0.0082
0.4050, 0.0082
0.4050, 0.0082
0.4050, 0.0082
0.4050, 0.0082
0.4050, 0.0082
0.4050, 0.0082
0.4050, 0.0082
0.4050, 0.0082
0.4050, 0.0082
0.4050, 0.0082
0.4050, 0.0082
0.4050, 0.0082
0.4050, 0.0082
0.4100, 0.0109
0.4100, 0.0109
0.4100, 0.0109
0.4100, 0.0109
0.4100, 0.0109
0.4100, 0.0109
0.4100, 0.0109
0.4150, 0.0136
0.4150, 0.0136
0.4150, 0.0136
0.4200, 0.0136
0.4200, 0.0136
0.4200, 0.0136
0.4200, 0.0136
0.4200, 0.0136
0.4200, 0.0136
0.4200, 0.0136
0.4200, 0.0136
0.4200, 0.0136
0.4200, 0.0136
0.4200, 0.0136
0.4200, 0.0136
0.4200, 0.0136
0.4200, 0.0136
0.4200, 0.0136
0.4200, 0.0136
0.4200, 0.0136
0.4200, 0.0136
0.4200, 0.0136
0.4200, 0.0136
0.4200, 0.0136
0.4200, 0.0136
0.4200, 0.0136
0.4200, 0.0136
0.4200, 0.0136
0.4250, 0.0136
0.4250, 0.0136
0.4250, 0.0136
0.4250, 0.0136
0.4250, 0.0163
0.4250, 0.0163
0.4250, 0.0163
0.4250, 0.0163
0.4250, 0.0163
0.4250, 0.0163
0.4250, 0.0163
0.4250, 0.0163
0.4300, 0.0163
0.4300, 0.0163
0.4300, 0.0163
0.4300, 0.0190
0.4300, 0.0190
0.4300, 0.0190
0.4300, 0.0190
0.4300, 0.0190
0.4300, 0.0190
0.4300, 0.0190
0.4300, 0.0190
0.4300, 0.0190
0.4300, 0.0190
0.4300, 0.0190
0.4300, 0.0190
0.4300, 0.0190
0.4300, 0.0190
0.4300, 0.0190
0.4300, 0.0190
0.4300, 0.0190
0.4300, 0.0190
0.4300, 0.0190
0.4300, 0.0190
0.4300, 0.0190
0.4350, 0.0190
0.4350, 0.0190
0.4350, 0.0190
0.4350, 0.0190
0.4350, 0.0190
0.4350, 0.0190
0.4350, 0.0190
0.4350, 0.0190
0.4350, 0.0217
0.4350, 0.0217
0.4350, 0.0217
0.4350, 0.0217
0.4350, 0.0217
0.4350, 0.0217
0.4350, 0.0217
0.4400, 0.0217
0.4400, 0.0217
0.4400, 0.0217
0.4400, 0.0217
0.4400, 0.0245
0.4400, 0.0245
0.4400, 0.0245
0.4400, 0.0245
0.4400, 0.0245
0.4400, 0.0245
0.4400, 0.0245
0.4400, 0.0245
0.4450, 0.0272
0.4450, 0.0272
0.4450, 0.0272
0.4450, 0.0272
0.4450, 0.0272
0.4450, 0.0272
0.4450, 0.0272
0.4450, 0.0272
0.4450, 0.0272
0.4450, 0.0272
0.4450, 0.0272
0.4450, 0.0272
0.4450, 0.0272
0.4450, 0.0272
0.4450, 0.0272
0.4500, 0.0272
0.4500, 0.0272
0.4500, 0.0272
0.4500, 0.0272
0.4500, 0.0299
0.4500, 0.0299
0.4500, 0.0299
0.4500, 0.0299
0.4550, 0.0299
0.4550, 0.0299
0.4550, 0.0299
0.4550, 0.0326
0.4550, 0.0326
0.4550, 0.0326
0.4550, 0.0326
0.4550, 0.0326
0.4550, 0.0326
0.4550, 0.0326
0.4550, 0.0326
0.4550, 0.0326
0.4550, 0.0326
0.4550, 0.0326
0.4550, 0.0326
0.4550, 0.0326
0.4550, 0.0326
0.4550, 0.0326
0.4550, 0.0326
0.4550, 0.0353
0.4550, 0.0353
0.4550, 0.0353
0.4600, 0.0353
0.4600, 0.0353
0.4600, 0.0353
0.4600, 0.0353
0.4600, 0.0380
0.4600, 0.0380
0.4600, 0.0380
0.4600, 0.0380
0.4650, 0.0380
0.4650, 0.0380
0.4650, 0.0380
0.4650, 0.0380
0.4650, 0.0380
0.4650, 0.0380
0.4650, 0.0380
0.4650, 0.0380
0.4650, 0.0380
0.4650, 0.0380
0.4650, 0.0380
0.4650, 0.0380
0.4650, 0.0380
0.4650, 0.0380
0.4650, 0.0380
0.4650, 0.0408
0.4650, 0.0408
0.4650, 0.0408
0.4650, 0.0408
0.4700, 0.0408
0.4700, 0.0408
0.4700, 0.0408
0.4700, 0.0408
0.4700, 0.0408
0.4700, 0.0408
0.4700, 0.0408
0.4700, 0.0408
0.4750, 0.0435
0.4750, 0.0435
0.4750, 0.0435
0.4750, 0.0435
0.4750, 0.0435
0.4750, 0.0435
0.4750, 0.0435
0.4750, 0.0462
0.4750, 0.0462
0.4750, 0.0462
0.4750, 0.0462
0.4800, 0.0462
0.4800, 0.0462
0.4800, 0.0462
0.4800, 0.0462
0.4800, 0.0462
0.4800, 0.0462
0.4800, 0.0462
0.4800, 0.0462
0.4800, 0.0462
0.4800, 0.0462
0.4800, 0.0462
0.4800, 0.0462
0.4800, 0.0462
0.4800, 0.0462
0.4800, 0.0462
0.4800, 0.0489
0.4800, 0.0489
0.4800, 0.0489
0.4800, 0.0489
0.4850, 0.0489
0.4850, 0.0489
0.4850, 0.0489
0.4850, 0.0489
0.4850, 0.0516
0.4850, 0.0516
0.4850, 0.0516
0.4900, 0.0516
0.4900, 0.0516
0.4900, 0.0516
0.4900, 0.0516
0.4900, 0.0516
0.4900, 0.0516
0.4900, 0.0516
0.4900, 0.0516
0.4900, 0.0516
0.4900, 0.0516
0.4900, 0.0516
0.4900, 0.0516
0.4900, 0.0543
0.4900, 0.0543
0.4900, 0.0543
0.4950, 0.0543
0.4950, 0.0543
0.4950, 0.0543
0.4950, 0.0571
0.4950, 0.0571
0.4950, 0.0571
0.4950, 0.0571
0.5000, 0.0571
0.5000, 0.0571
0.5000, 0.0571
0.5000, 0.0598
0.5000, 0.0598
0.5000, 0.0598
0.5000, 0.0598
0.5000, 0.0598
0.5000, 0.0598
0.5000, 0.0598
0.5000, 0.0598
0.5000, 0.0598
0.5050, 0.0598
0.5050, 0.0598
0.5050, 0.0625
0.5050, 0.0625
0.5050, 0.0625
0.5050, 0.0625
0.5050, 0.0625
0.5050, 0.0625
0.5050, 0.0625
0.5050, 0.0625
0.5050, 0.0652
0.5050, 0.0652
0.5050, 0.0652
0.5100, 0.0652
0.5100, 0.0652
0.5100, 0.0652
0.5100, 0.0652
0.5100, 0.0679
0.5100, 0.0679
0.5100, 0.0679
0.5150, 0.0679
0.5150, 0.0679
0.5150, 0.0679
0.5150, 0.0679
0.5150, 0.0707
0.5150, 0.0707
0.5150, 0.0707
0.5150, 0.0707
0.5150, 0.0707
0.5150, 0.0707
0.5150, 0.0707
0.5150, 0.0734
0.5150, 0.0734
0.5150, 0.0734
0.5200, 0.0734
0.5200, 0.0734
0.5200, 0.0734
0.5200, 0.0734
0.5200, 0.0734
0.5200, 0.0734
0.5200, 0.0734
0.5200, 0.0734
0.5200, 0.0734
0.5200, 0.0734
0.5200, 0.0734
0.5200, 0.0734
0.5250, 0.0761
0.5250, 0.0761
0.5250, 0.0761
0.5250, 0.0761
0.5250, 0.0761
0.5250, 0.0761
0.5250, 0.0761
0.5250, 0.0788
0.5250, 0.0788
0.5250, 0.0788
0.5250, 0.0788
0.5300, 0.0788
0.5300, 0.0788
0.5300, 0.0815
0.5300, 0.0815
0.5300, 0.0815
0.5300, 0.0842
0.5350, 0.0870
0.5350, 0.0870
0.5350, 0.0897
0.5350, 0.0897
0.5350, 0.0897
0.5350, 0.0897
0.5350, 0.0897
0.5350, 0.0897
0.5350, 0.0924
0.5350, 0.0924
0.5350, 0.0924
0.5350, 0.0924
0.5350, 0.0924
0.5350, 0.0924
0.5350, 0.0924
0.5350, 0.0924
0.5350, 0.0924
0.5350, 0.0924
0.5350, 0.0924
0.5350, 0.0924
0.5350, 0.0924
0.5350, 0.0924
0.5350, 0.0924
0.5400, 0.0924
0.5400, 0.0924
0.5400, 0.0924
0.5400, 0.0924
0.5400, 0.0924
0.5400, 0.0924
0.5400, 0.0924
0.5400, 0.0951
0.5400, 0.0951
0.5400, 0.0951
0.5400, 0.0951
0.5400, 0.0951
0.5400, 0.0951
0.5400, 0.0951
0.5400, 0.0951
0.5400, 0.0978
0.5400, 0.0978
0.5400, 0.0978
0.5400, 0.0978
0.5400, 0.0978
0.5400, 0.0978
0.5400, 0.0978
0.5400, 0.1005
0.5400, 0.1005
0.5400, 0.1005
0.5400, 0.1005
0.5400, 0.1005
0.5400, 0.1005
0.5400, 0.1005
0.5400, 0.1005
0.5400, 0.1005
0.5400, 0.1005
0.5400, 0.1005
0.5400, 0.1005
0.5400, 0.1005
0.5400, 0.1005
0.5400, 0.1005
0.5400, 0.1005
0.5400, 0.1005
0.5400, 0.1005
0.5400, 0.1005
0.5400, 0.1005
0.5400, 0.1005
0.5400, 0.1005
0.5400, 0.1005
0.5400, 0.1005
0.5400, 0.1005
0.5400, 0.1005
0.5400, 0.1005
0.5400, 0.1005
0.5400, 0.1005
0.5400, 0.1005
0.5400, 0.1005
0.5400, 0.1005
0.5400, 0.1005
0.5400, 0.1005
0.5400, 0.1005
0.5400, 0.1005
0.5400, 0.1005
0.5400, 0.1005
0.5400, 0.1005
0.5400, 0.1005
0.5400, 0.1005
0.5400, 0.1005
0.5400, 0.1005
0.5400, 0.1005
0.5400, 0.1005
0.5400, 0.1033
0.5400, 0.1033
0.5400, 0.1033
0.5400, 0.1033
0.5400, 0.1033
0.5400, 0.1033
0.5400, 0.1033
0.5400, 0.1033
0.5400, 0.1033
0.5400, 0.1033
0.5400, 0.1033
0.5400, 0.1033
0.5400, 0.1033
0.5400, 0.1033
0.5400, 0.1033
0.5400, 0.1033
0.5400, 0.1033
0.5400, 0.1033
0.5400, 0.1033
0.5400, 0.1033
0.5400, 0.1033
0.5400, 0.1033
0.5400, 0.1060
0.5400, 0.1060
0.5400, 0.1060
0.5400, 0.1060
0.5400, 0.1060
0.5400, 0.1060
0.5400, 0.1060
0.5400, 0.1060
0.5400, 0.1060
0.5400, 0.1060
0.5400, 0.1060
0.5400, 0.1060
0.5400, 0.1060
0.5400, 0.1060
0.5400, 0.1060
0.5400, 0.1060
0.5400, 0.1060
0.5400, 0.1060
0.5400, 0.1060
0.5400, 0.1060
0.5400, 0.1060
0.5400, 0.1060
0.5400, 0.1060
0.5400, 0.1060
0.5400, 0.1060
0.5400, 0.1060
0.5400, 0.1060
0.5400, 0.1060
0.5400, 0.1060
0.5400, 0.1060
0.5400, 0.1060
0.5400, 0.1060
0.5400, 0.1060
0.5400, 0.1060
0.5400, 0.1060
0.5400, 0.1060
0.5400, 0.1060
0.5400, 0.1060
0.5400, 0.1060
0.5400, 0.1060
0.5400, 0.1060
0.5400, 0.1060
0.5400, 0.1060
0.5400, 0.1060
0.5400, 0.1060
0.5400, 0.1060
0.5400, 0.1060
0.5400, 0.1060
0.5400, 0.1060
0.5400, 0.1060
0.5400, 0.1060
0.5400, 0.1060
0.5400, 0.1060
0.5400, 0.1060
0.5400, 0.1060
0.5400, 0.1060
0.5400, 0.1060
0.5400, 0.1060
0.5400, 0.1060
0.5400, 0.1060
0.5400, 0.1060
0.5400, 0.1060
0.5400, 0.1060
0.5400, 0.1060
0.5400, 0.1060
0.5400, 0.1060
0.5400, 0.1060
0.5400, 0.1060
0.5400, 0.1060
0.5400, 0.1060
0.5400, 0.1060
0.5400, 0.1060
0.5400, 0.1060
0.5400, 0.1060
0.5400, 0.1060
0.5400, 0.1060
0.5400, 0.1060
0.5400, 0.1060
0.5400, 0.1060
0.5400, 0.1060
0.5400, 0.1060
0.5400, 0.1060
0.5400, 0.1033
0.5400, 0.1033
0.5400, 0.1033
0.5450, 0.1033
0.5450, 0.1033
0.5450, 0.1033
0.5450, 0.1033
0.5450, 0.1005
0.5450, 0.1005
0.5450, 0.1005
0.5450, 0.0978
0.5450, 0.0978
0.5450, 0.0978
0.5450, 0.0978
0.5500, 0.0951
0.5500, 0.0951
0.5500, 0.0951
0.5550, 0.0951
0.5550, 0.0951
0.5550, 0.0951
0.5550, 0.0924
0.5550, 0.0924
0.5550, 0.0924
0.5550, 0.0924
0.5550, 0.0897
0.5550, 0.0897
0.5550, 0.0897
0.5550, 0.0897
0.5550, 0.0897
0.5550, 0.0897
0.5550, 0.0897
0.5550, 0.0870
0.5550, 0.0870
0.5550, 0.0870
0.5550, 0.0842
0.5550, 0.0842
0.5550, 0.0842
0.5600, 0.0815
0.5600, 0.0815
0.5600, 0.0815
0.5600, 0.0815
0.5600, 0.0815
0.5600, 0.0815
0.5600, 0.0815
0.5600, 0.0815
0.5600, 0.0815
0.5600, 0.0815
0.5600, 0.0788
0.5600, 0.0788
0.5600, 0.0788
0.5600, 0.0788
0.5650, 0.0788
0.5650, 0.0788
0.5650, 0.0788
0.5650, 0.0761
0.5650, 0.0761
0.5650, 0.0761
0.5650, 0.0761
0.5650, 0.0761
0.5650, 0.0761
0.5650, 0.0761
0.5650, 0.0761
0.5650, 0.0761
0.5650, 0.0761
0.5650, 0.0761
0.5650, 0.0761
0.5650, 0.0761
0.5650, 0.0761
0.5650, 0.0734
0.5650, 0.0734
0.5650, 0.0734
0.5650, 0.0707
0.5650, 0.0707
0.5650, 0.0707
0.5650, 0.0707
0.5650, 0.0707
0.5650, 0.0707
0.5650, 0.0707
0.5700, 0.0679
0.5700, 0.0679
0.5700, 0.0679
0.5700, 0.0679
0.5700, 0.0679
0.5700, 0.0679
0.5700, 0.0652
0.5700, 0.0652
0.5700, 0.0652
0.5700, 0.0652
0.5750, 0.0625
0.5750, 0.0625
0.5750, 0.0625
0.5750, 0.0625
0.5750, 0.0625
0.5750, 0.0625
0.5750, 0.0625
0.5750, 0.0625
0.5750, 0.0625
0.5750, 0.0625
0.5800, 0.0598
0.5800, 0.0598
0.5800, 0.0598
0.5800, 0.0571
0.5800, 0.0571
0.5800, 0.0571
0.5800, 0.0543
0.5800, 0.0543
0.5800, 0.0543
0.5800, 0.0543
0.5800, 0.0543
0.5800, 0.0543
0.5800, 0.0543
0.5850, 0.0543
0.5850, 0.0543
0.5850, 0.0543
0.5850, 0.0543
0.5850, 0.0516
0.5850, 0.0516
0.5850, 0.0516
0.5900, 0.0489
0.5900, 0.0489
0.5900, 0.0489
0.5900, 0.0489
0.5900, 0.0489
0.5900, 0.0489
0.5900, 0.0462
0.5900, 0.0462
0.5900, 0.0462
0.5900, 0.0462
0.5900, 0.0462
0.5900, 0.0462
0.5900, 0.0462
0.5950, 0.0435
0.5950, 0.0435
0.5950, 0.0435
0.5950, 0.0408
0.5950, 0.0408
0.5950, 0.0408
0.6000, 0.0408
0.6000, 0.0408
0.6000, 0.0408
0.6000, 0.0408
0.6000, 0.0408
0.6000, 0.0408
0.6000, 0.0408
0.6000, 0.0380
0.6000, 0.0380
0.6000, 0.0380
0.6050, 0.0353
0.6050, 0.0353
0.6050, 0.0353
0.6050, 0.0353
0.6050, 0.0353
0.6050, 0.0353
0.6050, 0.0353
0.6050, 0.0353
0.6050, 0.0353
0.6050, 0.0353
0.6050, 0.0353
0.6050, 0.0353
0.6050, 0.0353
0.6050, 0.0353
0.6050, 0.0326
0.6050, 0.0326
0.6050, 0.0326
0.6050, 0.0326
0.6050, 0.0326
0.6050, 0.0326
0.6050, 0.0326
0.6050, 0.0326
0.6050, 0.0326
0.6050, 0.0326
0.6050, 0.0326
0.6050, 0.0326
0.6100, 0.0326
0.6100, 0.0326
0.6100, 0.0326
0.6100, 0.0326
0.6100, 0.0326
0.6100, 0.0326
0.6100, 0.0326
0.6100, 0.0326
0.6100, 0.0326
0.6100, 0.0326
0.6100, 0.0326
0.6100, 0.0326
0.6100, 0.0326
0.6100, 0.0326
0.6100, 0.0326
0.6100, 0.0326
0.6100, 0.0326
0.6100, 0.0299
0.6100, 0.0299
0.6100, 0.0299
0.6100, 0.0299
0.6100, 0.0299
0.6100, 0.0299
0.6100, 0.0299
0.6100, 0.0299
0.6100, 0.0299
0.6100, 0.0299
0.6100, 0.0299
0.6100, 0.0299
0.6100, 0.0299
0.6100, 0.0299
0.6100, 0.0299
0.6100, 0.0299
0.6100, 0.0299
0.6100, 0.0299
0.6100, 0.0299
0.6100, 0.0299
0.6100, 0.0299
0.6100, 0.0299
0.6100, 0.0299
0.6100, 0.0299
0.6100, 0.0299
0.6100, 0.0299
0.6100, 0.0299
0.6100, 0.0299
0.6100, 0.0299
0.6100, 0.0299
0.6100, 0.0299
0.6100, 0.0299
0.6100, 0.0299
0.6100, 0.0299
0.6100, 0.0299
0.6100, 0.0299
0.6100, 0.0299
0.6100, 0.0299
0.6100, 0.0299
0.6100, 0.0299
0.6100, 0.0299
0.6100, 0.0299
0.6100, 0.0299
0.6100, 0.0299
0.6100, 0.0299
0.6100, 0.0299
0.6100, 0.0299
0.6100, 0.0299
0.6100, 0.0299
0.6100, 0.0299
0.6100, 0.0299
0.6100, 0.0299
0.6100, 0.0299
0.6100, 0.0299
0.6100, 0.0299
0.6100, 0.0299
0.6100, 0.0299
0.6100, 0.0299
0.6100, 0.0299
0.6100, 0.0299
0.6100, 0.0299
0.6100, 0.0299
0.6100, 0.0299
0.6100, 0.0299
0.6100, 0.0299
0.6100, 0.0299
0.6100, 0.0299
0.6100, 0.0299
0.6100, 0.0299
0.6100, 0.0299
0.6100, 0.0299
0.6100, 0.0299
0.6100, 0.0299
0.6100, 0.0299
0.6100, 0.0299
0.6100, 0.0299
0.6100, 0.0299
0.6100, 0.0299
0.6100, 0.0299
0.6100, 0.0299
0.6100, 0.0299
0.6100, 0.0299
0.6100, 0.0299
0.6100, 0.0299
0.6100, 0.0299
0.6100, 0.0299
0.6100, 0.0299
0.6100, 0.0299
0.6100, 0.0299
0.6100, 0.0299
0.6100, 0.0299
0.6100, 0.0299
0.6100, 0.0299
0.6100, 0.0299
0.6100, 0.0299
0.6100, 0.0299
0.6100, 0.0299
0.6100, 0.0299
0.6100, 0.0299
0.6100, 0.0299
0.6100, 0.0299
0.6100, 0.0299
0.6100, 0.0299
0.6100, 0.0299
0.6100, 0.0299
0.6100, 0.0299
0.6100, 0.0299
0.6100, 0.0299
0.6100, 0.0299
0.6100, 0.0299
0.6100, 0.0299
0.6100, 0.0299
0.6100, 0.0299
0.6100, 0.0299
0.6100, 0.0299
0.6100, 0.0299
0.6100, 0.0299
0.6100, 0.0299
0.6100, 0.0299
0.6150, 0.0299
0.6150, 0.0299
0.6150, 0.0299
0.6150, 0.0299
0.6150, 0.0299
0.6150, 0.0299
0.6150, 0.0299
0.6150, 0.0326
0.6150, 0.0326
0.6150, 0.0326
0.6150, 0.0326
0.6150, 0.0326
0.6150, 0.0326
0.6150, 0.0326
0.6150, 0.0326
0.6150, 0.0326
0.6150, 0.0326
0.6200, 0.0326
0.6200, 0.0326
0.6200, 0.0326
0.6200, 0.0326
0.6200, 0.0326
0.6200, 0.0326
0.6200, 0.0326
0.6250, 0.0326
0.6250, 0.0326
0.6250, 0.0326
0.6250, 0.0353
0.6250, 0.0353
0.6250, 0.0353
0.6250, 0.0353
0.6250, 0.0353
0.6250, 0.0353
0.6250, 0.0380
0.6250, 0.0380
0.6250, 0.0380
0.6300, 0.0380
0.6300, 0.0380
0.6300, 0.0380
0.6300, 0.0380
0.6300, 0.0380
0.6300, 0.0380
0.6300, 0.0380
0.6350, 0.0380
0.6350, 0.0380
0.6350, 0.0380
0.6350, 0.0408
0.6350, 0.0408
0.6400, 0.0408
0.6400, 0.0408
0.6400, 0.0408
0.6400, 0.0435
0.6400, 0.0435
0.6400, 0.0435
0.6400, 0.0462
0.6400, 0.0462
0.6400, 0.0462
0.6450, 0.0462
0.6450, 0.0462
0.6450, 0.0462
0.6450, 0.0462
0.6450, 0.0462
0.6450, 0.0462
0.6450, 0.0462
0.6500, 0.0462
0.6500, 0.0462
0.6500, 0.0462
0.6500, 0.0489
0.6500, 0.0489
0.6500, 0.0489
0.6500, 0.0489
0.6500, 0.0489
0.6500, 0.0489
0.6500, 0.0516
0.6500, 0.0516
0.6500, 0.0516
0.6500, 0.0516
0.6500, 0.0516
0.6500, 0.0516
0.6500, 0.0516
0.6550, 0.0516
0.6550, 0.0516
0.6550, 0.0516
0.6550, 0.0516
0.6550, 0.0516
0.6550, 0.0516
0.6600, 0.0543
0.6600, 0.0543
0.6600, 0.0543
0.6600, 0.0543
0.6600, 0.0543
0.6600, 0.0543
0.6600, 0.0543
0.6600, 0.0543
0.6600, 0.0543
0.6600, 0.0543
0.6650, 0.0571
0.6650, 0.0571
0.6650, 0.0571
0.6650, 0.0571
0.6650, 0.0571
0.6650, 0.0571
0.6650, 0.0571
0.6650, 0.0598
0.6650, 0.0598
0.6650, 0.0598
0.6650, 0.0598
0.6650, 0.0598
0.6650, 0.0598
0.6650, 0.0598
0.6650, 0.0598
0.6650, 0.0598
0.6700, 0.0625
0.6700, 0.0625
0.6700, 0.0625
0.6700, 0.0625
0.6700, 0.0625
0.6700, 0.0625
0.6750, 0.0652
0.6750, 0.0652
0.6750, 0.0652
0.6750, 0.0652
0.6750, 0.0652
0.6750, 0.0652
0.6750, 0.0652
0.6750, 0.0652
0.6750, 0.0652
0.6750, 0.0652
0.6750, 0.0679
0.6750, 0.0679
0.6750, 0.0679
0.6750, 0.0707
0.6750, 0.0707
0.6750, 0.0707
0.6800, 0.0707
0.6800, 0.0707
0.6800, 0.0707
0.6800, 0.0734
0.6800, 0.0734
0.6800, 0.0734
0.6850, 0.0734
0.6850, 0.0734
0.6850, 0.0734
0.6850, 0.0734
0.6850, 0.0734
0.6850, 0.0734
0.6850, 0.0734
0.6850, 0.0761
0.6850, 0.0761
0.6900, 0.0788
0.6900, 0.0788
0.6900, 0.0788
0.6900, 0.0788
0.6900, 0.0788
0.6900, 0.0788
0.6900, 0.0788
0.6900, 0.0788
0.6900, 0.0788
0.6900, 0.0788
0.6900, 0.0788
0.6900, 0.0788
0.6900, 0.0788
0.6900, 0.0815
0.6900, 0.0815
0.6900, 0.0815
0.6950, 0.0815
0.6950, 0.0815
0.6950, 0.0815
0.6950, 0.0842
0.6950, 0.0842
0.6950, 0.0842
0.7000, 0.0842
0.7000, 0.0842
0.7000, 0.0842
0.7000, 0.0842
0.7000, 0.0870
0.7000, 0.0870
0.7000, 0.0870
0.7000, 0.0870
0.7000, 0.0870
0.7000, 0.0870
0.7000, 0.0870
0.7000, 0.0870
0.7000, 0.0870
0.7000, 0.0897
0.7000, 0.0897
0.7000, 0.0897
0.7050, 0.0897
0.7050, 0.0897
0.7050, 0.0897
0.7050, 0.0924
0.7050, 0.0924
0.7050, 0.0924
0.7100, 0.0924
0.7100, 0.0924
0.7100, 0.0924
0.7100, 0.0924
0.7100, 0.0924
0.7100, 0.0924
0.7100, 0.0951
0.7100, 0.0951
0.7100, 0.0951
0.7150, 0.0951
0.7150, 0.0951
0.7150, 0.0951
0.7150, 0.0978
0.7150, 0.0978
0.7150, 0.0978
0.7150, 0.0978
0.7150, 0.0978
0.7150, 0.0978
0.7150, 0.0978
0.7150, 0.1005
0.7150, 0.1005
0.7150, 0.1005
0.7150, 0.1005
0.7150, 0.1005
0.7150, 0.1005
0.7150, 0.1005
0.7150, 0.1005
0.7150, 0.1005
0.7150, 0.1005
0.7200, 0.1005
0.7200, 0.1005
0.7200, 0.1005
0.7200, 0.1005
0.7200, 0.1005
0.7200, 0.1005
0.7200, 0.1005
0.7200, 0.1005
0.7200, 0.1005
0.7200, 0.1005
0.7200, 0.1005
0.7200, 0.1005
0.7200, 0.1005
0.7200, 0.1005
0.7200, 0.1005
0.7200, 0.1005
0.7200, 0.1005
0.7200, 0.1005
0.7200, 0.1005
0.7200, 0.1005
0.7200, 0.1005
0.7200, 0.1005
0.7200, 0.1005
0.7200, 0.1005
0.7200, 0.1005
0.7200, 0.1005
0.7200, 0.1005
0.7200, 0.1005
0.7200, 0.1005
0.7200, 0.1005
0.7200, 0.1005
0.7200, 0.1005
0.7200, 0.1005
0.7200, 0.1005
0.7200, 0.1005
0.7200, 0.1005
0.7200, 0.1005
0.7200, 0.1005
0.7200, 0.1005
0.7200, 0.1005
0.7200, 0.1005
0.7200, 0.1005
0.7200, 0.1005
0.7200, 0.1005
0.7200, 0.1005
0.7200, 0.1005
0.7200, 0.1005
0.7200, 0.1005
0.7200, 0.1005
0.7200, 0.1005
0.7200, 0.1005
0.7200, 0.1005
0.7200, 0.1005
0.7200, 0.1005
0.7200, 0.1005
0.7200, 0.1005
0.7200, 0.1005
0.7200, 0.1005
0.7200, 0.1005
0.7200, 0.1005
0.7200, 0.1005
0.7200, 0.1005
0.7200, 0.1005
0.7200, 0.1005
0.7200, 0.1005
0.7200, 0.1005
0.7200, 0.1005
0.7200, 0.1005
0.7200, 0.1005
0.7200, 0.1005
0.7200, 0.1005
0.7200, 0.1005
0.7200, 0.1005
0.7200, 0.1005
0.7200, 0.1005
0.7200, 0.1005
0.7200, 0.1005
0.7200, 0.1005
0.7200, 0.1005
0.7200, 0.1005
0.7200, 0.1005
0.7200, 0.1005
0.7200, 0.1005
0.7200, 0.1005
0.7200, 0.1005
0.7200, 0.1005
0.7200, 0.1005
0.7200, 0.1005
0.7200, 0.1005
0.7200, 0.1005
0.7200, 0.1005
0.7200, 0.1005
0.7200, 0.1005
0.7200, 0.1005
0.7200, 0.1005
0.7200, 0.1005
0.7200, 0.1005
0.7200, 0.1005
0.7200, 0.1005
0.7200, 0.1005
0.7200, 0.1005
0.7200, 0.1005
0.7200, 0.1005
0.7250, 0.1005
0.7250, 0.1005
0.7250, 0.1005
0.7250, 0.1005
0.7250, 0.1005
0.7250, 0.1005
0.7250, 0.1005
0.7250, 0.0978
0.7250, 0.0978
0.7250, 0.0978
0.7250, 0.0951
0.7250, 0.0951
0.7250, 0.0951
0.7250, 0.0951
0.7250, 0.0951
0.7250, 0.0951
0.7250, 0.0924
0.7250, 0.0924
0.7250, 0.0924
0.7250, 0.0897
0.7250, 0.0897
0.7250, 0.0897
0.7250, 0.0897
0.7250, 0.0897
0.7250, 0.0897
0.7250, 0.0870
0.7250, 0.0870
0.7250, 0.0870
0.7300, 0.0842
0.7300, 0.0842
0.7300, 0.0842
0.7300, 0.0842
0.7300, 0.0842
0.7300, 0.0842
0.7300, 0.0815
0.7300, 0.0815
0.7300, 0.0815
0.7300, 0.0815
0.7300, 0.0815
0.7300, 0.0815
0.7350, 0.0788
0.7350, 0.0788
0.7350, 0.0788
0.7350, 0.0761
0.7350, 0.0761
0.7350, 0.0761
0.7350, 0.0761
0.7350, 0.0761
0.7350, 0.0761
0.7350, 0.0761
0.7350, 0.0761
0.7350, 0.0761
0.7350, 0.0734
0.7350, 0.0734
0.7350, 0.0734
0.7400, 0.0707
0.7400, 0.0707
0.7400, 0.0707
0.7400, 0.0679
0.7400, 0.0679
0.7400, 0.0679
0.7400, 0.0679
0.7400, 0.0679
0.7400, 0.0679
0.7400, 0.0679
0.7400, 0.0679
0.7400, 0.0679
0.7400, 0.0652
0.7400, 0.0652
0.7400, 0.0652
0.7400, 0.0652
0.7400, 0.0652
0.7400, 0.0652
0.7400, 0.0625
0.7400, 0.0625
0.7400, 0.0625
0.7400, 0.0625
0.7400, 0.0625
0.7400, 0.0625
0.7400, 0.0598
0.7400, 0.0598
0.7400, 0.0598
0.7450, 0.0598
0.7450, 0.0598
0.7450, 0.0598
0.7450, 0.0571
0.7450, 0.0571
0.7450, 0.0571
0.7450, 0.0571
0.7450, 0.0571
0.7450, 0.0571
0.7450, 0.0571
0.7450, 0.0543
0.7450, 0.0543
0.7450, 0.0543
0.7450, 0.0543
0.7450, 0.0543
0.7450, 0.0543
0.7450, 0.0543
0.7450, 0.0543
0.7450, 0.0543
0.7500, 0.0543
0.7500, 0.0543
0.7500, 0.0543
0.7500, 0.0543
0.7500, 0.0543
0.7500, 0.0516
0.7500, 0.0516
0.7500, 0.0489
0.7500, 0.0489
0.7500, 0.0489
0.7500, 0.0489
0.7500, 0.0489
0.7500, 0.0489
0.7500, 0.0489
0.7500, 0.0489
0.7500, 0.0489
0.7500, 0.0462
0.7500, 0.0462
0.7550, 0.0462
0.7550, 0.0462
0.7550, 0.0462
0.7550, 0.0435
0.7550, 0.0435
0.7550, 0.0435
0.7550, 0.0408
0.7550, 0.0408
0.7550, 0.0408
0.7600, 0.0408
0.7600, 0.0408
0.7600, 0.0408
0.7600, 0.0408
0.7600, 0.0408
0.7600, 0.0408
0.7600, 0.0408
0.7600, 0.0408
0.7600, 0.0408
0.7600, 0.0380
0.7600, 0.0380
0.7600, 0.0380
0.7650, 0.0380
0.7650, 0.0380
0.7650, 0.0353
0.7650, 0.0353
0.7650, 0.0353
0.7650, 0.0353
0.7650, 0.0353
0.7650, 0.0353
0.7650, 0.0353
0.7650, 0.0353
0.7650, 0.0353
0.7650, 0.0353
0.7650, 0.0353
0.7650, 0.0353
0.7650, 0.0353
0.7650, 0.0326
0.7650, 0.0326
0.7650, 0.0326
0.7700, 0.0326
0.7700, 0.0326
0.7700, 0.0326
0.7700, 0.0299
0.7700, 0.0299
0.7700, 0.0299
0.7700, 0.0299
0.7700, 0.0299
0.7700, 0.0299
0.7750, 0.0299
0.7750, 0.0299
0.7750, 0.0299
0.7750, 0.0299
0.7750, 0.0299
0.7750, 0.0299
0.7750, 0.0272
0.7750, 0.0272
0.7750, 0.0272
0.7750, 0.0272
0.7750, 0.0272
0.7750, 0.0272
0.7750, 0.0245
0.7750, 0.0245
0.7750, 0.0245
0.7800, 0.0245
0.7800, 0.0245
0.7800, 0.0245
0.7800, 0.0217
0.7800, 0.0217
0.7800, 0.0217
0.7800, 0.0217
0.7800, 0.0217
0.7800, 0.0217
0.7850, 0.0217
0.7850, 0.0217
0.7850, 0.0217
0.7850, 0.0217
0.7850, 0.0217
0.7850, 0.0217
0.7850, 0.0217
0.7850, 0.0217
0.7850, 0.0217
0.7850, 0.0190
0.7850, 0.0190
0.7850, 0.0190
0.7900, 0.0190
0.7900, 0.0190
0.7900, 0.0163
0.7900, 0.0163
0.7900, 0.0163
0.7950, 0.0163
0.7950, 0.0163
0.7950, 0.0163
0.7950, 0.0163
0.7950, 0.0163
0.7950, 0.0163
0.8000, 0.0163
0.8000, 0.0163
0.8000, 0.0163
0.8000, 0.0163
0.8000, 0.0163
0.8000, 0.0136
0.8000, 0.0136
0.8000, 0.0136
0.8050, 0.0136
0.8050, 0.0136
0.8050, 0.0136
0.8050, 0.0136
0.8050, 0.0136
0.8050, 0.0136
0.8100, 0.0109
0.8100, 0.0109
0.8100, 0.0109
0.8100, 0.0109
0.8100, 0.0109
0.8100, 0.0109
0.8150, 0.0109
0.8150, 0.0109
0.8150, 0.0109
0.8200, 0.0082
0.8200, 0.0082
0.8200, 0.0082
0.8200, 0.0082
0.8200, 0.0082
0.8200, 0.0082
0.8250, 0.0082
0.8250, 0.0082
0.8250, 0.0082
0.8250, 0.0082
0.8250, 0.0082
0.8250, 0.0082
0.8250, 0.0082
0.8250, 0.0082
0.8250, 0.0082
0.8300, 0.0082
0.8300, 0.0082
0.8300, 0.0082
0.8300, 0.0082
0.8300, 0.0082
0.8350, 0.0082
0.8350, 0.0082
0.8350, 0.0082
0.8350, 0.0054
0.8350, 0.0054
0.8350, 0.0054
0.8400, 0.0054
0.8400, 0.0054
0.8400, 0.0054
0.8500, 0.0054
0.8500, 0.0054
0.8500, 0.0054
0.8500, 0.0054
0.8500, 0.0054
0.8500, 0.0054
0.8550, 0.0027
0.8550, 0.0027
0.8550, 0.0027
0.8600, 0.0027
0.8600, 0.0027
0.8650, 0.0027
0.8650, 0.0027
0.8650, 0.0027
0.8650, 0.0027
0.8650, 0.0027
0.8650, 0.0027
0.8750, 0.0000
0.8750, 0.0000
0.8750, 0.0000
0.8750, 0.0000
0.8750, 0.0000
0.8750, 0.0000
0.8800, 0.0000
0.8800, 0.0000
0.8850, 0.0000
0.8850, 0.0000
0.8850, 0.0000
0.8850, 0.0000
0.8850, 0.0000
0.8850, 0.0000
0.8900, 0.0000
0.8900, 0.0000
0.8900, 0.0000
0.8900, 0.0000
0.8900, 0.0000
0.8900, 0.0000
0.8950, 0.0000
0.8950, 0.0000
0.8950, 0.0000
0.9050, 0.0000
0.9050, 0.0000
0.9050, 0.0000
0.9050, 0.0000
0.9050, 0.0000
0.9050, 0.0000
0.9100, 0.0000
0.9100, 0.0000
0.9100, 0.0000
0.9150, 0.0000
0.9150, 0.0000
0.9150, 0.0000
0.9150, 0.0000
0.9150, 0.0000
0.9150, 0.0000
0.9150, 0.0000
0.9150, 0.0000
0.9150, 0.0000
0.9200, 0.0000
0.9200, 0.0000
0.9250, 0.0000
0.9250, 0.0000
0.9250, 0.0000
0.9300, 0.0000
0.9300, 0.0000
0.9300, 0.0000
0.9350, 0.0000
0.9350, 0.0000
0.9350, 0.0000
0.9400, 0.0000
0.9400, 0.0000
0.9400, 0.0000
0.9400, 0.0000
0.9400, 0.0000
0.9400, 0.0000
0.9450, 0.0000
0.9450, 0.0000
0.9450, 0.0000
0.9450, 0.0000
0.9450, 0.0000
0.9450, 0.0000
0.9500, 0.0000
0.9500, 0.0000
0.9500, 0.0000
0.9500, 0.0000
0.9500, 0.0000
0.9550, 0.0000
0.9550, 0.0000
0.9550, 0.0000
0.9550, 0.0000
0.9550, 0.0000
0.9550, 0.0000
0.9550, 0.0000
0.9550, 0.0000
0.9550, 0.0000
0.9550, 0.0000
0.9550, 0.0000
0.9550, 0.0000
0.9550, 0.0000
0.9550, 0.0000
0.9550, 0.0000
0.9550, 0.0000
0.9550, 0.0000
0.9550, 0.0000
0.9550, 0.0000
0.9550, 0.0000
0.9550, 0.0000
0.9550, 0.0000
0.9550, 0.0000
0.9550, 0.0000
0.9550, 0.0000
0.9550, 0.0000
0.9550, 0.0000
0.9550, 0.0000
0.9550, 0.0000
0.9550, 0.0000
0.9550, 0.0000
0.9550, 0.0000
0.9550, 0.0000
0.9550, 0.0000
0.9550, 0.0000
0.9550, 0.0000
0.9550, 0.0000
0.9550, 0.0000
0.9550, 0.0000
0.9550, 0.0000
0.9550, 0.0000
0.9550, 0.0000
0.9550, 0.0000
0.9550, 0.0000
0.9550, 0.0000
0.9550, 0.0000
0.9550, 0.0000
0.9550, 0.0000
0.9550, 0.0000
0.9550, 0.0000
0.9550, 0.0000
0.9550, 0.0000
0.9550, 0.0000
0.9550, 0.0000
0.9550, 0.0000
0.2350, 0.2011
0.2350, 0.2011
0.2350, 0.2011
0.2350, 0.2011
0.2350, 0.2011
0.2350, 0.2011
0.2350, 0.2011
0.2350, 0.2011
0.2350, 0.2011
0.2350, 0.2011
0.2350, 0.2011
0.2350, 0.2011
0.2350, 0.2011
0.2350, 0.2011
0.2350, 0.2011
0.2350, 0.2011
0.2350, 0.2011
0.2350, 0.2011
0.2350, 0.2011
0.2350, 0.2011
0.2350, 0.2011
0.2350, 0.2011
0.2350, 0.2011
0.2350, 0.2011
0.2350, 0.2011
0.2350, 0.2011
0.2350, 0.2011
0.2350, 0.2011
0.2350, 0.2011
0.2350, 0.2011
0.2350, 0.2011
0.2350, 0.2011
0.2350, 0.2011
0.2350, 0.2011
0.2350, 0.2011
0.2350, 0.2011
0.2350, 0.2011
0.2350, 0.2011
0.2350, 0.2011
0.2350, 0.2011
0.2350, 0.2011
0.2350, 0.2011
0.2350, 0.2011
0.2350, 0.2011
0.2350, 0.2011
0.2350, 0.2011
0.2350, 0.2011
0.2350, 0.2011
0.2350, 0.2011
0.2350, 0.2011
0.2350, 0.2011
0.2350, 0.2011
0.2350, 0.2011
0.2350, 0.2011
0.2350, 0.2011
0.2350, 0.2011
0.2350, 0.2011
0.2350, 0.2011
0.2350, 0.2011
0.2350, 0.2011
0.2350, 0.2011
0.2350, 0.2011
0.2350, 0.2011
0.2350, 0.2011
0.2350, 0.2011
0.2350, 0.2011
0.2350, 0.2011
0.2350, 0.2011
0.2350, 0.2011
0.2350, 0.2011
0.2350, 0.2011
0.2350, 0.2011
0.2400, 0.2011
0.2400, 0.2011
0.2400, 0.2011
0.2400, 0.2011
0.2400, 0.2011
0.2400, 0.2011
0.2400, 0.2011
0.2400, 0.2011
0.2400, 0.2011
0.2400, 0.2011
0.2400, 0.2011
0.2400, 0.2011
0.2400, 0.2011
0.2450, 0.2011
0.2450, 0.2011
0.2450, 0.2011
0.2450, 0.2011
0.2450, 0.1984
0.2450, 0.1984
0.2450, 0.1984
0.2450, 0.1984
0.2450, 0.1984
0.2450, 0.1984
0.2450, 0.1984
0.2450, 0.1984
0.2450, 0.1984
0.2450, 0.1984
0.2450, 0.1984
0.2450, 0.1984
0.2450, 0.1984
0.2450, 0.1957
0.2450, 0.1957
0.2450, 0.1957
0.2450, 0.1957
0.2450, 0.1957
0.2450, 0.1957
0.2450, 0.1957
0.2450, 0.1957
0.2450, 0.1957
0.2450, 0.1957
0.2450, 0.1957
0.2450, 0.1957
0.2450, 0.1957
0.2500, 0.1957
0.2500, 0.1957
0.2500, 0.1957
0.2500, 0.1957
0.2500, 0.1957
0.2500, 0.1957
0.2500, 0.1957
0.2500, 0.1957
0.2500, 0.1957
0.2500, 0.1957
0.2500, 0.1957
0.2500, 0.1957
0.2500, 0.1957
0.2550, 0.1929
0.2550, 0.1929
0.2550, 0.1929
0.2550, 0.1929
0.2550, 0.1929
0.2550, 0.1929
0.2550, 0.1929
0.2550, 0.1929
0.2550, 0.1929
0.2550, 0.1929
0.2550, 0.1929
0.2550, 0.1929
0.2550, 0.1929
0.2550, 0.1902
0.2550, 0.1902
0.2550, 0.1902
0.2550, 0.1902
0.2550, 0.1902
0.2550, 0.1902
0.2550, 0.1902
0.2550, 0.1902
0.2550, 0.1902
0.2550, 0.1902
0.2550, 0.1902
0.2550, 0.1902
0.2600, 0.1902
0.2600, 0.1902
0.2600, 0.1902
0.2600, 0.1902
0.2600, 0.1902
0.2600, 0.1902
0.2600, 0.1902
0.2650, 0.1902
0.2650, 0.1902
0.2650, 0.1902
0.2650, 0.1902
0.2650, 0.1875
0.2650, 0.1875
0.2650, 0.1875
0.2650, 0.1875
0.2650, 0.1875
0.2650, 0.1875
0.2650, 0.1875
0.2650, 0.1875
0.2650, 0.1875
0.2700, 0.1875
0.2700, 0.1875
0.2700, 0.1875
0.2700, 0.1875
0.2700, 0.1875
0.2700, 0.1875
0.2700, 0.1875
0.2700, 0.1875
0.2700, 0.1848
0.2700, 0.1848
0.2700, 0.1848
0.2700, 0.1848
0.2700, 0.1848
0.2700, 0.1848
0.2700, 0.1848
0.2700, 0.1848
0.2700, 0.1848
0.2700, 0.1848
0.2700, 0.1848
0.2700, 0.1848
0.2700, 0.1848
0.2750, 0.1848
0.2750, 0.1848
0.2750, 0.1848
0.2800, 0.1821
0.2800, 0.1821
0.2800, 0.1821
0.2800, 0.1821
0.2800, 0.1821
0.2800, 0.1821
0.2800, 0.1821
0.2800, 0.1821
0.2800, 0.1821
0.2800, 0.1821
0.2800, 0.1821
0.2800, 0.1821
0.2800, 0.1821
0.2850, 0.1821
0.2850, 0.1821
0.2850, 0.1821
0.2850, 0.1821
0.2900, 0.1821
0.2900, 0.1821
0.2900, 0.1821
0.2900, 0.1821
0.2900, 0.1821
0.2900, 0.1821
0.2900, 0.1821
0.2900, 0.1821
0.2900, 0.1821
0.2950, 0.1821
0.2950, 0.1821
0.2950, 0.1821
0.2950, 0.1821
0.2950, 0.1821
0.2950, 0.1821
0.2950, 0.1821
0.2950, 0.1821
0.2950, 0.1821
0.2950, 0.1821
0.2950, 0.1821
0.2950, 0.1821
0.2950, 0.1793
0.2950, 0.1793
0.2950, 0.1793
0.2950, 0.1793
0.3000, 0.1793
0.3000, 0.1793
0.3000, 0.1793
0.3000, 0.1793
0.3000, 0.1793
0.3000, 0.1793
0.3000, 0.1793
0.3000, 0.1793
0.3000, 0.1793
0.3050, 0.1793
0.3050, 0.1793
0.3050, 0.1793
0.3050, 0.1793
0.3050, 0.1766
0.3050, 0.1766
0.3050, 0.1766
0.3100, 0.1766
0.3100, 0.1766
0.3100, 0.1766
0.3100, 0.1766
0.3100, 0.1766
0.3100, 0.1766
0.3100, 0.1766
0.3150, 0.1766
0.3150, 0.1766
0.3150, 0.1766
0.3200, 0.1766
0.3200, 0.1766
0.3200, 0.1766
0.3200, 0.1766
0.3200, 0.1766
0.3200, 0.1766
0.3200, 0.1766
0.3200, 0.1766
0.3250, 0.1766
0.3250, 0.1766
0.3250, 0.1766
0.3250, 0.1766
0.3300, 0.1766
0.3300, 0.1766
0.3300, 0.1766
0.3300, 0.1766
0.3300, 0.1766
0.3300, 0.1766
0.3300, 0.1766
0.3300, 0.1766
0.3350, 0.1739
0.3350, 0.1739
0.3350, 0.1739
0.3350, 0.1739
0.3350, 0.1739
0.3350, 0.1739
0.3350, 0.1739
0.3350, 0.1739
0.3400, 0.1739
0.3400, 0.1739
0.3400, 0.1739
0.3400, 0.1739
0.3400, 0.1739
0.3400, 0.1739
0.3400, 0.1739
0.3400, 0.1739
0.3400, 0.1739
0.3400, 0.1739
0.3400, 0.1739
0.3400, 0.1739
0.3450, 0.1712
0.3450, 0.1712
0.3450, 0.1712
0.3450, 0.1712
0.3500, 0.1712
0.3500, 0.1712
0.3500, 0.1712
0.3500, 0.1712
0.3500, 0.1712
0.3500, 0.1712
0.3500, 0.1712
0.3500, 0.1712
0.3550, 0.1712
0.3550, 0.1712
0.3550, 0.1712
0.3550, 0.1712
0.3550, 0.1685
0.3550, 0.1685
0.3550, 0.1685
0.3550, 0.1685
0.3600, 0.1685
0.3600, 0.1685
0.3600, 0.1685
0.3600, 0.1685
0.3650, 0.1685
0.3650, 0.1685
0.3650, 0.1685
0.3650, 0.1685
0.3650, 0.1685
0.3650, 0.1685
0.3650, 0.1685
0.3650, 0.1685
0.3700, 0.1685
0.3700, 0.1685
0.3700, 0.1685
0.3700, 0.1685
0.3750, 0.1685
0.3750, 0.1685
0.3750, 0.1685
0.3750, 0.1685
0.3800, 0.1685
0.3800, 0.1685
0.3800, 0.1685
0.3800, 0.1685
0.3800, 0.1685
0.3800, 0.1685
0.3800, 0.1685
0.3800, 0.1685
0.3800, 0.1685
0.3800, 0.1685
0.3800, 0.1685
0.3850, 0.1685
0.3850, 0.1685
0.3850, 0.1685
0.3850, 0.1685
0.3900, 0.1685
0.3900, 0.1685
0.3900, 0.1685
0.3900, 0.1685
0.3900, 0.1685
0.3900, 0.1685
0.3900, 0.1685
0.3900, 0.1685
0.3950, 0.1685
0.3950, 0.1685
0.3950, 0.1685
0.3950, 0.1685
0.4000, 0.1685
0.4000, 0.1685
0.4000, 0.1685
0.4000, 0.1685
0.4000, 0.1685
0.4000, 0.1685
0.4000, 0.1685
0.4000, 0.1685
0.4050, 0.1685
0.4050, 0.1685
0.4050, 0.1685
0.4050, 0.1685
0.4050, 0.1685
0.4050, 0.1685
0.4050, 0.1685
0.4050, 0.1685
0.4050, 0.1685
0.4050, 0.1685
0.4050, 0.1685
0.4050, 0.1685
0.4050, 0.1685
0.4050, 0.1685
0.4050, 0.1685
0.4050, 0.1685
0.4100, 0.1685
0.4100, 0.1685
0.4100, 0.1685
0.4100, 0.1685
0.4150, 0.1685
0.4150, 0.1685
0.4150, 0.1685
0.4150, 0.1685
0.4150, 0.1685
0.4150, 0.1685
0.4150, 0.1685
0.4200, 0.1685
0.4200, 0.1685
0.4200, 0.1685
0.4200, 0.1685
0.4250, 0.1685
0.4250, 0.1685
0.4250, 0.1685
0.4250, 0.1685
0.4300, 0.1658
0.4300, 0.1658
0.4300, 0.1658
0.4300, 0.1658
0.4300, 0.1658
0.4300, 0.1658
0.4300, 0.1658
0.4350, 0.1658
0.4350, 0.1658
0.4350, 0.1658
0.4350, 0.1658
0.4350, 0.1658
0.4350, 0.1658
0.4350, 0.1658
0.4350, 0.1658
0.4400, 0.1658
0.4400, 0.1658
0.4400, 0.1658
0.4400, 0.1658
0.4400, 0.1658
0.4400, 0.1658
0.4400, 0.1658
0.4400, 0.1658
0.4400, 0.1658
0.4400, 0.1658
0.4400, 0.1658
0.4400, 0.1658
0.4450, 0.1658
0.4450, 0.1658
0.4450, 0.1658
0.4450, 0.1658
0.4450, 0.1658
0.4450, 0.1658
0.4500, 0.1658
0.4500, 0.1658
0.4550, 0.1658
0.4550, 0.1658
0.4550, 0.1658
0.4550, 0.1658
0.4550, 0.1658
0.4550, 0.1658
0.4600, 0.1658
0.4600, 0.1658
0.4600, 0.1658
0.4650, 0.1658
0.4650, 0.1658
0.4650, 0.1658
0.4650, 0.1658
0.4650, 0.1658
0.4650, 0.1658
0.4700, 0.1658
0.4700, 0.1658
0.4700, 0.1658
0.4700, 0.1658
0.4700, 0.1658
0.4750, 0.1658
0.4750, 0.1658
0.4750, 0.1658
0.4800, 0.1658
0.4800, 0.1658
0.4800, 0.1658
0.4800, 0.1658
0.4800, 0.1658
0.4800, 0.1658
0.4800, 0.1658
0.4800, 0.1658
0.4800, 0.1658
0.4850, 0.1658
0.4850, 0.1658
0.4850, 0.1658
0.4850, 0.1658
0.4850, 0.1658
0.4850, 0.1658
0.4900, 0.1658
0.4900, 0.1658
0.4900, 0.1658
0.4900, 0.1658
0.4900, 0.1658
0.4900, 0.1658
0.4950, 0.1658
0.4950, 0.1658
0.4950, 0.1658
0.5000, 0.1658
0.5000, 0.1658
0.5000, 0.1658
0.5000, 0.1658
0.5000, 0.1658
0.5050, 0.1658
0.5050, 0.1658
0.5050, 0.1658
0.5100, 0.1658
0.5100, 0.1658
0.5100, 0.1658
0.5150, 0.1658
0.5150, 0.1658
0.5150, 0.1658
0.5150, 0.1658
0.5150, 0.1658
0.5150, 0.1658
0.5200, 0.1658
0.5200, 0.1658
0.5200, 0.1658
0.5200, 0.1658
0.5200, 0.1658
0.5250, 0.1658
0.5250, 0.1658
0.5250, 0.1658
0.5250, 0.1658
0.5250, 0.1658
0.5250, 0.1658
0.5250, 0.1658
0.5250, 0.1658
0.5250, 0.1658
0.5300, 0.1658
0.5300, 0.1658
0.5300, 0.1658
0.5350, 0.1685
0.5350, 0.1685
0.5350, 0.1685
0.5400, 0.1685
0.5400, 0.1685
0.5400, 0.1685
0.5400, 0.1685
0.5400, 0.1685
0.5400, 0.1685
0.5450, 0.1712
0.5450, 0.1712
0.5450, 0.1712
0.5500, 0.1712
0.5500, 0.1712
0.5500, 0.1712
0.5500, 0.1712
0.5500, 0.1712
0.5550, 0.1712
0.5550, 0.1712
0.5550, 0.1712
0.5600, 0.1712
0.5600, 0.1712
0.5600, 0.1712
0.5650, 0.1712
0.5650, 0.1712
0.5650, 0.1712
0.5650, 0.1739
0.5650, 0.1739
0.5650, 0.1739
0.5650, 0.1739
0.5650, 0.1739
0.5700, 0.1739
0.5700, 0.1739
0.5700, 0.1739
0.5750, 0.1739
0.5750, 0.1739
0.5750, 0.1739
0.5750, 0.1739
0.5750, 0.1739
0.5750, 0.1739
0.5800, 0.1739
0.5800, 0.1739
0.5800, 0.1739
0.5850, 0.1739
0.5850, 0.1739
0.5850, 0.1739
0.5900, 0.1766
0.5900, 0.1766
0.5900, 0.1766
0.5900, 0.1766
0.5900, 0.1766
0.5900, 0.1766
0.6000, 0.1766
0.6000, 0.1766
0.6000, 0.1766
0.6000, 0.1766
0.6000, 0.1766
0.6000, 0.1766
0.6000, 0.1766
0.6000, 0.1766
0.6050, 0.1766
0.6050, 0.1766
0.6050, 0.1766
0.6100, 0.1766
0.6100, 0.1766
0.6150, 0.1793
0.6150, 0.1793
0.6150, 0.1793
0.6150, 0.1793
0.6150, 0.1793
0.6150, 0.1793
0.6200, 0.1793
0.6200, 0.1793
0.6200, 0.1793
0.6250, 0.1793
0.6250, 0.1793
0.6250, 0.1793
0.6250, 0.1793
0.6250, 0.1793
0.6250, 0.1793
0.6300, 0.1793
0.6300, 0.1793
0.6350, 0.1793
0.6350, 0.1793
0.6350, 0.1793
0.6350, 0.1793
0.6350, 0.1793
0.6350, 0.1793
0.6400, 0.1793
0.6400, 0.1793
0.6400, 0.1793
0.6400, 0.1821
0.6400, 0.1821
0.6450, 0.1821
0.6450, 0.1821
0.6450, 0.1821
0.6500, 0.1821
0.6500, 0.1821
0.6500, 0.1821
0.6500, 0.1848
0.6500, 0.1848
0.6550, 0.1848
0.6550, 0.1848
0.6550, 0.1848
0.6650, 0.1848
0.6650, 0.1848
0.6650, 0.1848
0.6650, 0.1875
0.6650, 0.1875
0.6650, 0.1875
0.6700, 0.1875
0.6700, 0.1875
0.6750, 0.1875
0.6750, 0.1875
0.6750, 0.1875
0.6800, 0.1875
0.6800, 0.1875
0.6800, 0.1875
0.6800, 0.1875
0.6800, 0.1875
0.6800, 0.1875
0.6850, 0.1875
0.6850, 0.1875
0.6850, 0.1875
0.6900, 0.1875
0.6900, 0.1875
0.6900, 0.1875
0.6900, 0.1875
0.6900, 0.1875
0.6900, 0.1902
0.6900, 0.1902
0.6950, 0.1902
0.6950, 0.1902
0.6950, 0.1902
0.7000, 0.1902
0.7000, 0.1902
0.7000, 0.1902
0.7000, 0.1902
0.7000, 0.1902
0.7000, 0.1929
0.7000, 0.1929
0.7000, 0.1929
0.7050, 0.1929
0.7050, 0.1929
0.7050, 0.1929
0.7050, 0.1929
0.7050, 0.1929
0.7050, 0.1929
0.7100, 0.1929
0.7100, 0.1929
0.7100, 0.1929
0.7150, 0.1929
0.7150, 0.1929
0.7150, 0.1929
0.7150, 0.1929
0.7150, 0.1929
0.7150, 0.1929
0.7150, 0.1929
0.7150, 0.1929
0.7200, 0.1929
0.7200, 0.1929
0.7200, 0.1929
0.7250, 0.1929
0.7250, 0.1929
0.7250, 0.1929
0.7250, 0.1929
0.7250, 0.1929
0.7250, 0.1929
0.7250, 0.1957
0.7250, 0.1957
0.7300, 0.1957
0.7300, 0.1957
0.7300, 0.1957
0.7300, 0.1957
0.7300, 0.1957
0.7300, 0.1957
0.7350, 0.1957
0.7350, 0.1957
0.7350, 0.1957
0.7350, 0.1957
0.7350, 0.1957
0.7350, 0.1957
0.7400, 0.1984
0.7400, 0.1984
0.7400, 0.1984
0.7400, 0.1984
0.7400, 0.1984
0.7400, 0.1984
0.7400, 0.1984
0.7400, 0.1984
0.7400, 0.1984
0.7450, 0.1984
0.7450, 0.1984
0.7500, 0.1984
0.7500, 0.1984
0.7500, 0.1984
0.7500, 0.2011
0.7500, 0.2011
0.7500, 0.2011
0.7550, 0.2011
0.7550, 0.2011
0.7600, 0.2011
0.7600, 0.2011
0.7600, 0.2011
0.7600, 0.2011
0.7600, 0.2011
0.7600, 0.2011
0.7650, 0.2011
0.7650, 0.2011
0.7650, 0.2011
0.7650, 0.2011
0.7650, 0.2011
0.7650, 0.2011
0.7650, 0.2011
0.7650, 0.2011
0.7650, 0.2011
0.7700, 0.2011
0.7700, 0.2011
0.7750, 0.2011
0.7750, 0.2011
0.7750, 0.2011
0.7750, 0.2011
0.7750, 0.2011
0.7750, 0.2011
0.7800, 0.2011
0.7800, 0.2011
0.7800, 0.2011
0.7800, 0.2011
0.7800, 0.2011
0.7800, 0.2011
0.7850, 0.2011
0.7850, 0.2011
0.7900, 0.2011
0.7900, 0.2011
0.7900, 0.2011
0.7950, 0.2011
0.7950, 0.2011
0.8000, 0.2011
0.8000, 0.2011
0.8000, 0.2011
0.8000, 0.2011
0.8000, 0.2011
0.8050, 0.2011
0.8050, 0.2011
0.8050, 0.2011
0.8100, 0.2011
0.8100, 0.2011
0.8100, 0.2011
0.8150, 0.2011
0.8150, 0.2011
0.8150, 0.2011
0.8200, 0.2011
0.8200, 0.2011
0.8250, 0.2011
0.8250, 0.2011
0.8250, 0.2011
0.8250, 0.2011
0.8250, 0.2011
0.8250, 0.2011
0.8300, 0.2011
0.8300, 0.2011
0.8300, 0.2011
0.8300, 0.2011
0.8300, 0.2011
0.8300, 0.2011
0.8350, 0.2011
0.8350, 0.2011
0.8350, 0.2011
0.8400, 0.2011
0.8400, 0.2011
0.8400, 0.2011
0.8400, 0.2011
0.8400, 0.2011
0.8450, 0.2011
0.8450, 0.2011
0.8450, 0.2011
0.8500, 0.2011
0.8500, 0.2011
0.8550, 0.2011
0.8550, 0.2011
0.8550, 0.2011
0.8600, 0.2011
0.8600, 0.2011
0.8600, 0.2011
0.8600, 0.2011
0.8600, 0.2011
0.8650, 0.2011
0.8650, 0.2011
0.8650, 0.2011
0.8650, 0.2011
0.8650, 0.2011
0.8650, 0.2011
0.8700, 0.2011
0.8700, 0.2011
0.8700, 0.2011
0.8750, 0.2011
0.8750, 0.2011
0.8800, 0.2011
0.8800, 0.2011
0.8800, 0.2011
0.8850, 0.1984
0.8850, 0.1984
0.8850, 0.1984
0.8900, 0.1984
0.8900, 0.1984
0.8950, 0.1984
0.8950, 0.1984
0.8950, 0.1984
0.8950, 0.1984
0.8950, 0.1984
0.8950, 0.1984
0.9000, 0.1984
0.9000, 0.1984
0.9000, 0.1957
0.9000, 0.1957
0.9000, 0.1957
0.9050, 0.1957
0.9050, 0.1957
0.9050, 0.1957
0.9050, 0.1957
0.9050, 0.1957
0.9100, 0.1957
0.9100, 0.1957
0.9100, 0.1957
0.9150, 0.1957
0.9150, 0.1957
0.9200, 0.1957
0.9200, 0.1957
0.9200, 0.1957
0.9250, 0.1957
0.9250, 0.1957
0.9300, 0.1957
0.9300, 0.1957
0.9300, 0.1957
0.9300, 0.1929
0.9300, 0.1929
0.9300, 0.1929
0.9350, 0.1929
0.9350, 0.1929
0.9400, 0.1929
0.9400, 0.1929
0.9400, 0.1929
0.9450, 0.1902
0.9450, 0.1902
0.9450, 0.1902
0.9450, 0.1902
0.9450, 0.1902
0.9500, 0.1902
0.9500, 0.1902
0.9500, 0.1902
0.9550, 0.1902
0.9550, 0.1902
0.9550, 0.1902
0.9550, 0.1875
0.9550, 0.1875
0.9600, 0.1848
0.9600, 0.1848
0.9600, 0.1848
0.9650, 0.1848
0.9650, 0.1848
0.9700, 0.1821
0.9700, 0.1821
0.9700, 0.1821
0.9750, 0.1821
0.9750, 0.1821
0.9750, 0.1821
0.9800, 0.1821
0.9800, 0.1821
0.9850, 0.1793
0.9850, 0.1793
0.9850, 0.1793
0.9850, 0.1793
0.9850, 0.1793
0.9850, 0.1793
0.9900, 0.1766
0.9900, 0.1766
0.9900, 0.1766
0.9900, 0.1766
0.9900, 0.1766
0.9950, 0.1766
0.9950, 0.1766
0.9950, 0.1766
0.9950, 0.1766
0.9950, 0.1766
0.9950, 0.1766
0.9950, 0.1766
0.9950, 0.1766
0.9950, 0.1766
0.9950, 0.1766
0.9950, 0.1766
0.9950, 0.1766
1.0000, 0.1766
1.0000, 0.1766
1.0000, 0.1766
1.0000, 0.1766
1.0000, 0.1766
1.0000, 0.1766
1.0000, 0.1766
1.0000, 0.1766
1.0000, 0.1766
1.0000, 0.1766
1.0000, 0.1766
1.0000, 0.1766
1.0000, 0.1766
1.0000, 0.1766
1.0000, 0.1766
1.0000, 0.1766
1.0000, 0.1766
1.0000, 0.1766
1.0000, 0.1766
1.0000, 0.1766
1.0000, 0.1766
1.0000, 0.1766
1.0000, 0.1766
1.0000, 0.1766
1.0000, 0.1766
1.0000, 0.1766
1.0000, 0.1766
1.0000, 0.1766
1.0000, 0.1766
1.0000, 0.1766
1.0000, 0.1766
1.0000, 0.1766
1.0000, 0.1766
1.0000, 0.1766
1.0000, 0.1766
1.0000, 0.1766
1.0000, 0.1766
1.0000, 0.1766
1.0000, 0.1766
1.0000, 0.1766
1.0000, 0.1766
1.0000, 0.1766
1.0000, 0.1766
1.0000, 0.1766
1.0000, 0.1766
1.0000, 0.1766
1.0000, 0.1766
0.0000, 1.0000
0.0000, 1.0000
0.0000, 1.0000
0.0000, 1.0000
0.0000, 1.0000
0.0000, 1.0000
0.0000, 1.0000
0.0000, 1.0000
0.0000, 1.0000
0.0000, 1.0000
0.0000, 1.0000
0.0000, 1.0000
0.0000, 1.0000
0.0000, 1.0000
0.0000, 1.0000
0.0000, 1.0000
0.0000, 1.0000
0.0000, 1.0000
0.0000, 1.0000
0.0000, 1.0000
0.0000, 1.0000
0.0000, 1.0000
0.0000, 1.0000
0.0000, 1.0000
0.0000, 1.0000
0.0000, 1.0000
0.0000, 1.0000
0.0000, 1.0000
0.0000, 1.0000
0.0000, 1.0000
0.0000, 1.0000
0.0000, 1.0000
0.0000, 1.0000
0.0000, 1.0000
0.0000, 1.0000
0.0000, 1.0000
0.0000, 1.0000
0.0000, 1.0000
0.0000, 1.0000
0.0000, 1.0000
0.0000, 1.0000
0.0000, 1.0000
0.0000, 1.0000
0.0000, 1.0000
