0.2407, 0.3359
0.2407, 0.3359
0.2407, 0.3359
0.2407, 0.3359
0.2407, 0.3359
0.2407, 0.3359
0.2407, 0.3359
0.2407, 0.3359
0.2407, 0.3359
0.2407, 0.3359
0.2407, 0.3359
0.2407, 0.3359
0.2407, 0.3359
0.2407, 0.3359
0.2407, 0.3359
0.2407, 0.3359
0.2407, 0.3359
0.2407, 0.3359
0.2407, 0.3359
0.2407, 0.3359
0.2407, 0.3359
0.2407, 0.3359
0.2407, 0.3359
0.2407, 0.3359
0.2407, 0.3359
0.2407, 0.3359
0.2407, 0.3359
0.2407, 0.3359
0.2407, 0.3359
0.2407, 0.3359
0.2407, 0.3359
0.2407, 0.3359
0.2407, 0.3359
0.2407, 0.3359
0.2454, 0.3359
0.2454, 0.3359
0.2454, 0.3359
0.2454, 0.3359
0.2454, 0.3359
0.2454, 0.3359
0.2454, 0.3359
0.2454, 0.3359
0.2454, 0.3359
0.2454, 0.3359
0.2454, 0.3359
0.2454, 0.3359
0.2454, 0.3359
0.2454, 0.3359
0.2500, 0.3359
0.2500, 0.3359
0.2500, 0.3359
0.2500, 0.3359
0.2546, 0.3385
0.2546, 0.3385
0.2546, 0.3385
0.2546, 0.3385
0.2593, 0.3385
0.2593, 0.3385
0.2593, 0.3385
0.2593, 0.3385
0.2593, 0.3385
0.2593, 0.3385
0.2593, 0.3385
0.2593, 0.3385
0.2593, 0.3385
0.2593, 0.3385
0.2593, 0.3385
0.2593, 0.3385
0.2593, 0.3385
0.2639, 0.3385
0.2639, 0.3385
0.2639, 0.3385
0.2639, 0.3385
0.2639, 0.3410
0.2639, 0.3410
0.2639, 0.3410
0.2639, 0.3410
0.2685, 0.3410
0.2685, 0.3410
0.2685, 0.3410
0.2685, 0.3410
0.2685, 0.3410
0.2685, 0.3410
0.2685, 0.3410
0.2685, 0.3410
0.2685, 0.3410
0.2731, 0.3410
0.2731, 0.3410
0.2731, 0.3410
0.2731, 0.3410
0.2731, 0.3410
0.2731, 0.3410
0.2731, 0.3410
0.2731, 0.3410
0.2731, 0.3410
0.2824, 0.3410
0.2824, 0.3410
0.2824, 0.3410
0.2824, 0.3410
0.2824, 0.3436
0.2824, 0.3436
0.2824, 0.3436
0.2824, 0.3436
0.2870, 0.3436
0.2870, 0.3436
0.2870, 0.3436
0.2870, 0.3436
0.2917, 0.3462
0.2917, 0.3462
0.2917, 0.3462
0.2917, 0.3462
0.2917, 0.3462
0.2917, 0.3462
0.2917, 0.3462
0.2917, 0.3462
0.2963, 0.3462
0.2963, 0.3462
0.2963, 0.3462
0.2963, 0.3462
0.3009, 0.3462
0.3009, 0.3462
0.3009, 0.3462
0.3009, 0.3462
0.3009, 0.3462
0.3009, 0.3462
0.3009, 0.3462
0.3009, 0.3462
0.3009, 0.3462
0.3056, 0.3462
0.3056, 0.3462
0.3056, 0.3462
0.3056, 0.3462
0.3056, 0.3462
0.3056, 0.3462
0.3056, 0.3462
0.3056, 0.3462
0.3102, 0.3462
0.3102, 0.3462
0.3102, 0.3462
0.3102, 0.3462
0.3102, 0.3462
0.3148, 0.3487
0.3148, 0.3487
0.3148, 0.3487
0.3148, 0.3487
0.3148, 0.3487
0.3148, 0.3487
0.3148, 0.3487
0.3148, 0.3487
0.3194, 0.3487
0.3194, 0.3487
0.3194, 0.3487
0.3194, 0.3487
0.3241, 0.3513
0.3241, 0.3513
0.3241, 0.3513
0.3241, 0.3513
0.3241, 0.3513
0.3287, 0.3513
0.3287, 0.3513
0.3287, 0.3513
0.3287, 0.3513
0.3287, 0.3513
0.3287, 0.3513
0.3287, 0.3513
0.3287, 0.3513
0.3333, 0.3513
0.3333, 0.3513
0.3333, 0.3513
0.3333, 0.3513
0.3380, 0.3538
0.3380, 0.3538
0.3380, 0.3538
0.3380, 0.3538
0.3380, 0.3538
0.3380, 0.3538
0.3380, 0.3538
0.3380, 0.3538
0.3426, 0.3538
0.3426, 0.3538
0.3426, 0.3538
0.3426, 0.3538
0.3426, 0.3538
0.3426, 0.3538
0.3426, 0.3538
0.3426, 0.3538
0.3472, 0.3538
0.3472, 0.3538
0.3472, 0.3538
0.3472, 0.3538
0.3472, 0.3538
0.3472, 0.3538
0.3472, 0.3538
0.3472, 0.3538
0.3472, 0.3538
0.3519, 0.3538
0.3519, 0.3538
0.3519, 0.3538
0.3519, 0.3538
0.3519, 0.3538
0.3519, 0.3538
0.3519, 0.3538
0.3519, 0.3538
0.3519, 0.3538
0.3519, 0.3538
0.3519, 0.3538
0.3519, 0.3538
0.3519, 0.3538
0.3519, 0.3538
0.3519, 0.3538
0.3519, 0.3538
0.3519, 0.3538
0.3519, 0.3538
0.3565, 0.3538
0.3565, 0.3538
0.3565, 0.3538
0.3611, 0.3564
0.3611, 0.3564
0.3611, 0.3564
0.3611, 0.3564
0.3611, 0.3564
0.3611, 0.3564
0.3611, 0.3564
0.3611, 0.3564
0.3657, 0.3564
0.3657, 0.3564
0.3657, 0.3564
0.3657, 0.3564
0.3657, 0.3564
0.3704, 0.3564
0.3704, 0.3564
0.3704, 0.3564
0.3704, 0.3564
0.3704, 0.3564
0.3704, 0.3564
0.3704, 0.3564
0.3704, 0.3564
0.3750, 0.3564
0.3750, 0.3564
0.3750, 0.3564
0.3750, 0.3564
0.3750, 0.3564
0.3750, 0.3564
0.3750, 0.3564
0.3750, 0.3564
0.3750, 0.3564
0.3750, 0.3564
0.3750, 0.3564
0.3750, 0.3564
0.3750, 0.3564
0.3750, 0.3564
0.3750, 0.3564
0.3750, 0.3564
0.3750, 0.3564
0.3796, 0.3564
0.3796, 0.3564
0.3796, 0.3564
0.3796, 0.3564
0.3796, 0.3590
0.3796, 0.3590
0.3796, 0.3590
0.3796, 0.3590
0.3843, 0.3590
0.3843, 0.3590
0.3843, 0.3590
0.3843, 0.3590
0.3843, 0.3590
0.3843, 0.3590
0.3843, 0.3590
0.3843, 0.3590
0.3843, 0.3590
0.3843, 0.3590
0.3843, 0.3590
0.3843, 0.3590
0.3843, 0.3590
0.3843, 0.3590
0.3843, 0.3590
0.3843, 0.3590
0.3889, 0.3590
0.3889, 0.3590
0.3889, 0.3590
0.3889, 0.3590
0.3935, 0.3590
0.3935, 0.3590
0.3935, 0.3590
0.3935, 0.3590
0.3935, 0.3590
0.3935, 0.3590
0.3935, 0.3590
0.3935, 0.3590
0.3935, 0.3590
0.3981, 0.3590
0.3981, 0.3590
0.3981, 0.3590
0.3981, 0.3590
0.3981, 0.3590
0.3981, 0.3590
0.3981, 0.3590
0.3981, 0.3590
0.3981, 0.3590
0.3981, 0.3590
0.3981, 0.3590
0.3981, 0.3590
0.4028, 0.3590
0.4028, 0.3590
0.4028, 0.3590
0.4028, 0.3590
0.4074, 0.3590
0.4074, 0.3590
0.4074, 0.3590
0.4074, 0.3590
0.4074, 0.3590
0.4074, 0.3590
0.4074, 0.3590
0.4074, 0.3590
0.4074, 0.3590
0.4074, 0.3590
0.4074, 0.3590
0.4074, 0.3590
0.4074, 0.3590
0.4074, 0.3590
0.4074, 0.3590
0.4074, 0.3590
0.4074, 0.3590
0.4120, 0.3590
0.4120, 0.3590
0.4120, 0.3590
0.4120, 0.3590
0.4120, 0.3590
0.4120, 0.3590
0.4120, 0.3590
0.4120, 0.3590
0.4167, 0.3590
0.4167, 0.3590
0.4167, 0.3590
0.4167, 0.3590
0.4167, 0.3590
0.4167, 0.3590
0.4167, 0.3590
0.4167, 0.3590
0.4213, 0.3615
0.4213, 0.3615
0.4213, 0.3615
0.4213, 0.3615
0.4213, 0.3615
0.4213, 0.3615
0.4213, 0.3615
0.4213, 0.3615
0.4213, 0.3615
0.4213, 0.3615
0.4213, 0.3615
0.4213, 0.3615
0.4213, 0.3615
0.4259, 0.3615
0.4259, 0.3615
0.4259, 0.3615
0.4259, 0.3615
0.4306, 0.3615
0.4306, 0.3615
0.4306, 0.3615
0.4306, 0.3615
0.4306, 0.3615
0.4306, 0.3615
0.4306, 0.3615
0.4306, 0.3615
0.4306, 0.3615
0.4306, 0.3615
0.4306, 0.3615
0.4306, 0.3615
0.4352, 0.3615
0.4352, 0.3615
0.4352, 0.3615
0.4352, 0.3615
0.4352, 0.3615
0.4352, 0.3615
0.4352, 0.3615
0.4352, 0.3615
0.4398, 0.3615
0.4398, 0.3615
0.4398, 0.3615
0.4398, 0.3615
0.4398, 0.3615
0.4398, 0.3615
0.4398, 0.3615
0.4398, 0.3615
0.4444, 0.3615
0.4444, 0.3615
0.4444, 0.3615
0.4491, 0.3615
0.4491, 0.3615
0.4491, 0.3615
0.4491, 0.3615
0.4537, 0.3615
0.4537, 0.3615
0.4537, 0.3615
0.4537, 0.3615
0.4537, 0.3615
0.4537, 0.3615
0.4537, 0.3615
0.4537, 0.3615
0.4537, 0.3615
0.4537, 0.3615
0.4537, 0.3615
0.4537, 0.3615
0.4537, 0.3615
0.4583, 0.3615
0.4583, 0.3615
0.4583, 0.3615
0.4630, 0.3615
0.4630, 0.3615
0.4630, 0.3615
0.4630, 0.3615
0.4630, 0.3615
0.4630, 0.3615
0.4630, 0.3615
0.4630, 0.3615
0.4676, 0.3615
0.4676, 0.3615
0.4676, 0.3615
0.4676, 0.3615
0.4722, 0.3615
0.4722, 0.3615
0.4722, 0.3615
0.4722, 0.3615
0.4722, 0.3615
0.4722, 0.3615
0.4722, 0.3615
0.4722, 0.3615
0.4769, 0.3615
0.4769, 0.3615
0.4769, 0.3615
0.4769, 0.3615
0.4769, 0.3615
0.4769, 0.3615
0.4769, 0.3615
0.4769, 0.3615
0.4769, 0.3615
0.4769, 0.3615
0.4769, 0.3615
0.4769, 0.3615
0.4769, 0.3615
0.4815, 0.3615
0.4815, 0.3615
0.4815, 0.3615
0.4815, 0.3615
0.4815, 0.3615
0.4815, 0.3615
0.4815, 0.3615
0.4815, 0.3615
0.4861, 0.3615
0.4861, 0.3615
0.4861, 0.3615
0.4861, 0.3615
0.4861, 0.3615
0.4861, 0.3615
0.4861, 0.3615
0.4861, 0.3615
0.4907, 0.3615
0.4907, 0.3615
0.4907, 0.3615
0.4954, 0.3615
0.4954, 0.3615
0.4954, 0.3615
0.4954, 0.3615
0.4954, 0.3615
0.4954, 0.3615
0.4954, 0.3615
0.4954, 0.3615
0.5000, 0.3615
0.5000, 0.3615
0.5000, 0.3615
0.5000, 0.3615
0.5000, 0.3615
0.5000, 0.3615
0.5000, 0.3615
0.5000, 0.3615
0.5000, 0.3615
0.5000, 0.3615
0.5000, 0.3615
0.5046, 0.3615
0.5046, 0.3615
0.5046, 0.3615
0.5046, 0.3615
0.5093, 0.3590
0.5093, 0.3590
0.5093, 0.3590
0.5093, 0.3590
0.5093, 0.3590
0.5093, 0.3590
0.5093, 0.3590
0.5093, 0.3590
0.5093, 0.3590
0.5093, 0.3590
0.5093, 0.3590
0.5139, 0.3564
0.5139, 0.3564
0.5139, 0.3564
0.5139, 0.3564
0.5185, 0.3564
0.5185, 0.3564
0.5185, 0.3564
0.5185, 0.3564
0.5185, 0.3564
0.5185, 0.3564
0.5185, 0.3564
0.5185, 0.3564
0.5231, 0.3564
0.5231, 0.3564
0.5231, 0.3564
0.5231, 0.3564
0.5231, 0.3564
0.5231, 0.3564
0.5231, 0.3564
0.5231, 0.3564
0.5231, 0.3564
0.5231, 0.3564
0.5231, 0.3564
0.5231, 0.3564
0.5231, 0.3564
0.5231, 0.3564
0.5231, 0.3564
0.5231, 0.3564
0.5231, 0.3538
0.5231, 0.3538
0.5231, 0.3538
0.5231, 0.3538
0.5231, 0.3538
0.5231, 0.3538
0.5231, 0.3538
0.5278, 0.3538
0.5278, 0.3538
0.5278, 0.3538
0.5278, 0.3538
0.5278, 0.3513
0.5278, 0.3513
0.5278, 0.3513
0.5278, 0.3513
0.5324, 0.3513
0.5324, 0.3513
0.5324, 0.3513
0.5324, 0.3513
0.5324, 0.3513
0.5324, 0.3513
0.5324, 0.3513
0.5324, 0.3513
0.5324, 0.3487
0.5324, 0.3487
0.5324, 0.3487
0.5324, 0.3487
0.5324, 0.3487
0.5324, 0.3487
0.5324, 0.3487
0.5324, 0.3487
0.5370, 0.3487
0.5370, 0.3487
0.5370, 0.3487
0.5370, 0.3487
0.5370, 0.3487
0.5370, 0.3487
0.5370, 0.3487
0.5370, 0.3487
0.5417, 0.3462
0.5417, 0.3462
0.5417, 0.3462
0.5417, 0.3462
0.5417, 0.3462
0.5417, 0.3462
0.5417, 0.3462
0.5463, 0.3462
0.5463, 0.3462
0.5463, 0.3462
0.5463, 0.3462
0.5463, 0.3462
0.5463, 0.3462
0.5463, 0.3462
0.5463, 0.3462
0.5463, 0.3436
0.5463, 0.3436
0.5463, 0.3436
0.5463, 0.3436
0.5463, 0.3436
0.5463, 0.3436
0.5463, 0.3436
0.5463, 0.3436
0.5463, 0.3436
0.5463, 0.3436
0.5463, 0.3436
0.5463, 0.3436
0.5463, 0.3436
0.5463, 0.3436
0.5463, 0.3436
0.5463, 0.3436
0.5463, 0.3436
0.5463, 0.3436
0.5463, 0.3436
0.5463, 0.3436
0.5463, 0.3436
0.5463, 0.3436
0.5463, 0.3436
0.5509, 0.3410
0.5509, 0.3410
0.5509, 0.3410
0.5509, 0.3410
0.5509, 0.3410
0.5509, 0.3410
0.5509, 0.3410
0.5509, 0.3410
0.5509, 0.3385
0.5509, 0.3385
0.5509, 0.3385
0.5556, 0.3385
0.5556, 0.3385
0.5556, 0.3385
0.5556, 0.3385
0.5556, 0.3359
0.5556, 0.3359
0.5556, 0.3359
0.5556, 0.3359
0.5556, 0.3359
0.5556, 0.3359
0.5556, 0.3359
0.5556, 0.3359
0.5556, 0.3359
0.5556, 0.3359
0.5556, 0.3359
0.5556, 0.3359
0.5556, 0.3359
0.5556, 0.3359
0.5556, 0.3359
0.5602, 0.3359
0.5602, 0.3359
0.5602, 0.3359
0.5602, 0.3333
0.5602, 0.3333
0.5602, 0.3333
0.5602, 0.3333
0.5602, 0.3333
0.5602, 0.3333
0.5602, 0.3333
0.5602, 0.3333
0.5648, 0.3308
0.5648, 0.3308
0.5648, 0.3308
0.5648, 0.3308
0.5648, 0.3308
0.5648, 0.3308
0.5648, 0.3308
0.5648, 0.3308
0.5648, 0.3308
0.5648, 0.3308
0.5648, 0.3308
0.5648, 0.3308
0.5648, 0.3308
0.5648, 0.3308
0.5648, 0.3308
0.5648, 0.3308
0.5694, 0.3308
0.5694, 0.3308
0.5694, 0.3308
0.5694, 0.3308
0.5694, 0.3308
0.5694, 0.3308
0.5694, 0.3308
0.5694, 0.3282
0.5694, 0.3282
0.5694, 0.3282
0.5694, 0.3282
0.5694, 0.3282
0.5694, 0.3282
0.5694, 0.3282
0.5694, 0.3282
0.5694, 0.3282
0.5694, 0.3282
0.5694, 0.3282
0.5694, 0.3256
0.5694, 0.3256
0.5694, 0.3256
0.5694, 0.3256
0.5694, 0.3256
0.5694, 0.3256
0.5694, 0.3256
0.5694, 0.3231
0.5694, 0.3231
0.5694, 0.3231
0.5694, 0.3231
0.5694, 0.3231
0.5694, 0.3231
0.5694, 0.3231
0.5694, 0.3231
0.5694, 0.3231
0.5694, 0.3231
0.5694, 0.3231
0.5694, 0.3231
0.5741, 0.3231
0.5741, 0.3231
0.5741, 0.3231
0.5741, 0.3231
0.5741, 0.3231
0.5741, 0.3231
0.5741, 0.3231
0.5741, 0.3231
0.5741, 0.3231
0.5741, 0.3231
0.5741, 0.3231
0.5741, 0.3231
0.5741, 0.3205
0.5741, 0.3205
0.5741, 0.3205
0.5741, 0.3179
0.5741, 0.3179
0.5741, 0.3179
0.5741, 0.3179
0.5741, 0.3179
0.5741, 0.3179
0.5741, 0.3179
0.5741, 0.3179
0.5741, 0.3179
0.5741, 0.3179
0.5741, 0.3179
0.5741, 0.3179
0.5741, 0.3179
0.5741, 0.3179
0.5741, 0.3179
0.5787, 0.3154
0.5787, 0.3154
0.5787, 0.3154
0.5787, 0.3154
0.5787, 0.3154
0.5787, 0.3154
0.5787, 0.3154
0.5787, 0.3128
0.5787, 0.3128
0.5787, 0.3128
0.5787, 0.3128
0.5787, 0.3128
0.5787, 0.3128
0.5787, 0.3128
0.5787, 0.3128
0.5787, 0.3103
0.5787, 0.3103
0.5787, 0.3103
0.5787, 0.3103
0.5787, 0.3103
0.5787, 0.3103
0.5787, 0.3103
0.5787, 0.3103
0.5787, 0.3103
0.5787, 0.3103
0.5787, 0.3103
0.5787, 0.3103
0.5787, 0.3103
0.5787, 0.3103
0.5787, 0.3103
0.5787, 0.3077
0.5787, 0.3077
0.5787, 0.3077
0.5787, 0.3077
0.5787, 0.3077
0.5787, 0.3077
0.5787, 0.3077
0.5833, 0.3051
0.5833, 0.3051
0.5833, 0.3051
0.5833, 0.3051
0.5833, 0.3051
0.5833, 0.3051
0.5833, 0.3051
0.5833, 0.3051
0.5833, 0.3051
0.5833, 0.3051
0.5833, 0.3051
0.5833, 0.3051
0.5833, 0.3051
0.5833, 0.3051
0.5833, 0.3051
0.5833, 0.3026
0.5833, 0.3026
0.5833, 0.3026
0.5833, 0.3026
0.5833, 0.3026
0.5833, 0.3026
0.5833, 0.3026
0.5833, 0.3000
0.5833, 0.3000
0.5833, 0.3000
0.5833, 0.3000
0.5833, 0.3000
0.5833, 0.3000
0.5833, 0.3000
0.5833, 0.3000
0.5833, 0.2974
0.5833, 0.2974
0.5833, 0.2974
0.5833, 0.2974
0.5833, 0.2974
0.5833, 0.2974
0.5833, 0.2974
0.5833, 0.2974
0.5833, 0.2974
0.5833, 0.2974
0.5833, 0.2974
0.5833, 0.2974
0.5833, 0.2974
0.5833, 0.2974
0.5833, 0.2974
0.5833, 0.2949
0.5833, 0.2949
0.5833, 0.2949
0.5880, 0.2949
0.5880, 0.2949
0.5880, 0.2949
0.5880, 0.2949
0.5880, 0.2923
0.5880, 0.2923
0.5880, 0.2923
0.5880, 0.2923
0.5880, 0.2923
0.5880, 0.2923
0.5880, 0.2923
0.5880, 0.2923
0.5880, 0.2923
0.5880, 0.2923
0.5880, 0.2923
0.5880, 0.2923
0.5880, 0.2923
0.5880, 0.2923
0.5880, 0.2923
0.5880, 0.2923
0.5880, 0.2923
0.5880, 0.2923
0.5880, 0.2923
0.5880, 0.2897
0.5880, 0.2897
0.5880, 0.2897
0.5880, 0.2897
0.5880, 0.2897
0.5880, 0.2897
0.5880, 0.2897
0.5880, 0.2872
0.5880, 0.2872
0.5880, 0.2872
0.5880, 0.2872
0.5880, 0.2872
0.5880, 0.2872
0.5880, 0.2872
0.5880, 0.2872
0.5880, 0.2872
0.5880, 0.2872
0.5880, 0.2872
0.5880, 0.2846
0.5880, 0.2846
0.5880, 0.2846
0.5880, 0.2846
0.5880, 0.2846
0.5880, 0.2846
0.5880, 0.2821
0.5880, 0.2821
0.5880, 0.2821
0.5880, 0.2821
0.5880, 0.2821
0.5880, 0.2821
0.5880, 0.2821
0.5880, 0.2821
0.5880, 0.2795
0.5880, 0.2795
0.5880, 0.2795
0.5880, 0.2795
0.5880, 0.2795
0.5880, 0.2795
0.5880, 0.2795
0.5880, 0.2795
0.5880, 0.2795
0.5880, 0.2795
0.5880, 0.2795
0.5880, 0.2769
0.5880, 0.2769
0.5880, 0.2769
0.5880, 0.2769
0.5880, 0.2769
0.5880, 0.2769
0.5880, 0.2769
0.5880, 0.2744
0.5880, 0.2744
0.5880, 0.2744
0.5880, 0.2744
0.5880, 0.2744
0.5880, 0.2744
0.5880, 0.2744
0.5880, 0.2744
0.5880, 0.2744
0.5880, 0.2744
0.5880, 0.2744
0.5880, 0.2744
0.5880, 0.2744
0.5880, 0.2744
0.5880, 0.2718
0.5880, 0.2718
0.5880, 0.2718
0.5880, 0.2718
0.5880, 0.2718
0.5880, 0.2718
0.5880, 0.2718
0.5880, 0.2692
0.5880, 0.2692
0.5880, 0.2692
0.5880, 0.2692
0.5880, 0.2692
0.5880, 0.2692
0.5880, 0.2692
0.5880, 0.2692
0.5880, 0.2667
0.5880, 0.2667
0.5880, 0.2667
0.5833, 0.2667
0.5833, 0.2667
0.5833, 0.2667
0.5833, 0.2667
0.5833, 0.2641
0.5833, 0.2641
0.5833, 0.2641
0.5833, 0.2641
0.5833, 0.2641
0.5833, 0.2641
0.5833, 0.2641
0.5833, 0.2615
0.5833, 0.2615
0.5833, 0.2615
0.5833, 0.2615
0.5833, 0.2615
0.5833, 0.2615
0.5833, 0.2615
0.5787, 0.2590
0.5787, 0.2590
0.5787, 0.2590
0.5787, 0.2590
0.5787, 0.2590
0.5787, 0.2590
0.5787, 0.2590
0.5787, 0.2564
0.5787, 0.2564
0.5787, 0.2564
0.5787, 0.2564
0.5787, 0.2564
0.5787, 0.2564
0.5787, 0.2564
0.5741, 0.2538
0.5741, 0.2538
0.5741, 0.2538
0.5741, 0.2538
0.5741, 0.2538
0.5741, 0.2538
0.5741, 0.2538
0.5741, 0.2538
0.5741, 0.2538
0.5741, 0.2538
0.5741, 0.2538
0.5741, 0.2538
0.5741, 0.2538
0.5741, 0.2538
0.5741, 0.2513
0.5741, 0.2513
0.5741, 0.2513
0.5741, 0.2513
0.5741, 0.2513
0.5741, 0.2513
0.5741, 0.2513
0.5694, 0.2487
0.5694, 0.2487
0.5694, 0.2487
0.5694, 0.2487
0.5694, 0.2487
0.5694, 0.2487
0.5694, 0.2487
0.5694, 0.2487
0.5694, 0.2487
0.5694, 0.2487
0.5694, 0.2487
0.5648, 0.2487
0.5648, 0.2487
0.5648, 0.2487
0.5648, 0.2462
0.5648, 0.2462
0.5648, 0.2462
0.5648, 0.2462
0.5602, 0.2436
0.5602, 0.2436
0.5602, 0.2436
0.5602, 0.2436
0.5602, 0.2436
0.5602, 0.2436
0.5602, 0.2436
0.5602, 0.2436
0.5602, 0.2436
0.5602, 0.2436
0.5602, 0.2410
0.5602, 0.2410
0.5602, 0.2410
0.5602, 0.2410
0.5602, 0.2410
0.5602, 0.2410
0.5602, 0.2410
0.5602, 0.2410
0.5602, 0.2410
0.5602, 0.2410
0.5602, 0.2410
0.5556, 0.2410
0.5556, 0.2410
0.5556, 0.2410
0.5556, 0.2410
0.5556, 0.2410
0.5556, 0.2410
0.5556, 0.2410
0.5556, 0.2410
0.5556, 0.2410
0.5556, 0.2410
0.5556, 0.2410
0.5556, 0.2385
0.5556, 0.2385
0.5556, 0.2385
0.5509, 0.2385
0.5509, 0.2385
0.5509, 0.2385
0.5509, 0.2359
0.5509, 0.2359
0.5509, 0.2359
0.5509, 0.2359
0.5509, 0.2359
0.5509, 0.2359
0.5509, 0.2359
0.5509, 0.2359
0.5509, 0.2359
0.5509, 0.2359
0.5463, 0.2359
0.5463, 0.2359
0.5463, 0.2359
0.5463, 0.2333
0.5417, 0.2333
0.5417, 0.2308
0.5370, 0.2308
0.5370, 0.2308
0.5370, 0.2308
0.5370, 0.2282
0.5324, 0.2282
0.5324, 0.2282
0.5324, 0.2282
0.5324, 0.2282
0.5324, 0.2282
0.5324, 0.2282
0.5324, 0.2282
0.5278, 0.2256
0.5278, 0.2256
0.5278, 0.2256
0.5278, 0.2256
0.5278, 0.2256
0.5278, 0.2256
0.5278, 0.2256
0.5278, 0.2256
0.5278, 0.2256
0.5278, 0.2231
0.5278, 0.2231
0.5278, 0.2231
0.5278, 0.2231
0.5278, 0.2231
0.5278, 0.2231
0.5278, 0.2231
0.5231, 0.2231
0.5231, 0.2231
0.5231, 0.2231
0.5231, 0.2231
0.5231, 0.2231
0.5231, 0.2231
0.5231, 0.2231
0.5185, 0.2231
0.5185, 0.2231
0.5185, 0.2231
0.5185, 0.2231
0.5185, 0.2231
0.5185, 0.2231
0.5185, 0.2231
0.5139, 0.2205
0.5139, 0.2205
0.5139, 0.2205
0.5139, 0.2205
0.5139, 0.2205
0.5139, 0.2205
0.5139, 0.2205
0.5139, 0.2179
0.5139, 0.2179
0.5139, 0.2179
0.5093, 0.2179
0.5093, 0.2179
0.5093, 0.2179
0.5093, 0.2179
0.5046, 0.2154
0.5046, 0.2154
0.5046, 0.2154
0.5046, 0.2154
0.5046, 0.2154
0.5046, 0.2154
0.5000, 0.2154
0.5000, 0.2154
0.5000, 0.2154
0.4954, 0.2154
0.4954, 0.2154
0.4954, 0.2154
0.4954, 0.2154
0.4954, 0.2128
0.4954, 0.2128
0.4954, 0.2128
0.4907, 0.2128
0.4907, 0.2128
0.4907, 0.2128
0.4907, 0.2128
0.4907, 0.2128
0.4907, 0.2128
0.4907, 0.2128
0.4907, 0.2103
0.4907, 0.2103
0.4907, 0.2103
0.4861, 0.2103
0.4861, 0.2103
0.4861, 0.2103
0.4861, 0.2103
0.4861, 0.2103
0.4861, 0.2103
0.4861, 0.2103
0.4815, 0.2103
0.4815, 0.2103
0.4815, 0.2103
0.4815, 0.2103
0.4815, 0.2103
0.4815, 0.2103
0.4815, 0.2103
0.4815, 0.2103
0.4815, 0.2103
0.4815, 0.2103
0.4769, 0.2103
0.4769, 0.2103
0.4769, 0.2103
0.4722, 0.2103
0.4722, 0.2103
0.4722, 0.2103
0.4676, 0.2077
0.4676, 0.2077
0.4676, 0.2077
0.4676, 0.2077
0.4676, 0.2077
0.4676, 0.2077
0.4676, 0.2077
0.4630, 0.2051
0.4630, 0.2051
0.4630, 0.2051
0.4583, 0.2051
0.4583, 0.2051
0.4583, 0.2051
0.4537, 0.2051
0.4537, 0.2051
0.4537, 0.2051
0.4537, 0.2051
0.4491, 0.2051
0.4491, 0.2051
0.4491, 0.2051
0.4444, 0.2051
0.4444, 0.2051
0.4444, 0.2051
0.4444, 0.2051
0.4444, 0.2051
0.4444, 0.2051
0.4398, 0.2051
0.4398, 0.2051
0.4398, 0.2051
0.4352, 0.2051
0.4352, 0.2051
0.4352, 0.2051
0.4352, 0.2051
0.4352, 0.2026
0.4352, 0.2026
0.4352, 0.2026
0.4352, 0.2026
0.4352, 0.2026
0.4352, 0.2026
0.4352, 0.2026
0.4352, 0.2026
0.4352, 0.2026
0.4306, 0.2026
0.4306, 0.2026
0.4306, 0.2026
0.4259, 0.2026
0.4259, 0.2026
0.4259, 0.2026
0.4213, 0.2026
0.4213, 0.2026
0.4213, 0.2026
0.4213, 0.2026
0.4213, 0.2026
0.4213, 0.2026
0.4213, 0.2026
0.4167, 0.2026
0.4167, 0.2026
0.4167, 0.2026
0.4120, 0.2026
0.4120, 0.2026
0.4120, 0.2026
0.4120, 0.2026
0.4120, 0.2026
0.4120, 0.2026
0.4120, 0.2026
0.4074, 0.2026
0.4074, 0.2026
0.4074, 0.2026
0.4028, 0.2026
0.4028, 0.2026
0.4028, 0.2026
0.3981, 0.2026
0.3981, 0.2026
0.3981, 0.2026
0.3935, 0.2026
0.3935, 0.2026
0.3935, 0.2026
0.3889, 0.2026
0.3889, 0.2026
0.3889, 0.2026
0.3889, 0.2026
0.3889, 0.2026
0.3889, 0.2026
0.3889, 0.2026
0.3843, 0.2026
0.3843, 0.2026
0.3843, 0.2026
0.3796, 0.2026
0.3796, 0.2026
0.3796, 0.2026
0.3750, 0.2026
0.3750, 0.2026
0.3750, 0.2026
0.3750, 0.2026
0.3750, 0.2026
0.3750, 0.2026
0.3750, 0.2026
0.3750, 0.2026
0.3750, 0.2026
0.3750, 0.2026
0.3704, 0.2026
0.3704, 0.2026
0.3704, 0.2026
0.3704, 0.2026
0.3657, 0.2026
0.3657, 0.2026
0.3657, 0.2026
0.3657, 0.2026
0.3657, 0.2026
0.3657, 0.2026
0.3611, 0.2026
0.3611, 0.2026
0.3565, 0.2026
0.3565, 0.2026
0.3565, 0.2026
0.3519, 0.2026
0.3519, 0.2026
0.3472, 0.2026
0.3472, 0.2026
0.3426, 0.2026
0.3426, 0.2026
0.3426, 0.2026
0.3380, 0.2026
0.3380, 0.2026
0.3380, 0.2026
0.3380, 0.2026
0.3380, 0.2026
0.3380, 0.2026
0.3380, 0.2026
0.3380, 0.2026
0.3380, 0.2026
0.3380, 0.2026
0.3380, 0.2026
0.3380, 0.2026
0.3380, 0.2026
0.3380, 0.2026
0.3380, 0.2026
0.3380, 0.2026
0.3380, 0.2026
0.3380, 0.2026
0.3380, 0.2026
0.3380, 0.2026
0.3380, 0.2026
0.3380, 0.2026
0.3380, 0.2026
0.3380, 0.2026
0.3380, 0.2026
0.3380, 0.2026
0.3380, 0.2026
0.3380, 0.2026
0.3380, 0.2026
0.3380, 0.2026
0.3380, 0.2026
0.3380, 0.2026
0.3380, 0.2026
0.3380, 0.2026
0.3380, 0.2026
0.3380, 0.2026
0.3380, 0.2026
0.3380, 0.2026
0.3380, 0.2026
0.3380, 0.2026
0.3380, 0.2026
0.3380, 0.2026
0.3380, 0.2026
0.3380, 0.2026
0.3380, 0.2026
0.3380, 0.2026
0.3380, 0.2026
0.3380, 0.2026
0.3380, 0.2026
0.3380, 0.2026
0.3380, 0.2026
0.3380, 0.2026
0.3380, 0.2026
0.3380, 0.2026
0.3380, 0.2026
0.3380, 0.2026
0.3380, 0.2026
0.3380, 0.2026
0.3380, 0.2026
0.3380, 0.2026
0.3380, 0.2026
0.3380, 0.2026
0.3380, 0.2026
0.3380, 0.2026
0.3380, 0.2026
0.3380, 0.2026
0.3380, 0.2026
0.3380, 0.2026
0.3380, 0.2026
0.3380, 0.2026
0.3380, 0.2026
0.3380, 0.2026
0.3380, 0.2026
0.3380, 0.2026
0.3380, 0.2026
0.3380, 0.2026
0.3380, 0.2026
0.3380, 0.2026
0.3380, 0.2026
0.3380, 0.2026
0.3380, 0.2026
0.3380, 0.2026
0.3380, 0.2000
0.3380, 0.2026
0.3380, 0.2026
0.3380, 0.2026
0.3380, 0.2026
0.3380, 0.2026
0.3380, 0.2026
0.3380, 0.2026
0.3380, 0.2026
0.3380, 0.2026
0.3380, 0.2026
0.3380, 0.2026
0.3380, 0.2026
0.3380, 0.2026
0.3380, 0.2026
0.3380, 0.2026
0.3380, 0.2026
0.3380, 0.2026
0.3380, 0.2026
0.3380, 0.2026
0.3380, 0.2026
0.3380, 0.2026
0.3380, 0.2026
0.3380, 0.2026
0.3380, 0.2026
0.3380, 0.2026
0.3380, 0.2026
0.3380, 0.2026
0.3380, 0.2026
0.3380, 0.2026
0.3380, 0.2026
0.3380, 0.2026
0.3380, 0.2026
0.3380, 0.2026
0.3380, 0.2026
0.3380, 0.2026
0.3380, 0.2026
0.3380, 0.2026
0.3380, 0.2026
0.3380, 0.2026
0.3380, 0.2026
0.3380, 0.2026
0.3380, 0.2026
0.3380, 0.2026
0.3380, 0.2026
0.3380, 0.2026
0.3380, 0.2026
0.3380, 0.2026
0.3380, 0.2026
0.3380, 0.2026
0.3380, 0.2026
0.3380, 0.2026
0.3380, 0.2026
0.3380, 0.2026
0.3380, 0.2026
0.3380, 0.2026
0.3380, 0.2026
0.3380, 0.2026
0.3380, 0.2026
0.3380, 0.2026
0.3380, 0.2026
0.3380, 0.2026
0.3380, 0.2026
0.3380, 0.2026
0.3380, 0.2026
0.3380, 0.2026
0.3380, 0.2026
0.3380, 0.2026
0.3380, 0.2026
0.3380, 0.2026
0.3380, 0.2026
0.3380, 0.2026
0.3380, 0.2026
0.3380, 0.2026
0.3380, 0.2026
0.3380, 0.2026
0.3380, 0.2026
0.3380, 0.2026
0.3380, 0.2026
0.3380, 0.2026
0.3380, 0.2026
0.3380, 0.2026
0.3380, 0.2026
0.3380, 0.2026
0.3380, 0.2026
0.3380, 0.2026
0.3380, 0.2026
0.3380, 0.2026
0.3380, 0.2026
0.3380, 0.2026
0.3380, 0.2026
0.3380, 0.2026
0.3380, 0.2026
0.3380, 0.2026
0.3380, 0.2026
0.3380, 0.2026
0.3380, 0.2026
0.3380, 0.2026
0.3380, 0.2026
0.3380, 0.2026
0.3380, 0.2026
0.3380, 0.2026
0.3380, 0.2026
0.3380, 0.2026
0.3380, 0.2026
0.3380, 0.2026
0.3380, 0.2026
0.3380, 0.2026
0.3380, 0.2026
0.3380, 0.2026
0.3380, 0.2026
0.3380, 0.2026
0.3380, 0.2026
0.3380, 0.2026
0.3380, 0.2026
0.3380, 0.2026
0.3380, 0.2026
0.3380, 0.2026
0.3380, 0.2026
0.3380, 0.2026
0.3380, 0.2026
0.3380, 0.2026
0.3380, 0.2026
0.3380, 0.2026
0.3380, 0.2026
0.3380, 0.2026
0.3380, 0.2026
0.3380, 0.2026
0.3380, 0.2026
0.3380, 0.2026
0.3380, 0.2026
0.3380, 0.2026
0.3380, 0.2026
0.3426, 0.2026
0.3426, 0.2026
0.3426, 0.2026
0.3426, 0.2026
0.3426, 0.2026
0.3426, 0.2026
0.3426, 0.2026
0.3426, 0.2026
0.3426, 0.2026
0.3426, 0.2026
0.3426, 0.2026
0.3426, 0.2026
0.3472, 0.2026
0.3472, 0.2026
0.3472, 0.2026
0.3472, 0.2026
0.3472, 0.2026
0.3472, 0.2026
0.3472, 0.2026
0.3472, 0.2026
0.3472, 0.2026
0.3472, 0.2026
0.3472, 0.2026
0.3472, 0.2026
0.3519, 0.2026
0.3519, 0.2026
0.3519, 0.2026
0.3519, 0.2026
0.3565, 0.2026
0.3565, 0.2026
0.3565, 0.2026
0.3565, 0.2026
0.3565, 0.2026
0.3565, 0.2026
0.3565, 0.2026
0.3565, 0.2026
0.3565, 0.2026
0.3565, 0.2026
0.3565, 0.2026
0.3565, 0.2026
0.3565, 0.2026
0.3611, 0.2026
0.3611, 0.2026
0.3611, 0.2026
0.3611, 0.2026
0.3657, 0.2026
0.3657, 0.2026
0.3657, 0.2026
0.3657, 0.2026
0.3657, 0.2026
0.3657, 0.2026
0.3657, 0.2026
0.3657, 0.2026
0.3704, 0.2026
0.3704, 0.2026
0.3704, 0.2026
0.3704, 0.2026
0.3704, 0.2026
0.3704, 0.2026
0.3704, 0.2026
0.3704, 0.2026
0.3704, 0.2026
0.3704, 0.2026
0.3704, 0.2026
0.3704, 0.2026
0.3704, 0.2026
0.3704, 0.2026
0.3704, 0.2026
0.3704, 0.2026
0.3704, 0.2026
0.3704, 0.2026
0.3704, 0.2026
0.3704, 0.2026
0.3704, 0.2026
0.3704, 0.2026
0.3750, 0.2026
0.3750, 0.2026
0.3750, 0.2026
0.3750, 0.2026
0.3796, 0.2026
0.3796, 0.2026
0.3796, 0.2026
0.3796, 0.2026
0.3796, 0.2026
0.3796, 0.2026
0.3796, 0.2026
0.3796, 0.2026
0.3796, 0.2026
0.3796, 0.2026
0.3796, 0.2026
0.3796, 0.2026
0.3796, 0.2026
0.3843, 0.2026
0.3843, 0.2026
0.3843, 0.2026
0.3889, 0.2026
0.3889, 0.2026
0.3889, 0.2026
0.3889, 0.2026
0.3935, 0.2026
0.3935, 0.2026
0.3935, 0.2026
0.3935, 0.2026
0.3935, 0.2026
0.3935, 0.2026
0.3935, 0.2026
0.3935, 0.2026
0.3935, 0.2026
0.3935, 0.2026
0.3935, 0.2026
0.3981, 0.2026
0.3981, 0.2026
0.3981, 0.2026
0.3981, 0.2026
0.3981, 0.2026
0.3981, 0.2026
0.3981, 0.2026
0.3981, 0.2026
0.4028, 0.2026
0.4028, 0.2026
0.4028, 0.2026
0.4028, 0.2026
0.4028, 0.2026
0.4028, 0.2026
0.4028, 0.2026
0.4028, 0.2026
0.4028, 0.2026
0.4028, 0.2026
0.4028, 0.2026
0.4028, 0.2026
0.4028, 0.2026
0.4074, 0.2026
0.4074, 0.2026
0.4074, 0.2026
0.4074, 0.2026
0.4120, 0.2026
0.4120, 0.2026
0.4120, 0.2026
0.4120, 0.2026
0.4120, 0.2026
0.4120, 0.2026
0.4120, 0.2026
0.4167, 0.2026
0.4167, 0.2026
0.4167, 0.2026
0.4167, 0.2026
0.4167, 0.2026
0.4167, 0.2026
0.4167, 0.2026
0.4167, 0.2026
0.4167, 0.2026
0.4167, 0.2026
0.4167, 0.2026
0.4167, 0.2026
0.4167, 0.2026
0.4213, 0.2026
0.4213, 0.2026
0.4213, 0.2026
0.4213, 0.2026
0.4213, 0.2026
0.4213, 0.2026
0.4213, 0.2026
0.4259, 0.2026
0.4259, 0.2026
0.4259, 0.2026
0.4259, 0.2026
0.4259, 0.2026
0.4259, 0.2026
0.4259, 0.2026
0.4259, 0.2026
0.4306, 0.2026
0.4306, 0.2026
0.4306, 0.2026
0.4306, 0.2026
0.4352, 0.2026
0.4352, 0.2026
0.4352, 0.2026
0.4352, 0.2026
0.4352, 0.2026
0.4352, 0.2026
0.4352, 0.2026
0.4352, 0.2026
0.4398, 0.2026
0.4398, 0.2026
0.4398, 0.2026
0.4398, 0.2026
0.4398, 0.2026
0.4398, 0.2026
0.4398, 0.2026
0.4398, 0.2026
0.4444, 0.2026
0.4444, 0.2026
0.4444, 0.2026
0.4444, 0.2026
0.4491, 0.2026
0.4491, 0.2026
0.4491, 0.2026
0.4491, 0.2026
0.4491, 0.2026
0.4491, 0.2026
0.4491, 0.2026
0.4491, 0.2026
0.4491, 0.2026
0.4491, 0.2026
0.4491, 0.2026
0.4491, 0.2026
0.4537, 0.2026
0.4537, 0.2026
0.4537, 0.2026
0.4537, 0.2026
0.4583, 0.2026
0.4583, 0.2026
0.4583, 0.2026
0.4583, 0.2026
0.4583, 0.2026
0.4583, 0.2026
0.4583, 0.2026
0.4583, 0.2026
0.4583, 0.2026
0.4583, 0.2026
0.4583, 0.2026
0.4583, 0.2026
0.4630, 0.2026
0.4630, 0.2026
0.4630, 0.2026
0.4630, 0.2026
0.4676, 0.2026
0.4676, 0.2026
0.4676, 0.2026
0.4676, 0.2026
0.4676, 0.2026
0.4676, 0.2026
0.4676, 0.2026
0.4676, 0.2026
0.4722, 0.2026
0.4722, 0.2026
0.4722, 0.2026
0.4722, 0.2026
0.4722, 0.2026
0.4722, 0.2026
0.4722, 0.2026
0.4722, 0.2026
0.4769, 0.2026
0.4769, 0.2026
0.4769, 0.2026
0.4769, 0.2026
0.4815, 0.2000
0.4815, 0.2000
0.4815, 0.2000
0.4815, 0.2000
0.4815, 0.2000
0.4815, 0.2000
0.4815, 0.2000
0.4815, 0.2000
0.4815, 0.2000
0.4815, 0.2000
0.4815, 0.2000
0.4861, 0.2000
0.4861, 0.2000
0.4861, 0.2000
0.4861, 0.2000
0.4861, 0.2000
0.4861, 0.2000
0.4861, 0.2000
0.4861, 0.2000
0.4861, 0.2000
0.4907, 0.2000
0.4907, 0.2000
0.4907, 0.2000
0.4907, 0.2000
0.4907, 0.2000
0.4907, 0.2000
0.4907, 0.2000
0.4907, 0.2000
0.4907, 0.2000
0.4907, 0.2000
0.4907, 0.2000
0.4907, 0.2000
0.4907, 0.2000
0.4907, 0.2000
0.4907, 0.2000
0.4907, 0.2000
0.4954, 0.2000
0.4954, 0.2000
0.4954, 0.2000
0.4954, 0.1974
0.4954, 0.1974
0.4954, 0.1974
0.4954, 0.1974
0.4954, 0.1974
0.4954, 0.1974
0.4954, 0.1974
0.4954, 0.1974
0.4954, 0.1974
0.4954, 0.1974
0.4954, 0.1974
0.4954, 0.1974
0.4954, 0.1974
0.4954, 0.1974
0.5000, 0.1974
0.5000, 0.1974
0.5000, 0.1974
0.5000, 0.1974
0.5000, 0.1974
0.5046, 0.1974
0.5046, 0.1974
0.5046, 0.1974
0.5046, 0.1974
0.5046, 0.1974
0.5046, 0.1974
0.5046, 0.1974
0.5046, 0.1974
0.5046, 0.1974
0.5046, 0.1974
0.5046, 0.1974
0.5093, 0.1974
0.5093, 0.1974
0.5093, 0.1974
0.5093, 0.1949
0.5093, 0.1949
0.5093, 0.1949
0.5139, 0.1949
0.5139, 0.1949
0.5139, 0.1949
0.5139, 0.1949
0.5139, 0.1949
0.5139, 0.1949
0.5139, 0.1949
0.5139, 0.1949
0.5139, 0.1949
0.5139, 0.1949
0.5185, 0.1949
0.5185, 0.1949
0.5185, 0.1949
0.5185, 0.1923
0.5185, 0.1923
0.5185, 0.1923
0.5185, 0.1923
0.5185, 0.1923
0.5185, 0.1923
0.5185, 0.1923
0.5185, 0.1923
0.5231, 0.1923
0.5231, 0.1923
0.5231, 0.1923
0.5231, 0.1923
0.5231, 0.1923
0.5231, 0.1923
0.5278, 0.1897
0.5278, 0.1897
0.5278, 0.1897
0.5278, 0.1897
0.5278, 0.1897
0.5278, 0.1897
0.5278, 0.1872
0.5278, 0.1872
0.5278, 0.1872
0.5278, 0.1872
0.5278, 0.1872
0.5278, 0.1872
0.5278, 0.1872
0.5278, 0.1872
0.5278, 0.1872
0.5278, 0.1872
0.5324, 0.1872
0.5324, 0.1872
0.5324, 0.1872
0.5324, 0.1846
0.5324, 0.1846
0.5324, 0.1846
0.5324, 0.1846
0.5324, 0.1846
0.5324, 0.1846
0.5370, 0.1846
0.5370, 0.1846
0.5370, 0.1846
0.5370, 0.1846
0.5370, 0.1846
0.5370, 0.1846
0.5370, 0.1846
0.5370, 0.1846
0.5370, 0.1846
0.5370, 0.1846
0.5370, 0.1846
0.5370, 0.1846
0.5370, 0.1846
0.5370, 0.1846
0.5370, 0.1846
0.5417, 0.1846
0.5417, 0.1846
0.5417, 0.1846
0.5417, 0.1846
0.5417, 0.1821
0.5417, 0.1821
0.5417, 0.1821
0.5417, 0.1821
0.5417, 0.1821
0.5417, 0.1821
0.5417, 0.1821
0.5417, 0.1821
0.5417, 0.1821
0.5417, 0.1821
0.5417, 0.1821
0.5417, 0.1821
0.5417, 0.1795
0.5417, 0.1795
0.5417, 0.1795
0.5417, 0.1795
0.5417, 0.1795
0.5417, 0.1795
0.5417, 0.1795
0.5417, 0.1795
0.5417, 0.1795
0.5417, 0.1795
0.5417, 0.1795
0.5417, 0.1795
0.5417, 0.1795
0.5417, 0.1795
0.5417, 0.1795
0.5417, 0.1795
0.5417, 0.1795
0.5417, 0.1795
0.5417, 0.1795
0.5463, 0.1795
0.5463, 0.1795
0.5463, 0.1795
0.5463, 0.1795
0.5463, 0.1795
0.5463, 0.1795
0.5463, 0.1795
0.5463, 0.1795
0.5463, 0.1769
0.5463, 0.1769
0.5463, 0.1769
0.5463, 0.1769
0.5509, 0.1769
0.5509, 0.1769
0.5509, 0.1769
0.5509, 0.1744
0.5509, 0.1744
0.5509, 0.1744
0.5509, 0.1744
0.5509, 0.1744
0.5509, 0.1744
0.5509, 0.1744
0.5509, 0.1718
0.5509, 0.1718
0.5509, 0.1718
0.5509, 0.1718
0.5509, 0.1718
0.5509, 0.1718
0.5509, 0.1718
0.5509, 0.1718
0.5556, 0.1718
0.5556, 0.1718
0.5556, 0.1718
0.5556, 0.1718
0.5556, 0.1692
0.5556, 0.1692
0.5556, 0.1692
0.5556, 0.1692
0.5556, 0.1692
0.5556, 0.1692
0.5556, 0.1692
0.5556, 0.1692
0.5602, 0.1692
0.5602, 0.1692
0.5602, 0.1692
0.5602, 0.1667
0.5602, 0.1667
0.5602, 0.1667
0.5602, 0.1667
0.5602, 0.1667
0.5602, 0.1667
0.5648, 0.1667
0.5648, 0.1667
0.5648, 0.1667
0.5648, 0.1667
0.5648, 0.1641
0.5648, 0.1641
0.5648, 0.1641
0.5648, 0.1641
0.5648, 0.1641
0.5648, 0.1641
0.5648, 0.1641
0.5648, 0.1615
0.5648, 0.1615
0.5648, 0.1615
0.5648, 0.1590
0.5648, 0.1590
0.5648, 0.1590
0.5648, 0.1590
0.5648, 0.1590
0.5648, 0.1590
0.5648, 0.1590
0.5648, 0.1590
0.5694, 0.1590
0.5694, 0.1590
0.5694, 0.1590
0.5694, 0.1590
0.5694, 0.1564
0.5694, 0.1564
0.5694, 0.1564
0.5694, 0.1538
0.5694, 0.1538
0.5694, 0.1538
0.5694, 0.1538
0.5741, 0.1538
0.5741, 0.1538
0.5741, 0.1538
0.5741, 0.1538
0.5741, 0.1538
0.5741, 0.1538
0.5741, 0.1538
0.5741, 0.1538
0.5741, 0.1538
0.5741, 0.1538
0.5741, 0.1513
0.5741, 0.1513
0.5741, 0.1513
0.5741, 0.1487
0.5741, 0.1487
0.5741, 0.1487
0.5741, 0.1487
0.5741, 0.1487
0.5741, 0.1487
0.5741, 0.1487
0.5741, 0.1487
0.5741, 0.1487
0.5741, 0.1487
0.5741, 0.1487
0.5741, 0.1487
0.5741, 0.1462
0.5741, 0.1462
0.5741, 0.1462
0.5787, 0.1462
0.5787, 0.1462
0.5787, 0.1462
0.5787, 0.1462
0.5787, 0.1462
0.5787, 0.1462
0.5787, 0.1462
0.5787, 0.1436
0.5787, 0.1436
0.5787, 0.1436
0.5787, 0.1436
0.5833, 0.1436
0.5833, 0.1436
0.5833, 0.1436
0.5833, 0.1410
0.5833, 0.1410
0.5833, 0.1410
0.5833, 0.1410
0.5833, 0.1410
0.5833, 0.1410
0.5833, 0.1410
0.5833, 0.1410
0.5833, 0.1410
0.5833, 0.1410
0.5833, 0.1410
0.5833, 0.1410
0.5833, 0.1410
0.5833, 0.1410
0.5833, 0.1385
0.5833, 0.1385
0.5833, 0.1385
0.5833, 0.1359
0.5833, 0.1359
0.5833, 0.1359
0.5880, 0.1359
0.5880, 0.1359
0.5880, 0.1359
0.5880, 0.1333
0.5880, 0.1333
0.5880, 0.1333
0.5880, 0.1333
0.5880, 0.1333
0.5880, 0.1333
0.5880, 0.1333
0.5880, 0.1333
0.5880, 0.1333
0.5880, 0.1333
0.5880, 0.1333
0.5880, 0.1308
0.5880, 0.1308
0.5880, 0.1308
0.5880, 0.1308
0.5880, 0.1308
0.5880, 0.1308
0.5880, 0.1308
0.5880, 0.1282
0.5880, 0.1282
0.5880, 0.1282
0.5880, 0.1282
0.5880, 0.1282
0.5880, 0.1282
0.5880, 0.1282
0.5880, 0.1282
0.5880, 0.1282
0.5880, 0.1282
0.5880, 0.1282
0.5880, 0.1282
0.5880, 0.1282
0.5880, 0.1282
0.5880, 0.1282
0.5880, 0.1256
0.5880, 0.1256
0.5880, 0.1256
0.5880, 0.1256
0.5880, 0.1256
0.5880, 0.1256
0.5880, 0.1256
0.5880, 0.1231
0.5880, 0.1231
0.5880, 0.1231
0.5880, 0.1231
0.5880, 0.1231
0.5880, 0.1231
0.5880, 0.1231
0.5880, 0.1231
0.5880, 0.1231
0.5880, 0.1231
0.5880, 0.1231
0.5880, 0.1205
0.5880, 0.1205
0.5880, 0.1205
0.5880, 0.1179
0.5880, 0.1179
0.5880, 0.1179
0.5880, 0.1179
0.5880, 0.1179
0.5880, 0.1179
0.5880, 0.1179
0.5880, 0.1179
0.5880, 0.1154
0.5880, 0.1154
0.5880, 0.1154
0.5880, 0.1154
0.5880, 0.1154
0.5880, 0.1154
0.5880, 0.1154
0.5880, 0.1154
0.5880, 0.1154
0.5880, 0.1154
0.5880, 0.1154
0.5880, 0.1154
0.5880, 0.1154
0.5880, 0.1154
0.5880, 0.1154
0.5880, 0.1154
0.5880, 0.1154
0.5880, 0.1154
0.5880, 0.1154
0.5880, 0.1154
0.5880, 0.1154
0.5880, 0.1128
0.5880, 0.1128
0.5880, 0.1128
0.5880, 0.1128
0.5880, 0.1128
0.5880, 0.1128
0.5880, 0.1103
0.5880, 0.1103
0.5880, 0.1103
0.5880, 0.1103
0.5880, 0.1103
0.5880, 0.1103
0.5880, 0.1103
0.5880, 0.1103
0.5880, 0.1103
0.5880, 0.1103
0.5880, 0.1103
0.5880, 0.1103
0.5880, 0.1103
0.5880, 0.1103
0.5880, 0.1103
0.5880, 0.1103
0.5880, 0.1103
0.5880, 0.1103
0.5880, 0.1077
0.5880, 0.1077
0.5880, 0.1077
0.5880, 0.1077
0.5880, 0.1077
0.5880, 0.1077
0.5880, 0.1077
0.5880, 0.1051
0.5880, 0.1051
0.5880, 0.1051
0.5880, 0.1051
0.5880, 0.1051
0.5880, 0.1051
0.5880, 0.1051
0.5880, 0.1051
0.5880, 0.1051
0.5880, 0.1051
0.5880, 0.1051
0.5880, 0.1051
0.5880, 0.1026
0.5880, 0.1026
0.5880, 0.1026
0.5880, 0.1026
0.5880, 0.1026
0.5880, 0.1026
0.5880, 0.1026
0.5880, 0.1026
0.5880, 0.1026
0.5880, 0.1026
0.5880, 0.1026
0.5880, 0.1026
0.5880, 0.1026
0.5880, 0.1026
0.5880, 0.1000
0.5880, 0.1000
0.5880, 0.1000
0.5880, 0.0974
0.5880, 0.0974
0.5880, 0.0974
0.5880, 0.0974
0.5880, 0.0974
0.5880, 0.0974
0.5880, 0.0974
0.5880, 0.0974
0.5880, 0.0974
0.5880, 0.0974
0.5880, 0.0974
0.5880, 0.0949
0.5880, 0.0949
0.5880, 0.0949
0.5880, 0.0949
0.5880, 0.0949
0.5880, 0.0949
0.5880, 0.0949
0.5880, 0.0923
0.5880, 0.0923
0.5880, 0.0923
0.5880, 0.0923
0.5880, 0.0923
0.5880, 0.0923
0.5880, 0.0923
0.5880, 0.0897
0.5880, 0.0897
0.5880, 0.0897
0.5880, 0.0897
0.5880, 0.0897
0.5880, 0.0897
0.5880, 0.0897
0.5880, 0.0897
0.5880, 0.0897
0.5880, 0.0897
0.5880, 0.0872
0.5880, 0.0872
0.5880, 0.0872
0.5880, 0.0872
0.5880, 0.0872
0.5880, 0.0872
0.5880, 0.0872
0.5880, 0.0846
0.5880, 0.0846
0.5880, 0.0846
0.5880, 0.0846
0.5880, 0.0846
0.5880, 0.0846
0.5880, 0.0846
0.5880, 0.0846
0.5880, 0.0846
0.5880, 0.0846
0.5880, 0.0846
0.5880, 0.0821
0.5880, 0.0821
0.5880, 0.0821
0.5880, 0.0821
0.5880, 0.0821
0.5880, 0.0821
0.5880, 0.0821
0.5833, 0.0795
0.5833, 0.0795
0.5833, 0.0795
0.5833, 0.0769
0.5833, 0.0769
0.5833, 0.0769
0.5833, 0.0769
0.5833, 0.0769
0.5833, 0.0769
0.5833, 0.0769
0.5833, 0.0769
0.5833, 0.0769
0.5833, 0.0769
0.5833, 0.0769
0.5833, 0.0744
0.5833, 0.0744
0.5833, 0.0744
0.5833, 0.0744
0.5833, 0.0744
0.5833, 0.0744
0.5833, 0.0718
0.5833, 0.0718
0.5833, 0.0718
0.5833, 0.0718
0.5787, 0.0718
0.5787, 0.0718
0.5787, 0.0718
0.5787, 0.0718
0.5787, 0.0718
0.5787, 0.0718
0.5787, 0.0718
0.5787, 0.0692
0.5787, 0.0692
0.5787, 0.0692
0.5787, 0.0692
0.5787, 0.0692
0.5787, 0.0692
0.5787, 0.0667
0.5787, 0.0667
0.5787, 0.0667
0.5787, 0.0641
0.5787, 0.0641
0.5787, 0.0641
0.5787, 0.0641
0.5787, 0.0641
0.5787, 0.0641
0.5787, 0.0641
0.5787, 0.0641
0.5787, 0.0641
0.5787, 0.0641
0.5787, 0.0615
0.5787, 0.0615
0.5787, 0.0615
0.5787, 0.0615
0.5787, 0.0615
0.5787, 0.0615
0.5787, 0.0590
0.5787, 0.0590
0.5787, 0.0590
0.5787, 0.0590
0.5741, 0.0590
0.5741, 0.0590
0.5741, 0.0590
0.5741, 0.0590
0.5741, 0.0590
0.5741, 0.0590
0.5741, 0.0564
0.5741, 0.0564
0.5741, 0.0564
0.5741, 0.0564
0.5741, 0.0564
0.5741, 0.0564
0.5741, 0.0564
0.5694, 0.0538
0.5694, 0.0538
0.5694, 0.0538
0.5694, 0.0538
0.5694, 0.0538
0.5694, 0.0538
0.5694, 0.0538
0.5694, 0.0513
0.5694, 0.0513
0.5694, 0.0513
0.5694, 0.0513
0.5694, 0.0513
0.5694, 0.0513
0.5694, 0.0513
0.5694, 0.0513
0.5694, 0.0513
0.5694, 0.0513
0.5694, 0.0513
0.5694, 0.0487
0.5694, 0.0487
0.5694, 0.0487
0.5694, 0.0487
0.5694, 0.0487
0.5694, 0.0487
0.5694, 0.0487
0.5648, 0.0462
0.5648, 0.0462
0.5648, 0.0462
0.5648, 0.0462
0.5648, 0.0462
0.5648, 0.0462
0.5648, 0.0462
0.5648, 0.0462
0.5648, 0.0462
0.5648, 0.0462
0.5648, 0.0462
0.5648, 0.0462
0.5648, 0.0462
0.5602, 0.0462
0.5602, 0.0462
0.5602, 0.0462
0.5602, 0.0436
0.5602, 0.0436
0.5602, 0.0436
0.5602, 0.0436
0.5602, 0.0436
0.5602, 0.0436
0.5602, 0.0436
0.5602, 0.0410
0.5602, 0.0410
0.5602, 0.0410
0.5556, 0.0410
0.5556, 0.0410
0.5556, 0.0410
0.5556, 0.0410
0.5556, 0.0410
0.5556, 0.0410
0.5556, 0.0410
0.5556, 0.0385
0.5556, 0.0385
0.5556, 0.0385
0.5556, 0.0385
0.5556, 0.0385
0.5556, 0.0385
0.5509, 0.0359
0.5509, 0.0359
0.5509, 0.0359
0.5509, 0.0359
0.5509, 0.0359
0.5509, 0.0359
0.5509, 0.0359
0.5509, 0.0333
0.5509, 0.0333
0.5509, 0.0333
0.5463, 0.0333
0.5463, 0.0333
0.5463, 0.0333
0.5463, 0.0333
0.5463, 0.0333
0.5463, 0.0333
0.5463, 0.0333
0.5463, 0.0333
0.5463, 0.0333
0.5463, 0.0333
0.5463, 0.0333
0.5463, 0.0333
0.5463, 0.0333
0.5463, 0.0333
0.5417, 0.0308
0.5417, 0.0308
0.5417, 0.0308
0.5417, 0.0308
0.5417, 0.0308
0.5417, 0.0308
0.5417, 0.0308
0.5370, 0.0282
0.5370, 0.0282
0.5370, 0.0282
0.5370, 0.0282
0.5370, 0.0282
0.5370, 0.0282
0.5324, 0.0282
0.5324, 0.0282
0.5324, 0.0282
0.5324, 0.0282
0.5324, 0.0282
0.5324, 0.0256
0.5324, 0.0256
0.5278, 0.0231
0.5278, 0.0231
0.5278, 0.0231
0.5231, 0.0231
0.5231, 0.0231
0.5231, 0.0205
0.5231, 0.0205
0.5231, 0.0205
0.5185, 0.0205
0.5185, 0.0205
0.5139, 0.0205
0.5139, 0.0205
0.5139, 0.0205
0.5139, 0.0205
0.5139, 0.0205
0.5139, 0.0205
0.5093, 0.0179
0.5093, 0.0179
0.5093, 0.0179
0.5093, 0.0179
0.5093, 0.0179
0.5046, 0.0154
0.5046, 0.0154
0.5000, 0.0154
0.5000, 0.0154
0.5000, 0.0154
0.5000, 0.0154
0.5000, 0.0154
0.4954, 0.0154
0.4954, 0.0154
0.4954, 0.0154
0.4954, 0.0154
0.4954, 0.0154
0.4907, 0.0154
0.4907, 0.0154
0.4907, 0.0154
0.4861, 0.0154
0.4861, 0.0154
0.4861, 0.0154
0.4861, 0.0154
0.4861, 0.0154
0.4861, 0.0128
0.4861, 0.0128
0.4861, 0.0128
0.4815, 0.0128
0.4815, 0.0128
0.4769, 0.0128
0.4769, 0.0128
0.4769, 0.0128
0.4769, 0.0128
0.4769, 0.0128
0.4769, 0.0128
0.4769, 0.0128
0.4769, 0.0128
0.4769, 0.0128
0.4722, 0.0103
0.4722, 0.0103
0.4676, 0.0103
0.4676, 0.0103
0.4676, 0.0103
0.4676, 0.0103
0.4676, 0.0103
0.4630, 0.0103
0.4630, 0.0103
0.4630, 0.0103
0.4630, 0.0103
0.4630, 0.0103
0.4630, 0.0103
0.4583, 0.0077
0.4583, 0.0077
0.4537, 0.0077
0.4537, 0.0077
0.4537, 0.0077
0.4537, 0.0077
0.4537, 0.0077
0.4537, 0.0077
0.4537, 0.0077
0.4537, 0.0077
0.4491, 0.0077
0.4491, 0.0077
0.4491, 0.0077
0.4444, 0.0077
0.4444, 0.0077
0.4444, 0.0077
0.4444, 0.0077
0.4444, 0.0077
0.4398, 0.0077
0.4398, 0.0077
0.4352, 0.0077
0.4352, 0.0077
0.4352, 0.0077
0.4306, 0.0077
0.4306, 0.0077
0.4306, 0.0077
0.4306, 0.0077
0.4306, 0.0077
0.4259, 0.0077
0.4259, 0.0077
0.4213, 0.0077
0.4213, 0.0077
0.4213, 0.0077
0.4213, 0.0077
0.4213, 0.0077
0.4213, 0.0077
0.4213, 0.0077
0.4213, 0.0077
0.4167, 0.0077
0.4167, 0.0077
0.4167, 0.0077
0.4120, 0.0051
0.4120, 0.0051
0.4074, 0.0051
0.4074, 0.0051
0.4074, 0.0051
0.4028, 0.0051
0.4028, 0.0051
0.3981, 0.0051
0.3981, 0.0051
0.3981, 0.0051
0.3935, 0.0051
0.3935, 0.0051
0.3935, 0.0051
0.3935, 0.0051
0.3935, 0.0051
0.3935, 0.0051
0.3935, 0.0051
0.3889, 0.0051
0.3889, 0.0051
0.3889, 0.0051
0.3843, 0.0051
0.3843, 0.0051
0.3843, 0.0051
0.3843, 0.0051
0.3843, 0.0051
0.3796, 0.0051
0.3796, 0.0051
0.3750, 0.0051
0.3750, 0.0051
0.3750, 0.0051
0.3704, 0.0051
0.3704, 0.0051
0.3704, 0.0051
0.3704, 0.0051
0.3704, 0.0051
0.3657, 0.0051
0.3657, 0.0051
0.3657, 0.0051
0.3611, 0.0051
0.3611, 0.0051
0.3611, 0.0051
0.3611, 0.0051
0.3611, 0.0051
0.3565, 0.0051
0.3565, 0.0051
0.3519, 0.0051
0.3519, 0.0051
0.3519, 0.0051
0.3472, 0.0051
0.3472, 0.0051
0.3426, 0.0051
0.3426, 0.0051
0.3426, 0.0051
0.3426, 0.0051
0.3426, 0.0051
0.3380, 0.0051
0.3380, 0.0051
0.3380, 0.0051
0.3333, 0.0051
0.3333, 0.0051
0.3333, 0.0051
0.3333, 0.0051
0.3333, 0.0051
0.3287, 0.0051
0.3287, 0.0051
0.3241, 0.0051
0.3241, 0.0051
0.3241, 0.0051
0.3241, 0.0051
0.3241, 0.0051
0.3194, 0.0051
0.3194, 0.0051
0.3194, 0.0051
0.3148, 0.0051
0.3148, 0.0051
0.3148, 0.0051
0.3148, 0.0051
0.3148, 0.0051
0.3102, 0.0051
0.3102, 0.0051
0.3056, 0.0051
0.3056, 0.0051
0.3056, 0.0051
0.3009, 0.0051
0.3009, 0.0051
0.2963, 0.0051
0.2963, 0.0051
0.2917, 0.0051
0.2917, 0.0051
0.2917, 0.0051
0.2870, 0.0051
0.2870, 0.0051
0.2870, 0.0051
0.2870, 0.0051
0.2870, 0.0051
0.2824, 0.0051
0.2824, 0.0051
0.2824, 0.0051
0.2778, 0.0051
0.2778, 0.0051
0.2731, 0.0051
0.2731, 0.0051
0.2685, 0.0051
0.2685, 0.0051
0.2685, 0.0051
0.2639, 0.0051
0.2639, 0.0051
0.2639, 0.0051
0.2639, 0.0051
0.2639, 0.0051
0.2593, 0.0051
0.2593, 0.0051
0.2546, 0.0051
0.2546, 0.0051
0.2546, 0.0051
0.2546, 0.0051
0.2546, 0.0051
0.2454, 0.0077
0.2454, 0.0077
0.2454, 0.0077
0.2407, 0.0077
0.2407, 0.0077
0.2407, 0.0077
0.2407, 0.0077
0.2407, 0.0077
0.2315, 0.0077
0.2315, 0.0077
0.2269, 0.0077
0.2269, 0.0077
0.2269, 0.0077
0.2269, 0.0077
0.2269, 0.0077
0.2222, 0.0103
0.2222, 0.0103
0.2222, 0.0103
0.2130, 0.0103
0.2130, 0.0103
0.2130, 0.0128
0.2130, 0.0128
0.2130, 0.0128
0.2037, 0.0128
0.2037, 0.0128
0.1991, 0.0128
0.1991, 0.0128
0.1991, 0.0128
0.1991, 0.0128
0.1991, 0.0128
0.1991, 0.0154
0.1991, 0.0154
0.1991, 0.0154
0.1991, 0.0154
0.1991, 0.0154
0.1944, 0.0154
0.1944, 0.0154
0.1944, 0.0154
0.1898, 0.0154
0.1898, 0.0154
0.1898, 0.0154
0.1898, 0.0154
0.1898, 0.0154
0.1898, 0.0179
0.1898, 0.0179
0.1852, 0.0179
0.1852, 0.0179
0.1806, 0.0179
0.1806, 0.0179
0.1806, 0.0205
0.1759, 0.0205
0.1759, 0.0205
0.1759, 0.0205
0.1759, 0.0205
0.1759, 0.0205
0.1759, 0.0205
0.1759, 0.0205
0.1759, 0.0205
0.1759, 0.0205
0.1759, 0.0205
0.1759, 0.0205
0.1759, 0.0205
0.1759, 0.0205
0.1759, 0.0205
0.1759, 0.0205
0.1759, 0.0205
0.1759, 0.0205
0.1759, 0.0205
0.1759, 0.0205
0.1759, 0.0205
0.1759, 0.0205
0.1759, 0.0205
0.1759, 0.0205
0.1759, 0.0205
0.1759, 0.0205
0.1759, 0.0205
0.1759, 0.0205
0.1759, 0.0205
0.1759, 0.0205
0.1759, 0.0205
0.1759, 0.0205
0.1759, 0.0205
0.1759, 0.0205
0.1759, 0.0205
0.1759, 0.0205
0.1759, 0.0205
0.1759, 0.0205
0.1759, 0.0205
0.1759, 0.0205
0.1759, 0.0205
0.1759, 0.0205
0.1759, 0.0205
0.1759, 0.0205
0.1759, 0.0205
0.1759, 0.0205
0.1759, 0.0205
0.1759, 0.0205
0.1759, 0.0205
0.1759, 0.0205
0.1759, 0.0205
0.1759, 0.0231
0.5787, 0.3026
0.5787, 0.3026
0.5787, 0.3026
0.5787, 0.3026
0.5787, 0.3026
0.5787, 0.3026
0.5787, 0.3026
0.5787, 0.3026
0.5787, 0.3026
0.5787, 0.3026
0.5787, 0.3026
0.5787, 0.3026
0.5787, 0.3026
0.5787, 0.3026
0.5787, 0.3026
0.5787, 0.3026
0.5787, 0.3026
0.5787, 0.3026
0.5787, 0.3026
0.5787, 0.3026
0.5787, 0.3026
0.5787, 0.3026
0.5787, 0.3026
0.5787, 0.3026
0.5787, 0.3026
0.5787, 0.3026
0.5787, 0.3026
0.5787, 0.3026
0.5787, 0.3026
0.5787, 0.3026
0.5787, 0.3026
0.5787, 0.3026
0.5787, 0.3026
0.5787, 0.3026
0.5787, 0.3026
0.5787, 0.3026
0.5787, 0.3026
0.5787, 0.3026
0.5787, 0.3026
0.5787, 0.3026
0.5787, 0.3026
0.5787, 0.3026
0.5787, 0.3026
0.5787, 0.3026
0.5787, 0.3026
0.5787, 0.3026
0.5787, 0.3026
0.5787, 0.3026
0.5787, 0.3026
0.5787, 0.3026
0.5787, 0.3026
0.5787, 0.3026
0.5787, 0.3026
0.5787, 0.3026
0.5787, 0.3026
0.5787, 0.3026
0.5787, 0.3026
0.5787, 0.3026
0.5787, 0.3026
0.5787, 0.3026
0.5787, 0.3051
0.5787, 0.3051
0.5787, 0.3051
0.5787, 0.3077
0.5787, 0.3077
0.5787, 0.3077
0.5787, 0.3077
0.5787, 0.3077
0.5787, 0.3077
0.5787, 0.3103
0.5787, 0.3103
0.5787, 0.3103
0.5833, 0.3103
0.5833, 0.3103
0.5833, 0.3103
0.5833, 0.3128
0.5833, 0.3128
0.5833, 0.3128
0.5833, 0.3128
0.5833, 0.3128
0.5833, 0.3128
0.5833, 0.3154
0.5833, 0.3154
0.5833, 0.3154
0.5880, 0.3154
0.5880, 0.3154
0.5880, 0.3154
0.5880, 0.3154
0.5880, 0.3154
0.5880, 0.3154
0.5880, 0.3154
0.5926, 0.3154
0.5926, 0.3154
0.5926, 0.3154
0.5926, 0.3179
0.5926, 0.3179
0.5926, 0.3179
0.5926, 0.3179
0.5926, 0.3179
0.5926, 0.3179
0.5972, 0.3179
0.5972, 0.3179
0.5972, 0.3179
0.5972, 0.3205
0.5972, 0.3205
0.5972, 0.3205
0.5972, 0.3205
0.5972, 0.3205
0.5972, 0.3205
0.5972, 0.3231
0.5972, 0.3231
0.5972, 0.3231
0.6019, 0.3231
0.6019, 0.3231
0.6019, 0.3231
0.6065, 0.3231
0.6065, 0.3231
0.6065, 0.3231
0.6065, 0.3231
0.6065, 0.3231
0.6065, 0.3231
0.6065, 0.3231
0.6065, 0.3231
0.6065, 0.3231
0.6065, 0.3231
0.6111, 0.3231
0.6111, 0.3231
0.6111, 0.3231
0.6111, 0.3256
0.6111, 0.3256
0.6111, 0.3256
0.6157, 0.3256
0.6157, 0.3256
0.6157, 0.3256
0.6157, 0.3256
0.6157, 0.3256
0.6157, 0.3256
0.6204, 0.3256
0.6204, 0.3256
0.6204, 0.3256
0.6204, 0.3282
0.6204, 0.3282
0.6204, 0.3282
0.6204, 0.3282
0.6204, 0.3282
0.6204, 0.3282
0.6204, 0.3282
0.6204, 0.3282
0.6204, 0.3282
0.6250, 0.3282
0.6250, 0.3282
0.6250, 0.3282
0.6296, 0.3282
0.6296, 0.3282
0.6296, 0.3282
0.6296, 0.3282
0.6296, 0.3282
0.6296, 0.3282
0.6296, 0.3282
0.6296, 0.3282
0.6296, 0.3282
0.6296, 0.3308
0.6296, 0.3308
0.6296, 0.3308
0.6343, 0.3308
0.6343, 0.3308
0.6343, 0.3308
0.6343, 0.3333
0.6343, 0.3333
0.6343, 0.3333
0.6389, 0.3333
0.6389, 0.3333
0.6389, 0.3333
0.6389, 0.3333
0.6389, 0.3333
0.6389, 0.3333
0.6389, 0.3359
0.6389, 0.3359
0.6389, 0.3359
0.6435, 0.3359
0.6435, 0.3359
0.6435, 0.3359
0.6435, 0.3359
0.6435, 0.3359
0.6435, 0.3359
0.6435, 0.3359
0.6435, 0.3359
0.6435, 0.3359
0.6435, 0.3359
0.6435, 0.3359
0.6435, 0.3359
0.6435, 0.3359
0.6435, 0.3359
0.6435, 0.3359
0.6435, 0.3359
0.6435, 0.3359
0.6435, 0.3359
0.6435, 0.3359
0.6435, 0.3359
0.6481, 0.3359
0.6481, 0.3359
0.6481, 0.3385
0.6481, 0.3385
0.6481, 0.3385
0.6481, 0.3385
0.6481, 0.3385
0.6481, 0.3385
0.6481, 0.3385
0.6528, 0.3410
0.6528, 0.3410
0.6528, 0.3410
0.6528, 0.3410
0.6528, 0.3410
0.6528, 0.3410
0.6528, 0.3410
0.6528, 0.3410
0.6528, 0.3410
0.6528, 0.3410
0.6528, 0.3410
0.6528, 0.3410
0.6528, 0.3410
0.6574, 0.3410
0.6574, 0.3410
0.6574, 0.3410
0.6574, 0.3410
0.6574, 0.3410
0.6574, 0.3410
0.6574, 0.3410
0.6574, 0.3410
0.6574, 0.3410
0.6620, 0.3436
0.6620, 0.3436
0.6620, 0.3436
0.6620, 0.3436
0.6620, 0.3436
0.6620, 0.3436
0.6620, 0.3436
0.6620, 0.3436
0.6620, 0.3436
0.6667, 0.3462
0.6667, 0.3462
0.6667, 0.3462
0.6667, 0.3462
0.6667, 0.3462
0.6667, 0.3462
0.6667, 0.3462
0.6667, 0.3462
0.6667, 0.3462
0.6667, 0.3487
0.6667, 0.3487
0.6667, 0.3487
0.6713, 0.3487
0.6713, 0.3487
0.6713, 0.3487
0.6759, 0.3487
0.6759, 0.3487
0.6759, 0.3487
0.6759, 0.3487
0.6759, 0.3487
0.6759, 0.3487
0.6759, 0.3487
0.6759, 0.3487
0.6759, 0.3487
0.6806, 0.3487
0.6806, 0.3487
0.6806, 0.3487
0.6806, 0.3487
0.6806, 0.3487
0.6852, 0.3487
0.6852, 0.3487
0.6852, 0.3487
0.6898, 0.3487
0.6898, 0.3487
0.6898, 0.3487
0.6898, 0.3487
0.6898, 0.3487
0.6898, 0.3487
0.6898, 0.3487
0.6944, 0.3487
0.6944, 0.3487
0.6991, 0.3487
0.6991, 0.3487
0.6991, 0.3487
0.6991, 0.3487
0.6991, 0.3487
0.6991, 0.3487
0.7037, 0.3487
0.7037, 0.3487
0.7037, 0.3487
0.7083, 0.3487
0.7083, 0.3487
0.7083, 0.3487
0.7130, 0.3487
0.7130, 0.3487
0.7130, 0.3487
0.7130, 0.3487
0.7130, 0.3487
0.7130, 0.3487
0.7176, 0.3487
0.7176, 0.3487
0.7176, 0.3487
0.7222, 0.3487
0.7222, 0.3487
0.7222, 0.3487
0.7222, 0.3487
0.7222, 0.3487
0.7222, 0.3487
0.7269, 0.3487
0.7269, 0.3487
0.7269, 0.3487
0.7315, 0.3487
0.7315, 0.3487
0.7315, 0.3487
0.7315, 0.3487
0.7315, 0.3487
0.7361, 0.3487
0.7361, 0.3487
0.7361, 0.3487
0.7454, 0.3487
0.7454, 0.3487
0.7454, 0.3487
0.7454, 0.3487
0.7454, 0.3487
0.7454, 0.3487
0.7500, 0.3487
0.7500, 0.3487
0.7500, 0.3487
0.7546, 0.3487
0.7546, 0.3487
0.7546, 0.3487
0.7593, 0.3487
0.7593, 0.3487
0.7593, 0.3487
0.7593, 0.3487
0.7593, 0.3487
0.7593, 0.3487
0.7593, 0.3487
0.7593, 0.3487
0.7639, 0.3487
0.7639, 0.3487
0.7639, 0.3487
0.7685, 0.3487
0.7685, 0.3487
0.7685, 0.3487
0.7685, 0.3487
0.7685, 0.3487
0.7685, 0.3487
0.7685, 0.3487
0.7685, 0.3462
0.7685, 0.3462
0.7685, 0.3462
0.7685, 0.3462
0.7685, 0.3462
0.7685, 0.3462
0.7731, 0.3462
0.7731, 0.3462
0.7731, 0.3462
0.7731, 0.3462
0.7731, 0.3462
0.7731, 0.3462
0.7778, 0.3436
0.7778, 0.3436
0.7778, 0.3436
0.7778, 0.3436
0.7778, 0.3436
0.7778, 0.3436
0.7778, 0.3436
0.7778, 0.3436
0.7778, 0.3436
0.7824, 0.3436
0.7824, 0.3436
0.7824, 0.3436
0.7824, 0.3436
0.7824, 0.3436
0.7824, 0.3436
0.7824, 0.3436
0.7824, 0.3436
0.7824, 0.3436
0.7824, 0.3436
0.7824, 0.3436
0.7824, 0.3436
0.7824, 0.3436
0.7824, 0.3436
0.7824, 0.3436
0.7824, 0.3436
0.7824, 0.3436
0.7824, 0.3436
0.7824, 0.3436
0.7824, 0.3410
0.7824, 0.3410
0.7824, 0.3410
0.7870, 0.3410
0.7870, 0.3410
0.7870, 0.3410
0.7870, 0.3410
0.7870, 0.3410
0.7870, 0.3410
0.7917, 0.3385
0.7917, 0.3385
0.7917, 0.3385
0.7917, 0.3385
0.7917, 0.3385
0.7917, 0.3385
0.7917, 0.3385
0.7917, 0.3385
0.7917, 0.3385
0.7917, 0.3385
0.7917, 0.3385
0.7917, 0.3385
0.7917, 0.3359
0.7917, 0.3359
0.7963, 0.3359
0.7963, 0.3359
0.7963, 0.3359
0.7963, 0.3333
0.7963, 0.3333
0.7963, 0.3333
0.7963, 0.3333
0.7963, 0.3333
0.7963, 0.3333
0.7963, 0.3333
0.7963, 0.3333
0.7963, 0.3333
0.8009, 0.3308
0.8009, 0.3308
0.8009, 0.3308
0.8009, 0.3308
0.8009, 0.3308
0.8009, 0.3308
0.8009, 0.3308
0.8009, 0.3308
0.8009, 0.3308
0.8056, 0.3308
0.8056, 0.3308
0.8056, 0.3308
0.8056, 0.3282
0.8056, 0.3282
0.8056, 0.3282
0.8056, 0.3282
0.8056, 0.3282
0.8056, 0.3282
0.8056, 0.3256
0.8056, 0.3256
0.8056, 0.3256
0.8056, 0.3256
0.8056, 0.3256
0.8056, 0.3256
0.8056, 0.3231
0.8056, 0.3231
0.8056, 0.3231
0.8056, 0.3231
0.8056, 0.3231
0.8056, 0.3231
0.8102, 0.3205
0.8102, 0.3205
0.8102, 0.3179
0.8102, 0.3179
0.8102, 0.3179
0.8102, 0.3179
0.8102, 0.3179
0.8102, 0.3179
0.8102, 0.3179
0.8102, 0.3179
0.8102, 0.3179
0.8102, 0.3179
0.8102, 0.3154
0.8102, 0.3154
0.8148, 0.3128
0.8148, 0.3128
0.8148, 0.3128
0.8148, 0.3128
0.8148, 0.3128
0.8148, 0.3128
0.8148, 0.3128
0.8148, 0.3128
0.8148, 0.3128
0.8148, 0.3103
0.8148, 0.3103
0.8148, 0.3103
0.8148, 0.3103
0.8148, 0.3103
0.8148, 0.3103
0.8148, 0.3077
0.8148, 0.3077
0.8148, 0.3077
0.8148, 0.3051
0.8148, 0.3051
0.8148, 0.3051
0.8148, 0.3051
0.8148, 0.3051
0.8148, 0.3026
0.8148, 0.3026
0.8148, 0.3026
0.8148, 0.3000
0.8148, 0.3000
0.8148, 0.3000
0.8148, 0.3000
0.8148, 0.3000
0.8148, 0.3000
0.8148, 0.3000
0.8148, 0.3000
0.8148, 0.3000
0.8148, 0.2974
0.8148, 0.2974
0.8148, 0.2974
0.8148, 0.2949
0.8148, 0.2949
0.8148, 0.2949
0.8148, 0.2949
0.8148, 0.2949
0.8148, 0.2923
0.8148, 0.2923
0.8148, 0.2923
0.8148, 0.2897
0.8148, 0.2897
0.8148, 0.2897
0.8148, 0.2872
0.8148, 0.2872
0.8148, 0.2872
0.8148, 0.2872
0.8148, 0.2872
0.8194, 0.2872
0.8194, 0.2872
0.8194, 0.2872
0.8194, 0.2846
0.8194, 0.2846
0.8194, 0.2846
0.8194, 0.2821
0.8194, 0.2821
0.8194, 0.2821
0.8194, 0.2821
0.8194, 0.2821
0.8194, 0.2821
0.8194, 0.2795
0.8194, 0.2795
0.8194, 0.2769
0.8194, 0.2769
0.8194, 0.2769
0.8194, 0.2744
0.8194, 0.2744
0.8194, 0.2744
0.8194, 0.2744
0.8194, 0.2744
0.8194, 0.2744
0.8194, 0.2718
0.8194, 0.2718
0.8194, 0.2692
0.8194, 0.2692
0.8194, 0.2692
0.8194, 0.2692
0.8194, 0.2692
0.8194, 0.2692
0.8194, 0.2692
0.8194, 0.2692
0.8194, 0.2692
0.8194, 0.2667
0.8194, 0.2667
0.8194, 0.2667
0.8194, 0.2641
0.8194, 0.2641
0.8194, 0.2641
0.8194, 0.2615
0.8194, 0.2615
0.8194, 0.2615
0.8194, 0.2615
0.8194, 0.2615
0.8194, 0.2615
0.8194, 0.2615
0.8194, 0.2615
0.8194, 0.2590
0.8194, 0.2590
0.8194, 0.2590
0.8194, 0.2564
0.8194, 0.2564
0.8194, 0.2564
0.8194, 0.2564
0.8194, 0.2564
0.8194, 0.2564
0.8194, 0.2564
0.8194, 0.2564
0.8194, 0.2564
0.8194, 0.2538
0.8194, 0.2538
0.8194, 0.2538
0.8194, 0.2538
0.8194, 0.2538
0.8194, 0.2538
0.8194, 0.2513
0.8194, 0.2513
0.8194, 0.2487
0.8194, 0.2487
0.8194, 0.2487
0.8194, 0.2487
0.8194, 0.2487
0.8194, 0.2487
0.8194, 0.2487
0.8194, 0.2487
0.8194, 0.2487
0.8194, 0.2462
0.8194, 0.2462
0.8194, 0.2462
0.8194, 0.2436
0.8194, 0.2436
0.8194, 0.2436
0.8194, 0.2436
0.8194, 0.2436
0.8194, 0.2410
0.8194, 0.2410
0.8194, 0.2410
0.8194, 0.2410
0.8194, 0.2410
0.8194, 0.2410
0.8194, 0.2385
0.8194, 0.2385
0.8194, 0.2359
0.8194, 0.2359
0.8194, 0.2359
0.8194, 0.2359
0.8194, 0.2359
0.8194, 0.2359
0.8194, 0.2333
0.8194, 0.2333
0.8194, 0.2333
0.8194, 0.2308
0.8194, 0.2308
0.8194, 0.2308
0.8194, 0.2308
0.8194, 0.2308
0.8194, 0.2282
0.8194, 0.2282
0.8194, 0.2282
0.8194, 0.2256
0.8194, 0.2256
0.8194, 0.2256
0.8194, 0.2231
0.8194, 0.2231
0.8194, 0.2231
0.8194, 0.2231
0.8194, 0.2231
0.8194, 0.2205
0.8194, 0.2205
0.8194, 0.2205
0.8194, 0.2179
0.8194, 0.2179
0.8194, 0.2179
0.8194, 0.2179
0.8194, 0.2179
0.8194, 0.2179
0.8194, 0.2128
0.8194, 0.2128
0.8194, 0.2103
0.8194, 0.2103
0.8194, 0.2103
0.8194, 0.2077
0.8194, 0.2077
0.8194, 0.2051
0.8194, 0.2051
0.8194, 0.2051
0.8194, 0.2026
0.8194, 0.2026
0.8194, 0.2000
0.8194, 0.2000
0.8194, 0.2000
0.8194, 0.1974
0.8194, 0.1974
0.8194, 0.1974
0.8194, 0.1974
0.8194, 0.1974
0.8194, 0.1974
0.8194, 0.1923
0.8194, 0.1923
0.8194, 0.1897
0.8194, 0.1897
0.8194, 0.1897
0.8194, 0.1897
0.8194, 0.1897
0.8194, 0.1872
0.8194, 0.1872
0.8194, 0.1872
0.8194, 0.1846
0.8194, 0.1846
0.8194, 0.1846
0.8194, 0.1821
0.8194, 0.1821
0.8194, 0.1821
0.8194, 0.1821
0.8194, 0.1821
0.8194, 0.1795
0.8194, 0.1795
0.8194, 0.1795
0.8194, 0.1769
0.8194, 0.1769
0.8194, 0.1769
0.8194, 0.1769
0.8194, 0.1769
0.8194, 0.1744
0.8194, 0.1744
0.8194, 0.1744
0.8194, 0.1744
0.8194, 0.1744
0.8194, 0.1744
0.8194, 0.1718
0.8194, 0.1718
0.8194, 0.1718
0.8194, 0.1718
0.8194, 0.1718
0.8194, 0.1718
0.8194, 0.1718
0.8194, 0.1718
0.8194, 0.1718
0.8194, 0.1692
0.8194, 0.1692
0.8194, 0.1692
0.8194, 0.1692
0.8194, 0.1692
0.8194, 0.1667
0.8194, 0.1667
0.8194, 0.1667
0.8194, 0.1667
0.8194, 0.1667
0.8194, 0.1667
0.8194, 0.1641
0.8194, 0.1641
0.8194, 0.1641
0.8194, 0.1641
0.8194, 0.1641
0.8194, 0.1641
0.8194, 0.1641
0.8194, 0.1641
0.8194, 0.1615
0.8194, 0.1615
0.8194, 0.1615
0.8194, 0.1590
0.8194, 0.1590
0.8194, 0.1590
0.8194, 0.1590
0.8194, 0.1590
0.8194, 0.1590
0.8194, 0.1590
0.8194, 0.1590
0.8194, 0.1590
0.8194, 0.1590
0.8194, 0.1590
0.8194, 0.1564
0.8194, 0.1564
0.8194, 0.1564
0.8194, 0.1564
0.8194, 0.1564
0.8194, 0.1564
0.8194, 0.1538
0.8194, 0.1538
0.8194, 0.1538
0.8194, 0.1538
0.8194, 0.1538
0.8194, 0.1538
0.8194, 0.1513
0.8194, 0.1513
0.8194, 0.1513
0.8194, 0.1513
0.8194, 0.1513
0.8194, 0.1513
0.8194, 0.1513
0.8194, 0.1513
0.8194, 0.1487
0.8194, 0.1487
0.8194, 0.1487
0.8194, 0.1487
0.8194, 0.1487
0.8194, 0.1462
0.8194, 0.1462
0.8194, 0.1462
0.8194, 0.1462
0.8194, 0.1462
0.8194, 0.1462
0.8194, 0.1436
0.8194, 0.1436
0.8194, 0.1436
0.8194, 0.1436
0.8194, 0.1436
0.8194, 0.1410
0.8194, 0.1410
0.8194, 0.1410
0.8194, 0.1385
0.8194, 0.1385
0.8194, 0.1385
0.8194, 0.1385
0.8194, 0.1385
0.8194, 0.1385
0.8194, 0.1385
0.8194, 0.1385
0.8194, 0.1359
0.8194, 0.1359
0.8194, 0.1359
0.8194, 0.1359
0.8194, 0.1359
0.8194, 0.1359
0.8194, 0.1333
0.8194, 0.1333
0.8194, 0.1333
0.8194, 0.1333
0.8194, 0.1333
0.8194, 0.1308
0.8194, 0.1308
0.8194, 0.1308
0.8194, 0.1308
0.8194, 0.1308
0.8194, 0.1308
0.8194, 0.1282
0.8194, 0.1282
0.8194, 0.1256
0.8194, 0.1256
0.8194, 0.1256
0.8194, 0.1256
0.8194, 0.1256
0.8194, 0.1256
0.8194, 0.1256
0.8194, 0.1256
0.8194, 0.1256
0.8194, 0.1231
0.8194, 0.1231
0.8194, 0.1231
0.8194, 0.1205
0.8194, 0.1205
0.8194, 0.1205
0.8194, 0.1205
0.8194, 0.1205
0.8194, 0.1179
0.8194, 0.1179
0.8194, 0.1179
0.8194, 0.1154
0.8194, 0.1154
0.8194, 0.1128
0.8194, 0.1128
0.8194, 0.1128
0.8194, 0.1128
0.8194, 0.1128
0.8194, 0.1128
0.8194, 0.1103
0.8194, 0.1103
0.8194, 0.1103
0.8194, 0.1103
0.8194, 0.1103
0.8194, 0.1077
0.8194, 0.1077
0.8194, 0.1051
0.8194, 0.1051
0.8194, 0.1051
0.8194, 0.1051
0.8194, 0.1051
0.8194, 0.1051
0.8194, 0.1000
0.8194, 0.1000
0.8194, 0.1000
0.8194, 0.1000
0.8194, 0.1000
0.8194, 0.0974
0.8194, 0.0974
0.8194, 0.0974
0.8194, 0.0949
0.8194, 0.0949
0.8194, 0.0923
0.8194, 0.0923
0.8194, 0.0923
0.8194, 0.0897
0.8194, 0.0897
0.8194, 0.0897
0.8194, 0.0872
0.8194, 0.0872
0.8194, 0.0846
0.8194, 0.0846
0.8194, 0.0846
0.8194, 0.0846
0.8194, 0.0846
0.8194, 0.0821
0.8194, 0.0821
0.8194, 0.0795
0.8194, 0.0795
0.8194, 0.0795
0.8194, 0.0795
0.8194, 0.0795
0.8194, 0.0795
0.8194, 0.0795
0.8194, 0.0795
0.8194, 0.0795
0.8194, 0.0769
0.8194, 0.0769
0.8194, 0.0744
0.8194, 0.0744
0.8194, 0.0744
0.8194, 0.0744
0.8194, 0.0744
0.8194, 0.0744
0.8194, 0.0718
0.8194, 0.0718
0.8194, 0.0718
0.8194, 0.0718
0.8194, 0.0718
0.8194, 0.0692
0.8194, 0.0692
0.8194, 0.0667
0.8194, 0.0667
0.8194, 0.0667
0.8194, 0.0667
0.8194, 0.0667
0.8194, 0.0667
0.8194, 0.0667
0.8194, 0.0667
0.8194, 0.0641
0.8194, 0.0641
0.8194, 0.0641
0.8194, 0.0615
0.8194, 0.0615
0.8194, 0.0615
0.8194, 0.0615
0.8194, 0.0615
0.8194, 0.0590
0.8194, 0.0590
0.8194, 0.0590
0.8194, 0.0590
0.8194, 0.0590
0.8194, 0.0590
0.8194, 0.0590
0.8194, 0.0590
0.8194, 0.0590
0.8241, 0.0590
0.8241, 0.0590
0.8241, 0.0590
0.8241, 0.0590
0.8241, 0.0590
0.8241, 0.0590
0.8241, 0.0590
0.8241, 0.0590
0.8241, 0.0564
0.8241, 0.0564
0.8241, 0.0564
0.8241, 0.0564
0.8241, 0.0564
0.8241, 0.0538
0.8241, 0.0538
0.8241, 0.0538
0.8241, 0.0538
0.8241, 0.0538
0.8241, 0.0538
0.8241, 0.0538
0.8241, 0.0538
0.8241, 0.0538
0.8241, 0.0538
0.8241, 0.0513
0.8241, 0.0513
0.8241, 0.0513
0.8287, 0.0513
0.8287, 0.0513
0.8287, 0.0487
0.8287, 0.0487
0.8287, 0.0487
0.8287, 0.0487
0.8287, 0.0487
0.8287, 0.0487
0.8287, 0.0487
0.8287, 0.0487
0.8287, 0.0487
0.8287, 0.0487
0.8287, 0.0487
0.8287, 0.0487
0.8333, 0.0487
0.8333, 0.0487
0.8333, 0.0462
0.8333, 0.0462
0.8333, 0.0462
0.8333, 0.0462
0.8333, 0.0462
0.8333, 0.0462
0.8333, 0.0462
0.8333, 0.0462
0.8333, 0.0436
0.8333, 0.0436
0.8333, 0.0436
0.8380, 0.0436
0.8380, 0.0436
0.8380, 0.0410
0.8380, 0.0410
0.8380, 0.0410
0.8380, 0.0410
0.8380, 0.0410
0.8380, 0.0410
0.8380, 0.0410
0.8380, 0.0410
0.8380, 0.0385
0.8380, 0.0385
0.8380, 0.0385
0.8426, 0.0385
0.8426, 0.0385
0.8426, 0.0385
0.8426, 0.0359
0.8426, 0.0359
0.8472, 0.0359
0.8472, 0.0359
0.8472, 0.0359
0.8472, 0.0359
0.8472, 0.0359
0.8472, 0.0359
0.8472, 0.0359
0.8472, 0.0359
0.8472, 0.0359
0.8472, 0.0359
0.8472, 0.0359
0.8472, 0.0333
0.8472, 0.0333
0.8519, 0.0333
0.8519, 0.0333
0.8519, 0.0333
0.8519, 0.0333
0.8519, 0.0333
0.8519, 0.0308
0.8519, 0.0308
0.8519, 0.0308
0.8565, 0.0308
0.8565, 0.0308
0.8565, 0.0282
0.8565, 0.0282
0.8565, 0.0282
0.8611, 0.0282
0.8611, 0.0282
0.8611, 0.0282
0.8611, 0.0282
0.8611, 0.0282
0.8611, 0.0282
0.8611, 0.0282
0.8611, 0.0282
0.8657, 0.0282
0.8657, 0.0282
0.8704, 0.0256
0.8704, 0.0256
0.8704, 0.0256
0.8704, 0.0256
0.8704, 0.0256
0.8750, 0.0231
0.8750, 0.0231
0.8750, 0.0231
0.8796, 0.0231
0.8796, 0.0231
0.8843, 0.0231
0.8843, 0.0231
0.8843, 0.0231
0.8843, 0.0205
0.8843, 0.0205
0.8889, 0.0205
0.8889, 0.0205
0.8889, 0.0205
0.8935, 0.0179
0.8935, 0.0179
0.8935, 0.0154
0.8935, 0.0154
0.8935, 0.0154
0.8981, 0.0154
0.8981, 0.0154
0.8981, 0.0154
0.8981, 0.0154
0.8981, 0.0154
0.9028, 0.0154
0.9028, 0.0154
0.9028, 0.0154
0.9074, 0.0154
0.9074, 0.0154
0.9074, 0.0128
0.9074, 0.0128
0.9120, 0.0128
0.9120, 0.0128
0.9120, 0.0128
0.9167, 0.0128
0.9167, 0.0128
0.9167, 0.0103
0.9167, 0.0103
0.9167, 0.0103
0.9167, 0.0103
0.9167, 0.0103
0.9167, 0.0103
0.9213, 0.0103
0.9213, 0.0103
0.9259, 0.0103
0.9259, 0.0103
0.9259, 0.0103
0.9259, 0.0103
0.9259, 0.0103
0.9306, 0.0103
0.9306, 0.0103
0.9306, 0.0103
0.9306, 0.0103
0.9306, 0.0103
0.9352, 0.0077
0.9352, 0.0077
0.9352, 0.0077
0.9398, 0.0077
0.9398, 0.0077
0.9398, 0.0077
0.9398, 0.0077
0.9398, 0.0077
0.9444, 0.0051
0.9444, 0.0051
0.9491, 0.0051
0.9491, 0.0051
0.9491, 0.0051
0.9537, 0.0051
0.9537, 0.0051
0.9537, 0.0051
0.9537, 0.0051
0.9537, 0.0051
0.9537, 0.0051
0.9537, 0.0051
0.9537, 0.0051
0.9583, 0.0026
0.9583, 0.0026
0.9583, 0.0026
0.9583, 0.0026
0.9583, 0.0026
0.9630, 0.0026
0.9630, 0.0026
0.9630, 0.0026
0.9630, 0.0026
0.9630, 0.0026
0.9676, 0.0026
0.9676, 0.0026
0.9676, 0.0026
0.9769, 0.0026
0.9769, 0.0026
0.9815, 0.0026
0.9815, 0.0026
0.9861, 0.0026
0.9861, 0.0026
0.9907, 0.0026
0.9907, 0.0026
0.9907, 0.0026
0.9907, 0.0000
0.9907, 0.0000
0.9907, 0.0000
0.9907, 0.0000
0.9907, 0.0000
0.9954, 0.0000
0.9954, 0.0000
0.9954, 0.0000
0.9954, 0.0000
0.9954, 0.0000
0.9954, 0.0000
0.9954, 0.0000
0.9954, 0.0000
0.9954, 0.0000
0.9954, 0.0000
0.9954, 0.0000
0.9954, 0.0000
0.9954, 0.0000
0.9954, 0.0000
0.9954, 0.0000
0.9954, 0.0000
0.9954, 0.0000
0.9954, 0.0000
0.9954, 0.0000
0.9954, 0.0000
0.9954, 0.0000
0.9954, 0.0000
1.0000, 0.0000
1.0000, 0.0000
1.0000, 0.0000
1.0000, 0.0000
1.0000, 0.0000
1.0000, 0.0000
1.0000, 0.0000
1.0000, 0.0000
1.0000, 0.0000
1.0000, 0.0000
1.0000, 0.0000
1.0000, 0.0000
1.0000, 0.0000
1.0000, 0.0000
1.0000, 0.0000
1.0000, 0.0000
1.0000, 0.0000
1.0000, 0.0000
1.0000, 0.0000
1.0000, 0.0000
1.0000, 0.0000
1.0000, 0.0000
1.0000, 0.0000
1.0000, 0.0000
1.0000, 0.0000
1.0000, 0.0000
1.0000, 0.0000
1.0000, 0.0000
1.0000, 0.0000
1.0000, 0.0000
1.0000, 0.0000
1.0000, 0.0000
1.0000, 0.0000
1.0000, 0.0000
1.0000, 0.0000
1.0000, 0.0000
1.0000, 0.0000
1.0000, 0.0000
1.0000, 0.0000
1.0000, 0.0000
1.0000, 0.0000
1.0000, 0.0000
1.0000, 0.0000
1.0000, 0.0000
1.0000, 0.0000
1.0000, 0.0000
1.0000, 0.0000
1.0000, 0.0000
1.0000, 0.0000
1.0000, 0.0000
1.0000, 0.0000
1.0000, 0.0000
1.0000, 0.0000
1.0000, 0.0000
1.0000, 0.0000
1.0000, 0.0000
1.0000, 0.0000
1.0000, 0.0000
1.0000, 0.0000
1.0000, 0.0000
1.0000, 0.0000
1.0000, 0.0000
1.0000, 0.0000
1.0000, 0.0000
1.0000, 0.0000
1.0000, 0.0000
1.0000, 0.0000
1.0000, 0.0000
1.0000, 0.0000
0.0000, 1.0000
0.0000, 1.0000
0.0000, 1.0000
0.0000, 1.0000
0.0000, 1.0000
0.0000, 1.0000
0.0000, 1.0000
0.0000, 1.0000
0.0000, 1.0000
0.0000, 1.0000
0.0000, 1.0000
0.0000, 1.0000
0.0000, 1.0000
0.0000, 1.0000
0.0000, 1.0000
0.0000, 1.0000
0.0000, 1.0000
0.0000, 1.0000
0.0000, 1.0000
0.0000, 1.0000
0.0000, 1.0000
0.0000, 1.0000
0.0000, 1.0000
0.0000, 1.0000
0.0000, 1.0000
0.0000, 1.0000
0.0000, 1.0000
0.0000, 1.0000
0.0000, 1.0000
0.0000, 1.0000
0.0000, 1.0000
0.0000, 1.0000
0.0000, 1.0000
0.0000, 1.0000
0.0000, 1.0000
0.0000, 1.0000
0.0000, 1.0000
0.0000, 1.0000
0.0000, 1.0000
0.0000, 1.0000
0.0000, 1.0000
0.0000, 1.0000
