0.3109, 0.3333
0.3109, 0.3333
0.3109, 0.3333
0.3109, 0.3333
0.3109, 0.3333
0.3109, 0.3333
0.3109, 0.3333
0.3109, 0.3333
0.3109, 0.3333
0.3109, 0.3333
0.3109, 0.3333
0.3109, 0.3333
0.3109, 0.3333
0.3109, 0.3333
0.3109, 0.3333
0.3109, 0.3333
0.3109, 0.3333
0.3109, 0.3333
0.3109, 0.3333
0.3109, 0.3333
0.3109, 0.3333
0.3109, 0.3333
0.3109, 0.3333
0.3109, 0.3333
0.3109, 0.3333
0.3109, 0.3333
0.3109, 0.3333
0.3109, 0.3333
0.3109, 0.3333
0.3109, 0.3333
0.3109, 0.3333
0.3109, 0.3333
0.3109, 0.3333
0.3109, 0.3333
0.3109, 0.3333
0.3109, 0.3333
0.3109, 0.3333
0.3109, 0.3333
0.3109, 0.3333
0.3109, 0.3333
0.3109, 0.3333
0.3109, 0.3333
0.3109, 0.3333
0.3109, 0.3333
0.3109, 0.3333
0.3109, 0.3333
0.3109, 0.3333
0.3109, 0.3333
0.3109, 0.3333
0.3109, 0.3333
0.3109, 0.3333
0.3109, 0.3333
0.3109, 0.3333
0.3109, 0.3333
0.3109, 0.3333
0.3109, 0.3333
0.3109, 0.3333
0.3109, 0.3333
0.3109, 0.3333
0.3109, 0.3333
0.3109, 0.3333
0.3109, 0.3333
0.3109, 0.3333
0.3109, 0.3333
0.3109, 0.3333
0.3109, 0.3333
0.3109, 0.3333
0.3109, 0.3333
0.3109, 0.3333
0.3109, 0.3333
0.3109, 0.3333
0.3109, 0.3333
0.3109, 0.3333
0.3109, 0.3333
0.3109, 0.3359
0.3109, 0.3359
0.3109, 0.3359
0.3109, 0.3359
0.3109, 0.3359
0.3109, 0.3359
0.3109, 0.3359
0.3109, 0.3359
0.3109, 0.3359
0.3109, 0.3359
0.3109, 0.3359
0.3109, 0.3359
0.3109, 0.3359
0.3151, 0.3359
0.3151, 0.3359
0.3151, 0.3359
0.3151, 0.3359
0.3193, 0.3359
0.3193, 0.3359
0.3193, 0.3359
0.3193, 0.3359
0.3193, 0.3359
0.3193, 0.3359
0.3193, 0.3359
0.3193, 0.3359
0.3193, 0.3359
0.3193, 0.3359
0.3193, 0.3359
0.3193, 0.3359
0.3193, 0.3359
0.3235, 0.3359
0.3235, 0.3359
0.3235, 0.3359
0.3235, 0.3359
0.3235, 0.3359
0.3235, 0.3359
0.3235, 0.3359
0.3235, 0.3359
0.3235, 0.3359
0.3277, 0.3359
0.3277, 0.3359
0.3277, 0.3359
0.3277, 0.3359
0.3277, 0.3359
0.3277, 0.3359
0.3277, 0.3359
0.3277, 0.3359
0.3277, 0.3359
0.3277, 0.3359
0.3277, 0.3359
0.3277, 0.3359
0.3277, 0.3359
0.3319, 0.3359
0.3319, 0.3359
0.3319, 0.3359
0.3319, 0.3359
0.3319, 0.3385
0.3319, 0.3385
0.3319, 0.3385
0.3319, 0.3385
0.3319, 0.3385
0.3319, 0.3385
0.3319, 0.3385
0.3319, 0.3385
0.3319, 0.3385
0.3361, 0.3385
0.3361, 0.3385
0.3361, 0.3385
0.3361, 0.3385
0.3403, 0.3385
0.3403, 0.3385
0.3403, 0.3385
0.3403, 0.3385
0.3403, 0.3385
0.3403, 0.3385
0.3403, 0.3385
0.3403, 0.3385
0.3403, 0.3385
0.3403, 0.3385
0.3403, 0.3385
0.3445, 0.3385
0.3445, 0.3385
0.3445, 0.3385
0.3445, 0.3385
0.3445, 0.3385
0.3445, 0.3385
0.3445, 0.3385
0.3445, 0.3385
0.3445, 0.3385
0.3487, 0.3385
0.3487, 0.3385
0.3487, 0.3385
0.3487, 0.3385
0.3487, 0.3385
0.3487, 0.3385
0.3487, 0.3385
0.3487, 0.3385
0.3487, 0.3385
0.3487, 0.3385
0.3487, 0.3385
0.3487, 0.3385
0.3529, 0.3385
0.3529, 0.3385
0.3529, 0.3385
0.3529, 0.3385
0.3529, 0.3385
0.3529, 0.3385
0.3529, 0.3385
0.3529, 0.3385
0.3529, 0.3385
0.3529, 0.3385
0.3529, 0.3385
0.3529, 0.3385
0.3571, 0.3385
0.3571, 0.3385
0.3571, 0.3385
0.3613, 0.3385
0.3613, 0.3385
0.3613, 0.3385
0.3613, 0.3385
0.3613, 0.3410
0.3613, 0.3410
0.3613, 0.3410
0.3613, 0.3410
0.3655, 0.3410
0.3655, 0.3410
0.3655, 0.3410
0.3655, 0.3410
0.3655, 0.3410
0.3697, 0.3410
0.3697, 0.3410
0.3697, 0.3410
0.3697, 0.3410
0.3697, 0.3410
0.3697, 0.3410
0.3697, 0.3410
0.3697, 0.3410
0.3739, 0.3410
0.3739, 0.3410
0.3739, 0.3410
0.3739, 0.3410
0.3739, 0.3410
0.3739, 0.3410
0.3739, 0.3410
0.3739, 0.3410
0.3739, 0.3410
0.3739, 0.3410
0.3739, 0.3410
0.3739, 0.3410
0.3739, 0.3410
0.3782, 0.3410
0.3782, 0.3410
0.3782, 0.3410
0.3782, 0.3410
0.3782, 0.3410
0.3782, 0.3410
0.3782, 0.3410
0.3782, 0.3410
0.3782, 0.3410
0.3782, 0.3410
0.3782, 0.3410
0.3782, 0.3410
0.3782, 0.3410
0.3824, 0.3410
0.3824, 0.3410
0.3824, 0.3410
0.3824, 0.3410
0.3824, 0.3410
0.3824, 0.3410
0.3824, 0.3410
0.3824, 0.3410
0.3824, 0.3410
0.3824, 0.3410
0.3824, 0.3410
0.3824, 0.3410
0.3824, 0.3410
0.3824, 0.3410
0.3824, 0.3410
0.3824, 0.3410
0.3824, 0.3410
0.3866, 0.3410
0.3866, 0.3410
0.3866, 0.3410
0.3866, 0.3410
0.3908, 0.3436
0.3908, 0.3436
0.3908, 0.3436
0.3908, 0.3436
0.3950, 0.3436
0.3950, 0.3436
0.3950, 0.3436
0.3950, 0.3436
0.3950, 0.3436
0.3950, 0.3436
0.3950, 0.3436
0.3950, 0.3436
0.3950, 0.3436
0.3950, 0.3436
0.3950, 0.3436
0.3992, 0.3462
0.3992, 0.3462
0.3992, 0.3462
0.3992, 0.3462
0.3992, 0.3462
0.3992, 0.3462
0.3992, 0.3462
0.3992, 0.3462
0.3992, 0.3462
0.3992, 0.3462
0.3992, 0.3462
0.3992, 0.3462
0.3992, 0.3462
0.4034, 0.3462
0.4034, 0.3462
0.4034, 0.3462
0.4034, 0.3462
0.4034, 0.3462
0.4034, 0.3462
0.4034, 0.3462
0.4034, 0.3462
0.4034, 0.3462
0.4034, 0.3462
0.4034, 0.3462
0.4034, 0.3462
0.4034, 0.3462
0.4034, 0.3462
0.4034, 0.3462
0.4034, 0.3462
0.4034, 0.3462
0.4076, 0.3462
0.4076, 0.3462
0.4076, 0.3462
0.4076, 0.3462
0.4118, 0.3462
0.4118, 0.3462
0.4118, 0.3462
0.4118, 0.3462
0.4160, 0.3487
0.4160, 0.3487
0.4160, 0.3487
0.4160, 0.3487
0.4160, 0.3487
0.4160, 0.3487
0.4160, 0.3487
0.4160, 0.3487
0.4160, 0.3487
0.4160, 0.3487
0.4160, 0.3487
0.4160, 0.3487
0.4160, 0.3487
0.4202, 0.3487
0.4202, 0.3487
0.4202, 0.3487
0.4244, 0.3487
0.4244, 0.3487
0.4244, 0.3487
0.4244, 0.3487
0.4244, 0.3487
0.4244, 0.3487
0.4244, 0.3487
0.4244, 0.3487
0.4244, 0.3487
0.4244, 0.3487
0.4244, 0.3487
0.4244, 0.3487
0.4244, 0.3487
0.4286, 0.3487
0.4286, 0.3487
0.4286, 0.3487
0.4286, 0.3487
0.4286, 0.3487
0.4286, 0.3487
0.4286, 0.3487
0.4286, 0.3487
0.4328, 0.3487
0.4328, 0.3487
0.4328, 0.3487
0.4328, 0.3487
0.4328, 0.3487
0.4328, 0.3487
0.4328, 0.3487
0.4328, 0.3487
0.4370, 0.3487
0.4370, 0.3487
0.4370, 0.3487
0.4370, 0.3487
0.4370, 0.3487
0.4370, 0.3487
0.4370, 0.3487
0.4370, 0.3487
0.4370, 0.3487
0.4370, 0.3487
0.4370, 0.3487
0.4370, 0.3487
0.4412, 0.3487
0.4412, 0.3487
0.4412, 0.3487
0.4412, 0.3487
0.4412, 0.3487
0.4412, 0.3487
0.4412, 0.3487
0.4412, 0.3487
0.4454, 0.3487
0.4454, 0.3487
0.4454, 0.3487
0.4454, 0.3487
0.4454, 0.3487
0.4454, 0.3487
0.4454, 0.3487
0.4454, 0.3487
0.4454, 0.3487
0.4454, 0.3487
0.4454, 0.3487
0.4454, 0.3487
0.4496, 0.3487
0.4496, 0.3487
0.4496, 0.3487
0.4496, 0.3487
0.4496, 0.3487
0.4496, 0.3487
0.4496, 0.3487
0.4496, 0.3487
0.4538, 0.3487
0.4538, 0.3487
0.4538, 0.3487
0.4538, 0.3487
0.4538, 0.3487
0.4538, 0.3487
0.4538, 0.3487
0.4538, 0.3487
0.4538, 0.3487
0.4538, 0.3487
0.4538, 0.3487
0.4538, 0.3487
0.4538, 0.3487
0.4538, 0.3487
0.4538, 0.3487
0.4538, 0.3487
0.4538, 0.3487
0.4538, 0.3487
0.4538, 0.3487
0.4538, 0.3487
0.4580, 0.3487
0.4580, 0.3487
0.4580, 0.3487
0.4580, 0.3487
0.4580, 0.3487
0.4580, 0.3487
0.4580, 0.3487
0.4580, 0.3487
0.4580, 0.3487
0.4622, 0.3487
0.4622, 0.3487
0.4622, 0.3487
0.4664, 0.3487
0.4664, 0.3487
0.4664, 0.3487
0.4664, 0.3487
0.4664, 0.3487
0.4664, 0.3487
0.4664, 0.3487
0.4664, 0.3487
0.4706, 0.3487
0.4706, 0.3487
0.4706, 0.3487
0.4706, 0.3487
0.4748, 0.3487
0.4748, 0.3487
0.4748, 0.3487
0.4748, 0.3487
0.4748, 0.3487
0.4748, 0.3487
0.4748, 0.3487
0.4748, 0.3487
0.4748, 0.3487
0.4748, 0.3487
0.4748, 0.3487
0.4748, 0.3487
0.4790, 0.3487
0.4790, 0.3487
0.4790, 0.3487
0.4790, 0.3487
0.4832, 0.3487
0.4832, 0.3487
0.4832, 0.3487
0.4832, 0.3487
0.4832, 0.3487
0.4832, 0.3487
0.4832, 0.3487
0.4832, 0.3487
0.4874, 0.3487
0.4874, 0.3487
0.4874, 0.3487
0.4874, 0.3487
0.4874, 0.3487
0.4874, 0.3487
0.4874, 0.3487
0.4874, 0.3487
0.4874, 0.3487
0.4874, 0.3487
0.4874, 0.3487
0.4874, 0.3487
0.4916, 0.3487
0.4916, 0.3487
0.4916, 0.3487
0.4916, 0.3487
0.4916, 0.3487
0.4916, 0.3487
0.4916, 0.3487
0.4958, 0.3487
0.4958, 0.3487
0.4958, 0.3487
0.4958, 0.3487
0.4958, 0.3487
0.4958, 0.3487
0.4958, 0.3487
0.4958, 0.3487
0.4958, 0.3487
0.4958, 0.3487
0.4958, 0.3487
0.4958, 0.3487
0.5000, 0.3487
0.5000, 0.3487
0.5000, 0.3487
0.5000, 0.3487
0.5042, 0.3487
0.5042, 0.3487
0.5042, 0.3487
0.5042, 0.3487
0.5042, 0.3487
0.5042, 0.3487
0.5042, 0.3487
0.5042, 0.3487
0.5084, 0.3487
0.5084, 0.3487
0.5084, 0.3487
0.5084, 0.3487
0.5084, 0.3487
0.5084, 0.3487
0.5084, 0.3487
0.5084, 0.3487
0.5126, 0.3487
0.5126, 0.3487
0.5126, 0.3487
0.5168, 0.3487
0.5168, 0.3487
0.5168, 0.3487
0.5168, 0.3487
0.5168, 0.3487
0.5168, 0.3487
0.5168, 0.3487
0.5168, 0.3487
0.5210, 0.3487
0.5210, 0.3487
0.5210, 0.3487
0.5210, 0.3487
0.5252, 0.3487
0.5252, 0.3487
0.5252, 0.3487
0.5252, 0.3487
0.5252, 0.3487
0.5252, 0.3487
0.5252, 0.3487
0.5294, 0.3487
0.5294, 0.3487
0.5294, 0.3487
0.5294, 0.3487
0.5294, 0.3487
0.5294, 0.3487
0.5294, 0.3487
0.5294, 0.3487
0.5294, 0.3487
0.5294, 0.3487
0.5294, 0.3487
0.5294, 0.3487
0.5294, 0.3487
0.5294, 0.3487
0.5336, 0.3487
0.5336, 0.3487
0.5336, 0.3487
0.5336, 0.3487
0.5336, 0.3487
0.5336, 0.3487
0.5336, 0.3487
0.5336, 0.3487
0.5378, 0.3487
0.5378, 0.3487
0.5378, 0.3487
0.5378, 0.3487
0.5378, 0.3487
0.5378, 0.3487
0.5378, 0.3487
0.5378, 0.3487
0.5420, 0.3487
0.5420, 0.3487
0.5420, 0.3487
0.5462, 0.3462
0.5462, 0.3462
0.5462, 0.3462
0.5462, 0.3462
0.5462, 0.3462
0.5462, 0.3462
0.5462, 0.3462
0.5462, 0.3462
0.5504, 0.3462
0.5504, 0.3462
0.5504, 0.3462
0.5504, 0.3462
0.5504, 0.3462
0.5504, 0.3462
0.5504, 0.3462
0.5546, 0.3436
0.5546, 0.3436
0.5546, 0.3436
0.5546, 0.3436
0.5546, 0.3436
0.5546, 0.3436
0.5546, 0.3436
0.5546, 0.3436
0.5588, 0.3436
0.5588, 0.3436
0.5588, 0.3436
0.5588, 0.3436
0.5588, 0.3436
0.5588, 0.3436
0.5588, 0.3436
0.5588, 0.3436
0.5588, 0.3436
0.5588, 0.3436
0.5588, 0.3436
0.5588, 0.3436
0.5588, 0.3436
0.5588, 0.3436
0.5588, 0.3436
0.5630, 0.3436
0.5630, 0.3436
0.5630, 0.3436
0.5630, 0.3436
0.5630, 0.3436
0.5630, 0.3436
0.5630, 0.3436
0.5630, 0.3436
0.5630, 0.3436
0.5630, 0.3436
0.5630, 0.3436
0.5630, 0.3436
0.5672, 0.3436
0.5672, 0.3436
0.5672, 0.3436
0.5672, 0.3410
0.5672, 0.3410
0.5672, 0.3410
0.5672, 0.3410
0.5714, 0.3410
0.5714, 0.3410
0.5714, 0.3410
0.5714, 0.3410
0.5714, 0.3410
0.5714, 0.3410
0.5756, 0.3385
0.5756, 0.3385
0.5756, 0.3385
0.5756, 0.3385
0.5756, 0.3385
0.5756, 0.3385
0.5756, 0.3385
0.5798, 0.3385
0.5798, 0.3385
0.5798, 0.3385
0.5798, 0.3385
0.5798, 0.3385
0.5798, 0.3385
0.5798, 0.3385
0.5798, 0.3385
0.5798, 0.3385
0.5798, 0.3385
0.5798, 0.3385
0.5798, 0.3385
0.5798, 0.3359
0.5798, 0.3359
0.5798, 0.3359
0.5798, 0.3359
0.5798, 0.3359
0.5798, 0.3359
0.5798, 0.3359
0.5798, 0.3359
0.5798, 0.3359
0.5798, 0.3359
0.5798, 0.3359
0.5798, 0.3359
0.5798, 0.3359
0.5798, 0.3359
0.5798, 0.3359
0.5840, 0.3359
0.5840, 0.3359
0.5840, 0.3359
0.5840, 0.3359
0.5840, 0.3359
0.5840, 0.3359
0.5840, 0.3359
0.5882, 0.3333
0.5882, 0.3333
0.5882, 0.3333
0.5882, 0.3333
0.5882, 0.3333
0.5882, 0.3333
0.5882, 0.3333
0.5882, 0.3308
0.5882, 0.3308
0.5882, 0.3308
0.5882, 0.3308
0.5882, 0.3308
0.5882, 0.3308
0.5882, 0.3308
0.5882, 0.3308
0.5882, 0.3308
0.5882, 0.3308
0.5882, 0.3308
0.5882, 0.3308
0.5882, 0.3308
0.5882, 0.3308
0.5882, 0.3308
0.5924, 0.3282
0.5924, 0.3282
0.5924, 0.3282
0.5924, 0.3282
0.5924, 0.3282
0.5924, 0.3282
0.5924, 0.3282
0.5924, 0.3282
0.5924, 0.3282
0.5924, 0.3282
0.5924, 0.3282
0.5966, 0.3256
0.5966, 0.3256
0.5966, 0.3256
0.5966, 0.3256
0.5966, 0.3256
0.5966, 0.3256
0.5966, 0.3256
0.5966, 0.3256
0.5966, 0.3256
0.5966, 0.3256
0.5966, 0.3256
0.6008, 0.3256
0.6008, 0.3256
0.6008, 0.3256
0.6008, 0.3256
0.6008, 0.3256
0.6008, 0.3256
0.6008, 0.3256
0.6008, 0.3231
0.6008, 0.3231
0.6008, 0.3231
0.6008, 0.3231
0.6008, 0.3231
0.6008, 0.3231
0.6008, 0.3231
0.6008, 0.3231
0.6008, 0.3205
0.6008, 0.3205
0.6008, 0.3205
0.6008, 0.3205
0.6008, 0.3205
0.6008, 0.3205
0.6008, 0.3205
0.6008, 0.3205
0.6008, 0.3205
0.6008, 0.3205
0.6008, 0.3205
0.6008, 0.3179
0.6008, 0.3179
0.6008, 0.3179
0.6008, 0.3179
0.6008, 0.3179
0.6008, 0.3179
0.6008, 0.3179
0.6008, 0.3179
0.6050, 0.3179
0.6050, 0.3179
0.6050, 0.3179
0.6050, 0.3179
0.6050, 0.3179
0.6050, 0.3179
0.6050, 0.3179
0.6050, 0.3179
0.6050, 0.3179
0.6050, 0.3179
0.6050, 0.3179
0.6050, 0.3179
0.6050, 0.3179
0.6050, 0.3179
0.6050, 0.3179
0.6050, 0.3179
0.6050, 0.3179
0.6050, 0.3179
0.6050, 0.3179
0.6050, 0.3154
0.6050, 0.3154
0.6050, 0.3154
0.6050, 0.3154
0.6050, 0.3154
0.6050, 0.3154
0.6050, 0.3154
0.6050, 0.3128
0.6050, 0.3128
0.6050, 0.3128
0.6050, 0.3128
0.6050, 0.3128
0.6050, 0.3128
0.6050, 0.3128
0.6050, 0.3128
0.6050, 0.3128
0.6050, 0.3128
0.6050, 0.3128
0.6050, 0.3128
0.6050, 0.3103
0.6050, 0.3103
0.6050, 0.3103
0.6050, 0.3077
0.6050, 0.3077
0.6050, 0.3077
0.6050, 0.3077
0.6050, 0.3051
0.6050, 0.3051
0.6050, 0.3051
0.6050, 0.3051
0.6050, 0.3051
0.6050, 0.3051
0.6092, 0.3026
0.6092, 0.3026
0.6092, 0.3026
0.6092, 0.3026
0.6092, 0.3000
0.6092, 0.3000
0.6092, 0.3000
0.6092, 0.3000
0.6092, 0.3000
0.6092, 0.3000
0.6092, 0.3000
0.6092, 0.3000
0.6092, 0.3000
0.6092, 0.3000
0.6092, 0.3000
0.6092, 0.3000
0.6092, 0.3000
0.6092, 0.3000
0.6092, 0.3000
0.6092, 0.3000
0.6092, 0.3000
0.6092, 0.3000
0.6092, 0.2974
0.6092, 0.2974
0.6092, 0.2974
0.6092, 0.2974
0.6092, 0.2974
0.6092, 0.2974
0.6092, 0.2974
0.6092, 0.2949
0.6092, 0.2949
0.6092, 0.2949
0.6092, 0.2949
0.6092, 0.2949
0.6092, 0.2949
0.6092, 0.2923
0.6092, 0.2923
0.6092, 0.2923
0.6092, 0.2923
0.6092, 0.2923
0.6092, 0.2923
0.6092, 0.2923
0.6092, 0.2897
0.6092, 0.2897
0.6092, 0.2897
0.6092, 0.2897
0.6092, 0.2897
0.6092, 0.2897
0.6092, 0.2897
0.6092, 0.2872
0.6092, 0.2872
0.6092, 0.2872
0.6092, 0.2872
0.6092, 0.2872
0.6092, 0.2872
0.6092, 0.2872
0.6092, 0.2872
0.6092, 0.2872
0.6092, 0.2872
0.6092, 0.2872
0.6092, 0.2872
0.6092, 0.2872
0.6092, 0.2872
0.6092, 0.2872
0.6092, 0.2872
0.6092, 0.2872
0.6092, 0.2872
0.6092, 0.2872
0.6092, 0.2872
0.6092, 0.2872
0.6092, 0.2872
0.6092, 0.2872
0.6092, 0.2846
0.6092, 0.2846
0.6092, 0.2846
0.6092, 0.2846
0.6092, 0.2846
0.6092, 0.2846
0.6092, 0.2846
0.6092, 0.2846
0.6092, 0.2846
0.6092, 0.2846
0.6092, 0.2846
0.6092, 0.2846
0.6092, 0.2846
0.6092, 0.2846
0.6092, 0.2846
0.6092, 0.2846
0.6092, 0.2846
0.6092, 0.2846
0.6092, 0.2821
0.6092, 0.2821
0.6092, 0.2821
0.6092, 0.2821
0.6092, 0.2821
0.6092, 0.2821
0.6092, 0.2821
0.6092, 0.2821
0.6092, 0.2821
0.6092, 0.2821
0.6092, 0.2821
0.6092, 0.2795
0.6092, 0.2795
0.6092, 0.2795
0.6092, 0.2795
0.6092, 0.2795
0.6092, 0.2795
0.6092, 0.2795
0.6092, 0.2795
0.6092, 0.2795
0.6092, 0.2795
0.6092, 0.2795
0.6092, 0.2795
0.6092, 0.2795
0.6092, 0.2795
0.6092, 0.2795
0.6092, 0.2795
0.6092, 0.2795
0.6092, 0.2795
0.6092, 0.2795
0.6092, 0.2795
0.6092, 0.2795
0.6092, 0.2795
0.6092, 0.2795
0.6092, 0.2795
0.6092, 0.2795
0.6092, 0.2795
0.6092, 0.2769
0.6092, 0.2769
0.6092, 0.2769
0.6092, 0.2769
0.6092, 0.2769
0.6092, 0.2769
0.6092, 0.2769
0.6092, 0.2769
0.6092, 0.2769
0.6092, 0.2769
0.6092, 0.2744
0.6092, 0.2744
0.6092, 0.2744
0.6092, 0.2744
0.6050, 0.2744
0.6050, 0.2744
0.6050, 0.2744
0.6050, 0.2744
0.6050, 0.2744
0.6050, 0.2744
0.6050, 0.2744
0.6050, 0.2744
0.6050, 0.2744
0.6050, 0.2744
0.6050, 0.2744
0.6050, 0.2744
0.6050, 0.2744
0.6050, 0.2744
0.6050, 0.2718
0.6050, 0.2718
0.6050, 0.2718
0.6050, 0.2718
0.6050, 0.2718
0.6050, 0.2718
0.6050, 0.2718
0.6050, 0.2718
0.6050, 0.2692
0.6050, 0.2692
0.6050, 0.2692
0.6050, 0.2692
0.6050, 0.2692
0.6050, 0.2692
0.6050, 0.2692
0.6050, 0.2692
0.6050, 0.2692
0.6050, 0.2692
0.6050, 0.2692
0.6050, 0.2692
0.6050, 0.2692
0.6050, 0.2692
0.6050, 0.2692
0.6050, 0.2692
0.6050, 0.2692
0.6008, 0.2667
0.6008, 0.2667
0.6008, 0.2667
0.6008, 0.2667
0.6008, 0.2667
0.6008, 0.2667
0.6008, 0.2667
0.6008, 0.2641
0.6008, 0.2641
0.6008, 0.2641
0.6008, 0.2641
0.6008, 0.2641
0.6008, 0.2641
0.6008, 0.2641
0.6008, 0.2615
0.6008, 0.2615
0.6008, 0.2615
0.6008, 0.2615
0.6008, 0.2615
0.6008, 0.2615
0.6008, 0.2615
0.6008, 0.2615
0.6008, 0.2615
0.6008, 0.2615
0.6008, 0.2615
0.6008, 0.2615
0.6008, 0.2615
0.6008, 0.2615
0.6008, 0.2590
0.6008, 0.2590
0.6008, 0.2590
0.6008, 0.2590
0.6008, 0.2590
0.6008, 0.2590
0.6008, 0.2590
0.6008, 0.2590
0.6008, 0.2590
0.6008, 0.2590
0.6008, 0.2564
0.6008, 0.2564
0.6008, 0.2564
0.6008, 0.2564
0.6008, 0.2564
0.6008, 0.2564
0.6008, 0.2564
0.6008, 0.2564
0.6008, 0.2564
0.6008, 0.2564
0.6008, 0.2564
0.6008, 0.2564
0.6008, 0.2564
0.6008, 0.2564
0.6008, 0.2564
0.6008, 0.2564
0.6008, 0.2564
0.6008, 0.2564
0.5966, 0.2564
0.5966, 0.2564
0.5966, 0.2564
0.5966, 0.2564
0.5966, 0.2538
0.5966, 0.2538
0.5966, 0.2538
0.5966, 0.2538
0.5966, 0.2538
0.5966, 0.2538
0.5966, 0.2513
0.5966, 0.2513
0.5966, 0.2513
0.5966, 0.2513
0.5966, 0.2487
0.5966, 0.2487
0.5966, 0.2487
0.5966, 0.2487
0.5966, 0.2487
0.5966, 0.2487
0.5966, 0.2487
0.5966, 0.2487
0.5966, 0.2487
0.5966, 0.2487
0.5966, 0.2487
0.5966, 0.2487
0.5966, 0.2487
0.5966, 0.2487
0.5966, 0.2487
0.5966, 0.2487
0.5966, 0.2487
0.5966, 0.2462
0.5966, 0.2462
0.5966, 0.2462
0.5966, 0.2462
0.5966, 0.2462
0.5966, 0.2462
0.5966, 0.2462
0.5966, 0.2462
0.5966, 0.2462
0.5966, 0.2462
0.5966, 0.2462
0.5966, 0.2436
0.5966, 0.2436
0.5966, 0.2436
0.5966, 0.2436
0.5966, 0.2436
0.5966, 0.2436
0.5966, 0.2436
0.5966, 0.2436
0.5966, 0.2436
0.5966, 0.2436
0.5924, 0.2436
0.5924, 0.2436
0.5924, 0.2436
0.5924, 0.2436
0.5924, 0.2436
0.5924, 0.2436
0.5924, 0.2436
0.5924, 0.2436
0.5924, 0.2436
0.5924, 0.2436
0.5924, 0.2436
0.5924, 0.2410
0.5924, 0.2410
0.5924, 0.2410
0.5924, 0.2410
0.5924, 0.2410
0.5924, 0.2410
0.5924, 0.2410
0.5924, 0.2410
0.5924, 0.2410
0.5924, 0.2385
0.5924, 0.2385
0.5924, 0.2385
0.5924, 0.2385
0.5924, 0.2385
0.5924, 0.2385
0.5924, 0.2385
0.5924, 0.2359
0.5924, 0.2359
0.5924, 0.2359
0.5924, 0.2359
0.5924, 0.2359
0.5924, 0.2359
0.5924, 0.2359
0.5924, 0.2359
0.5924, 0.2359
0.5924, 0.2359
0.5882, 0.2359
0.5882, 0.2359
0.5882, 0.2359
0.5882, 0.2359
0.5882, 0.2359
0.5882, 0.2359
0.5882, 0.2359
0.5882, 0.2359
0.5882, 0.2359
0.5882, 0.2359
0.5882, 0.2359
0.5882, 0.2359
0.5882, 0.2359
0.5882, 0.2359
0.5882, 0.2359
0.5882, 0.2359
0.5882, 0.2359
0.5882, 0.2333
0.5882, 0.2333
0.5882, 0.2333
0.5882, 0.2333
0.5840, 0.2333
0.5840, 0.2333
0.5840, 0.2333
0.5840, 0.2333
0.5840, 0.2333
0.5840, 0.2333
0.5840, 0.2333
0.5840, 0.2308
0.5840, 0.2308
0.5840, 0.2308
0.5840, 0.2308
0.5840, 0.2308
0.5840, 0.2308
0.5840, 0.2308
0.5840, 0.2308
0.5840, 0.2308
0.5840, 0.2308
0.5840, 0.2308
0.5840, 0.2308
0.5840, 0.2308
0.5840, 0.2308
0.5840, 0.2308
0.5840, 0.2308
0.5840, 0.2308
0.5840, 0.2308
0.5840, 0.2308
0.5840, 0.2308
0.5798, 0.2308
0.5798, 0.2308
0.5798, 0.2308
0.5798, 0.2282
0.5798, 0.2282
0.5798, 0.2282
0.5798, 0.2282
0.5798, 0.2282
0.5798, 0.2282
0.5798, 0.2282
0.5756, 0.2256
0.5756, 0.2256
0.5756, 0.2256
0.5756, 0.2256
0.5756, 0.2256
0.5756, 0.2256
0.5756, 0.2256
0.5756, 0.2256
0.5756, 0.2256
0.5756, 0.2231
0.5756, 0.2231
0.5756, 0.2231
0.5756, 0.2231
0.5756, 0.2231
0.5756, 0.2231
0.5756, 0.2231
0.5714, 0.2231
0.5714, 0.2231
0.5714, 0.2231
0.5714, 0.2231
0.5714, 0.2231
0.5714, 0.2231
0.5714, 0.2231
0.5714, 0.2231
0.5714, 0.2231
0.5714, 0.2231
0.5714, 0.2231
0.5714, 0.2231
0.5714, 0.2231
0.5714, 0.2231
0.5714, 0.2231
0.5714, 0.2231
0.5714, 0.2231
0.5672, 0.2205
0.5672, 0.2205
0.5672, 0.2205
0.5672, 0.2205
0.5672, 0.2205
0.5672, 0.2205
0.5672, 0.2205
0.5672, 0.2205
0.5672, 0.2205
0.5672, 0.2205
0.5672, 0.2205
0.5672, 0.2205
0.5672, 0.2205
0.5630, 0.2179
0.5630, 0.2179
0.5630, 0.2179
0.5630, 0.2179
0.5630, 0.2179
0.5630, 0.2179
0.5630, 0.2179
0.5630, 0.2179
0.5630, 0.2179
0.5630, 0.2179
0.5630, 0.2179
0.5630, 0.2179
0.5630, 0.2179
0.5630, 0.2179
0.5630, 0.2179
0.5630, 0.2179
0.5630, 0.2179
0.5630, 0.2179
0.5630, 0.2179
0.5630, 0.2179
0.5630, 0.2179
0.5630, 0.2179
0.5630, 0.2179
0.5630, 0.2179
0.5588, 0.2154
0.5588, 0.2154
0.5588, 0.2154
0.5588, 0.2154
0.5588, 0.2154
0.5588, 0.2154
0.5588, 0.2154
0.5588, 0.2154
0.5588, 0.2154
0.5588, 0.2154
0.5546, 0.2128
0.5546, 0.2128
0.5546, 0.2128
0.5546, 0.2128
0.5546, 0.2128
0.5546, 0.2128
0.5546, 0.2128
0.5546, 0.2128
0.5546, 0.2128
0.5546, 0.2128
0.5546, 0.2128
0.5546, 0.2128
0.5546, 0.2128
0.5546, 0.2128
0.5546, 0.2128
0.5546, 0.2128
0.5546, 0.2103
0.5546, 0.2103
0.5546, 0.2103
0.5546, 0.2103
0.5504, 0.2103
0.5504, 0.2103
0.5504, 0.2103
0.5504, 0.2103
0.5504, 0.2103
0.5504, 0.2103
0.5504, 0.2103
0.5504, 0.2103
0.5504, 0.2103
0.5504, 0.2103
0.5462, 0.2103
0.5462, 0.2103
0.5462, 0.2103
0.5462, 0.2103
0.5462, 0.2103
0.5462, 0.2103
0.5462, 0.2103
0.5462, 0.2103
0.5462, 0.2103
0.5462, 0.2103
0.5462, 0.2103
0.5462, 0.2103
0.5462, 0.2103
0.5420, 0.2103
0.5420, 0.2103
0.5420, 0.2103
0.5420, 0.2077
0.5420, 0.2077
0.5420, 0.2077
0.5420, 0.2077
0.5420, 0.2077
0.5420, 0.2077
0.5420, 0.2077
0.5420, 0.2077
0.5420, 0.2077
0.5420, 0.2077
0.5420, 0.2077
0.5420, 0.2077
0.5420, 0.2077
0.5420, 0.2077
0.5378, 0.2077
0.5378, 0.2077
0.5378, 0.2077
0.5378, 0.2051
0.5378, 0.2051
0.5378, 0.2051
0.5378, 0.2051
0.5378, 0.2051
0.5378, 0.2051
0.5378, 0.2051
0.5336, 0.2051
0.5336, 0.2051
0.5336, 0.2051
0.5336, 0.2051
0.5336, 0.2051
0.5336, 0.2051
0.5336, 0.2051
0.5336, 0.2051
0.5336, 0.2051
0.5336, 0.2051
0.5336, 0.2051
0.5336, 0.2051
0.5336, 0.2051
0.5336, 0.2051
0.5336, 0.2051
0.5336, 0.2051
0.5336, 0.2051
0.5336, 0.2051
0.5336, 0.2051
0.5336, 0.2051
0.5294, 0.2026
0.5294, 0.2026
0.5294, 0.2026
0.5294, 0.2026
0.5294, 0.2026
0.5294, 0.2026
0.5252, 0.2026
0.5252, 0.2026
0.5252, 0.2026
0.5252, 0.2026
0.5252, 0.2026
0.5252, 0.2026
0.5252, 0.2026
0.5252, 0.2000
0.5252, 0.2000
0.5252, 0.2000
0.5210, 0.2000
0.5210, 0.2000
0.5210, 0.2000
0.5210, 0.2000
0.5210, 0.2000
0.5210, 0.2000
0.5210, 0.2000
0.5210, 0.2000
0.5210, 0.2000
0.5210, 0.2000
0.5210, 0.2000
0.5210, 0.2000
0.5210, 0.2000
0.5210, 0.1974
0.5210, 0.1974
0.5210, 0.1974
0.5210, 0.1974
0.5210, 0.1974
0.5210, 0.1974
0.5210, 0.1974
0.5168, 0.1974
0.5168, 0.1974
0.5168, 0.1974
0.5168, 0.1974
0.5168, 0.1974
0.5168, 0.1974
0.5168, 0.1974
0.5168, 0.1974
0.5168, 0.1974
0.5126, 0.1974
0.5126, 0.1974
0.5126, 0.1974
0.5126, 0.1974
0.5126, 0.1974
0.5126, 0.1974
0.5126, 0.1974
0.5126, 0.1974
0.5126, 0.1974
0.5126, 0.1974
0.5126, 0.1949
0.5126, 0.1949
0.5126, 0.1949
0.5126, 0.1949
0.5126, 0.1949
0.5126, 0.1949
0.5126, 0.1949
0.5084, 0.1949
0.5084, 0.1949
0.5084, 0.1949
0.5084, 0.1949
0.5084, 0.1949
0.5084, 0.1949
0.5084, 0.1949
0.5084, 0.1949
0.5084, 0.1949
0.5084, 0.1949
0.5042, 0.1949
0.5042, 0.1949
0.5042, 0.1949
0.5042, 0.1923
0.5042, 0.1923
0.5042, 0.1923
0.5042, 0.1923
0.5042, 0.1923
0.5042, 0.1923
0.5000, 0.1923
0.5000, 0.1923
0.5000, 0.1923
0.5000, 0.1923
0.5000, 0.1923
0.5000, 0.1923
0.5000, 0.1923
0.5000, 0.1923
0.5000, 0.1923
0.5000, 0.1923
0.5000, 0.1923
0.5000, 0.1923
0.5000, 0.1923
0.5000, 0.1923
0.5000, 0.1923
0.5000, 0.1923
0.4958, 0.1923
0.4958, 0.1923
0.4958, 0.1923
0.4958, 0.1923
0.4958, 0.1923
0.4958, 0.1923
0.4958, 0.1923
0.4958, 0.1923
0.4958, 0.1923
0.4958, 0.1923
0.4916, 0.1923
0.4916, 0.1923
0.4916, 0.1923
0.4916, 0.1923
0.4916, 0.1923
0.4916, 0.1923
0.4916, 0.1923
0.4916, 0.1923
0.4916, 0.1923
0.4916, 0.1923
0.4916, 0.1897
0.4916, 0.1897
0.4916, 0.1897
0.4916, 0.1897
0.4916, 0.1897
0.4916, 0.1897
0.4874, 0.1897
0.4874, 0.1897
0.4874, 0.1897
0.4874, 0.1897
0.4874, 0.1897
0.4832, 0.1897
0.4832, 0.1897
0.4832, 0.1897
0.4790, 0.1897
0.4790, 0.1897
0.4790, 0.1897
0.4790, 0.1897
0.4790, 0.1897
0.4790, 0.1897
0.4790, 0.1897
0.4790, 0.1872
0.4790, 0.1872
0.4790, 0.1872
0.4748, 0.1872
0.4748, 0.1872
0.4748, 0.1872
0.4748, 0.1872
0.4748, 0.1872
0.4748, 0.1872
0.4706, 0.1872
0.4706, 0.1872
0.4706, 0.1872
0.4706, 0.1872
0.4706, 0.1872
0.4706, 0.1872
0.4706, 0.1872
0.4706, 0.1872
0.4706, 0.1872
0.4706, 0.1872
0.4706, 0.1872
0.4706, 0.1872
0.4706, 0.1872
0.4706, 0.1872
0.4664, 0.1872
0.4664, 0.1872
0.4664, 0.1872
0.4664, 0.1872
0.4664, 0.1872
0.4664, 0.1872
0.4664, 0.1872
0.4664, 0.1872
0.4664, 0.1872
0.4664, 0.1872
0.4664, 0.1872
0.4622, 0.1872
0.4622, 0.1872
0.4622, 0.1872
0.4622, 0.1872
0.4622, 0.1872
0.4622, 0.1872
0.4622, 0.1872
0.4580, 0.1872
0.4580, 0.1872
0.4580, 0.1872
0.4580, 0.1872
0.4580, 0.1872
0.4580, 0.1872
0.4580, 0.1872
0.4580, 0.1872
0.4580, 0.1872
0.4580, 0.1872
0.4580, 0.1872
0.4580, 0.1872
0.4580, 0.1872
0.4580, 0.1872
0.4580, 0.1872
0.4580, 0.1872
0.4580, 0.1872
0.4580, 0.1872
0.4580, 0.1872
0.4538, 0.1872
0.4538, 0.1872
0.4538, 0.1872
0.4538, 0.1872
0.4538, 0.1872
0.4538, 0.1872
0.4538, 0.1872
0.4538, 0.1872
0.4538, 0.1872
0.4538, 0.1872
0.4538, 0.1872
0.4538, 0.1872
0.4496, 0.1872
0.4496, 0.1872
0.4496, 0.1872
0.4496, 0.1872
0.4496, 0.1872
0.4496, 0.1872
0.4496, 0.1872
0.4496, 0.1872
0.4496, 0.1872
0.4496, 0.1872
0.4496, 0.1872
0.4496, 0.1872
0.4496, 0.1872
0.4454, 0.1872
0.4454, 0.1872
0.4454, 0.1872
0.4454, 0.1872
0.4454, 0.1872
0.4454, 0.1872
0.4412, 0.1872
0.4412, 0.1872
0.4412, 0.1872
0.4412, 0.1872
0.4412, 0.1872
0.4412, 0.1872
0.4412, 0.1872
0.4412, 0.1872
0.4412, 0.1872
0.4412, 0.1872
0.4412, 0.1872
0.4412, 0.1872
0.4412, 0.1872
0.4370, 0.1872
0.4370, 0.1872
0.4370, 0.1872
0.4370, 0.1872
0.4370, 0.1872
0.4370, 0.1872
0.4370, 0.1872
0.4370, 0.1872
0.4370, 0.1872
0.4328, 0.1872
0.4328, 0.1872
0.4328, 0.1872
0.4328, 0.1872
0.4328, 0.1872
0.4328, 0.1872
0.4286, 0.1872
0.4286, 0.1872
0.4286, 0.1872
0.4286, 0.1872
0.4286, 0.1872
0.4286, 0.1872
0.4286, 0.1872
0.4286, 0.1872
0.4286, 0.1872
0.4286, 0.1872
0.4244, 0.1872
0.4244, 0.1872
0.4244, 0.1872
0.4244, 0.1872
0.4244, 0.1872
0.4244, 0.1872
0.4202, 0.1872
0.4202, 0.1872
0.4202, 0.1872
0.4202, 0.1872
0.4202, 0.1872
0.4202, 0.1872
0.4202, 0.1872
0.4202, 0.1872
0.4202, 0.1872
0.4160, 0.1872
0.4160, 0.1872
0.4160, 0.1872
0.4160, 0.1872
0.4160, 0.1872
0.4160, 0.1872
0.4118, 0.1872
0.4118, 0.1872
0.4118, 0.1872
0.4118, 0.1872
0.4118, 0.1872
0.4118, 0.1872
0.4118, 0.1872
0.4118, 0.1872
0.4118, 0.1872
0.4118, 0.1872
0.4076, 0.1872
0.4076, 0.1872
0.4076, 0.1872
0.4076, 0.1872
0.4076, 0.1872
0.4076, 0.1872
0.4076, 0.1872
0.4076, 0.1872
0.4076, 0.1872
0.4076, 0.1872
0.4076, 0.1872
0.4076, 0.1872
0.4076, 0.1872
0.4034, 0.1872
0.4034, 0.1872
0.4034, 0.1872
0.3992, 0.1872
0.3992, 0.1872
0.3992, 0.1872
0.3992, 0.1872
0.3992, 0.1872
0.3992, 0.1872
0.3950, 0.1872
0.3950, 0.1872
0.3950, 0.1872
0.3950, 0.1872
0.3950, 0.1872
0.3950, 0.1872
0.3950, 0.1872
0.3950, 0.1872
0.3950, 0.1872
0.3950, 0.1872
0.3950, 0.1872
0.3950, 0.1872
0.3950, 0.1872
0.3950, 0.1872
0.3950, 0.1872
0.3950, 0.1872
0.3950, 0.1872
0.3950, 0.1872
0.3950, 0.1872
0.3950, 0.1872
0.3950, 0.1872
0.3950, 0.1872
0.3950, 0.1872
0.3950, 0.1872
0.3950, 0.1872
0.3950, 0.1872
0.3950, 0.1872
0.3950, 0.1872
0.3950, 0.1872
0.3950, 0.1872
0.3950, 0.1872
0.3950, 0.1872
0.3950, 0.1872
0.3950, 0.1872
0.3950, 0.1872
0.3950, 0.1872
0.3950, 0.1872
0.3950, 0.1872
0.3950, 0.1872
0.3950, 0.1872
0.3950, 0.1872
0.3950, 0.1872
0.3950, 0.1872
0.3950, 0.1872
0.3950, 0.1872
0.3950, 0.1872
0.3950, 0.1872
0.3950, 0.1872
0.3950, 0.1872
0.3950, 0.1872
0.3950, 0.1872
0.3950, 0.1872
0.3950, 0.1872
0.3950, 0.1872
0.3950, 0.1872
0.3950, 0.1872
0.3950, 0.1872
0.3950, 0.1872
0.3950, 0.1872
0.3950, 0.1872
0.3950, 0.1872
0.3950, 0.1872
0.3950, 0.1872
0.3950, 0.1872
0.3950, 0.1872
0.3950, 0.1872
0.3950, 0.1872
0.3950, 0.1872
0.3950, 0.1872
0.3950, 0.1872
0.3950, 0.1872
0.3950, 0.1872
0.3950, 0.1872
0.3950, 0.1872
0.3950, 0.1872
0.3950, 0.1872
0.3950, 0.1872
0.3950, 0.1872
0.3950, 0.1872
0.3950, 0.1872
0.3950, 0.1872
0.3950, 0.1872
0.3950, 0.1872
0.3950, 0.1872
0.3950, 0.1872
0.3950, 0.1872
0.3950, 0.1872
0.3950, 0.1872
0.3950, 0.1872
0.3950, 0.1872
0.3950, 0.1872
0.3950, 0.1872
0.3950, 0.1872
0.3950, 0.1872
0.3950, 0.1872
0.3950, 0.1872
0.3950, 0.1872
0.3950, 0.1872
0.3950, 0.1872
0.3950, 0.1872
0.3950, 0.1872
0.3992, 0.1872
0.3992, 0.1872
0.3992, 0.1872
0.3992, 0.1872
0.3992, 0.1872
0.3992, 0.1872
0.3992, 0.1872
0.3992, 0.1872
0.3992, 0.1872
0.3992, 0.1872
0.3992, 0.1872
0.3992, 0.1872
0.3992, 0.1872
0.4034, 0.1872
0.4034, 0.1872
0.4034, 0.1872
0.4034, 0.1872
0.4034, 0.1872
0.4034, 0.1872
0.4034, 0.1872
0.4034, 0.1872
0.4034, 0.1872
0.4034, 0.1872
0.4034, 0.1872
0.4034, 0.1872
0.4034, 0.1872
0.4034, 0.1872
0.4034, 0.1872
0.4076, 0.1872
0.4076, 0.1872
0.4076, 0.1872
0.4076, 0.1872
0.4076, 0.1872
0.4076, 0.1872
0.4118, 0.1872
0.4118, 0.1872
0.4118, 0.1872
0.4160, 0.1872
0.4160, 0.1872
0.4160, 0.1872
0.4160, 0.1872
0.4160, 0.1872
0.4160, 0.1872
0.4202, 0.1872
0.4202, 0.1872
0.4202, 0.1872
0.4244, 0.1872
0.4244, 0.1872
0.4244, 0.1872
0.4244, 0.1872
0.4244, 0.1872
0.4244, 0.1872
0.4286, 0.1872
0.4286, 0.1872
0.4286, 0.1872
0.4328, 0.1872
0.4328, 0.1872
0.4370, 0.1872
0.4370, 0.1872
0.4370, 0.1872
0.4370, 0.1872
0.4370, 0.1872
0.4370, 0.1872
0.4412, 0.1872
0.4412, 0.1872
0.4412, 0.1872
0.4412, 0.1872
0.4412, 0.1872
0.4412, 0.1872
0.4454, 0.1872
0.4454, 0.1872
0.4454, 0.1872
0.4454, 0.1872
0.4454, 0.1872
0.4454, 0.1872
0.4454, 0.1872
0.4454, 0.1872
0.4454, 0.1872
0.4496, 0.1872
0.4496, 0.1872
0.4496, 0.1872
0.4496, 0.1872
0.4496, 0.1872
0.4496, 0.1872
0.4538, 0.1872
0.4538, 0.1872
0.4538, 0.1872
0.4538, 0.1872
0.4538, 0.1872
0.4538, 0.1872
0.4538, 0.1872
0.4538, 0.1872
0.4538, 0.1872
0.4580, 0.1872
0.4580, 0.1872
0.4580, 0.1872
0.4580, 0.1872
0.4580, 0.1872
0.4580, 0.1872
0.4622, 0.1872
0.4622, 0.1872
0.4664, 0.1872
0.4664, 0.1872
0.4664, 0.1872
0.4664, 0.1872
0.4664, 0.1872
0.4664, 0.1872
0.4664, 0.1872
0.4664, 0.1872
0.4664, 0.1872
0.4706, 0.1872
0.4706, 0.1872
0.4706, 0.1872
0.4748, 0.1872
0.4748, 0.1872
0.4748, 0.1872
0.4748, 0.1872
0.4748, 0.1872
0.4748, 0.1872
0.4748, 0.1872
0.4748, 0.1872
0.4748, 0.1872
0.4748, 0.1872
0.4748, 0.1872
0.4748, 0.1872
0.4748, 0.1872
0.4748, 0.1872
0.4748, 0.1872
0.4790, 0.1872
0.4790, 0.1872
0.4790, 0.1872
0.4832, 0.1872
0.4832, 0.1872
0.4874, 0.1872
0.4874, 0.1872
0.4874, 0.1872
0.4874, 0.1872
0.4874, 0.1872
0.4874, 0.1872
0.4916, 0.1872
0.4916, 0.1872
0.4916, 0.1846
0.4916, 0.1846
0.4916, 0.1846
0.4958, 0.1846
0.4958, 0.1846
0.4958, 0.1846
0.4958, 0.1846
0.4958, 0.1846
0.4958, 0.1846
0.4958, 0.1846
0.4958, 0.1846
0.4958, 0.1846
0.5000, 0.1846
0.5000, 0.1846
0.5042, 0.1846
0.5042, 0.1846
0.5042, 0.1846
0.5084, 0.1821
0.5084, 0.1821
0.5084, 0.1821
0.5084, 0.1821
0.5084, 0.1821
0.5084, 0.1821
0.5084, 0.1821
0.5084, 0.1821
0.5126, 0.1795
0.5126, 0.1795
0.5126, 0.1795
0.5168, 0.1795
0.5168, 0.1795
0.5168, 0.1795
0.5168, 0.1795
0.5168, 0.1795
0.5168, 0.1795
0.5210, 0.1795
0.5210, 0.1795
0.5210, 0.1795
0.5210, 0.1795
0.5210, 0.1795
0.5210, 0.1795
0.5210, 0.1795
0.5210, 0.1795
0.5252, 0.1795
0.5252, 0.1795
0.5252, 0.1795
0.5252, 0.1795
0.5252, 0.1795
0.5252, 0.1795
0.5252, 0.1795
0.5252, 0.1795
0.5252, 0.1795
0.5252, 0.1795
0.5252, 0.1795
0.5252, 0.1795
0.5252, 0.1795
0.5294, 0.1795
0.5294, 0.1795
0.5294, 0.1795
0.5294, 0.1795
0.5294, 0.1795
0.5294, 0.1795
0.5294, 0.1795
0.5294, 0.1795
0.5336, 0.1769
0.5336, 0.1769
0.5336, 0.1769
0.5378, 0.1769
0.5378, 0.1769
0.5378, 0.1769
0.5378, 0.1744
0.5378, 0.1744
0.5378, 0.1744
0.5420, 0.1744
0.5420, 0.1744
0.5462, 0.1744
0.5462, 0.1744
0.5462, 0.1744
0.5462, 0.1744
0.5462, 0.1744
0.5462, 0.1744
0.5504, 0.1744
0.5504, 0.1744
0.5504, 0.1744
0.5504, 0.1744
0.5504, 0.1744
0.5504, 0.1744
0.5504, 0.1744
0.5504, 0.1744
0.5504, 0.1744
0.5504, 0.1744
0.5504, 0.1744
0.5504, 0.1744
0.5504, 0.1744
0.5504, 0.1744
0.5504, 0.1744
0.5504, 0.1744
0.5504, 0.1744
0.5504, 0.1744
0.5504, 0.1744
0.5546, 0.1718
0.5546, 0.1718
0.5546, 0.1718
0.5546, 0.1718
0.5546, 0.1718
0.5588, 0.1718
0.5588, 0.1718
0.5588, 0.1718
0.5588, 0.1692
0.5588, 0.1692
0.5588, 0.1692
0.5630, 0.1692
0.5630, 0.1692
0.5630, 0.1692
0.5630, 0.1692
0.5630, 0.1692
0.5630, 0.1692
0.5672, 0.1667
0.5672, 0.1667
0.5672, 0.1667
0.5672, 0.1667
0.5672, 0.1667
0.5672, 0.1667
0.5714, 0.1667
0.5714, 0.1667
0.5714, 0.1667
0.5714, 0.1667
0.5714, 0.1667
0.5714, 0.1667
0.5714, 0.1667
0.5714, 0.1667
0.5714, 0.1667
0.5714, 0.1667
0.5714, 0.1667
0.5714, 0.1667
0.5714, 0.1667
0.5714, 0.1667
0.5756, 0.1667
0.5756, 0.1667
0.5756, 0.1667
0.5756, 0.1667
0.5756, 0.1667
0.5756, 0.1667
0.5756, 0.1667
0.5756, 0.1667
0.5756, 0.1667
0.5756, 0.1667
0.5756, 0.1667
0.5798, 0.1667
0.5798, 0.1667
0.5798, 0.1667
0.5798, 0.1667
0.5798, 0.1667
0.5798, 0.1667
0.5798, 0.1667
0.5798, 0.1667
0.5798, 0.1667
0.5798, 0.1641
0.5798, 0.1641
0.5798, 0.1641
0.5798, 0.1641
0.5798, 0.1641
0.5798, 0.1641
0.5840, 0.1641
0.5840, 0.1641
0.5840, 0.1615
0.5840, 0.1615
0.5840, 0.1615
0.5882, 0.1615
0.5882, 0.1615
0.5882, 0.1615
0.5882, 0.1615
0.5882, 0.1615
0.5882, 0.1615
0.5882, 0.1615
0.5882, 0.1615
0.5882, 0.1615
0.5882, 0.1615
0.5882, 0.1615
0.5882, 0.1615
0.5882, 0.1615
0.5882, 0.1615
0.5882, 0.1615
0.5882, 0.1615
0.5882, 0.1615
0.5882, 0.1615
0.5882, 0.1615
0.5882, 0.1615
0.5882, 0.1615
0.5924, 0.1615
0.5924, 0.1615
0.5924, 0.1615
0.5924, 0.1615
0.5924, 0.1615
0.5924, 0.1615
0.5924, 0.1590
0.5924, 0.1590
0.5966, 0.1590
0.5966, 0.1590
0.5966, 0.1590
0.5966, 0.1590
0.5966, 0.1590
0.5966, 0.1590
0.6008, 0.1590
0.6008, 0.1590
0.6008, 0.1590
0.6008, 0.1564
0.6008, 0.1564
0.6008, 0.1564
0.6008, 0.1564
0.6008, 0.1564
0.6008, 0.1538
0.6008, 0.1538
0.6008, 0.1538
0.6008, 0.1538
0.6008, 0.1538
0.6008, 0.1538
0.6050, 0.1538
0.6050, 0.1538
0.6050, 0.1538
0.6050, 0.1538
0.6050, 0.1538
0.6050, 0.1538
0.6050, 0.1538
0.6050, 0.1538
0.6050, 0.1538
0.6050, 0.1538
0.6050, 0.1538
0.6092, 0.1513
0.6092, 0.1513
0.6092, 0.1513
0.6092, 0.1513
0.6092, 0.1513
0.6092, 0.1513
0.6092, 0.1487
0.6092, 0.1487
0.6092, 0.1487
0.6092, 0.1487
0.6092, 0.1487
0.6092, 0.1487
0.6092, 0.1487
0.6092, 0.1487
0.6092, 0.1487
0.6092, 0.1487
0.6092, 0.1487
0.6092, 0.1462
0.6092, 0.1462
0.6134, 0.1462
0.6134, 0.1462
0.6134, 0.1462
0.6134, 0.1462
0.6134, 0.1462
0.6134, 0.1462
0.6134, 0.1436
0.6134, 0.1436
0.6134, 0.1436
0.6134, 0.1410
0.6134, 0.1410
0.6134, 0.1410
0.6134, 0.1410
0.6134, 0.1410
0.6176, 0.1410
0.6176, 0.1410
0.6176, 0.1410
0.6176, 0.1410
0.6176, 0.1410
0.6176, 0.1410
0.6176, 0.1385
0.6176, 0.1385
0.6176, 0.1385
0.6218, 0.1385
0.6218, 0.1385
0.6218, 0.1359
0.6218, 0.1359
0.6218, 0.1359
0.6218, 0.1359
0.6218, 0.1359
0.6218, 0.1359
0.6218, 0.1359
0.6218, 0.1359
0.6218, 0.1359
0.6218, 0.1333
0.6218, 0.1333
0.6218, 0.1333
0.6218, 0.1333
0.6218, 0.1333
0.6218, 0.1308
0.6218, 0.1308
0.6218, 0.1308
0.6218, 0.1308
0.6218, 0.1308
0.6218, 0.1308
0.6261, 0.1308
0.6261, 0.1308
0.6261, 0.1282
0.6261, 0.1282
0.6261, 0.1282
0.6261, 0.1282
0.6261, 0.1282
0.6261, 0.1282
0.6303, 0.1282
0.6303, 0.1282
0.6303, 0.1282
0.6303, 0.1256
0.6303, 0.1256
0.6303, 0.1256
0.6303, 0.1256
0.6303, 0.1256
0.6303, 0.1231
0.6303, 0.1231
0.6303, 0.1231
0.6303, 0.1231
0.6303, 0.1231
0.6303, 0.1231
0.6303, 0.1231
0.6303, 0.1231
0.6303, 0.1231
0.6303, 0.1231
0.6303, 0.1205
0.6303, 0.1205
0.6303, 0.1205
0.6303, 0.1205
0.6303, 0.1205
0.6303, 0.1205
0.6303, 0.1179
0.6303, 0.1179
0.6303, 0.1179
0.6303, 0.1154
0.6303, 0.1154
0.6303, 0.1154
0.6303, 0.1154
0.6303, 0.1154
0.6303, 0.1154
0.6303, 0.1154
0.6303, 0.1154
0.6303, 0.1128
0.6303, 0.1128
0.6303, 0.1128
0.6303, 0.1128
0.6303, 0.1128
0.6303, 0.1103
0.6303, 0.1103
0.6303, 0.1103
0.6303, 0.1103
0.6303, 0.1103
0.6303, 0.1103
0.6303, 0.1103
0.6303, 0.1103
0.6345, 0.1077
0.6345, 0.1077
0.6345, 0.1051
0.6345, 0.1051
0.6345, 0.1051
0.6345, 0.1051
0.6345, 0.1051
0.6345, 0.1051
0.6345, 0.1051
0.6345, 0.1051
0.6345, 0.1051
0.6345, 0.1051
0.6345, 0.1051
0.6345, 0.1051
0.6345, 0.1026
0.6345, 0.1026
0.6345, 0.1000
0.6345, 0.1000
0.6345, 0.1000
0.6345, 0.1000
0.6345, 0.1000
0.6345, 0.1000
0.6345, 0.0974
0.6345, 0.0974
0.6345, 0.0974
0.6345, 0.0974
0.6345, 0.0974
0.6345, 0.0974
0.6345, 0.0974
0.6345, 0.0949
0.6345, 0.0949
0.6345, 0.0949
0.6345, 0.0949
0.6345, 0.0949
0.6345, 0.0949
0.6345, 0.0923
0.6345, 0.0923
0.6345, 0.0923
0.6345, 0.0923
0.6345, 0.0923
0.6345, 0.0923
0.6345, 0.0923
0.6345, 0.0923
0.6345, 0.0897
0.6345, 0.0897
0.6345, 0.0897
0.6345, 0.0897
0.6345, 0.0897
0.6345, 0.0897
0.6345, 0.0872
0.6345, 0.0872
0.6345, 0.0872
0.6345, 0.0872
0.6345, 0.0872
0.6345, 0.0846
0.6345, 0.0846
0.6345, 0.0846
0.6345, 0.0846
0.6345, 0.0846
0.6345, 0.0846
0.6345, 0.0846
0.6345, 0.0846
0.6345, 0.0846
0.6345, 0.0846
0.6345, 0.0846
0.6345, 0.0821
0.6345, 0.0821
0.6345, 0.0821
0.6345, 0.0821
0.6345, 0.0821
0.6345, 0.0821
0.6345, 0.0795
0.6345, 0.0795
0.6345, 0.0795
0.6345, 0.0795
0.6345, 0.0795
0.6345, 0.0795
0.6345, 0.0795
0.6345, 0.0795
0.6345, 0.0769
0.6345, 0.0769
0.6345, 0.0769
0.6345, 0.0769
0.6345, 0.0769
0.6345, 0.0744
0.6345, 0.0744
0.6345, 0.0744
0.6345, 0.0744
0.6345, 0.0744
0.6345, 0.0744
0.6345, 0.0718
0.6345, 0.0718
0.6345, 0.0718
0.6345, 0.0718
0.6345, 0.0718
0.6345, 0.0718
0.6345, 0.0718
0.6345, 0.0718
0.6345, 0.0692
0.6345, 0.0692
0.6345, 0.0692
0.6345, 0.0667
0.6345, 0.0667
0.6345, 0.0667
0.6345, 0.0667
0.6345, 0.0667
0.6345, 0.0667
0.6345, 0.0667
0.6345, 0.0641
0.6345, 0.0641
0.6345, 0.0641
0.6345, 0.0641
0.6345, 0.0641
0.6345, 0.0641
0.6303, 0.0615
0.6303, 0.0615
0.6303, 0.0615
0.6303, 0.0615
0.6303, 0.0615
0.6303, 0.0590
0.6303, 0.0590
0.6303, 0.0590
0.6303, 0.0590
0.6303, 0.0590
0.6303, 0.0590
0.6303, 0.0590
0.6303, 0.0590
0.6303, 0.0590
0.6303, 0.0590
0.6303, 0.0590
0.6303, 0.0590
0.6261, 0.0564
0.6261, 0.0564
0.6261, 0.0564
0.6261, 0.0564
0.6261, 0.0564
0.6261, 0.0564
0.6261, 0.0564
0.6261, 0.0538
0.6261, 0.0538
0.6261, 0.0538
0.6261, 0.0538
0.6261, 0.0538
0.6261, 0.0538
0.6261, 0.0538
0.6261, 0.0538
0.6261, 0.0538
0.6261, 0.0538
0.6261, 0.0538
0.6261, 0.0538
0.6261, 0.0538
0.6261, 0.0538
0.6261, 0.0538
0.6261, 0.0513
0.6261, 0.0513
0.6261, 0.0513
0.6261, 0.0513
0.6218, 0.0513
0.6218, 0.0513
0.6218, 0.0513
0.6218, 0.0487
0.6218, 0.0487
0.6218, 0.0487
0.6218, 0.0487
0.6218, 0.0487
0.6176, 0.0462
0.6176, 0.0462
0.6176, 0.0462
0.6176, 0.0462
0.6176, 0.0462
0.6176, 0.0462
0.6176, 0.0462
0.6134, 0.0436
0.6134, 0.0436
0.6134, 0.0436
0.6134, 0.0436
0.6134, 0.0436
0.6134, 0.0436
0.6134, 0.0410
0.6134, 0.0410
0.6134, 0.0410
0.6134, 0.0410
0.6134, 0.0410
0.6134, 0.0410
0.6134, 0.0410
0.6134, 0.0410
0.6134, 0.0410
0.6092, 0.0410
0.6092, 0.0410
0.6092, 0.0410
0.6092, 0.0385
0.6092, 0.0385
0.6092, 0.0385
0.6092, 0.0385
0.6092, 0.0385
0.6092, 0.0385
0.6092, 0.0359
0.6092, 0.0359
0.6050, 0.0359
0.6050, 0.0359
0.6050, 0.0359
0.6050, 0.0359
0.6050, 0.0359
0.6050, 0.0359
0.6050, 0.0359
0.6050, 0.0333
0.6050, 0.0333
0.6050, 0.0333
0.6050, 0.0333
0.6050, 0.0333
0.6050, 0.0333
0.6050, 0.0333
0.6050, 0.0333
0.6050, 0.0333
0.6050, 0.0333
0.6050, 0.0333
0.6008, 0.0333
0.6008, 0.0333
0.6008, 0.0333
0.6008, 0.0333
0.6008, 0.0308
0.6008, 0.0308
0.5966, 0.0308
0.5966, 0.0308
0.5966, 0.0308
0.5966, 0.0308
0.5966, 0.0308
0.5966, 0.0282
0.5966, 0.0282
0.5924, 0.0282
0.5924, 0.0282
0.5924, 0.0282
0.5924, 0.0282
0.5924, 0.0282
0.5924, 0.0282
0.5924, 0.0282
0.5924, 0.0282
0.5924, 0.0282
0.5882, 0.0282
0.5882, 0.0282
0.5882, 0.0256
0.5882, 0.0256
0.5840, 0.0256
0.5840, 0.0256
0.5840, 0.0256
0.5840, 0.0256
0.5840, 0.0256
0.5840, 0.0256
0.5840, 0.0256
0.5840, 0.0231
0.5840, 0.0231
0.5840, 0.0231
0.5840, 0.0231
0.5798, 0.0231
0.5798, 0.0231
0.5798, 0.0231
0.5798, 0.0231
0.5756, 0.0231
0.5756, 0.0231
0.5756, 0.0231
0.5756, 0.0231
0.5756, 0.0231
0.5756, 0.0231
0.5756, 0.0231
0.5756, 0.0205
0.5756, 0.0205
0.5714, 0.0205
0.5714, 0.0205
0.5672, 0.0179
0.5672, 0.0179
0.5630, 0.0179
0.5630, 0.0179
0.5630, 0.0154
0.5630, 0.0154
0.5588, 0.0154
0.5588, 0.0154
0.5546, 0.0154
0.5546, 0.0154
0.5546, 0.0154
0.5546, 0.0154
0.5546, 0.0128
0.5546, 0.0128
0.5504, 0.0128
0.5504, 0.0128
0.5504, 0.0128
0.5504, 0.0128
0.5504, 0.0128
0.5462, 0.0103
0.5462, 0.0103
0.5462, 0.0103
0.5462, 0.0103
0.5462, 0.0103
0.5462, 0.0103
0.5462, 0.0103
0.5420, 0.0103
0.5420, 0.0103
0.5420, 0.0103
0.5420, 0.0103
0.5420, 0.0103
0.5420, 0.0103
0.5420, 0.0103
0.5420, 0.0103
0.5378, 0.0103
0.5378, 0.0103
0.5378, 0.0103
0.5378, 0.0103
0.5378, 0.0103
0.5336, 0.0103
0.5336, 0.0103
0.5336, 0.0103
0.5336, 0.0103
0.5336, 0.0077
0.5336, 0.0077
0.5294, 0.0077
0.5294, 0.0077
0.5294, 0.0077
0.5294, 0.0077
0.5252, 0.0077
0.5252, 0.0077
0.5210, 0.0077
0.5210, 0.0077
0.5210, 0.0051
0.5210, 0.0051
0.5210, 0.0051
0.5210, 0.0051
0.5210, 0.0051
0.5210, 0.0051
0.5210, 0.0051
0.5168, 0.0051
0.5168, 0.0051
0.5168, 0.0051
0.5168, 0.0051
0.5168, 0.0051
0.5168, 0.0051
0.5126, 0.0051
0.5126, 0.0051
0.5126, 0.0051
0.5126, 0.0051
0.5126, 0.0051
0.5126, 0.0051
0.5126, 0.0051
0.5126, 0.0051
0.5126, 0.0051
0.5126, 0.0051
0.5126, 0.0051
0.5084, 0.0051
0.5084, 0.0051
0.5042, 0.0026
0.5042, 0.0026
0.5000, 0.0026
0.5000, 0.0026
0.5000, 0.0026
0.5000, 0.0026
0.5000, 0.0026
0.5000, 0.0026
0.5000, 0.0026
0.4958, 0.0026
0.4958, 0.0026
0.4916, 0.0026
0.4916, 0.0026
0.4916, 0.0026
0.4916, 0.0026
0.4916, 0.0026
0.4832, 0.0026
0.4790, 0.0026
0.4790, 0.0026
0.4790, 0.0026
0.4790, 0.0026
0.4748, 0.0026
0.4748, 0.0026
0.4706, 0.0026
0.4706, 0.0026
0.4706, 0.0026
0.4706, 0.0026
0.4706, 0.0026
0.4706, 0.0026
0.4706, 0.0026
0.4664, 0.0026
0.4664, 0.0026
0.4622, 0.0026
0.4622, 0.0026
0.4622, 0.0026
0.4622, 0.0026
0.4622, 0.0026
0.4622, 0.0026
0.4622, 0.0026
0.4580, 0.0026
0.4580, 0.0026
0.4580, 0.0026
0.4580, 0.0026
0.4538, 0.0026
0.4538, 0.0026
0.4496, 0.0026
0.4496, 0.0026
0.4496, 0.0026
0.4496, 0.0026
0.4454, 0.0026
0.4454, 0.0026
0.4412, 0.0026
0.4412, 0.0026
0.4412, 0.0026
0.4412, 0.0026
0.4412, 0.0026
0.4370, 0.0026
0.4370, 0.0026
0.4370, 0.0026
0.4370, 0.0026
0.4328, 0.0026
0.4328, 0.0026
0.4286, 0.0026
0.4286, 0.0026
0.4286, 0.0026
0.4286, 0.0026
0.4286, 0.0026
0.4286, 0.0026
0.4286, 0.0026
0.4286, 0.0026
0.4244, 0.0026
0.4244, 0.0026
0.4244, 0.0026
0.4244, 0.0026
0.4202, 0.0026
0.4202, 0.0026
0.4202, 0.0026
0.4202, 0.0026
0.4202, 0.0026
0.4202, 0.0026
0.4202, 0.0026
0.4160, 0.0026
0.4160, 0.0026
0.4118, 0.0026
0.4118, 0.0026
0.4076, 0.0026
0.4076, 0.0026
0.4076, 0.0026
0.4076, 0.0026
0.4034, 0.0026
0.4034, 0.0026
0.4034, 0.0026
0.4034, 0.0026
0.3992, 0.0026
0.3992, 0.0026
0.3992, 0.0026
0.3992, 0.0026
0.3992, 0.0026
0.3992, 0.0026
0.3992, 0.0026
0.3992, 0.0026
0.3992, 0.0026
0.3950, 0.0026
0.3950, 0.0026
0.3908, 0.0026
0.3908, 0.0026
0.3908, 0.0026
0.3908, 0.0026
0.3866, 0.0026
0.3866, 0.0026
0.3866, 0.0026
0.3866, 0.0026
0.3866, 0.0026
0.3866, 0.0026
0.3866, 0.0026
0.3824, 0.0026
0.3824, 0.0026
0.3824, 0.0026
0.3824, 0.0026
0.3782, 0.0026
0.3782, 0.0026
0.3782, 0.0026
0.3782, 0.0026
0.3782, 0.0051
0.3782, 0.0051
0.3739, 0.0051
0.3739, 0.0051
0.3697, 0.0051
0.3697, 0.0051
0.3655, 0.0051
0.3655, 0.0051
0.3655, 0.0051
0.3655, 0.0051
0.3655, 0.0051
0.3655, 0.0051
0.3655, 0.0051
0.3613, 0.0051
0.3571, 0.0077
0.3571, 0.0077
0.3571, 0.0077
0.3571, 0.0077
0.3571, 0.0077
0.3571, 0.0077
0.3571, 0.0077
0.3571, 0.0077
0.3571, 0.0077
0.3529, 0.0077
0.3529, 0.0077
0.3529, 0.0077
0.3529, 0.0077
0.3487, 0.0077
0.3487, 0.0077
0.3445, 0.0077
0.3445, 0.0077
0.3445, 0.0077
0.3445, 0.0077
0.3445, 0.0077
0.3445, 0.0077
0.3445, 0.0077
0.3403, 0.0077
0.3403, 0.0077
0.3403, 0.0077
0.3403, 0.0077
0.3361, 0.0077
0.3361, 0.0077
0.3361, 0.0103
0.3361, 0.0103
0.3319, 0.0103
0.3319, 0.0103
0.3277, 0.0103
0.3277, 0.0103
0.3235, 0.0103
0.3235, 0.0103
0.3235, 0.0103
0.3235, 0.0103
0.3193, 0.0103
0.3193, 0.0103
0.3151, 0.0128
0.3151, 0.0128
0.3151, 0.0128
0.3151, 0.0128
0.3151, 0.0128
0.3151, 0.0128
0.3151, 0.0128
0.3151, 0.0128
0.3109, 0.0128
0.3109, 0.0128
0.3067, 0.0128
0.3067, 0.0128
0.3067, 0.0128
0.3067, 0.0128
0.3067, 0.0128
0.3067, 0.0128
0.3067, 0.0128
0.3067, 0.0128
0.3025, 0.0128
0.3025, 0.0128
0.3025, 0.0128
0.3025, 0.0128
0.3025, 0.0128
0.2983, 0.0128
0.2983, 0.0128
0.2983, 0.0128
0.2983, 0.0128
0.2941, 0.0128
0.2941, 0.0128
0.2941, 0.0154
0.2941, 0.0154
0.2941, 0.0154
0.2941, 0.0154
0.2899, 0.0154
0.2899, 0.0154
0.2857, 0.0154
0.2857, 0.0154
0.2857, 0.0154
0.2857, 0.0154
0.2857, 0.0154
0.2857, 0.0154
0.2773, 0.0179
0.2773, 0.0179
0.2731, 0.0179
0.2731, 0.0179
0.2731, 0.0179
0.2731, 0.0179
0.2731, 0.0179
0.2731, 0.0179
0.2689, 0.0205
0.2689, 0.0205
0.2647, 0.0205
0.2647, 0.0205
0.2647, 0.0205
0.2647, 0.0205
0.2605, 0.0205
0.2605, 0.0205
0.2605, 0.0205
0.2605, 0.0205
0.2605, 0.0205
0.2605, 0.0205
0.2605, 0.0205
0.2563, 0.0205
0.2563, 0.0205
0.2521, 0.0205
0.2521, 0.0205
0.2521, 0.0205
0.2521, 0.0205
0.2521, 0.0205
0.2521, 0.0205
0.2521, 0.0205
0.2521, 0.0205
0.2521, 0.0205
0.2521, 0.0205
0.2521, 0.0205
0.2521, 0.0205
0.2521, 0.0205
0.2521, 0.0205
0.2521, 0.0205
0.2521, 0.0205
0.2521, 0.0205
0.2521, 0.0205
0.2521, 0.0205
0.2521, 0.0205
0.2521, 0.0205
0.2521, 0.0205
0.2521, 0.0205
0.2521, 0.0205
0.2479, 0.0205
0.2479, 0.0205
0.2479, 0.0205
0.2479, 0.0205
0.2479, 0.0205
0.2479, 0.0205
0.2479, 0.0205
0.2479, 0.0205
0.2479, 0.0205
0.2479, 0.0205
0.2479, 0.0205
0.2479, 0.0205
0.2479, 0.0205
0.2479, 0.0205
0.2479, 0.0205
0.2479, 0.0205
0.2479, 0.0205
0.2479, 0.0205
0.2479, 0.0205
0.2479, 0.0205
0.2479, 0.0205
0.2479, 0.0205
0.2479, 0.0205
0.2479, 0.0205
0.2479, 0.0205
0.2479, 0.0205
0.2479, 0.0205
0.2479, 0.0205
0.2479, 0.0205
0.2479, 0.0205
0.2479, 0.0205
0.2479, 0.0205
0.2479, 0.0205
0.2479, 0.0205
0.2479, 0.0205
0.2479, 0.0205
0.2479, 0.0205
0.2437, 0.0231
0.2437, 0.0231
0.2437, 0.0231
0.2437, 0.0231
0.2437, 0.0231
0.2437, 0.0231
0.2437, 0.0231
0.2437, 0.0231
0.2437, 0.0256
0.2437, 0.0256
0.2437, 0.0256
0.2437, 0.0256
0.2479, 0.0256
0.6008, 0.3077
0.6008, 0.3077
0.6008, 0.3077
0.6008, 0.3051
0.6008, 0.3051
0.6008, 0.3051
0.6008, 0.3051
0.6008, 0.3051
0.6008, 0.3051
0.6008, 0.3051
0.6008, 0.3051
0.6008, 0.3051
0.6008, 0.3051
0.6008, 0.3051
0.6008, 0.3051
0.6008, 0.3051
0.6008, 0.3051
0.6008, 0.3051
0.6008, 0.3051
0.6008, 0.3051
0.6008, 0.3051
0.6008, 0.3051
0.6008, 0.3051
0.6008, 0.3051
0.6008, 0.3051
0.6008, 0.3051
0.6008, 0.3051
0.6008, 0.3051
0.6008, 0.3051
0.6008, 0.3051
0.6008, 0.3051
0.6008, 0.3051
0.6008, 0.3051
0.6008, 0.3051
0.6008, 0.3051
0.6050, 0.3051
0.6050, 0.3051
0.6050, 0.3051
0.6050, 0.3051
0.6050, 0.3051
0.6050, 0.3051
0.6050, 0.3051
0.6050, 0.3051
0.6050, 0.3051
0.6050, 0.3051
0.6050, 0.3051
0.6050, 0.3051
0.6050, 0.3051
0.6050, 0.3051
0.6050, 0.3051
0.6050, 0.3051
0.6050, 0.3051
0.6050, 0.3051
0.6050, 0.3051
0.6050, 0.3051
0.6092, 0.3051
0.6092, 0.3051
0.6092, 0.3051
0.6134, 0.3051
0.6134, 0.3051
0.6134, 0.3051
0.6134, 0.3077
0.6134, 0.3077
0.6134, 0.3077
0.6176, 0.3077
0.6176, 0.3077
0.6176, 0.3077
0.6176, 0.3077
0.6176, 0.3077
0.6176, 0.3077
0.6176, 0.3103
0.6176, 0.3103
0.6176, 0.3103
0.6176, 0.3103
0.6176, 0.3103
0.6176, 0.3103
0.6176, 0.3103
0.6176, 0.3103
0.6176, 0.3103
0.6176, 0.3103
0.6218, 0.3128
0.6218, 0.3128
0.6218, 0.3128
0.6218, 0.3128
0.6218, 0.3128
0.6218, 0.3128
0.6261, 0.3128
0.6261, 0.3128
0.6261, 0.3128
0.6261, 0.3128
0.6261, 0.3128
0.6261, 0.3128
0.6261, 0.3128
0.6261, 0.3128
0.6261, 0.3128
0.6261, 0.3128
0.6261, 0.3154
0.6261, 0.3154
0.6261, 0.3154
0.6261, 0.3154
0.6261, 0.3154
0.6261, 0.3154
0.6303, 0.3179
0.6303, 0.3179
0.6303, 0.3179
0.6303, 0.3179
0.6303, 0.3179
0.6303, 0.3179
0.6303, 0.3179
0.6345, 0.3179
0.6345, 0.3179
0.6345, 0.3179
0.6345, 0.3179
0.6345, 0.3179
0.6345, 0.3179
0.6345, 0.3179
0.6387, 0.3179
0.6387, 0.3179
0.6387, 0.3179
0.6387, 0.3205
0.6387, 0.3205
0.6387, 0.3205
0.6387, 0.3205
0.6387, 0.3205
0.6387, 0.3205
0.6387, 0.3205
0.6387, 0.3205
0.6387, 0.3205
0.6387, 0.3205
0.6387, 0.3205
0.6387, 0.3205
0.6387, 0.3205
0.6387, 0.3205
0.6387, 0.3205
0.6387, 0.3205
0.6387, 0.3205
0.6429, 0.3231
0.6429, 0.3231
0.6429, 0.3231
0.6429, 0.3231
0.6429, 0.3231
0.6429, 0.3231
0.6471, 0.3231
0.6471, 0.3231
0.6471, 0.3231
0.6471, 0.3231
0.6471, 0.3231
0.6471, 0.3231
0.6471, 0.3231
0.6471, 0.3231
0.6471, 0.3231
0.6471, 0.3231
0.6471, 0.3231
0.6471, 0.3231
0.6471, 0.3231
0.6471, 0.3231
0.6471, 0.3231
0.6471, 0.3231
0.6471, 0.3231
0.6471, 0.3231
0.6471, 0.3231
0.6471, 0.3256
0.6471, 0.3256
0.6471, 0.3256
0.6471, 0.3256
0.6513, 0.3256
0.6513, 0.3256
0.6513, 0.3256
0.6513, 0.3256
0.6513, 0.3256
0.6513, 0.3256
0.6513, 0.3256
0.6513, 0.3256
0.6513, 0.3256
0.6555, 0.3256
0.6555, 0.3256
0.6555, 0.3256
0.6555, 0.3256
0.6555, 0.3256
0.6555, 0.3256
0.6555, 0.3256
0.6597, 0.3256
0.6597, 0.3256
0.6597, 0.3282
0.6597, 0.3282
0.6597, 0.3282
0.6597, 0.3282
0.6597, 0.3282
0.6597, 0.3282
0.6597, 0.3282
0.6597, 0.3282
0.6597, 0.3282
0.6597, 0.3282
0.6639, 0.3282
0.6639, 0.3282
0.6639, 0.3282
0.6681, 0.3282
0.6681, 0.3282
0.6681, 0.3282
0.6681, 0.3282
0.6681, 0.3282
0.6681, 0.3282
0.6681, 0.3282
0.6681, 0.3282
0.6681, 0.3282
0.6681, 0.3282
0.6723, 0.3282
0.6723, 0.3282
0.6723, 0.3282
0.6723, 0.3282
0.6723, 0.3282
0.6723, 0.3282
0.6765, 0.3282
0.6765, 0.3282
0.6765, 0.3282
0.6765, 0.3282
0.6765, 0.3282
0.6765, 0.3282
0.6765, 0.3282
0.6765, 0.3282
0.6765, 0.3282
0.6765, 0.3282
0.6765, 0.3282
0.6765, 0.3282
0.6765, 0.3308
0.6765, 0.3308
0.6765, 0.3308
0.6765, 0.3308
0.6765, 0.3308
0.6765, 0.3308
0.6807, 0.3308
0.6807, 0.3308
0.6807, 0.3308
0.6807, 0.3308
0.6807, 0.3308
0.6807, 0.3308
0.6807, 0.3308
0.6849, 0.3308
0.6849, 0.3308
0.6849, 0.3308
0.6891, 0.3308
0.6891, 0.3308
0.6891, 0.3308
0.6891, 0.3308
0.6891, 0.3308
0.6891, 0.3308
0.6891, 0.3308
0.6891, 0.3308
0.6891, 0.3308
0.6891, 0.3308
0.6891, 0.3308
0.6891, 0.3308
0.6933, 0.3308
0.6933, 0.3308
0.6933, 0.3308
0.6933, 0.3308
0.6933, 0.3308
0.6933, 0.3308
0.6975, 0.3308
0.6975, 0.3308
0.6975, 0.3308
0.6975, 0.3308
0.6975, 0.3308
0.6975, 0.3308
0.6975, 0.3308
0.6975, 0.3308
0.6975, 0.3308
0.6975, 0.3308
0.6975, 0.3308
0.6975, 0.3308
0.7017, 0.3308
0.7017, 0.3308
0.7017, 0.3308
0.7017, 0.3308
0.7017, 0.3308
0.7017, 0.3308
0.7059, 0.3308
0.7059, 0.3308
0.7059, 0.3308
0.7059, 0.3308
0.7059, 0.3308
0.7059, 0.3308
0.7101, 0.3308
0.7101, 0.3308
0.7101, 0.3308
0.7101, 0.3308
0.7101, 0.3308
0.7101, 0.3308
0.7101, 0.3308
0.7101, 0.3308
0.7101, 0.3308
0.7101, 0.3308
0.7101, 0.3308
0.7101, 0.3308
0.7101, 0.3308
0.7143, 0.3308
0.7143, 0.3308
0.7143, 0.3308
0.7185, 0.3308
0.7185, 0.3308
0.7185, 0.3308
0.7185, 0.3308
0.7185, 0.3308
0.7185, 0.3308
0.7185, 0.3308
0.7185, 0.3308
0.7185, 0.3308
0.7227, 0.3308
0.7227, 0.3308
0.7227, 0.3308
0.7227, 0.3308
0.7227, 0.3308
0.7227, 0.3308
0.7269, 0.3308
0.7269, 0.3308
0.7269, 0.3308
0.7311, 0.3308
0.7311, 0.3308
0.7311, 0.3308
0.7311, 0.3308
0.7311, 0.3308
0.7311, 0.3308
0.7311, 0.3308
0.7311, 0.3308
0.7311, 0.3308
0.7311, 0.3308
0.7311, 0.3308
0.7311, 0.3308
0.7311, 0.3308
0.7353, 0.3308
0.7353, 0.3308
0.7353, 0.3308
0.7353, 0.3308
0.7353, 0.3308
0.7353, 0.3308
0.7395, 0.3308
0.7395, 0.3308
0.7395, 0.3308
0.7395, 0.3308
0.7395, 0.3308
0.7395, 0.3308
0.7395, 0.3308
0.7395, 0.3308
0.7395, 0.3308
0.7437, 0.3308
0.7437, 0.3308
0.7479, 0.3308
0.7479, 0.3308
0.7479, 0.3308
0.7479, 0.3282
0.7479, 0.3282
0.7479, 0.3282
0.7521, 0.3282
0.7521, 0.3282
0.7521, 0.3282
0.7521, 0.3282
0.7521, 0.3282
0.7521, 0.3282
0.7521, 0.3282
0.7521, 0.3282
0.7521, 0.3282
0.7563, 0.3282
0.7563, 0.3282
0.7563, 0.3282
0.7605, 0.3282
0.7605, 0.3282
0.7605, 0.3282
0.7605, 0.3282
0.7605, 0.3282
0.7605, 0.3282
0.7605, 0.3282
0.7605, 0.3282
0.7605, 0.3282
0.7605, 0.3282
0.7647, 0.3256
0.7647, 0.3256
0.7689, 0.3256
0.7689, 0.3256
0.7689, 0.3256
0.7689, 0.3256
0.7689, 0.3256
0.7689, 0.3256
0.7731, 0.3256
0.7731, 0.3256
0.7731, 0.3256
0.7731, 0.3256
0.7731, 0.3256
0.7731, 0.3256
0.7731, 0.3256
0.7731, 0.3256
0.7731, 0.3256
0.7773, 0.3256
0.7773, 0.3256
0.7773, 0.3256
0.7773, 0.3256
0.7773, 0.3256
0.7773, 0.3256
0.7773, 0.3256
0.7773, 0.3256
0.7773, 0.3256
0.7815, 0.3256
0.7815, 0.3256
0.7815, 0.3256
0.7815, 0.3231
0.7815, 0.3231
0.7815, 0.3231
0.7815, 0.3231
0.7815, 0.3231
0.7815, 0.3231
0.7815, 0.3231
0.7815, 0.3231
0.7815, 0.3231
0.7815, 0.3231
0.7815, 0.3231
0.7815, 0.3231
0.7815, 0.3231
0.7815, 0.3231
0.7815, 0.3231
0.7857, 0.3205
0.7857, 0.3205
0.7857, 0.3205
0.7857, 0.3205
0.7857, 0.3205
0.7857, 0.3205
0.7899, 0.3205
0.7899, 0.3205
0.7899, 0.3205
0.7899, 0.3205
0.7899, 0.3205
0.7899, 0.3205
0.7941, 0.3205
0.7941, 0.3205
0.7941, 0.3205
0.7941, 0.3205
0.7941, 0.3205
0.7941, 0.3205
0.7941, 0.3205
0.7941, 0.3205
0.7941, 0.3205
0.7941, 0.3205
0.7941, 0.3205
0.7941, 0.3205
0.7941, 0.3179
0.7941, 0.3179
0.7941, 0.3179
0.7941, 0.3179
0.7941, 0.3179
0.7941, 0.3179
0.7941, 0.3179
0.7983, 0.3179
0.7983, 0.3179
0.7983, 0.3154
0.7983, 0.3154
0.7983, 0.3154
0.7983, 0.3154
0.7983, 0.3154
0.8025, 0.3154
0.8025, 0.3154
0.8025, 0.3154
0.8025, 0.3154
0.8025, 0.3154
0.8025, 0.3154
0.8025, 0.3154
0.8025, 0.3154
0.8025, 0.3154
0.8025, 0.3154
0.8025, 0.3154
0.8025, 0.3154
0.8025, 0.3154
0.8025, 0.3154
0.8025, 0.3154
0.8025, 0.3128
0.8025, 0.3128
0.8025, 0.3128
0.8025, 0.3128
0.8025, 0.3128
0.8025, 0.3128
0.8025, 0.3103
0.8025, 0.3103
0.8025, 0.3103
0.8025, 0.3103
0.8025, 0.3103
0.8025, 0.3103
0.8067, 0.3103
0.8067, 0.3103
0.8067, 0.3103
0.8067, 0.3077
0.8067, 0.3077
0.8067, 0.3077
0.8067, 0.3077
0.8067, 0.3077
0.8109, 0.3077
0.8109, 0.3077
0.8109, 0.3077
0.8109, 0.3077
0.8109, 0.3077
0.8109, 0.3077
0.8109, 0.3077
0.8109, 0.3077
0.8109, 0.3051
0.8109, 0.3051
0.8109, 0.3051
0.8109, 0.3051
0.8109, 0.3051
0.8109, 0.3051
0.8109, 0.3026
0.8109, 0.3026
0.8109, 0.3026
0.8109, 0.3026
0.8109, 0.3026
0.8109, 0.3026
0.8109, 0.3026
0.8109, 0.3026
0.8109, 0.3026
0.8109, 0.3026
0.8109, 0.3026
0.8109, 0.3026
0.8109, 0.3026
0.8109, 0.3026
0.8109, 0.3026
0.8151, 0.3000
0.8151, 0.3000
0.8151, 0.3000
0.8151, 0.3000
0.8151, 0.3000
0.8151, 0.2974
0.8151, 0.2974
0.8151, 0.2974
0.8151, 0.2974
0.8151, 0.2974
0.8151, 0.2974
0.8151, 0.2949
0.8151, 0.2949
0.8151, 0.2949
0.8151, 0.2949
0.8151, 0.2949
0.8151, 0.2949
0.8193, 0.2949
0.8193, 0.2949
0.8193, 0.2949
0.8193, 0.2949
0.8193, 0.2949
0.8193, 0.2949
0.8193, 0.2949
0.8193, 0.2949
0.8193, 0.2949
0.8193, 0.2923
0.8193, 0.2923
0.8193, 0.2923
0.8193, 0.2923
0.8193, 0.2923
0.8193, 0.2923
0.8193, 0.2897
0.8193, 0.2897
0.8193, 0.2897
0.8193, 0.2897
0.8193, 0.2897
0.8193, 0.2897
0.8193, 0.2897
0.8193, 0.2897
0.8193, 0.2897
0.8193, 0.2897
0.8193, 0.2897
0.8193, 0.2897
0.8193, 0.2897
0.8193, 0.2897
0.8193, 0.2897
0.8193, 0.2872
0.8193, 0.2872
0.8193, 0.2872
0.8193, 0.2872
0.8193, 0.2872
0.8193, 0.2872
0.8235, 0.2846
0.8235, 0.2846
0.8235, 0.2846
0.8235, 0.2846
0.8235, 0.2846
0.8235, 0.2846
0.8235, 0.2821
0.8235, 0.2821
0.8235, 0.2821
0.8235, 0.2821
0.8235, 0.2821
0.8235, 0.2821
0.8235, 0.2821
0.8235, 0.2821
0.8235, 0.2821
0.8235, 0.2821
0.8235, 0.2821
0.8235, 0.2795
0.8235, 0.2795
0.8235, 0.2795
0.8235, 0.2795
0.8235, 0.2795
0.8235, 0.2795
0.8235, 0.2769
0.8235, 0.2769
0.8235, 0.2769
0.8235, 0.2769
0.8235, 0.2769
0.8235, 0.2769
0.8235, 0.2769
0.8235, 0.2769
0.8235, 0.2769
0.8235, 0.2769
0.8235, 0.2769
0.8235, 0.2769
0.8235, 0.2744
0.8235, 0.2744
0.8235, 0.2744
0.8235, 0.2744
0.8235, 0.2744
0.8235, 0.2744
0.8235, 0.2744
0.8235, 0.2744
0.8235, 0.2744
0.8235, 0.2718
0.8235, 0.2718
0.8235, 0.2718
0.8235, 0.2718
0.8235, 0.2718
0.8235, 0.2692
0.8235, 0.2692
0.8235, 0.2692
0.8235, 0.2692
0.8235, 0.2692
0.8235, 0.2692
0.8235, 0.2692
0.8235, 0.2692
0.8235, 0.2692
0.8235, 0.2692
0.8235, 0.2692
0.8235, 0.2692
0.8235, 0.2667
0.8235, 0.2667
0.8235, 0.2667
0.8235, 0.2667
0.8235, 0.2667
0.8235, 0.2667
0.8235, 0.2641
0.8235, 0.2641
0.8235, 0.2641
0.8235, 0.2641
0.8235, 0.2641
0.8235, 0.2641
0.8235, 0.2641
0.8235, 0.2641
0.8235, 0.2641
0.8235, 0.2641
0.8235, 0.2641
0.8235, 0.2641
0.8235, 0.2641
0.8235, 0.2641
0.8235, 0.2641
0.8235, 0.2615
0.8235, 0.2615
0.8235, 0.2615
0.8235, 0.2615
0.8235, 0.2615
0.8235, 0.2615
0.8235, 0.2590
0.8235, 0.2590
0.8235, 0.2590
0.8235, 0.2590
0.8235, 0.2590
0.8235, 0.2564
0.8235, 0.2564
0.8235, 0.2564
0.8235, 0.2564
0.8235, 0.2564
0.8235, 0.2564
0.8235, 0.2564
0.8235, 0.2564
0.8235, 0.2564
0.8235, 0.2538
0.8235, 0.2538
0.8235, 0.2538
0.8235, 0.2538
0.8235, 0.2538
0.8277, 0.2513
0.8277, 0.2513
0.8277, 0.2513
0.8277, 0.2513
0.8277, 0.2513
0.8277, 0.2513
0.8277, 0.2513
0.8277, 0.2513
0.8277, 0.2513
0.8277, 0.2487
0.8277, 0.2487
0.8277, 0.2487
0.8277, 0.2462
0.8277, 0.2462
0.8277, 0.2436
0.8277, 0.2436
0.8277, 0.2436
0.8277, 0.2436
0.8277, 0.2436
0.8277, 0.2436
0.8277, 0.2436
0.8277, 0.2436
0.8277, 0.2436
0.8277, 0.2410
0.8277, 0.2410
0.8277, 0.2410
0.8277, 0.2385
0.8277, 0.2385
0.8277, 0.2385
0.8277, 0.2385
0.8277, 0.2385
0.8319, 0.2385
0.8319, 0.2385
0.8319, 0.2385
0.8319, 0.2385
0.8319, 0.2385
0.8319, 0.2359
0.8319, 0.2359
0.8319, 0.2359
0.8319, 0.2359
0.8319, 0.2359
0.8319, 0.2359
0.8319, 0.2333
0.8319, 0.2333
0.8319, 0.2333
0.8319, 0.2333
0.8319, 0.2333
0.8319, 0.2333
0.8319, 0.2333
0.8319, 0.2333
0.8319, 0.2333
0.8319, 0.2333
0.8319, 0.2333
0.8319, 0.2333
0.8319, 0.2308
0.8319, 0.2308
0.8319, 0.2308
0.8319, 0.2308
0.8319, 0.2308
0.8319, 0.2282
0.8319, 0.2282
0.8319, 0.2282
0.8319, 0.2282
0.8319, 0.2282
0.8319, 0.2256
0.8319, 0.2256
0.8319, 0.2256
0.8319, 0.2256
0.8319, 0.2256
0.8319, 0.2256
0.8319, 0.2256
0.8319, 0.2256
0.8319, 0.2256
0.8319, 0.2256
0.8319, 0.2256
0.8319, 0.2256
0.8319, 0.2231
0.8319, 0.2231
0.8319, 0.2231
0.8319, 0.2231
0.8319, 0.2231
0.8319, 0.2231
0.8319, 0.2231
0.8319, 0.2231
0.8319, 0.2231
0.8319, 0.2205
0.8319, 0.2205
0.8319, 0.2205
0.8319, 0.2205
0.8319, 0.2205
0.8319, 0.2205
0.8319, 0.2205
0.8319, 0.2205
0.8319, 0.2205
0.8319, 0.2205
0.8319, 0.2205
0.8319, 0.2179
0.8319, 0.2179
0.8319, 0.2154
0.8319, 0.2154
0.8319, 0.2154
0.8319, 0.2154
0.8319, 0.2154
0.8319, 0.2154
0.8319, 0.2128
0.8319, 0.2128
0.8319, 0.2128
0.8319, 0.2128
0.8319, 0.2128
0.8319, 0.2128
0.8319, 0.2128
0.8319, 0.2128
0.8319, 0.2103
0.8319, 0.2103
0.8319, 0.2077
0.8319, 0.2077
0.8319, 0.2077
0.8319, 0.2077
0.8319, 0.2077
0.8319, 0.2051
0.8319, 0.2051
0.8319, 0.2051
0.8319, 0.2051
0.8319, 0.2051
0.8319, 0.2051
0.8319, 0.2026
0.8319, 0.2026
0.8319, 0.2026
0.8319, 0.2026
0.8319, 0.2026
0.8319, 0.2000
0.8319, 0.2000
0.8319, 0.2000
0.8319, 0.2000
0.8319, 0.2000
0.8319, 0.2000
0.8319, 0.2000
0.8319, 0.2000
0.8319, 0.2000
0.8319, 0.1974
0.8319, 0.1974
0.8319, 0.1974
0.8319, 0.1974
0.8319, 0.1974
0.8319, 0.1949
0.8319, 0.1949
0.8361, 0.1949
0.8361, 0.1949
0.8361, 0.1949
0.8361, 0.1923
0.8361, 0.1923
0.8361, 0.1923
0.8361, 0.1923
0.8361, 0.1923
0.8361, 0.1897
0.8361, 0.1897
0.8361, 0.1897
0.8361, 0.1872
0.8361, 0.1872
0.8361, 0.1872
0.8361, 0.1872
0.8361, 0.1872
0.8361, 0.1872
0.8361, 0.1872
0.8361, 0.1872
0.8361, 0.1846
0.8361, 0.1846
0.8361, 0.1821
0.8361, 0.1821
0.8361, 0.1821
0.8361, 0.1821
0.8361, 0.1821
0.8403, 0.1821
0.8403, 0.1821
0.8403, 0.1795
0.8403, 0.1795
0.8403, 0.1769
0.8403, 0.1769
0.8403, 0.1769
0.8403, 0.1769
0.8403, 0.1769
0.8403, 0.1744
0.8403, 0.1744
0.8403, 0.1744
0.8403, 0.1744
0.8403, 0.1718
0.8403, 0.1718
0.8403, 0.1718
0.8403, 0.1718
0.8403, 0.1718
0.8445, 0.1692
0.8445, 0.1692
0.8445, 0.1692
0.8445, 0.1692
0.8445, 0.1692
0.8445, 0.1692
0.8445, 0.1692
0.8445, 0.1692
0.8445, 0.1667
0.8445, 0.1667
0.8445, 0.1667
0.8445, 0.1667
0.8445, 0.1667
0.8445, 0.1667
0.8445, 0.1641
0.8445, 0.1641
0.8445, 0.1615
0.8445, 0.1615
0.8445, 0.1615
0.8445, 0.1615
0.8445, 0.1615
0.8445, 0.1615
0.8445, 0.1615
0.8445, 0.1615
0.8445, 0.1615
0.8445, 0.1590
0.8445, 0.1590
0.8445, 0.1564
0.8445, 0.1564
0.8445, 0.1564
0.8445, 0.1564
0.8445, 0.1564
0.8445, 0.1564
0.8445, 0.1564
0.8445, 0.1564
0.8445, 0.1564
0.8445, 0.1538
0.8445, 0.1538
0.8445, 0.1538
0.8445, 0.1538
0.8445, 0.1538
0.8445, 0.1513
0.8445, 0.1513
0.8445, 0.1513
0.8445, 0.1513
0.8445, 0.1513
0.8445, 0.1513
0.8445, 0.1513
0.8445, 0.1513
0.8445, 0.1487
0.8445, 0.1487
0.8445, 0.1487
0.8445, 0.1462
0.8445, 0.1462
0.8445, 0.1436
0.8445, 0.1436
0.8445, 0.1436
0.8445, 0.1436
0.8445, 0.1436
0.8445, 0.1436
0.8445, 0.1436
0.8445, 0.1436
0.8445, 0.1410
0.8445, 0.1410
0.8445, 0.1410
0.8445, 0.1385
0.8445, 0.1385
0.8445, 0.1385
0.8445, 0.1385
0.8445, 0.1385
0.8445, 0.1359
0.8445, 0.1359
0.8445, 0.1333
0.8445, 0.1333
0.8445, 0.1333
0.8445, 0.1308
0.8445, 0.1308
0.8445, 0.1308
0.8445, 0.1308
0.8445, 0.1282
0.8445, 0.1282
0.8445, 0.1282
0.8445, 0.1256
0.8445, 0.1256
0.8445, 0.1256
0.8445, 0.1256
0.8445, 0.1256
0.8445, 0.1231
0.8445, 0.1231
0.8445, 0.1231
0.8445, 0.1205
0.8445, 0.1205
0.8445, 0.1205
0.8445, 0.1179
0.8445, 0.1179
0.8445, 0.1179
0.8445, 0.1179
0.8445, 0.1179
0.8445, 0.1154
0.8445, 0.1154
0.8445, 0.1128
0.8445, 0.1128
0.8445, 0.1128
0.8445, 0.1128
0.8445, 0.1128
0.8445, 0.1128
0.8445, 0.1128
0.8445, 0.1128
0.8445, 0.1103
0.8445, 0.1103
0.8445, 0.1103
0.8445, 0.1077
0.8445, 0.1077
0.8445, 0.1077
0.8445, 0.1051
0.8445, 0.1051
0.8445, 0.1051
0.8445, 0.1051
0.8445, 0.1051
0.8445, 0.1051
0.8445, 0.1051
0.8445, 0.1051
0.8445, 0.1051
0.8445, 0.1051
0.8445, 0.1051
0.8487, 0.1026
0.8487, 0.1026
0.8487, 0.1026
0.8487, 0.1026
0.8487, 0.1026
0.8487, 0.1000
0.8487, 0.1000
0.8487, 0.1000
0.8487, 0.1000
0.8487, 0.1000
0.8487, 0.1000
0.8487, 0.1000
0.8487, 0.1000
0.8487, 0.1000
0.8487, 0.1000
0.8487, 0.1000
0.8487, 0.0974
0.8487, 0.0974
0.8487, 0.0974
0.8487, 0.0974
0.8487, 0.0974
0.8487, 0.0974
0.8487, 0.0949
0.8487, 0.0949
0.8487, 0.0923
0.8487, 0.0923
0.8487, 0.0923
0.8487, 0.0923
0.8487, 0.0923
0.8487, 0.0923
0.8487, 0.0897
0.8487, 0.0897
0.8487, 0.0897
0.8487, 0.0897
0.8487, 0.0897
0.8487, 0.0872
0.8487, 0.0872
0.8487, 0.0872
0.8487, 0.0872
0.8487, 0.0872
0.8487, 0.0872
0.8487, 0.0872
0.8487, 0.0872
0.8487, 0.0872
0.8487, 0.0846
0.8487, 0.0846
0.8487, 0.0846
0.8487, 0.0846
0.8487, 0.0846
0.8487, 0.0821
0.8487, 0.0821
0.8487, 0.0821
0.8487, 0.0795
0.8487, 0.0795
0.8529, 0.0795
0.8529, 0.0795
0.8529, 0.0795
0.8529, 0.0795
0.8529, 0.0795
0.8529, 0.0795
0.8529, 0.0795
0.8529, 0.0795
0.8529, 0.0795
0.8529, 0.0795
0.8529, 0.0795
0.8529, 0.0769
0.8529, 0.0769
0.8529, 0.0769
0.8529, 0.0769
0.8529, 0.0769
0.8529, 0.0769
0.8529, 0.0744
0.8529, 0.0744
0.8529, 0.0744
0.8529, 0.0744
0.8529, 0.0744
0.8529, 0.0718
0.8529, 0.0718
0.8529, 0.0718
0.8529, 0.0718
0.8529, 0.0718
0.8529, 0.0692
0.8529, 0.0692
0.8529, 0.0692
0.8529, 0.0692
0.8529, 0.0692
0.8529, 0.0692
0.8529, 0.0692
0.8529, 0.0692
0.8529, 0.0667
0.8529, 0.0667
0.8529, 0.0667
0.8529, 0.0641
0.8529, 0.0641
0.8529, 0.0641
0.8529, 0.0641
0.8529, 0.0641
0.8529, 0.0615
0.8529, 0.0615
0.8529, 0.0615
0.8529, 0.0615
0.8529, 0.0615
0.8529, 0.0615
0.8529, 0.0615
0.8529, 0.0615
0.8529, 0.0590
0.8529, 0.0590
0.8529, 0.0590
0.8529, 0.0564
0.8529, 0.0564
0.8529, 0.0564
0.8529, 0.0564
0.8529, 0.0564
0.8529, 0.0538
0.8529, 0.0538
0.8529, 0.0538
0.8529, 0.0538
0.8529, 0.0538
0.8529, 0.0513
0.8529, 0.0513
0.8529, 0.0487
0.8529, 0.0487
0.8529, 0.0487
0.8529, 0.0487
0.8529, 0.0487
0.8529, 0.0487
0.8529, 0.0487
0.8529, 0.0487
0.8529, 0.0462
0.8529, 0.0462
0.8529, 0.0462
0.8529, 0.0462
0.8529, 0.0462
0.8529, 0.0462
0.8529, 0.0436
0.8529, 0.0436
0.8529, 0.0436
0.8529, 0.0436
0.8529, 0.0436
0.8529, 0.0436
0.8529, 0.0436
0.8529, 0.0436
0.8529, 0.0410
0.8529, 0.0410
0.8529, 0.0385
0.8529, 0.0385
0.8529, 0.0385
0.8529, 0.0385
0.8529, 0.0385
0.8529, 0.0359
0.8529, 0.0359
0.8529, 0.0359
0.8529, 0.0359
0.8529, 0.0359
0.8529, 0.0359
0.8529, 0.0359
0.8571, 0.0359
0.8571, 0.0359
0.8571, 0.0359
0.8571, 0.0333
0.8571, 0.0333
0.8571, 0.0333
0.8571, 0.0333
0.8571, 0.0333
0.8571, 0.0308
0.8571, 0.0308
0.8571, 0.0308
0.8571, 0.0308
0.8571, 0.0308
0.8571, 0.0308
0.8571, 0.0308
0.8571, 0.0308
0.8571, 0.0308
0.8571, 0.0308
0.8571, 0.0308
0.8613, 0.0308
0.8613, 0.0308
0.8613, 0.0308
0.8613, 0.0308
0.8613, 0.0308
0.8613, 0.0308
0.8613, 0.0308
0.8613, 0.0308
0.8613, 0.0282
0.8613, 0.0282
0.8613, 0.0282
0.8613, 0.0282
0.8613, 0.0282
0.8613, 0.0282
0.8613, 0.0282
0.8613, 0.0256
0.8613, 0.0256
0.8613, 0.0256
0.8613, 0.0256
0.8613, 0.0256
0.8613, 0.0256
0.8655, 0.0256
0.8655, 0.0256
0.8655, 0.0256
0.8655, 0.0256
0.8655, 0.0256
0.8655, 0.0231
0.8655, 0.0231
0.8655, 0.0231
0.8655, 0.0231
0.8655, 0.0231
0.8655, 0.0231
0.8655, 0.0231
0.8655, 0.0231
0.8655, 0.0231
0.8655, 0.0231
0.8655, 0.0231
0.8655, 0.0231
0.8655, 0.0231
0.8655, 0.0205
0.8655, 0.0205
0.8655, 0.0205
0.8697, 0.0205
0.8697, 0.0205
0.8697, 0.0205
0.8697, 0.0205
0.8697, 0.0205
0.8697, 0.0179
0.8697, 0.0179
0.8697, 0.0179
0.8739, 0.0179
0.8739, 0.0179
0.8739, 0.0179
0.8739, 0.0179
0.8739, 0.0179
0.8739, 0.0179
0.8739, 0.0179
0.8739, 0.0179
0.8739, 0.0179
0.8739, 0.0179
0.8739, 0.0179
0.8739, 0.0179
0.8739, 0.0179
0.8739, 0.0179
0.8739, 0.0179
0.8739, 0.0179
0.8739, 0.0179
0.8739, 0.0179
0.8739, 0.0179
0.8739, 0.0154
0.8739, 0.0154
0.8782, 0.0154
0.8782, 0.0154
0.8782, 0.0154
0.8782, 0.0154
0.8782, 0.0154
0.8782, 0.0128
0.8782, 0.0128
0.8824, 0.0128
0.8824, 0.0128
0.8824, 0.0128
0.8866, 0.0128
0.8866, 0.0128
0.8866, 0.0103
0.8866, 0.0103
0.8866, 0.0103
0.8866, 0.0103
0.8866, 0.0103
0.8866, 0.0103
0.8866, 0.0103
0.8866, 0.0103
0.8908, 0.0103
0.8908, 0.0103
0.8908, 0.0103
0.8908, 0.0103
0.8908, 0.0103
0.8950, 0.0103
0.8950, 0.0103
0.8950, 0.0103
0.8950, 0.0103
0.8950, 0.0103
0.8950, 0.0103
0.8950, 0.0103
0.8950, 0.0103
0.8950, 0.0077
0.8950, 0.0077
0.8992, 0.0077
0.8992, 0.0077
0.8992, 0.0077
0.8992, 0.0077
0.8992, 0.0077
0.9034, 0.0051
0.9034, 0.0051
0.9034, 0.0051
0.9076, 0.0051
0.9076, 0.0051
0.9076, 0.0051
0.9076, 0.0051
0.9076, 0.0051
0.9118, 0.0051
0.9118, 0.0051
0.9118, 0.0051
0.9118, 0.0051
0.9118, 0.0051
0.9160, 0.0051
0.9160, 0.0051
0.9160, 0.0051
0.9160, 0.0051
0.9160, 0.0051
0.9160, 0.0051
0.9160, 0.0051
0.9160, 0.0051
0.9202, 0.0051
0.9202, 0.0051
0.9202, 0.0051
0.9202, 0.0051
0.9202, 0.0051
0.9244, 0.0051
0.9244, 0.0051
0.9244, 0.0051
0.9244, 0.0051
0.9244, 0.0051
0.9286, 0.0051
0.9286, 0.0051
0.9286, 0.0051
0.9286, 0.0051
0.9286, 0.0051
0.9286, 0.0051
0.9286, 0.0051
0.9328, 0.0051
0.9328, 0.0051
0.9328, 0.0051
0.9370, 0.0051
0.9370, 0.0051
0.9370, 0.0026
0.9370, 0.0026
0.9370, 0.0026
0.9370, 0.0026
0.9370, 0.0026
0.9412, 0.0026
0.9412, 0.0026
0.9412, 0.0026
0.9454, 0.0026
0.9454, 0.0026
0.9454, 0.0026
0.9454, 0.0026
0.9454, 0.0026
0.9454, 0.0026
0.9454, 0.0026
0.9496, 0.0026
0.9496, 0.0026
0.9496, 0.0026
0.9538, 0.0026
0.9538, 0.0026
0.9580, 0.0026
0.9580, 0.0026
0.9580, 0.0026
0.9580, 0.0026
0.9580, 0.0026
0.9622, 0.0026
0.9622, 0.0026
0.9622, 0.0026
0.9622, 0.0026
0.9622, 0.0026
0.9664, 0.0026
0.9664, 0.0026
0.9664, 0.0026
0.9664, 0.0026
0.9664, 0.0026
0.9664, 0.0026
0.9664, 0.0026
0.9664, 0.0026
0.9664, 0.0026
0.9664, 0.0026
0.9664, 0.0026
0.9706, 0.0026
0.9706, 0.0026
0.9706, 0.0026
0.9706, 0.0026
0.9748, 0.0026
0.9748, 0.0026
0.9748, 0.0026
0.9790, 0.0000
0.9790, 0.0000
0.9790, 0.0000
0.9790, 0.0000
0.9790, 0.0000
0.9790, 0.0000
0.9790, 0.0000
0.9832, 0.0000
0.9832, 0.0000
0.9832, 0.0000
0.9832, 0.0000
0.9832, 0.0000
0.9874, 0.0000
0.9874, 0.0000
0.9874, 0.0000
0.9874, 0.0000
0.9874, 0.0000
0.9874, 0.0000
0.9874, 0.0000
0.9874, 0.0000
0.9874, 0.0000
0.9874, 0.0000
0.9874, 0.0000
0.9874, 0.0000
0.9874, 0.0000
0.9874, 0.0000
0.9874, 0.0000
0.9874, 0.0000
0.9874, 0.0000
0.9874, 0.0000
0.9874, 0.0000
0.9874, 0.0000
0.9874, 0.0000
0.9916, 0.0000
0.9916, 0.0000
0.9916, 0.0000
0.9916, 0.0000
0.9916, 0.0000
0.9958, 0.0000
0.9958, 0.0000
0.9958, 0.0000
0.9958, 0.0000
0.9958, 0.0000
1.0000, 0.0000
1.0000, 0.0000
1.0000, 0.0000
1.0000, 0.0000
1.0000, 0.0000
1.0000, 0.0000
1.0000, 0.0000
1.0000, 0.0000
1.0000, 0.0000
1.0000, 0.0000
1.0000, 0.0000
1.0000, 0.0000
1.0000, 0.0000
1.0000, 0.0000
1.0000, 0.0000
1.0000, 0.0000
1.0000, 0.0000
1.0000, 0.0000
1.0000, 0.0000
1.0000, 0.0000
1.0000, 0.0000
1.0000, 0.0000
1.0000, 0.0000
1.0000, 0.0000
1.0000, 0.0000
1.0000, 0.0000
1.0000, 0.0000
1.0000, 0.0000
1.0000, 0.0000
1.0000, 0.0000
1.0000, 0.0000
1.0000, 0.0000
1.0000, 0.0000
1.0000, 0.0000
1.0000, 0.0000
1.0000, 0.0000
1.0000, 0.0000
1.0000, 0.0000
1.0000, 0.0000
1.0000, 0.0000
1.0000, 0.0000
1.0000, 0.0000
1.0000, 0.0000
1.0000, 0.0000
1.0000, 0.0000
1.0000, 0.0000
1.0000, 0.0000
1.0000, 0.0000
1.0000, 0.0000
1.0000, 0.0000
1.0000, 0.0000
1.0000, 0.0000
1.0000, 0.0000
1.0000, 0.0026
1.0000, 0.0026
1.0000, 0.0026
1.0000, 0.0026
1.0000, 0.0026
1.0000, 0.0051
0.0000, 1.0000
0.0000, 1.0000
0.0000, 1.0000
0.0000, 1.0000
0.0000, 1.0000
0.0000, 1.0000
0.0000, 1.0000
0.0000, 1.0000
0.0000, 1.0000
0.0000, 1.0000
0.0000, 1.0000
0.0000, 1.0000
0.0000, 1.0000
0.0000, 1.0000
0.0000, 1.0000
0.0000, 1.0000
0.0000, 1.0000
0.0000, 1.0000
0.0000, 1.0000
0.0000, 1.0000
0.0000, 1.0000
0.0000, 1.0000
0.0000, 1.0000
0.0000, 1.0000
0.0000, 1.0000
0.0000, 1.0000
0.0000, 1.0000
0.0000, 1.0000
0.0000, 1.0000
0.0000, 1.0000
0.0000, 1.0000
0.0000, 1.0000
0.0000, 1.0000
0.0000, 1.0000
0.0000, 1.0000
0.0000, 1.0000
0.0000, 1.0000
0.0000, 1.0000
0.0000, 1.0000
0.0000, 1.0000
0.0000, 1.0000
0.0000, 1.0000
