0.2254, 0.3367
0.2254, 0.3367
0.2254, 0.3367
0.2254, 0.3367
0.2254, 0.3367
0.2254, 0.3367
0.2254, 0.3367
0.2254, 0.3367
0.2254, 0.3367
0.2254, 0.3367
0.2254, 0.3367
0.2254, 0.3367
0.2254, 0.3367
0.2254, 0.3367
0.2254, 0.3367
0.2254, 0.3367
0.2254, 0.3367
0.2254, 0.3367
0.2254, 0.3367
0.2254, 0.3367
0.2254, 0.3367
0.2254, 0.3367
0.2254, 0.3367
0.2254, 0.3367
0.2254, 0.3367
0.2254, 0.3367
0.2254, 0.3367
0.2254, 0.3367
0.2254, 0.3367
0.2254, 0.3367
0.2254, 0.3367
0.2254, 0.3367
0.2254, 0.3367
0.2254, 0.3367
0.2254, 0.3367
0.2254, 0.3367
0.2254, 0.3367
0.2254, 0.3367
0.2254, 0.3367
0.2254, 0.3367
0.2254, 0.3367
0.2254, 0.3367
0.2254, 0.3367
0.2254, 0.3367
0.2254, 0.3367
0.2254, 0.3367
0.2254, 0.3367
0.2254, 0.3367
0.2254, 0.3367
0.2254, 0.3367
0.2254, 0.3367
0.2254, 0.3367
0.2254, 0.3367
0.2254, 0.3367
0.2254, 0.3367
0.2254, 0.3367
0.2254, 0.3367
0.2254, 0.3367
0.2254, 0.3367
0.2254, 0.3367
0.2254, 0.3367
0.2254, 0.3367
0.2254, 0.3367
0.2254, 0.3367
0.2254, 0.3367
0.2254, 0.3367
0.2254, 0.3367
0.2254, 0.3367
0.2254, 0.3367
0.2254, 0.3367
0.2254, 0.3367
0.2254, 0.3367
0.2254, 0.3367
0.2254, 0.3367
0.2254, 0.3367
0.2254, 0.3367
0.2254, 0.3367
0.2254, 0.3367
0.2254, 0.3367
0.2254, 0.3367
0.2254, 0.3367
0.2254, 0.3367
0.2254, 0.3367
0.2254, 0.3367
0.2254, 0.3367
0.2254, 0.3367
0.2254, 0.3367
0.2254, 0.3367
0.2300, 0.3367
0.2300, 0.3367
0.2300, 0.3367
0.2300, 0.3367
0.2300, 0.3367
0.2300, 0.3367
0.2300, 0.3367
0.2300, 0.3367
0.2300, 0.3367
0.2347, 0.3367
0.2347, 0.3367
0.2347, 0.3367
0.2347, 0.3367
0.2347, 0.3367
0.2347, 0.3367
0.2347, 0.3367
0.2347, 0.3367
0.2347, 0.3367
0.2394, 0.3367
0.2394, 0.3367
0.2394, 0.3367
0.2394, 0.3367
0.2441, 0.3367
0.2441, 0.3367
0.2441, 0.3367
0.2441, 0.3367
0.2441, 0.3367
0.2441, 0.3367
0.2441, 0.3367
0.2488, 0.3367
0.2488, 0.3367
0.2488, 0.3367
0.2488, 0.3367
0.2488, 0.3367
0.2535, 0.3367
0.2535, 0.3367
0.2535, 0.3367
0.2535, 0.3367
0.2535, 0.3393
0.2535, 0.3393
0.2535, 0.3393
0.2535, 0.3393
0.2535, 0.3393
0.2535, 0.3393
0.2535, 0.3393
0.2535, 0.3393
0.2582, 0.3393
0.2582, 0.3393
0.2582, 0.3393
0.2582, 0.3393
0.2582, 0.3393
0.2582, 0.3393
0.2582, 0.3393
0.2582, 0.3393
0.2629, 0.3393
0.2629, 0.3393
0.2629, 0.3393
0.2629, 0.3393
0.2629, 0.3393
0.2629, 0.3393
0.2629, 0.3393
0.2629, 0.3393
0.2629, 0.3393
0.2676, 0.3393
0.2676, 0.3393
0.2676, 0.3393
0.2676, 0.3393
0.2676, 0.3418
0.2676, 0.3418
0.2676, 0.3418
0.2676, 0.3418
0.2676, 0.3418
0.2676, 0.3418
0.2676, 0.3418
0.2676, 0.3418
0.2676, 0.3418
0.2676, 0.3418
0.2676, 0.3418
0.2676, 0.3418
0.2723, 0.3418
0.2723, 0.3418
0.2723, 0.3418
0.2770, 0.3418
0.2770, 0.3418
0.2770, 0.3418
0.2770, 0.3418
0.2770, 0.3418
0.2770, 0.3418
0.2770, 0.3418
0.2770, 0.3418
0.2770, 0.3418
0.2817, 0.3444
0.2817, 0.3444
0.2817, 0.3444
0.2817, 0.3444
0.2864, 0.3444
0.2864, 0.3444
0.2864, 0.3444
0.2864, 0.3444
0.2911, 0.3444
0.2911, 0.3444
0.2911, 0.3444
0.2911, 0.3444
0.2911, 0.3444
0.2911, 0.3444
0.2911, 0.3444
0.2911, 0.3444
0.2911, 0.3444
0.2958, 0.3444
0.2958, 0.3444
0.2958, 0.3444
0.2958, 0.3444
0.2958, 0.3444
0.2958, 0.3444
0.2958, 0.3444
0.2958, 0.3444
0.2958, 0.3444
0.2958, 0.3444
0.2958, 0.3444
0.2958, 0.3444
0.3005, 0.3444
0.3005, 0.3444
0.3005, 0.3444
0.3005, 0.3444
0.3005, 0.3444
0.3005, 0.3444
0.3005, 0.3444
0.3005, 0.3444
0.3005, 0.3444
0.3005, 0.3444
0.3005, 0.3444
0.3005, 0.3444
0.3005, 0.3444
0.3005, 0.3444
0.3005, 0.3444
0.3005, 0.3444
0.3005, 0.3444
0.3005, 0.3444
0.3005, 0.3444
0.3005, 0.3444
0.3005, 0.3444
0.3005, 0.3444
0.3005, 0.3444
0.3005, 0.3444
0.3005, 0.3444
0.3005, 0.3444
0.3005, 0.3444
0.3005, 0.3444
0.3005, 0.3444
0.3005, 0.3444
0.3052, 0.3444
0.3052, 0.3444
0.3052, 0.3444
0.3052, 0.3444
0.3052, 0.3444
0.3052, 0.3444
0.3052, 0.3444
0.3052, 0.3444
0.3052, 0.3444
0.3099, 0.3469
0.3099, 0.3469
0.3099, 0.3469
0.3099, 0.3469
0.3099, 0.3469
0.3099, 0.3469
0.3099, 0.3469
0.3099, 0.3469
0.3146, 0.3469
0.3146, 0.3469
0.3146, 0.3469
0.3146, 0.3469
0.3146, 0.3469
0.3146, 0.3469
0.3146, 0.3469
0.3146, 0.3469
0.3146, 0.3469
0.3146, 0.3469
0.3146, 0.3469
0.3146, 0.3469
0.3146, 0.3469
0.3192, 0.3469
0.3192, 0.3469
0.3192, 0.3469
0.3192, 0.3469
0.3239, 0.3469
0.3239, 0.3469
0.3239, 0.3469
0.3239, 0.3469
0.3239, 0.3469
0.3239, 0.3469
0.3239, 0.3469
0.3239, 0.3469
0.3239, 0.3469
0.3239, 0.3469
0.3239, 0.3469
0.3239, 0.3469
0.3239, 0.3469
0.3239, 0.3469
0.3239, 0.3469
0.3239, 0.3469
0.3286, 0.3469
0.3286, 0.3469
0.3286, 0.3469
0.3286, 0.3469
0.3286, 0.3469
0.3286, 0.3469
0.3286, 0.3469
0.3286, 0.3469
0.3286, 0.3469
0.3286, 0.3469
0.3286, 0.3469
0.3286, 0.3469
0.3286, 0.3469
0.3333, 0.3469
0.3333, 0.3469
0.3333, 0.3469
0.3333, 0.3469
0.3333, 0.3469
0.3333, 0.3469
0.3333, 0.3469
0.3333, 0.3469
0.3333, 0.3469
0.3380, 0.3469
0.3380, 0.3469
0.3380, 0.3469
0.3380, 0.3469
0.3380, 0.3469
0.3380, 0.3469
0.3380, 0.3469
0.3380, 0.3469
0.3380, 0.3469
0.3380, 0.3469
0.3380, 0.3469
0.3380, 0.3469
0.3380, 0.3469
0.3380, 0.3469
0.3380, 0.3469
0.3380, 0.3469
0.3380, 0.3469
0.3427, 0.3469
0.3427, 0.3469
0.3427, 0.3469
0.3427, 0.3469
0.3427, 0.3469
0.3427, 0.3469
0.3427, 0.3469
0.3427, 0.3495
0.3427, 0.3495
0.3427, 0.3495
0.3427, 0.3495
0.3474, 0.3495
0.3474, 0.3495
0.3474, 0.3495
0.3474, 0.3495
0.3474, 0.3495
0.3474, 0.3495
0.3474, 0.3495
0.3474, 0.3495
0.3474, 0.3495
0.3474, 0.3495
0.3474, 0.3495
0.3474, 0.3495
0.3474, 0.3495
0.3474, 0.3495
0.3474, 0.3495
0.3474, 0.3495
0.3474, 0.3495
0.3521, 0.3495
0.3521, 0.3495
0.3521, 0.3495
0.3521, 0.3495
0.3568, 0.3495
0.3568, 0.3495
0.3568, 0.3495
0.3568, 0.3495
0.3568, 0.3495
0.3568, 0.3495
0.3568, 0.3495
0.3568, 0.3495
0.3615, 0.3495
0.3615, 0.3495
0.3615, 0.3495
0.3615, 0.3495
0.3615, 0.3495
0.3615, 0.3495
0.3615, 0.3495
0.3615, 0.3495
0.3615, 0.3495
0.3615, 0.3495
0.3615, 0.3495
0.3615, 0.3495
0.3615, 0.3495
0.3615, 0.3495
0.3615, 0.3495
0.3615, 0.3495
0.3662, 0.3495
0.3662, 0.3495
0.3662, 0.3495
0.3662, 0.3495
0.3662, 0.3495
0.3662, 0.3495
0.3662, 0.3495
0.3662, 0.3495
0.3662, 0.3495
0.3662, 0.3495
0.3662, 0.3495
0.3662, 0.3495
0.3709, 0.3495
0.3709, 0.3495
0.3709, 0.3495
0.3709, 0.3495
0.3709, 0.3495
0.3709, 0.3495
0.3709, 0.3495
0.3709, 0.3495
0.3709, 0.3495
0.3709, 0.3495
0.3709, 0.3495
0.3709, 0.3495
0.3709, 0.3495
0.3709, 0.3495
0.3709, 0.3495
0.3709, 0.3495
0.3756, 0.3495
0.3756, 0.3495
0.3756, 0.3495
0.3756, 0.3495
0.3756, 0.3495
0.3756, 0.3495
0.3756, 0.3495
0.3756, 0.3495
0.3803, 0.3495
0.3803, 0.3495
0.3803, 0.3495
0.3803, 0.3495
0.3803, 0.3495
0.3803, 0.3495
0.3803, 0.3495
0.3850, 0.3495
0.3850, 0.3495
0.3850, 0.3495
0.3850, 0.3495
0.3850, 0.3495
0.3850, 0.3495
0.3850, 0.3495
0.3850, 0.3495
0.3850, 0.3495
0.3850, 0.3495
0.3850, 0.3495
0.3850, 0.3495
0.3897, 0.3495
0.3897, 0.3495
0.3897, 0.3495
0.3897, 0.3495
0.3897, 0.3495
0.3897, 0.3495
0.3897, 0.3495
0.3944, 0.3495
0.3944, 0.3495
0.3944, 0.3495
0.3944, 0.3495
0.3944, 0.3495
0.3944, 0.3495
0.3944, 0.3495
0.3944, 0.3495
0.3944, 0.3495
0.3944, 0.3495
0.3944, 0.3495
0.3944, 0.3495
0.3944, 0.3495
0.3991, 0.3495
0.3991, 0.3495
0.3991, 0.3495
0.4038, 0.3495
0.4038, 0.3495
0.4038, 0.3495
0.4038, 0.3495
0.4038, 0.3495
0.4038, 0.3495
0.4038, 0.3495
0.4038, 0.3495
0.4038, 0.3495
0.4038, 0.3495
0.4038, 0.3495
0.4038, 0.3495
0.4038, 0.3495
0.4085, 0.3495
0.4085, 0.3495
0.4085, 0.3495
0.4131, 0.3495
0.4131, 0.3495
0.4131, 0.3495
0.4178, 0.3495
0.4178, 0.3495
0.4178, 0.3495
0.4178, 0.3495
0.4178, 0.3495
0.4178, 0.3495
0.4178, 0.3495
0.4178, 0.3495
0.4178, 0.3495
0.4178, 0.3495
0.4178, 0.3495
0.4178, 0.3495
0.4178, 0.3495
0.4178, 0.3495
0.4178, 0.3495
0.4178, 0.3495
0.4178, 0.3495
0.4225, 0.3495
0.4225, 0.3495
0.4225, 0.3495
0.4225, 0.3495
0.4225, 0.3495
0.4225, 0.3495
0.4225, 0.3495
0.4272, 0.3495
0.4272, 0.3495
0.4272, 0.3495
0.4272, 0.3495
0.4272, 0.3495
0.4272, 0.3495
0.4272, 0.3495
0.4272, 0.3495
0.4272, 0.3495
0.4272, 0.3495
0.4272, 0.3495
0.4272, 0.3495
0.4272, 0.3495
0.4272, 0.3495
0.4272, 0.3495
0.4319, 0.3495
0.4319, 0.3495
0.4319, 0.3495
0.4319, 0.3495
0.4319, 0.3495
0.4319, 0.3495
0.4319, 0.3495
0.4366, 0.3495
0.4366, 0.3495
0.4366, 0.3495
0.4366, 0.3495
0.4413, 0.3495
0.4413, 0.3495
0.4413, 0.3495
0.4413, 0.3495
0.4413, 0.3495
0.4413, 0.3495
0.4413, 0.3495
0.4413, 0.3495
0.4413, 0.3495
0.4413, 0.3495
0.4413, 0.3495
0.4460, 0.3495
0.4460, 0.3495
0.4460, 0.3495
0.4460, 0.3495
0.4507, 0.3495
0.4507, 0.3495
0.4507, 0.3495
0.4507, 0.3495
0.4507, 0.3495
0.4507, 0.3495
0.4507, 0.3495
0.4507, 0.3495
0.4507, 0.3495
0.4507, 0.3495
0.4507, 0.3495
0.4507, 0.3495
0.4507, 0.3495
0.4507, 0.3495
0.4507, 0.3495
0.4507, 0.3495
0.4507, 0.3495
0.4507, 0.3495
0.4507, 0.3495
0.4507, 0.3495
0.4507, 0.3495
0.4507, 0.3495
0.4507, 0.3495
0.4507, 0.3495
0.4507, 0.3495
0.4507, 0.3495
0.4507, 0.3495
0.4507, 0.3495
0.4507, 0.3495
0.4554, 0.3495
0.4554, 0.3495
0.4554, 0.3495
0.4554, 0.3495
0.4554, 0.3495
0.4554, 0.3495
0.4554, 0.3495
0.4554, 0.3495
0.4554, 0.3495
0.4554, 0.3495
0.4554, 0.3495
0.4554, 0.3495
0.4554, 0.3495
0.4554, 0.3495
0.4554, 0.3495
0.4601, 0.3495
0.4601, 0.3495
0.4601, 0.3495
0.4601, 0.3495
0.4648, 0.3495
0.4648, 0.3495
0.4648, 0.3495
0.4648, 0.3495
0.4648, 0.3495
0.4648, 0.3495
0.4648, 0.3495
0.4648, 0.3495
0.4648, 0.3495
0.4648, 0.3495
0.4648, 0.3495
0.4695, 0.3495
0.4695, 0.3495
0.4695, 0.3495
0.4695, 0.3495
0.4742, 0.3495
0.4742, 0.3495
0.4742, 0.3495
0.4742, 0.3495
0.4742, 0.3495
0.4742, 0.3495
0.4742, 0.3495
0.4742, 0.3495
0.4742, 0.3495
0.4742, 0.3495
0.4742, 0.3495
0.4789, 0.3495
0.4789, 0.3495
0.4789, 0.3495
0.4789, 0.3495
0.4836, 0.3495
0.4836, 0.3495
0.4836, 0.3495
0.4836, 0.3495
0.4836, 0.3495
0.4836, 0.3495
0.4836, 0.3495
0.4883, 0.3469
0.4883, 0.3469
0.4883, 0.3469
0.4883, 0.3469
0.4883, 0.3469
0.4883, 0.3469
0.4883, 0.3469
0.4883, 0.3469
0.4883, 0.3469
0.4883, 0.3469
0.4883, 0.3469
0.4883, 0.3469
0.4883, 0.3469
0.4883, 0.3469
0.4883, 0.3469
0.4883, 0.3469
0.4883, 0.3469
0.4883, 0.3469
0.4883, 0.3469
0.4883, 0.3469
0.4883, 0.3469
0.4883, 0.3469
0.4883, 0.3469
0.4930, 0.3469
0.4930, 0.3469
0.4930, 0.3469
0.4930, 0.3469
0.4930, 0.3469
0.4930, 0.3469
0.4930, 0.3469
0.4930, 0.3469
0.4977, 0.3469
0.4977, 0.3469
0.4977, 0.3469
0.4977, 0.3469
0.4977, 0.3469
0.4977, 0.3469
0.4977, 0.3469
0.4977, 0.3469
0.4977, 0.3469
0.4977, 0.3469
0.4977, 0.3469
0.5023, 0.3469
0.5023, 0.3469
0.5023, 0.3469
0.5070, 0.3444
0.5070, 0.3444
0.5070, 0.3444
0.5070, 0.3444
0.5070, 0.3444
0.5070, 0.3444
0.5070, 0.3444
0.5070, 0.3444
0.5117, 0.3444
0.5117, 0.3444
0.5117, 0.3444
0.5117, 0.3418
0.5117, 0.3418
0.5117, 0.3418
0.5117, 0.3418
0.5164, 0.3418
0.5164, 0.3418
0.5164, 0.3418
0.5211, 0.3418
0.5211, 0.3418
0.5211, 0.3418
0.5211, 0.3418
0.5211, 0.3418
0.5211, 0.3418
0.5211, 0.3418
0.5211, 0.3418
0.5211, 0.3393
0.5211, 0.3393
0.5211, 0.3393
0.5258, 0.3393
0.5258, 0.3393
0.5258, 0.3393
0.5258, 0.3393
0.5258, 0.3393
0.5258, 0.3393
0.5258, 0.3393
0.5258, 0.3393
0.5258, 0.3393
0.5258, 0.3393
0.5258, 0.3393
0.5305, 0.3393
0.5305, 0.3393
0.5305, 0.3393
0.5305, 0.3393
0.5305, 0.3393
0.5305, 0.3393
0.5305, 0.3393
0.5305, 0.3393
0.5305, 0.3393
0.5305, 0.3393
0.5305, 0.3393
0.5305, 0.3393
0.5305, 0.3393
0.5305, 0.3393
0.5305, 0.3393
0.5305, 0.3393
0.5305, 0.3393
0.5305, 0.3393
0.5305, 0.3393
0.5305, 0.3393
0.5305, 0.3393
0.5305, 0.3393
0.5305, 0.3393
0.5352, 0.3393
0.5352, 0.3393
0.5352, 0.3393
0.5352, 0.3393
0.5352, 0.3393
0.5352, 0.3393
0.5352, 0.3393
0.5352, 0.3367
0.5352, 0.3367
0.5352, 0.3367
0.5352, 0.3367
0.5352, 0.3367
0.5352, 0.3367
0.5352, 0.3367
0.5352, 0.3367
0.5399, 0.3342
0.5399, 0.3342
0.5399, 0.3342
0.5446, 0.3342
0.5446, 0.3342
0.5446, 0.3342
0.5446, 0.3342
0.5446, 0.3342
0.5446, 0.3342
0.5446, 0.3342
0.5446, 0.3342
0.5446, 0.3342
0.5446, 0.3342
0.5446, 0.3342
0.5446, 0.3342
0.5446, 0.3342
0.5446, 0.3342
0.5446, 0.3342
0.5446, 0.3342
0.5446, 0.3342
0.5446, 0.3316
0.5446, 0.3316
0.5446, 0.3316
0.5446, 0.3316
0.5493, 0.3316
0.5493, 0.3316
0.5493, 0.3291
0.5493, 0.3291
0.5493, 0.3291
0.5493, 0.3291
0.5540, 0.3265
0.5540, 0.3265
0.5540, 0.3265
0.5540, 0.3265
0.5540, 0.3265
0.5540, 0.3265
0.5540, 0.3265
0.5540, 0.3265
0.5540, 0.3240
0.5540, 0.3240
0.5540, 0.3240
0.5540, 0.3240
0.5587, 0.3240
0.5587, 0.3240
0.5587, 0.3240
0.5587, 0.3214
0.5587, 0.3214
0.5587, 0.3214
0.5587, 0.3214
0.5587, 0.3214
0.5587, 0.3214
0.5587, 0.3214
0.5587, 0.3214
0.5587, 0.3214
0.5587, 0.3214
0.5587, 0.3214
0.5587, 0.3214
0.5587, 0.3214
0.5587, 0.3214
0.5587, 0.3214
0.5634, 0.3214
0.5634, 0.3214
0.5634, 0.3214
0.5634, 0.3214
0.5634, 0.3214
0.5634, 0.3214
0.5634, 0.3214
0.5634, 0.3189
0.5634, 0.3189
0.5634, 0.3189
0.5634, 0.3189
0.5634, 0.3189
0.5634, 0.3189
0.5634, 0.3189
0.5634, 0.3189
0.5681, 0.3163
0.5681, 0.3163
0.5681, 0.3163
0.5681, 0.3163
0.5681, 0.3163
0.5681, 0.3163
0.5681, 0.3163
0.5681, 0.3163
0.5681, 0.3163
0.5681, 0.3163
0.5681, 0.3138
0.5681, 0.3138
0.5681, 0.3138
0.5681, 0.3138
0.5681, 0.3138
0.5681, 0.3138
0.5681, 0.3138
0.5681, 0.3112
0.5681, 0.3112
0.5681, 0.3112
0.5681, 0.3112
0.5681, 0.3112
0.5681, 0.3112
0.5681, 0.3112
0.5681, 0.3112
0.5681, 0.3087
0.5681, 0.3087
0.5681, 0.3087
0.5681, 0.3087
0.5681, 0.3087
0.5681, 0.3087
0.5681, 0.3087
0.5681, 0.3087
0.5681, 0.3087
0.5681, 0.3087
0.5681, 0.3087
0.5681, 0.3061
0.5681, 0.3061
0.5681, 0.3061
0.5728, 0.3061
0.5728, 0.3061
0.5728, 0.3061
0.5728, 0.3061
0.5728, 0.3036
0.5728, 0.3036
0.5728, 0.3036
0.5728, 0.3036
0.5728, 0.3036
0.5728, 0.3036
0.5728, 0.3010
0.5728, 0.3010
0.5728, 0.3010
0.5728, 0.3010
0.5728, 0.3010
0.5728, 0.3010
0.5728, 0.3010
0.5728, 0.2985
0.5728, 0.2985
0.5728, 0.2985
0.5728, 0.2985
0.5728, 0.2985
0.5728, 0.2985
0.5728, 0.2985
0.5728, 0.2959
0.5728, 0.2959
0.5728, 0.2959
0.5728, 0.2959
0.5728, 0.2959
0.5728, 0.2959
0.5728, 0.2959
0.5728, 0.2959
0.5728, 0.2959
0.5728, 0.2959
0.5728, 0.2959
0.5728, 0.2934
0.5728, 0.2934
0.5728, 0.2934
0.5728, 0.2934
0.5728, 0.2934
0.5728, 0.2934
0.5728, 0.2934
0.5728, 0.2908
0.5728, 0.2908
0.5728, 0.2908
0.5728, 0.2908
0.5728, 0.2908
0.5728, 0.2908
0.5728, 0.2908
0.5728, 0.2908
0.5775, 0.2908
0.5775, 0.2908
0.5775, 0.2908
0.5775, 0.2908
0.5775, 0.2908
0.5775, 0.2908
0.5775, 0.2908
0.5775, 0.2883
0.5775, 0.2883
0.5775, 0.2883
0.5775, 0.2883
0.5775, 0.2883
0.5775, 0.2883
0.5775, 0.2883
0.5775, 0.2857
0.5775, 0.2857
0.5775, 0.2857
0.5775, 0.2857
0.5775, 0.2857
0.5775, 0.2857
0.5775, 0.2857
0.5775, 0.2857
0.5775, 0.2857
0.5775, 0.2857
0.5775, 0.2857
0.5775, 0.2832
0.5775, 0.2832
0.5775, 0.2832
0.5775, 0.2832
0.5775, 0.2832
0.5775, 0.2832
0.5775, 0.2832
0.5775, 0.2832
0.5775, 0.2832
0.5775, 0.2832
0.5775, 0.2832
0.5775, 0.2832
0.5775, 0.2832
0.5775, 0.2806
0.5775, 0.2806
0.5775, 0.2806
0.5775, 0.2806
0.5775, 0.2806
0.5775, 0.2806
0.5775, 0.2806
0.5775, 0.2781
0.5775, 0.2781
0.5775, 0.2781
0.5775, 0.2781
0.5775, 0.2781
0.5775, 0.2781
0.5775, 0.2781
0.5775, 0.2781
0.5775, 0.2781
0.5775, 0.2781
0.5775, 0.2781
0.5775, 0.2781
0.5775, 0.2781
0.5775, 0.2755
0.5775, 0.2755
0.5775, 0.2755
0.5775, 0.2755
0.5775, 0.2755
0.5775, 0.2755
0.5775, 0.2755
0.5775, 0.2730
0.5775, 0.2730
0.5775, 0.2730
0.5775, 0.2730
0.5775, 0.2730
0.5775, 0.2730
0.5775, 0.2730
0.5775, 0.2704
0.5775, 0.2704
0.5775, 0.2704
0.5775, 0.2704
0.5775, 0.2704
0.5775, 0.2704
0.5775, 0.2704
0.5775, 0.2704
0.5775, 0.2704
0.5775, 0.2704
0.5775, 0.2704
0.5775, 0.2704
0.5775, 0.2704
0.5775, 0.2704
0.5775, 0.2704
0.5775, 0.2679
0.5775, 0.2679
0.5775, 0.2679
0.5775, 0.2679
0.5775, 0.2679
0.5775, 0.2679
0.5775, 0.2653
0.5775, 0.2653
0.5775, 0.2653
0.5775, 0.2653
0.5775, 0.2653
0.5775, 0.2653
0.5775, 0.2653
0.5775, 0.2653
0.5775, 0.2653
0.5775, 0.2653
0.5775, 0.2653
0.5728, 0.2628
0.5728, 0.2628
0.5728, 0.2628
0.5728, 0.2628
0.5728, 0.2628
0.5728, 0.2628
0.5728, 0.2628
0.5728, 0.2602
0.5728, 0.2602
0.5728, 0.2602
0.5728, 0.2602
0.5728, 0.2602
0.5728, 0.2602
0.5728, 0.2602
0.5728, 0.2577
0.5728, 0.2577
0.5728, 0.2577
0.5728, 0.2577
0.5728, 0.2577
0.5728, 0.2577
0.5728, 0.2577
0.5728, 0.2577
0.5728, 0.2577
0.5728, 0.2577
0.5728, 0.2577
0.5728, 0.2577
0.5728, 0.2577
0.5728, 0.2577
0.5728, 0.2577
0.5728, 0.2577
0.5728, 0.2577
0.5728, 0.2551
0.5728, 0.2551
0.5728, 0.2551
0.5728, 0.2551
0.5681, 0.2551
0.5681, 0.2551
0.5681, 0.2526
0.5681, 0.2526
0.5681, 0.2526
0.5681, 0.2526
0.5681, 0.2526
0.5681, 0.2526
0.5681, 0.2526
0.5681, 0.2526
0.5681, 0.2526
0.5681, 0.2526
0.5681, 0.2526
0.5634, 0.2526
0.5634, 0.2526
0.5634, 0.2526
0.5634, 0.2500
0.5634, 0.2500
0.5634, 0.2500
0.5634, 0.2474
0.5634, 0.2474
0.5634, 0.2474
0.5634, 0.2474
0.5634, 0.2474
0.5634, 0.2474
0.5634, 0.2474
0.5587, 0.2449
0.5587, 0.2449
0.5587, 0.2449
0.5587, 0.2449
0.5587, 0.2449
0.5587, 0.2449
0.5587, 0.2449
0.5587, 0.2449
0.5587, 0.2449
0.5587, 0.2449
0.5587, 0.2449
0.5587, 0.2449
0.5587, 0.2449
0.5587, 0.2449
0.5587, 0.2449
0.5587, 0.2449
0.5587, 0.2449
0.5587, 0.2423
0.5587, 0.2423
0.5587, 0.2423
0.5587, 0.2423
0.5587, 0.2423
0.5587, 0.2423
0.5587, 0.2423
0.5587, 0.2423
0.5587, 0.2423
0.5587, 0.2423
0.5587, 0.2398
0.5587, 0.2398
0.5587, 0.2398
0.5587, 0.2398
0.5540, 0.2398
0.5540, 0.2398
0.5540, 0.2398
0.5540, 0.2398
0.5540, 0.2398
0.5540, 0.2398
0.5540, 0.2398
0.5540, 0.2398
0.5540, 0.2398
0.5540, 0.2398
0.5540, 0.2398
0.5540, 0.2398
0.5540, 0.2398
0.5540, 0.2398
0.5493, 0.2372
0.5493, 0.2372
0.5493, 0.2372
0.5493, 0.2372
0.5493, 0.2372
0.5493, 0.2372
0.5493, 0.2347
0.5493, 0.2347
0.5493, 0.2347
0.5493, 0.2347
0.5493, 0.2347
0.5493, 0.2347
0.5493, 0.2347
0.5493, 0.2347
0.5493, 0.2347
0.5493, 0.2347
0.5493, 0.2347
0.5493, 0.2347
0.5493, 0.2347
0.5493, 0.2347
0.5493, 0.2321
0.5493, 0.2321
0.5493, 0.2321
0.5493, 0.2321
0.5493, 0.2321
0.5493, 0.2321
0.5446, 0.2321
0.5446, 0.2321
0.5446, 0.2321
0.5446, 0.2321
0.5446, 0.2296
0.5446, 0.2296
0.5446, 0.2296
0.5446, 0.2296
0.5446, 0.2296
0.5446, 0.2296
0.5446, 0.2296
0.5446, 0.2296
0.5446, 0.2296
0.5446, 0.2296
0.5399, 0.2270
0.5399, 0.2270
0.5399, 0.2270
0.5399, 0.2270
0.5399, 0.2270
0.5399, 0.2270
0.5399, 0.2270
0.5399, 0.2270
0.5399, 0.2270
0.5399, 0.2270
0.5399, 0.2270
0.5399, 0.2270
0.5399, 0.2270
0.5399, 0.2270
0.5352, 0.2270
0.5352, 0.2270
0.5352, 0.2270
0.5352, 0.2245
0.5352, 0.2245
0.5352, 0.2245
0.5352, 0.2245
0.5352, 0.2245
0.5352, 0.2245
0.5352, 0.2245
0.5305, 0.2219
0.5305, 0.2219
0.5305, 0.2219
0.5305, 0.2219
0.5305, 0.2219
0.5305, 0.2219
0.5305, 0.2219
0.5305, 0.2219
0.5305, 0.2219
0.5305, 0.2219
0.5258, 0.2219
0.5258, 0.2219
0.5258, 0.2219
0.5258, 0.2219
0.5258, 0.2219
0.5258, 0.2219
0.5258, 0.2219
0.5258, 0.2194
0.5258, 0.2194
0.5258, 0.2194
0.5258, 0.2194
0.5258, 0.2194
0.5258, 0.2194
0.5258, 0.2194
0.5258, 0.2194
0.5258, 0.2194
0.5258, 0.2194
0.5211, 0.2168
0.5211, 0.2168
0.5211, 0.2168
0.5211, 0.2168
0.5211, 0.2168
0.5164, 0.2168
0.5164, 0.2168
0.5164, 0.2168
0.5164, 0.2143
0.5164, 0.2143
0.5164, 0.2143
0.5117, 0.2143
0.5117, 0.2143
0.5070, 0.2143
0.5070, 0.2143
0.5070, 0.2143
0.5023, 0.2143
0.5023, 0.2143
0.5023, 0.2143
0.5023, 0.2117
0.5023, 0.2117
0.5023, 0.2117
0.5023, 0.2117
0.5023, 0.2117
0.5023, 0.2117
0.4977, 0.2117
0.4977, 0.2117
0.4977, 0.2117
0.4977, 0.2117
0.4977, 0.2117
0.4977, 0.2117
0.4977, 0.2117
0.4930, 0.2092
0.4930, 0.2092
0.4930, 0.2092
0.4930, 0.2092
0.4930, 0.2092
0.4930, 0.2092
0.4930, 0.2092
0.4930, 0.2092
0.4930, 0.2092
0.4930, 0.2092
0.4930, 0.2092
0.4930, 0.2092
0.4930, 0.2092
0.4930, 0.2092
0.4930, 0.2092
0.4930, 0.2092
0.4930, 0.2092
0.4883, 0.2092
0.4883, 0.2092
0.4883, 0.2092
0.4883, 0.2092
0.4883, 0.2092
0.4883, 0.2092
0.4836, 0.2092
0.4836, 0.2092
0.4836, 0.2092
0.4836, 0.2092
0.4836, 0.2092
0.4836, 0.2092
0.4836, 0.2092
0.4789, 0.2092
0.4789, 0.2092
0.4789, 0.2092
0.4789, 0.2092
0.4789, 0.2092
0.4789, 0.2092
0.4789, 0.2092
0.4789, 0.2092
0.4789, 0.2092
0.4789, 0.2092
0.4789, 0.2092
0.4789, 0.2066
0.4789, 0.2066
0.4789, 0.2066
0.4742, 0.2066
0.4742, 0.2066
0.4742, 0.2066
0.4742, 0.2066
0.4742, 0.2066
0.4742, 0.2066
0.4742, 0.2066
0.4695, 0.2066
0.4695, 0.2066
0.4695, 0.2066
0.4695, 0.2066
0.4695, 0.2066
0.4695, 0.2066
0.4695, 0.2041
0.4695, 0.2041
0.4695, 0.2041
0.4648, 0.2041
0.4648, 0.2041
0.4648, 0.2041
0.4601, 0.2041
0.4601, 0.2041
0.4601, 0.2041
0.4601, 0.2041
0.4601, 0.2041
0.4601, 0.2041
0.4601, 0.2041
0.4554, 0.2041
0.4554, 0.2041
0.4554, 0.2041
0.4554, 0.2041
0.4554, 0.2041
0.4554, 0.2041
0.4554, 0.2015
0.4554, 0.2015
0.4554, 0.2015
0.4554, 0.2015
0.4554, 0.2015
0.4554, 0.2015
0.4554, 0.2015
0.4507, 0.2015
0.4507, 0.2015
0.4507, 0.2015
0.4507, 0.2015
0.4507, 0.2015
0.4507, 0.2015
0.4460, 0.2015
0.4460, 0.2015
0.4460, 0.2015
0.4460, 0.2015
0.4460, 0.2015
0.4460, 0.2015
0.4460, 0.2015
0.4460, 0.2015
0.4460, 0.2015
0.4460, 0.2015
0.4413, 0.2015
0.4413, 0.2015
0.4413, 0.2015
0.4413, 0.2015
0.4413, 0.2015
0.4413, 0.2015
0.4366, 0.2015
0.4366, 0.2015
0.4366, 0.2015
0.4319, 0.2015
0.4319, 0.2015
0.4319, 0.2015
0.4319, 0.1990
0.4319, 0.1990
0.4319, 0.1990
0.4319, 0.1990
0.4319, 0.1990
0.4319, 0.1990
0.4319, 0.1990
0.4319, 0.1990
0.4319, 0.1990
0.4319, 0.1990
0.4272, 0.1990
0.4272, 0.1990
0.4272, 0.1990
0.4272, 0.1990
0.4272, 0.1990
0.4272, 0.1990
0.4225, 0.1964
0.4225, 0.1964
0.4225, 0.1964
0.4225, 0.1964
0.4225, 0.1964
0.4225, 0.1964
0.4178, 0.1964
0.4178, 0.1964
0.4178, 0.1964
0.4178, 0.1964
0.4178, 0.1964
0.4178, 0.1964
0.4178, 0.1964
0.4131, 0.1964
0.4131, 0.1964
0.4131, 0.1964
0.4131, 0.1964
0.4131, 0.1964
0.4131, 0.1964
0.4085, 0.1964
0.4085, 0.1964
0.4085, 0.1964
0.4085, 0.1964
0.4085, 0.1964
0.4085, 0.1964
0.4085, 0.1964
0.4085, 0.1964
0.4085, 0.1964
0.4085, 0.1964
0.4038, 0.1964
0.4038, 0.1964
0.4038, 0.1964
0.4038, 0.1964
0.4038, 0.1964
0.4038, 0.1964
0.4038, 0.1964
0.3991, 0.1964
0.3991, 0.1964
0.3991, 0.1964
0.3991, 0.1939
0.3991, 0.1939
0.3991, 0.1939
0.3944, 0.1939
0.3944, 0.1939
0.3944, 0.1939
0.3897, 0.1939
0.3897, 0.1939
0.3897, 0.1939
0.3897, 0.1939
0.3897, 0.1939
0.3897, 0.1939
0.3897, 0.1939
0.3897, 0.1939
0.3897, 0.1939
0.3897, 0.1939
0.3850, 0.1939
0.3850, 0.1939
0.3850, 0.1939
0.3803, 0.1939
0.3803, 0.1939
0.3803, 0.1939
0.3756, 0.1939
0.3756, 0.1939
0.3756, 0.1939
0.3756, 0.1939
0.3756, 0.1939
0.3756, 0.1939
0.3756, 0.1939
0.3756, 0.1939
0.3756, 0.1939
0.3709, 0.1939
0.3709, 0.1939
0.3709, 0.1939
0.3709, 0.1939
0.3662, 0.1939
0.3662, 0.1939
0.3662, 0.1939
0.3662, 0.1939
0.3662, 0.1939
0.3662, 0.1939
0.3568, 0.1939
0.3568, 0.1939
0.3568, 0.1939
0.3521, 0.1939
0.3521, 0.1939
0.3521, 0.1939
0.3474, 0.1939
0.3474, 0.1939
0.3474, 0.1939
0.3427, 0.1939
0.3427, 0.1939
0.3427, 0.1939
0.3380, 0.1939
0.3380, 0.1939
0.3333, 0.1939
0.3333, 0.1939
0.3333, 0.1939
0.3286, 0.1939
0.3286, 0.1939
0.3286, 0.1939
0.3239, 0.1939
0.3239, 0.1939
0.3239, 0.1939
0.3239, 0.1939
0.3239, 0.1939
0.3239, 0.1939
0.3239, 0.1939
0.3239, 0.1939
0.3239, 0.1939
0.3192, 0.1939
0.3192, 0.1939
0.3192, 0.1939
0.3192, 0.1939
0.3192, 0.1939
0.3192, 0.1939
0.3192, 0.1939
0.3192, 0.1939
0.3192, 0.1939
0.3192, 0.1939
0.3192, 0.1939
0.3192, 0.1939
0.3192, 0.1939
0.3192, 0.1939
0.3192, 0.1939
0.3192, 0.1939
0.3192, 0.1939
0.3146, 0.1939
0.3146, 0.1939
0.3146, 0.1939
0.3146, 0.1939
0.3146, 0.1939
0.3146, 0.1939
0.3146, 0.1939
0.3146, 0.1939
0.3146, 0.1939
0.3146, 0.1939
0.3146, 0.1939
0.3146, 0.1939
0.3146, 0.1939
0.3146, 0.1939
0.3146, 0.1939
0.3146, 0.1939
0.3099, 0.1939
0.3099, 0.1939
0.3099, 0.1939
0.3099, 0.1939
0.3099, 0.1939
0.3099, 0.1939
0.3099, 0.1939
0.3099, 0.1939
0.3099, 0.1939
0.3099, 0.1939
0.3099, 0.1939
0.3099, 0.1939
0.3099, 0.1939
0.3099, 0.1939
0.3099, 0.1939
0.3099, 0.1939
0.3099, 0.1939
0.3099, 0.1939
0.3099, 0.1939
0.3099, 0.1939
0.3099, 0.1939
0.3099, 0.1939
0.3099, 0.1939
0.3099, 0.1939
0.3099, 0.1939
0.3099, 0.1939
0.3099, 0.1939
0.3099, 0.1939
0.3099, 0.1939
0.3099, 0.1939
0.3099, 0.1939
0.3099, 0.1939
0.3099, 0.1939
0.3099, 0.1939
0.3099, 0.1939
0.3099, 0.1939
0.3099, 0.1939
0.3099, 0.1939
0.3099, 0.1939
0.3099, 0.1939
0.3099, 0.1939
0.3099, 0.1939
0.3099, 0.1939
0.3099, 0.1939
0.3099, 0.1939
0.3099, 0.1939
0.3099, 0.1939
0.3099, 0.1939
0.3099, 0.1939
0.3099, 0.1939
0.3099, 0.1939
0.3099, 0.1939
0.3099, 0.1939
0.3099, 0.1939
0.3099, 0.1939
0.3099, 0.1939
0.3099, 0.1939
0.3099, 0.1939
0.3099, 0.1939
0.3099, 0.1939
0.3099, 0.1939
0.3099, 0.1939
0.3099, 0.1939
0.3099, 0.1939
0.3099, 0.1939
0.3099, 0.1939
0.3099, 0.1939
0.3099, 0.1939
0.3099, 0.1939
0.3099, 0.1939
0.3099, 0.1939
0.3099, 0.1939
0.3099, 0.1939
0.3099, 0.1939
0.3099, 0.1939
0.3099, 0.1939
0.3099, 0.1939
0.3099, 0.1939
0.3099, 0.1939
0.3099, 0.1939
0.3099, 0.1939
0.3099, 0.1939
0.3099, 0.1939
0.3099, 0.1939
0.3099, 0.1939
0.3099, 0.1939
0.3099, 0.1939
0.3099, 0.1939
0.3099, 0.1939
0.3099, 0.1939
0.3099, 0.1939
0.3099, 0.1939
0.3099, 0.1939
0.3099, 0.1939
0.3099, 0.1939
0.3099, 0.1939
0.3099, 0.1939
0.3099, 0.1939
0.3099, 0.1939
0.3099, 0.1939
0.3099, 0.1939
0.3099, 0.1939
0.3099, 0.1939
0.3099, 0.1939
0.3099, 0.1939
0.3099, 0.1939
0.3099, 0.1939
0.3099, 0.1939
0.3099, 0.1939
0.3099, 0.1939
0.3099, 0.1939
0.3099, 0.1939
0.3099, 0.1939
0.3099, 0.1939
0.3099, 0.1939
0.3099, 0.1939
0.3099, 0.1939
0.3146, 0.1913
0.3146, 0.1913
0.3146, 0.1913
0.3192, 0.1913
0.3192, 0.1913
0.3192, 0.1913
0.3192, 0.1913
0.3192, 0.1913
0.3192, 0.1913
0.3192, 0.1913
0.3192, 0.1913
0.3192, 0.1913
0.3239, 0.1913
0.3239, 0.1913
0.3239, 0.1913
0.3239, 0.1913
0.3239, 0.1913
0.3239, 0.1913
0.3239, 0.1913
0.3239, 0.1913
0.3239, 0.1913
0.3239, 0.1913
0.3286, 0.1913
0.3286, 0.1913
0.3286, 0.1913
0.3286, 0.1888
0.3286, 0.1888
0.3286, 0.1888
0.3333, 0.1888
0.3333, 0.1888
0.3333, 0.1888
0.3333, 0.1888
0.3333, 0.1888
0.3333, 0.1888
0.3333, 0.1888
0.3333, 0.1888
0.3333, 0.1888
0.3333, 0.1888
0.3333, 0.1888
0.3333, 0.1888
0.3380, 0.1888
0.3380, 0.1888
0.3380, 0.1888
0.3380, 0.1888
0.3380, 0.1888
0.3380, 0.1888
0.3427, 0.1888
0.3427, 0.1888
0.3427, 0.1888
0.3427, 0.1888
0.3427, 0.1888
0.3427, 0.1888
0.3427, 0.1888
0.3427, 0.1888
0.3427, 0.1888
0.3474, 0.1888
0.3474, 0.1888
0.3474, 0.1888
0.3474, 0.1888
0.3474, 0.1888
0.3474, 0.1888
0.3521, 0.1888
0.3521, 0.1888
0.3521, 0.1888
0.3521, 0.1888
0.3521, 0.1888
0.3521, 0.1888
0.3568, 0.1888
0.3568, 0.1888
0.3568, 0.1888
0.3568, 0.1888
0.3568, 0.1888
0.3568, 0.1888
0.3568, 0.1888
0.3568, 0.1888
0.3568, 0.1888
0.3568, 0.1888
0.3615, 0.1888
0.3615, 0.1888
0.3615, 0.1888
0.3615, 0.1888
0.3615, 0.1888
0.3615, 0.1888
0.3662, 0.1888
0.3662, 0.1888
0.3662, 0.1888
0.3662, 0.1888
0.3662, 0.1888
0.3662, 0.1888
0.3662, 0.1888
0.3662, 0.1888
0.3662, 0.1888
0.3662, 0.1888
0.3662, 0.1888
0.3662, 0.1888
0.3709, 0.1888
0.3709, 0.1888
0.3709, 0.1888
0.3709, 0.1888
0.3709, 0.1888
0.3709, 0.1888
0.3709, 0.1888
0.3709, 0.1888
0.3709, 0.1888
0.3756, 0.1888
0.3756, 0.1888
0.3756, 0.1888
0.3756, 0.1888
0.3756, 0.1888
0.3756, 0.1888
0.3803, 0.1888
0.3803, 0.1888
0.3803, 0.1888
0.3803, 0.1888
0.3803, 0.1888
0.3803, 0.1888
0.3803, 0.1888
0.3803, 0.1888
0.3803, 0.1888
0.3850, 0.1888
0.3850, 0.1888
0.3897, 0.1888
0.3897, 0.1888
0.3897, 0.1888
0.3897, 0.1888
0.3897, 0.1888
0.3897, 0.1888
0.3897, 0.1888
0.3897, 0.1888
0.3944, 0.1888
0.3944, 0.1888
0.3944, 0.1888
0.3991, 0.1888
0.3991, 0.1888
0.3991, 0.1888
0.3991, 0.1888
0.3991, 0.1888
0.3991, 0.1888
0.3991, 0.1888
0.3991, 0.1888
0.3991, 0.1888
0.4038, 0.1888
0.4038, 0.1888
0.4038, 0.1888
0.4038, 0.1888
0.4038, 0.1888
0.4038, 0.1888
0.4038, 0.1888
0.4038, 0.1888
0.4038, 0.1888
0.4038, 0.1888
0.4038, 0.1888
0.4038, 0.1888
0.4038, 0.1888
0.4085, 0.1888
0.4085, 0.1888
0.4131, 0.1888
0.4131, 0.1888
0.4131, 0.1888
0.4131, 0.1888
0.4131, 0.1888
0.4131, 0.1888
0.4131, 0.1888
0.4131, 0.1888
0.4131, 0.1888
0.4178, 0.1888
0.4178, 0.1888
0.4178, 0.1888
0.4225, 0.1888
0.4225, 0.1888
0.4225, 0.1888
0.4225, 0.1888
0.4225, 0.1888
0.4225, 0.1888
0.4225, 0.1888
0.4225, 0.1888
0.4225, 0.1888
0.4225, 0.1888
0.4272, 0.1888
0.4272, 0.1888
0.4272, 0.1888
0.4272, 0.1888
0.4272, 0.1888
0.4272, 0.1888
0.4319, 0.1888
0.4319, 0.1888
0.4319, 0.1888
0.4319, 0.1888
0.4319, 0.1888
0.4366, 0.1888
0.4366, 0.1888
0.4366, 0.1888
0.4366, 0.1888
0.4366, 0.1888
0.4366, 0.1888
0.4366, 0.1888
0.4366, 0.1888
0.4366, 0.1888
0.4366, 0.1888
0.4413, 0.1888
0.4413, 0.1888
0.4413, 0.1888
0.4413, 0.1888
0.4413, 0.1888
0.4460, 0.1862
0.4460, 0.1862
0.4460, 0.1862
0.4460, 0.1862
0.4460, 0.1862
0.4460, 0.1862
0.4460, 0.1862
0.4460, 0.1862
0.4460, 0.1862
0.4507, 0.1862
0.4507, 0.1862
0.4507, 0.1862
0.4554, 0.1862
0.4554, 0.1862
0.4554, 0.1862
0.4601, 0.1862
0.4601, 0.1862
0.4601, 0.1862
0.4601, 0.1862
0.4601, 0.1862
0.4601, 0.1862
0.4648, 0.1862
0.4648, 0.1862
0.4695, 0.1862
0.4695, 0.1862
0.4695, 0.1862
0.4695, 0.1862
0.4695, 0.1862
0.4695, 0.1862
0.4695, 0.1862
0.4695, 0.1862
0.4695, 0.1862
0.4742, 0.1862
0.4742, 0.1862
0.4742, 0.1862
0.4742, 0.1837
0.4742, 0.1837
0.4789, 0.1837
0.4789, 0.1837
0.4789, 0.1837
0.4789, 0.1837
0.4789, 0.1837
0.4789, 0.1837
0.4836, 0.1837
0.4836, 0.1837
0.4836, 0.1837
0.4836, 0.1837
0.4836, 0.1837
0.4836, 0.1837
0.4836, 0.1837
0.4836, 0.1837
0.4836, 0.1837
0.4883, 0.1837
0.4883, 0.1837
0.4883, 0.1837
0.4930, 0.1837
0.4930, 0.1837
0.4930, 0.1837
0.4930, 0.1837
0.4930, 0.1837
0.4930, 0.1837
0.4930, 0.1837
0.4930, 0.1837
0.4930, 0.1837
0.4977, 0.1837
0.4977, 0.1837
0.4977, 0.1837
0.4977, 0.1837
0.4977, 0.1837
0.4977, 0.1837
0.5023, 0.1837
0.5023, 0.1837
0.5023, 0.1811
0.5023, 0.1811
0.5023, 0.1811
0.5023, 0.1811
0.5023, 0.1811
0.5023, 0.1811
0.5023, 0.1811
0.5023, 0.1811
0.5023, 0.1811
0.5070, 0.1811
0.5070, 0.1811
0.5070, 0.1811
0.5070, 0.1811
0.5070, 0.1811
0.5070, 0.1811
0.5070, 0.1811
0.5070, 0.1811
0.5070, 0.1811
0.5070, 0.1811
0.5070, 0.1811
0.5070, 0.1811
0.5117, 0.1786
0.5117, 0.1786
0.5117, 0.1786
0.5164, 0.1786
0.5164, 0.1786
0.5164, 0.1786
0.5164, 0.1786
0.5164, 0.1786
0.5164, 0.1786
0.5164, 0.1786
0.5164, 0.1786
0.5164, 0.1786
0.5211, 0.1760
0.5211, 0.1760
0.5211, 0.1760
0.5211, 0.1760
0.5211, 0.1760
0.5211, 0.1760
0.5258, 0.1760
0.5258, 0.1760
0.5305, 0.1760
0.5305, 0.1760
0.5305, 0.1760
0.5305, 0.1760
0.5305, 0.1760
0.5305, 0.1760
0.5305, 0.1735
0.5305, 0.1735
0.5305, 0.1735
0.5305, 0.1735
0.5305, 0.1735
0.5352, 0.1735
0.5352, 0.1735
0.5352, 0.1735
0.5399, 0.1709
0.5399, 0.1709
0.5399, 0.1709
0.5399, 0.1709
0.5399, 0.1709
0.5399, 0.1709
0.5399, 0.1709
0.5399, 0.1709
0.5399, 0.1709
0.5399, 0.1709
0.5399, 0.1709
0.5399, 0.1709
0.5399, 0.1709
0.5399, 0.1709
0.5399, 0.1709
0.5446, 0.1709
0.5446, 0.1709
0.5446, 0.1709
0.5446, 0.1709
0.5446, 0.1709
0.5446, 0.1709
0.5493, 0.1684
0.5493, 0.1684
0.5493, 0.1684
0.5493, 0.1684
0.5493, 0.1684
0.5493, 0.1684
0.5540, 0.1658
0.5540, 0.1658
0.5540, 0.1658
0.5540, 0.1658
0.5540, 0.1658
0.5540, 0.1658
0.5540, 0.1633
0.5540, 0.1633
0.5540, 0.1633
0.5540, 0.1633
0.5540, 0.1633
0.5540, 0.1633
0.5587, 0.1633
0.5587, 0.1633
0.5587, 0.1633
0.5587, 0.1633
0.5587, 0.1633
0.5634, 0.1633
0.5634, 0.1633
0.5634, 0.1633
0.5634, 0.1607
0.5634, 0.1607
0.5634, 0.1607
0.5634, 0.1607
0.5634, 0.1607
0.5634, 0.1607
0.5634, 0.1607
0.5634, 0.1607
0.5634, 0.1607
0.5634, 0.1582
0.5634, 0.1582
0.5634, 0.1582
0.5634, 0.1582
0.5634, 0.1582
0.5634, 0.1582
0.5681, 0.1582
0.5681, 0.1582
0.5681, 0.1582
0.5681, 0.1582
0.5681, 0.1582
0.5681, 0.1582
0.5728, 0.1556
0.5728, 0.1556
0.5728, 0.1531
0.5728, 0.1531
0.5728, 0.1531
0.5728, 0.1531
0.5728, 0.1531
0.5728, 0.1531
0.5728, 0.1531
0.5728, 0.1531
0.5728, 0.1531
0.5775, 0.1531
0.5775, 0.1531
0.5775, 0.1531
0.5775, 0.1531
0.5775, 0.1531
0.5775, 0.1531
0.5775, 0.1505
0.5775, 0.1505
0.5775, 0.1505
0.5775, 0.1505
0.5775, 0.1505
0.5775, 0.1505
0.5775, 0.1505
0.5775, 0.1505
0.5775, 0.1480
0.5775, 0.1480
0.5775, 0.1480
0.5822, 0.1480
0.5822, 0.1480
0.5822, 0.1480
0.5822, 0.1480
0.5822, 0.1480
0.5822, 0.1480
0.5822, 0.1454
0.5822, 0.1454
0.5822, 0.1454
0.5822, 0.1454
0.5822, 0.1454
0.5869, 0.1454
0.5869, 0.1454
0.5869, 0.1454
0.5869, 0.1429
0.5869, 0.1429
0.5869, 0.1429
0.5869, 0.1403
0.5869, 0.1403
0.5869, 0.1403
0.5869, 0.1403
0.5869, 0.1403
0.5869, 0.1403
0.5869, 0.1403
0.5869, 0.1403
0.5869, 0.1403
0.5869, 0.1403
0.5869, 0.1403
0.5869, 0.1378
0.5869, 0.1378
0.5869, 0.1378
0.5869, 0.1352
0.5869, 0.1352
0.5869, 0.1352
0.5915, 0.1352
0.5915, 0.1352
0.5915, 0.1327
0.5915, 0.1327
0.5915, 0.1327
0.5915, 0.1327
0.5915, 0.1327
0.5915, 0.1327
0.5915, 0.1327
0.5915, 0.1327
0.5915, 0.1327
0.5915, 0.1301
0.5915, 0.1301
0.5915, 0.1301
0.5915, 0.1301
0.5915, 0.1301
0.5915, 0.1301
0.5915, 0.1276
0.5915, 0.1276
0.5915, 0.1276
0.5915, 0.1276
0.5915, 0.1276
0.5915, 0.1276
0.5915, 0.1276
0.5915, 0.1276
0.5915, 0.1250
0.5915, 0.1250
0.5915, 0.1250
0.5915, 0.1250
0.5915, 0.1250
0.5915, 0.1224
0.5915, 0.1224
0.5915, 0.1224
0.5915, 0.1199
0.5915, 0.1199
0.5915, 0.1199
0.5962, 0.1199
0.5962, 0.1199
0.5962, 0.1199
0.5962, 0.1199
0.5962, 0.1199
0.5962, 0.1199
0.5962, 0.1199
0.5962, 0.1199
0.5962, 0.1173
0.5962, 0.1173
0.5962, 0.1173
0.5962, 0.1173
0.5962, 0.1173
0.5962, 0.1148
0.5962, 0.1148
0.5962, 0.1148
0.5962, 0.1148
0.5962, 0.1148
0.5962, 0.1148
0.5962, 0.1148
0.5962, 0.1148
0.5962, 0.1148
0.5962, 0.1122
0.5962, 0.1122
0.5962, 0.1122
0.5962, 0.1097
0.5962, 0.1097
0.5962, 0.1071
0.5962, 0.1071
0.5962, 0.1071
0.5962, 0.1071
0.5962, 0.1071
0.5962, 0.1071
0.5962, 0.1071
0.5962, 0.1071
0.5962, 0.1046
0.5962, 0.1046
0.5962, 0.1046
0.5962, 0.1046
0.5962, 0.1046
0.5962, 0.1046
0.5962, 0.1020
0.5962, 0.1020
0.5962, 0.1020
0.5962, 0.1020
0.5962, 0.1020
0.5962, 0.1020
0.5962, 0.1020
0.5962, 0.1020
0.5962, 0.0995
0.5962, 0.0995
0.5962, 0.0995
0.5962, 0.0995
0.5962, 0.0995
0.5962, 0.0995
0.5962, 0.0969
0.5962, 0.0969
0.5962, 0.0969
0.5962, 0.0944
0.5962, 0.0944
0.5962, 0.0944
0.5962, 0.0944
0.5962, 0.0944
0.5962, 0.0944
0.5962, 0.0944
0.5962, 0.0944
0.5962, 0.0918
0.5962, 0.0918
0.5962, 0.0918
0.5962, 0.0918
0.5962, 0.0918
0.5962, 0.0918
0.5962, 0.0893
0.5962, 0.0893
0.5962, 0.0893
0.5962, 0.0893
0.5962, 0.0893
0.5962, 0.0893
0.5962, 0.0893
0.5962, 0.0893
0.5962, 0.0893
0.5962, 0.0893
0.5962, 0.0893
0.5962, 0.0867
0.5962, 0.0867
0.5962, 0.0867
0.5962, 0.0867
0.5962, 0.0867
0.5962, 0.0867
0.5962, 0.0842
0.5962, 0.0842
0.5962, 0.0842
0.5962, 0.0842
0.5962, 0.0842
0.5962, 0.0842
0.5962, 0.0816
0.5962, 0.0816
0.5962, 0.0816
0.5962, 0.0816
0.5962, 0.0816
0.5962, 0.0816
0.5962, 0.0816
0.5962, 0.0816
0.5962, 0.0816
0.5962, 0.0816
0.5962, 0.0816
0.5962, 0.0791
0.5962, 0.0791
0.5962, 0.0791
0.5962, 0.0791
0.5962, 0.0791
0.5962, 0.0765
0.5962, 0.0765
0.5962, 0.0765
0.5915, 0.0765
0.5915, 0.0765
0.5915, 0.0765
0.5915, 0.0765
0.5915, 0.0765
0.5915, 0.0765
0.5915, 0.0740
0.5915, 0.0740
0.5915, 0.0714
0.5915, 0.0714
0.5915, 0.0714
0.5915, 0.0714
0.5915, 0.0714
0.5915, 0.0714
0.5915, 0.0714
0.5915, 0.0714
0.5915, 0.0714
0.5915, 0.0714
0.5915, 0.0714
0.5915, 0.0714
0.5915, 0.0689
0.5915, 0.0689
0.5915, 0.0663
0.5915, 0.0663
0.5915, 0.0663
0.5915, 0.0663
0.5915, 0.0663
0.5869, 0.0638
0.5869, 0.0638
0.5869, 0.0638
0.5869, 0.0638
0.5869, 0.0638
0.5869, 0.0638
0.5869, 0.0638
0.5869, 0.0638
0.5869, 0.0638
0.5869, 0.0638
0.5869, 0.0638
0.5869, 0.0638
0.5822, 0.0612
0.5822, 0.0612
0.5822, 0.0612
0.5822, 0.0587
0.5822, 0.0587
0.5822, 0.0587
0.5822, 0.0587
0.5822, 0.0587
0.5822, 0.0587
0.5822, 0.0587
0.5822, 0.0587
0.5775, 0.0587
0.5775, 0.0587
0.5775, 0.0587
0.5775, 0.0561
0.5775, 0.0561
0.5775, 0.0561
0.5775, 0.0561
0.5775, 0.0561
0.5775, 0.0536
0.5775, 0.0536
0.5775, 0.0536
0.5775, 0.0536
0.5775, 0.0536
0.5775, 0.0536
0.5775, 0.0510
0.5775, 0.0510
0.5775, 0.0510
0.5775, 0.0510
0.5775, 0.0510
0.5728, 0.0510
0.5728, 0.0510
0.5728, 0.0510
0.5728, 0.0510
0.5728, 0.0510
0.5681, 0.0485
0.5681, 0.0485
0.5681, 0.0485
0.5681, 0.0459
0.5681, 0.0459
0.5681, 0.0459
0.5681, 0.0459
0.5681, 0.0459
0.5681, 0.0459
0.5681, 0.0459
0.5681, 0.0459
0.5681, 0.0459
0.5681, 0.0459
0.5681, 0.0459
0.5681, 0.0459
0.5681, 0.0459
0.5681, 0.0459
0.5681, 0.0459
0.5681, 0.0459
0.5681, 0.0459
0.5681, 0.0434
0.5681, 0.0434
0.5681, 0.0434
0.5634, 0.0434
0.5634, 0.0434
0.5634, 0.0408
0.5634, 0.0408
0.5634, 0.0408
0.5634, 0.0408
0.5634, 0.0408
0.5634, 0.0408
0.5634, 0.0383
0.5634, 0.0383
0.5634, 0.0383
0.5587, 0.0383
0.5587, 0.0383
0.5587, 0.0383
0.5587, 0.0383
0.5587, 0.0383
0.5587, 0.0383
0.5587, 0.0383
0.5587, 0.0383
0.5587, 0.0357
0.5587, 0.0357
0.5587, 0.0357
0.5587, 0.0357
0.5587, 0.0357
0.5540, 0.0332
0.5540, 0.0332
0.5540, 0.0332
0.5540, 0.0332
0.5540, 0.0332
0.5540, 0.0332
0.5540, 0.0332
0.5540, 0.0332
0.5493, 0.0306
0.5493, 0.0306
0.5493, 0.0306
0.5493, 0.0306
0.5493, 0.0306
0.5493, 0.0306
0.5493, 0.0281
0.5493, 0.0281
0.5446, 0.0255
0.5446, 0.0255
0.5446, 0.0255
0.5446, 0.0255
0.5446, 0.0255
0.5446, 0.0255
0.5446, 0.0255
0.5446, 0.0255
0.5446, 0.0255
0.5446, 0.0255
0.5446, 0.0255
0.5399, 0.0255
0.5399, 0.0255
0.5399, 0.0255
0.5399, 0.0230
0.5399, 0.0230
0.5399, 0.0230
0.5399, 0.0230
0.5399, 0.0230
0.5352, 0.0204
0.5352, 0.0204
0.5352, 0.0204
0.5352, 0.0204
0.5352, 0.0204
0.5352, 0.0204
0.5352, 0.0204
0.5352, 0.0204
0.5352, 0.0204
0.5352, 0.0204
0.5352, 0.0204
0.5305, 0.0204
0.5305, 0.0204
0.5305, 0.0204
0.5305, 0.0179
0.5305, 0.0179
0.5305, 0.0179
0.5305, 0.0179
0.5305, 0.0179
0.5258, 0.0179
0.5258, 0.0179
0.5258, 0.0179
0.5258, 0.0179
0.5258, 0.0179
0.5258, 0.0179
0.5258, 0.0179
0.5258, 0.0179
0.5258, 0.0153
0.5258, 0.0153
0.5211, 0.0153
0.5211, 0.0153
0.5211, 0.0153
0.5211, 0.0153
0.5211, 0.0128
0.5211, 0.0128
0.5164, 0.0128
0.5164, 0.0128
0.5164, 0.0128
0.5164, 0.0128
0.5164, 0.0128
0.5117, 0.0128
0.5117, 0.0128
0.5117, 0.0128
0.5117, 0.0128
0.5070, 0.0128
0.5070, 0.0128
0.5070, 0.0128
0.5070, 0.0128
0.5023, 0.0102
0.5023, 0.0102
0.4977, 0.0102
0.4977, 0.0102
0.4977, 0.0102
0.4977, 0.0102
0.4977, 0.0102
0.4977, 0.0102
0.4930, 0.0102
0.4930, 0.0102
0.4883, 0.0077
0.4883, 0.0077
0.4883, 0.0077
0.4883, 0.0077
0.4883, 0.0077
0.4883, 0.0077
0.4883, 0.0077
0.4836, 0.0077
0.4836, 0.0077
0.4789, 0.0077
0.4789, 0.0077
0.4789, 0.0077
0.4789, 0.0077
0.4742, 0.0077
0.4742, 0.0077
0.4742, 0.0077
0.4742, 0.0077
0.4742, 0.0077
0.4695, 0.0077
0.4695, 0.0077
0.4695, 0.0077
0.4695, 0.0077
0.4648, 0.0077
0.4648, 0.0077
0.4648, 0.0077
0.4648, 0.0077
0.4648, 0.0077
0.4601, 0.0077
0.4601, 0.0077
0.4601, 0.0077
0.4601, 0.0077
0.4554, 0.0077
0.4554, 0.0077
0.4507, 0.0077
0.4507, 0.0077
0.4507, 0.0051
0.4507, 0.0051
0.4460, 0.0051
0.4460, 0.0051
0.4460, 0.0051
0.4460, 0.0051
0.4460, 0.0051
0.4413, 0.0051
0.4413, 0.0051
0.4413, 0.0051
0.4413, 0.0051
0.4366, 0.0026
0.4366, 0.0026
0.4319, 0.0026
0.4319, 0.0026
0.4272, 0.0026
0.4272, 0.0026
0.4272, 0.0026
0.4272, 0.0026
0.4225, 0.0000
0.4225, 0.0000
0.4178, 0.0000
0.4178, 0.0000
0.4178, 0.0000
0.4178, 0.0000
0.4178, 0.0000
0.4131, 0.0000
0.4131, 0.0000
0.4131, 0.0000
0.4131, 0.0000
0.4085, 0.0000
0.4085, 0.0000
0.4085, 0.0000
0.4085, 0.0000
0.4038, 0.0000
0.4038, 0.0000
0.3991, 0.0000
0.3991, 0.0000
0.3944, 0.0000
0.3944, 0.0000
0.3944, 0.0000
0.3944, 0.0000
0.3944, 0.0000
0.3944, 0.0000
0.3944, 0.0000
0.3897, 0.0000
0.3897, 0.0000
0.3897, 0.0000
0.3897, 0.0000
0.3850, 0.0000
0.3850, 0.0000
0.3850, 0.0000
0.3850, 0.0000
0.3803, 0.0000
0.3803, 0.0000
0.3803, 0.0000
0.3803, 0.0000
0.3803, 0.0000
0.3756, 0.0000
0.3756, 0.0000
0.3709, 0.0000
0.3709, 0.0000
0.3709, 0.0000
0.3709, 0.0000
0.3662, 0.0000
0.3662, 0.0000
0.3662, 0.0000
0.3662, 0.0000
0.3615, 0.0000
0.3615, 0.0000
0.3615, 0.0000
0.3615, 0.0000
0.3615, 0.0000
0.3568, 0.0000
0.3568, 0.0000
0.3568, 0.0000
0.3568, 0.0000
0.3521, 0.0000
0.3521, 0.0000
0.3474, 0.0000
0.3474, 0.0000
0.3427, 0.0000
0.3427, 0.0000
0.3380, 0.0000
0.3380, 0.0000
0.3333, 0.0000
0.3333, 0.0000
0.3333, 0.0000
0.3333, 0.0000
0.3286, 0.0000
0.3286, 0.0000
0.3286, 0.0000
0.3286, 0.0000
0.3286, 0.0000
0.3239, 0.0000
0.3239, 0.0000
0.3239, 0.0000
0.3239, 0.0000
0.3192, 0.0000
0.3192, 0.0000
0.3146, 0.0000
0.3146, 0.0000
0.3146, 0.0000
0.3146, 0.0000
0.3146, 0.0000
0.3146, 0.0000
0.3099, 0.0000
0.3099, 0.0000
0.3099, 0.0000
0.3099, 0.0000
0.3099, 0.0000
0.3052, 0.0000
0.3052, 0.0000
0.3052, 0.0000
0.3052, 0.0000
0.3005, 0.0000
0.3005, 0.0000
0.3005, 0.0000
0.3005, 0.0000
0.3005, 0.0000
0.3005, 0.0000
0.3005, 0.0000
0.2958, 0.0000
0.2958, 0.0000
0.2911, 0.0000
0.2911, 0.0000
0.2911, 0.0000
0.2911, 0.0000
0.2864, 0.0000
0.2864, 0.0000
0.2817, 0.0000
0.2817, 0.0000
0.2770, 0.0000
0.2770, 0.0000
0.2770, 0.0000
0.2770, 0.0000
0.2770, 0.0000
0.2723, 0.0000
0.2723, 0.0000
0.2676, 0.0000
0.2676, 0.0000
0.2676, 0.0000
0.2676, 0.0000
0.2629, 0.0000
0.2629, 0.0000
0.2582, 0.0000
0.2582, 0.0000
0.2535, 0.0000
0.2535, 0.0000
0.2535, 0.0000
0.2535, 0.0000
0.2535, 0.0000
0.2488, 0.0000
0.2488, 0.0000
0.2441, 0.0000
0.2441, 0.0000
0.2441, 0.0000
0.2441, 0.0000
0.2394, 0.0026
0.2394, 0.0026
0.2347, 0.0026
0.2347, 0.0026
0.2300, 0.0026
0.2300, 0.0026
0.2254, 0.0051
0.2254, 0.0051
0.2207, 0.0051
0.2207, 0.0051
0.2160, 0.0051
0.2160, 0.0051
0.2113, 0.0051
0.2113, 0.0051
0.2066, 0.0051
0.2066, 0.0051
0.2066, 0.0077
0.2066, 0.0077
0.2019, 0.0077
0.2019, 0.0077
0.1972, 0.0077
0.1972, 0.0077
0.1972, 0.0077
0.1972, 0.0077
0.1972, 0.0077
0.1925, 0.0077
0.1925, 0.0077
0.1925, 0.0102
0.1925, 0.0102
0.1925, 0.0102
0.1925, 0.0102
0.1925, 0.0102
0.1925, 0.0102
0.1925, 0.0102
0.1925, 0.0102
0.1925, 0.0102
0.1878, 0.0102
0.1831, 0.0128
0.1831, 0.0128
0.1831, 0.0128
0.1831, 0.0128
0.1831, 0.0128
0.1784, 0.0128
0.1784, 0.0128
0.1737, 0.0128
0.1737, 0.0128
0.1737, 0.0128
0.1737, 0.0128
0.1690, 0.0128
0.1690, 0.0128
0.1690, 0.0128
0.1690, 0.0128
0.1690, 0.0128
0.1690, 0.0128
0.1690, 0.0128
0.1690, 0.0128
0.1690, 0.0128
0.1690, 0.0128
0.1690, 0.0128
0.1690, 0.0128
0.1690, 0.0128
0.1690, 0.0128
0.1690, 0.0128
0.1690, 0.0128
0.1690, 0.0128
0.1690, 0.0128
0.1690, 0.0128
0.1690, 0.0128
0.1690, 0.0128
0.1643, 0.0128
0.1643, 0.0128
0.1596, 0.0153
0.1596, 0.0153
0.1596, 0.0153
0.1596, 0.0153
0.1596, 0.0153
0.1596, 0.0153
0.1596, 0.0153
0.1596, 0.0153
0.1596, 0.0153
0.1596, 0.0153
0.1596, 0.0153
0.1596, 0.0153
0.1596, 0.0153
0.1596, 0.0153
0.1596, 0.0153
0.1596, 0.0153
0.1596, 0.0153
0.1596, 0.0153
0.1596, 0.0153
0.1596, 0.0153
0.1596, 0.0153
0.1596, 0.0153
0.1596, 0.0153
0.1596, 0.0153
0.1596, 0.0153
0.1596, 0.0153
0.1596, 0.0153
0.1596, 0.0153
0.1596, 0.0153
0.1596, 0.0153
0.1596, 0.0153
0.1596, 0.0153
0.1596, 0.0153
0.1596, 0.0153
0.1596, 0.0153
0.1596, 0.0153
0.1596, 0.0153
0.1596, 0.0153
0.1596, 0.0153
0.1596, 0.0153
0.1596, 0.0153
0.1596, 0.0153
0.1596, 0.0153
0.1596, 0.0153
0.1596, 0.0153
0.1596, 0.0153
0.1596, 0.0153
0.1596, 0.0153
0.1596, 0.0153
0.1596, 0.0153
0.1596, 0.0153
0.1596, 0.0153
0.1596, 0.0153
0.1596, 0.0153
0.1596, 0.0153
0.1596, 0.0153
0.1596, 0.0153
0.1596, 0.0153
0.1596, 0.0153
0.1596, 0.0153
0.1596, 0.0153
0.1596, 0.0153
0.1596, 0.0153
0.1596, 0.0153
0.1596, 0.0153
0.1596, 0.0153
0.1596, 0.0153
0.1596, 0.0153
0.1596, 0.0153
0.1596, 0.0153
0.1596, 0.0153
0.1596, 0.0153
0.1596, 0.0153
0.1596, 0.0153
0.1596, 0.0153
0.1596, 0.0153
0.1596, 0.0153
0.1596, 0.0153
0.5728, 0.3087
0.5728, 0.3087
0.5728, 0.3087
0.5728, 0.3087
0.5728, 0.3087
0.5728, 0.3087
0.5728, 0.3087
0.5728, 0.3087
0.5728, 0.3087
0.5728, 0.3087
0.5728, 0.3087
0.5728, 0.3087
0.5728, 0.3087
0.5728, 0.3087
0.5728, 0.3087
0.5728, 0.3087
0.5728, 0.3087
0.5728, 0.3087
0.5728, 0.3087
0.5728, 0.3087
0.5728, 0.3087
0.5728, 0.3087
0.5728, 0.3087
0.5728, 0.3087
0.5728, 0.3087
0.5728, 0.3087
0.5728, 0.3087
0.5728, 0.3087
0.5728, 0.3087
0.5728, 0.3087
0.5728, 0.3087
0.5728, 0.3087
0.5728, 0.3087
0.5728, 0.3087
0.5728, 0.3087
0.5728, 0.3087
0.5728, 0.3087
0.5728, 0.3087
0.5728, 0.3087
0.5728, 0.3087
0.5728, 0.3087
0.5728, 0.3087
0.5728, 0.3087
0.5728, 0.3087
0.5728, 0.3087
0.5728, 0.3087
0.5728, 0.3087
0.5728, 0.3087
0.5728, 0.3087
0.5728, 0.3087
0.5728, 0.3087
0.5728, 0.3087
0.5728, 0.3087
0.5728, 0.3087
0.5728, 0.3087
0.5728, 0.3087
0.5728, 0.3087
0.5728, 0.3087
0.5728, 0.3087
0.5728, 0.3087
0.5728, 0.3087
0.5728, 0.3087
0.5728, 0.3087
0.5728, 0.3087
0.5728, 0.3087
0.5728, 0.3087
0.5728, 0.3087
0.5728, 0.3087
0.5728, 0.3087
0.5728, 0.3087
0.5728, 0.3087
0.5728, 0.3087
0.5728, 0.3087
0.5728, 0.3087
0.5728, 0.3087
0.5728, 0.3087
0.5728, 0.3087
0.5775, 0.3087
0.5775, 0.3087
0.5775, 0.3087
0.5775, 0.3087
0.5775, 0.3087
0.5775, 0.3087
0.5775, 0.3087
0.5775, 0.3112
0.5775, 0.3112
0.5775, 0.3112
0.5775, 0.3112
0.5775, 0.3112
0.5775, 0.3112
0.5775, 0.3112
0.5775, 0.3112
0.5775, 0.3112
0.5775, 0.3112
0.5775, 0.3112
0.5775, 0.3112
0.5822, 0.3112
0.5822, 0.3112
0.5822, 0.3112
0.5822, 0.3112
0.5822, 0.3112
0.5822, 0.3112
0.5822, 0.3112
0.5822, 0.3112
0.5822, 0.3112
0.5822, 0.3112
0.5869, 0.3112
0.5869, 0.3112
0.5869, 0.3112
0.5869, 0.3138
0.5869, 0.3138
0.5869, 0.3138
0.5869, 0.3138
0.5869, 0.3138
0.5869, 0.3138
0.5869, 0.3138
0.5869, 0.3138
0.5869, 0.3138
0.5869, 0.3138
0.5869, 0.3138
0.5869, 0.3138
0.5869, 0.3138
0.5869, 0.3138
0.5869, 0.3138
0.5869, 0.3138
0.5869, 0.3138
0.5915, 0.3138
0.5915, 0.3138
0.5915, 0.3138
0.5915, 0.3163
0.5915, 0.3163
0.5915, 0.3163
0.5915, 0.3163
0.5915, 0.3163
0.5915, 0.3163
0.5962, 0.3163
0.5962, 0.3163
0.5962, 0.3163
0.5962, 0.3163
0.5962, 0.3163
0.5962, 0.3163
0.5962, 0.3163
0.5962, 0.3163
0.5962, 0.3163
0.5962, 0.3163
0.6009, 0.3163
0.6009, 0.3163
0.6009, 0.3163
0.6009, 0.3163
0.6009, 0.3163
0.6009, 0.3163
0.6009, 0.3163
0.6009, 0.3163
0.6009, 0.3163
0.6009, 0.3163
0.6009, 0.3163
0.6009, 0.3163
0.6009, 0.3163
0.6009, 0.3163
0.6009, 0.3163
0.6009, 0.3163
0.6009, 0.3163
0.6009, 0.3163
0.6009, 0.3163
0.6009, 0.3163
0.6009, 0.3189
0.6009, 0.3189
0.6009, 0.3189
0.6056, 0.3189
0.6056, 0.3189
0.6056, 0.3189
0.6056, 0.3189
0.6056, 0.3189
0.6056, 0.3189
0.6056, 0.3189
0.6056, 0.3189
0.6056, 0.3189
0.6056, 0.3189
0.6056, 0.3189
0.6056, 0.3189
0.6056, 0.3189
0.6056, 0.3189
0.6056, 0.3189
0.6056, 0.3189
0.6056, 0.3189
0.6056, 0.3189
0.6056, 0.3189
0.6103, 0.3214
0.6103, 0.3214
0.6103, 0.3214
0.6103, 0.3214
0.6103, 0.3214
0.6103, 0.3214
0.6103, 0.3214
0.6103, 0.3214
0.6103, 0.3214
0.6103, 0.3214
0.6103, 0.3214
0.6103, 0.3214
0.6103, 0.3214
0.6103, 0.3214
0.6103, 0.3214
0.6103, 0.3214
0.6103, 0.3214
0.6103, 0.3214
0.6103, 0.3214
0.6103, 0.3240
0.6103, 0.3240
0.6103, 0.3240
0.6103, 0.3240
0.6103, 0.3240
0.6103, 0.3240
0.6103, 0.3240
0.6103, 0.3240
0.6103, 0.3240
0.6103, 0.3240
0.6150, 0.3240
0.6150, 0.3240
0.6150, 0.3240
0.6150, 0.3240
0.6150, 0.3240
0.6150, 0.3240
0.6150, 0.3240
0.6150, 0.3240
0.6150, 0.3240
0.6197, 0.3240
0.6197, 0.3240
0.6197, 0.3240
0.6197, 0.3240
0.6197, 0.3240
0.6197, 0.3240
0.6197, 0.3240
0.6244, 0.3265
0.6244, 0.3265
0.6244, 0.3265
0.6244, 0.3265
0.6244, 0.3265
0.6244, 0.3265
0.6244, 0.3265
0.6244, 0.3265
0.6244, 0.3265
0.6244, 0.3265
0.6244, 0.3265
0.6244, 0.3265
0.6244, 0.3291
0.6244, 0.3291
0.6244, 0.3291
0.6291, 0.3291
0.6291, 0.3291
0.6291, 0.3291
0.6291, 0.3291
0.6291, 0.3291
0.6291, 0.3291
0.6291, 0.3291
0.6291, 0.3291
0.6291, 0.3291
0.6291, 0.3291
0.6291, 0.3291
0.6291, 0.3291
0.6291, 0.3291
0.6338, 0.3291
0.6338, 0.3291
0.6338, 0.3291
0.6338, 0.3291
0.6338, 0.3291
0.6338, 0.3291
0.6338, 0.3291
0.6338, 0.3291
0.6338, 0.3291
0.6338, 0.3291
0.6338, 0.3291
0.6338, 0.3291
0.6338, 0.3291
0.6338, 0.3291
0.6338, 0.3291
0.6338, 0.3316
0.6338, 0.3316
0.6338, 0.3316
0.6385, 0.3316
0.6385, 0.3316
0.6385, 0.3316
0.6385, 0.3316
0.6385, 0.3316
0.6385, 0.3316
0.6432, 0.3316
0.6432, 0.3316
0.6432, 0.3316
0.6479, 0.3342
0.6479, 0.3342
0.6479, 0.3342
0.6479, 0.3342
0.6479, 0.3342
0.6479, 0.3342
0.6526, 0.3342
0.6526, 0.3342
0.6526, 0.3342
0.6573, 0.3342
0.6573, 0.3342
0.6573, 0.3367
0.6573, 0.3367
0.6573, 0.3367
0.6573, 0.3367
0.6573, 0.3367
0.6573, 0.3367
0.6620, 0.3367
0.6620, 0.3367
0.6620, 0.3367
0.6620, 0.3367
0.6620, 0.3367
0.6620, 0.3367
0.6620, 0.3367
0.6667, 0.3367
0.6667, 0.3367
0.6667, 0.3367
0.6667, 0.3367
0.6667, 0.3367
0.6667, 0.3367
0.6667, 0.3367
0.6667, 0.3367
0.6667, 0.3367
0.6667, 0.3367
0.6667, 0.3367
0.6667, 0.3367
0.6667, 0.3367
0.6714, 0.3367
0.6714, 0.3367
0.6714, 0.3367
0.6714, 0.3367
0.6714, 0.3367
0.6714, 0.3367
0.6714, 0.3367
0.6714, 0.3367
0.6714, 0.3367
0.6714, 0.3367
0.6714, 0.3367
0.6714, 0.3367
0.6761, 0.3367
0.6761, 0.3367
0.6761, 0.3367
0.6761, 0.3367
0.6761, 0.3367
0.6761, 0.3367
0.6808, 0.3367
0.6808, 0.3367
0.6808, 0.3367
0.6808, 0.3367
0.6808, 0.3367
0.6808, 0.3367
0.6808, 0.3367
0.6808, 0.3367
0.6808, 0.3367
0.6854, 0.3367
0.6854, 0.3367
0.6854, 0.3367
0.6901, 0.3367
0.6901, 0.3367
0.6901, 0.3367
0.6901, 0.3367
0.6901, 0.3367
0.6901, 0.3367
0.6948, 0.3367
0.6948, 0.3367
0.6948, 0.3367
0.6948, 0.3367
0.6948, 0.3367
0.6948, 0.3367
0.6995, 0.3367
0.6995, 0.3367
0.6995, 0.3367
0.6995, 0.3367
0.6995, 0.3367
0.6995, 0.3367
0.6995, 0.3367
0.6995, 0.3367
0.6995, 0.3367
0.7042, 0.3367
0.7042, 0.3367
0.7042, 0.3367
0.7042, 0.3367
0.7042, 0.3367
0.7042, 0.3367
0.7042, 0.3367
0.7042, 0.3367
0.7042, 0.3367
0.7042, 0.3367
0.7042, 0.3367
0.7042, 0.3367
0.7042, 0.3367
0.7042, 0.3367
0.7042, 0.3367
0.7089, 0.3367
0.7089, 0.3367
0.7089, 0.3367
0.7089, 0.3367
0.7089, 0.3367
0.7089, 0.3367
0.7089, 0.3367
0.7089, 0.3367
0.7089, 0.3367
0.7136, 0.3367
0.7136, 0.3367
0.7136, 0.3367
0.7136, 0.3367
0.7136, 0.3367
0.7136, 0.3367
0.7136, 0.3367
0.7136, 0.3367
0.7136, 0.3367
0.7136, 0.3367
0.7136, 0.3367
0.7136, 0.3367
0.7183, 0.3367
0.7183, 0.3367
0.7183, 0.3367
0.7183, 0.3367
0.7183, 0.3367
0.7183, 0.3367
0.7183, 0.3367
0.7183, 0.3367
0.7183, 0.3367
0.7230, 0.3367
0.7230, 0.3367
0.7230, 0.3367
0.7230, 0.3367
0.7230, 0.3367
0.7230, 0.3367
0.7230, 0.3367
0.7277, 0.3367
0.7277, 0.3367
0.7277, 0.3367
0.7277, 0.3367
0.7277, 0.3367
0.7277, 0.3367
0.7277, 0.3367
0.7277, 0.3367
0.7277, 0.3367
0.7277, 0.3367
0.7277, 0.3367
0.7277, 0.3367
0.7324, 0.3367
0.7324, 0.3367
0.7324, 0.3367
0.7324, 0.3367
0.7324, 0.3367
0.7324, 0.3367
0.7324, 0.3367
0.7324, 0.3367
0.7371, 0.3367
0.7371, 0.3367
0.7371, 0.3367
0.7371, 0.3367
0.7371, 0.3367
0.7371, 0.3367
0.7371, 0.3367
0.7371, 0.3367
0.7371, 0.3367
0.7371, 0.3367
0.7371, 0.3342
0.7371, 0.3342
0.7371, 0.3342
0.7371, 0.3342
0.7371, 0.3342
0.7418, 0.3342
0.7418, 0.3342
0.7418, 0.3342
0.7418, 0.3316
0.7418, 0.3316
0.7418, 0.3316
0.7465, 0.3316
0.7465, 0.3316
0.7465, 0.3316
0.7465, 0.3316
0.7465, 0.3316
0.7465, 0.3316
0.7512, 0.3316
0.7512, 0.3316
0.7512, 0.3316
0.7512, 0.3316
0.7512, 0.3316
0.7512, 0.3316
0.7512, 0.3316
0.7512, 0.3316
0.7512, 0.3291
0.7512, 0.3291
0.7512, 0.3291
0.7559, 0.3291
0.7559, 0.3291
0.7559, 0.3291
0.7559, 0.3265
0.7559, 0.3265
0.7559, 0.3265
0.7606, 0.3265
0.7606, 0.3265
0.7606, 0.3265
0.7606, 0.3265
0.7606, 0.3265
0.7606, 0.3265
0.7606, 0.3265
0.7606, 0.3265
0.7606, 0.3265
0.7606, 0.3265
0.7606, 0.3265
0.7606, 0.3265
0.7606, 0.3265
0.7606, 0.3265
0.7606, 0.3265
0.7653, 0.3265
0.7653, 0.3265
0.7653, 0.3265
0.7653, 0.3240
0.7653, 0.3240
0.7653, 0.3240
0.7653, 0.3240
0.7653, 0.3240
0.7653, 0.3240
0.7700, 0.3240
0.7700, 0.3240
0.7700, 0.3240
0.7700, 0.3214
0.7700, 0.3214
0.7746, 0.3214
0.7746, 0.3214
0.7746, 0.3214
0.7746, 0.3189
0.7746, 0.3189
0.7746, 0.3189
0.7746, 0.3189
0.7746, 0.3189
0.7746, 0.3189
0.7746, 0.3189
0.7746, 0.3189
0.7746, 0.3189
0.7746, 0.3189
0.7746, 0.3189
0.7746, 0.3189
0.7793, 0.3189
0.7793, 0.3189
0.7793, 0.3189
0.7793, 0.3189
0.7793, 0.3189
0.7793, 0.3189
0.7793, 0.3189
0.7793, 0.3189
0.7793, 0.3189
0.7793, 0.3163
0.7793, 0.3163
0.7793, 0.3163
0.7793, 0.3163
0.7793, 0.3163
0.7793, 0.3163
0.7840, 0.3163
0.7840, 0.3163
0.7840, 0.3163
0.7840, 0.3163
0.7840, 0.3163
0.7840, 0.3163
0.7840, 0.3163
0.7840, 0.3163
0.7840, 0.3138
0.7840, 0.3138
0.7840, 0.3138
0.7840, 0.3138
0.7840, 0.3138
0.7840, 0.3138
0.7840, 0.3138
0.7840, 0.3138
0.7840, 0.3138
0.7840, 0.3138
0.7840, 0.3138
0.7840, 0.3138
0.7840, 0.3138
0.7840, 0.3138
0.7840, 0.3138
0.7840, 0.3138
0.7840, 0.3138
0.7840, 0.3138
0.7887, 0.3112
0.7887, 0.3112
0.7887, 0.3112
0.7887, 0.3112
0.7887, 0.3112
0.7887, 0.3112
0.7887, 0.3112
0.7887, 0.3112
0.7887, 0.3112
0.7887, 0.3087
0.7887, 0.3087
0.7887, 0.3087
0.7887, 0.3087
0.7887, 0.3087
0.7887, 0.3087
0.7887, 0.3087
0.7887, 0.3087
0.7887, 0.3087
0.7934, 0.3087
0.7934, 0.3087
0.7934, 0.3061
0.7934, 0.3061
0.7934, 0.3061
0.7934, 0.3061
0.7934, 0.3061
0.7934, 0.3061
0.7981, 0.3036
0.7981, 0.3036
0.7981, 0.3036
0.7981, 0.3036
0.7981, 0.3036
0.7981, 0.3036
0.7981, 0.3010
0.7981, 0.3010
0.7981, 0.3010
0.7981, 0.3010
0.7981, 0.3010
0.7981, 0.3010
0.7981, 0.2985
0.7981, 0.2985
0.7981, 0.2985
0.7981, 0.2985
0.7981, 0.2985
0.7981, 0.2985
0.7981, 0.2959
0.7981, 0.2959
0.7981, 0.2959
0.7981, 0.2959
0.7981, 0.2959
0.8028, 0.2959
0.8028, 0.2959
0.8028, 0.2959
0.8028, 0.2934
0.8028, 0.2934
0.8028, 0.2934
0.8028, 0.2908
0.8028, 0.2908
0.8028, 0.2908
0.8028, 0.2908
0.8028, 0.2908
0.8028, 0.2883
0.8028, 0.2883
0.8028, 0.2883
0.8028, 0.2883
0.8028, 0.2883
0.8028, 0.2883
0.8075, 0.2857
0.8075, 0.2857
0.8075, 0.2857
0.8075, 0.2857
0.8075, 0.2857
0.8075, 0.2832
0.8075, 0.2832
0.8075, 0.2832
0.8075, 0.2832
0.8075, 0.2832
0.8075, 0.2832
0.8075, 0.2832
0.8075, 0.2806
0.8075, 0.2806
0.8075, 0.2806
0.8075, 0.2781
0.8075, 0.2781
0.8075, 0.2781
0.8075, 0.2781
0.8075, 0.2781
0.8075, 0.2755
0.8075, 0.2755
0.8075, 0.2755
0.8075, 0.2755
0.8075, 0.2755
0.8075, 0.2755
0.8075, 0.2755
0.8075, 0.2755
0.8075, 0.2755
0.8075, 0.2730
0.8075, 0.2730
0.8075, 0.2730
0.8075, 0.2704
0.8075, 0.2704
0.8075, 0.2704
0.8075, 0.2704
0.8075, 0.2704
0.8075, 0.2704
0.8075, 0.2704
0.8075, 0.2704
0.8075, 0.2704
0.8075, 0.2704
0.8075, 0.2704
0.8075, 0.2679
0.8075, 0.2679
0.8075, 0.2679
0.8075, 0.2679
0.8075, 0.2679
0.8075, 0.2679
0.8122, 0.2653
0.8122, 0.2653
0.8122, 0.2653
0.8122, 0.2628
0.8122, 0.2628
0.8122, 0.2628
0.8122, 0.2628
0.8122, 0.2628
0.8122, 0.2628
0.8122, 0.2628
0.8122, 0.2628
0.8122, 0.2602
0.8122, 0.2602
0.8122, 0.2602
0.8122, 0.2602
0.8122, 0.2602
0.8122, 0.2602
0.8122, 0.2577
0.8122, 0.2577
0.8122, 0.2577
0.8122, 0.2577
0.8122, 0.2577
0.8122, 0.2577
0.8122, 0.2577
0.8122, 0.2577
0.8122, 0.2551
0.8122, 0.2551
0.8122, 0.2551
0.8122, 0.2551
0.8122, 0.2551
0.8122, 0.2551
0.8169, 0.2526
0.8169, 0.2526
0.8169, 0.2526
0.8169, 0.2500
0.8169, 0.2500
0.8169, 0.2500
0.8169, 0.2500
0.8169, 0.2500
0.8169, 0.2500
0.8169, 0.2500
0.8169, 0.2500
0.8169, 0.2474
0.8169, 0.2474
0.8169, 0.2474
0.8169, 0.2474
0.8169, 0.2474
0.8169, 0.2474
0.8169, 0.2449
0.8169, 0.2449
0.8169, 0.2449
0.8169, 0.2449
0.8169, 0.2449
0.8169, 0.2449
0.8169, 0.2449
0.8169, 0.2449
0.8169, 0.2449
0.8169, 0.2449
0.8169, 0.2449
0.8169, 0.2423
0.8169, 0.2423
0.8169, 0.2423
0.8169, 0.2398
0.8169, 0.2398
0.8169, 0.2398
0.8169, 0.2398
0.8169, 0.2398
0.8169, 0.2372
0.8169, 0.2372
0.8169, 0.2372
0.8169, 0.2372
0.8169, 0.2372
0.8169, 0.2372
0.8169, 0.2372
0.8169, 0.2372
0.8169, 0.2372
0.8216, 0.2347
0.8216, 0.2347
0.8216, 0.2321
0.8216, 0.2321
0.8216, 0.2321
0.8216, 0.2321
0.8216, 0.2321
0.8216, 0.2321
0.8216, 0.2296
0.8216, 0.2296
0.8216, 0.2296
0.8216, 0.2296
0.8216, 0.2296
0.8216, 0.2296
0.8216, 0.2270
0.8216, 0.2270
0.8216, 0.2270
0.8216, 0.2270
0.8216, 0.2270
0.8216, 0.2270
0.8216, 0.2270
0.8216, 0.2270
0.8216, 0.2245
0.8216, 0.2245
0.8216, 0.2245
0.8216, 0.2219
0.8216, 0.2219
0.8216, 0.2219
0.8216, 0.2219
0.8216, 0.2219
0.8216, 0.2194
0.8216, 0.2194
0.8216, 0.2194
0.8216, 0.2194
0.8216, 0.2194
0.8216, 0.2194
0.8216, 0.2194
0.8216, 0.2194
0.8216, 0.2168
0.8216, 0.2168
0.8216, 0.2168
0.8216, 0.2168
0.8216, 0.2168
0.8216, 0.2143
0.8216, 0.2143
0.8216, 0.2143
0.8216, 0.2143
0.8216, 0.2143
0.8216, 0.2143
0.8216, 0.2143
0.8216, 0.2143
0.8216, 0.2143
0.8216, 0.2117
0.8216, 0.2117
0.8216, 0.2117
0.8216, 0.2117
0.8216, 0.2117
0.8216, 0.2092
0.8216, 0.2092
0.8216, 0.2092
0.8216, 0.2092
0.8216, 0.2092
0.8216, 0.2092
0.8216, 0.2066
0.8216, 0.2066
0.8216, 0.2066
0.8216, 0.2066
0.8216, 0.2066
0.8216, 0.2066
0.8216, 0.2066
0.8216, 0.2066
0.8216, 0.2041
0.8216, 0.2041
0.8216, 0.2041
0.8216, 0.2041
0.8216, 0.2041
0.8216, 0.2041
0.8216, 0.2015
0.8216, 0.2015
0.8216, 0.2015
0.8216, 0.2015
0.8216, 0.2015
0.8216, 0.2015
0.8216, 0.2015
0.8216, 0.2015
0.8216, 0.2015
0.8216, 0.2015
0.8216, 0.2015
0.8216, 0.1990
0.8216, 0.1990
0.8216, 0.1990
0.8216, 0.1964
0.8216, 0.1964
0.8216, 0.1964
0.8216, 0.1964
0.8216, 0.1964
0.8216, 0.1939
0.8216, 0.1939
0.8216, 0.1939
0.8216, 0.1939
0.8216, 0.1939
0.8216, 0.1939
0.8216, 0.1939
0.8216, 0.1939
0.8216, 0.1939
0.8216, 0.1939
0.8216, 0.1939
0.8216, 0.1939
0.8216, 0.1913
0.8216, 0.1913
0.8216, 0.1913
0.8216, 0.1913
0.8216, 0.1913
0.8216, 0.1888
0.8216, 0.1888
0.8216, 0.1888
0.8216, 0.1888
0.8216, 0.1888
0.8216, 0.1862
0.8216, 0.1862
0.8216, 0.1862
0.8216, 0.1862
0.8216, 0.1862
0.8216, 0.1862
0.8216, 0.1837
0.8216, 0.1837
0.8216, 0.1811
0.8216, 0.1811
0.8216, 0.1811
0.8216, 0.1811
0.8216, 0.1811
0.8216, 0.1811
0.8216, 0.1811
0.8216, 0.1811
0.8216, 0.1811
0.8216, 0.1811
0.8216, 0.1811
0.8216, 0.1811
0.8216, 0.1811
0.8216, 0.1811
0.8216, 0.1786
0.8216, 0.1786
0.8216, 0.1786
0.8216, 0.1760
0.8216, 0.1760
0.8216, 0.1760
0.8216, 0.1760
0.8216, 0.1760
0.8216, 0.1760
0.8216, 0.1760
0.8216, 0.1760
0.8216, 0.1760
0.8216, 0.1760
0.8216, 0.1760
0.8216, 0.1735
0.8216, 0.1735
0.8216, 0.1735
0.8216, 0.1709
0.8216, 0.1709
0.8216, 0.1709
0.8216, 0.1709
0.8216, 0.1709
0.8216, 0.1684
0.8216, 0.1684
0.8216, 0.1684
0.8216, 0.1684
0.8216, 0.1684
0.8216, 0.1684
0.8216, 0.1658
0.8216, 0.1658
0.8216, 0.1658
0.8216, 0.1658
0.8216, 0.1658
0.8216, 0.1633
0.8216, 0.1633
0.8216, 0.1633
0.8216, 0.1633
0.8216, 0.1633
0.8216, 0.1633
0.8216, 0.1633
0.8216, 0.1633
0.8216, 0.1607
0.8216, 0.1607
0.8216, 0.1582
0.8216, 0.1582
0.8216, 0.1582
0.8216, 0.1582
0.8216, 0.1582
0.8216, 0.1582
0.8216, 0.1556
0.8216, 0.1556
0.8216, 0.1556
0.8216, 0.1556
0.8216, 0.1556
0.8216, 0.1556
0.8216, 0.1556
0.8216, 0.1556
0.8216, 0.1531
0.8216, 0.1531
0.8216, 0.1531
0.8216, 0.1531
0.8216, 0.1531
0.8216, 0.1531
0.8216, 0.1505
0.8216, 0.1505
0.8216, 0.1505
0.8216, 0.1505
0.8216, 0.1505
0.8216, 0.1480
0.8216, 0.1480
0.8216, 0.1480
0.8216, 0.1480
0.8216, 0.1480
0.8216, 0.1454
0.8216, 0.1454
0.8216, 0.1454
0.8216, 0.1454
0.8216, 0.1454
0.8216, 0.1454
0.8216, 0.1454
0.8216, 0.1454
0.8216, 0.1429
0.8216, 0.1429
0.8216, 0.1403
0.8216, 0.1403
0.8216, 0.1403
0.8216, 0.1403
0.8216, 0.1403
0.8216, 0.1403
0.8216, 0.1378
0.8216, 0.1378
0.8216, 0.1378
0.8216, 0.1378
0.8216, 0.1378
0.8216, 0.1352
0.8216, 0.1352
0.8216, 0.1352
0.8216, 0.1352
0.8216, 0.1352
0.8216, 0.1327
0.8216, 0.1327
0.8216, 0.1327
0.8216, 0.1327
0.8216, 0.1327
0.8216, 0.1301
0.8216, 0.1301
0.8216, 0.1276
0.8216, 0.1276
0.8216, 0.1276
0.8216, 0.1250
0.8216, 0.1250
0.8216, 0.1250
0.8216, 0.1250
0.8216, 0.1250
0.8216, 0.1250
0.8216, 0.1250
0.8216, 0.1250
0.8216, 0.1224
0.8216, 0.1224
0.8216, 0.1199
0.8216, 0.1199
0.8216, 0.1199
0.8216, 0.1199
0.8216, 0.1199
0.8216, 0.1173
0.8216, 0.1173
0.8216, 0.1173
0.8216, 0.1148
0.8216, 0.1148
0.8216, 0.1122
0.8216, 0.1122
0.8216, 0.1122
0.8216, 0.1122
0.8216, 0.1122
0.8216, 0.1097
0.8216, 0.1097
0.8216, 0.1097
0.8216, 0.1097
0.8216, 0.1097
0.8216, 0.1071
0.8216, 0.1071
0.8216, 0.1071
0.8216, 0.1071
0.8216, 0.1071
0.8216, 0.1071
0.8216, 0.1046
0.8216, 0.1046
0.8263, 0.1046
0.8263, 0.1046
0.8263, 0.1046
0.8263, 0.1020
0.8263, 0.1020
0.8263, 0.0995
0.8263, 0.0995
0.8263, 0.0995
0.8263, 0.0995
0.8263, 0.0995
0.8263, 0.0995
0.8263, 0.0995
0.8263, 0.0995
0.8263, 0.0995
0.8263, 0.0969
0.8263, 0.0969
0.8263, 0.0944
0.8263, 0.0944
0.8310, 0.0944
0.8310, 0.0944
0.8310, 0.0944
0.8310, 0.0918
0.8310, 0.0918
0.8310, 0.0918
0.8310, 0.0918
0.8310, 0.0918
0.8310, 0.0893
0.8310, 0.0893
0.8310, 0.0867
0.8310, 0.0867
0.8310, 0.0867
0.8310, 0.0867
0.8310, 0.0867
0.8310, 0.0867
0.8310, 0.0867
0.8310, 0.0867
0.8310, 0.0867
0.8310, 0.0842
0.8310, 0.0842
0.8310, 0.0816
0.8310, 0.0816
0.8310, 0.0816
0.8310, 0.0816
0.8310, 0.0816
0.8310, 0.0816
0.8310, 0.0816
0.8310, 0.0816
0.8310, 0.0791
0.8310, 0.0791
0.8310, 0.0791
0.8357, 0.0791
0.8357, 0.0791
0.8357, 0.0765
0.8357, 0.0765
0.8357, 0.0740
0.8357, 0.0740
0.8357, 0.0740
0.8357, 0.0740
0.8357, 0.0740
0.8357, 0.0740
0.8357, 0.0740
0.8357, 0.0740
0.8357, 0.0714
0.8357, 0.0714
0.8357, 0.0714
0.8404, 0.0714
0.8404, 0.0714
0.8404, 0.0689
0.8404, 0.0689
0.8404, 0.0689
0.8404, 0.0689
0.8404, 0.0689
0.8404, 0.0689
0.8404, 0.0689
0.8404, 0.0689
0.8404, 0.0663
0.8404, 0.0663
0.8404, 0.0638
0.8404, 0.0638
0.8404, 0.0638
0.8404, 0.0638
0.8404, 0.0638
0.8404, 0.0638
0.8404, 0.0638
0.8404, 0.0638
0.8404, 0.0612
0.8404, 0.0612
0.8404, 0.0587
0.8404, 0.0587
0.8404, 0.0561
0.8404, 0.0561
0.8404, 0.0561
0.8451, 0.0561
0.8451, 0.0561
0.8451, 0.0536
0.8451, 0.0536
0.8451, 0.0536
0.8451, 0.0536
0.8451, 0.0536
0.8451, 0.0536
0.8451, 0.0510
0.8451, 0.0510
0.8498, 0.0510
0.8498, 0.0510
0.8498, 0.0485
0.8498, 0.0485
0.8498, 0.0485
0.8498, 0.0485
0.8498, 0.0485
0.8498, 0.0485
0.8498, 0.0459
0.8498, 0.0459
0.8498, 0.0434
0.8498, 0.0434
0.8498, 0.0434
0.8498, 0.0434
0.8498, 0.0434
0.8545, 0.0434
0.8545, 0.0434
0.8545, 0.0434
0.8545, 0.0434
0.8545, 0.0434
0.8545, 0.0408
0.8545, 0.0408
0.8545, 0.0408
0.8545, 0.0383
0.8545, 0.0383
0.8545, 0.0383
0.8545, 0.0383
0.8545, 0.0383
0.8545, 0.0383
0.8545, 0.0383
0.8545, 0.0383
0.8545, 0.0357
0.8545, 0.0357
0.8545, 0.0357
0.8545, 0.0357
0.8545, 0.0357
0.8545, 0.0332
0.8545, 0.0332
0.8545, 0.0332
0.8545, 0.0332
0.8545, 0.0332
0.8592, 0.0306
0.8592, 0.0306
0.8592, 0.0306
0.8592, 0.0306
0.8592, 0.0306
0.8592, 0.0306
0.8592, 0.0306
0.8592, 0.0306
0.8592, 0.0306
0.8592, 0.0306
0.8592, 0.0306
0.8592, 0.0306
0.8592, 0.0306
0.8592, 0.0306
0.8592, 0.0306
0.8592, 0.0306
0.8638, 0.0281
0.8638, 0.0281
0.8638, 0.0281
0.8638, 0.0281
0.8638, 0.0281
0.8638, 0.0281
0.8638, 0.0281
0.8638, 0.0281
0.8638, 0.0255
0.8638, 0.0255
0.8638, 0.0255
0.8638, 0.0255
0.8638, 0.0255
0.8638, 0.0255
0.8638, 0.0255
0.8638, 0.0255
0.8638, 0.0255
0.8638, 0.0255
0.8638, 0.0255
0.8638, 0.0255
0.8685, 0.0230
0.8685, 0.0230
0.8685, 0.0230
0.8685, 0.0230
0.8732, 0.0204
0.8732, 0.0204
0.8732, 0.0204
0.8732, 0.0204
0.8732, 0.0204
0.8732, 0.0204
0.8732, 0.0204
0.8732, 0.0204
0.8779, 0.0179
0.8779, 0.0179
0.8779, 0.0179
0.8779, 0.0179
0.8779, 0.0179
0.8779, 0.0179
0.8779, 0.0179
0.8779, 0.0179
0.8779, 0.0179
0.8779, 0.0179
0.8779, 0.0179
0.8826, 0.0153
0.8826, 0.0153
0.8826, 0.0153
0.8826, 0.0153
0.8826, 0.0153
0.8873, 0.0153
0.8873, 0.0153
0.8873, 0.0153
0.8873, 0.0153
0.8873, 0.0153
0.8873, 0.0128
0.8873, 0.0128
0.8873, 0.0128
0.8873, 0.0128
0.8873, 0.0128
0.8920, 0.0128
0.8920, 0.0128
0.8967, 0.0128
0.8967, 0.0128
0.8967, 0.0128
0.8967, 0.0128
0.8967, 0.0128
0.9014, 0.0128
0.9014, 0.0128
0.9014, 0.0128
0.9014, 0.0102
0.9014, 0.0102
0.9061, 0.0102
0.9061, 0.0102
0.9061, 0.0102
0.9061, 0.0102
0.9061, 0.0102
0.9108, 0.0077
0.9108, 0.0077
0.9108, 0.0077
0.9108, 0.0077
0.9108, 0.0077
0.9108, 0.0077
0.9108, 0.0077
0.9108, 0.0077
0.9155, 0.0077
0.9155, 0.0077
0.9155, 0.0077
0.9202, 0.0051
0.9202, 0.0051
0.9249, 0.0051
0.9249, 0.0051
0.9249, 0.0051
0.9249, 0.0051
0.9249, 0.0051
0.9249, 0.0051
0.9249, 0.0051
0.9296, 0.0051
0.9296, 0.0051
0.9343, 0.0051
0.9343, 0.0051
0.9343, 0.0051
0.9343, 0.0051
0.9343, 0.0051
0.9343, 0.0051
0.9343, 0.0051
0.9343, 0.0051
0.9390, 0.0051
0.9390, 0.0051
0.9437, 0.0051
0.9437, 0.0051
0.9484, 0.0051
0.9484, 0.0051
0.9484, 0.0051
0.9484, 0.0051
0.9484, 0.0051
0.9531, 0.0026
0.9531, 0.0026
0.9531, 0.0026
0.9577, 0.0026
0.9577, 0.0026
0.9577, 0.0026
0.9577, 0.0026
0.9577, 0.0026
0.9577, 0.0026
0.9577, 0.0026
0.9624, 0.0026
0.9624, 0.0026
0.9624, 0.0026
0.9671, 0.0026
0.9671, 0.0026
0.9718, 0.0026
0.9718, 0.0026
0.9718, 0.0026
0.9718, 0.0026
0.9718, 0.0026
0.9718, 0.0026
0.9718, 0.0026
0.9718, 0.0026
0.9765, 0.0026
0.9765, 0.0026
0.9812, 0.0026
0.9812, 0.0026
0.9812, 0.0026
0.9812, 0.0026
0.9812, 0.0026
0.9812, 0.0026
0.9812, 0.0026
0.9812, 0.0026
0.9859, 0.0026
0.9859, 0.0026
0.9859, 0.0026
0.9859, 0.0026
0.9859, 0.0026
0.9859, 0.0026
0.9859, 0.0026
0.9906, 0.0026
0.9906, 0.0026
0.9906, 0.0026
0.9906, 0.0026
0.9906, 0.0026
0.9906, 0.0026
0.9906, 0.0026
0.9906, 0.0026
0.9906, 0.0026
0.9906, 0.0026
0.9906, 0.0026
0.9906, 0.0026
0.9906, 0.0026
0.9906, 0.0026
0.9906, 0.0026
0.9906, 0.0026
0.9953, 0.0026
0.9953, 0.0026
0.9953, 0.0026
0.9953, 0.0026
0.9953, 0.0026
0.9953, 0.0026
0.9953, 0.0026
0.9953, 0.0026
0.9953, 0.0026
0.9953, 0.0026
0.9953, 0.0026
0.9953, 0.0026
0.9953, 0.0026
0.9953, 0.0026
0.9953, 0.0026
0.9953, 0.0026
0.9953, 0.0026
0.9953, 0.0026
0.9953, 0.0026
0.9953, 0.0026
0.9953, 0.0026
0.9953, 0.0026
0.9953, 0.0026
0.9953, 0.0026
0.9953, 0.0026
0.9953, 0.0026
0.9953, 0.0026
0.9953, 0.0026
0.9953, 0.0026
0.9953, 0.0026
0.9953, 0.0026
0.9953, 0.0026
0.9953, 0.0026
0.9953, 0.0026
1.0000, 0.0026
1.0000, 0.0026
1.0000, 0.0026
1.0000, 0.0026
1.0000, 0.0026
1.0000, 0.0026
1.0000, 0.0026
1.0000, 0.0026
1.0000, 0.0026
1.0000, 0.0026
1.0000, 0.0026
1.0000, 0.0026
1.0000, 0.0026
1.0000, 0.0026
1.0000, 0.0026
1.0000, 0.0026
1.0000, 0.0026
1.0000, 0.0026
1.0000, 0.0026
1.0000, 0.0026
1.0000, 0.0026
1.0000, 0.0026
1.0000, 0.0026
1.0000, 0.0026
1.0000, 0.0026
1.0000, 0.0026
1.0000, 0.0026
1.0000, 0.0026
1.0000, 0.0026
1.0000, 0.0026
1.0000, 0.0026
1.0000, 0.0026
1.0000, 0.0026
1.0000, 0.0026
1.0000, 0.0026
1.0000, 0.0026
1.0000, 0.0026
1.0000, 0.0026
1.0000, 0.0026
1.0000, 0.0026
1.0000, 0.0026
1.0000, 0.0026
1.0000, 0.0026
1.0000, 0.0026
1.0000, 0.0026
1.0000, 0.0026
0.0000, 1.0000
0.0000, 1.0000
0.0000, 1.0000
0.0000, 1.0000
0.0000, 1.0000
0.0000, 1.0000
0.0000, 1.0000
0.0000, 1.0000
0.0000, 1.0000
0.0000, 1.0000
0.0000, 1.0000
0.0000, 1.0000
0.0000, 1.0000
0.0000, 1.0000
0.0000, 1.0000
0.0000, 1.0000
0.0000, 1.0000
0.0000, 1.0000
0.0000, 1.0000
0.0000, 1.0000
0.0000, 1.0000
0.0000, 1.0000
0.0000, 1.0000
0.0000, 1.0000
0.0000, 1.0000
0.0000, 1.0000
0.0000, 1.0000
0.0000, 1.0000
0.0000, 1.0000
0.0000, 1.0000
0.0000, 1.0000
0.0000, 1.0000
0.0000, 1.0000
0.0000, 1.0000
0.0000, 1.0000
0.0000, 1.0000
0.0000, 1.0000
0.0000, 1.0000
0.0000, 1.0000
0.0000, 1.0000
0.0000, 1.0000
0.0000, 1.0000
