0.1768, 0.3368
0.1768, 0.3368
0.1768, 0.3368
0.1768, 0.3368
0.1768, 0.3368
0.1768, 0.3368
0.1768, 0.3368
0.1768, 0.3368
0.1768, 0.3368
0.1768, 0.3368
0.1768, 0.3368
0.1768, 0.3368
0.1768, 0.3368
0.1768, 0.3368
0.1768, 0.3368
0.1768, 0.3368
0.1768, 0.3368
0.1768, 0.3368
0.1768, 0.3368
0.1768, 0.3368
0.1768, 0.3368
0.1768, 0.3368
0.1768, 0.3368
0.1768, 0.3368
0.1768, 0.3368
0.1768, 0.3368
0.1768, 0.3368
0.1768, 0.3368
0.1768, 0.3368
0.1768, 0.3368
0.1768, 0.3368
0.1768, 0.3368
0.1768, 0.3368
0.1768, 0.3368
0.1768, 0.3368
0.1768, 0.3368
0.1768, 0.3368
0.1768, 0.3368
0.1768, 0.3368
0.1768, 0.3368
0.1768, 0.3368
0.1768, 0.3368
0.1768, 0.3368
0.1768, 0.3368
0.1768, 0.3368
0.1768, 0.3368
0.1768, 0.3368
0.1768, 0.3368
0.1768, 0.3368
0.1768, 0.3368
0.1768, 0.3368
0.1768, 0.3368
0.1768, 0.3368
0.1768, 0.3368
0.1768, 0.3368
0.1768, 0.3368
0.1768, 0.3368
0.1768, 0.3368
0.1768, 0.3368
0.1768, 0.3368
0.1768, 0.3368
0.1768, 0.3368
0.1768, 0.3368
0.1768, 0.3368
0.1768, 0.3368
0.1768, 0.3368
0.1768, 0.3368
0.1768, 0.3368
0.1768, 0.3368
0.1768, 0.3368
0.1768, 0.3368
0.1768, 0.3368
0.1768, 0.3368
0.1768, 0.3368
0.1768, 0.3368
0.1768, 0.3368
0.1768, 0.3368
0.1768, 0.3368
0.1768, 0.3368
0.1768, 0.3368
0.1768, 0.3368
0.1768, 0.3368
0.1768, 0.3368
0.1768, 0.3368
0.1768, 0.3368
0.1768, 0.3368
0.1768, 0.3368
0.1768, 0.3368
0.1768, 0.3368
0.1768, 0.3368
0.1768, 0.3368
0.1768, 0.3368
0.1768, 0.3368
0.1768, 0.3394
0.1768, 0.3394
0.1768, 0.3394
0.1768, 0.3394
0.1768, 0.3394
0.1768, 0.3394
0.1768, 0.3394
0.1768, 0.3394
0.1768, 0.3394
0.1768, 0.3394
0.1768, 0.3394
0.1768, 0.3394
0.1768, 0.3394
0.1768, 0.3394
0.1768, 0.3394
0.1768, 0.3394
0.1768, 0.3394
0.1768, 0.3394
0.1768, 0.3394
0.1768, 0.3394
0.1768, 0.3394
0.1768, 0.3394
0.1768, 0.3394
0.1818, 0.3420
0.1818, 0.3420
0.1818, 0.3420
0.1818, 0.3420
0.1869, 0.3420
0.1869, 0.3420
0.1869, 0.3420
0.1869, 0.3420
0.1869, 0.3420
0.1869, 0.3420
0.1869, 0.3420
0.1869, 0.3420
0.1919, 0.3420
0.1919, 0.3420
0.1919, 0.3420
0.1919, 0.3420
0.1970, 0.3420
0.1970, 0.3420
0.1970, 0.3420
0.1970, 0.3420
0.1970, 0.3420
0.1970, 0.3420
0.1970, 0.3420
0.1970, 0.3420
0.1970, 0.3420
0.1970, 0.3420
0.1970, 0.3420
0.1970, 0.3420
0.1970, 0.3420
0.2020, 0.3420
0.2020, 0.3420
0.2020, 0.3420
0.2020, 0.3420
0.2071, 0.3420
0.2071, 0.3420
0.2071, 0.3420
0.2071, 0.3420
0.2071, 0.3420
0.2071, 0.3420
0.2071, 0.3420
0.2071, 0.3420
0.2071, 0.3420
0.2121, 0.3420
0.2121, 0.3420
0.2121, 0.3420
0.2121, 0.3420
0.2121, 0.3446
0.2121, 0.3446
0.2121, 0.3446
0.2121, 0.3446
0.2121, 0.3446
0.2121, 0.3446
0.2121, 0.3446
0.2121, 0.3446
0.2121, 0.3446
0.2121, 0.3446
0.2121, 0.3446
0.2121, 0.3446
0.2121, 0.3446
0.2121, 0.3446
0.2121, 0.3446
0.2121, 0.3446
0.2121, 0.3446
0.2172, 0.3446
0.2172, 0.3446
0.2172, 0.3446
0.2172, 0.3446
0.2222, 0.3446
0.2222, 0.3446
0.2222, 0.3446
0.2222, 0.3446
0.2222, 0.3446
0.2222, 0.3446
0.2222, 0.3446
0.2222, 0.3446
0.2273, 0.3446
0.2273, 0.3446
0.2273, 0.3446
0.2273, 0.3446
0.2273, 0.3472
0.2273, 0.3472
0.2273, 0.3472
0.2273, 0.3472
0.2273, 0.3472
0.2323, 0.3472
0.2323, 0.3472
0.2323, 0.3472
0.2323, 0.3472
0.2323, 0.3472
0.2323, 0.3472
0.2323, 0.3472
0.2323, 0.3472
0.2323, 0.3472
0.2323, 0.3472
0.2323, 0.3472
0.2323, 0.3472
0.2374, 0.3472
0.2374, 0.3472
0.2374, 0.3472
0.2424, 0.3472
0.2424, 0.3472
0.2424, 0.3472
0.2424, 0.3472
0.2424, 0.3472
0.2424, 0.3472
0.2424, 0.3472
0.2424, 0.3472
0.2475, 0.3472
0.2475, 0.3472
0.2475, 0.3472
0.2475, 0.3472
0.2475, 0.3472
0.2475, 0.3472
0.2475, 0.3472
0.2475, 0.3472
0.2475, 0.3472
0.2475, 0.3472
0.2475, 0.3472
0.2475, 0.3472
0.2475, 0.3472
0.2525, 0.3472
0.2525, 0.3472
0.2525, 0.3472
0.2525, 0.3472
0.2576, 0.3472
0.2576, 0.3472
0.2576, 0.3472
0.2576, 0.3472
0.2576, 0.3472
0.2576, 0.3472
0.2576, 0.3472
0.2576, 0.3472
0.2626, 0.3472
0.2626, 0.3472
0.2626, 0.3472
0.2626, 0.3472
0.2677, 0.3472
0.2677, 0.3472
0.2677, 0.3472
0.2677, 0.3472
0.2727, 0.3472
0.2727, 0.3472
0.2727, 0.3472
0.2727, 0.3472
0.2727, 0.3472
0.2727, 0.3472
0.2727, 0.3472
0.2727, 0.3472
0.2727, 0.3472
0.2727, 0.3472
0.2727, 0.3472
0.2727, 0.3472
0.2778, 0.3497
0.2778, 0.3497
0.2778, 0.3497
0.2778, 0.3497
0.2828, 0.3497
0.2828, 0.3497
0.2828, 0.3497
0.2828, 0.3497
0.2828, 0.3497
0.2828, 0.3497
0.2828, 0.3497
0.2828, 0.3497
0.2828, 0.3497
0.2828, 0.3497
0.2828, 0.3497
0.2828, 0.3497
0.2828, 0.3497
0.2879, 0.3497
0.2879, 0.3497
0.2879, 0.3497
0.2879, 0.3497
0.2879, 0.3497
0.2879, 0.3497
0.2879, 0.3497
0.2879, 0.3497
0.2929, 0.3497
0.2929, 0.3497
0.2929, 0.3497
0.2929, 0.3497
0.2929, 0.3497
0.2929, 0.3497
0.2929, 0.3497
0.2929, 0.3497
0.2980, 0.3497
0.2980, 0.3497
0.2980, 0.3497
0.2980, 0.3497
0.2980, 0.3497
0.2980, 0.3497
0.2980, 0.3497
0.2980, 0.3497
0.3030, 0.3497
0.3030, 0.3497
0.3030, 0.3497
0.3030, 0.3497
0.3030, 0.3497
0.3030, 0.3497
0.3030, 0.3497
0.3030, 0.3497
0.3081, 0.3497
0.3081, 0.3497
0.3081, 0.3497
0.3081, 0.3497
0.3081, 0.3497
0.3081, 0.3497
0.3081, 0.3497
0.3081, 0.3497
0.3081, 0.3497
0.3131, 0.3523
0.3131, 0.3523
0.3131, 0.3523
0.3131, 0.3523
0.3182, 0.3523
0.3182, 0.3523
0.3182, 0.3523
0.3182, 0.3523
0.3232, 0.3523
0.3232, 0.3523
0.3232, 0.3523
0.3232, 0.3523
0.3232, 0.3523
0.3232, 0.3523
0.3232, 0.3523
0.3232, 0.3523
0.3232, 0.3523
0.3232, 0.3523
0.3232, 0.3523
0.3232, 0.3523
0.3283, 0.3523
0.3283, 0.3523
0.3283, 0.3523
0.3283, 0.3523
0.3333, 0.3523
0.3333, 0.3523
0.3333, 0.3523
0.3333, 0.3523
0.3333, 0.3523
0.3333, 0.3523
0.3333, 0.3523
0.3333, 0.3523
0.3333, 0.3523
0.3333, 0.3523
0.3333, 0.3523
0.3333, 0.3523
0.3384, 0.3523
0.3384, 0.3523
0.3384, 0.3523
0.3384, 0.3523
0.3384, 0.3523
0.3384, 0.3523
0.3384, 0.3523
0.3384, 0.3523
0.3434, 0.3523
0.3434, 0.3523
0.3434, 0.3523
0.3434, 0.3523
0.3434, 0.3523
0.3434, 0.3523
0.3434, 0.3523
0.3434, 0.3523
0.3485, 0.3523
0.3485, 0.3523
0.3485, 0.3523
0.3485, 0.3523
0.3485, 0.3523
0.3485, 0.3523
0.3485, 0.3523
0.3485, 0.3523
0.3485, 0.3523
0.3485, 0.3523
0.3485, 0.3523
0.3485, 0.3523
0.3535, 0.3523
0.3535, 0.3523
0.3535, 0.3523
0.3535, 0.3523
0.3586, 0.3523
0.3586, 0.3523
0.3586, 0.3523
0.3586, 0.3523
0.3586, 0.3523
0.3586, 0.3523
0.3586, 0.3523
0.3586, 0.3523
0.3586, 0.3523
0.3586, 0.3523
0.3586, 0.3523
0.3586, 0.3523
0.3636, 0.3523
0.3636, 0.3523
0.3636, 0.3523
0.3636, 0.3523
0.3687, 0.3523
0.3687, 0.3523
0.3687, 0.3523
0.3737, 0.3523
0.3737, 0.3523
0.3737, 0.3523
0.3737, 0.3523
0.3737, 0.3523
0.3737, 0.3523
0.3737, 0.3523
0.3737, 0.3523
0.3737, 0.3523
0.3737, 0.3523
0.3737, 0.3523
0.3737, 0.3523
0.3737, 0.3523
0.3788, 0.3523
0.3788, 0.3523
0.3788, 0.3523
0.3838, 0.3523
0.3838, 0.3523
0.3838, 0.3523
0.3838, 0.3523
0.3838, 0.3523
0.3838, 0.3523
0.3889, 0.3523
0.3889, 0.3523
0.3939, 0.3523
0.3939, 0.3523
0.3990, 0.3523
0.3990, 0.3523
0.3990, 0.3523
0.4040, 0.3523
0.4091, 0.3523
0.4091, 0.3523
0.4091, 0.3523
0.4192, 0.3523
0.4192, 0.3523
0.4192, 0.3523
0.4192, 0.3523
0.4192, 0.3523
0.4192, 0.3523
0.4192, 0.3523
0.4192, 0.3523
0.4192, 0.3523
0.4192, 0.3523
0.4192, 0.3523
0.4242, 0.3523
0.4242, 0.3523
0.4242, 0.3523
0.4293, 0.3497
0.4293, 0.3497
0.4293, 0.3497
0.4293, 0.3497
0.4293, 0.3497
0.4293, 0.3497
0.4293, 0.3497
0.4343, 0.3497
0.4343, 0.3497
0.4343, 0.3497
0.4343, 0.3497
0.4343, 0.3497
0.4343, 0.3497
0.4343, 0.3497
0.4343, 0.3497
0.4394, 0.3497
0.4394, 0.3497
0.4394, 0.3497
0.4394, 0.3497
0.4394, 0.3497
0.4394, 0.3497
0.4394, 0.3497
0.4444, 0.3497
0.4444, 0.3497
0.4444, 0.3497
0.4444, 0.3497
0.4444, 0.3497
0.4444, 0.3497
0.4444, 0.3497
0.4444, 0.3497
0.4444, 0.3497
0.4444, 0.3497
0.4444, 0.3497
0.4444, 0.3497
0.4444, 0.3497
0.4444, 0.3497
0.4444, 0.3497
0.4444, 0.3497
0.4495, 0.3497
0.4495, 0.3497
0.4495, 0.3497
0.4495, 0.3497
0.4495, 0.3497
0.4495, 0.3497
0.4495, 0.3497
0.4545, 0.3497
0.4545, 0.3497
0.4545, 0.3497
0.4545, 0.3497
0.4545, 0.3497
0.4545, 0.3497
0.4545, 0.3497
0.4545, 0.3497
0.4545, 0.3472
0.4545, 0.3472
0.4545, 0.3472
0.4545, 0.3472
0.4596, 0.3472
0.4596, 0.3472
0.4596, 0.3472
0.4596, 0.3472
0.4596, 0.3472
0.4596, 0.3472
0.4596, 0.3472
0.4596, 0.3472
0.4596, 0.3472
0.4596, 0.3472
0.4596, 0.3472
0.4596, 0.3472
0.4596, 0.3472
0.4596, 0.3472
0.4596, 0.3472
0.4596, 0.3472
0.4646, 0.3446
0.4646, 0.3446
0.4646, 0.3446
0.4646, 0.3446
0.4646, 0.3446
0.4646, 0.3446
0.4646, 0.3446
0.4697, 0.3446
0.4697, 0.3446
0.4697, 0.3446
0.4697, 0.3446
0.4697, 0.3446
0.4697, 0.3446
0.4697, 0.3446
0.4697, 0.3446
0.4697, 0.3446
0.4697, 0.3446
0.4697, 0.3446
0.4697, 0.3446
0.4697, 0.3446
0.4697, 0.3446
0.4697, 0.3446
0.4697, 0.3446
0.4697, 0.3446
0.4697, 0.3446
0.4697, 0.3446
0.4697, 0.3420
0.4697, 0.3420
0.4697, 0.3420
0.4697, 0.3420
0.4747, 0.3420
0.4747, 0.3420
0.4747, 0.3420
0.4747, 0.3420
0.4747, 0.3420
0.4747, 0.3420
0.4747, 0.3420
0.4798, 0.3394
0.4798, 0.3394
0.4798, 0.3394
0.4798, 0.3394
0.4798, 0.3394
0.4798, 0.3394
0.4798, 0.3394
0.4798, 0.3394
0.4848, 0.3394
0.4848, 0.3394
0.4848, 0.3394
0.4848, 0.3368
0.4848, 0.3368
0.4848, 0.3368
0.4848, 0.3368
0.4848, 0.3368
0.4848, 0.3368
0.4848, 0.3368
0.4848, 0.3368
0.4848, 0.3368
0.4848, 0.3368
0.4848, 0.3368
0.4848, 0.3368
0.4848, 0.3368
0.4848, 0.3368
0.4848, 0.3368
0.4899, 0.3368
0.4899, 0.3368
0.4899, 0.3368
0.4899, 0.3368
0.4899, 0.3368
0.4899, 0.3368
0.4899, 0.3368
0.4899, 0.3368
0.4899, 0.3368
0.4899, 0.3368
0.4899, 0.3368
0.4899, 0.3342
0.4899, 0.3342
0.4899, 0.3342
0.4949, 0.3342
0.4949, 0.3342
0.4949, 0.3342
0.4949, 0.3342
0.4949, 0.3342
0.4949, 0.3342
0.4949, 0.3342
0.4949, 0.3342
0.4949, 0.3342
0.4949, 0.3342
0.4949, 0.3342
0.4949, 0.3316
0.4949, 0.3316
0.4949, 0.3316
0.4949, 0.3316
0.4949, 0.3316
0.4949, 0.3316
0.4949, 0.3316
0.4949, 0.3316
0.4949, 0.3316
0.4949, 0.3316
0.4949, 0.3316
0.4949, 0.3316
0.4949, 0.3316
0.4949, 0.3316
0.4949, 0.3316
0.5000, 0.3316
0.5000, 0.3316
0.5000, 0.3316
0.5000, 0.3316
0.5000, 0.3316
0.5000, 0.3316
0.5000, 0.3316
0.5000, 0.3316
0.5000, 0.3290
0.5000, 0.3290
0.5000, 0.3290
0.5000, 0.3290
0.5000, 0.3290
0.5000, 0.3290
0.5000, 0.3290
0.5051, 0.3290
0.5051, 0.3290
0.5051, 0.3290
0.5051, 0.3290
0.5051, 0.3264
0.5051, 0.3264
0.5051, 0.3264
0.5051, 0.3264
0.5051, 0.3264
0.5051, 0.3264
0.5051, 0.3264
0.5051, 0.3264
0.5051, 0.3264
0.5051, 0.3264
0.5051, 0.3264
0.5051, 0.3238
0.5051, 0.3238
0.5051, 0.3238
0.5051, 0.3238
0.5051, 0.3238
0.5051, 0.3238
0.5051, 0.3238
0.5101, 0.3238
0.5101, 0.3238
0.5101, 0.3238
0.5101, 0.3238
0.5101, 0.3238
0.5101, 0.3238
0.5101, 0.3238
0.5101, 0.3238
0.5101, 0.3238
0.5101, 0.3238
0.5101, 0.3238
0.5101, 0.3238
0.5101, 0.3212
0.5101, 0.3212
0.5101, 0.3212
0.5101, 0.3212
0.5101, 0.3212
0.5101, 0.3212
0.5101, 0.3212
0.5101, 0.3212
0.5101, 0.3212
0.5101, 0.3212
0.5101, 0.3212
0.5101, 0.3187
0.5101, 0.3187
0.5101, 0.3187
0.5101, 0.3187
0.5101, 0.3187
0.5101, 0.3187
0.5101, 0.3187
0.5101, 0.3187
0.5101, 0.3187
0.5101, 0.3187
0.5101, 0.3187
0.5101, 0.3187
0.5101, 0.3187
0.5101, 0.3187
0.5101, 0.3187
0.5101, 0.3161
0.5101, 0.3161
0.5101, 0.3161
0.5152, 0.3161
0.5152, 0.3161
0.5152, 0.3161
0.5152, 0.3161
0.5152, 0.3161
0.5152, 0.3161
0.5152, 0.3161
0.5152, 0.3161
0.5152, 0.3135
0.5152, 0.3135
0.5152, 0.3135
0.5152, 0.3135
0.5152, 0.3135
0.5152, 0.3135
0.5152, 0.3135
0.5152, 0.3135
0.5152, 0.3135
0.5152, 0.3135
0.5152, 0.3109
0.5152, 0.3109
0.5152, 0.3109
0.5152, 0.3109
0.5152, 0.3109
0.5152, 0.3109
0.5152, 0.3109
0.5152, 0.3109
0.5152, 0.3109
0.5152, 0.3109
0.5152, 0.3109
0.5152, 0.3109
0.5152, 0.3109
0.5152, 0.3109
0.5152, 0.3109
0.5152, 0.3109
0.5152, 0.3109
0.5152, 0.3109
0.5202, 0.3083
0.5202, 0.3083
0.5202, 0.3083
0.5202, 0.3083
0.5202, 0.3083
0.5202, 0.3083
0.5202, 0.3083
0.5202, 0.3083
0.5202, 0.3057
0.5202, 0.3057
0.5202, 0.3057
0.5202, 0.3057
0.5202, 0.3057
0.5202, 0.3057
0.5202, 0.3057
0.5202, 0.3057
0.5202, 0.3057
0.5202, 0.3057
0.5202, 0.3057
0.5202, 0.3057
0.5202, 0.3057
0.5202, 0.3057
0.5202, 0.3057
0.5202, 0.3031
0.5202, 0.3031
0.5202, 0.3031
0.5202, 0.3031
0.5202, 0.3031
0.5202, 0.3031
0.5202, 0.3031
0.5202, 0.3031
0.5202, 0.3031
0.5202, 0.3031
0.5202, 0.3031
0.5202, 0.3005
0.5202, 0.3005
0.5202, 0.3005
0.5202, 0.3005
0.5202, 0.3005
0.5202, 0.3005
0.5202, 0.3005
0.5202, 0.3005
0.5202, 0.3005
0.5202, 0.3005
0.5202, 0.3005
0.5202, 0.2979
0.5202, 0.2979
0.5202, 0.2979
0.5202, 0.2979
0.5202, 0.2979
0.5202, 0.2979
0.5202, 0.2979
0.5202, 0.2979
0.5202, 0.2979
0.5202, 0.2979
0.5202, 0.2979
0.5202, 0.2979
0.5202, 0.2979
0.5202, 0.2979
0.5202, 0.2979
0.5202, 0.2979
0.5202, 0.2979
0.5202, 0.2979
0.5202, 0.2979
0.5202, 0.2953
0.5202, 0.2953
0.5202, 0.2953
0.5202, 0.2953
0.5202, 0.2953
0.5202, 0.2953
0.5202, 0.2953
0.5202, 0.2953
0.5202, 0.2953
0.5202, 0.2953
0.5202, 0.2953
0.5202, 0.2927
0.5202, 0.2927
0.5202, 0.2927
0.5202, 0.2927
0.5202, 0.2927
0.5202, 0.2927
0.5202, 0.2927
0.5202, 0.2927
0.5202, 0.2927
0.5202, 0.2927
0.5202, 0.2927
0.5202, 0.2927
0.5202, 0.2927
0.5202, 0.2927
0.5202, 0.2902
0.5202, 0.2902
0.5202, 0.2902
0.5202, 0.2902
0.5202, 0.2902
0.5202, 0.2902
0.5202, 0.2902
0.5202, 0.2902
0.5202, 0.2902
0.5202, 0.2902
0.5202, 0.2902
0.5202, 0.2876
0.5202, 0.2876
0.5202, 0.2876
0.5202, 0.2876
0.5202, 0.2876
0.5202, 0.2876
0.5202, 0.2876
0.5202, 0.2850
0.5202, 0.2850
0.5202, 0.2850
0.5202, 0.2850
0.5202, 0.2850
0.5202, 0.2850
0.5202, 0.2850
0.5202, 0.2850
0.5202, 0.2850
0.5202, 0.2850
0.5202, 0.2850
0.5202, 0.2850
0.5202, 0.2850
0.5202, 0.2850
0.5202, 0.2850
0.5202, 0.2824
0.5202, 0.2824
0.5202, 0.2824
0.5202, 0.2824
0.5202, 0.2824
0.5202, 0.2824
0.5202, 0.2824
0.5202, 0.2824
0.5202, 0.2824
0.5202, 0.2824
0.5202, 0.2824
0.5202, 0.2798
0.5202, 0.2798
0.5202, 0.2798
0.5202, 0.2798
0.5202, 0.2798
0.5202, 0.2798
0.5202, 0.2798
0.5202, 0.2798
0.5202, 0.2798
0.5202, 0.2798
0.5202, 0.2798
0.5202, 0.2798
0.5202, 0.2798
0.5202, 0.2798
0.5202, 0.2798
0.5202, 0.2798
0.5202, 0.2798
0.5202, 0.2798
0.5202, 0.2772
0.5202, 0.2772
0.5202, 0.2772
0.5202, 0.2772
0.5202, 0.2772
0.5202, 0.2772
0.5202, 0.2772
0.5202, 0.2772
0.5202, 0.2772
0.5202, 0.2772
0.5202, 0.2772
0.5202, 0.2746
0.5202, 0.2746
0.5202, 0.2746
0.5202, 0.2746
0.5202, 0.2746
0.5202, 0.2746
0.5202, 0.2746
0.5202, 0.2746
0.5202, 0.2746
0.5202, 0.2746
0.5202, 0.2746
0.5202, 0.2746
0.5202, 0.2746
0.5202, 0.2746
0.5202, 0.2720
0.5202, 0.2720
0.5202, 0.2720
0.5202, 0.2720
0.5202, 0.2720
0.5202, 0.2720
0.5202, 0.2720
0.5202, 0.2720
0.5202, 0.2720
0.5202, 0.2720
0.5202, 0.2720
0.5202, 0.2694
0.5202, 0.2694
0.5202, 0.2694
0.5202, 0.2694
0.5202, 0.2694
0.5202, 0.2694
0.5202, 0.2694
0.5202, 0.2668
0.5202, 0.2668
0.5202, 0.2668
0.5202, 0.2668
0.5202, 0.2668
0.5202, 0.2668
0.5202, 0.2668
0.5202, 0.2668
0.5202, 0.2668
0.5202, 0.2668
0.5202, 0.2668
0.5202, 0.2668
0.5202, 0.2668
0.5202, 0.2668
0.5202, 0.2668
0.5202, 0.2668
0.5202, 0.2668
0.5202, 0.2642
0.5202, 0.2642
0.5202, 0.2642
0.5202, 0.2642
0.5202, 0.2642
0.5202, 0.2642
0.5202, 0.2642
0.5202, 0.2617
0.5202, 0.2617
0.5202, 0.2617
0.5202, 0.2617
0.5202, 0.2617
0.5202, 0.2617
0.5202, 0.2617
0.5202, 0.2617
0.5202, 0.2617
0.5202, 0.2617
0.5202, 0.2617
0.5202, 0.2617
0.5202, 0.2617
0.5202, 0.2617
0.5202, 0.2617
0.5202, 0.2617
0.5202, 0.2617
0.5202, 0.2617
0.5202, 0.2591
0.5202, 0.2591
0.5202, 0.2591
0.5202, 0.2591
0.5202, 0.2591
0.5202, 0.2591
0.5202, 0.2591
0.5202, 0.2565
0.5202, 0.2565
0.5202, 0.2565
0.5202, 0.2565
0.5202, 0.2565
0.5202, 0.2565
0.5202, 0.2565
0.5202, 0.2539
0.5202, 0.2539
0.5202, 0.2539
0.5202, 0.2539
0.5202, 0.2539
0.5202, 0.2539
0.5202, 0.2539
0.5202, 0.2539
0.5202, 0.2539
0.5202, 0.2539
0.5202, 0.2539
0.5202, 0.2539
0.5202, 0.2539
0.5202, 0.2539
0.5202, 0.2513
0.5202, 0.2513
0.5202, 0.2513
0.5202, 0.2513
0.5202, 0.2513
0.5202, 0.2513
0.5202, 0.2513
0.5202, 0.2487
0.5202, 0.2487
0.5202, 0.2487
0.5202, 0.2487
0.5202, 0.2487
0.5202, 0.2487
0.5202, 0.2487
0.5202, 0.2487
0.5202, 0.2487
0.5202, 0.2487
0.5202, 0.2461
0.5202, 0.2461
0.5202, 0.2461
0.5202, 0.2435
0.5202, 0.2435
0.5202, 0.2435
0.5202, 0.2435
0.5202, 0.2435
0.5202, 0.2435
0.5202, 0.2435
0.5202, 0.2409
0.5202, 0.2409
0.5202, 0.2409
0.5202, 0.2409
0.5202, 0.2409
0.5202, 0.2409
0.5202, 0.2409
0.5202, 0.2409
0.5202, 0.2409
0.5202, 0.2409
0.5202, 0.2409
0.5202, 0.2409
0.5202, 0.2409
0.5202, 0.2409
0.5152, 0.2409
0.5152, 0.2409
0.5152, 0.2409
0.5152, 0.2383
0.5152, 0.2383
0.5152, 0.2383
0.5152, 0.2383
0.5152, 0.2383
0.5152, 0.2383
0.5152, 0.2383
0.5152, 0.2358
0.5152, 0.2358
0.5152, 0.2358
0.5152, 0.2358
0.5152, 0.2358
0.5152, 0.2358
0.5152, 0.2358
0.5152, 0.2358
0.5152, 0.2358
0.5152, 0.2358
0.5152, 0.2358
0.5152, 0.2358
0.5152, 0.2358
0.5152, 0.2358
0.5152, 0.2358
0.5152, 0.2358
0.5152, 0.2358
0.5152, 0.2358
0.5152, 0.2358
0.5152, 0.2358
0.5152, 0.2332
0.5152, 0.2332
0.5152, 0.2332
0.5101, 0.2332
0.5101, 0.2332
0.5101, 0.2332
0.5101, 0.2332
0.5101, 0.2306
0.5101, 0.2306
0.5101, 0.2306
0.5101, 0.2306
0.5101, 0.2306
0.5101, 0.2306
0.5101, 0.2306
0.5101, 0.2306
0.5101, 0.2306
0.5101, 0.2306
0.5051, 0.2280
0.5051, 0.2280
0.5051, 0.2280
0.5051, 0.2280
0.5051, 0.2280
0.5051, 0.2280
0.5051, 0.2280
0.5051, 0.2280
0.5051, 0.2280
0.5051, 0.2280
0.5051, 0.2280
0.5051, 0.2280
0.5051, 0.2280
0.5051, 0.2280
0.5000, 0.2280
0.5000, 0.2280
0.5000, 0.2280
0.5000, 0.2280
0.5000, 0.2280
0.5000, 0.2280
0.5000, 0.2280
0.5000, 0.2254
0.5000, 0.2254
0.5000, 0.2254
0.5000, 0.2254
0.5000, 0.2254
0.5000, 0.2254
0.5000, 0.2254
0.5000, 0.2254
0.5000, 0.2254
0.5000, 0.2254
0.5000, 0.2228
0.5000, 0.2228
0.5000, 0.2228
0.4949, 0.2228
0.4949, 0.2228
0.4949, 0.2228
0.4949, 0.2228
0.4949, 0.2228
0.4949, 0.2228
0.4949, 0.2228
0.4949, 0.2228
0.4949, 0.2228
0.4949, 0.2228
0.4899, 0.2228
0.4899, 0.2228
0.4899, 0.2228
0.4899, 0.2202
0.4899, 0.2202
0.4899, 0.2202
0.4899, 0.2202
0.4899, 0.2202
0.4899, 0.2202
0.4899, 0.2202
0.4899, 0.2202
0.4899, 0.2202
0.4899, 0.2202
0.4899, 0.2202
0.4848, 0.2176
0.4848, 0.2176
0.4848, 0.2176
0.4848, 0.2176
0.4848, 0.2176
0.4848, 0.2176
0.4848, 0.2176
0.4798, 0.2176
0.4798, 0.2176
0.4798, 0.2176
0.4798, 0.2150
0.4798, 0.2150
0.4747, 0.2150
0.4747, 0.2150
0.4747, 0.2150
0.4747, 0.2150
0.4747, 0.2150
0.4747, 0.2150
0.4747, 0.2150
0.4747, 0.2150
0.4747, 0.2150
0.4747, 0.2150
0.4747, 0.2150
0.4697, 0.2150
0.4697, 0.2150
0.4697, 0.2150
0.4697, 0.2150
0.4697, 0.2150
0.4697, 0.2150
0.4646, 0.2150
0.4646, 0.2150
0.4646, 0.2150
0.4646, 0.2150
0.4646, 0.2124
0.4646, 0.2124
0.4646, 0.2124
0.4596, 0.2124
0.4596, 0.2124
0.4596, 0.2124
0.4596, 0.2124
0.4596, 0.2124
0.4596, 0.2124
0.4596, 0.2124
0.4545, 0.2124
0.4545, 0.2124
0.4545, 0.2124
0.4545, 0.2098
0.4545, 0.2098
0.4545, 0.2098
0.4495, 0.2098
0.4495, 0.2098
0.4495, 0.2098
0.4495, 0.2098
0.4495, 0.2098
0.4495, 0.2098
0.4495, 0.2098
0.4495, 0.2098
0.4495, 0.2098
0.4495, 0.2098
0.4495, 0.2098
0.4495, 0.2098
0.4495, 0.2098
0.4495, 0.2098
0.4444, 0.2098
0.4444, 0.2098
0.4444, 0.2098
0.4444, 0.2098
0.4444, 0.2098
0.4444, 0.2098
0.4394, 0.2098
0.4394, 0.2098
0.4394, 0.2098
0.4394, 0.2098
0.4394, 0.2098
0.4394, 0.2098
0.4394, 0.2098
0.4394, 0.2098
0.4394, 0.2098
0.4394, 0.2098
0.4343, 0.2098
0.4343, 0.2098
0.4343, 0.2098
0.4293, 0.2098
0.4293, 0.2098
0.4293, 0.2098
0.4293, 0.2098
0.4242, 0.2073
0.4242, 0.2073
0.4242, 0.2073
0.4242, 0.2073
0.4242, 0.2073
0.4242, 0.2073
0.4242, 0.2073
0.4242, 0.2073
0.4242, 0.2073
0.4242, 0.2073
0.4192, 0.2073
0.4192, 0.2073
0.4192, 0.2073
0.4141, 0.2073
0.4141, 0.2073
0.4141, 0.2073
0.4141, 0.2073
0.4141, 0.2073
0.4141, 0.2073
0.4091, 0.2047
0.4091, 0.2047
0.4091, 0.2047
0.4091, 0.2047
0.4091, 0.2047
0.4091, 0.2047
0.4040, 0.2047
0.4040, 0.2047
0.4040, 0.2047
0.3990, 0.2047
0.3990, 0.2047
0.3990, 0.2047
0.3990, 0.2047
0.3990, 0.2047
0.3990, 0.2047
0.3990, 0.2047
0.3990, 0.2047
0.3990, 0.2047
0.3990, 0.2047
0.3939, 0.2047
0.3939, 0.2047
0.3939, 0.2047
0.3939, 0.2021
0.3939, 0.2021
0.3939, 0.2021
0.3889, 0.2021
0.3889, 0.2021
0.3889, 0.2021
0.3889, 0.2021
0.3889, 0.2021
0.3889, 0.2021
0.3889, 0.2021
0.3838, 0.2021
0.3838, 0.2021
0.3838, 0.2021
0.3788, 0.2021
0.3788, 0.2021
0.3788, 0.2021
0.3788, 0.2021
0.3788, 0.2021
0.3788, 0.2021
0.3788, 0.2021
0.3737, 0.2021
0.3737, 0.2021
0.3737, 0.2021
0.3737, 0.2021
0.3737, 0.2021
0.3737, 0.2021
0.3687, 0.2021
0.3687, 0.2021
0.3687, 0.2021
0.3636, 0.2021
0.3636, 0.2021
0.3636, 0.2021
0.3636, 0.2021
0.3636, 0.2021
0.3636, 0.2021
0.3636, 0.2021
0.3636, 0.2021
0.3636, 0.2021
0.3636, 0.2021
0.3636, 0.2021
0.3586, 0.2021
0.3586, 0.2021
0.3586, 0.2021
0.3586, 0.2021
0.3586, 0.2021
0.3586, 0.2021
0.3535, 0.1995
0.3535, 0.1995
0.3535, 0.1995
0.3535, 0.1995
0.3535, 0.1995
0.3535, 0.1995
0.3535, 0.1995
0.3535, 0.1995
0.3535, 0.1995
0.3535, 0.1995
0.3535, 0.1995
0.3535, 0.1995
0.3535, 0.1995
0.3485, 0.1995
0.3485, 0.1995
0.3485, 0.1995
0.3485, 0.1995
0.3434, 0.1995
0.3434, 0.1995
0.3384, 0.1995
0.3384, 0.1995
0.3384, 0.1995
0.3384, 0.1995
0.3384, 0.1995
0.3384, 0.1995
0.3384, 0.1995
0.3384, 0.1995
0.3384, 0.1995
0.3384, 0.1995
0.3333, 0.1995
0.3333, 0.1995
0.3333, 0.1995
0.3283, 0.1995
0.3283, 0.1995
0.3283, 0.1995
0.3283, 0.1995
0.3283, 0.1995
0.3283, 0.1995
0.3283, 0.1995
0.3283, 0.1995
0.3283, 0.1995
0.3232, 0.1995
0.3232, 0.1995
0.3232, 0.1995
0.3232, 0.1995
0.3232, 0.1995
0.3232, 0.1995
0.3182, 0.1995
0.3182, 0.1995
0.3182, 0.1995
0.3182, 0.1995
0.3182, 0.1995
0.3182, 0.1995
0.3131, 0.1995
0.3131, 0.1995
0.3131, 0.1995
0.3131, 0.1995
0.3131, 0.1995
0.3131, 0.1995
0.3131, 0.1995
0.3131, 0.1995
0.3131, 0.1995
0.3081, 0.1995
0.3081, 0.1995
0.3081, 0.1995
0.3030, 0.1995
0.3030, 0.1995
0.3030, 0.1995
0.3030, 0.1995
0.3030, 0.1995
0.3030, 0.1995
0.3030, 0.1995
0.3030, 0.1995
0.3030, 0.1995
0.3030, 0.1995
0.2980, 0.1995
0.2980, 0.1995
0.2980, 0.1995
0.2980, 0.1995
0.2980, 0.1995
0.2980, 0.1995
0.2980, 0.1995
0.2929, 0.1995
0.2929, 0.1995
0.2929, 0.1995
0.2929, 0.1995
0.2929, 0.1995
0.2929, 0.1995
0.2929, 0.1995
0.2929, 0.1995
0.2929, 0.1995
0.2929, 0.1995
0.2929, 0.1995
0.2929, 0.1995
0.2929, 0.1995
0.2929, 0.1995
0.2929, 0.1995
0.2929, 0.1995
0.2929, 0.1995
0.2929, 0.1995
0.2929, 0.1995
0.2929, 0.1995
0.2929, 0.1995
0.2929, 0.1995
0.2929, 0.1995
0.2929, 0.1995
0.2929, 0.1995
0.2929, 0.1995
0.2929, 0.1995
0.2929, 0.1995
0.2929, 0.1995
0.2929, 0.1995
0.2929, 0.1995
0.2929, 0.1995
0.2929, 0.1995
0.2929, 0.1995
0.2929, 0.1995
0.2929, 0.1995
0.2929, 0.1995
0.2929, 0.1995
0.2929, 0.1995
0.2929, 0.1995
0.2929, 0.1995
0.2929, 0.1995
0.2929, 0.1995
0.2929, 0.1995
0.2929, 0.1995
0.2929, 0.1995
0.2929, 0.1995
0.2929, 0.1995
0.2929, 0.1995
0.2929, 0.1995
0.2929, 0.1995
0.2929, 0.1995
0.2929, 0.1995
0.2929, 0.1995
0.2929, 0.1995
0.2929, 0.1995
0.2929, 0.1995
0.2929, 0.1995
0.2929, 0.1995
0.2929, 0.1995
0.2929, 0.1995
0.2980, 0.1995
0.2980, 0.1995
0.2980, 0.1995
0.2980, 0.1995
0.2980, 0.1995
0.2980, 0.1995
0.2980, 0.1995
0.2980, 0.1995
0.2980, 0.1995
0.2980, 0.1995
0.2980, 0.1995
0.2980, 0.1995
0.2980, 0.1995
0.2980, 0.1995
0.2980, 0.1995
0.2980, 0.1995
0.2980, 0.1995
0.2980, 0.1995
0.2980, 0.1995
0.2980, 0.1995
0.2980, 0.1995
0.2980, 0.1995
0.2980, 0.1995
0.2980, 0.1995
0.2980, 0.1995
0.2980, 0.1995
0.2980, 0.1995
0.2980, 0.1995
0.2980, 0.1995
0.2980, 0.1995
0.2980, 0.1995
0.2980, 0.1995
0.2980, 0.1995
0.2980, 0.1995
0.2980, 0.1995
0.2980, 0.1995
0.2980, 0.1995
0.2980, 0.1995
0.2980, 0.1995
0.2980, 0.1995
0.2980, 0.1995
0.2980, 0.1995
0.2980, 0.1995
0.2980, 0.1995
0.2980, 0.1995
0.2980, 0.1995
0.2980, 0.1995
0.2980, 0.1995
0.2980, 0.1995
0.2980, 0.1995
0.3030, 0.1995
0.3030, 0.1995
0.3030, 0.1995
0.3030, 0.1995
0.3030, 0.1995
0.3030, 0.1995
0.3030, 0.1995
0.3030, 0.1995
0.3030, 0.1995
0.3030, 0.1995
0.3030, 0.1995
0.3030, 0.1995
0.3030, 0.1995
0.3030, 0.1995
0.3030, 0.1995
0.3030, 0.1995
0.3030, 0.1995
0.3030, 0.1995
0.3030, 0.1995
0.3030, 0.1995
0.3030, 0.1995
0.3030, 0.1995
0.3030, 0.1995
0.3030, 0.1995
0.3030, 0.1995
0.3030, 0.1995
0.3030, 0.1995
0.3030, 0.1995
0.3030, 0.1995
0.3030, 0.1995
0.3030, 0.1995
0.3030, 0.1995
0.3030, 0.1995
0.3030, 0.1995
0.3030, 0.1995
0.3030, 0.1995
0.3030, 0.1995
0.3030, 0.1995
0.3030, 0.1995
0.3030, 0.1995
0.3030, 0.1995
0.3030, 0.1995
0.3030, 0.1995
0.3030, 0.1995
0.3030, 0.1995
0.3030, 0.1995
0.3030, 0.1995
0.3081, 0.1995
0.3081, 0.1995
0.3081, 0.1995
0.3081, 0.1995
0.3081, 0.1995
0.3081, 0.1995
0.3081, 0.1995
0.3081, 0.1995
0.3081, 0.1995
0.3081, 0.1995
0.3081, 0.1995
0.3081, 0.1995
0.3081, 0.1995
0.3081, 0.1995
0.3081, 0.1995
0.3081, 0.1995
0.3081, 0.1995
0.3081, 0.1995
0.3081, 0.1995
0.3081, 0.1995
0.3081, 0.1995
0.3081, 0.1995
0.3081, 0.1995
0.3081, 0.1995
0.3081, 0.1995
0.3081, 0.1995
0.3081, 0.1995
0.3081, 0.1995
0.3081, 0.1995
0.3081, 0.1995
0.3081, 0.1995
0.3081, 0.1995
0.3081, 0.1995
0.3081, 0.1995
0.3081, 0.1995
0.3081, 0.1995
0.3081, 0.1995
0.3081, 0.1995
0.3081, 0.1995
0.3081, 0.1995
0.3081, 0.1995
0.3081, 0.1995
0.3081, 0.1995
0.3081, 0.1995
0.3081, 0.1995
0.3081, 0.1995
0.3081, 0.1995
0.3081, 0.1995
0.3081, 0.1995
0.3081, 0.1995
0.3081, 0.1995
0.3081, 0.1995
0.3131, 0.1995
0.3131, 0.1995
0.3131, 0.1995
0.3131, 0.1995
0.3131, 0.1995
0.3131, 0.1995
0.3131, 0.1995
0.3131, 0.1995
0.3131, 0.1995
0.3131, 0.1995
0.3131, 0.1995
0.3131, 0.1995
0.3131, 0.1995
0.3131, 0.1995
0.3131, 0.1995
0.3131, 0.1995
0.3131, 0.1995
0.3131, 0.1995
0.3131, 0.1995
0.3131, 0.1995
0.3131, 0.1995
0.3131, 0.1995
0.3182, 0.1995
0.3182, 0.1995
0.3182, 0.1995
0.3182, 0.1995
0.3182, 0.1995
0.3182, 0.1995
0.3232, 0.1995
0.3232, 0.1995
0.3232, 0.1995
0.3232, 0.1995
0.3232, 0.1995
0.3232, 0.1995
0.3232, 0.1995
0.3232, 0.1995
0.3232, 0.1995
0.3232, 0.1995
0.3283, 0.1995
0.3283, 0.1995
0.3333, 0.1995
0.3333, 0.1995
0.3333, 0.1995
0.3333, 0.1995
0.3333, 0.1995
0.3333, 0.1995
0.3333, 0.1995
0.3333, 0.1995
0.3333, 0.1995
0.3384, 0.1995
0.3384, 0.1995
0.3384, 0.1995
0.3434, 0.1995
0.3434, 0.1995
0.3434, 0.1995
0.3485, 0.1995
0.3485, 0.1995
0.3485, 0.1995
0.3485, 0.1995
0.3485, 0.1995
0.3485, 0.1995
0.3485, 0.1995
0.3485, 0.1995
0.3485, 0.1995
0.3485, 0.1969
0.3485, 0.1969
0.3485, 0.1969
0.3535, 0.1969
0.3535, 0.1969
0.3535, 0.1969
0.3535, 0.1969
0.3535, 0.1969
0.3535, 0.1969
0.3586, 0.1969
0.3586, 0.1969
0.3586, 0.1969
0.3586, 0.1969
0.3586, 0.1969
0.3586, 0.1969
0.3586, 0.1969
0.3586, 0.1969
0.3586, 0.1969
0.3586, 0.1969
0.3636, 0.1969
0.3636, 0.1969
0.3636, 0.1969
0.3636, 0.1969
0.3636, 0.1969
0.3636, 0.1969
0.3687, 0.1969
0.3687, 0.1969
0.3737, 0.1969
0.3737, 0.1969
0.3737, 0.1969
0.3737, 0.1969
0.3737, 0.1969
0.3737, 0.1969
0.3737, 0.1969
0.3737, 0.1969
0.3737, 0.1969
0.3737, 0.1969
0.3737, 0.1969
0.3737, 0.1969
0.3737, 0.1969
0.3788, 0.1969
0.3788, 0.1969
0.3788, 0.1969
0.3838, 0.1943
0.3838, 0.1943
0.3838, 0.1943
0.3838, 0.1943
0.3838, 0.1943
0.3838, 0.1943
0.3838, 0.1943
0.3838, 0.1943
0.3838, 0.1943
0.3889, 0.1943
0.3889, 0.1943
0.3889, 0.1943
0.3889, 0.1943
0.3889, 0.1943
0.3889, 0.1943
0.3939, 0.1943
0.3939, 0.1943
0.3939, 0.1943
0.3939, 0.1943
0.3939, 0.1943
0.3939, 0.1943
0.3939, 0.1943
0.3939, 0.1943
0.3939, 0.1943
0.3939, 0.1943
0.3939, 0.1943
0.3939, 0.1943
0.3939, 0.1917
0.3939, 0.1917
0.3939, 0.1917
0.3990, 0.1917
0.3990, 0.1917
0.3990, 0.1917
0.3990, 0.1917
0.3990, 0.1917
0.3990, 0.1917
0.4040, 0.1917
0.4040, 0.1917
0.4040, 0.1917
0.4091, 0.1917
0.4091, 0.1917
0.4091, 0.1917
0.4091, 0.1917
0.4091, 0.1917
0.4091, 0.1917
0.4091, 0.1917
0.4091, 0.1917
0.4141, 0.1917
0.4141, 0.1917
0.4141, 0.1917
0.4141, 0.1917
0.4141, 0.1917
0.4192, 0.1917
0.4192, 0.1917
0.4192, 0.1917
0.4192, 0.1917
0.4192, 0.1917
0.4192, 0.1917
0.4192, 0.1917
0.4192, 0.1917
0.4192, 0.1917
0.4242, 0.1891
0.4242, 0.1891
0.4242, 0.1891
0.4242, 0.1891
0.4242, 0.1891
0.4242, 0.1891
0.4242, 0.1891
0.4293, 0.1891
0.4293, 0.1891
0.4293, 0.1891
0.4293, 0.1891
0.4293, 0.1891
0.4343, 0.1891
0.4343, 0.1891
0.4343, 0.1891
0.4343, 0.1865
0.4343, 0.1865
0.4343, 0.1865
0.4343, 0.1865
0.4343, 0.1865
0.4343, 0.1865
0.4343, 0.1865
0.4343, 0.1865
0.4343, 0.1865
0.4343, 0.1865
0.4394, 0.1865
0.4394, 0.1865
0.4444, 0.1839
0.4444, 0.1839
0.4444, 0.1839
0.4444, 0.1839
0.4444, 0.1839
0.4444, 0.1839
0.4444, 0.1839
0.4444, 0.1839
0.4444, 0.1839
0.4444, 0.1839
0.4444, 0.1839
0.4444, 0.1839
0.4495, 0.1839
0.4495, 0.1839
0.4495, 0.1839
0.4495, 0.1839
0.4495, 0.1839
0.4495, 0.1839
0.4495, 0.1839
0.4495, 0.1839
0.4495, 0.1839
0.4545, 0.1839
0.4545, 0.1839
0.4545, 0.1839
0.4545, 0.1813
0.4545, 0.1813
0.4545, 0.1813
0.4596, 0.1813
0.4596, 0.1813
0.4596, 0.1813
0.4596, 0.1813
0.4596, 0.1813
0.4596, 0.1788
0.4596, 0.1788
0.4596, 0.1788
0.4596, 0.1788
0.4596, 0.1788
0.4596, 0.1788
0.4596, 0.1788
0.4646, 0.1788
0.4646, 0.1788
0.4646, 0.1788
0.4646, 0.1788
0.4646, 0.1788
0.4646, 0.1788
0.4697, 0.1788
0.4697, 0.1788
0.4697, 0.1762
0.4697, 0.1762
0.4697, 0.1762
0.4697, 0.1762
0.4697, 0.1762
0.4697, 0.1762
0.4697, 0.1762
0.4697, 0.1762
0.4697, 0.1762
0.4697, 0.1736
0.4697, 0.1736
0.4697, 0.1736
0.4747, 0.1736
0.4747, 0.1736
0.4747, 0.1736
0.4747, 0.1710
0.4747, 0.1710
0.4747, 0.1710
0.4747, 0.1710
0.4747, 0.1710
0.4798, 0.1710
0.4798, 0.1710
0.4798, 0.1710
0.4798, 0.1710
0.4798, 0.1710
0.4798, 0.1710
0.4848, 0.1710
0.4848, 0.1710
0.4848, 0.1710
0.4848, 0.1710
0.4848, 0.1710
0.4848, 0.1710
0.4848, 0.1684
0.4848, 0.1684
0.4848, 0.1684
0.4848, 0.1684
0.4848, 0.1684
0.4848, 0.1684
0.4848, 0.1658
0.4848, 0.1658
0.4848, 0.1658
0.4899, 0.1658
0.4899, 0.1658
0.4899, 0.1658
0.4899, 0.1658
0.4899, 0.1658
0.4899, 0.1658
0.4899, 0.1658
0.4899, 0.1658
0.4899, 0.1658
0.4899, 0.1658
0.4899, 0.1658
0.4949, 0.1658
0.4949, 0.1658
0.4949, 0.1658
0.4949, 0.1632
0.4949, 0.1632
0.4949, 0.1632
0.4949, 0.1632
0.4949, 0.1632
0.4949, 0.1632
0.4949, 0.1606
0.4949, 0.1606
0.4949, 0.1606
0.4949, 0.1606
0.4949, 0.1606
0.4949, 0.1606
0.4949, 0.1606
0.4949, 0.1606
0.4949, 0.1606
0.4949, 0.1580
0.4949, 0.1580
0.5000, 0.1580
0.5000, 0.1580
0.5000, 0.1580
0.5000, 0.1580
0.5000, 0.1580
0.5000, 0.1580
0.5051, 0.1554
0.5051, 0.1554
0.5051, 0.1554
0.5051, 0.1528
0.5051, 0.1528
0.5101, 0.1528
0.5101, 0.1528
0.5101, 0.1528
0.5101, 0.1528
0.5101, 0.1528
0.5101, 0.1528
0.5101, 0.1503
0.5101, 0.1503
0.5101, 0.1503
0.5101, 0.1503
0.5101, 0.1503
0.5101, 0.1503
0.5152, 0.1477
0.5152, 0.1477
0.5152, 0.1477
0.5152, 0.1451
0.5152, 0.1451
0.5152, 0.1451
0.5152, 0.1451
0.5152, 0.1451
0.5152, 0.1451
0.5202, 0.1451
0.5202, 0.1451
0.5202, 0.1451
0.5202, 0.1425
0.5202, 0.1425
0.5202, 0.1425
0.5202, 0.1425
0.5202, 0.1425
0.5202, 0.1399
0.5202, 0.1399
0.5202, 0.1399
0.5202, 0.1399
0.5202, 0.1399
0.5202, 0.1399
0.5202, 0.1399
0.5202, 0.1399
0.5202, 0.1399
0.5253, 0.1399
0.5253, 0.1399
0.5253, 0.1399
0.5253, 0.1373
0.5253, 0.1373
0.5253, 0.1373
0.5253, 0.1373
0.5253, 0.1373
0.5253, 0.1373
0.5253, 0.1347
0.5253, 0.1347
0.5253, 0.1347
0.5253, 0.1347
0.5253, 0.1347
0.5253, 0.1347
0.5303, 0.1347
0.5303, 0.1347
0.5303, 0.1347
0.5303, 0.1321
0.5303, 0.1321
0.5303, 0.1321
0.5303, 0.1321
0.5303, 0.1321
0.5303, 0.1321
0.5303, 0.1321
0.5303, 0.1321
0.5303, 0.1321
0.5303, 0.1321
0.5303, 0.1321
0.5354, 0.1295
0.5354, 0.1295
0.5354, 0.1295
0.5354, 0.1295
0.5354, 0.1295
0.5354, 0.1295
0.5354, 0.1269
0.5354, 0.1269
0.5354, 0.1269
0.5354, 0.1269
0.5354, 0.1269
0.5354, 0.1269
0.5354, 0.1269
0.5354, 0.1269
0.5354, 0.1244
0.5354, 0.1244
0.5354, 0.1244
0.5354, 0.1218
0.5354, 0.1218
0.5354, 0.1218
0.5354, 0.1218
0.5354, 0.1218
0.5354, 0.1218
0.5404, 0.1192
0.5404, 0.1192
0.5404, 0.1192
0.5404, 0.1192
0.5404, 0.1192
0.5404, 0.1166
0.5404, 0.1166
0.5404, 0.1166
0.5404, 0.1140
0.5404, 0.1140
0.5404, 0.1140
0.5455, 0.1140
0.5455, 0.1140
0.5455, 0.1114
0.5455, 0.1114
0.5455, 0.1114
0.5455, 0.1088
0.5455, 0.1088
0.5455, 0.1088
0.5455, 0.1088
0.5455, 0.1088
0.5455, 0.1088
0.5455, 0.1062
0.5455, 0.1062
0.5455, 0.1062
0.5455, 0.1062
0.5455, 0.1062
0.5455, 0.1036
0.5455, 0.1036
0.5455, 0.1036
0.5455, 0.1010
0.5455, 0.1010
0.5455, 0.1010
0.5455, 0.1010
0.5455, 0.1010
0.5455, 0.1010
0.5455, 0.0984
0.5455, 0.0984
0.5455, 0.0984
0.5455, 0.0984
0.5455, 0.0984
0.5505, 0.0959
0.5505, 0.0959
0.5505, 0.0959
0.5505, 0.0959
0.5505, 0.0959
0.5505, 0.0959
0.5505, 0.0959
0.5505, 0.0959
0.5505, 0.0959
0.5505, 0.0933
0.5505, 0.0933
0.5505, 0.0933
0.5505, 0.0933
0.5505, 0.0933
0.5505, 0.0933
0.5505, 0.0907
0.5505, 0.0907
0.5505, 0.0907
0.5505, 0.0907
0.5505, 0.0907
0.5505, 0.0881
0.5505, 0.0881
0.5505, 0.0881
0.5505, 0.0881
0.5505, 0.0881
0.5505, 0.0881
0.5505, 0.0881
0.5505, 0.0881
0.5505, 0.0881
0.5505, 0.0855
0.5505, 0.0855
0.5505, 0.0829
0.5505, 0.0829
0.5505, 0.0829
0.5505, 0.0829
0.5505, 0.0829
0.5505, 0.0829
0.5505, 0.0829
0.5505, 0.0829
0.5505, 0.0803
0.5505, 0.0803
0.5505, 0.0803
0.5505, 0.0803
0.5505, 0.0803
0.5505, 0.0803
0.5505, 0.0777
0.5505, 0.0777
0.5505, 0.0777
0.5505, 0.0751
0.5505, 0.0751
0.5505, 0.0751
0.5505, 0.0751
0.5505, 0.0751
0.5505, 0.0751
0.5505, 0.0751
0.5505, 0.0751
0.5505, 0.0751
0.5505, 0.0751
0.5505, 0.0751
0.5505, 0.0725
0.5505, 0.0725
0.5505, 0.0725
0.5505, 0.0699
0.5505, 0.0699
0.5505, 0.0699
0.5505, 0.0699
0.5505, 0.0699
0.5505, 0.0699
0.5505, 0.0699
0.5505, 0.0699
0.5505, 0.0674
0.5505, 0.0674
0.5505, 0.0674
0.5505, 0.0674
0.5505, 0.0674
0.5505, 0.0674
0.5505, 0.0648
0.5505, 0.0648
0.5455, 0.0622
0.5455, 0.0622
0.5455, 0.0622
0.5455, 0.0622
0.5455, 0.0622
0.5455, 0.0622
0.5455, 0.0622
0.5455, 0.0622
0.5455, 0.0622
0.5455, 0.0596
0.5455, 0.0596
0.5404, 0.0570
0.5404, 0.0570
0.5404, 0.0570
0.5404, 0.0570
0.5404, 0.0570
0.5404, 0.0570
0.5404, 0.0570
0.5404, 0.0570
0.5404, 0.0570
0.5404, 0.0570
0.5404, 0.0570
0.5404, 0.0570
0.5404, 0.0544
0.5404, 0.0544
0.5404, 0.0544
0.5404, 0.0518
0.5404, 0.0518
0.5354, 0.0518
0.5354, 0.0518
0.5354, 0.0518
0.5354, 0.0492
0.5354, 0.0492
0.5354, 0.0492
0.5354, 0.0492
0.5354, 0.0492
0.5354, 0.0492
0.5354, 0.0492
0.5354, 0.0492
0.5303, 0.0492
0.5303, 0.0492
0.5303, 0.0466
0.5303, 0.0466
0.5303, 0.0466
0.5253, 0.0466
0.5253, 0.0466
0.5253, 0.0466
0.5253, 0.0440
0.5253, 0.0440
0.5253, 0.0440
0.5253, 0.0440
0.5253, 0.0440
0.5253, 0.0440
0.5253, 0.0440
0.5253, 0.0440
0.5253, 0.0440
0.5253, 0.0440
0.5253, 0.0440
0.5253, 0.0440
0.5253, 0.0440
0.5253, 0.0440
0.5202, 0.0415
0.5202, 0.0415
0.5202, 0.0415
0.5202, 0.0415
0.5202, 0.0415
0.5152, 0.0389
0.5152, 0.0389
0.5152, 0.0389
0.5152, 0.0389
0.5152, 0.0389
0.5152, 0.0363
0.5152, 0.0363
0.5152, 0.0363
0.5152, 0.0363
0.5152, 0.0363
0.5152, 0.0363
0.5152, 0.0363
0.5152, 0.0363
0.5152, 0.0363
0.5101, 0.0363
0.5101, 0.0363
0.5101, 0.0363
0.5101, 0.0363
0.5101, 0.0363
0.5101, 0.0337
0.5101, 0.0337
0.5101, 0.0337
0.5051, 0.0337
0.5051, 0.0337
0.5051, 0.0311
0.5051, 0.0311
0.5051, 0.0311
0.5000, 0.0311
0.5000, 0.0311
0.5000, 0.0311
0.5000, 0.0311
0.5000, 0.0311
0.5000, 0.0311
0.5000, 0.0311
0.5000, 0.0311
0.5000, 0.0311
0.5000, 0.0311
0.5000, 0.0311
0.5000, 0.0285
0.5000, 0.0285
0.5000, 0.0285
0.4949, 0.0285
0.4949, 0.0285
0.4949, 0.0259
0.4949, 0.0259
0.4949, 0.0259
0.4899, 0.0259
0.4899, 0.0259
0.4899, 0.0259
0.4899, 0.0259
0.4899, 0.0259
0.4899, 0.0259
0.4899, 0.0259
0.4899, 0.0259
0.4899, 0.0259
0.4899, 0.0259
0.4899, 0.0259
0.4899, 0.0259
0.4848, 0.0259
0.4848, 0.0259
0.4848, 0.0233
0.4848, 0.0233
0.4848, 0.0233
0.4798, 0.0233
0.4798, 0.0233
0.4798, 0.0233
0.4798, 0.0233
0.4798, 0.0233
0.4747, 0.0207
0.4747, 0.0207
0.4747, 0.0207
0.4747, 0.0207
0.4747, 0.0207
0.4747, 0.0207
0.4747, 0.0207
0.4747, 0.0207
0.4747, 0.0207
0.4697, 0.0181
0.4697, 0.0181
0.4646, 0.0181
0.4646, 0.0181
0.4646, 0.0181
0.4646, 0.0181
0.4646, 0.0181
0.4646, 0.0181
0.4596, 0.0181
0.4596, 0.0181
0.4596, 0.0181
0.4596, 0.0181
0.4596, 0.0181
0.4545, 0.0155
0.4545, 0.0155
0.4545, 0.0155
0.4495, 0.0155
0.4495, 0.0155
0.4495, 0.0155
0.4495, 0.0155
0.4495, 0.0155
0.4444, 0.0130
0.4444, 0.0130
0.4444, 0.0130
0.4444, 0.0130
0.4444, 0.0130
0.4394, 0.0130
0.4394, 0.0130
0.4394, 0.0130
0.4394, 0.0130
0.4394, 0.0130
0.4394, 0.0130
0.4394, 0.0130
0.4394, 0.0130
0.4394, 0.0130
0.4394, 0.0130
0.4394, 0.0130
0.4394, 0.0130
0.4343, 0.0130
0.4343, 0.0130
0.4343, 0.0130
0.4343, 0.0130
0.4343, 0.0130
0.4293, 0.0130
0.4293, 0.0130
0.4293, 0.0130
0.4242, 0.0130
0.4242, 0.0130
0.4242, 0.0104
0.4242, 0.0104
0.4242, 0.0104
0.4242, 0.0104
0.4242, 0.0104
0.4242, 0.0104
0.4192, 0.0104
0.4192, 0.0104
0.4192, 0.0104
0.4192, 0.0104
0.4192, 0.0104
0.4141, 0.0104
0.4141, 0.0104
0.4141, 0.0104
0.4141, 0.0104
0.4141, 0.0104
0.4141, 0.0078
0.4141, 0.0078
0.4141, 0.0078
0.4091, 0.0078
0.4091, 0.0078
0.4040, 0.0078
0.4040, 0.0078
0.3990, 0.0078
0.3990, 0.0078
0.3990, 0.0078
0.3990, 0.0078
0.3990, 0.0078
0.3990, 0.0078
0.3990, 0.0078
0.3990, 0.0078
0.3990, 0.0078
0.3939, 0.0052
0.3939, 0.0052
0.3939, 0.0052
0.3939, 0.0052
0.3939, 0.0052
0.3889, 0.0052
0.3889, 0.0052
0.3889, 0.0052
0.3889, 0.0052
0.3889, 0.0052
0.3838, 0.0052
0.3838, 0.0052
0.3838, 0.0052
0.3788, 0.0052
0.3788, 0.0052
0.3788, 0.0052
0.3788, 0.0052
0.3788, 0.0052
0.3788, 0.0052
0.3788, 0.0052
0.3788, 0.0052
0.3737, 0.0052
0.3737, 0.0052
0.3737, 0.0052
0.3737, 0.0052
0.3737, 0.0052
0.3687, 0.0052
0.3687, 0.0052
0.3687, 0.0052
0.3636, 0.0052
0.3636, 0.0052
0.3636, 0.0052
0.3636, 0.0052
0.3636, 0.0052
0.3636, 0.0052
0.3636, 0.0052
0.3636, 0.0052
0.3636, 0.0026
0.3636, 0.0026
0.3636, 0.0026
0.3586, 0.0026
0.3586, 0.0026
0.3586, 0.0026
0.3586, 0.0026
0.3586, 0.0026
0.3535, 0.0026
0.3535, 0.0026
0.3535, 0.0026
0.3535, 0.0026
0.3535, 0.0026
0.3535, 0.0026
0.3535, 0.0026
0.3485, 0.0026
0.3485, 0.0026
0.3434, 0.0026
0.3434, 0.0026
0.3434, 0.0026
0.3434, 0.0026
0.3384, 0.0026
0.3384, 0.0026
0.3384, 0.0026
0.3384, 0.0026
0.3384, 0.0026
0.3333, 0.0026
0.3333, 0.0026
0.3283, 0.0026
0.3283, 0.0026
0.3283, 0.0026
0.3283, 0.0026
0.3283, 0.0026
0.3283, 0.0026
0.3232, 0.0000
0.3232, 0.0000
0.3182, 0.0000
0.3182, 0.0000
0.3131, 0.0000
0.3131, 0.0000
0.3131, 0.0000
0.3081, 0.0000
0.3030, 0.0000
0.3030, 0.0000
0.2980, 0.0000
0.2929, 0.0000
0.2879, 0.0000
0.2778, 0.0000
0.2727, 0.0000
0.2677, 0.0000
0.2677, 0.0000
0.2626, 0.0000
0.2626, 0.0000
0.2626, 0.0000
0.2626, 0.0000
0.2626, 0.0000
0.2525, 0.0000
0.2525, 0.0000
0.2475, 0.0000
0.2475, 0.0000
0.2475, 0.0000
0.2475, 0.0000
0.2424, 0.0000
0.2424, 0.0000
0.2374, 0.0000
0.2374, 0.0000
0.2374, 0.0000
0.2374, 0.0000
0.2323, 0.0000
0.2323, 0.0000
0.2273, 0.0000
0.2273, 0.0000
0.2273, 0.0000
0.2222, 0.0000
0.2222, 0.0000
0.2222, 0.0000
0.2222, 0.0000
0.2172, 0.0026
0.2121, 0.0026
0.2121, 0.0026
0.2121, 0.0026
0.2071, 0.0026
0.2020, 0.0026
0.2020, 0.0026
0.2020, 0.0026
0.1970, 0.0026
0.1970, 0.0026
0.1970, 0.0026
0.1970, 0.0026
0.1869, 0.0026
0.1869, 0.0026
0.1818, 0.0026
0.1818, 0.0026
0.1818, 0.0052
0.1818, 0.0052
0.1717, 0.0052
0.1717, 0.0052
0.1667, 0.0052
0.1667, 0.0052
0.1667, 0.0078
0.1667, 0.0078
0.1616, 0.0078
0.1616, 0.0078
0.1566, 0.0078
0.1566, 0.0078
0.1566, 0.0104
0.1566, 0.0104
0.1515, 0.0104
0.1515, 0.0104
0.1465, 0.0104
0.1465, 0.0104
0.1414, 0.0104
0.1414, 0.0104
0.1414, 0.0104
0.1414, 0.0104
0.1414, 0.0104
0.1414, 0.0104
0.1414, 0.0104
0.1313, 0.0130
0.1313, 0.0130
0.1263, 0.0130
0.1263, 0.0130
0.1263, 0.0155
0.1263, 0.0155
0.1212, 0.0155
0.1212, 0.0155
0.1212, 0.0155
0.1212, 0.0155
0.1162, 0.0155
0.1162, 0.0155
0.1162, 0.0155
0.1162, 0.0155
0.1162, 0.0155
0.1162, 0.0155
0.1162, 0.0155
0.1162, 0.0155
0.1162, 0.0155
0.1162, 0.0155
0.1162, 0.0155
0.1162, 0.0155
0.1162, 0.0155
0.1162, 0.0155
0.1162, 0.0155
0.1162, 0.0155
0.1162, 0.0155
0.1162, 0.0155
0.1162, 0.0155
0.1162, 0.0155
0.1111, 0.0155
0.1111, 0.0155
0.1061, 0.0181
0.1061, 0.0181
0.1061, 0.0181
0.1061, 0.0181
0.1061, 0.0181
0.1061, 0.0181
0.1061, 0.0181
0.1010, 0.0207
0.1010, 0.0207
0.0960, 0.0207
0.0960, 0.0207
0.0960, 0.0207
0.0960, 0.0207
0.0960, 0.0207
0.0960, 0.0207
0.0960, 0.0207
0.0960, 0.0207
0.0960, 0.0207
0.0960, 0.0207
0.0960, 0.0207
0.0960, 0.0207
0.0960, 0.0207
0.0960, 0.0207
0.0960, 0.0207
0.0960, 0.0207
0.0960, 0.0207
0.0960, 0.0207
0.0960, 0.0207
0.0960, 0.0207
0.0960, 0.0207
0.0960, 0.0207
0.0960, 0.0207
0.0960, 0.0207
0.0960, 0.0207
0.0960, 0.0207
0.0960, 0.0207
0.0960, 0.0207
0.0960, 0.0207
0.0909, 0.0207
0.0909, 0.0207
0.0909, 0.0207
0.0909, 0.0207
0.0909, 0.0207
0.0909, 0.0207
0.0909, 0.0233
0.0909, 0.0233
0.0909, 0.0233
0.0909, 0.0233
0.0909, 0.0233
0.0909, 0.0233
0.0909, 0.0233
0.0909, 0.0233
0.0909, 0.0233
0.0909, 0.0233
0.0909, 0.0233
0.0909, 0.0233
0.0960, 0.0233
0.5202, 0.3135
0.5202, 0.3135
0.5202, 0.3135
0.5202, 0.3135
0.5202, 0.3135
0.5202, 0.3135
0.5202, 0.3135
0.5202, 0.3135
0.5202, 0.3135
0.5202, 0.3135
0.5202, 0.3135
0.5202, 0.3135
0.5202, 0.3135
0.5202, 0.3135
0.5202, 0.3135
0.5202, 0.3135
0.5202, 0.3135
0.5202, 0.3135
0.5202, 0.3135
0.5202, 0.3135
0.5202, 0.3135
0.5202, 0.3135
0.5202, 0.3135
0.5202, 0.3135
0.5202, 0.3135
0.5202, 0.3135
0.5202, 0.3135
0.5202, 0.3135
0.5202, 0.3135
0.5202, 0.3135
0.5202, 0.3135
0.5202, 0.3135
0.5202, 0.3135
0.5202, 0.3135
0.5202, 0.3135
0.5202, 0.3135
0.5253, 0.3135
0.5253, 0.3135
0.5253, 0.3135
0.5253, 0.3135
0.5253, 0.3135
0.5253, 0.3135
0.5303, 0.3135
0.5303, 0.3135
0.5303, 0.3135
0.5354, 0.3161
0.5354, 0.3161
0.5354, 0.3161
0.5404, 0.3161
0.5404, 0.3161
0.5404, 0.3161
0.5404, 0.3161
0.5404, 0.3161
0.5404, 0.3161
0.5455, 0.3161
0.5455, 0.3161
0.5455, 0.3161
0.5505, 0.3161
0.5505, 0.3161
0.5505, 0.3161
0.5505, 0.3161
0.5505, 0.3161
0.5505, 0.3161
0.5505, 0.3161
0.5556, 0.3161
0.5556, 0.3161
0.5556, 0.3161
0.5606, 0.3161
0.5606, 0.3161
0.5606, 0.3161
0.5657, 0.3161
0.5657, 0.3161
0.5657, 0.3161
0.5657, 0.3161
0.5657, 0.3161
0.5657, 0.3161
0.5707, 0.3161
0.5707, 0.3161
0.5707, 0.3161
0.5758, 0.3161
0.5758, 0.3161
0.5758, 0.3161
0.5758, 0.3161
0.5758, 0.3161
0.5758, 0.3161
0.5758, 0.3161
0.5758, 0.3187
0.5758, 0.3187
0.5758, 0.3187
0.5808, 0.3187
0.5808, 0.3187
0.5808, 0.3187
0.5808, 0.3187
0.5808, 0.3187
0.5808, 0.3187
0.5859, 0.3187
0.5859, 0.3187
0.5859, 0.3187
0.5909, 0.3212
0.5909, 0.3212
0.5909, 0.3212
0.5909, 0.3212
0.5909, 0.3212
0.5909, 0.3212
0.5909, 0.3212
0.5909, 0.3212
0.5909, 0.3212
0.5960, 0.3212
0.5960, 0.3212
0.5960, 0.3212
0.6010, 0.3238
0.6010, 0.3238
0.6010, 0.3238
0.6010, 0.3238
0.6010, 0.3238
0.6010, 0.3238
0.6010, 0.3238
0.6010, 0.3238
0.6010, 0.3238
0.6010, 0.3238
0.6010, 0.3238
0.6010, 0.3238
0.6010, 0.3238
0.6010, 0.3238
0.6061, 0.3238
0.6061, 0.3238
0.6061, 0.3238
0.6061, 0.3238
0.6061, 0.3238
0.6111, 0.3238
0.6111, 0.3238
0.6111, 0.3238
0.6111, 0.3238
0.6111, 0.3238
0.6111, 0.3238
0.6162, 0.3238
0.6162, 0.3238
0.6162, 0.3238
0.6162, 0.3264
0.6162, 0.3264
0.6162, 0.3264
0.6162, 0.3264
0.6162, 0.3264
0.6162, 0.3264
0.6162, 0.3264
0.6162, 0.3264
0.6162, 0.3264
0.6162, 0.3264
0.6212, 0.3290
0.6212, 0.3290
0.6212, 0.3290
0.6212, 0.3290
0.6212, 0.3290
0.6212, 0.3290
0.6263, 0.3290
0.6263, 0.3290
0.6263, 0.3290
0.6263, 0.3290
0.6263, 0.3290
0.6263, 0.3290
0.6263, 0.3290
0.6263, 0.3290
0.6263, 0.3290
0.6263, 0.3290
0.6263, 0.3290
0.6263, 0.3290
0.6263, 0.3290
0.6263, 0.3290
0.6313, 0.3290
0.6313, 0.3290
0.6313, 0.3290
0.6313, 0.3290
0.6313, 0.3290
0.6313, 0.3290
0.6364, 0.3290
0.6364, 0.3290
0.6364, 0.3290
0.6364, 0.3290
0.6364, 0.3290
0.6364, 0.3290
0.6414, 0.3316
0.6414, 0.3316
0.6414, 0.3316
0.6414, 0.3316
0.6414, 0.3316
0.6414, 0.3316
0.6414, 0.3316
0.6414, 0.3316
0.6414, 0.3316
0.6414, 0.3316
0.6465, 0.3316
0.6465, 0.3316
0.6465, 0.3316
0.6465, 0.3316
0.6465, 0.3316
0.6465, 0.3316
0.6515, 0.3316
0.6515, 0.3316
0.6515, 0.3316
0.6515, 0.3316
0.6515, 0.3316
0.6515, 0.3316
0.6515, 0.3316
0.6515, 0.3316
0.6515, 0.3316
0.6566, 0.3316
0.6566, 0.3316
0.6566, 0.3316
0.6616, 0.3316
0.6616, 0.3316
0.6616, 0.3316
0.6616, 0.3316
0.6616, 0.3316
0.6616, 0.3316
0.6667, 0.3316
0.6667, 0.3316
0.6667, 0.3316
0.6717, 0.3316
0.6717, 0.3316
0.6717, 0.3316
0.6717, 0.3316
0.6717, 0.3316
0.6717, 0.3316
0.6768, 0.3316
0.6768, 0.3316
0.6768, 0.3316
0.6768, 0.3316
0.6768, 0.3316
0.6768, 0.3316
0.6768, 0.3316
0.6768, 0.3316
0.6768, 0.3316
0.6768, 0.3316
0.6818, 0.3316
0.6818, 0.3316
0.6818, 0.3316
0.6869, 0.3316
0.6869, 0.3316
0.6869, 0.3316
0.6869, 0.3316
0.6869, 0.3316
0.6869, 0.3316
0.6869, 0.3316
0.6869, 0.3316
0.6869, 0.3316
0.6869, 0.3316
0.6869, 0.3316
0.6869, 0.3316
0.6919, 0.3316
0.6919, 0.3316
0.6919, 0.3316
0.6919, 0.3316
0.6919, 0.3316
0.6919, 0.3316
0.6919, 0.3316
0.6970, 0.3316
0.6970, 0.3316
0.6970, 0.3316
0.7020, 0.3316
0.7020, 0.3316
0.7020, 0.3316
0.7020, 0.3316
0.7020, 0.3316
0.7020, 0.3316
0.7020, 0.3316
0.7020, 0.3316
0.7020, 0.3316
0.7071, 0.3316
0.7071, 0.3316
0.7071, 0.3316
0.7121, 0.3316
0.7121, 0.3316
0.7121, 0.3316
0.7172, 0.3316
0.7172, 0.3316
0.7172, 0.3316
0.7172, 0.3316
0.7172, 0.3316
0.7172, 0.3316
0.7222, 0.3316
0.7222, 0.3316
0.7222, 0.3316
0.7273, 0.3290
0.7273, 0.3290
0.7273, 0.3290
0.7273, 0.3290
0.7273, 0.3290
0.7273, 0.3290
0.7273, 0.3290
0.7273, 0.3290
0.7273, 0.3290
0.7273, 0.3290
0.7273, 0.3290
0.7273, 0.3290
0.7273, 0.3290
0.7273, 0.3290
0.7273, 0.3290
0.7273, 0.3290
0.7273, 0.3290
0.7273, 0.3290
0.7273, 0.3290
0.7273, 0.3290
0.7273, 0.3290
0.7273, 0.3290
0.7273, 0.3290
0.7273, 0.3264
0.7273, 0.3264
0.7273, 0.3264
0.7323, 0.3264
0.7323, 0.3264
0.7323, 0.3264
0.7323, 0.3264
0.7323, 0.3264
0.7323, 0.3264
0.7323, 0.3264
0.7323, 0.3264
0.7374, 0.3264
0.7374, 0.3264
0.7374, 0.3264
0.7374, 0.3264
0.7374, 0.3264
0.7374, 0.3264
0.7374, 0.3264
0.7374, 0.3264
0.7374, 0.3264
0.7374, 0.3264
0.7424, 0.3264
0.7424, 0.3264
0.7424, 0.3238
0.7424, 0.3238
0.7424, 0.3238
0.7424, 0.3238
0.7424, 0.3238
0.7424, 0.3238
0.7424, 0.3238
0.7424, 0.3238
0.7424, 0.3238
0.7424, 0.3238
0.7424, 0.3212
0.7424, 0.3212
0.7424, 0.3212
0.7424, 0.3212
0.7424, 0.3212
0.7424, 0.3212
0.7475, 0.3187
0.7475, 0.3187
0.7475, 0.3187
0.7475, 0.3187
0.7475, 0.3187
0.7475, 0.3187
0.7475, 0.3187
0.7475, 0.3187
0.7525, 0.3187
0.7525, 0.3187
0.7525, 0.3161
0.7525, 0.3161
0.7525, 0.3161
0.7525, 0.3161
0.7525, 0.3161
0.7525, 0.3161
0.7525, 0.3135
0.7525, 0.3135
0.7525, 0.3135
0.7525, 0.3135
0.7525, 0.3135
0.7525, 0.3135
0.7525, 0.3135
0.7525, 0.3135
0.7525, 0.3135
0.7576, 0.3135
0.7576, 0.3135
0.7576, 0.3135
0.7576, 0.3135
0.7576, 0.3135
0.7576, 0.3135
0.7576, 0.3135
0.7576, 0.3135
0.7576, 0.3135
0.7576, 0.3135
0.7576, 0.3109
0.7576, 0.3109
0.7576, 0.3109
0.7626, 0.3109
0.7626, 0.3109
0.7626, 0.3083
0.7626, 0.3083
0.7626, 0.3083
0.7626, 0.3083
0.7626, 0.3083
0.7626, 0.3083
0.7626, 0.3083
0.7626, 0.3083
0.7626, 0.3083
0.7626, 0.3083
0.7626, 0.3083
0.7626, 0.3083
0.7626, 0.3057
0.7626, 0.3057
0.7626, 0.3057
0.7626, 0.3057
0.7626, 0.3057
0.7626, 0.3057
0.7626, 0.3031
0.7626, 0.3031
0.7626, 0.3005
0.7626, 0.3005
0.7626, 0.3005
0.7677, 0.3005
0.7677, 0.3005
0.7677, 0.3005
0.7677, 0.3005
0.7677, 0.3005
0.7677, 0.3005
0.7677, 0.3005
0.7677, 0.3005
0.7677, 0.3005
0.7677, 0.2979
0.7677, 0.2979
0.7677, 0.2979
0.7677, 0.2953
0.7677, 0.2953
0.7677, 0.2953
0.7677, 0.2953
0.7677, 0.2953
0.7677, 0.2953
0.7727, 0.2953
0.7727, 0.2953
0.7727, 0.2953
0.7727, 0.2953
0.7727, 0.2953
0.7727, 0.2953
0.7727, 0.2953
0.7727, 0.2953
0.7727, 0.2953
0.7727, 0.2927
0.7727, 0.2927
0.7727, 0.2902
0.7727, 0.2902
0.7727, 0.2902
0.7727, 0.2902
0.7727, 0.2902
0.7727, 0.2902
0.7727, 0.2902
0.7727, 0.2902
0.7727, 0.2902
0.7727, 0.2902
0.7727, 0.2876
0.7727, 0.2876
0.7778, 0.2876
0.7778, 0.2876
0.7778, 0.2876
0.7778, 0.2876
0.7778, 0.2876
0.7778, 0.2876
0.7778, 0.2850
0.7778, 0.2850
0.7778, 0.2850
0.7778, 0.2850
0.7778, 0.2850
0.7778, 0.2850
0.7778, 0.2824
0.7778, 0.2824
0.7778, 0.2824
0.7778, 0.2824
0.7778, 0.2824
0.7778, 0.2824
0.7778, 0.2824
0.7778, 0.2824
0.7778, 0.2824
0.7778, 0.2824
0.7778, 0.2824
0.7778, 0.2824
0.7778, 0.2798
0.7778, 0.2798
0.7778, 0.2798
0.7778, 0.2798
0.7778, 0.2798
0.7778, 0.2798
0.7778, 0.2772
0.7778, 0.2772
0.7778, 0.2772
0.7778, 0.2772
0.7778, 0.2772
0.7778, 0.2772
0.7778, 0.2746
0.7778, 0.2746
0.7778, 0.2746
0.7778, 0.2746
0.7778, 0.2746
0.7778, 0.2746
0.7828, 0.2746
0.7828, 0.2746
0.7828, 0.2746
0.7828, 0.2746
0.7828, 0.2746
0.7828, 0.2746
0.7828, 0.2720
0.7828, 0.2720
0.7828, 0.2720
0.7828, 0.2694
0.7828, 0.2694
0.7828, 0.2694
0.7828, 0.2694
0.7828, 0.2694
0.7828, 0.2694
0.7828, 0.2694
0.7828, 0.2694
0.7828, 0.2694
0.7828, 0.2668
0.7828, 0.2668
0.7828, 0.2668
0.7828, 0.2668
0.7828, 0.2668
0.7828, 0.2642
0.7828, 0.2642
0.7828, 0.2642
0.7828, 0.2617
0.7828, 0.2617
0.7828, 0.2617
0.7828, 0.2617
0.7828, 0.2617
0.7828, 0.2617
0.7828, 0.2617
0.7828, 0.2617
0.7828, 0.2617
0.7828, 0.2617
0.7828, 0.2617
0.7828, 0.2617
0.7828, 0.2591
0.7828, 0.2591
0.7828, 0.2591
0.7828, 0.2591
0.7828, 0.2591
0.7828, 0.2591
0.7828, 0.2565
0.7828, 0.2565
0.7828, 0.2565
0.7828, 0.2565
0.7828, 0.2565
0.7828, 0.2565
0.7828, 0.2565
0.7828, 0.2565
0.7828, 0.2565
0.7828, 0.2539
0.7828, 0.2539
0.7828, 0.2539
0.7828, 0.2539
0.7828, 0.2539
0.7828, 0.2539
0.7828, 0.2513
0.7828, 0.2513
0.7828, 0.2487
0.7828, 0.2487
0.7828, 0.2487
0.7828, 0.2487
0.7828, 0.2487
0.7828, 0.2487
0.7828, 0.2487
0.7828, 0.2487
0.7828, 0.2487
0.7828, 0.2461
0.7828, 0.2461
0.7828, 0.2461
0.7828, 0.2435
0.7828, 0.2435
0.7828, 0.2435
0.7828, 0.2435
0.7828, 0.2435
0.7828, 0.2435
0.7828, 0.2435
0.7828, 0.2435
0.7828, 0.2435
0.7828, 0.2435
0.7828, 0.2435
0.7828, 0.2435
0.7828, 0.2409
0.7828, 0.2409
0.7828, 0.2409
0.7828, 0.2409
0.7828, 0.2409
0.7828, 0.2409
0.7828, 0.2383
0.7828, 0.2383
0.7879, 0.2383
0.7879, 0.2383
0.7879, 0.2383
0.7879, 0.2383
0.7879, 0.2383
0.7879, 0.2383
0.7879, 0.2358
0.7879, 0.2358
0.7879, 0.2358
0.7879, 0.2358
0.7879, 0.2358
0.7879, 0.2358
0.7879, 0.2358
0.7879, 0.2358
0.7879, 0.2358
0.7879, 0.2358
0.7879, 0.2358
0.7879, 0.2358
0.7879, 0.2332
0.7879, 0.2332
0.7879, 0.2332
0.7879, 0.2332
0.7879, 0.2332
0.7879, 0.2332
0.7879, 0.2306
0.7879, 0.2306
0.7879, 0.2306
0.7879, 0.2306
0.7879, 0.2306
0.7879, 0.2306
0.7879, 0.2306
0.7879, 0.2306
0.7879, 0.2306
0.7879, 0.2306
0.7879, 0.2306
0.7879, 0.2306
0.7879, 0.2280
0.7879, 0.2280
0.7879, 0.2280
0.7879, 0.2280
0.7879, 0.2280
0.7879, 0.2254
0.7879, 0.2254
0.7879, 0.2254
0.7879, 0.2254
0.7879, 0.2254
0.7879, 0.2254
0.7879, 0.2254
0.7879, 0.2254
0.7879, 0.2254
0.7879, 0.2254
0.7879, 0.2254
0.7879, 0.2254
0.7879, 0.2254
0.7879, 0.2254
0.7879, 0.2254
0.7879, 0.2254
0.7879, 0.2254
0.7879, 0.2254
0.7879, 0.2228
0.7879, 0.2228
0.7879, 0.2228
0.7879, 0.2228
0.7879, 0.2228
0.7879, 0.2228
0.7879, 0.2202
0.7879, 0.2202
0.7879, 0.2202
0.7879, 0.2202
0.7879, 0.2202
0.7879, 0.2202
0.7879, 0.2176
0.7879, 0.2176
0.7879, 0.2176
0.7879, 0.2176
0.7879, 0.2176
0.7879, 0.2176
0.7879, 0.2176
0.7879, 0.2176
0.7879, 0.2176
0.7879, 0.2150
0.7879, 0.2150
0.7879, 0.2150
0.7879, 0.2150
0.7879, 0.2150
0.7879, 0.2150
0.7879, 0.2124
0.7879, 0.2124
0.7879, 0.2124
0.7879, 0.2124
0.7879, 0.2124
0.7879, 0.2124
0.7879, 0.2124
0.7879, 0.2124
0.7879, 0.2124
0.7879, 0.2124
0.7879, 0.2124
0.7879, 0.2098
0.7879, 0.2098
0.7879, 0.2098
0.7879, 0.2098
0.7879, 0.2098
0.7879, 0.2098
0.7929, 0.2073
0.7929, 0.2073
0.7929, 0.2073
0.7929, 0.2073
0.7929, 0.2073
0.7929, 0.2047
0.7929, 0.2047
0.7929, 0.2047
0.7929, 0.2047
0.7929, 0.2047
0.7929, 0.2047
0.7929, 0.2047
0.7929, 0.2047
0.7929, 0.2047
0.7929, 0.2047
0.7929, 0.2047
0.7929, 0.2047
0.7929, 0.2047
0.7929, 0.2047
0.7929, 0.2047
0.7929, 0.2021
0.7929, 0.2021
0.7929, 0.2021
0.7929, 0.2021
0.7929, 0.2021
0.7929, 0.2021
0.7929, 0.1995
0.7929, 0.1995
0.7929, 0.1995
0.7929, 0.1995
0.7929, 0.1995
0.7929, 0.1995
0.7929, 0.1995
0.7929, 0.1995
0.7929, 0.1969
0.7929, 0.1969
0.7929, 0.1969
0.7929, 0.1943
0.7929, 0.1943
0.7929, 0.1943
0.7929, 0.1943
0.7929, 0.1943
0.7929, 0.1943
0.7929, 0.1917
0.7929, 0.1917
0.7929, 0.1917
0.7929, 0.1917
0.7929, 0.1917
0.7929, 0.1917
0.7929, 0.1917
0.7929, 0.1917
0.7929, 0.1891
0.7929, 0.1891
0.7929, 0.1891
0.7929, 0.1865
0.7929, 0.1865
0.7929, 0.1865
0.7929, 0.1865
0.7929, 0.1865
0.7929, 0.1865
0.7980, 0.1839
0.7980, 0.1839
0.7980, 0.1813
0.7980, 0.1813
0.7980, 0.1813
0.7980, 0.1788
0.7980, 0.1788
0.7980, 0.1788
0.7980, 0.1788
0.7980, 0.1788
0.7980, 0.1762
0.7980, 0.1762
0.7980, 0.1762
0.7980, 0.1762
0.7980, 0.1762
0.7980, 0.1762
0.7980, 0.1736
0.7980, 0.1736
0.7980, 0.1736
0.7980, 0.1736
0.7980, 0.1736
0.7980, 0.1736
0.7980, 0.1736
0.7980, 0.1736
0.7980, 0.1710
0.7980, 0.1710
0.7980, 0.1710
0.7980, 0.1684
0.7980, 0.1684
0.7980, 0.1684
0.7980, 0.1684
0.7980, 0.1684
0.7980, 0.1658
0.7980, 0.1658
0.7980, 0.1658
0.7980, 0.1658
0.7980, 0.1658
0.7980, 0.1658
0.7980, 0.1658
0.7980, 0.1658
0.7980, 0.1658
0.7980, 0.1658
0.7980, 0.1658
0.7980, 0.1632
0.7980, 0.1632
0.7980, 0.1632
0.7980, 0.1632
0.7980, 0.1632
0.7980, 0.1632
0.7980, 0.1606
0.7980, 0.1606
0.7980, 0.1606
0.7980, 0.1606
0.7980, 0.1606
0.7980, 0.1580
0.7980, 0.1580
0.7980, 0.1580
0.7980, 0.1580
0.7980, 0.1580
0.7980, 0.1580
0.7980, 0.1554
0.7980, 0.1554
0.7980, 0.1554
0.7980, 0.1554
0.7980, 0.1554
0.7980, 0.1528
0.7980, 0.1528
0.7980, 0.1528
0.7980, 0.1528
0.7980, 0.1528
0.7980, 0.1528
0.7980, 0.1528
0.7980, 0.1528
0.7980, 0.1528
0.7980, 0.1528
0.7980, 0.1528
0.7980, 0.1503
0.7980, 0.1503
0.7980, 0.1503
0.7980, 0.1477
0.7980, 0.1477
0.7980, 0.1477
0.7980, 0.1477
0.7980, 0.1477
0.7980, 0.1477
0.7980, 0.1477
0.7980, 0.1477
0.7980, 0.1451
0.7980, 0.1451
0.7980, 0.1451
0.7980, 0.1425
0.7980, 0.1425
0.7980, 0.1425
0.7980, 0.1425
0.7980, 0.1425
0.7980, 0.1425
0.7980, 0.1425
0.7980, 0.1425
0.7980, 0.1425
0.7980, 0.1425
0.7980, 0.1425
0.7980, 0.1399
0.7980, 0.1399
0.7980, 0.1399
0.7980, 0.1399
0.7980, 0.1399
0.7980, 0.1399
0.7980, 0.1373
0.7980, 0.1373
0.7980, 0.1347
0.7980, 0.1347
0.7980, 0.1347
0.7980, 0.1347
0.7980, 0.1347
0.7980, 0.1347
0.7980, 0.1347
0.7980, 0.1347
0.7980, 0.1347
0.7980, 0.1321
0.7980, 0.1321
0.7980, 0.1295
0.7980, 0.1295
0.7980, 0.1295
0.7980, 0.1295
0.7980, 0.1295
0.7980, 0.1269
0.7980, 0.1269
0.7980, 0.1269
0.7980, 0.1269
0.7980, 0.1269
0.7980, 0.1269
0.7980, 0.1244
0.7980, 0.1244
0.7980, 0.1218
0.7980, 0.1218
0.7980, 0.1218
0.7980, 0.1218
0.7980, 0.1218
0.7980, 0.1218
0.7980, 0.1218
0.7980, 0.1218
0.7980, 0.1192
0.7980, 0.1192
0.7980, 0.1192
0.7980, 0.1192
0.7980, 0.1192
0.7980, 0.1192
0.7980, 0.1166
0.7980, 0.1166
0.7980, 0.1166
0.7980, 0.1166
0.7980, 0.1166
0.8030, 0.1166
0.8030, 0.1166
0.8030, 0.1140
0.8030, 0.1140
0.8030, 0.1114
0.8030, 0.1114
0.8030, 0.1114
0.8030, 0.1114
0.8030, 0.1114
0.8030, 0.1114
0.8030, 0.1088
0.8030, 0.1088
0.8030, 0.1088
0.8030, 0.1088
0.8030, 0.1088
0.8030, 0.1062
0.8030, 0.1062
0.8030, 0.1062
0.8030, 0.1036
0.8030, 0.1036
0.8030, 0.1036
0.8030, 0.1036
0.8030, 0.1036
0.8030, 0.1036
0.8030, 0.1036
0.8030, 0.1010
0.8030, 0.1010
0.8030, 0.1010
0.8030, 0.1010
0.8030, 0.1010
0.8030, 0.1010
0.8030, 0.0984
0.8030, 0.0984
0.8030, 0.0984
0.8030, 0.0959
0.8030, 0.0959
0.8030, 0.0959
0.8030, 0.0959
0.8030, 0.0959
0.8030, 0.0959
0.8030, 0.0959
0.8030, 0.0959
0.8030, 0.0959
0.8030, 0.0959
0.8030, 0.0959
0.8030, 0.0933
0.8030, 0.0933
0.8030, 0.0907
0.8030, 0.0907
0.8030, 0.0907
0.8030, 0.0907
0.8030, 0.0907
0.8030, 0.0907
0.8030, 0.0907
0.8030, 0.0907
0.8030, 0.0907
0.8030, 0.0907
0.8030, 0.0907
0.8030, 0.0907
0.8030, 0.0907
0.8030, 0.0907
0.8030, 0.0881
0.8030, 0.0881
0.8030, 0.0881
0.8030, 0.0881
0.8030, 0.0881
0.8030, 0.0855
0.8030, 0.0855
0.8030, 0.0855
0.8030, 0.0855
0.8030, 0.0855
0.8030, 0.0855
0.8030, 0.0855
0.8030, 0.0855
0.8030, 0.0855
0.8030, 0.0829
0.8030, 0.0829
0.8030, 0.0829
0.8030, 0.0829
0.8030, 0.0829
0.8030, 0.0829
0.8030, 0.0829
0.8030, 0.0829
0.8030, 0.0829
0.8030, 0.0829
0.8030, 0.0829
0.8030, 0.0829
0.8030, 0.0829
0.8030, 0.0829
0.8030, 0.0829
0.8030, 0.0829
0.8030, 0.0829
0.8030, 0.0829
0.8030, 0.0829
0.8030, 0.0829
0.8030, 0.0829
0.8030, 0.0829
0.8030, 0.0829
0.8030, 0.0829
0.8030, 0.0829
0.8030, 0.0829
0.8030, 0.0829
0.8030, 0.0829
0.8081, 0.0829
0.8081, 0.0829
0.8081, 0.0829
0.8081, 0.0829
0.8081, 0.0829
0.8081, 0.0829
0.8081, 0.0829
0.8081, 0.0829
0.8081, 0.0803
0.8081, 0.0803
0.8081, 0.0803
0.8081, 0.0803
0.8081, 0.0803
0.8081, 0.0803
0.8081, 0.0803
0.8081, 0.0803
0.8081, 0.0803
0.8081, 0.0803
0.8081, 0.0803
0.8081, 0.0803
0.8081, 0.0777
0.8081, 0.0777
0.8081, 0.0777
0.8081, 0.0777
0.8081, 0.0777
0.8081, 0.0777
0.8081, 0.0777
0.8081, 0.0777
0.8081, 0.0777
0.8081, 0.0777
0.8081, 0.0777
0.8081, 0.0777
0.8081, 0.0777
0.8081, 0.0751
0.8081, 0.0751
0.8081, 0.0751
0.8081, 0.0751
0.8081, 0.0751
0.8081, 0.0725
0.8081, 0.0725
0.8081, 0.0725
0.8081, 0.0725
0.8081, 0.0725
0.8081, 0.0699
0.8081, 0.0699
0.8081, 0.0699
0.8081, 0.0699
0.8081, 0.0699
0.8081, 0.0699
0.8081, 0.0699
0.8081, 0.0699
0.8081, 0.0699
0.8081, 0.0699
0.8081, 0.0699
0.8081, 0.0699
0.8081, 0.0699
0.8081, 0.0699
0.8081, 0.0699
0.8081, 0.0699
0.8081, 0.0699
0.8081, 0.0699
0.8081, 0.0674
0.8081, 0.0674
0.8131, 0.0674
0.8131, 0.0674
0.8131, 0.0674
0.8131, 0.0648
0.8131, 0.0648
0.8131, 0.0648
0.8131, 0.0648
0.8131, 0.0648
0.8131, 0.0648
0.8131, 0.0648
0.8131, 0.0648
0.8131, 0.0648
0.8131, 0.0648
0.8131, 0.0648
0.8131, 0.0648
0.8131, 0.0648
0.8131, 0.0648
0.8131, 0.0648
0.8131, 0.0648
0.8131, 0.0622
0.8131, 0.0622
0.8131, 0.0622
0.8131, 0.0622
0.8131, 0.0622
0.8131, 0.0622
0.8131, 0.0622
0.8131, 0.0622
0.8131, 0.0596
0.8131, 0.0596
0.8131, 0.0596
0.8131, 0.0596
0.8131, 0.0596
0.8131, 0.0596
0.8131, 0.0596
0.8131, 0.0596
0.8131, 0.0570
0.8131, 0.0570
0.8131, 0.0570
0.8131, 0.0570
0.8131, 0.0570
0.8131, 0.0544
0.8131, 0.0544
0.8131, 0.0518
0.8131, 0.0518
0.8131, 0.0518
0.8131, 0.0518
0.8131, 0.0518
0.8131, 0.0518
0.8131, 0.0518
0.8131, 0.0518
0.8182, 0.0518
0.8182, 0.0518
0.8182, 0.0492
0.8182, 0.0492
0.8182, 0.0492
0.8182, 0.0492
0.8182, 0.0492
0.8182, 0.0466
0.8182, 0.0466
0.8182, 0.0466
0.8182, 0.0466
0.8182, 0.0466
0.8182, 0.0466
0.8182, 0.0466
0.8182, 0.0466
0.8232, 0.0466
0.8232, 0.0466
0.8232, 0.0440
0.8232, 0.0440
0.8232, 0.0440
0.8232, 0.0440
0.8232, 0.0440
0.8232, 0.0440
0.8232, 0.0440
0.8232, 0.0440
0.8232, 0.0415
0.8232, 0.0415
0.8232, 0.0415
0.8283, 0.0415
0.8283, 0.0415
0.8283, 0.0415
0.8283, 0.0415
0.8283, 0.0415
0.8283, 0.0389
0.8283, 0.0389
0.8283, 0.0389
0.8283, 0.0389
0.8283, 0.0389
0.8283, 0.0389
0.8283, 0.0389
0.8283, 0.0389
0.8283, 0.0389
0.8283, 0.0389
0.8283, 0.0389
0.8283, 0.0389
0.8283, 0.0389
0.8283, 0.0389
0.8283, 0.0363
0.8283, 0.0363
0.8283, 0.0363
0.8283, 0.0363
0.8283, 0.0363
0.8283, 0.0337
0.8283, 0.0337
0.8283, 0.0337
0.8283, 0.0337
0.8283, 0.0337
0.8283, 0.0337
0.8283, 0.0337
0.8283, 0.0337
0.8333, 0.0337
0.8333, 0.0337
0.8333, 0.0311
0.8333, 0.0311
0.8333, 0.0311
0.8333, 0.0311
0.8333, 0.0311
0.8333, 0.0285
0.8333, 0.0285
0.8333, 0.0285
0.8333, 0.0285
0.8333, 0.0285
0.8333, 0.0285
0.8384, 0.0259
0.8384, 0.0259
0.8384, 0.0259
0.8384, 0.0259
0.8384, 0.0259
0.8384, 0.0259
0.8384, 0.0259
0.8384, 0.0259
0.8384, 0.0259
0.8384, 0.0259
0.8384, 0.0259
0.8384, 0.0259
0.8384, 0.0259
0.8384, 0.0259
0.8384, 0.0259
0.8384, 0.0259
0.8384, 0.0233
0.8384, 0.0233
0.8384, 0.0233
0.8384, 0.0233
0.8384, 0.0233
0.8384, 0.0233
0.8384, 0.0233
0.8384, 0.0233
0.8434, 0.0207
0.8434, 0.0207
0.8434, 0.0207
0.8434, 0.0207
0.8434, 0.0207
0.8485, 0.0207
0.8485, 0.0207
0.8485, 0.0207
0.8485, 0.0207
0.8485, 0.0207
0.8535, 0.0181
0.8535, 0.0181
0.8535, 0.0155
0.8535, 0.0155
0.8535, 0.0155
0.8535, 0.0155
0.8535, 0.0155
0.8535, 0.0130
0.8535, 0.0130
0.8535, 0.0130
0.8535, 0.0130
0.8535, 0.0130
0.8535, 0.0130
0.8535, 0.0130
0.8535, 0.0130
0.8586, 0.0130
0.8586, 0.0130
0.8586, 0.0130
0.8586, 0.0130
0.8586, 0.0130
0.8586, 0.0130
0.8586, 0.0130
0.8586, 0.0130
0.8586, 0.0130
0.8586, 0.0130
0.8586, 0.0130
0.8586, 0.0130
0.8586, 0.0130
0.8586, 0.0130
0.8586, 0.0130
0.8636, 0.0130
0.8636, 0.0130
0.8636, 0.0130
0.8636, 0.0104
0.8636, 0.0104
0.8636, 0.0104
0.8636, 0.0104
0.8636, 0.0104
0.8636, 0.0104
0.8636, 0.0104
0.8636, 0.0104
0.8636, 0.0104
0.8636, 0.0104
0.8636, 0.0078
0.8636, 0.0078
0.8636, 0.0078
0.8687, 0.0078
0.8687, 0.0078
0.8687, 0.0078
0.8687, 0.0078
0.8687, 0.0078
0.8687, 0.0078
0.8687, 0.0078
0.8737, 0.0078
0.8737, 0.0078
0.8737, 0.0078
0.8737, 0.0078
0.8737, 0.0078
0.8737, 0.0078
0.8737, 0.0078
0.8737, 0.0078
0.8788, 0.0078
0.8788, 0.0078
0.8788, 0.0078
0.8788, 0.0078
0.8788, 0.0078
0.8788, 0.0078
0.8788, 0.0078
0.8788, 0.0078
0.8788, 0.0078
0.8788, 0.0078
0.8838, 0.0078
0.8838, 0.0078
0.8838, 0.0052
0.8838, 0.0052
0.8838, 0.0052
0.8889, 0.0052
0.8889, 0.0052
0.8889, 0.0052
0.8889, 0.0052
0.8889, 0.0052
0.8889, 0.0052
0.8889, 0.0052
0.8889, 0.0052
0.8889, 0.0052
0.8889, 0.0052
0.8889, 0.0052
0.8889, 0.0052
0.8889, 0.0052
0.8939, 0.0052
0.8939, 0.0052
0.8939, 0.0052
0.8939, 0.0052
0.8939, 0.0052
0.8990, 0.0026
0.8990, 0.0026
0.8990, 0.0026
0.8990, 0.0026
0.8990, 0.0026
0.9040, 0.0026
0.9040, 0.0026
0.9040, 0.0026
0.9040, 0.0026
0.9040, 0.0026
0.9040, 0.0026
0.9040, 0.0026
0.9040, 0.0026
0.9040, 0.0026
0.9040, 0.0026
0.9040, 0.0026
0.9040, 0.0026
0.9040, 0.0026
0.9091, 0.0026
0.9091, 0.0026
0.9091, 0.0026
0.9091, 0.0026
0.9091, 0.0026
0.9141, 0.0000
0.9141, 0.0000
0.9141, 0.0000
0.9141, 0.0000
0.9141, 0.0000
0.9141, 0.0000
0.9141, 0.0000
0.9141, 0.0000
0.9141, 0.0000
0.9141, 0.0000
0.9141, 0.0000
0.9192, 0.0000
0.9192, 0.0000
0.9242, 0.0000
0.9242, 0.0000
0.9242, 0.0000
0.9242, 0.0000
0.9242, 0.0000
0.9242, 0.0000
0.9242, 0.0000
0.9242, 0.0000
0.9242, 0.0000
0.9242, 0.0000
0.9242, 0.0000
0.9242, 0.0000
0.9293, 0.0000
0.9293, 0.0000
0.9293, 0.0000
0.9293, 0.0000
0.9293, 0.0000
0.9343, 0.0000
0.9343, 0.0000
0.9343, 0.0000
0.9394, 0.0000
0.9394, 0.0000
0.9394, 0.0000
0.9394, 0.0000
0.9394, 0.0000
0.9394, 0.0000
0.9394, 0.0000
0.9394, 0.0000
0.9394, 0.0000
0.9394, 0.0000
0.9444, 0.0000
0.9444, 0.0000
0.9444, 0.0000
0.9444, 0.0000
0.9444, 0.0000
0.9495, 0.0000
0.9495, 0.0000
0.9495, 0.0000
0.9495, 0.0000
0.9495, 0.0000
0.9495, 0.0000
0.9495, 0.0000
0.9495, 0.0000
0.9495, 0.0000
0.9495, 0.0000
0.9495, 0.0000
0.9495, 0.0000
0.9495, 0.0000
0.9545, 0.0000
0.9545, 0.0000
0.9545, 0.0000
0.9545, 0.0000
0.9545, 0.0000
0.9596, 0.0000
0.9596, 0.0000
0.9646, 0.0000
0.9646, 0.0000
0.9646, 0.0000
0.9646, 0.0000
0.9646, 0.0000
0.9646, 0.0000
0.9646, 0.0000
0.9646, 0.0000
0.9697, 0.0000
0.9697, 0.0000
0.9697, 0.0000
0.9697, 0.0000
0.9697, 0.0000
0.9697, 0.0000
0.9697, 0.0000
0.9697, 0.0000
0.9747, 0.0000
0.9747, 0.0000
0.9747, 0.0000
0.9747, 0.0000
0.9747, 0.0000
0.9747, 0.0000
0.9747, 0.0000
0.9747, 0.0000
0.9747, 0.0000
0.9747, 0.0000
0.9747, 0.0000
0.9747, 0.0000
0.9747, 0.0000
0.9747, 0.0000
0.9747, 0.0000
0.9747, 0.0000
0.9747, 0.0000
0.9747, 0.0000
0.9747, 0.0000
0.9747, 0.0000
0.9798, 0.0000
0.9798, 0.0000
0.9798, 0.0000
0.9798, 0.0000
0.9798, 0.0000
0.9848, 0.0000
0.9848, 0.0000
0.9848, 0.0000
0.9848, 0.0000
0.9848, 0.0000
0.9848, 0.0000
0.9848, 0.0000
0.9848, 0.0000
0.9899, 0.0000
0.9899, 0.0000
0.9899, 0.0000
0.9899, 0.0000
0.9899, 0.0000
0.9899, 0.0000
0.9899, 0.0000
0.9899, 0.0000
0.9899, 0.0000
0.9899, 0.0000
0.9899, 0.0000
0.9899, 0.0000
0.9899, 0.0000
0.9899, 0.0000
0.9899, 0.0000
0.9899, 0.0000
0.9899, 0.0000
0.9899, 0.0000
0.9899, 0.0000
0.9899, 0.0000
0.9899, 0.0000
0.9899, 0.0000
0.9899, 0.0000
0.9899, 0.0000
0.9899, 0.0000
0.9899, 0.0000
0.9899, 0.0000
0.9899, 0.0000
0.9899, 0.0000
0.9899, 0.0000
0.9899, 0.0000
0.9899, 0.0000
0.9899, 0.0000
0.9899, 0.0000
0.9899, 0.0000
0.9899, 0.0000
0.9899, 0.0000
0.9899, 0.0000
0.9899, 0.0000
0.9899, 0.0000
0.9899, 0.0000
0.9899, 0.0000
0.9899, 0.0000
0.9899, 0.0000
0.9899, 0.0000
0.9899, 0.0000
0.9899, 0.0000
0.9899, 0.0000
0.9899, 0.0000
0.9899, 0.0000
0.9899, 0.0000
0.9899, 0.0000
0.9899, 0.0000
0.9899, 0.0000
0.9899, 0.0000
0.9899, 0.0000
0.9899, 0.0000
0.9899, 0.0000
0.9899, 0.0000
0.9899, 0.0000
0.9899, 0.0000
0.9899, 0.0000
0.9899, 0.0000
0.9899, 0.0000
0.9899, 0.0000
0.9899, 0.0000
0.9899, 0.0000
0.9899, 0.0000
0.9899, 0.0000
0.9899, 0.0000
0.9899, 0.0000
0.9899, 0.0000
0.9949, 0.0000
0.9949, 0.0000
0.9949, 0.0000
0.9949, 0.0000
0.9949, 0.0000
0.9949, 0.0026
0.9949, 0.0026
1.0000, 0.0052
1.0000, 0.0052
1.0000, 0.0052
1.0000, 0.0052
1.0000, 0.0052
1.0000, 0.0078
1.0000, 0.0078
1.0000, 0.0104
0.0000, 1.0000
0.0000, 1.0000
0.0000, 1.0000
0.0000, 1.0000
0.0000, 1.0000
0.0000, 1.0000
0.0000, 1.0000
0.0000, 1.0000
0.0000, 1.0000
0.0000, 1.0000
0.0000, 1.0000
0.0000, 1.0000
0.0000, 1.0000
0.0000, 1.0000
0.0000, 1.0000
0.0000, 1.0000
0.0000, 1.0000
0.0000, 1.0000
0.0000, 1.0000
0.0000, 1.0000
0.0000, 1.0000
0.0000, 1.0000
0.0000, 1.0000
0.0000, 1.0000
0.0000, 1.0000
0.0000, 1.0000
0.0000, 1.0000
0.0000, 1.0000
0.0000, 1.0000
0.0000, 1.0000
0.0000, 1.0000
0.0000, 1.0000
0.0000, 1.0000
0.0000, 1.0000
0.0000, 1.0000
0.0000, 1.0000
0.0000, 1.0000
0.0000, 1.0000
0.0000, 1.0000
0.0000, 1.0000
