0.0636, 0.0575
0.0636, 0.0575
0.0636, 0.0575
0.0636, 0.0575
0.0636, 0.0575
0.0636, 0.0575
0.0636, 0.0575
0.0636, 0.0575
0.0636, 0.0575
0.0636, 0.0575
0.0636, 0.0575
0.0636, 0.0575
0.0636, 0.0575
0.0636, 0.0575
0.0636, 0.0575
0.0636, 0.0575
0.0636, 0.0575
0.0636, 0.0575
0.0636, 0.0575
0.0636, 0.0575
0.0636, 0.0575
0.0636, 0.0575
0.0636, 0.0575
0.0636, 0.0575
0.0636, 0.0575
0.0636, 0.0575
0.0636, 0.0575
0.0636, 0.0575
0.0636, 0.0575
0.0636, 0.0575
0.0636, 0.0575
0.0636, 0.0575
0.0636, 0.0575
0.0636, 0.0575
0.0636, 0.0575
0.0636, 0.0575
0.0636, 0.0575
0.0636, 0.0575
0.0636, 0.0575
0.0636, 0.0575
0.0636, 0.0575
0.0636, 0.0575
0.0636, 0.0575
0.0636, 0.0575
0.0636, 0.0575
0.0636, 0.0575
0.0636, 0.0575
0.0636, 0.0575
0.0636, 0.0575
0.0636, 0.0575
0.0636, 0.0575
0.0636, 0.0575
0.0636, 0.0575
0.0636, 0.0575
0.0636, 0.0575
0.0636, 0.0575
0.0636, 0.0575
0.0636, 0.0575
0.0636, 0.0575
0.0636, 0.0575
0.0636, 0.0575
0.0636, 0.0575
0.0636, 0.0575
0.0636, 0.0575
0.0636, 0.0575
0.0636, 0.0575
0.0636, 0.0575
0.0636, 0.0575
0.0636, 0.0575
0.0636, 0.0575
0.0636, 0.0575
0.0636, 0.0575
0.0636, 0.0575
0.0678, 0.0575
0.0678, 0.0575
0.0678, 0.0575
0.0678, 0.0575
0.0678, 0.0575
0.0678, 0.0575
0.0678, 0.0575
0.0678, 0.0575
0.0678, 0.0575
0.0678, 0.0575
0.0678, 0.0575
0.0678, 0.0575
0.0678, 0.0575
0.0678, 0.0575
0.0720, 0.0575
0.0720, 0.0575
0.0720, 0.0575
0.0720, 0.0575
0.0720, 0.0575
0.0720, 0.0575
0.0720, 0.0575
0.0720, 0.0575
0.0720, 0.0575
0.0720, 0.0575
0.0720, 0.0575
0.0720, 0.0575
0.0720, 0.0575
0.0720, 0.0575
0.0720, 0.0575
0.0720, 0.0575
0.0720, 0.0575
0.0720, 0.0575
0.0720, 0.0575
0.0720, 0.0575
0.0763, 0.0575
0.0763, 0.0575
0.0763, 0.0575
0.0763, 0.0575
0.0763, 0.0575
0.0763, 0.0575
0.0763, 0.0575
0.0763, 0.0575
0.0763, 0.0575
0.0805, 0.0575
0.0805, 0.0575
0.0805, 0.0575
0.0805, 0.0575
0.0805, 0.0575
0.0805, 0.0575
0.0805, 0.0575
0.0805, 0.0575
0.0805, 0.0575
0.0805, 0.0575
0.0805, 0.0575
0.0805, 0.0575
0.0805, 0.0575
0.0805, 0.0575
0.0805, 0.0575
0.0805, 0.0575
0.0805, 0.0575
0.0805, 0.0575
0.0805, 0.0575
0.0805, 0.0575
0.0805, 0.0575
0.0805, 0.0575
0.0805, 0.0575
0.0805, 0.0575
0.0805, 0.0575
0.0805, 0.0575
0.0805, 0.0575
0.0847, 0.0575
0.0847, 0.0575
0.0847, 0.0575
0.0847, 0.0575
0.0847, 0.0575
0.0847, 0.0575
0.0847, 0.0575
0.0847, 0.0575
0.0847, 0.0575
0.0847, 0.0575
0.0847, 0.0575
0.0847, 0.0575
0.0847, 0.0575
0.0847, 0.0575
0.0890, 0.0575
0.0890, 0.0575
0.0890, 0.0575
0.0890, 0.0575
0.0932, 0.0543
0.0932, 0.0543
0.0932, 0.0543
0.0932, 0.0543
0.0932, 0.0543
0.0932, 0.0543
0.0932, 0.0543
0.0932, 0.0543
0.0975, 0.0543
0.0975, 0.0543
0.0975, 0.0543
0.0975, 0.0543
0.0975, 0.0543
0.0975, 0.0543
0.0975, 0.0543
0.0975, 0.0543
0.0975, 0.0543
0.1017, 0.0543
0.1017, 0.0543
0.1017, 0.0543
0.1017, 0.0543
0.1017, 0.0543
0.1017, 0.0543
0.1017, 0.0543
0.1017, 0.0543
0.1017, 0.0543
0.1017, 0.0543
0.1017, 0.0543
0.1017, 0.0543
0.1017, 0.0543
0.1017, 0.0543
0.1017, 0.0543
0.1017, 0.0543
0.1017, 0.0543
0.1017, 0.0543
0.1059, 0.0543
0.1059, 0.0543
0.1059, 0.0543
0.1059, 0.0543
0.1059, 0.0543
0.1059, 0.0543
0.1059, 0.0543
0.1059, 0.0543
0.1059, 0.0543
0.1059, 0.0511
0.1059, 0.0511
0.1059, 0.0511
0.1059, 0.0511
0.1102, 0.0511
0.1102, 0.0511
0.1102, 0.0511
0.1102, 0.0511
0.1102, 0.0511
0.1102, 0.0511
0.1102, 0.0511
0.1102, 0.0511
0.1102, 0.0511
0.1102, 0.0511
0.1102, 0.0511
0.1102, 0.0511
0.1102, 0.0511
0.1102, 0.0511
0.1102, 0.0511
0.1102, 0.0511
0.1102, 0.0511
0.1102, 0.0479
0.1102, 0.0479
0.1102, 0.0479
0.1102, 0.0479
0.1102, 0.0479
0.1144, 0.0479
0.1144, 0.0479
0.1144, 0.0479
0.1144, 0.0479
0.1144, 0.0479
0.1144, 0.0479
0.1144, 0.0479
0.1144, 0.0479
0.1144, 0.0479
0.1144, 0.0479
0.1144, 0.0479
0.1144, 0.0479
0.1186, 0.0479
0.1186, 0.0479
0.1186, 0.0479
0.1186, 0.0479
0.1186, 0.0479
0.1186, 0.0447
0.1186, 0.0447
0.1186, 0.0447
0.1229, 0.0447
0.1229, 0.0447
0.1229, 0.0447
0.1229, 0.0447
0.1229, 0.0447
0.1229, 0.0447
0.1229, 0.0447
0.1229, 0.0447
0.1229, 0.0447
0.1229, 0.0447
0.1229, 0.0447
0.1229, 0.0447
0.1229, 0.0447
0.1229, 0.0447
0.1271, 0.0447
0.1271, 0.0447
0.1271, 0.0447
0.1271, 0.0447
0.1271, 0.0447
0.1271, 0.0447
0.1271, 0.0447
0.1271, 0.0447
0.1314, 0.0447
0.1314, 0.0447
0.1314, 0.0447
0.1314, 0.0447
0.1314, 0.0415
0.1314, 0.0415
0.1314, 0.0415
0.1314, 0.0415
0.1314, 0.0415
0.1314, 0.0415
0.1314, 0.0415
0.1314, 0.0415
0.1314, 0.0415
0.1314, 0.0415
0.1314, 0.0415
0.1314, 0.0415
0.1356, 0.0415
0.1356, 0.0415
0.1356, 0.0415
0.1356, 0.0415
0.1356, 0.0383
0.1356, 0.0383
0.1356, 0.0383
0.1356, 0.0383
0.1356, 0.0383
0.1356, 0.0383
0.1356, 0.0383
0.1356, 0.0383
0.1356, 0.0383
0.1398, 0.0383
0.1398, 0.0383
0.1398, 0.0383
0.1441, 0.0383
0.1441, 0.0383
0.1441, 0.0383
0.1441, 0.0383
0.1441, 0.0383
0.1441, 0.0383
0.1441, 0.0383
0.1441, 0.0383
0.1441, 0.0383
0.1441, 0.0383
0.1441, 0.0383
0.1441, 0.0383
0.1441, 0.0383
0.1441, 0.0351
0.1441, 0.0351
0.1441, 0.0351
0.1441, 0.0351
0.1483, 0.0351
0.1483, 0.0351
0.1483, 0.0351
0.1483, 0.0351
0.1483, 0.0351
0.1483, 0.0351
0.1483, 0.0351
0.1483, 0.0351
0.1525, 0.0319
0.1525, 0.0319
0.1525, 0.0319
0.1525, 0.0319
0.1525, 0.0319
0.1525, 0.0319
0.1525, 0.0319
0.1525, 0.0319
0.1525, 0.0319
0.1525, 0.0319
0.1525, 0.0319
0.1525, 0.0319
0.1568, 0.0319
0.1568, 0.0319
0.1568, 0.0319
0.1568, 0.0319
0.1610, 0.0288
0.1610, 0.0288
0.1610, 0.0288
0.1610, 0.0288
0.1610, 0.0288
0.1610, 0.0288
0.1610, 0.0288
0.1610, 0.0288
0.1653, 0.0288
0.1653, 0.0288
0.1653, 0.0288
0.1653, 0.0288
0.1653, 0.0288
0.1653, 0.0288
0.1653, 0.0288
0.1653, 0.0288
0.1653, 0.0288
0.1653, 0.0288
0.1653, 0.0288
0.1653, 0.0288
0.1695, 0.0288
0.1695, 0.0288
0.1695, 0.0288
0.1695, 0.0288
0.1737, 0.0256
0.1737, 0.0256
0.1737, 0.0256
0.1737, 0.0256
0.1737, 0.0256
0.1737, 0.0256
0.1737, 0.0256
0.1737, 0.0256
0.1737, 0.0256
0.1737, 0.0256
0.1737, 0.0256
0.1737, 0.0256
0.1737, 0.0224
0.1737, 0.0224
0.1737, 0.0224
0.1737, 0.0224
0.1780, 0.0224
0.1780, 0.0224
0.1780, 0.0224
0.1780, 0.0224
0.1780, 0.0224
0.1780, 0.0224
0.1780, 0.0224
0.1780, 0.0224
0.1822, 0.0224
0.1822, 0.0224
0.1822, 0.0224
0.1822, 0.0224
0.1822, 0.0224
0.1822, 0.0224
0.1822, 0.0224
0.1822, 0.0224
0.1864, 0.0224
0.1864, 0.0224
0.1864, 0.0224
0.1864, 0.0224
0.1864, 0.0224
0.1864, 0.0224
0.1864, 0.0224
0.1864, 0.0224
0.1864, 0.0224
0.1864, 0.0224
0.1864, 0.0224
0.1864, 0.0224
0.1864, 0.0224
0.1864, 0.0224
0.1864, 0.0224
0.1907, 0.0192
0.1907, 0.0192
0.1907, 0.0192
0.1907, 0.0192
0.1949, 0.0192
0.1949, 0.0192
0.1949, 0.0192
0.1949, 0.0192
0.1949, 0.0192
0.1949, 0.0192
0.1949, 0.0192
0.1949, 0.0192
0.1949, 0.0192
0.1949, 0.0192
0.1949, 0.0192
0.1949, 0.0192
0.1992, 0.0192
0.1992, 0.0192
0.1992, 0.0192
0.1992, 0.0192
0.1992, 0.0192
0.1992, 0.0192
0.1992, 0.0192
0.2034, 0.0160
0.2034, 0.0160
0.2034, 0.0160
0.2034, 0.0160
0.2076, 0.0160
0.2076, 0.0160
0.2076, 0.0160
0.2076, 0.0160
0.2076, 0.0160
0.2076, 0.0160
0.2076, 0.0160
0.2076, 0.0160
0.2076, 0.0160
0.2076, 0.0160
0.2076, 0.0160
0.2076, 0.0160
0.2076, 0.0160
0.2076, 0.0160
0.2076, 0.0160
0.2076, 0.0160
0.2119, 0.0160
0.2119, 0.0160
0.2119, 0.0160
0.2119, 0.0160
0.2119, 0.0160
0.2119, 0.0160
0.2119, 0.0160
0.2119, 0.0160
0.2161, 0.0128
0.2161, 0.0128
0.2161, 0.0128
0.2161, 0.0128
0.2161, 0.0128
0.2161, 0.0128
0.2161, 0.0128
0.2161, 0.0128
0.2161, 0.0128
0.2161, 0.0128
0.2161, 0.0128
0.2161, 0.0128
0.2161, 0.0128
0.2161, 0.0128
0.2161, 0.0128
0.2161, 0.0128
0.2203, 0.0128
0.2203, 0.0128
0.2203, 0.0128
0.2203, 0.0128
0.2203, 0.0128
0.2203, 0.0128
0.2203, 0.0128
0.2203, 0.0128
0.2203, 0.0128
0.2203, 0.0128
0.2203, 0.0128
0.2203, 0.0128
0.2246, 0.0128
0.2246, 0.0128
0.2246, 0.0128
0.2246, 0.0128
0.2246, 0.0128
0.2246, 0.0128
0.2246, 0.0128
0.2288, 0.0128
0.2288, 0.0128
0.2288, 0.0128
0.2288, 0.0128
0.2288, 0.0128
0.2288, 0.0128
0.2288, 0.0128
0.2288, 0.0128
0.2288, 0.0128
0.2288, 0.0128
0.2288, 0.0128
0.2288, 0.0128
0.2288, 0.0128
0.2288, 0.0128
0.2288, 0.0128
0.2288, 0.0128
0.2288, 0.0128
0.2288, 0.0128
0.2288, 0.0128
0.2288, 0.0128
0.2331, 0.0128
0.2331, 0.0128
0.2331, 0.0128
0.2331, 0.0128
0.2331, 0.0128
0.2331, 0.0128
0.2331, 0.0128
0.2331, 0.0128
0.2373, 0.0128
0.2373, 0.0128
0.2373, 0.0128
0.2373, 0.0096
0.2373, 0.0096
0.2373, 0.0096
0.2373, 0.0096
0.2373, 0.0096
0.2373, 0.0096
0.2373, 0.0096
0.2415, 0.0096
0.2415, 0.0096
0.2415, 0.0096
0.2415, 0.0096
0.2415, 0.0096
0.2415, 0.0096
0.2415, 0.0096
0.2415, 0.0096
0.2458, 0.0096
0.2458, 0.0096
0.2458, 0.0096
0.2458, 0.0096
0.2458, 0.0096
0.2458, 0.0096
0.2458, 0.0096
0.2458, 0.0096
0.2458, 0.0096
0.2458, 0.0096
0.2458, 0.0096
0.2458, 0.0096
0.2458, 0.0064
0.2458, 0.0064
0.2458, 0.0064
0.2458, 0.0064
0.2500, 0.0064
0.2500, 0.0064
0.2500, 0.0064
0.2500, 0.0064
0.2500, 0.0064
0.2500, 0.0064
0.2500, 0.0064
0.2500, 0.0064
0.2542, 0.0064
0.2542, 0.0064
0.2542, 0.0064
0.2542, 0.0064
0.2542, 0.0064
0.2542, 0.0064
0.2542, 0.0064
0.2542, 0.0064
0.2585, 0.0064
0.2585, 0.0064
0.2585, 0.0064
0.2585, 0.0064
0.2585, 0.0064
0.2585, 0.0064
0.2585, 0.0064
0.2585, 0.0064
0.2585, 0.0064
0.2585, 0.0064
0.2585, 0.0064
0.2585, 0.0064
0.2585, 0.0064
0.2585, 0.0064
0.2585, 0.0064
0.2627, 0.0064
0.2627, 0.0064
0.2627, 0.0064
0.2627, 0.0064
0.2627, 0.0064
0.2627, 0.0064
0.2627, 0.0064
0.2627, 0.0064
0.2669, 0.0064
0.2669, 0.0064
0.2669, 0.0064
0.2669, 0.0064
0.2669, 0.0064
0.2669, 0.0064
0.2669, 0.0064
0.2669, 0.0064
0.2669, 0.0064
0.2669, 0.0064
0.2669, 0.0064
0.2669, 0.0064
0.2669, 0.0064
0.2669, 0.0064
0.2669, 0.0064
0.2669, 0.0032
0.2669, 0.0032
0.2669, 0.0032
0.2669, 0.0032
0.2669, 0.0032
0.2669, 0.0032
0.2669, 0.0032
0.2669, 0.0032
0.2712, 0.0032
0.2712, 0.0032
0.2712, 0.0032
0.2712, 0.0032
0.2712, 0.0032
0.2712, 0.0032
0.2712, 0.0032
0.2754, 0.0032
0.2754, 0.0032
0.2754, 0.0032
0.2754, 0.0032
0.2754, 0.0032
0.2754, 0.0032
0.2754, 0.0032
0.2754, 0.0032
0.2754, 0.0032
0.2754, 0.0032
0.2754, 0.0032
0.2754, 0.0032
0.2754, 0.0032
0.2754, 0.0032
0.2754, 0.0032
0.2754, 0.0032
0.2797, 0.0032
0.2797, 0.0032
0.2797, 0.0032
0.2797, 0.0032
0.2797, 0.0032
0.2797, 0.0032
0.2797, 0.0032
0.2797, 0.0032
0.2797, 0.0032
0.2797, 0.0032
0.2797, 0.0032
0.2797, 0.0032
0.2797, 0.0032
0.2797, 0.0032
0.2797, 0.0032
0.2797, 0.0032
0.2839, 0.0032
0.2839, 0.0032
0.2839, 0.0032
0.2839, 0.0000
0.2839, 0.0000
0.2839, 0.0000
0.2839, 0.0000
0.2881, 0.0000
0.2881, 0.0000
0.2881, 0.0000
0.2881, 0.0000
0.2881, 0.0000
0.2881, 0.0000
0.2881, 0.0000
0.2881, 0.0000
0.2881, 0.0000
0.2881, 0.0000
0.2881, 0.0000
0.2881, 0.0000
0.2881, 0.0000
0.2881, 0.0000
0.2881, 0.0000
0.2881, 0.0000
0.2881, 0.0000
0.2881, 0.0000
0.2924, 0.0000
0.2924, 0.0000
0.2924, 0.0000
0.2924, 0.0000
0.2924, 0.0000
0.2924, 0.0000
0.2924, 0.0000
0.2924, 0.0000
0.2966, 0.0000
0.2966, 0.0000
0.2966, 0.0000
0.2966, 0.0000
0.2966, 0.0000
0.2966, 0.0000
0.2966, 0.0000
0.3008, 0.0000
0.3008, 0.0000
0.3008, 0.0000
0.3008, 0.0000
0.3008, 0.0000
0.3008, 0.0000
0.3008, 0.0000
0.3008, 0.0000
0.3008, 0.0000
0.3008, 0.0000
0.3008, 0.0000
0.3008, 0.0000
0.3008, 0.0000
0.3008, 0.0000
0.3008, 0.0000
0.3008, 0.0000
0.3051, 0.0000
0.3051, 0.0000
0.3051, 0.0000
0.3051, 0.0000
0.3051, 0.0000
0.3051, 0.0000
0.3051, 0.0000
0.3051, 0.0000
0.3093, 0.0000
0.3093, 0.0000
0.3093, 0.0000
0.3093, 0.0000
0.3093, 0.0000
0.3093, 0.0000
0.3093, 0.0000
0.3093, 0.0000
0.3093, 0.0000
0.3093, 0.0000
0.3093, 0.0000
0.3093, 0.0000
0.3093, 0.0000
0.3093, 0.0000
0.3136, 0.0000
0.3136, 0.0000
0.3136, 0.0000
0.3136, 0.0000
0.3136, 0.0000
0.3136, 0.0000
0.3136, 0.0000
0.3136, 0.0000
0.3178, 0.0000
0.3178, 0.0000
0.3178, 0.0000
0.3178, 0.0000
0.3178, 0.0000
0.3178, 0.0000
0.3178, 0.0000
0.3220, 0.0000
0.3220, 0.0000
0.3220, 0.0000
0.3220, 0.0000
0.3220, 0.0000
0.3220, 0.0000
0.3220, 0.0000
0.3220, 0.0000
0.3220, 0.0000
0.3220, 0.0000
0.3220, 0.0000
0.3263, 0.0000
0.3263, 0.0000
0.3263, 0.0000
0.3305, 0.0000
0.3305, 0.0000
0.3305, 0.0000
0.3305, 0.0000
0.3305, 0.0000
0.3305, 0.0000
0.3305, 0.0000
0.3305, 0.0000
0.3305, 0.0000
0.3305, 0.0000
0.3305, 0.0000
0.3305, 0.0000
0.3305, 0.0000
0.3305, 0.0000
0.3305, 0.0000
0.3347, 0.0000
0.3347, 0.0000
0.3347, 0.0000
0.3347, 0.0000
0.3347, 0.0000
0.3347, 0.0000
0.3347, 0.0000
0.3390, 0.0000
0.3390, 0.0000
0.3390, 0.0000
0.3390, 0.0000
0.3390, 0.0000
0.3390, 0.0000
0.3390, 0.0000
0.3432, 0.0000
0.3432, 0.0000
0.3432, 0.0000
0.3432, 0.0000
0.3432, 0.0000
0.3432, 0.0000
0.3432, 0.0000
0.3432, 0.0000
0.3432, 0.0000
0.3432, 0.0000
0.3432, 0.0000
0.3432, 0.0000
0.3432, 0.0000
0.3432, 0.0000
0.3432, 0.0000
0.3475, 0.0000
0.3475, 0.0000
0.3475, 0.0000
0.3475, 0.0000
0.3517, 0.0000
0.3517, 0.0000
0.3517, 0.0000
0.3517, 0.0000
0.3517, 0.0000
0.3517, 0.0000
0.3517, 0.0000
0.3517, 0.0000
0.3517, 0.0000
0.3517, 0.0000
0.3517, 0.0000
0.3559, 0.0000
0.3559, 0.0000
0.3559, 0.0000
0.3602, 0.0000
0.3602, 0.0000
0.3602, 0.0000
0.3602, 0.0000
0.3602, 0.0000
0.3602, 0.0000
0.3602, 0.0000
0.3602, 0.0000
0.3602, 0.0000
0.3602, 0.0000
0.3602, 0.0000
0.3644, 0.0000
0.3644, 0.0000
0.3644, 0.0000
0.3644, 0.0000
0.3644, 0.0000
0.3644, 0.0000
0.3644, 0.0000
0.3644, 0.0000
0.3644, 0.0000
0.3644, 0.0000
0.3644, 0.0000
0.3644, 0.0000
0.3644, 0.0000
0.3644, 0.0000
0.3644, 0.0000
0.3686, 0.0000
0.3686, 0.0000
0.3686, 0.0000
0.3686, 0.0000
0.3686, 0.0000
0.3686, 0.0000
0.3686, 0.0000
0.3686, 0.0000
0.3729, 0.0000
0.3729, 0.0000
0.3729, 0.0032
0.3729, 0.0032
0.3729, 0.0032
0.3729, 0.0032
0.3771, 0.0032
0.3771, 0.0032
0.3771, 0.0032
0.3814, 0.0032
0.3814, 0.0032
0.3814, 0.0032
0.3814, 0.0032
0.3814, 0.0032
0.3814, 0.0032
0.3814, 0.0032
0.3814, 0.0032
0.3814, 0.0032
0.3814, 0.0032
0.3814, 0.0032
0.3856, 0.0032
0.3856, 0.0032
0.3856, 0.0032
0.3856, 0.0032
0.3856, 0.0032
0.3856, 0.0032
0.3856, 0.0032
0.3898, 0.0032
0.3898, 0.0032
0.3898, 0.0032
0.3898, 0.0032
0.3898, 0.0032
0.3898, 0.0032
0.3898, 0.0032
0.3898, 0.0032
0.3941, 0.0032
0.3941, 0.0032
0.3941, 0.0032
0.3941, 0.0064
0.3941, 0.0064
0.3941, 0.0064
0.3941, 0.0064
0.3941, 0.0064
0.3941, 0.0064
0.3941, 0.0064
0.3941, 0.0064
0.3941, 0.0064
0.3941, 0.0064
0.3941, 0.0064
0.3941, 0.0064
0.3941, 0.0064
0.3941, 0.0064
0.3983, 0.0064
0.3983, 0.0064
0.3983, 0.0064
0.3983, 0.0064
0.3983, 0.0096
0.3983, 0.0096
0.3983, 0.0096
0.4025, 0.0096
0.4025, 0.0096
0.4025, 0.0096
0.4025, 0.0096
0.4025, 0.0096
0.4025, 0.0096
0.4025, 0.0096
0.4025, 0.0096
0.4025, 0.0096
0.4025, 0.0096
0.4025, 0.0096
0.4068, 0.0096
0.4068, 0.0096
0.4068, 0.0096
0.4110, 0.0096
0.4110, 0.0096
0.4110, 0.0096
0.4110, 0.0096
0.4110, 0.0096
0.4110, 0.0096
0.4110, 0.0096
0.4110, 0.0096
0.4153, 0.0096
0.4153, 0.0096
0.4153, 0.0096
0.4153, 0.0096
0.4153, 0.0096
0.4153, 0.0096
0.4153, 0.0096
0.4153, 0.0128
0.4153, 0.0128
0.4153, 0.0128
0.4195, 0.0128
0.4195, 0.0128
0.4195, 0.0128
0.4195, 0.0128
0.4237, 0.0128
0.4237, 0.0128
0.4237, 0.0128
0.4237, 0.0128
0.4237, 0.0128
0.4237, 0.0128
0.4237, 0.0128
0.4237, 0.0128
0.4237, 0.0128
0.4237, 0.0128
0.4280, 0.0160
0.4280, 0.0160
0.4280, 0.0160
0.4280, 0.0160
0.4280, 0.0160
0.4280, 0.0160
0.4280, 0.0160
0.4322, 0.0160
0.4322, 0.0160
0.4322, 0.0160
0.4364, 0.0160
0.4364, 0.0160
0.4364, 0.0160
0.4364, 0.0160
0.4364, 0.0160
0.4364, 0.0160
0.4364, 0.0160
0.4364, 0.0192
0.4364, 0.0192
0.4364, 0.0192
0.4364, 0.0192
0.4364, 0.0192
0.4364, 0.0192
0.4407, 0.0192
0.4407, 0.0192
0.4407, 0.0192
0.4407, 0.0192
0.4407, 0.0192
0.4407, 0.0192
0.4407, 0.0192
0.4449, 0.0192
0.4449, 0.0192
0.4449, 0.0192
0.4449, 0.0192
0.4449, 0.0192
0.4449, 0.0192
0.4449, 0.0192
0.4449, 0.0192
0.4449, 0.0192
0.4449, 0.0192
0.4492, 0.0192
0.4492, 0.0192
0.4492, 0.0192
0.4492, 0.0192
0.4492, 0.0192
0.4492, 0.0192
0.4492, 0.0192
0.4534, 0.0192
0.4534, 0.0192
0.4534, 0.0192
0.4534, 0.0192
0.4576, 0.0192
0.4576, 0.0192
0.4576, 0.0192
0.4576, 0.0192
0.4576, 0.0192
0.4576, 0.0192
0.4576, 0.0192
0.4576, 0.0224
0.4576, 0.0224
0.4576, 0.0224
0.4619, 0.0224
0.4619, 0.0224
0.4619, 0.0224
0.4661, 0.0224
0.4661, 0.0224
0.4661, 0.0224
0.4661, 0.0224
0.4661, 0.0224
0.4661, 0.0224
0.4661, 0.0224
0.4661, 0.0224
0.4661, 0.0224
0.4661, 0.0224
0.4661, 0.0224
0.4661, 0.0224
0.4661, 0.0224
0.4661, 0.0224
0.4703, 0.0224
0.4703, 0.0224
0.4703, 0.0224
0.4746, 0.0256
0.4746, 0.0256
0.4746, 0.0256
0.4746, 0.0256
0.4746, 0.0256
0.4746, 0.0256
0.4746, 0.0256
0.4788, 0.0256
0.4788, 0.0256
0.4788, 0.0256
0.4788, 0.0256
0.4788, 0.0256
0.4788, 0.0256
0.4788, 0.0256
0.4831, 0.0256
0.4831, 0.0256
0.4831, 0.0256
0.4831, 0.0256
0.4831, 0.0256
0.4831, 0.0256
0.4831, 0.0256
0.4873, 0.0256
0.4873, 0.0256
0.4873, 0.0256
0.4873, 0.0256
0.4873, 0.0256
0.4873, 0.0256
0.4873, 0.0256
0.4873, 0.0256
0.4873, 0.0256
0.4873, 0.0256
0.4873, 0.0256
0.4915, 0.0256
0.4915, 0.0256
0.4915, 0.0256
0.4958, 0.0256
0.4958, 0.0256
0.4958, 0.0256
0.4958, 0.0256
0.4958, 0.0256
0.4958, 0.0256
0.4958, 0.0256
0.5000, 0.0256
0.5000, 0.0256
0.5000, 0.0256
0.5000, 0.0256
0.5000, 0.0256
0.5000, 0.0256
0.5000, 0.0256
0.5042, 0.0256
0.5042, 0.0256
0.5042, 0.0256
0.5042, 0.0256
0.5042, 0.0256
0.5042, 0.0256
0.5042, 0.0256
0.5085, 0.0256
0.5085, 0.0256
0.5085, 0.0256
0.5085, 0.0288
0.5085, 0.0288
0.5085, 0.0288
0.5127, 0.0288
0.5127, 0.0288
0.5127, 0.0288
0.5127, 0.0288
0.5127, 0.0288
0.5127, 0.0288
0.5127, 0.0288
0.5169, 0.0288
0.5169, 0.0288
0.5169, 0.0288
0.5169, 0.0288
0.5169, 0.0288
0.5169, 0.0288
0.5169, 0.0288
0.5169, 0.0288
0.5169, 0.0288
0.5169, 0.0288
0.5212, 0.0288
0.5212, 0.0288
0.5212, 0.0288
0.5212, 0.0288
0.5212, 0.0288
0.5212, 0.0288
0.5212, 0.0288
0.5254, 0.0288
0.5254, 0.0288
0.5254, 0.0288
0.5254, 0.0288
0.5254, 0.0288
0.5254, 0.0288
0.5297, 0.0319
0.5297, 0.0319
0.5297, 0.0319
0.5297, 0.0319
0.5297, 0.0319
0.5297, 0.0319
0.5297, 0.0319
0.5297, 0.0319
0.5297, 0.0319
0.5297, 0.0319
0.5297, 0.0319
0.5297, 0.0319
0.5297, 0.0319
0.5339, 0.0319
0.5339, 0.0319
0.5339, 0.0319
0.5381, 0.0319
0.5381, 0.0319
0.5381, 0.0319
0.5381, 0.0319
0.5381, 0.0319
0.5381, 0.0319
0.5381, 0.0319
0.5381, 0.0351
0.5381, 0.0351
0.5381, 0.0351
0.5381, 0.0351
0.5381, 0.0351
0.5381, 0.0351
0.5424, 0.0351
0.5424, 0.0351
0.5424, 0.0351
0.5424, 0.0351
0.5424, 0.0351
0.5424, 0.0351
0.5424, 0.0351
0.5466, 0.0351
0.5466, 0.0351
0.5466, 0.0351
0.5508, 0.0351
0.5508, 0.0351
0.5508, 0.0351
0.5508, 0.0351
0.5508, 0.0351
0.5508, 0.0351
0.5508, 0.0351
0.5508, 0.0351
0.5508, 0.0351
0.5508, 0.0351
0.5508, 0.0351
0.5508, 0.0351
0.5508, 0.0351
0.5508, 0.0351
0.5508, 0.0351
0.5551, 0.0351
0.5551, 0.0351
0.5551, 0.0351
0.5593, 0.0351
0.5593, 0.0351
0.5593, 0.0351
0.5593, 0.0351
0.5593, 0.0351
0.5593, 0.0351
0.5593, 0.0351
0.5593, 0.0383
0.5593, 0.0383
0.5593, 0.0383
0.5593, 0.0383
0.5593, 0.0383
0.5593, 0.0383
0.5636, 0.0383
0.5636, 0.0383
0.5636, 0.0383
0.5678, 0.0383
0.5678, 0.0383
0.5678, 0.0383
0.5678, 0.0383
0.5678, 0.0383
0.5678, 0.0383
0.5720, 0.0383
0.5720, 0.0383
0.5720, 0.0383
0.5720, 0.0383
0.5720, 0.0383
0.5720, 0.0383
0.5720, 0.0383
0.5720, 0.0415
0.5720, 0.0415
0.5720, 0.0415
0.5720, 0.0415
0.5720, 0.0415
0.5720, 0.0415
0.5720, 0.0415
0.5763, 0.0415
0.5763, 0.0415
0.5763, 0.0415
0.5763, 0.0415
0.5763, 0.0415
0.5763, 0.0415
0.5805, 0.0415
0.5805, 0.0415
0.5805, 0.0415
0.5805, 0.0415
0.5805, 0.0415
0.5805, 0.0415
0.5805, 0.0415
0.5805, 0.0415
0.5805, 0.0415
0.5805, 0.0415
0.5847, 0.0415
0.5847, 0.0415
0.5890, 0.0415
0.5890, 0.0415
0.5890, 0.0415
0.5890, 0.0415
0.5932, 0.0415
0.5932, 0.0415
0.5932, 0.0415
0.5932, 0.0447
0.5932, 0.0447
0.5932, 0.0447
0.5932, 0.0447
0.5932, 0.0447
0.5932, 0.0447
0.5932, 0.0447
0.5932, 0.0447
0.5932, 0.0447
0.5932, 0.0447
0.5975, 0.0447
0.5975, 0.0447
0.5975, 0.0447
0.5975, 0.0447
0.5975, 0.0447
0.5975, 0.0447
0.5975, 0.0447
0.6017, 0.0447
0.6017, 0.0447
0.6017, 0.0447
0.6017, 0.0479
0.6017, 0.0479
0.6017, 0.0479
0.6017, 0.0479
0.6017, 0.0479
0.6017, 0.0479
0.6017, 0.0479
0.6017, 0.0479
0.6017, 0.0479
0.6017, 0.0479
0.6059, 0.0479
0.6059, 0.0479
0.6059, 0.0479
0.6059, 0.0479
0.6059, 0.0479
0.6059, 0.0479
0.6102, 0.0511
0.6102, 0.0511
0.6102, 0.0511
0.6144, 0.0511
0.6144, 0.0511
0.6144, 0.0511
0.6144, 0.0511
0.6144, 0.0511
0.6144, 0.0511
0.6144, 0.0511
0.6144, 0.0511
0.6144, 0.0511
0.6144, 0.0511
0.6186, 0.0511
0.6186, 0.0511
0.6186, 0.0511
0.6186, 0.0511
0.6186, 0.0511
0.6186, 0.0511
0.6186, 0.0511
0.6229, 0.0511
0.6229, 0.0511
0.6229, 0.0511
0.6229, 0.0511
0.6229, 0.0511
0.6229, 0.0511
0.6229, 0.0511
0.6229, 0.0511
0.6229, 0.0511
0.6229, 0.0511
0.6229, 0.0511
0.6229, 0.0511
0.6229, 0.0511
0.6229, 0.0511
0.6229, 0.0543
0.6229, 0.0543
0.6229, 0.0543
0.6271, 0.0543
0.6271, 0.0543
0.6271, 0.0543
0.6271, 0.0543
0.6271, 0.0543
0.6271, 0.0543
0.6314, 0.0543
0.6314, 0.0543
0.6314, 0.0543
0.6356, 0.0543
0.6356, 0.0543
0.6356, 0.0543
0.6356, 0.0575
0.6356, 0.0575
0.6356, 0.0575
0.6356, 0.0575
0.6356, 0.0575
0.6356, 0.0575
0.6398, 0.0575
0.6398, 0.0575
0.6398, 0.0575
0.6398, 0.0575
0.6398, 0.0575
0.6398, 0.0575
0.6398, 0.0575
0.6441, 0.0575
0.6441, 0.0575
0.6441, 0.0575
0.6441, 0.0575
0.6441, 0.0575
0.6441, 0.0575
0.6441, 0.0575
0.6441, 0.0575
0.6441, 0.0575
0.6441, 0.0575
0.6441, 0.0575
0.6441, 0.0575
0.6441, 0.0575
0.6441, 0.0575
0.6483, 0.0575
0.6483, 0.0575
0.6483, 0.0575
0.6483, 0.0575
0.6483, 0.0575
0.6483, 0.0575
0.6525, 0.0575
0.6525, 0.0575
0.6525, 0.0575
0.6525, 0.0607
0.6525, 0.0607
0.6525, 0.0607
0.6568, 0.0607
0.6568, 0.0607
0.6568, 0.0607
0.6568, 0.0607
0.6568, 0.0607
0.6568, 0.0607
0.6610, 0.0607
0.6610, 0.0607
0.6610, 0.0607
0.6653, 0.0607
0.6653, 0.0607
0.6653, 0.0607
0.6653, 0.0607
0.6653, 0.0607
0.6653, 0.0607
0.6653, 0.0607
0.6653, 0.0607
0.6653, 0.0607
0.6695, 0.0607
0.6695, 0.0607
0.6695, 0.0607
0.6695, 0.0607
0.6695, 0.0607
0.6695, 0.0607
0.6737, 0.0607
0.6737, 0.0607
0.6737, 0.0607
0.6737, 0.0607
0.6737, 0.0607
0.6737, 0.0607
0.6737, 0.0607
0.6737, 0.0639
0.6737, 0.0639
0.6737, 0.0639
0.6780, 0.0639
0.6780, 0.0639
0.6780, 0.0639
0.6780, 0.0639
0.6780, 0.0639
0.6780, 0.0639
0.6822, 0.0639
0.6822, 0.0639
0.6822, 0.0639
0.6822, 0.0639
0.6822, 0.0639
0.6822, 0.0639
0.6864, 0.0639
0.6864, 0.0639
0.6864, 0.0639
0.6864, 0.0639
0.6864, 0.0639
0.6864, 0.0639
0.6864, 0.0639
0.6907, 0.0639
0.6907, 0.0639
0.6907, 0.0639
0.6949, 0.0639
0.6949, 0.0639
0.6949, 0.0639
0.6949, 0.0671
0.6949, 0.0671
0.6949, 0.0671
0.6949, 0.0671
0.6949, 0.0671
0.6949, 0.0671
0.6992, 0.0671
0.6992, 0.0671
0.6992, 0.0671
0.7034, 0.0671
0.7034, 0.0671
0.7034, 0.0671
0.7034, 0.0671
0.7034, 0.0671
0.7034, 0.0671
0.7076, 0.0671
0.7076, 0.0671
0.7076, 0.0671
0.7076, 0.0671
0.7076, 0.0671
0.7076, 0.0671
0.7076, 0.0671
0.7076, 0.0671
0.7076, 0.0671
0.7076, 0.0671
0.7076, 0.0671
0.7076, 0.0671
0.7076, 0.0671
0.7119, 0.0671
0.7119, 0.0671
0.7119, 0.0671
0.7119, 0.0671
0.7119, 0.0671
0.7119, 0.0671
0.7119, 0.0671
0.7161, 0.0671
0.7161, 0.0671
0.7161, 0.0671
0.7161, 0.0671
0.7161, 0.0671
0.7161, 0.0671
0.7161, 0.0671
0.7161, 0.0671
0.7161, 0.0671
0.7161, 0.0671
0.7161, 0.0671
0.7161, 0.0671
0.7203, 0.0671
0.7203, 0.0671
0.7203, 0.0671
0.7203, 0.0671
0.7203, 0.0671
0.7203, 0.0671
0.7203, 0.0671
0.7246, 0.0671
0.7246, 0.0671
0.7246, 0.0671
0.7246, 0.0671
0.7246, 0.0671
0.7246, 0.0671
0.7288, 0.0671
0.7288, 0.0671
0.7288, 0.0671
0.7288, 0.0671
0.7288, 0.0671
0.7288, 0.0671
0.7288, 0.0671
0.7288, 0.0671
0.7288, 0.0671
0.7288, 0.0671
0.7288, 0.0671
0.7288, 0.0671
0.7288, 0.0671
0.7331, 0.0671
0.7331, 0.0671
0.7331, 0.0671
0.7373, 0.0671
0.7373, 0.0671
0.7373, 0.0671
0.7373, 0.0671
0.7373, 0.0671
0.7373, 0.0671
0.7415, 0.0671
0.7415, 0.0671
0.7415, 0.0671
0.7415, 0.0671
0.7415, 0.0671
0.7415, 0.0671
0.7458, 0.0671
0.7458, 0.0671
0.7458, 0.0671
0.7500, 0.0671
0.7500, 0.0671
0.7500, 0.0671
0.7500, 0.0671
0.7500, 0.0671
0.7500, 0.0671
0.7500, 0.0671
0.7500, 0.0671
0.7500, 0.0671
0.7500, 0.0671
0.7542, 0.0671
0.7542, 0.0671
0.7542, 0.0671
0.7542, 0.0671
0.7542, 0.0671
0.7542, 0.0671
0.7585, 0.0671
0.7585, 0.0671
0.7585, 0.0671
0.7585, 0.0671
0.7585, 0.0671
0.7585, 0.0671
0.7585, 0.0671
0.7585, 0.0671
0.7585, 0.0671
0.7627, 0.0671
0.7627, 0.0671
0.7627, 0.0671
0.7669, 0.0671
0.7669, 0.0671
0.7669, 0.0671
0.7712, 0.0671
0.7712, 0.0671
0.7712, 0.0671
0.7712, 0.0671
0.7712, 0.0671
0.7712, 0.0671
0.7712, 0.0671
0.7712, 0.0671
0.7712, 0.0671
0.7712, 0.0671
0.7754, 0.0671
0.7754, 0.0671
0.7754, 0.0671
0.7754, 0.0671
0.7754, 0.0671
0.7754, 0.0671
0.7797, 0.0671
0.7797, 0.0671
0.7797, 0.0671
0.7797, 0.0671
0.7797, 0.0671
0.7797, 0.0671
0.7797, 0.0671
0.7797, 0.0671
0.7797, 0.0671
0.7797, 0.0671
0.7797, 0.0671
0.7797, 0.0671
0.7797, 0.0671
0.7797, 0.0671
0.7797, 0.0671
0.7797, 0.0671
0.7839, 0.0671
0.7839, 0.0671
0.7839, 0.0671
0.7839, 0.0671
0.7839, 0.0671
0.7839, 0.0671
0.7839, 0.0671
0.7839, 0.0671
0.7839, 0.0671
0.7839, 0.0671
0.7881, 0.0671
0.7881, 0.0671
0.7881, 0.0671
0.7881, 0.0671
0.7881, 0.0671
0.7881, 0.0671
0.7881, 0.0639
0.7881, 0.0639
0.7881, 0.0639
0.7924, 0.0639
0.7924, 0.0639
0.7924, 0.0639
0.7966, 0.0639
0.7966, 0.0639
0.7966, 0.0639
0.8008, 0.0639
0.8008, 0.0639
0.8008, 0.0639
0.8008, 0.0639
0.8008, 0.0639
0.8008, 0.0639
0.8008, 0.0639
0.8008, 0.0639
0.8008, 0.0639
0.8008, 0.0639
0.8051, 0.0639
0.8051, 0.0639
0.8051, 0.0639
0.8051, 0.0639
0.8051, 0.0639
0.8051, 0.0639
0.8093, 0.0639
0.8093, 0.0639
0.8093, 0.0639
0.8093, 0.0639
0.8093, 0.0607
0.8093, 0.0607
0.8136, 0.0607
0.8136, 0.0607
0.8136, 0.0607
0.8178, 0.0607
0.8220, 0.0607
0.8263, 0.0607
0.8263, 0.0607
0.8263, 0.0607
0.8263, 0.0607
0.8263, 0.0607
0.8263, 0.0607
0.8305, 0.0607
0.8305, 0.0607
0.8305, 0.0607
0.8305, 0.0607
0.8305, 0.0607
0.8305, 0.0607
0.8347, 0.0607
0.8347, 0.0607
0.8347, 0.0607
0.8390, 0.0575
0.8390, 0.0575
0.8390, 0.0575
0.8390, 0.0575
0.8390, 0.0575
0.8390, 0.0575
0.8432, 0.0575
0.8432, 0.0575
0.8432, 0.0575
0.8432, 0.0575
0.8432, 0.0575
0.8432, 0.0575
0.8432, 0.0575
0.8432, 0.0575
0.8432, 0.0575
0.8475, 0.0543
0.8475, 0.0543
0.8475, 0.0543
0.8517, 0.0543
0.8517, 0.0543
0.8517, 0.0543
0.8517, 0.0543
0.8517, 0.0543
0.8517, 0.0543
0.8517, 0.0543
0.8517, 0.0543
0.8517, 0.0543
0.8559, 0.0543
0.8559, 0.0543
0.8559, 0.0543
0.8559, 0.0543
0.8559, 0.0543
0.8559, 0.0543
0.8602, 0.0543
0.8602, 0.0543
0.8602, 0.0543
0.8602, 0.0543
0.8602, 0.0543
0.8602, 0.0543
0.8644, 0.0543
0.8644, 0.0543
0.8644, 0.0543
0.8644, 0.0543
0.8644, 0.0543
0.8644, 0.0543
0.8644, 0.0543
0.8644, 0.0543
0.8644, 0.0543
0.8686, 0.0543
0.8686, 0.0543
0.8686, 0.0543
0.8686, 0.0543
0.8686, 0.0543
0.8686, 0.0543
0.8729, 0.0543
0.8729, 0.0543
0.8729, 0.0543
0.8729, 0.0511
0.8729, 0.0511
0.8729, 0.0511
0.8729, 0.0511
0.8729, 0.0511
0.8729, 0.0511
0.8771, 0.0511
0.8771, 0.0511
0.8771, 0.0511
0.8814, 0.0511
0.8814, 0.0511
0.8814, 0.0479
0.8814, 0.0479
0.8814, 0.0479
0.8856, 0.0479
0.8856, 0.0479
0.8856, 0.0479
0.8856, 0.0479
0.8856, 0.0479
0.8856, 0.0479
0.8856, 0.0479
0.8856, 0.0479
0.8856, 0.0479
0.8856, 0.0479
0.8856, 0.0479
0.8856, 0.0479
0.8856, 0.0479
0.8898, 0.0479
0.8898, 0.0479
0.8898, 0.0479
0.8898, 0.0447
0.8898, 0.0447
0.8898, 0.0447
0.8941, 0.0447
0.8941, 0.0447
0.8941, 0.0447
0.8941, 0.0447
0.8941, 0.0447
0.8941, 0.0447
0.8941, 0.0447
0.8941, 0.0447
0.8941, 0.0447
0.8941, 0.0447
0.8941, 0.0447
0.8983, 0.0447
0.8983, 0.0447
0.8983, 0.0447
0.8983, 0.0447
0.8983, 0.0447
0.8983, 0.0447
0.9025, 0.0447
0.9025, 0.0447
0.9068, 0.0447
0.9068, 0.0447
0.9068, 0.0447
0.9068, 0.0447
0.9068, 0.0447
0.9068, 0.0447
0.9068, 0.0415
0.9068, 0.0415
0.9110, 0.0415
0.9110, 0.0415
0.9110, 0.0415
0.9153, 0.0415
0.9153, 0.0415
0.9153, 0.0415
0.9153, 0.0415
0.9153, 0.0415
0.9153, 0.0415
0.9153, 0.0415
0.9153, 0.0415
0.9153, 0.0415
0.9153, 0.0383
0.9153, 0.0383
0.9153, 0.0383
0.9195, 0.0383
0.9195, 0.0383
0.9195, 0.0383
0.9195, 0.0383
0.9195, 0.0383
0.9195, 0.0383
0.9237, 0.0383
0.9237, 0.0383
0.9237, 0.0383
0.9237, 0.0383
0.9237, 0.0383
0.9237, 0.0383
0.9280, 0.0383
0.9280, 0.0383
0.9280, 0.0383
0.9280, 0.0383
0.9280, 0.0383
0.9280, 0.0383
0.9322, 0.0383
0.9322, 0.0383
0.9322, 0.0383
0.9364, 0.0383
0.9364, 0.0383
0.9364, 0.0383
0.9364, 0.0351
0.9364, 0.0351
0.9364, 0.0351
0.9364, 0.0351
0.9364, 0.0351
0.9364, 0.0351
0.9364, 0.0351
0.9364, 0.0351
0.9364, 0.0351
0.9407, 0.0319
0.9407, 0.0319
0.9407, 0.0319
0.9407, 0.0319
0.9407, 0.0319
0.9407, 0.0319
0.9449, 0.0319
0.9449, 0.0319
0.9449, 0.0319
0.9449, 0.0319
0.9449, 0.0319
0.9449, 0.0319
0.9449, 0.0288
0.9449, 0.0288
0.9449, 0.0288
0.9492, 0.0288
0.9492, 0.0288
0.9492, 0.0288
0.9492, 0.0288
0.9492, 0.0288
0.9492, 0.0288
0.9492, 0.0288
0.9492, 0.0288
0.9492, 0.0288
0.9534, 0.0288
0.9534, 0.0288
0.9534, 0.0288
0.9534, 0.0288
0.9534, 0.0288
0.9534, 0.0288
0.9534, 0.0288
0.9534, 0.0288
0.9534, 0.0288
0.9534, 0.0288
0.9534, 0.0288
0.9534, 0.0288
0.9534, 0.0288
0.9534, 0.0288
0.9534, 0.0288
0.9534, 0.0288
0.9534, 0.0288
0.9534, 0.0288
0.9576, 0.0288
0.9576, 0.0288
0.9576, 0.0288
0.9576, 0.0288
0.9576, 0.0288
0.9576, 0.0288
0.9576, 0.0288
0.9576, 0.0288
0.9576, 0.0288
0.9576, 0.0256
0.9576, 0.0256
0.9576, 0.0256
0.9576, 0.0256
0.9576, 0.0256
0.9576, 0.0256
0.9619, 0.0256
0.9619, 0.0256
0.9619, 0.0256
0.9619, 0.0256
0.9619, 0.0256
0.9619, 0.0256
0.9619, 0.0224
0.9619, 0.0224
0.9661, 0.0224
0.9661, 0.0224
0.9661, 0.0224
0.9661, 0.0224
0.9661, 0.0224
0.9661, 0.0224
0.9661, 0.0224
0.9661, 0.0224
0.9661, 0.0224
0.9661, 0.0224
0.9661, 0.0224
0.9661, 0.0224
0.9661, 0.0224
0.9661, 0.0224
0.9703, 0.0224
0.9703, 0.0224
0.9703, 0.0224
0.9703, 0.0224
0.9703, 0.0224
0.9703, 0.0224
0.9703, 0.0224
0.9703, 0.0224
0.9703, 0.0224
0.9746, 0.0224
0.9746, 0.0224
0.9746, 0.0224
0.9746, 0.0224
0.9746, 0.0224
0.9746, 0.0224
0.9746, 0.0192
0.9746, 0.0192
0.9746, 0.0192
0.9746, 0.0192
0.9746, 0.0192
0.9746, 0.0192
0.9746, 0.0192
0.9746, 0.0192
0.9746, 0.0192
0.9746, 0.0192
0.9746, 0.0192
0.9746, 0.0192
0.9788, 0.0192
0.9788, 0.0192
0.9788, 0.0192
0.9788, 0.0192
0.9788, 0.0192
0.9788, 0.0192
0.9788, 0.0192
0.9788, 0.0192
0.9788, 0.0192
0.9788, 0.0160
0.9788, 0.0160
0.9788, 0.0160
0.9788, 0.0160
0.9788, 0.0160
0.9788, 0.0160
0.9831, 0.0160
0.9831, 0.0160
0.9831, 0.0160
0.9831, 0.0160
0.9831, 0.0160
0.9831, 0.0160
0.9831, 0.0160
0.9831, 0.0160
0.9831, 0.0160
0.9831, 0.0160
0.9831, 0.0160
0.9831, 0.0160
0.9831, 0.0160
0.9831, 0.0160
0.9831, 0.0160
0.9831, 0.0160
0.9831, 0.0160
0.9831, 0.0160
0.9831, 0.0128
0.9831, 0.0128
0.9831, 0.0128
0.9873, 0.0128
0.9873, 0.0128
0.9873, 0.0128
0.9873, 0.0128
0.9873, 0.0128
0.9873, 0.0128
0.9873, 0.0128
0.9873, 0.0128
0.9873, 0.0128
0.9873, 0.0128
0.9873, 0.0128
0.9873, 0.0128
0.9915, 0.0128
0.9915, 0.0128
0.9915, 0.0128
0.9915, 0.0128
0.9915, 0.0128
0.9915, 0.0128
0.9915, 0.0128
0.9915, 0.0128
0.9915, 0.0128
0.9958, 0.0128
0.9958, 0.0128
0.9958, 0.0128
0.9958, 0.0128
0.9958, 0.0128
0.9958, 0.0128
0.9958, 0.0128
0.9958, 0.0128
0.9958, 0.0128
0.9958, 0.0128
0.9958, 0.0128
0.9958, 0.0128
0.9958, 0.0128
0.9958, 0.0128
0.9958, 0.0128
0.9958, 0.0128
0.9958, 0.0128
0.9958, 0.0128
0.9958, 0.0128
0.9958, 0.0128
0.9958, 0.0128
0.9958, 0.0128
0.9958, 0.0128
0.9958, 0.0128
0.9958, 0.0128
0.9958, 0.0128
0.9958, 0.0128
0.9958, 0.0128
0.9958, 0.0128
0.9958, 0.0128
0.9958, 0.0128
0.9958, 0.0128
0.9958, 0.0128
0.9958, 0.0128
0.9958, 0.0128
0.9958, 0.0128
0.9958, 0.0096
0.9958, 0.0096
0.9958, 0.0096
0.9958, 0.0096
0.9958, 0.0096
0.9958, 0.0096
0.9958, 0.0096
0.9958, 0.0096
0.9958, 0.0096
0.9958, 0.0096
0.9958, 0.0096
0.9958, 0.0096
1.0000, 0.0096
1.0000, 0.0096
1.0000, 0.0096
1.0000, 0.0096
1.0000, 0.0096
1.0000, 0.0096
1.0000, 0.0096
1.0000, 0.0096
1.0000, 0.0096
1.0000, 0.0096
1.0000, 0.0096
1.0000, 0.0096
1.0000, 0.0096
1.0000, 0.0096
1.0000, 0.0096
1.0000, 0.0096
1.0000, 0.0096
1.0000, 0.0096
1.0000, 0.0096
1.0000, 0.0096
1.0000, 0.0096
1.0000, 0.0096
1.0000, 0.0096
1.0000, 0.0096
1.0000, 0.0096
1.0000, 0.0096
1.0000, 0.0096
1.0000, 0.0096
1.0000, 0.0096
1.0000, 0.0096
1.0000, 0.0096
1.0000, 0.0096
1.0000, 0.0096
1.0000, 0.0096
1.0000, 0.0096
1.0000, 0.0096
1.0000, 0.0096
1.0000, 0.0096
1.0000, 0.0096
1.0000, 0.0096
1.0000, 0.0096
1.0000, 0.0096
1.0000, 0.0096
1.0000, 0.0096
1.0000, 0.0096
1.0000, 0.0096
1.0000, 0.0096
1.0000, 0.0096
1.0000, 0.0096
1.0000, 0.0096
1.0000, 0.0096
1.0000, 0.0096
1.0000, 0.0096
1.0000, 0.0096
1.0000, 0.0096
1.0000, 0.0096
1.0000, 0.0096
1.0000, 0.0096
1.0000, 0.0096
1.0000, 0.0096
1.0000, 0.0096
1.0000, 0.0096
1.0000, 0.0096
0.0000, 1.0000
0.0000, 1.0000
0.0000, 1.0000
0.0000, 1.0000
0.0000, 1.0000
0.0000, 1.0000
0.0000, 1.0000
0.0000, 1.0000
0.0000, 1.0000
0.0000, 1.0000
0.0000, 1.0000
0.0000, 1.0000
0.0000, 1.0000
0.0000, 1.0000
0.0000, 1.0000
0.0000, 1.0000
0.0000, 1.0000
0.0000, 1.0000
0.0000, 1.0000
0.0000, 1.0000
0.0000, 1.0000
0.0000, 1.0000
0.0000, 1.0000
0.0000, 1.0000
0.0000, 1.0000
0.0000, 1.0000
0.0000, 1.0000
0.0000, 1.0000
0.0000, 1.0000
0.0000, 1.0000
0.0000, 1.0000
0.0000, 1.0000
0.0000, 1.0000
0.0000, 1.0000
0.0000, 1.0000
0.0000, 1.0000
0.0000, 1.0000
0.0000, 1.0000
0.0000, 1.0000
0.0000, 1.0000
0.0000, 1.0000
0.0000, 1.0000
0.0000, 1.0000
0.0000, 1.0000
0.0000, 1.0000
0.0000, 1.0000
0.0000, 1.0000
0.0000, 1.0000
0.0000, 1.0000
0.0000, 1.0000
0.0000, 1.0000
0.0000, 1.0000
0.0000, 1.0000
0.0000, 1.0000
0.0000, 1.0000
0.0000, 1.0000
0.0000, 1.0000
0.0000, 1.0000
0.0000, 1.0000
0.0000, 1.0000
0.0000, 1.0000
0.0000, 1.0000
0.0000, 1.0000
0.0000, 1.0000
0.0000, 1.0000
