0.0606, 0.0556
0.0606, 0.0556
0.0606, 0.0556
0.0606, 0.0556
0.0606, 0.0556
0.0606, 0.0556
0.0606, 0.0556
0.0606, 0.0556
0.0606, 0.0556
0.0606, 0.0556
0.0606, 0.0556
0.0606, 0.0556
0.0606, 0.0556
0.0606, 0.0556
0.0606, 0.0556
0.0606, 0.0556
0.0606, 0.0556
0.0606, 0.0556
0.0606, 0.0556
0.0606, 0.0556
0.0606, 0.0556
0.0606, 0.0556
0.0606, 0.0556
0.0606, 0.0556
0.0606, 0.0556
0.0606, 0.0556
0.0606, 0.0556
0.0606, 0.0556
0.0606, 0.0556
0.0606, 0.0556
0.0606, 0.0556
0.0606, 0.0556
0.0606, 0.0556
0.0606, 0.0556
0.0606, 0.0556
0.0606, 0.0556
0.0606, 0.0556
0.0606, 0.0556
0.0606, 0.0556
0.0606, 0.0556
0.0606, 0.0556
0.0606, 0.0556
0.0606, 0.0556
0.0606, 0.0556
0.0606, 0.0556
0.0606, 0.0556
0.0606, 0.0556
0.0606, 0.0556
0.0606, 0.0556
0.0606, 0.0556
0.0606, 0.0556
0.0606, 0.0556
0.0606, 0.0556
0.0606, 0.0556
0.0606, 0.0556
0.0606, 0.0556
0.0606, 0.0556
0.0606, 0.0556
0.0606, 0.0556
0.0606, 0.0556
0.0606, 0.0556
0.0606, 0.0556
0.0606, 0.0556
0.0606, 0.0556
0.0606, 0.0556
0.0606, 0.0556
0.0606, 0.0556
0.0606, 0.0556
0.0606, 0.0556
0.0606, 0.0556
0.0606, 0.0556
0.0606, 0.0556
0.0606, 0.0556
0.0606, 0.0556
0.0606, 0.0556
0.0606, 0.0556
0.0606, 0.0556
0.0606, 0.0556
0.0606, 0.0556
0.0606, 0.0556
0.0606, 0.0556
0.0606, 0.0556
0.0606, 0.0556
0.0606, 0.0556
0.0606, 0.0556
0.0606, 0.0556
0.0606, 0.0556
0.0606, 0.0556
0.0606, 0.0556
0.0606, 0.0556
0.0606, 0.0556
0.0606, 0.0556
0.0606, 0.0556
0.0606, 0.0556
0.0606, 0.0556
0.0606, 0.0556
0.0606, 0.0556
0.0606, 0.0556
0.0606, 0.0556
0.0606, 0.0556
0.0606, 0.0556
0.0606, 0.0556
0.0606, 0.0556
0.0606, 0.0556
0.0606, 0.0556
0.0649, 0.0556
0.0649, 0.0556
0.0649, 0.0556
0.0649, 0.0556
0.0649, 0.0556
0.0649, 0.0556
0.0693, 0.0556
0.0693, 0.0556
0.0693, 0.0556
0.0693, 0.0556
0.0693, 0.0556
0.0693, 0.0556
0.0693, 0.0556
0.0693, 0.0556
0.0693, 0.0556
0.0693, 0.0556
0.0693, 0.0556
0.0693, 0.0556
0.0693, 0.0556
0.0693, 0.0556
0.0736, 0.0556
0.0736, 0.0556
0.0736, 0.0556
0.0736, 0.0556
0.0736, 0.0556
0.0736, 0.0556
0.0779, 0.0556
0.0779, 0.0556
0.0779, 0.0556
0.0779, 0.0556
0.0779, 0.0556
0.0779, 0.0556
0.0779, 0.0556
0.0779, 0.0525
0.0779, 0.0525
0.0779, 0.0525
0.0779, 0.0525
0.0779, 0.0525
0.0779, 0.0525
0.0779, 0.0525
0.0779, 0.0525
0.0779, 0.0525
0.0779, 0.0525
0.0823, 0.0525
0.0823, 0.0525
0.0823, 0.0525
0.0823, 0.0494
0.0823, 0.0494
0.0823, 0.0494
0.0866, 0.0494
0.0866, 0.0494
0.0866, 0.0494
0.0866, 0.0494
0.0866, 0.0494
0.0866, 0.0494
0.0866, 0.0494
0.0909, 0.0494
0.0909, 0.0494
0.0909, 0.0494
0.0909, 0.0494
0.0909, 0.0494
0.0909, 0.0494
0.0909, 0.0494
0.0909, 0.0494
0.0909, 0.0494
0.0909, 0.0494
0.0909, 0.0494
0.0909, 0.0494
0.0909, 0.0494
0.0909, 0.0494
0.0909, 0.0494
0.0909, 0.0494
0.0909, 0.0494
0.0909, 0.0494
0.0952, 0.0463
0.0952, 0.0463
0.0952, 0.0463
0.0952, 0.0463
0.0952, 0.0463
0.0952, 0.0463
0.0952, 0.0463
0.0952, 0.0463
0.0952, 0.0463
0.0952, 0.0463
0.0952, 0.0463
0.0952, 0.0463
0.0952, 0.0463
0.0952, 0.0463
0.0952, 0.0463
0.0952, 0.0463
0.0952, 0.0463
0.0952, 0.0463
0.0996, 0.0463
0.0996, 0.0463
0.0996, 0.0463
0.0996, 0.0463
0.0996, 0.0463
0.0996, 0.0463
0.0996, 0.0463
0.0996, 0.0463
0.0996, 0.0432
0.0996, 0.0432
0.0996, 0.0432
0.0996, 0.0432
0.0996, 0.0432
0.0996, 0.0432
0.0996, 0.0432
0.0996, 0.0432
0.1039, 0.0432
0.1039, 0.0432
0.1039, 0.0432
0.1039, 0.0432
0.1039, 0.0432
0.1039, 0.0432
0.1039, 0.0432
0.1039, 0.0432
0.1039, 0.0432
0.1082, 0.0432
0.1082, 0.0432
0.1082, 0.0432
0.1082, 0.0432
0.1082, 0.0432
0.1082, 0.0432
0.1082, 0.0432
0.1082, 0.0432
0.1082, 0.0432
0.1082, 0.0432
0.1082, 0.0432
0.1082, 0.0432
0.1126, 0.0432
0.1126, 0.0432
0.1126, 0.0432
0.1126, 0.0432
0.1126, 0.0432
0.1126, 0.0432
0.1126, 0.0432
0.1126, 0.0432
0.1126, 0.0401
0.1126, 0.0401
0.1126, 0.0401
0.1126, 0.0401
0.1126, 0.0401
0.1126, 0.0401
0.1126, 0.0401
0.1126, 0.0401
0.1126, 0.0401
0.1126, 0.0401
0.1126, 0.0401
0.1126, 0.0401
0.1126, 0.0401
0.1126, 0.0401
0.1126, 0.0401
0.1126, 0.0401
0.1126, 0.0401
0.1169, 0.0401
0.1169, 0.0401
0.1169, 0.0401
0.1169, 0.0401
0.1169, 0.0370
0.1169, 0.0370
0.1169, 0.0370
0.1169, 0.0370
0.1212, 0.0370
0.1212, 0.0370
0.1212, 0.0370
0.1212, 0.0370
0.1212, 0.0370
0.1212, 0.0370
0.1212, 0.0370
0.1212, 0.0370
0.1212, 0.0370
0.1212, 0.0370
0.1212, 0.0370
0.1212, 0.0370
0.1212, 0.0370
0.1212, 0.0370
0.1212, 0.0370
0.1212, 0.0370
0.1212, 0.0370
0.1255, 0.0370
0.1255, 0.0370
0.1255, 0.0370
0.1255, 0.0370
0.1255, 0.0370
0.1255, 0.0370
0.1255, 0.0370
0.1255, 0.0370
0.1299, 0.0370
0.1299, 0.0370
0.1299, 0.0370
0.1299, 0.0370
0.1299, 0.0340
0.1299, 0.0340
0.1299, 0.0340
0.1299, 0.0340
0.1342, 0.0340
0.1342, 0.0340
0.1342, 0.0340
0.1342, 0.0340
0.1342, 0.0340
0.1342, 0.0340
0.1342, 0.0340
0.1342, 0.0340
0.1342, 0.0340
0.1342, 0.0340
0.1342, 0.0340
0.1342, 0.0340
0.1342, 0.0340
0.1342, 0.0340
0.1342, 0.0340
0.1342, 0.0309
0.1342, 0.0309
0.1342, 0.0309
0.1342, 0.0309
0.1342, 0.0309
0.1342, 0.0309
0.1342, 0.0309
0.1342, 0.0309
0.1385, 0.0309
0.1385, 0.0309
0.1385, 0.0309
0.1385, 0.0309
0.1385, 0.0309
0.1385, 0.0309
0.1385, 0.0309
0.1385, 0.0309
0.1429, 0.0278
0.1429, 0.0278
0.1429, 0.0278
0.1429, 0.0278
0.1429, 0.0278
0.1429, 0.0278
0.1429, 0.0278
0.1429, 0.0278
0.1429, 0.0278
0.1429, 0.0278
0.1429, 0.0278
0.1429, 0.0278
0.1429, 0.0278
0.1429, 0.0278
0.1429, 0.0278
0.1429, 0.0278
0.1429, 0.0278
0.1429, 0.0278
0.1429, 0.0278
0.1429, 0.0278
0.1429, 0.0278
0.1472, 0.0278
0.1472, 0.0278
0.1472, 0.0278
0.1472, 0.0278
0.1472, 0.0278
0.1472, 0.0278
0.1472, 0.0278
0.1472, 0.0278
0.1472, 0.0278
0.1472, 0.0278
0.1472, 0.0278
0.1472, 0.0278
0.1515, 0.0278
0.1515, 0.0278
0.1515, 0.0278
0.1515, 0.0278
0.1515, 0.0278
0.1515, 0.0278
0.1515, 0.0278
0.1558, 0.0247
0.1558, 0.0247
0.1558, 0.0247
0.1558, 0.0247
0.1558, 0.0247
0.1558, 0.0247
0.1558, 0.0247
0.1558, 0.0247
0.1558, 0.0247
0.1558, 0.0247
0.1558, 0.0247
0.1558, 0.0247
0.1558, 0.0247
0.1558, 0.0247
0.1558, 0.0247
0.1558, 0.0247
0.1558, 0.0247
0.1558, 0.0247
0.1558, 0.0247
0.1558, 0.0247
0.1558, 0.0247
0.1558, 0.0247
0.1602, 0.0216
0.1602, 0.0216
0.1602, 0.0216
0.1602, 0.0216
0.1602, 0.0216
0.1602, 0.0216
0.1602, 0.0216
0.1602, 0.0216
0.1602, 0.0216
0.1602, 0.0216
0.1602, 0.0216
0.1645, 0.0216
0.1645, 0.0216
0.1645, 0.0216
0.1645, 0.0216
0.1645, 0.0216
0.1645, 0.0216
0.1645, 0.0216
0.1645, 0.0216
0.1645, 0.0216
0.1645, 0.0216
0.1645, 0.0216
0.1645, 0.0216
0.1688, 0.0216
0.1688, 0.0216
0.1688, 0.0216
0.1688, 0.0216
0.1688, 0.0216
0.1688, 0.0216
0.1688, 0.0216
0.1688, 0.0216
0.1732, 0.0216
0.1732, 0.0216
0.1732, 0.0216
0.1732, 0.0216
0.1732, 0.0216
0.1732, 0.0216
0.1732, 0.0216
0.1732, 0.0216
0.1732, 0.0216
0.1732, 0.0216
0.1732, 0.0216
0.1732, 0.0216
0.1732, 0.0216
0.1775, 0.0216
0.1775, 0.0216
0.1775, 0.0216
0.1775, 0.0216
0.1775, 0.0216
0.1775, 0.0216
0.1775, 0.0216
0.1775, 0.0216
0.1775, 0.0216
0.1775, 0.0216
0.1775, 0.0216
0.1775, 0.0185
0.1775, 0.0185
0.1775, 0.0185
0.1775, 0.0185
0.1818, 0.0185
0.1818, 0.0185
0.1818, 0.0185
0.1818, 0.0185
0.1818, 0.0185
0.1818, 0.0185
0.1818, 0.0185
0.1818, 0.0185
0.1818, 0.0185
0.1818, 0.0185
0.1818, 0.0185
0.1818, 0.0185
0.1861, 0.0185
0.1861, 0.0185
0.1861, 0.0185
0.1861, 0.0185
0.1861, 0.0185
0.1861, 0.0185
0.1861, 0.0185
0.1861, 0.0154
0.1861, 0.0154
0.1861, 0.0154
0.1861, 0.0154
0.1905, 0.0154
0.1905, 0.0154
0.1905, 0.0154
0.1905, 0.0154
0.1905, 0.0154
0.1905, 0.0154
0.1905, 0.0154
0.1905, 0.0154
0.1948, 0.0154
0.1948, 0.0154
0.1948, 0.0154
0.1948, 0.0154
0.1948, 0.0154
0.1948, 0.0154
0.1948, 0.0154
0.1991, 0.0154
0.1991, 0.0154
0.1991, 0.0154
0.1991, 0.0154
0.1991, 0.0154
0.1991, 0.0154
0.1991, 0.0154
0.1991, 0.0154
0.1991, 0.0123
0.1991, 0.0123
0.1991, 0.0123
0.1991, 0.0123
0.1991, 0.0123
0.1991, 0.0123
0.1991, 0.0123
0.2035, 0.0123
0.2035, 0.0123
0.2035, 0.0123
0.2035, 0.0123
0.2035, 0.0123
0.2035, 0.0123
0.2035, 0.0123
0.2035, 0.0123
0.2078, 0.0123
0.2078, 0.0123
0.2078, 0.0123
0.2078, 0.0123
0.2078, 0.0123
0.2078, 0.0123
0.2078, 0.0123
0.2078, 0.0123
0.2078, 0.0123
0.2078, 0.0123
0.2078, 0.0123
0.2078, 0.0123
0.2078, 0.0123
0.2078, 0.0123
0.2121, 0.0123
0.2121, 0.0123
0.2121, 0.0123
0.2121, 0.0123
0.2121, 0.0123
0.2121, 0.0123
0.2121, 0.0123
0.2121, 0.0123
0.2165, 0.0123
0.2165, 0.0123
0.2165, 0.0123
0.2165, 0.0123
0.2165, 0.0093
0.2165, 0.0093
0.2165, 0.0093
0.2165, 0.0093
0.2165, 0.0093
0.2165, 0.0093
0.2165, 0.0093
0.2208, 0.0093
0.2208, 0.0093
0.2208, 0.0093
0.2208, 0.0093
0.2208, 0.0093
0.2208, 0.0093
0.2208, 0.0093
0.2208, 0.0093
0.2251, 0.0093
0.2251, 0.0093
0.2251, 0.0093
0.2251, 0.0093
0.2294, 0.0062
0.2294, 0.0062
0.2294, 0.0062
0.2294, 0.0062
0.2294, 0.0062
0.2294, 0.0062
0.2294, 0.0062
0.2294, 0.0062
0.2294, 0.0062
0.2294, 0.0062
0.2294, 0.0062
0.2294, 0.0062
0.2294, 0.0062
0.2294, 0.0062
0.2294, 0.0062
0.2338, 0.0062
0.2338, 0.0062
0.2338, 0.0062
0.2338, 0.0062
0.2338, 0.0062
0.2338, 0.0062
0.2338, 0.0062
0.2338, 0.0062
0.2338, 0.0062
0.2338, 0.0062
0.2338, 0.0062
0.2338, 0.0062
0.2381, 0.0062
0.2381, 0.0062
0.2381, 0.0062
0.2381, 0.0062
0.2381, 0.0062
0.2381, 0.0062
0.2381, 0.0062
0.2381, 0.0062
0.2381, 0.0062
0.2381, 0.0062
0.2381, 0.0062
0.2381, 0.0062
0.2381, 0.0062
0.2381, 0.0062
0.2381, 0.0062
0.2381, 0.0062
0.2381, 0.0062
0.2381, 0.0062
0.2381, 0.0062
0.2381, 0.0062
0.2424, 0.0062
0.2424, 0.0062
0.2424, 0.0062
0.2424, 0.0062
0.2424, 0.0062
0.2424, 0.0062
0.2424, 0.0062
0.2468, 0.0062
0.2468, 0.0062
0.2468, 0.0062
0.2468, 0.0062
0.2468, 0.0062
0.2468, 0.0062
0.2468, 0.0062
0.2511, 0.0062
0.2511, 0.0062
0.2511, 0.0062
0.2511, 0.0062
0.2511, 0.0062
0.2511, 0.0062
0.2511, 0.0062
0.2511, 0.0062
0.2511, 0.0062
0.2511, 0.0062
0.2511, 0.0062
0.2511, 0.0062
0.2511, 0.0062
0.2511, 0.0062
0.2511, 0.0062
0.2511, 0.0062
0.2554, 0.0062
0.2554, 0.0062
0.2554, 0.0062
0.2554, 0.0062
0.2597, 0.0062
0.2597, 0.0062
0.2597, 0.0062
0.2597, 0.0031
0.2597, 0.0031
0.2597, 0.0031
0.2597, 0.0031
0.2597, 0.0031
0.2597, 0.0031
0.2597, 0.0031
0.2597, 0.0031
0.2597, 0.0031
0.2597, 0.0031
0.2597, 0.0031
0.2597, 0.0031
0.2597, 0.0031
0.2597, 0.0031
0.2597, 0.0031
0.2641, 0.0031
0.2641, 0.0031
0.2641, 0.0031
0.2641, 0.0031
0.2641, 0.0031
0.2641, 0.0031
0.2641, 0.0031
0.2641, 0.0031
0.2684, 0.0031
0.2684, 0.0031
0.2684, 0.0031
0.2684, 0.0031
0.2684, 0.0031
0.2684, 0.0031
0.2684, 0.0031
0.2684, 0.0031
0.2684, 0.0031
0.2684, 0.0031
0.2684, 0.0031
0.2727, 0.0031
0.2727, 0.0031
0.2727, 0.0031
0.2727, 0.0031
0.2727, 0.0031
0.2727, 0.0031
0.2727, 0.0031
0.2727, 0.0031
0.2727, 0.0031
0.2727, 0.0031
0.2727, 0.0031
0.2727, 0.0000
0.2727, 0.0000
0.2727, 0.0000
0.2727, 0.0000
0.2771, 0.0000
0.2771, 0.0000
0.2771, 0.0000
0.2771, 0.0000
0.2771, 0.0000
0.2771, 0.0000
0.2771, 0.0000
0.2814, 0.0000
0.2814, 0.0000
0.2814, 0.0000
0.2814, 0.0000
0.2814, 0.0000
0.2814, 0.0000
0.2814, 0.0000
0.2814, 0.0000
0.2814, 0.0000
0.2814, 0.0000
0.2814, 0.0000
0.2814, 0.0000
0.2814, 0.0000
0.2814, 0.0000
0.2814, 0.0000
0.2814, 0.0000
0.2814, 0.0000
0.2814, 0.0000
0.2857, 0.0000
0.2857, 0.0000
0.2857, 0.0000
0.2857, 0.0000
0.2857, 0.0000
0.2857, 0.0000
0.2857, 0.0000
0.2857, 0.0000
0.2857, 0.0000
0.2857, 0.0000
0.2857, 0.0000
0.2857, 0.0000
0.2857, 0.0000
0.2857, 0.0000
0.2857, 0.0000
0.2857, 0.0000
0.2857, 0.0000
0.2857, 0.0000
0.2857, 0.0000
0.2857, 0.0000
0.2900, 0.0000
0.2900, 0.0000
0.2900, 0.0000
0.2900, 0.0000
0.2900, 0.0000
0.2900, 0.0000
0.2900, 0.0000
0.2900, 0.0000
0.2900, 0.0000
0.2900, 0.0000
0.2900, 0.0000
0.2900, 0.0000
0.2900, 0.0000
0.2900, 0.0000
0.2900, 0.0000
0.2900, 0.0000
0.2900, 0.0000
0.2900, 0.0000
0.2900, 0.0000
0.2900, 0.0000
0.2900, 0.0000
0.2900, 0.0000
0.2944, 0.0000
0.2944, 0.0000
0.2944, 0.0000
0.2944, 0.0000
0.2944, 0.0000
0.2944, 0.0000
0.2944, 0.0000
0.2944, 0.0000
0.2944, 0.0000
0.2944, 0.0000
0.2944, 0.0000
0.2944, 0.0000
0.2944, 0.0000
0.2944, 0.0000
0.2944, 0.0000
0.2987, 0.0000
0.2987, 0.0000
0.2987, 0.0000
0.2987, 0.0000
0.2987, 0.0000
0.2987, 0.0000
0.2987, 0.0000
0.3030, 0.0000
0.3030, 0.0000
0.3030, 0.0000
0.3030, 0.0000
0.3030, 0.0000
0.3030, 0.0000
0.3030, 0.0000
0.3030, 0.0000
0.3030, 0.0000
0.3030, 0.0000
0.3030, 0.0000
0.3030, 0.0000
0.3030, 0.0000
0.3030, 0.0000
0.3030, 0.0000
0.3030, 0.0000
0.3030, 0.0000
0.3030, 0.0000
0.3030, 0.0000
0.3074, 0.0000
0.3074, 0.0000
0.3074, 0.0000
0.3074, 0.0000
0.3074, 0.0000
0.3074, 0.0000
0.3074, 0.0000
0.3117, 0.0000
0.3117, 0.0000
0.3117, 0.0000
0.3117, 0.0000
0.3117, 0.0000
0.3117, 0.0000
0.3117, 0.0000
0.3117, 0.0000
0.3117, 0.0000
0.3117, 0.0000
0.3117, 0.0000
0.3160, 0.0000
0.3160, 0.0000
0.3160, 0.0000
0.3160, 0.0000
0.3160, 0.0000
0.3160, 0.0000
0.3160, 0.0000
0.3160, 0.0000
0.3160, 0.0000
0.3160, 0.0000
0.3160, 0.0000
0.3160, 0.0000
0.3160, 0.0000
0.3160, 0.0000
0.3160, 0.0000
0.3160, 0.0000
0.3160, 0.0000
0.3160, 0.0000
0.3160, 0.0000
0.3160, 0.0000
0.3160, 0.0000
0.3160, 0.0000
0.3160, 0.0000
0.3203, 0.0000
0.3203, 0.0000
0.3203, 0.0000
0.3203, 0.0000
0.3203, 0.0000
0.3203, 0.0000
0.3203, 0.0000
0.3203, 0.0000
0.3203, 0.0000
0.3203, 0.0000
0.3203, 0.0000
0.3247, 0.0000
0.3247, 0.0000
0.3247, 0.0000
0.3247, 0.0000
0.3247, 0.0000
0.3247, 0.0000
0.3247, 0.0000
0.3247, 0.0000
0.3247, 0.0000
0.3247, 0.0000
0.3247, 0.0000
0.3247, 0.0000
0.3247, 0.0000
0.3247, 0.0000
0.3290, 0.0000
0.3290, 0.0000
0.3290, 0.0000
0.3290, 0.0000
0.3290, 0.0000
0.3290, 0.0000
0.3290, 0.0000
0.3333, 0.0000
0.3333, 0.0000
0.3333, 0.0000
0.3333, 0.0000
0.3333, 0.0000
0.3333, 0.0000
0.3333, 0.0000
0.3333, 0.0000
0.3333, 0.0000
0.3333, 0.0000
0.3333, 0.0000
0.3377, 0.0000
0.3377, 0.0000
0.3377, 0.0000
0.3377, 0.0000
0.3377, 0.0000
0.3377, 0.0000
0.3377, 0.0000
0.3377, 0.0000
0.3377, 0.0000
0.3377, 0.0000
0.3377, 0.0000
0.3377, 0.0000
0.3377, 0.0000
0.3377, 0.0000
0.3377, 0.0000
0.3420, 0.0000
0.3420, 0.0000
0.3420, 0.0000
0.3420, 0.0000
0.3420, 0.0000
0.3420, 0.0000
0.3420, 0.0000
0.3420, 0.0000
0.3420, 0.0000
0.3420, 0.0000
0.3420, 0.0000
0.3463, 0.0000
0.3463, 0.0000
0.3463, 0.0000
0.3463, 0.0000
0.3463, 0.0000
0.3463, 0.0000
0.3463, 0.0000
0.3463, 0.0000
0.3463, 0.0000
0.3463, 0.0000
0.3463, 0.0000
0.3463, 0.0000
0.3463, 0.0000
0.3463, 0.0000
0.3463, 0.0000
0.3506, 0.0000
0.3506, 0.0000
0.3506, 0.0000
0.3506, 0.0000
0.3506, 0.0000
0.3506, 0.0000
0.3506, 0.0000
0.3506, 0.0000
0.3506, 0.0000
0.3506, 0.0000
0.3506, 0.0000
0.3550, 0.0000
0.3550, 0.0000
0.3550, 0.0000
0.3550, 0.0000
0.3550, 0.0000
0.3550, 0.0000
0.3550, 0.0000
0.3550, 0.0000
0.3550, 0.0000
0.3550, 0.0000
0.3550, 0.0000
0.3550, 0.0000
0.3550, 0.0000
0.3550, 0.0000
0.3550, 0.0000
0.3550, 0.0000
0.3550, 0.0000
0.3550, 0.0000
0.3550, 0.0000
0.3550, 0.0000
0.3550, 0.0000
0.3593, 0.0000
0.3593, 0.0000
0.3593, 0.0000
0.3593, 0.0000
0.3593, 0.0000
0.3593, 0.0000
0.3593, 0.0000
0.3636, 0.0000
0.3636, 0.0000
0.3636, 0.0000
0.3636, 0.0000
0.3636, 0.0000
0.3636, 0.0000
0.3636, 0.0000
0.3636, 0.0000
0.3636, 0.0000
0.3636, 0.0000
0.3680, 0.0000
0.3680, 0.0000
0.3680, 0.0000
0.3680, 0.0000
0.3680, 0.0000
0.3680, 0.0000
0.3680, 0.0000
0.3680, 0.0000
0.3680, 0.0000
0.3680, 0.0000
0.3680, 0.0000
0.3680, 0.0000
0.3680, 0.0000
0.3680, 0.0000
0.3680, 0.0000
0.3680, 0.0000
0.3680, 0.0000
0.3723, 0.0000
0.3723, 0.0000
0.3723, 0.0000
0.3723, 0.0000
0.3723, 0.0000
0.3723, 0.0000
0.3723, 0.0000
0.3766, 0.0000
0.3766, 0.0000
0.3766, 0.0000
0.3766, 0.0000
0.3766, 0.0000
0.3766, 0.0000
0.3766, 0.0000
0.3766, 0.0000
0.3766, 0.0000
0.3766, 0.0000
0.3810, 0.0000
0.3810, 0.0000
0.3810, 0.0000
0.3810, 0.0000
0.3810, 0.0000
0.3810, 0.0000
0.3810, 0.0000
0.3853, 0.0000
0.3853, 0.0000
0.3853, 0.0000
0.3853, 0.0000
0.3853, 0.0000
0.3853, 0.0000
0.3853, 0.0000
0.3896, 0.0000
0.3896, 0.0000
0.3896, 0.0000
0.3896, 0.0000
0.3896, 0.0000
0.3896, 0.0000
0.3896, 0.0000
0.3896, 0.0000
0.3896, 0.0000
0.3896, 0.0000
0.3896, 0.0000
0.3896, 0.0000
0.3896, 0.0000
0.3896, 0.0000
0.3939, 0.0000
0.3939, 0.0000
0.3939, 0.0000
0.3939, 0.0031
0.3939, 0.0031
0.3939, 0.0031
0.3983, 0.0031
0.3983, 0.0031
0.3983, 0.0031
0.3983, 0.0031
0.3983, 0.0031
0.3983, 0.0031
0.3983, 0.0031
0.3983, 0.0031
0.3983, 0.0031
0.3983, 0.0031
0.3983, 0.0031
0.3983, 0.0031
0.3983, 0.0031
0.3983, 0.0031
0.4026, 0.0031
0.4026, 0.0031
0.4026, 0.0031
0.4026, 0.0031
0.4026, 0.0031
0.4026, 0.0031
0.4026, 0.0031
0.4069, 0.0031
0.4069, 0.0031
0.4069, 0.0031
0.4069, 0.0031
0.4069, 0.0031
0.4069, 0.0031
0.4113, 0.0031
0.4113, 0.0031
0.4113, 0.0031
0.4113, 0.0031
0.4113, 0.0031
0.4113, 0.0031
0.4113, 0.0031
0.4113, 0.0031
0.4113, 0.0031
0.4113, 0.0031
0.4113, 0.0031
0.4113, 0.0031
0.4113, 0.0031
0.4113, 0.0031
0.4113, 0.0031
0.4113, 0.0031
0.4113, 0.0031
0.4113, 0.0031
0.4156, 0.0031
0.4156, 0.0031
0.4156, 0.0031
0.4156, 0.0031
0.4156, 0.0031
0.4156, 0.0031
0.4156, 0.0031
0.4199, 0.0062
0.4199, 0.0062
0.4199, 0.0062
0.4199, 0.0062
0.4199, 0.0062
0.4199, 0.0062
0.4199, 0.0062
0.4199, 0.0062
0.4199, 0.0062
0.4199, 0.0062
0.4199, 0.0062
0.4242, 0.0062
0.4242, 0.0062
0.4242, 0.0062
0.4242, 0.0062
0.4242, 0.0062
0.4242, 0.0062
0.4286, 0.0062
0.4286, 0.0062
0.4286, 0.0062
0.4286, 0.0062
0.4286, 0.0062
0.4286, 0.0062
0.4286, 0.0062
0.4329, 0.0062
0.4329, 0.0062
0.4329, 0.0062
0.4329, 0.0093
0.4329, 0.0093
0.4329, 0.0093
0.4329, 0.0093
0.4329, 0.0093
0.4329, 0.0093
0.4329, 0.0093
0.4329, 0.0093
0.4329, 0.0093
0.4329, 0.0093
0.4329, 0.0093
0.4329, 0.0093
0.4329, 0.0093
0.4329, 0.0093
0.4372, 0.0093
0.4372, 0.0093
0.4372, 0.0093
0.4372, 0.0093
0.4372, 0.0093
0.4372, 0.0093
0.4372, 0.0093
0.4416, 0.0093
0.4416, 0.0093
0.4416, 0.0093
0.4416, 0.0093
0.4416, 0.0093
0.4416, 0.0093
0.4416, 0.0093
0.4416, 0.0093
0.4416, 0.0093
0.4416, 0.0093
0.4459, 0.0093
0.4459, 0.0093
0.4459, 0.0093
0.4502, 0.0093
0.4502, 0.0093
0.4502, 0.0093
0.4502, 0.0093
0.4545, 0.0093
0.4545, 0.0093
0.4545, 0.0093
0.4545, 0.0093
0.4545, 0.0093
0.4545, 0.0093
0.4545, 0.0093
0.4545, 0.0093
0.4545, 0.0093
0.4545, 0.0093
0.4545, 0.0123
0.4545, 0.0123
0.4545, 0.0123
0.4589, 0.0123
0.4589, 0.0123
0.4589, 0.0123
0.4589, 0.0123
0.4589, 0.0123
0.4589, 0.0123
0.4589, 0.0123
0.4632, 0.0123
0.4632, 0.0123
0.4632, 0.0123
0.4632, 0.0123
0.4632, 0.0123
0.4632, 0.0123
0.4632, 0.0123
0.4632, 0.0123
0.4632, 0.0123
0.4632, 0.0123
0.4632, 0.0154
0.4632, 0.0154
0.4632, 0.0154
0.4632, 0.0154
0.4675, 0.0154
0.4675, 0.0154
0.4675, 0.0154
0.4675, 0.0154
0.4675, 0.0154
0.4675, 0.0154
0.4719, 0.0154
0.4719, 0.0154
0.4719, 0.0154
0.4762, 0.0154
0.4762, 0.0154
0.4762, 0.0154
0.4762, 0.0154
0.4762, 0.0185
0.4762, 0.0185
0.4762, 0.0185
0.4762, 0.0185
0.4762, 0.0185
0.4762, 0.0185
0.4805, 0.0185
0.4805, 0.0185
0.4805, 0.0185
0.4805, 0.0185
0.4805, 0.0185
0.4805, 0.0185
0.4805, 0.0185
0.4848, 0.0185
0.4848, 0.0185
0.4848, 0.0185
0.4848, 0.0185
0.4848, 0.0185
0.4848, 0.0185
0.4848, 0.0185
0.4848, 0.0185
0.4848, 0.0185
0.4848, 0.0185
0.4848, 0.0185
0.4848, 0.0185
0.4848, 0.0185
0.4892, 0.0185
0.4892, 0.0185
0.4892, 0.0185
0.4892, 0.0185
0.4892, 0.0185
0.4892, 0.0185
0.4892, 0.0185
0.4935, 0.0216
0.4935, 0.0216
0.4935, 0.0216
0.4935, 0.0216
0.4935, 0.0216
0.4935, 0.0216
0.4935, 0.0216
0.4935, 0.0216
0.4935, 0.0216
0.4935, 0.0216
0.4978, 0.0216
0.4978, 0.0216
0.4978, 0.0216
0.4978, 0.0247
0.4978, 0.0247
0.4978, 0.0247
0.5022, 0.0247
0.5022, 0.0247
0.5022, 0.0247
0.5065, 0.0247
0.5065, 0.0247
0.5065, 0.0247
0.5065, 0.0247
0.5065, 0.0247
0.5065, 0.0247
0.5065, 0.0247
0.5065, 0.0247
0.5065, 0.0247
0.5065, 0.0247
0.5065, 0.0247
0.5065, 0.0247
0.5065, 0.0247
0.5065, 0.0247
0.5108, 0.0247
0.5108, 0.0247
0.5108, 0.0247
0.5108, 0.0247
0.5108, 0.0247
0.5108, 0.0247
0.5108, 0.0247
0.5152, 0.0247
0.5152, 0.0247
0.5152, 0.0247
0.5152, 0.0278
0.5152, 0.0278
0.5152, 0.0278
0.5152, 0.0278
0.5152, 0.0278
0.5152, 0.0278
0.5195, 0.0278
0.5195, 0.0278
0.5195, 0.0278
0.5195, 0.0278
0.5195, 0.0278
0.5195, 0.0278
0.5195, 0.0278
0.5238, 0.0278
0.5238, 0.0278
0.5238, 0.0278
0.5238, 0.0278
0.5238, 0.0278
0.5238, 0.0278
0.5281, 0.0309
0.5281, 0.0309
0.5281, 0.0309
0.5281, 0.0309
0.5281, 0.0309
0.5281, 0.0309
0.5281, 0.0309
0.5281, 0.0309
0.5281, 0.0309
0.5281, 0.0309
0.5281, 0.0309
0.5281, 0.0309
0.5281, 0.0309
0.5281, 0.0309
0.5325, 0.0309
0.5325, 0.0309
0.5325, 0.0309
0.5368, 0.0309
0.5368, 0.0309
0.5368, 0.0309
0.5368, 0.0309
0.5368, 0.0309
0.5368, 0.0309
0.5368, 0.0340
0.5368, 0.0340
0.5368, 0.0340
0.5368, 0.0340
0.5368, 0.0340
0.5368, 0.0340
0.5368, 0.0340
0.5411, 0.0340
0.5411, 0.0340
0.5411, 0.0340
0.5455, 0.0340
0.5455, 0.0340
0.5455, 0.0340
0.5455, 0.0340
0.5455, 0.0340
0.5455, 0.0340
0.5455, 0.0340
0.5455, 0.0340
0.5455, 0.0340
0.5455, 0.0340
0.5498, 0.0340
0.5498, 0.0340
0.5498, 0.0340
0.5498, 0.0340
0.5498, 0.0340
0.5498, 0.0340
0.5498, 0.0340
0.5498, 0.0340
0.5498, 0.0340
0.5498, 0.0340
0.5498, 0.0340
0.5498, 0.0340
0.5498, 0.0340
0.5541, 0.0340
0.5541, 0.0340
0.5541, 0.0340
0.5584, 0.0340
0.5584, 0.0340
0.5584, 0.0340
0.5584, 0.0340
0.5584, 0.0340
0.5584, 0.0340
0.5584, 0.0370
0.5584, 0.0370
0.5584, 0.0370
0.5584, 0.0370
0.5584, 0.0370
0.5584, 0.0370
0.5628, 0.0370
0.5628, 0.0370
0.5628, 0.0370
0.5628, 0.0370
0.5628, 0.0370
0.5628, 0.0370
0.5628, 0.0370
0.5671, 0.0370
0.5671, 0.0370
0.5671, 0.0370
0.5671, 0.0401
0.5671, 0.0401
0.5671, 0.0401
0.5714, 0.0401
0.5714, 0.0401
0.5714, 0.0401
0.5714, 0.0401
0.5714, 0.0401
0.5714, 0.0401
0.5714, 0.0401
0.5714, 0.0401
0.5714, 0.0401
0.5714, 0.0401
0.5714, 0.0401
0.5714, 0.0401
0.5714, 0.0401
0.5714, 0.0401
0.5714, 0.0401
0.5714, 0.0401
0.5758, 0.0401
0.5758, 0.0401
0.5758, 0.0401
0.5801, 0.0401
0.5801, 0.0401
0.5801, 0.0401
0.5801, 0.0401
0.5801, 0.0401
0.5801, 0.0401
0.5801, 0.0401
0.5801, 0.0401
0.5801, 0.0401
0.5801, 0.0401
0.5801, 0.0401
0.5801, 0.0401
0.5801, 0.0401
0.5844, 0.0432
0.5844, 0.0432
0.5844, 0.0432
0.5844, 0.0432
0.5844, 0.0432
0.5844, 0.0432
0.5844, 0.0432
0.5887, 0.0432
0.5887, 0.0432
0.5887, 0.0432
0.5931, 0.0432
0.5931, 0.0432
0.5931, 0.0432
0.5931, 0.0432
0.5931, 0.0432
0.5931, 0.0432
0.5931, 0.0432
0.5931, 0.0432
0.5931, 0.0432
0.5931, 0.0432
0.5931, 0.0463
0.5931, 0.0463
0.5931, 0.0463
0.5974, 0.0463
0.5974, 0.0463
0.5974, 0.0463
0.5974, 0.0463
0.5974, 0.0463
0.5974, 0.0463
0.6017, 0.0463
0.6017, 0.0463
0.6017, 0.0463
0.6017, 0.0463
0.6017, 0.0463
0.6017, 0.0463
0.6017, 0.0463
0.6017, 0.0463
0.6017, 0.0463
0.6061, 0.0463
0.6061, 0.0463
0.6061, 0.0463
0.6061, 0.0463
0.6104, 0.0463
0.6104, 0.0463
0.6104, 0.0463
0.6104, 0.0463
0.6104, 0.0463
0.6104, 0.0463
0.6104, 0.0463
0.6104, 0.0463
0.6104, 0.0463
0.6147, 0.0463
0.6147, 0.0463
0.6147, 0.0463
0.6147, 0.0463
0.6147, 0.0463
0.6147, 0.0463
0.6147, 0.0463
0.6147, 0.0494
0.6147, 0.0494
0.6147, 0.0494
0.6147, 0.0494
0.6147, 0.0494
0.6147, 0.0494
0.6190, 0.0494
0.6190, 0.0494
0.6190, 0.0494
0.6234, 0.0494
0.6234, 0.0494
0.6234, 0.0494
0.6234, 0.0494
0.6234, 0.0494
0.6234, 0.0494
0.6234, 0.0525
0.6234, 0.0525
0.6234, 0.0525
0.6234, 0.0525
0.6234, 0.0525
0.6234, 0.0525
0.6277, 0.0525
0.6277, 0.0525
0.6277, 0.0525
0.6277, 0.0525
0.6277, 0.0525
0.6277, 0.0525
0.6277, 0.0525
0.6277, 0.0525
0.6277, 0.0525
0.6277, 0.0525
0.6277, 0.0525
0.6277, 0.0525
0.6277, 0.0525
0.6320, 0.0525
0.6320, 0.0525
0.6320, 0.0525
0.6320, 0.0525
0.6320, 0.0525
0.6320, 0.0525
0.6320, 0.0525
0.6320, 0.0556
0.6320, 0.0556
0.6320, 0.0556
0.6320, 0.0556
0.6320, 0.0556
0.6320, 0.0556
0.6364, 0.0556
0.6364, 0.0556
0.6364, 0.0556
0.6364, 0.0556
0.6364, 0.0556
0.6364, 0.0556
0.6407, 0.0556
0.6407, 0.0556
0.6407, 0.0556
0.6450, 0.0556
0.6450, 0.0556
0.6450, 0.0556
0.6450, 0.0556
0.6450, 0.0556
0.6450, 0.0556
0.6450, 0.0556
0.6450, 0.0556
0.6450, 0.0556
0.6494, 0.0556
0.6494, 0.0556
0.6494, 0.0556
0.6537, 0.0556
0.6537, 0.0556
0.6537, 0.0556
0.6537, 0.0556
0.6537, 0.0556
0.6537, 0.0556
0.6537, 0.0556
0.6537, 0.0556
0.6537, 0.0556
0.6537, 0.0556
0.6580, 0.0556
0.6580, 0.0556
0.6580, 0.0556
0.6623, 0.0556
0.6623, 0.0556
0.6623, 0.0556
0.6623, 0.0556
0.6623, 0.0556
0.6623, 0.0556
0.6667, 0.0556
0.6667, 0.0556
0.6667, 0.0556
0.6667, 0.0556
0.6667, 0.0556
0.6667, 0.0556
0.6667, 0.0586
0.6667, 0.0586
0.6667, 0.0586
0.6667, 0.0586
0.6667, 0.0586
0.6667, 0.0586
0.6710, 0.0586
0.6710, 0.0586
0.6710, 0.0586
0.6710, 0.0586
0.6710, 0.0586
0.6710, 0.0586
0.6753, 0.0586
0.6753, 0.0586
0.6753, 0.0586
0.6753, 0.0586
0.6753, 0.0586
0.6753, 0.0586
0.6753, 0.0586
0.6753, 0.0586
0.6753, 0.0586
0.6797, 0.0586
0.6797, 0.0586
0.6797, 0.0586
0.6797, 0.0586
0.6797, 0.0586
0.6797, 0.0586
0.6840, 0.0586
0.6840, 0.0586
0.6840, 0.0586
0.6840, 0.0586
0.6840, 0.0586
0.6840, 0.0586
0.6883, 0.0586
0.6883, 0.0586
0.6883, 0.0586
0.6883, 0.0586
0.6883, 0.0586
0.6883, 0.0586
0.6883, 0.0586
0.6883, 0.0586
0.6883, 0.0586
0.6883, 0.0586
0.6883, 0.0617
0.6883, 0.0617
0.6883, 0.0617
0.6926, 0.0617
0.6926, 0.0617
0.6926, 0.0617
0.6970, 0.0617
0.6970, 0.0617
0.6970, 0.0617
0.6970, 0.0617
0.6970, 0.0617
0.6970, 0.0617
0.6970, 0.0617
0.6970, 0.0617
0.6970, 0.0617
0.6970, 0.0617
0.6970, 0.0617
0.6970, 0.0617
0.7013, 0.0617
0.7013, 0.0617
0.7013, 0.0617
0.7013, 0.0617
0.7013, 0.0617
0.7013, 0.0617
0.7013, 0.0617
0.7013, 0.0617
0.7013, 0.0617
0.7013, 0.0617
0.7056, 0.0617
0.7056, 0.0617
0.7056, 0.0617
0.7056, 0.0617
0.7056, 0.0617
0.7056, 0.0617
0.7100, 0.0617
0.7100, 0.0617
0.7100, 0.0617
0.7100, 0.0617
0.7100, 0.0617
0.7100, 0.0617
0.7100, 0.0617
0.7100, 0.0617
0.7100, 0.0617
0.7100, 0.0617
0.7143, 0.0617
0.7143, 0.0617
0.7143, 0.0617
0.7143, 0.0617
0.7143, 0.0617
0.7143, 0.0617
0.7186, 0.0617
0.7186, 0.0617
0.7186, 0.0617
0.7186, 0.0617
0.7186, 0.0617
0.7186, 0.0617
0.7186, 0.0617
0.7186, 0.0617
0.7186, 0.0617
0.7186, 0.0617
0.7229, 0.0617
0.7229, 0.0617
0.7229, 0.0617
0.7229, 0.0617
0.7229, 0.0617
0.7229, 0.0617
0.7273, 0.0617
0.7273, 0.0617
0.7273, 0.0617
0.7273, 0.0617
0.7273, 0.0617
0.7273, 0.0617
0.7316, 0.0617
0.7316, 0.0617
0.7316, 0.0617
0.7316, 0.0617
0.7316, 0.0617
0.7316, 0.0617
0.7316, 0.0617
0.7316, 0.0617
0.7316, 0.0617
0.7316, 0.0617
0.7316, 0.0617
0.7316, 0.0617
0.7316, 0.0617
0.7316, 0.0617
0.7316, 0.0617
0.7316, 0.0617
0.7316, 0.0617
0.7316, 0.0617
0.7316, 0.0617
0.7316, 0.0617
0.7316, 0.0617
0.7316, 0.0617
0.7316, 0.0617
0.7316, 0.0617
0.7316, 0.0617
0.7316, 0.0617
0.7316, 0.0617
0.7316, 0.0617
0.7316, 0.0617
0.7316, 0.0617
0.7359, 0.0617
0.7359, 0.0617
0.7359, 0.0617
0.7359, 0.0617
0.7359, 0.0617
0.7359, 0.0617
0.7359, 0.0617
0.7359, 0.0617
0.7359, 0.0617
0.7403, 0.0617
0.7403, 0.0617
0.7403, 0.0617
0.7403, 0.0617
0.7403, 0.0617
0.7403, 0.0617
0.7403, 0.0617
0.7403, 0.0617
0.7403, 0.0617
0.7403, 0.0648
0.7403, 0.0648
0.7403, 0.0648
0.7403, 0.0648
0.7403, 0.0648
0.7403, 0.0648
0.7403, 0.0648
0.7446, 0.0648
0.7446, 0.0648
0.7446, 0.0648
0.7446, 0.0648
0.7446, 0.0648
0.7446, 0.0648
0.7446, 0.0648
0.7446, 0.0648
0.7446, 0.0648
0.7446, 0.0648
0.7446, 0.0648
0.7446, 0.0648
0.7446, 0.0648
0.7489, 0.0648
0.7489, 0.0648
0.7489, 0.0648
0.7532, 0.0648
0.7532, 0.0648
0.7532, 0.0648
0.7532, 0.0648
0.7532, 0.0648
0.7576, 0.0679
0.7576, 0.0679
0.7576, 0.0679
0.7576, 0.0679
0.7576, 0.0679
0.7576, 0.0679
0.7576, 0.0679
0.7619, 0.0679
0.7619, 0.0679
0.7619, 0.0679
0.7619, 0.0679
0.7619, 0.0679
0.7619, 0.0679
0.7619, 0.0679
0.7619, 0.0679
0.7619, 0.0679
0.7619, 0.0679
0.7619, 0.0679
0.7619, 0.0679
0.7619, 0.0679
0.7619, 0.0679
0.7662, 0.0679
0.7662, 0.0679
0.7662, 0.0679
0.7662, 0.0679
0.7662, 0.0679
0.7662, 0.0679
0.7706, 0.0679
0.7706, 0.0679
0.7706, 0.0679
0.7706, 0.0679
0.7706, 0.0679
0.7706, 0.0679
0.7706, 0.0679
0.7706, 0.0679
0.7706, 0.0679
0.7706, 0.0679
0.7706, 0.0679
0.7706, 0.0679
0.7706, 0.0679
0.7706, 0.0679
0.7706, 0.0679
0.7706, 0.0679
0.7706, 0.0679
0.7706, 0.0679
0.7706, 0.0679
0.7706, 0.0679
0.7706, 0.0679
0.7706, 0.0679
0.7706, 0.0679
0.7706, 0.0679
0.7706, 0.0679
0.7706, 0.0679
0.7706, 0.0679
0.7706, 0.0679
0.7706, 0.0679
0.7706, 0.0679
0.7706, 0.0679
0.7706, 0.0679
0.7749, 0.0710
0.7749, 0.0710
0.7749, 0.0710
0.7749, 0.0710
0.7749, 0.0710
0.7749, 0.0710
0.7749, 0.0710
0.7749, 0.0710
0.7749, 0.0710
0.7792, 0.0710
0.7792, 0.0710
0.7792, 0.0710
0.7792, 0.0710
0.7792, 0.0710
0.7792, 0.0710
0.7792, 0.0710
0.7792, 0.0710
0.7792, 0.0710
0.7792, 0.0710
0.7792, 0.0710
0.7792, 0.0710
0.7835, 0.0710
0.7835, 0.0710
0.7835, 0.0710
0.7835, 0.0710
0.7835, 0.0710
0.7835, 0.0710
0.7835, 0.0710
0.7835, 0.0710
0.7835, 0.0710
0.7835, 0.0710
0.7835, 0.0710
0.7835, 0.0710
0.7835, 0.0710
0.7835, 0.0710
0.7835, 0.0710
0.7835, 0.0710
0.7835, 0.0710
0.7835, 0.0710
0.7835, 0.0710
0.7835, 0.0710
0.7835, 0.0710
0.7835, 0.0710
0.7835, 0.0710
0.7835, 0.0710
0.7835, 0.0710
0.7835, 0.0710
0.7835, 0.0710
0.7879, 0.0710
0.7879, 0.0710
0.7879, 0.0710
0.7879, 0.0710
0.7879, 0.0710
0.7879, 0.0710
0.7879, 0.0710
0.7879, 0.0710
0.7879, 0.0710
0.7879, 0.0710
0.7879, 0.0710
0.7879, 0.0710
0.7922, 0.0710
0.7922, 0.0710
0.7922, 0.0710
0.7922, 0.0710
0.7922, 0.0710
0.7922, 0.0710
0.7922, 0.0710
0.7922, 0.0710
0.7922, 0.0710
0.7922, 0.0710
0.7922, 0.0710
0.7922, 0.0710
0.7922, 0.0710
0.7922, 0.0710
0.7922, 0.0710
0.7922, 0.0710
0.7922, 0.0710
0.7922, 0.0710
0.7965, 0.0710
0.7965, 0.0710
0.7965, 0.0710
0.7965, 0.0710
0.7965, 0.0710
0.7965, 0.0710
0.8009, 0.0710
0.8009, 0.0710
0.8009, 0.0710
0.8009, 0.0710
0.8009, 0.0710
0.8009, 0.0710
0.8052, 0.0710
0.8052, 0.0710
0.8052, 0.0710
0.8052, 0.0710
0.8052, 0.0710
0.8052, 0.0710
0.8052, 0.0710
0.8052, 0.0710
0.8052, 0.0710
0.8052, 0.0710
0.8052, 0.0710
0.8052, 0.0710
0.8052, 0.0710
0.8052, 0.0710
0.8052, 0.0710
0.8052, 0.0710
0.8052, 0.0710
0.8052, 0.0710
0.8095, 0.0710
0.8095, 0.0710
0.8095, 0.0710
0.8095, 0.0710
0.8095, 0.0710
0.8095, 0.0710
0.8095, 0.0710
0.8095, 0.0710
0.8095, 0.0710
0.8095, 0.0710
0.8095, 0.0710
0.8095, 0.0710
0.8139, 0.0710
0.8139, 0.0710
0.8139, 0.0710
0.8139, 0.0710
0.8139, 0.0710
0.8139, 0.0710
0.8139, 0.0710
0.8139, 0.0710
0.8139, 0.0710
0.8139, 0.0710
0.8139, 0.0710
0.8139, 0.0710
0.8139, 0.0710
0.8139, 0.0710
0.8139, 0.0710
0.8182, 0.0710
0.8182, 0.0710
0.8182, 0.0710
0.8182, 0.0710
0.8182, 0.0710
0.8182, 0.0710
0.8182, 0.0710
0.8182, 0.0710
0.8182, 0.0710
0.8225, 0.0710
0.8225, 0.0710
0.8225, 0.0710
0.8225, 0.0710
0.8225, 0.0710
0.8225, 0.0710
0.8225, 0.0710
0.8225, 0.0710
0.8225, 0.0710
0.8225, 0.0710
0.8225, 0.0710
0.8225, 0.0710
0.8268, 0.0710
0.8268, 0.0710
0.8268, 0.0710
0.8268, 0.0710
0.8268, 0.0710
0.8268, 0.0710
0.8268, 0.0710
0.8268, 0.0710
0.8268, 0.0710
0.8268, 0.0710
0.8268, 0.0710
0.8268, 0.0679
0.8268, 0.0679
0.8268, 0.0679
0.8268, 0.0679
0.8268, 0.0679
0.8268, 0.0679
0.8312, 0.0679
0.8312, 0.0679
0.8312, 0.0679
0.8312, 0.0679
0.8312, 0.0679
0.8312, 0.0679
0.8312, 0.0679
0.8312, 0.0679
0.8312, 0.0679
0.8312, 0.0679
0.8312, 0.0679
0.8312, 0.0679
0.8355, 0.0679
0.8355, 0.0679
0.8355, 0.0679
0.8355, 0.0679
0.8355, 0.0679
0.8355, 0.0679
0.8355, 0.0679
0.8355, 0.0679
0.8355, 0.0679
0.8355, 0.0648
0.8355, 0.0648
0.8355, 0.0648
0.8355, 0.0648
0.8355, 0.0648
0.8355, 0.0648
0.8398, 0.0648
0.8398, 0.0648
0.8398, 0.0648
0.8398, 0.0648
0.8398, 0.0648
0.8442, 0.0648
0.8442, 0.0648
0.8442, 0.0648
0.8442, 0.0648
0.8442, 0.0648
0.8442, 0.0648
0.8485, 0.0648
0.8485, 0.0648
0.8485, 0.0648
0.8485, 0.0648
0.8485, 0.0648
0.8485, 0.0648
0.8485, 0.0648
0.8485, 0.0648
0.8485, 0.0648
0.8485, 0.0648
0.8485, 0.0648
0.8485, 0.0648
0.8485, 0.0648
0.8485, 0.0648
0.8485, 0.0648
0.8485, 0.0648
0.8485, 0.0648
0.8485, 0.0648
0.8528, 0.0648
0.8528, 0.0648
0.8528, 0.0648
0.8528, 0.0648
0.8528, 0.0648
0.8528, 0.0648
0.8528, 0.0648
0.8528, 0.0648
0.8571, 0.0648
0.8571, 0.0648
0.8571, 0.0648
0.8571, 0.0648
0.8571, 0.0648
0.8571, 0.0648
0.8571, 0.0617
0.8571, 0.0617
0.8571, 0.0617
0.8571, 0.0617
0.8571, 0.0617
0.8615, 0.0617
0.8615, 0.0617
0.8615, 0.0617
0.8615, 0.0617
0.8615, 0.0617
0.8615, 0.0617
0.8658, 0.0617
0.8658, 0.0617
0.8658, 0.0617
0.8658, 0.0617
0.8658, 0.0617
0.8658, 0.0617
0.8701, 0.0586
0.8701, 0.0586
0.8701, 0.0586
0.8701, 0.0586
0.8701, 0.0586
0.8701, 0.0586
0.8701, 0.0586
0.8701, 0.0586
0.8745, 0.0586
0.8745, 0.0586
0.8745, 0.0586
0.8745, 0.0586
0.8745, 0.0586
0.8745, 0.0586
0.8788, 0.0586
0.8788, 0.0586
0.8788, 0.0586
0.8788, 0.0586
0.8788, 0.0586
0.8788, 0.0586
0.8788, 0.0586
0.8788, 0.0586
0.8831, 0.0586
0.8831, 0.0586
0.8831, 0.0586
0.8831, 0.0586
0.8831, 0.0586
0.8831, 0.0586
0.8874, 0.0556
0.8874, 0.0556
0.8874, 0.0556
0.8874, 0.0556
0.8874, 0.0556
0.8918, 0.0556
0.8918, 0.0556
0.8918, 0.0556
0.8918, 0.0556
0.8918, 0.0556
0.8918, 0.0556
0.8918, 0.0556
0.8918, 0.0556
0.8918, 0.0556
0.8918, 0.0556
0.8918, 0.0556
0.8918, 0.0556
0.8961, 0.0525
0.8961, 0.0525
0.8961, 0.0525
0.8961, 0.0525
0.8961, 0.0525
0.9004, 0.0525
0.9004, 0.0525
0.9004, 0.0525
0.9004, 0.0525
0.9004, 0.0525
0.9004, 0.0525
0.9004, 0.0525
0.9004, 0.0525
0.9004, 0.0494
0.9004, 0.0494
0.9004, 0.0494
0.9048, 0.0494
0.9048, 0.0494
0.9048, 0.0494
0.9048, 0.0494
0.9048, 0.0494
0.9091, 0.0494
0.9091, 0.0494
0.9091, 0.0494
0.9091, 0.0494
0.9091, 0.0494
0.9091, 0.0494
0.9091, 0.0494
0.9091, 0.0494
0.9134, 0.0494
0.9134, 0.0494
0.9134, 0.0494
0.9134, 0.0494
0.9134, 0.0494
0.9134, 0.0494
0.9177, 0.0463
0.9177, 0.0463
0.9177, 0.0463
0.9221, 0.0463
0.9221, 0.0463
0.9221, 0.0463
0.9221, 0.0463
0.9221, 0.0463
0.9221, 0.0463
0.9221, 0.0463
0.9221, 0.0463
0.9221, 0.0463
0.9221, 0.0463
0.9221, 0.0463
0.9221, 0.0432
0.9221, 0.0432
0.9221, 0.0432
0.9264, 0.0432
0.9264, 0.0432
0.9264, 0.0432
0.9264, 0.0432
0.9264, 0.0432
0.9264, 0.0432
0.9307, 0.0432
0.9307, 0.0432
0.9307, 0.0432
0.9307, 0.0432
0.9307, 0.0432
0.9307, 0.0432
0.9307, 0.0432
0.9307, 0.0432
0.9307, 0.0432
0.9307, 0.0432
0.9307, 0.0432
0.9307, 0.0432
0.9307, 0.0432
0.9351, 0.0432
0.9351, 0.0432
0.9351, 0.0432
0.9351, 0.0432
0.9351, 0.0432
0.9351, 0.0432
0.9394, 0.0401
0.9394, 0.0401
0.9394, 0.0401
0.9394, 0.0401
0.9394, 0.0401
0.9437, 0.0401
0.9437, 0.0401
0.9437, 0.0401
0.9437, 0.0401
0.9437, 0.0401
0.9437, 0.0401
0.9437, 0.0370
0.9437, 0.0370
0.9437, 0.0370
0.9437, 0.0370
0.9437, 0.0370
0.9437, 0.0370
0.9481, 0.0370
0.9481, 0.0370
0.9524, 0.0370
0.9524, 0.0370
0.9524, 0.0370
0.9524, 0.0370
0.9524, 0.0370
0.9524, 0.0370
0.9524, 0.0370
0.9524, 0.0370
0.9524, 0.0370
0.9524, 0.0370
0.9524, 0.0370
0.9524, 0.0370
0.9524, 0.0370
0.9524, 0.0370
0.9524, 0.0370
0.9524, 0.0370
0.9524, 0.0370
0.9567, 0.0370
0.9567, 0.0370
0.9567, 0.0370
0.9567, 0.0370
0.9567, 0.0370
0.9567, 0.0370
0.9567, 0.0340
0.9567, 0.0340
0.9567, 0.0340
0.9610, 0.0340
0.9610, 0.0340
0.9610, 0.0340
0.9610, 0.0340
0.9610, 0.0340
0.9610, 0.0340
0.9654, 0.0340
0.9654, 0.0340
0.9654, 0.0309
0.9654, 0.0309
0.9654, 0.0309
0.9654, 0.0309
0.9654, 0.0309
0.9654, 0.0309
0.9654, 0.0309
0.9654, 0.0309
0.9654, 0.0309
0.9654, 0.0309
0.9654, 0.0309
0.9654, 0.0278
0.9654, 0.0278
0.9654, 0.0278
0.9697, 0.0278
0.9697, 0.0278
0.9697, 0.0278
0.9697, 0.0278
0.9697, 0.0278
0.9740, 0.0278
0.9740, 0.0278
0.9740, 0.0278
0.9740, 0.0278
0.9740, 0.0278
0.9740, 0.0278
0.9740, 0.0278
0.9740, 0.0278
0.9740, 0.0278
0.9740, 0.0247
0.9740, 0.0247
0.9784, 0.0247
0.9784, 0.0247
0.9784, 0.0247
0.9784, 0.0247
0.9784, 0.0247
0.9784, 0.0247
0.9784, 0.0247
0.9784, 0.0247
0.9827, 0.0216
0.9827, 0.0216
0.9827, 0.0216
0.9827, 0.0216
0.9827, 0.0216
0.9827, 0.0216
0.9827, 0.0216
0.9827, 0.0216
0.9827, 0.0216
0.9827, 0.0216
0.9827, 0.0216
0.9870, 0.0216
0.9870, 0.0216
0.9870, 0.0216
0.9870, 0.0216
0.9870, 0.0216
0.9870, 0.0216
0.9870, 0.0216
0.9870, 0.0216
0.9870, 0.0216
0.9870, 0.0185
0.9870, 0.0185
0.9913, 0.0185
0.9913, 0.0185
0.9913, 0.0185
0.9913, 0.0185
0.9913, 0.0185
0.9913, 0.0185
0.9913, 0.0185
0.9913, 0.0185
0.9913, 0.0185
0.9957, 0.0154
0.9957, 0.0154
0.9957, 0.0154
0.9957, 0.0154
0.9957, 0.0154
0.9957, 0.0154
0.9957, 0.0154
0.9957, 0.0154
0.9957, 0.0154
0.9957, 0.0154
0.9957, 0.0154
0.9957, 0.0154
0.9957, 0.0154
0.9957, 0.0154
0.9957, 0.0154
0.9957, 0.0154
0.9957, 0.0154
0.9957, 0.0154
0.9957, 0.0154
0.9957, 0.0154
0.9957, 0.0154
0.9957, 0.0154
0.9957, 0.0154
0.9957, 0.0154
0.9957, 0.0154
0.9957, 0.0154
0.9957, 0.0154
0.9957, 0.0154
0.9957, 0.0154
0.9957, 0.0154
0.9957, 0.0154
0.9957, 0.0154
0.9957, 0.0154
0.9957, 0.0154
0.9957, 0.0154
0.9957, 0.0154
0.9957, 0.0154
0.9957, 0.0154
0.9957, 0.0154
0.9957, 0.0154
0.9957, 0.0123
0.9957, 0.0123
0.9957, 0.0123
0.9957, 0.0123
0.9957, 0.0123
0.9957, 0.0123
1.0000, 0.0123
1.0000, 0.0123
1.0000, 0.0123
1.0000, 0.0123
1.0000, 0.0123
1.0000, 0.0123
1.0000, 0.0123
1.0000, 0.0123
1.0000, 0.0123
1.0000, 0.0123
1.0000, 0.0123
1.0000, 0.0123
1.0000, 0.0123
1.0000, 0.0123
1.0000, 0.0123
1.0000, 0.0123
1.0000, 0.0123
1.0000, 0.0123
1.0000, 0.0123
1.0000, 0.0123
1.0000, 0.0123
1.0000, 0.0123
1.0000, 0.0123
1.0000, 0.0123
1.0000, 0.0123
1.0000, 0.0123
1.0000, 0.0123
1.0000, 0.0123
1.0000, 0.0123
1.0000, 0.0123
1.0000, 0.0123
1.0000, 0.0123
1.0000, 0.0123
1.0000, 0.0123
1.0000, 0.0123
1.0000, 0.0123
1.0000, 0.0123
1.0000, 0.0123
1.0000, 0.0123
1.0000, 0.0123
1.0000, 0.0123
1.0000, 0.0123
1.0000, 0.0123
1.0000, 0.0123
1.0000, 0.0123
1.0000, 0.0123
1.0000, 0.0123
1.0000, 0.0123
1.0000, 0.0123
1.0000, 0.0123
1.0000, 0.0123
1.0000, 0.0123
1.0000, 0.0123
1.0000, 0.0123
1.0000, 0.0123
1.0000, 0.0123
1.0000, 0.0123
1.0000, 0.0123
1.0000, 0.0123
1.0000, 0.0123
1.0000, 0.0123
1.0000, 0.0123
1.0000, 0.0123
1.0000, 0.0123
1.0000, 0.0123
1.0000, 0.0123
1.0000, 0.0123
1.0000, 0.0123
1.0000, 0.0123
1.0000, 0.0123
1.0000, 0.0123
1.0000, 0.0123
1.0000, 0.0123
1.0000, 0.0123
1.0000, 0.0123
1.0000, 0.0123
1.0000, 0.0123
1.0000, 0.0123
1.0000, 0.0123
1.0000, 0.0123
1.0000, 0.0123
1.0000, 0.0123
1.0000, 0.0123
1.0000, 0.0123
1.0000, 0.0123
1.0000, 0.0123
1.0000, 0.0123
1.0000, 0.0123
1.0000, 0.0123
1.0000, 0.0123
1.0000, 0.0123
1.0000, 0.0123
1.0000, 0.0123
1.0000, 0.0123
1.0000, 0.0123
1.0000, 0.0123
1.0000, 0.0123
1.0000, 0.0123
1.0000, 0.0123
1.0000, 0.0123
1.0000, 0.0123
1.0000, 0.0123
1.0000, 0.0123
1.0000, 0.0123
1.0000, 0.0123
1.0000, 0.0123
1.0000, 0.0123
1.0000, 0.0123
1.0000, 0.0123
0.0000, 1.0000
0.0000, 1.0000
0.0000, 1.0000
0.0000, 1.0000
0.0000, 1.0000
0.0000, 1.0000
0.0000, 1.0000
0.0000, 1.0000
0.0000, 1.0000
0.0000, 1.0000
0.0000, 1.0000
0.0000, 1.0000
0.0000, 1.0000
0.0000, 1.0000
0.0000, 1.0000
0.0000, 1.0000
0.0000, 1.0000
0.0000, 1.0000
0.0000, 1.0000
0.0000, 1.0000
0.0000, 1.0000
0.0000, 1.0000
0.0000, 1.0000
0.0000, 1.0000
0.0000, 1.0000
0.0000, 1.0000
0.0000, 1.0000
0.0000, 1.0000
0.0000, 1.0000
0.0000, 1.0000
0.0000, 1.0000
0.0000, 1.0000
0.0000, 1.0000
0.0000, 1.0000
0.0000, 1.0000
0.0000, 1.0000
0.0000, 1.0000
0.0000, 1.0000
0.0000, 1.0000
0.0000, 1.0000
0.0000, 1.0000
0.0000, 1.0000
0.0000, 1.0000
0.0000, 1.0000
