0.1165, 0.0690
0.1165, 0.0690
0.1165, 0.0690
0.1165, 0.0690
0.1165, 0.0690
0.1165, 0.0690
0.1165, 0.0690
0.1165, 0.0690
0.1165, 0.0690
0.1165, 0.0690
0.1165, 0.0690
0.1165, 0.0690
0.1165, 0.0690
0.1165, 0.0690
0.1165, 0.0690
0.1165, 0.0690
0.1165, 0.0690
0.1165, 0.0690
0.1165, 0.0690
0.1165, 0.0690
0.1165, 0.0690
0.1165, 0.0690
0.1165, 0.0690
0.1165, 0.0690
0.1165, 0.0690
0.1165, 0.0690
0.1165, 0.0690
0.1165, 0.0690
0.1165, 0.0690
0.1165, 0.0690
0.1165, 0.0690
0.1165, 0.0690
0.1165, 0.0690
0.1165, 0.0690
0.1165, 0.0690
0.1165, 0.0690
0.1165, 0.0690
0.1165, 0.0690
0.1165, 0.0690
0.1165, 0.0690
0.1165, 0.0690
0.1165, 0.0690
0.1165, 0.0690
0.1165, 0.0690
0.1165, 0.0690
0.1165, 0.0690
0.1165, 0.0690
0.1165, 0.0690
0.1165, 0.0690
0.1165, 0.0690
0.1165, 0.0690
0.1165, 0.0690
0.1165, 0.0690
0.1165, 0.0690
0.1165, 0.0690
0.1165, 0.0690
0.1165, 0.0690
0.1165, 0.0690
0.1165, 0.0690
0.1165, 0.0690
0.1165, 0.0690
0.1165, 0.0690
0.1165, 0.0690
0.1165, 0.0690
0.1165, 0.0690
0.1165, 0.0658
0.1165, 0.0658
0.1165, 0.0658
0.1165, 0.0658
0.1165, 0.0658
0.1165, 0.0658
0.1165, 0.0658
0.1165, 0.0658
0.1165, 0.0658
0.1165, 0.0658
0.1165, 0.0658
0.1165, 0.0658
0.1165, 0.0658
0.1165, 0.0627
0.1165, 0.0627
0.1165, 0.0627
0.1165, 0.0627
0.1165, 0.0627
0.1165, 0.0627
0.1165, 0.0627
0.1165, 0.0627
0.1165, 0.0627
0.1165, 0.0627
0.1165, 0.0627
0.1165, 0.0627
0.1165, 0.0627
0.1165, 0.0627
0.1165, 0.0627
0.1165, 0.0627
0.1165, 0.0627
0.1165, 0.0627
0.1165, 0.0627
0.1205, 0.0627
0.1205, 0.0627
0.1205, 0.0627
0.1205, 0.0627
0.1205, 0.0627
0.1205, 0.0627
0.1205, 0.0627
0.1205, 0.0627
0.1205, 0.0627
0.1205, 0.0627
0.1205, 0.0627
0.1205, 0.0627
0.1205, 0.0627
0.1245, 0.0596
0.1245, 0.0596
0.1245, 0.0596
0.1245, 0.0596
0.1245, 0.0596
0.1245, 0.0596
0.1245, 0.0596
0.1245, 0.0596
0.1245, 0.0564
0.1245, 0.0564
0.1245, 0.0564
0.1245, 0.0564
0.1245, 0.0564
0.1245, 0.0564
0.1245, 0.0564
0.1245, 0.0564
0.1245, 0.0564
0.1285, 0.0564
0.1285, 0.0564
0.1285, 0.0564
0.1285, 0.0564
0.1285, 0.0564
0.1285, 0.0564
0.1285, 0.0564
0.1285, 0.0564
0.1285, 0.0564
0.1285, 0.0564
0.1285, 0.0564
0.1285, 0.0564
0.1285, 0.0564
0.1285, 0.0564
0.1285, 0.0564
0.1285, 0.0564
0.1285, 0.0564
0.1285, 0.0564
0.1325, 0.0564
0.1325, 0.0564
0.1325, 0.0564
0.1325, 0.0564
0.1325, 0.0564
0.1325, 0.0564
0.1325, 0.0564
0.1325, 0.0564
0.1325, 0.0564
0.1325, 0.0533
0.1325, 0.0533
0.1325, 0.0533
0.1325, 0.0533
0.1325, 0.0533
0.1325, 0.0533
0.1325, 0.0533
0.1325, 0.0533
0.1325, 0.0533
0.1325, 0.0533
0.1325, 0.0533
0.1325, 0.0533
0.1365, 0.0533
0.1365, 0.0533
0.1365, 0.0533
0.1365, 0.0533
0.1365, 0.0502
0.1365, 0.0502
0.1365, 0.0502
0.1365, 0.0502
0.1365, 0.0502
0.1365, 0.0502
0.1365, 0.0502
0.1365, 0.0502
0.1365, 0.0502
0.1406, 0.0502
0.1406, 0.0502
0.1406, 0.0502
0.1406, 0.0502
0.1406, 0.0470
0.1406, 0.0470
0.1406, 0.0470
0.1406, 0.0470
0.1446, 0.0470
0.1446, 0.0470
0.1446, 0.0470
0.1446, 0.0470
0.1446, 0.0470
0.1446, 0.0470
0.1446, 0.0470
0.1446, 0.0470
0.1446, 0.0470
0.1446, 0.0470
0.1446, 0.0470
0.1446, 0.0470
0.1446, 0.0470
0.1486, 0.0470
0.1486, 0.0470
0.1486, 0.0470
0.1486, 0.0470
0.1486, 0.0470
0.1486, 0.0470
0.1486, 0.0470
0.1486, 0.0470
0.1526, 0.0470
0.1526, 0.0470
0.1526, 0.0470
0.1526, 0.0470
0.1526, 0.0470
0.1526, 0.0470
0.1526, 0.0470
0.1526, 0.0470
0.1526, 0.0470
0.1526, 0.0470
0.1526, 0.0470
0.1526, 0.0470
0.1526, 0.0470
0.1526, 0.0439
0.1526, 0.0439
0.1526, 0.0439
0.1526, 0.0439
0.1566, 0.0439
0.1566, 0.0439
0.1566, 0.0439
0.1566, 0.0439
0.1566, 0.0439
0.1566, 0.0439
0.1566, 0.0439
0.1566, 0.0439
0.1566, 0.0439
0.1566, 0.0439
0.1566, 0.0439
0.1566, 0.0439
0.1606, 0.0439
0.1606, 0.0439
0.1606, 0.0439
0.1606, 0.0439
0.1606, 0.0408
0.1606, 0.0408
0.1606, 0.0408
0.1606, 0.0408
0.1606, 0.0408
0.1606, 0.0408
0.1606, 0.0408
0.1606, 0.0408
0.1606, 0.0408
0.1606, 0.0408
0.1606, 0.0408
0.1606, 0.0408
0.1606, 0.0408
0.1606, 0.0408
0.1606, 0.0408
0.1606, 0.0408
0.1606, 0.0408
0.1606, 0.0408
0.1647, 0.0408
0.1647, 0.0408
0.1647, 0.0408
0.1647, 0.0408
0.1647, 0.0408
0.1647, 0.0408
0.1647, 0.0408
0.1647, 0.0408
0.1687, 0.0408
0.1687, 0.0408
0.1687, 0.0408
0.1687, 0.0408
0.1687, 0.0408
0.1687, 0.0408
0.1687, 0.0408
0.1687, 0.0408
0.1727, 0.0408
0.1727, 0.0408
0.1727, 0.0408
0.1727, 0.0408
0.1727, 0.0376
0.1727, 0.0376
0.1727, 0.0376
0.1727, 0.0376
0.1727, 0.0376
0.1727, 0.0376
0.1727, 0.0376
0.1727, 0.0376
0.1767, 0.0376
0.1767, 0.0376
0.1767, 0.0376
0.1767, 0.0376
0.1767, 0.0376
0.1767, 0.0376
0.1767, 0.0376
0.1767, 0.0376
0.1767, 0.0345
0.1767, 0.0345
0.1767, 0.0345
0.1767, 0.0345
0.1767, 0.0345
0.1807, 0.0345
0.1807, 0.0345
0.1807, 0.0345
0.1807, 0.0345
0.1807, 0.0345
0.1807, 0.0345
0.1807, 0.0345
0.1807, 0.0345
0.1807, 0.0345
0.1807, 0.0345
0.1807, 0.0345
0.1807, 0.0345
0.1807, 0.0345
0.1807, 0.0345
0.1807, 0.0345
0.1807, 0.0345
0.1807, 0.0345
0.1807, 0.0345
0.1807, 0.0345
0.1807, 0.0345
0.1807, 0.0345
0.1807, 0.0313
0.1807, 0.0313
0.1807, 0.0313
0.1847, 0.0313
0.1847, 0.0313
0.1847, 0.0313
0.1847, 0.0313
0.1847, 0.0313
0.1847, 0.0313
0.1847, 0.0313
0.1847, 0.0313
0.1847, 0.0313
0.1888, 0.0313
0.1888, 0.0313
0.1888, 0.0313
0.1888, 0.0313
0.1888, 0.0313
0.1888, 0.0313
0.1888, 0.0313
0.1888, 0.0313
0.1928, 0.0313
0.1928, 0.0313
0.1928, 0.0313
0.1928, 0.0313
0.1928, 0.0313
0.1928, 0.0313
0.1928, 0.0313
0.1928, 0.0313
0.1928, 0.0313
0.1928, 0.0313
0.1928, 0.0313
0.1928, 0.0313
0.1928, 0.0313
0.1928, 0.0313
0.1928, 0.0313
0.1928, 0.0313
0.1968, 0.0282
0.1968, 0.0282
0.1968, 0.0282
0.1968, 0.0282
0.1968, 0.0282
0.1968, 0.0282
0.1968, 0.0282
0.1968, 0.0282
0.2008, 0.0282
0.2008, 0.0282
0.2008, 0.0282
0.2008, 0.0282
0.2008, 0.0282
0.2008, 0.0282
0.2008, 0.0282
0.2008, 0.0282
0.2008, 0.0251
0.2008, 0.0251
0.2008, 0.0251
0.2008, 0.0251
0.2008, 0.0251
0.2008, 0.0251
0.2008, 0.0251
0.2008, 0.0251
0.2008, 0.0251
0.2008, 0.0251
0.2008, 0.0251
0.2008, 0.0251
0.2048, 0.0251
0.2048, 0.0251
0.2048, 0.0251
0.2048, 0.0251
0.2048, 0.0251
0.2048, 0.0251
0.2048, 0.0251
0.2048, 0.0251
0.2088, 0.0251
0.2088, 0.0251
0.2088, 0.0251
0.2088, 0.0251
0.2088, 0.0251
0.2088, 0.0251
0.2088, 0.0251
0.2088, 0.0251
0.2129, 0.0251
0.2129, 0.0251
0.2129, 0.0251
0.2129, 0.0251
0.2129, 0.0251
0.2129, 0.0251
0.2129, 0.0251
0.2129, 0.0251
0.2129, 0.0251
0.2129, 0.0219
0.2129, 0.0219
0.2129, 0.0219
0.2129, 0.0219
0.2129, 0.0219
0.2129, 0.0219
0.2129, 0.0219
0.2169, 0.0219
0.2169, 0.0219
0.2169, 0.0219
0.2169, 0.0219
0.2169, 0.0219
0.2169, 0.0219
0.2169, 0.0219
0.2169, 0.0219
0.2209, 0.0219
0.2209, 0.0219
0.2209, 0.0219
0.2209, 0.0219
0.2209, 0.0219
0.2209, 0.0219
0.2209, 0.0219
0.2209, 0.0219
0.2209, 0.0219
0.2209, 0.0219
0.2209, 0.0219
0.2209, 0.0219
0.2209, 0.0219
0.2209, 0.0219
0.2209, 0.0219
0.2209, 0.0219
0.2209, 0.0219
0.2209, 0.0219
0.2209, 0.0219
0.2209, 0.0219
0.2209, 0.0219
0.2209, 0.0188
0.2209, 0.0188
0.2209, 0.0188
0.2209, 0.0188
0.2249, 0.0188
0.2249, 0.0188
0.2249, 0.0188
0.2249, 0.0188
0.2249, 0.0188
0.2249, 0.0188
0.2249, 0.0188
0.2289, 0.0188
0.2289, 0.0188
0.2289, 0.0188
0.2329, 0.0188
0.2329, 0.0188
0.2329, 0.0188
0.2329, 0.0188
0.2329, 0.0188
0.2329, 0.0188
0.2329, 0.0188
0.2329, 0.0188
0.2329, 0.0188
0.2329, 0.0188
0.2329, 0.0188
0.2329, 0.0188
0.2329, 0.0157
0.2329, 0.0157
0.2329, 0.0157
0.2329, 0.0157
0.2369, 0.0157
0.2369, 0.0157
0.2369, 0.0157
0.2369, 0.0157
0.2369, 0.0157
0.2369, 0.0157
0.2369, 0.0157
0.2369, 0.0157
0.2369, 0.0157
0.2369, 0.0157
0.2369, 0.0157
0.2369, 0.0157
0.2410, 0.0157
0.2410, 0.0157
0.2410, 0.0157
0.2410, 0.0157
0.2410, 0.0157
0.2410, 0.0157
0.2410, 0.0157
0.2410, 0.0157
0.2410, 0.0157
0.2410, 0.0157
0.2410, 0.0157
0.2410, 0.0157
0.2410, 0.0157
0.2410, 0.0157
0.2410, 0.0157
0.2410, 0.0157
0.2410, 0.0157
0.2410, 0.0157
0.2410, 0.0157
0.2410, 0.0157
0.2450, 0.0157
0.2450, 0.0157
0.2450, 0.0157
0.2450, 0.0157
0.2450, 0.0157
0.2450, 0.0157
0.2450, 0.0157
0.2450, 0.0157
0.2490, 0.0157
0.2490, 0.0157
0.2490, 0.0157
0.2530, 0.0157
0.2530, 0.0157
0.2530, 0.0157
0.2530, 0.0157
0.2530, 0.0125
0.2530, 0.0125
0.2530, 0.0125
0.2530, 0.0125
0.2530, 0.0125
0.2530, 0.0125
0.2530, 0.0125
0.2570, 0.0125
0.2570, 0.0125
0.2570, 0.0125
0.2570, 0.0125
0.2570, 0.0125
0.2570, 0.0125
0.2570, 0.0125
0.2570, 0.0125
0.2610, 0.0125
0.2610, 0.0125
0.2610, 0.0125
0.2610, 0.0125
0.2610, 0.0094
0.2610, 0.0094
0.2610, 0.0094
0.2651, 0.0094
0.2651, 0.0094
0.2651, 0.0094
0.2651, 0.0094
0.2651, 0.0094
0.2651, 0.0094
0.2651, 0.0094
0.2651, 0.0094
0.2691, 0.0094
0.2691, 0.0094
0.2691, 0.0094
0.2691, 0.0094
0.2731, 0.0094
0.2731, 0.0094
0.2731, 0.0094
0.2731, 0.0094
0.2731, 0.0094
0.2731, 0.0094
0.2731, 0.0094
0.2731, 0.0094
0.2731, 0.0094
0.2731, 0.0094
0.2731, 0.0094
0.2731, 0.0094
0.2731, 0.0094
0.2731, 0.0094
0.2731, 0.0094
0.2731, 0.0094
0.2771, 0.0094
0.2771, 0.0094
0.2771, 0.0094
0.2771, 0.0094
0.2771, 0.0094
0.2771, 0.0094
0.2771, 0.0094
0.2811, 0.0094
0.2811, 0.0094
0.2811, 0.0094
0.2811, 0.0094
0.2811, 0.0094
0.2811, 0.0094
0.2811, 0.0094
0.2811, 0.0094
0.2811, 0.0094
0.2811, 0.0094
0.2811, 0.0094
0.2811, 0.0094
0.2851, 0.0094
0.2851, 0.0094
0.2851, 0.0094
0.2851, 0.0094
0.2892, 0.0063
0.2892, 0.0063
0.2892, 0.0063
0.2892, 0.0063
0.2892, 0.0063
0.2892, 0.0063
0.2892, 0.0063
0.2892, 0.0063
0.2892, 0.0063
0.2892, 0.0063
0.2892, 0.0063
0.2892, 0.0063
0.2892, 0.0063
0.2892, 0.0063
0.2892, 0.0063
0.2892, 0.0063
0.2932, 0.0063
0.2932, 0.0063
0.2932, 0.0063
0.2932, 0.0063
0.2972, 0.0063
0.2972, 0.0063
0.2972, 0.0063
0.2972, 0.0063
0.2972, 0.0063
0.2972, 0.0063
0.2972, 0.0063
0.3012, 0.0063
0.3012, 0.0063
0.3012, 0.0063
0.3012, 0.0063
0.3012, 0.0031
0.3012, 0.0031
0.3012, 0.0031
0.3052, 0.0031
0.3052, 0.0031
0.3052, 0.0031
0.3052, 0.0031
0.3052, 0.0031
0.3052, 0.0031
0.3052, 0.0031
0.3092, 0.0031
0.3092, 0.0031
0.3092, 0.0031
0.3092, 0.0031
0.3092, 0.0031
0.3092, 0.0031
0.3092, 0.0031
0.3092, 0.0031
0.3133, 0.0031
0.3133, 0.0031
0.3133, 0.0031
0.3133, 0.0031
0.3133, 0.0031
0.3133, 0.0031
0.3133, 0.0031
0.3173, 0.0031
0.3173, 0.0031
0.3173, 0.0031
0.3173, 0.0031
0.3213, 0.0031
0.3213, 0.0031
0.3213, 0.0031
0.3213, 0.0031
0.3213, 0.0031
0.3213, 0.0031
0.3213, 0.0031
0.3213, 0.0031
0.3213, 0.0031
0.3213, 0.0031
0.3213, 0.0031
0.3253, 0.0031
0.3253, 0.0031
0.3253, 0.0031
0.3253, 0.0031
0.3253, 0.0000
0.3253, 0.0000
0.3253, 0.0000
0.3293, 0.0000
0.3293, 0.0000
0.3293, 0.0000
0.3293, 0.0000
0.3293, 0.0000
0.3293, 0.0000
0.3293, 0.0000
0.3293, 0.0000
0.3293, 0.0000
0.3293, 0.0000
0.3293, 0.0000
0.3293, 0.0000
0.3293, 0.0000
0.3293, 0.0000
0.3293, 0.0000
0.3333, 0.0000
0.3333, 0.0000
0.3333, 0.0000
0.3333, 0.0000
0.3333, 0.0000
0.3333, 0.0000
0.3333, 0.0000
0.3333, 0.0000
0.3373, 0.0000
0.3373, 0.0000
0.3373, 0.0000
0.3414, 0.0000
0.3414, 0.0000
0.3414, 0.0000
0.3414, 0.0000
0.3414, 0.0000
0.3414, 0.0000
0.3414, 0.0000
0.3414, 0.0000
0.3454, 0.0000
0.3454, 0.0000
0.3454, 0.0000
0.3494, 0.0000
0.3494, 0.0000
0.3494, 0.0000
0.3494, 0.0000
0.3494, 0.0000
0.3494, 0.0000
0.3494, 0.0000
0.3494, 0.0000
0.3494, 0.0000
0.3494, 0.0000
0.3494, 0.0000
0.3534, 0.0000
0.3534, 0.0000
0.3534, 0.0000
0.3534, 0.0000
0.3574, 0.0000
0.3574, 0.0000
0.3574, 0.0000
0.3574, 0.0000
0.3574, 0.0000
0.3574, 0.0000
0.3574, 0.0000
0.3614, 0.0000
0.3614, 0.0000
0.3614, 0.0000
0.3614, 0.0000
0.3614, 0.0000
0.3614, 0.0000
0.3614, 0.0000
0.3614, 0.0000
0.3614, 0.0000
0.3614, 0.0000
0.3614, 0.0000
0.3655, 0.0000
0.3655, 0.0000
0.3655, 0.0000
0.3655, 0.0000
0.3655, 0.0000
0.3655, 0.0000
0.3655, 0.0000
0.3695, 0.0000
0.3695, 0.0000
0.3695, 0.0000
0.3695, 0.0000
0.3695, 0.0000
0.3695, 0.0000
0.3695, 0.0000
0.3735, 0.0000
0.3735, 0.0000
0.3735, 0.0000
0.3735, 0.0000
0.3775, 0.0000
0.3775, 0.0000
0.3775, 0.0000
0.3815, 0.0000
0.3815, 0.0000
0.3815, 0.0000
0.3815, 0.0000
0.3815, 0.0000
0.3815, 0.0000
0.3815, 0.0000
0.3815, 0.0000
0.3855, 0.0000
0.3855, 0.0000
0.3855, 0.0000
0.3896, 0.0000
0.3896, 0.0000
0.3896, 0.0000
0.3896, 0.0000
0.3896, 0.0000
0.3896, 0.0000
0.3896, 0.0000
0.3896, 0.0000
0.3896, 0.0000
0.3896, 0.0000
0.3896, 0.0000
0.3936, 0.0000
0.3936, 0.0000
0.3936, 0.0000
0.3936, 0.0000
0.3976, 0.0000
0.3976, 0.0000
0.3976, 0.0000
0.3976, 0.0000
0.3976, 0.0000
0.3976, 0.0000
0.3976, 0.0000
0.4016, 0.0000
0.4016, 0.0000
0.4016, 0.0000
0.4016, 0.0000
0.4016, 0.0000
0.4016, 0.0000
0.4016, 0.0000
0.4056, 0.0031
0.4056, 0.0031
0.4056, 0.0031
0.4056, 0.0031
0.4096, 0.0031
0.4096, 0.0031
0.4096, 0.0031
0.4096, 0.0031
0.4096, 0.0031
0.4096, 0.0031
0.4096, 0.0031
0.4096, 0.0031
0.4096, 0.0031
0.4096, 0.0031
0.4096, 0.0031
0.4137, 0.0063
0.4137, 0.0063
0.4137, 0.0063
0.4177, 0.0063
0.4177, 0.0063
0.4177, 0.0063
0.4177, 0.0063
0.4177, 0.0063
0.4177, 0.0063
0.4177, 0.0063
0.4177, 0.0063
0.4177, 0.0063
0.4177, 0.0063
0.4177, 0.0063
0.4257, 0.0063
0.4257, 0.0063
0.4257, 0.0063
0.4257, 0.0063
0.4257, 0.0063
0.4257, 0.0063
0.4257, 0.0063
0.4257, 0.0063
0.4297, 0.0063
0.4297, 0.0063
0.4297, 0.0063
0.4297, 0.0063
0.4297, 0.0063
0.4297, 0.0063
0.4297, 0.0063
0.4337, 0.0063
0.4337, 0.0063
0.4337, 0.0063
0.4378, 0.0094
0.4378, 0.0094
0.4378, 0.0094
0.4378, 0.0094
0.4418, 0.0094
0.4418, 0.0094
0.4418, 0.0094
0.4418, 0.0094
0.4418, 0.0094
0.4418, 0.0094
0.4418, 0.0094
0.4458, 0.0094
0.4458, 0.0094
0.4458, 0.0094
0.4498, 0.0094
0.4498, 0.0094
0.4498, 0.0094
0.4498, 0.0094
0.4498, 0.0094
0.4498, 0.0094
0.4498, 0.0094
0.4498, 0.0125
0.4498, 0.0125
0.4498, 0.0125
0.4498, 0.0125
0.4538, 0.0125
0.4538, 0.0125
0.4538, 0.0125
0.4578, 0.0125
0.4578, 0.0125
0.4578, 0.0125
0.4578, 0.0125
0.4618, 0.0125
0.4618, 0.0125
0.4618, 0.0125
0.4618, 0.0125
0.4618, 0.0125
0.4618, 0.0125
0.4618, 0.0125
0.4659, 0.0125
0.4659, 0.0125
0.4699, 0.0125
0.4699, 0.0125
0.4699, 0.0125
0.4699, 0.0125
0.4699, 0.0125
0.4699, 0.0125
0.4699, 0.0125
0.4699, 0.0125
0.4699, 0.0125
0.4699, 0.0125
0.4699, 0.0125
0.4739, 0.0125
0.4739, 0.0125
0.4739, 0.0125
0.4739, 0.0125
0.4739, 0.0125
0.4739, 0.0125
0.4739, 0.0125
0.4739, 0.0125
0.4779, 0.0157
0.4779, 0.0157
0.4779, 0.0157
0.4819, 0.0157
0.4819, 0.0157
0.4819, 0.0157
0.4819, 0.0157
0.4819, 0.0157
0.4819, 0.0157
0.4819, 0.0157
0.4819, 0.0157
0.4819, 0.0157
0.4819, 0.0157
0.4819, 0.0157
0.4859, 0.0157
0.4859, 0.0157
0.4859, 0.0157
0.4859, 0.0157
0.4859, 0.0157
0.4859, 0.0157
0.4859, 0.0157
0.4859, 0.0157
0.4900, 0.0157
0.4900, 0.0157
0.4900, 0.0157
0.4900, 0.0157
0.4900, 0.0157
0.4900, 0.0157
0.4940, 0.0157
0.4940, 0.0157
0.4940, 0.0157
0.4980, 0.0157
0.4980, 0.0157
0.4980, 0.0157
0.4980, 0.0157
0.4980, 0.0157
0.4980, 0.0157
0.4980, 0.0157
0.4980, 0.0157
0.5020, 0.0157
0.5020, 0.0157
0.5020, 0.0157
0.5020, 0.0157
0.5020, 0.0157
0.5020, 0.0157
0.5020, 0.0157
0.5060, 0.0157
0.5060, 0.0157
0.5060, 0.0157
0.5100, 0.0157
0.5100, 0.0157
0.5100, 0.0157
0.5100, 0.0157
0.5100, 0.0157
0.5100, 0.0157
0.5100, 0.0157
0.5141, 0.0188
0.5141, 0.0188
0.5141, 0.0188
0.5141, 0.0188
0.5141, 0.0188
0.5141, 0.0188
0.5141, 0.0188
0.5181, 0.0188
0.5181, 0.0188
0.5181, 0.0188
0.5221, 0.0188
0.5221, 0.0188
0.5221, 0.0188
0.5221, 0.0188
0.5221, 0.0188
0.5221, 0.0188
0.5221, 0.0219
0.5221, 0.0219
0.5221, 0.0219
0.5221, 0.0219
0.5261, 0.0219
0.5261, 0.0219
0.5261, 0.0219
0.5261, 0.0219
0.5261, 0.0219
0.5261, 0.0219
0.5261, 0.0219
0.5301, 0.0219
0.5301, 0.0219
0.5301, 0.0219
0.5301, 0.0219
0.5301, 0.0219
0.5301, 0.0219
0.5301, 0.0219
0.5301, 0.0219
0.5301, 0.0219
0.5301, 0.0219
0.5341, 0.0219
0.5341, 0.0219
0.5341, 0.0219
0.5341, 0.0219
0.5382, 0.0219
0.5382, 0.0219
0.5382, 0.0219
0.5422, 0.0219
0.5422, 0.0219
0.5422, 0.0219
0.5422, 0.0219
0.5422, 0.0219
0.5422, 0.0219
0.5422, 0.0219
0.5422, 0.0219
0.5422, 0.0219
0.5422, 0.0219
0.5422, 0.0219
0.5462, 0.0219
0.5462, 0.0219
0.5462, 0.0219
0.5502, 0.0251
0.5502, 0.0251
0.5502, 0.0251
0.5502, 0.0251
0.5502, 0.0251
0.5502, 0.0251
0.5502, 0.0251
0.5502, 0.0251
0.5502, 0.0251
0.5502, 0.0251
0.5502, 0.0251
0.5502, 0.0251
0.5502, 0.0251
0.5502, 0.0251
0.5542, 0.0251
0.5542, 0.0251
0.5542, 0.0251
0.5582, 0.0282
0.5582, 0.0282
0.5582, 0.0282
0.5582, 0.0282
0.5582, 0.0282
0.5582, 0.0282
0.5582, 0.0282
0.5582, 0.0282
0.5582, 0.0282
0.5582, 0.0282
0.5582, 0.0282
0.5622, 0.0282
0.5622, 0.0282
0.5622, 0.0282
0.5663, 0.0282
0.5663, 0.0282
0.5663, 0.0282
0.5703, 0.0282
0.5703, 0.0282
0.5703, 0.0282
0.5703, 0.0282
0.5703, 0.0282
0.5703, 0.0282
0.5703, 0.0282
0.5703, 0.0282
0.5703, 0.0282
0.5703, 0.0282
0.5743, 0.0313
0.5743, 0.0313
0.5743, 0.0313
0.5783, 0.0313
0.5783, 0.0313
0.5783, 0.0313
0.5783, 0.0313
0.5783, 0.0313
0.5783, 0.0313
0.5783, 0.0313
0.5783, 0.0313
0.5783, 0.0313
0.5783, 0.0313
0.5823, 0.0313
0.5823, 0.0313
0.5823, 0.0313
0.5823, 0.0313
0.5863, 0.0345
0.5863, 0.0345
0.5863, 0.0345
0.5863, 0.0345
0.5863, 0.0345
0.5863, 0.0345
0.5863, 0.0345
0.5904, 0.0345
0.5904, 0.0345
0.5904, 0.0345
0.5904, 0.0345
0.5904, 0.0345
0.5904, 0.0345
0.5944, 0.0376
0.5944, 0.0376
0.5944, 0.0376
0.5984, 0.0376
0.5984, 0.0376
0.5984, 0.0376
0.5984, 0.0376
0.5984, 0.0376
0.5984, 0.0376
0.5984, 0.0376
0.5984, 0.0376
0.5984, 0.0376
0.5984, 0.0376
0.5984, 0.0376
0.6024, 0.0376
0.6024, 0.0376
0.6024, 0.0376
0.6064, 0.0376
0.6064, 0.0376
0.6064, 0.0376
0.6104, 0.0376
0.6104, 0.0376
0.6104, 0.0376
0.6104, 0.0376
0.6104, 0.0376
0.6104, 0.0376
0.6104, 0.0376
0.6104, 0.0376
0.6104, 0.0376
0.6104, 0.0376
0.6104, 0.0376
0.6145, 0.0376
0.6145, 0.0376
0.6145, 0.0376
0.6185, 0.0408
0.6185, 0.0408
0.6185, 0.0408
0.6185, 0.0408
0.6185, 0.0408
0.6185, 0.0408
0.6185, 0.0408
0.6185, 0.0408
0.6185, 0.0408
0.6185, 0.0408
0.6225, 0.0439
0.6225, 0.0439
0.6225, 0.0439
0.6225, 0.0439
0.6265, 0.0439
0.6265, 0.0439
0.6265, 0.0439
0.6305, 0.0439
0.6305, 0.0439
0.6305, 0.0439
0.6305, 0.0439
0.6305, 0.0439
0.6305, 0.0439
0.6345, 0.0439
0.6345, 0.0439
0.6345, 0.0439
0.6345, 0.0439
0.6386, 0.0470
0.6386, 0.0470
0.6386, 0.0470
0.6386, 0.0470
0.6386, 0.0470
0.6386, 0.0470
0.6386, 0.0470
0.6426, 0.0470
0.6426, 0.0470
0.6426, 0.0470
0.6466, 0.0502
0.6466, 0.0502
0.6466, 0.0502
0.6506, 0.0502
0.6506, 0.0502
0.6506, 0.0502
0.6506, 0.0502
0.6506, 0.0502
0.6506, 0.0502
0.6506, 0.0502
0.6506, 0.0533
0.6506, 0.0533
0.6506, 0.0533
0.6546, 0.0533
0.6546, 0.0533
0.6546, 0.0533
0.6546, 0.0533
0.6586, 0.0533
0.6586, 0.0533
0.6586, 0.0533
0.6586, 0.0533
0.6586, 0.0533
0.6586, 0.0533
0.6586, 0.0533
0.6586, 0.0533
0.6586, 0.0533
0.6586, 0.0533
0.6627, 0.0533
0.6627, 0.0533
0.6627, 0.0533
0.6627, 0.0564
0.6627, 0.0564
0.6627, 0.0564
0.6667, 0.0564
0.6667, 0.0564
0.6667, 0.0564
0.6707, 0.0564
0.6707, 0.0564
0.6707, 0.0564
0.6707, 0.0564
0.6707, 0.0564
0.6707, 0.0564
0.6707, 0.0564
0.6707, 0.0596
0.6707, 0.0596
0.6707, 0.0596
0.6747, 0.0596
0.6747, 0.0596
0.6747, 0.0596
0.6787, 0.0596
0.6787, 0.0596
0.6787, 0.0596
0.6787, 0.0596
0.6787, 0.0596
0.6787, 0.0596
0.6787, 0.0596
0.6827, 0.0596
0.6827, 0.0596
0.6827, 0.0596
0.6827, 0.0596
0.6827, 0.0596
0.6827, 0.0596
0.6827, 0.0596
0.6867, 0.0596
0.6867, 0.0596
0.6867, 0.0596
0.6867, 0.0596
0.6867, 0.0596
0.6867, 0.0596
0.6867, 0.0627
0.6867, 0.0627
0.6867, 0.0627
0.6908, 0.0627
0.6908, 0.0627
0.6908, 0.0627
0.6948, 0.0627
0.6948, 0.0627
0.6948, 0.0627
0.6988, 0.0627
0.6988, 0.0627
0.6988, 0.0627
0.6988, 0.0627
0.6988, 0.0627
0.6988, 0.0627
0.6988, 0.0627
0.6988, 0.0627
0.6988, 0.0627
0.6988, 0.0627
0.7028, 0.0627
0.7028, 0.0627
0.7028, 0.0627
0.7028, 0.0627
0.7028, 0.0658
0.7028, 0.0658
0.7028, 0.0658
0.7068, 0.0658
0.7068, 0.0658
0.7068, 0.0658
0.7068, 0.0658
0.7068, 0.0658
0.7068, 0.0658
0.7068, 0.0658
0.7068, 0.0658
0.7068, 0.0658
0.7068, 0.0658
0.7108, 0.0658
0.7108, 0.0658
0.7108, 0.0658
0.7149, 0.0658
0.7149, 0.0658
0.7149, 0.0658
0.7189, 0.0658
0.7189, 0.0658
0.7189, 0.0658
0.7189, 0.0658
0.7189, 0.0658
0.7189, 0.0658
0.7189, 0.0658
0.7229, 0.0690
0.7229, 0.0690
0.7229, 0.0690
0.7229, 0.0690
0.7229, 0.0690
0.7229, 0.0690
0.7229, 0.0690
0.7269, 0.0690
0.7269, 0.0690
0.7269, 0.0690
0.7269, 0.0690
0.7269, 0.0690
0.7269, 0.0690
0.7269, 0.0690
0.7269, 0.0690
0.7269, 0.0690
0.7269, 0.0690
0.7269, 0.0690
0.7269, 0.0690
0.7269, 0.0690
0.7309, 0.0690
0.7309, 0.0690
0.7309, 0.0690
0.7349, 0.0690
0.7349, 0.0690
0.7349, 0.0690
0.7390, 0.0690
0.7390, 0.0690
0.7390, 0.0690
0.7390, 0.0690
0.7390, 0.0690
0.7390, 0.0690
0.7430, 0.0690
0.7430, 0.0690
0.7430, 0.0690
0.7430, 0.0690
0.7430, 0.0690
0.7430, 0.0690
0.7430, 0.0690
0.7470, 0.0690
0.7470, 0.0690
0.7470, 0.0690
0.7470, 0.0690
0.7470, 0.0690
0.7470, 0.0690
0.7510, 0.0690
0.7510, 0.0690
0.7510, 0.0690
0.7550, 0.0690
0.7550, 0.0690
0.7550, 0.0690
0.7550, 0.0690
0.7550, 0.0690
0.7550, 0.0690
0.7550, 0.0690
0.7590, 0.0690
0.7590, 0.0690
0.7590, 0.0690
0.7590, 0.0690
0.7590, 0.0690
0.7590, 0.0690
0.7590, 0.0690
0.7590, 0.0690
0.7590, 0.0690
0.7631, 0.0690
0.7631, 0.0690
0.7631, 0.0690
0.7631, 0.0690
0.7631, 0.0690
0.7631, 0.0690
0.7631, 0.0690
0.7671, 0.0690
0.7671, 0.0690
0.7671, 0.0690
0.7671, 0.0690
0.7671, 0.0690
0.7671, 0.0690
0.7671, 0.0690
0.7671, 0.0690
0.7671, 0.0690
0.7671, 0.0690
0.7751, 0.0690
0.7751, 0.0690
0.7751, 0.0690
0.7791, 0.0690
0.7791, 0.0690
0.7791, 0.0690
0.7791, 0.0690
0.7791, 0.0690
0.7791, 0.0690
0.7831, 0.0690
0.7831, 0.0690
0.7831, 0.0690
0.7871, 0.0690
0.7871, 0.0690
0.7871, 0.0690
0.7871, 0.0690
0.7871, 0.0690
0.7871, 0.0690
0.7912, 0.0690
0.7912, 0.0690
0.7912, 0.0690
0.7952, 0.0690
0.7952, 0.0690
0.7952, 0.0690
0.7952, 0.0690
0.7992, 0.0658
0.7992, 0.0658
0.7992, 0.0658
0.7992, 0.0658
0.7992, 0.0658
0.7992, 0.0658
0.7992, 0.0658
0.7992, 0.0658
0.7992, 0.0658
0.8032, 0.0658
0.8032, 0.0658
0.8072, 0.0658
0.8072, 0.0658
0.8072, 0.0658
0.8072, 0.0658
0.8072, 0.0658
0.8072, 0.0658
0.8072, 0.0658
0.8072, 0.0627
0.8072, 0.0627
0.8072, 0.0627
0.8112, 0.0627
0.8112, 0.0627
0.8112, 0.0627
0.8112, 0.0627
0.8112, 0.0627
0.8112, 0.0627
0.8112, 0.0627
0.8153, 0.0627
0.8153, 0.0627
0.8153, 0.0627
0.8193, 0.0627
0.8193, 0.0627
0.8193, 0.0627
0.8193, 0.0627
0.8193, 0.0627
0.8193, 0.0627
0.8193, 0.0627
0.8193, 0.0627
0.8193, 0.0627
0.8233, 0.0627
0.8233, 0.0627
0.8233, 0.0627
0.8233, 0.0627
0.8233, 0.0627
0.8233, 0.0627
0.8273, 0.0627
0.8273, 0.0627
0.8273, 0.0627
0.8273, 0.0627
0.8273, 0.0627
0.8273, 0.0627
0.8273, 0.0627
0.8273, 0.0596
0.8273, 0.0596
0.8273, 0.0596
0.8313, 0.0596
0.8313, 0.0596
0.8313, 0.0596
0.8353, 0.0596
0.8353, 0.0596
0.8353, 0.0596
0.8394, 0.0596
0.8394, 0.0596
0.8394, 0.0596
0.8394, 0.0564
0.8394, 0.0564
0.8394, 0.0564
0.8434, 0.0564
0.8434, 0.0564
0.8434, 0.0564
0.8434, 0.0564
0.8434, 0.0564
0.8434, 0.0564
0.8474, 0.0564
0.8474, 0.0564
0.8474, 0.0564
0.8474, 0.0564
0.8474, 0.0564
0.8474, 0.0564
0.8474, 0.0564
0.8474, 0.0564
0.8474, 0.0564
0.8474, 0.0564
0.8514, 0.0564
0.8514, 0.0564
0.8514, 0.0564
0.8514, 0.0564
0.8514, 0.0564
0.8554, 0.0564
0.8554, 0.0564
0.8554, 0.0564
0.8554, 0.0533
0.8554, 0.0533
0.8554, 0.0533
0.8594, 0.0533
0.8594, 0.0533
0.8594, 0.0533
0.8594, 0.0533
0.8594, 0.0533
0.8594, 0.0533
0.8594, 0.0533
0.8594, 0.0533
0.8594, 0.0533
0.8594, 0.0533
0.8594, 0.0533
0.8594, 0.0533
0.8594, 0.0533
0.8635, 0.0502
0.8635, 0.0502
0.8635, 0.0502
0.8675, 0.0502
0.8675, 0.0502
0.8675, 0.0502
0.8675, 0.0502
0.8675, 0.0502
0.8675, 0.0502
0.8715, 0.0470
0.8715, 0.0470
0.8715, 0.0470
0.8755, 0.0470
0.8755, 0.0470
0.8755, 0.0470
0.8795, 0.0470
0.8795, 0.0470
0.8795, 0.0470
0.8795, 0.0470
0.8795, 0.0470
0.8795, 0.0470
0.8835, 0.0439
0.8835, 0.0439
0.8835, 0.0439
0.8876, 0.0439
0.8876, 0.0439
0.8876, 0.0439
0.8876, 0.0439
0.8876, 0.0439
0.8876, 0.0439
0.8916, 0.0408
0.8916, 0.0408
0.8916, 0.0408
0.8956, 0.0408
0.8956, 0.0408
0.8956, 0.0408
0.8956, 0.0408
0.8956, 0.0408
0.8956, 0.0408
0.8956, 0.0408
0.8996, 0.0376
0.8996, 0.0376
0.8996, 0.0376
0.9036, 0.0376
0.9036, 0.0376
0.9036, 0.0376
0.9076, 0.0345
0.9076, 0.0345
0.9076, 0.0345
0.9076, 0.0345
0.9076, 0.0345
0.9076, 0.0345
0.9116, 0.0313
0.9116, 0.0313
0.9157, 0.0313
0.9157, 0.0313
0.9157, 0.0313
0.9157, 0.0313
0.9157, 0.0313
0.9157, 0.0313
0.9157, 0.0313
0.9197, 0.0313
0.9197, 0.0313
0.9237, 0.0282
0.9237, 0.0282
0.9237, 0.0282
0.9277, 0.0282
0.9277, 0.0282
0.9277, 0.0282
0.9277, 0.0282
0.9277, 0.0282
0.9277, 0.0282
0.9277, 0.0282
0.9277, 0.0251
0.9277, 0.0251
0.9277, 0.0251
0.9317, 0.0251
0.9317, 0.0251
0.9317, 0.0251
0.9357, 0.0251
0.9357, 0.0251
0.9357, 0.0251
0.9357, 0.0251
0.9357, 0.0251
0.9357, 0.0251
0.9357, 0.0251
0.9357, 0.0251
0.9357, 0.0251
0.9398, 0.0219
0.9398, 0.0219
0.9398, 0.0219
0.9438, 0.0219
0.9438, 0.0219
0.9438, 0.0219
0.9438, 0.0188
0.9438, 0.0188
0.9438, 0.0188
0.9478, 0.0188
0.9478, 0.0188
0.9478, 0.0188
0.9478, 0.0188
0.9478, 0.0188
0.9478, 0.0188
0.9518, 0.0188
0.9518, 0.0188
0.9518, 0.0188
0.9558, 0.0157
0.9558, 0.0157
0.9558, 0.0125
0.9558, 0.0125
0.9558, 0.0125
0.9558, 0.0125
0.9598, 0.0125
0.9598, 0.0125
0.9679, 0.0094
0.9679, 0.0094
0.9679, 0.0094
0.9679, 0.0094
0.9679, 0.0094
0.9679, 0.0094
0.9679, 0.0094
0.9759, 0.0094
0.9759, 0.0094
0.9839, 0.0063
0.9839, 0.0063
0.9839, 0.0063
0.9839, 0.0031
0.9839, 0.0031
0.9839, 0.0031
0.9880, 0.0031
0.9880, 0.0031
0.9880, 0.0031
0.9920, 0.0000
0.9920, 0.0000
0.9920, 0.0000
0.9920, 0.0000
0.9920, 0.0000
0.9920, 0.0000
0.9960, 0.0000
0.9960, 0.0000
0.9960, 0.0000
0.9960, 0.0000
0.9960, 0.0000
0.9960, 0.0000
0.9960, 0.0000
0.9960, 0.0000
0.9960, 0.0000
0.9960, 0.0000
0.9960, 0.0000
0.9960, 0.0000
0.9960, 0.0000
0.9960, 0.0000
0.9960, 0.0000
0.9960, 0.0000
0.9960, 0.0000
0.9960, 0.0000
0.9960, 0.0000
0.9960, 0.0000
1.0000, 0.0000
1.0000, 0.0000
1.0000, 0.0000
1.0000, 0.0000
1.0000, 0.0000
1.0000, 0.0000
1.0000, 0.0000
1.0000, 0.0000
1.0000, 0.0000
1.0000, 0.0000
1.0000, 0.0000
1.0000, 0.0000
1.0000, 0.0000
1.0000, 0.0000
1.0000, 0.0000
1.0000, 0.0000
1.0000, 0.0000
1.0000, 0.0000
1.0000, 0.0000
1.0000, 0.0000
1.0000, 0.0000
1.0000, 0.0000
1.0000, 0.0000
1.0000, 0.0000
1.0000, 0.0000
1.0000, 0.0000
1.0000, 0.0000
1.0000, 0.0000
1.0000, 0.0000
1.0000, 0.0000
1.0000, 0.0000
1.0000, 0.0000
1.0000, 0.0000
1.0000, 0.0000
1.0000, 0.0000
1.0000, 0.0000
1.0000, 0.0000
1.0000, 0.0000
1.0000, 0.0000
0.9960, 0.0000
0.0000, 1.0000
0.0000, 1.0000
0.0000, 1.0000
0.0000, 1.0000
0.0000, 1.0000
0.0000, 1.0000
0.0000, 1.0000
0.0000, 1.0000
0.0000, 1.0000
0.0000, 1.0000
0.0000, 1.0000
0.0000, 1.0000
0.0000, 1.0000
0.0000, 1.0000
0.0000, 1.0000
0.0000, 1.0000
0.0000, 1.0000
0.0000, 1.0000
0.0000, 1.0000
0.0000, 1.0000
0.0000, 1.0000
0.0000, 1.0000
0.0000, 1.0000
0.0000, 1.0000
0.0000, 1.0000
0.0000, 1.0000
0.0000, 1.0000
0.0000, 1.0000
0.0000, 1.0000
0.0000, 1.0000
0.0000, 1.0000
0.0000, 1.0000
0.0000, 1.0000
0.0000, 1.0000
0.0000, 1.0000
0.0000, 1.0000
0.0000, 1.0000
0.0000, 1.0000
0.0000, 1.0000
0.0000, 1.0000
0.0000, 1.0000
0.0000, 1.0000
0.0000, 1.0000
0.0000, 1.0000
0.0000, 1.0000
0.0000, 1.0000
0.0000, 1.0000
0.0000, 1.0000
0.0000, 1.0000
0.0000, 1.0000
0.0000, 1.0000
0.0000, 1.0000
0.0000, 1.0000
0.0000, 1.0000
