0.0393, 0.0648
0.0393, 0.0648
0.0393, 0.0648
0.0393, 0.0648
0.0393, 0.0648
0.0393, 0.0648
0.0393, 0.0648
0.0393, 0.0648
0.0393, 0.0648
0.0393, 0.0648
0.0393, 0.0648
0.0393, 0.0648
0.0393, 0.0648
0.0393, 0.0648
0.0393, 0.0648
0.0393, 0.0648
0.0393, 0.0648
0.0393, 0.0648
0.0393, 0.0648
0.0393, 0.0648
0.0393, 0.0648
0.0393, 0.0648
0.0393, 0.0648
0.0393, 0.0648
0.0393, 0.0648
0.0393, 0.0648
0.0393, 0.0648
0.0393, 0.0648
0.0393, 0.0648
0.0393, 0.0648
0.0393, 0.0648
0.0393, 0.0648
0.0393, 0.0648
0.0393, 0.0648
0.0393, 0.0648
0.0393, 0.0648
0.0393, 0.0648
0.0393, 0.0648
0.0393, 0.0648
0.0393, 0.0648
0.0393, 0.0648
0.0393, 0.0648
0.0393, 0.0648
0.0393, 0.0648
0.0393, 0.0648
0.0393, 0.0648
0.0393, 0.0648
0.0393, 0.0648
0.0393, 0.0648
0.0393, 0.0648
0.0393, 0.0648
0.0393, 0.0648
0.0393, 0.0648
0.0393, 0.0648
0.0393, 0.0648
0.0393, 0.0648
0.0393, 0.0648
0.0393, 0.0648
0.0393, 0.0648
0.0393, 0.0648
0.0393, 0.0648
0.0393, 0.0648
0.0393, 0.0648
0.0393, 0.0648
0.0393, 0.0648
0.0393, 0.0648
0.0393, 0.0648
0.0393, 0.0648
0.0393, 0.0648
0.0393, 0.0648
0.0393, 0.0648
0.0393, 0.0648
0.0393, 0.0648
0.0393, 0.0648
0.0393, 0.0648
0.0393, 0.0648
0.0393, 0.0648
0.0393, 0.0648
0.0393, 0.0648
0.0393, 0.0648
0.0393, 0.0648
0.0393, 0.0648
0.0393, 0.0648
0.0393, 0.0648
0.0393, 0.0648
0.0393, 0.0648
0.0393, 0.0648
0.0393, 0.0648
0.0393, 0.0648
0.0393, 0.0648
0.0393, 0.0648
0.0393, 0.0648
0.0393, 0.0648
0.0393, 0.0648
0.0393, 0.0648
0.0393, 0.0648
0.0393, 0.0648
0.0393, 0.0648
0.0393, 0.0648
0.0393, 0.0648
0.0393, 0.0648
0.0393, 0.0648
0.0393, 0.0648
0.0393, 0.0648
0.0393, 0.0648
0.0393, 0.0648
0.0393, 0.0648
0.0393, 0.0648
0.0393, 0.0648
0.0393, 0.0648
0.0393, 0.0648
0.0437, 0.0648
0.0437, 0.0648
0.0437, 0.0648
0.0437, 0.0648
0.0437, 0.0648
0.0437, 0.0648
0.0437, 0.0648
0.0437, 0.0648
0.0437, 0.0648
0.0437, 0.0617
0.0437, 0.0617
0.0437, 0.0617
0.0437, 0.0617
0.0480, 0.0617
0.0480, 0.0617
0.0480, 0.0617
0.0480, 0.0617
0.0480, 0.0617
0.0480, 0.0617
0.0480, 0.0617
0.0480, 0.0617
0.0480, 0.0617
0.0480, 0.0586
0.0480, 0.0586
0.0480, 0.0586
0.0480, 0.0586
0.0480, 0.0586
0.0480, 0.0586
0.0480, 0.0586
0.0480, 0.0586
0.0480, 0.0586
0.0480, 0.0586
0.0480, 0.0586
0.0480, 0.0586
0.0480, 0.0586
0.0480, 0.0586
0.0524, 0.0586
0.0524, 0.0586
0.0524, 0.0586
0.0524, 0.0586
0.0524, 0.0556
0.0524, 0.0556
0.0524, 0.0556
0.0524, 0.0556
0.0524, 0.0556
0.0524, 0.0556
0.0524, 0.0556
0.0524, 0.0556
0.0568, 0.0556
0.0568, 0.0556
0.0568, 0.0556
0.0568, 0.0556
0.0568, 0.0556
0.0568, 0.0556
0.0568, 0.0556
0.0568, 0.0556
0.0568, 0.0556
0.0568, 0.0556
0.0568, 0.0556
0.0568, 0.0556
0.0568, 0.0556
0.0568, 0.0556
0.0568, 0.0556
0.0568, 0.0556
0.0568, 0.0556
0.0568, 0.0556
0.0568, 0.0556
0.0568, 0.0556
0.0568, 0.0556
0.0568, 0.0556
0.0611, 0.0556
0.0611, 0.0556
0.0611, 0.0556
0.0611, 0.0556
0.0611, 0.0556
0.0611, 0.0556
0.0611, 0.0556
0.0611, 0.0556
0.0611, 0.0556
0.0655, 0.0556
0.0655, 0.0556
0.0655, 0.0556
0.0655, 0.0525
0.0655, 0.0525
0.0655, 0.0525
0.0655, 0.0525
0.0655, 0.0525
0.0655, 0.0525
0.0655, 0.0525
0.0655, 0.0525
0.0655, 0.0525
0.0655, 0.0525
0.0655, 0.0525
0.0655, 0.0525
0.0655, 0.0525
0.0655, 0.0525
0.0655, 0.0525
0.0655, 0.0525
0.0655, 0.0525
0.0655, 0.0525
0.0699, 0.0494
0.0699, 0.0494
0.0699, 0.0494
0.0699, 0.0494
0.0699, 0.0494
0.0699, 0.0494
0.0699, 0.0494
0.0699, 0.0494
0.0699, 0.0494
0.0742, 0.0494
0.0742, 0.0494
0.0742, 0.0494
0.0742, 0.0494
0.0742, 0.0494
0.0742, 0.0494
0.0742, 0.0494
0.0742, 0.0494
0.0742, 0.0494
0.0742, 0.0494
0.0742, 0.0494
0.0742, 0.0494
0.0786, 0.0494
0.0786, 0.0494
0.0786, 0.0494
0.0786, 0.0494
0.0786, 0.0494
0.0786, 0.0494
0.0786, 0.0494
0.0786, 0.0494
0.0786, 0.0494
0.0786, 0.0494
0.0786, 0.0494
0.0786, 0.0494
0.0786, 0.0494
0.0786, 0.0494
0.0786, 0.0494
0.0786, 0.0494
0.0786, 0.0494
0.0786, 0.0494
0.0786, 0.0494
0.0786, 0.0494
0.0830, 0.0494
0.0830, 0.0494
0.0830, 0.0494
0.0830, 0.0463
0.0830, 0.0463
0.0830, 0.0463
0.0830, 0.0463
0.0830, 0.0463
0.0830, 0.0463
0.0830, 0.0463
0.0830, 0.0463
0.0873, 0.0463
0.0873, 0.0463
0.0873, 0.0463
0.0873, 0.0463
0.0873, 0.0463
0.0873, 0.0463
0.0873, 0.0463
0.0873, 0.0463
0.0873, 0.0463
0.0873, 0.0463
0.0873, 0.0463
0.0873, 0.0463
0.0873, 0.0463
0.0873, 0.0432
0.0873, 0.0432
0.0873, 0.0432
0.0873, 0.0432
0.0873, 0.0432
0.0873, 0.0432
0.0873, 0.0432
0.0873, 0.0432
0.0917, 0.0432
0.0917, 0.0432
0.0917, 0.0432
0.0917, 0.0432
0.0917, 0.0432
0.0917, 0.0432
0.0917, 0.0432
0.0917, 0.0432
0.0917, 0.0432
0.0961, 0.0401
0.0961, 0.0401
0.0961, 0.0401
0.0961, 0.0401
0.0961, 0.0401
0.0961, 0.0401
0.0961, 0.0401
0.0961, 0.0401
0.1004, 0.0401
0.1004, 0.0401
0.1004, 0.0401
0.1004, 0.0401
0.1004, 0.0401
0.1004, 0.0401
0.1004, 0.0401
0.1004, 0.0401
0.1004, 0.0401
0.1004, 0.0401
0.1004, 0.0401
0.1004, 0.0401
0.1004, 0.0401
0.1004, 0.0401
0.1004, 0.0401
0.1004, 0.0401
0.1004, 0.0401
0.1048, 0.0401
0.1048, 0.0401
0.1048, 0.0401
0.1048, 0.0401
0.1048, 0.0401
0.1048, 0.0401
0.1048, 0.0401
0.1048, 0.0401
0.1048, 0.0370
0.1048, 0.0370
0.1048, 0.0370
0.1048, 0.0370
0.1048, 0.0370
0.1048, 0.0370
0.1048, 0.0370
0.1048, 0.0370
0.1092, 0.0370
0.1092, 0.0370
0.1092, 0.0370
0.1092, 0.0370
0.1092, 0.0370
0.1092, 0.0370
0.1092, 0.0370
0.1092, 0.0370
0.1092, 0.0370
0.1092, 0.0370
0.1092, 0.0370
0.1092, 0.0370
0.1092, 0.0370
0.1092, 0.0370
0.1092, 0.0370
0.1092, 0.0370
0.1092, 0.0370
0.1092, 0.0370
0.1092, 0.0370
0.1092, 0.0370
0.1092, 0.0370
0.1092, 0.0340
0.1092, 0.0340
0.1092, 0.0340
0.1092, 0.0340
0.1135, 0.0340
0.1135, 0.0340
0.1135, 0.0340
0.1135, 0.0340
0.1135, 0.0340
0.1135, 0.0340
0.1135, 0.0340
0.1135, 0.0340
0.1135, 0.0340
0.1135, 0.0340
0.1135, 0.0340
0.1135, 0.0340
0.1135, 0.0340
0.1179, 0.0340
0.1179, 0.0340
0.1179, 0.0340
0.1179, 0.0340
0.1179, 0.0340
0.1179, 0.0340
0.1179, 0.0340
0.1179, 0.0340
0.1223, 0.0340
0.1223, 0.0340
0.1223, 0.0340
0.1223, 0.0340
0.1223, 0.0340
0.1223, 0.0340
0.1223, 0.0340
0.1223, 0.0340
0.1223, 0.0340
0.1223, 0.0340
0.1223, 0.0340
0.1223, 0.0340
0.1223, 0.0340
0.1223, 0.0340
0.1223, 0.0340
0.1223, 0.0340
0.1223, 0.0309
0.1223, 0.0309
0.1223, 0.0309
0.1266, 0.0309
0.1266, 0.0309
0.1266, 0.0309
0.1266, 0.0309
0.1266, 0.0309
0.1266, 0.0309
0.1266, 0.0309
0.1266, 0.0309
0.1266, 0.0309
0.1310, 0.0309
0.1310, 0.0309
0.1310, 0.0309
0.1310, 0.0309
0.1310, 0.0309
0.1310, 0.0309
0.1310, 0.0309
0.1310, 0.0309
0.1310, 0.0278
0.1310, 0.0278
0.1310, 0.0278
0.1310, 0.0278
0.1310, 0.0278
0.1310, 0.0278
0.1310, 0.0278
0.1310, 0.0278
0.1310, 0.0278
0.1310, 0.0278
0.1310, 0.0278
0.1310, 0.0278
0.1354, 0.0278
0.1354, 0.0278
0.1354, 0.0278
0.1354, 0.0278
0.1354, 0.0278
0.1354, 0.0278
0.1354, 0.0278
0.1354, 0.0278
0.1354, 0.0278
0.1354, 0.0278
0.1354, 0.0278
0.1354, 0.0278
0.1354, 0.0278
0.1354, 0.0278
0.1354, 0.0278
0.1354, 0.0278
0.1397, 0.0278
0.1397, 0.0278
0.1397, 0.0278
0.1397, 0.0278
0.1397, 0.0278
0.1397, 0.0278
0.1397, 0.0278
0.1397, 0.0278
0.1397, 0.0278
0.1397, 0.0278
0.1397, 0.0278
0.1397, 0.0278
0.1441, 0.0278
0.1441, 0.0278
0.1441, 0.0278
0.1441, 0.0278
0.1441, 0.0278
0.1441, 0.0278
0.1441, 0.0278
0.1441, 0.0278
0.1441, 0.0247
0.1441, 0.0247
0.1441, 0.0247
0.1441, 0.0247
0.1441, 0.0247
0.1441, 0.0247
0.1441, 0.0247
0.1441, 0.0247
0.1441, 0.0247
0.1441, 0.0247
0.1441, 0.0247
0.1441, 0.0247
0.1441, 0.0247
0.1441, 0.0247
0.1441, 0.0247
0.1441, 0.0247
0.1441, 0.0247
0.1441, 0.0247
0.1441, 0.0247
0.1441, 0.0247
0.1485, 0.0247
0.1485, 0.0247
0.1485, 0.0247
0.1485, 0.0247
0.1485, 0.0247
0.1485, 0.0247
0.1485, 0.0247
0.1485, 0.0247
0.1485, 0.0216
0.1485, 0.0216
0.1485, 0.0216
0.1485, 0.0216
0.1485, 0.0216
0.1485, 0.0216
0.1485, 0.0216
0.1485, 0.0216
0.1528, 0.0216
0.1528, 0.0216
0.1528, 0.0216
0.1528, 0.0216
0.1528, 0.0216
0.1528, 0.0216
0.1528, 0.0216
0.1528, 0.0216
0.1528, 0.0216
0.1528, 0.0216
0.1528, 0.0216
0.1528, 0.0216
0.1528, 0.0185
0.1528, 0.0185
0.1528, 0.0185
0.1528, 0.0185
0.1572, 0.0185
0.1572, 0.0185
0.1572, 0.0185
0.1572, 0.0185
0.1572, 0.0185
0.1572, 0.0185
0.1572, 0.0185
0.1572, 0.0185
0.1572, 0.0185
0.1572, 0.0185
0.1572, 0.0185
0.1616, 0.0185
0.1616, 0.0185
0.1616, 0.0185
0.1616, 0.0185
0.1616, 0.0185
0.1616, 0.0185
0.1616, 0.0185
0.1659, 0.0185
0.1659, 0.0185
0.1659, 0.0185
0.1659, 0.0185
0.1659, 0.0185
0.1659, 0.0185
0.1659, 0.0185
0.1659, 0.0185
0.1659, 0.0185
0.1659, 0.0185
0.1659, 0.0185
0.1659, 0.0185
0.1659, 0.0185
0.1659, 0.0185
0.1659, 0.0185
0.1659, 0.0185
0.1659, 0.0185
0.1659, 0.0185
0.1659, 0.0185
0.1659, 0.0185
0.1659, 0.0185
0.1703, 0.0154
0.1703, 0.0154
0.1703, 0.0154
0.1703, 0.0154
0.1703, 0.0154
0.1703, 0.0154
0.1703, 0.0154
0.1703, 0.0154
0.1703, 0.0154
0.1703, 0.0154
0.1703, 0.0154
0.1747, 0.0154
0.1747, 0.0154
0.1747, 0.0154
0.1747, 0.0154
0.1747, 0.0154
0.1747, 0.0154
0.1747, 0.0154
0.1747, 0.0154
0.1747, 0.0154
0.1747, 0.0154
0.1747, 0.0154
0.1747, 0.0154
0.1747, 0.0154
0.1747, 0.0154
0.1747, 0.0154
0.1747, 0.0154
0.1747, 0.0154
0.1790, 0.0154
0.1790, 0.0154
0.1790, 0.0154
0.1790, 0.0123
0.1790, 0.0123
0.1790, 0.0123
0.1790, 0.0123
0.1834, 0.0123
0.1834, 0.0123
0.1834, 0.0123
0.1834, 0.0123
0.1834, 0.0123
0.1834, 0.0123
0.1834, 0.0123
0.1834, 0.0123
0.1878, 0.0123
0.1878, 0.0123
0.1878, 0.0123
0.1878, 0.0123
0.1878, 0.0123
0.1878, 0.0123
0.1878, 0.0123
0.1878, 0.0123
0.1878, 0.0123
0.1878, 0.0123
0.1878, 0.0123
0.1921, 0.0123
0.1921, 0.0123
0.1921, 0.0123
0.1921, 0.0123
0.1921, 0.0123
0.1921, 0.0123
0.1921, 0.0123
0.1921, 0.0123
0.1965, 0.0123
0.1965, 0.0123
0.1965, 0.0123
0.1965, 0.0123
0.1965, 0.0123
0.1965, 0.0123
0.1965, 0.0123
0.1965, 0.0123
0.1965, 0.0123
0.1965, 0.0123
0.1965, 0.0123
0.1965, 0.0123
0.1965, 0.0123
0.1965, 0.0123
0.1965, 0.0123
0.2009, 0.0123
0.2009, 0.0123
0.2009, 0.0123
0.2009, 0.0123
0.2009, 0.0123
0.2009, 0.0123
0.2009, 0.0123
0.2009, 0.0123
0.2052, 0.0123
0.2052, 0.0123
0.2052, 0.0123
0.2052, 0.0123
0.2052, 0.0123
0.2052, 0.0123
0.2052, 0.0123
0.2096, 0.0093
0.2096, 0.0093
0.2096, 0.0093
0.2096, 0.0093
0.2096, 0.0093
0.2096, 0.0093
0.2096, 0.0093
0.2096, 0.0093
0.2140, 0.0093
0.2140, 0.0093
0.2140, 0.0093
0.2140, 0.0093
0.2140, 0.0093
0.2140, 0.0093
0.2140, 0.0093
0.2183, 0.0093
0.2183, 0.0093
0.2183, 0.0093
0.2183, 0.0093
0.2183, 0.0062
0.2183, 0.0062
0.2183, 0.0062
0.2183, 0.0062
0.2183, 0.0062
0.2183, 0.0062
0.2183, 0.0062
0.2227, 0.0062
0.2227, 0.0062
0.2227, 0.0062
0.2227, 0.0062
0.2227, 0.0062
0.2227, 0.0062
0.2227, 0.0062
0.2227, 0.0062
0.2227, 0.0062
0.2227, 0.0062
0.2227, 0.0062
0.2227, 0.0062
0.2271, 0.0062
0.2271, 0.0062
0.2271, 0.0062
0.2271, 0.0062
0.2271, 0.0062
0.2271, 0.0062
0.2271, 0.0062
0.2271, 0.0062
0.2271, 0.0062
0.2271, 0.0062
0.2271, 0.0062
0.2271, 0.0062
0.2271, 0.0062
0.2271, 0.0062
0.2271, 0.0062
0.2314, 0.0062
0.2314, 0.0062
0.2314, 0.0062
0.2314, 0.0062
0.2314, 0.0062
0.2314, 0.0062
0.2314, 0.0062
0.2314, 0.0062
0.2314, 0.0062
0.2314, 0.0062
0.2314, 0.0062
0.2314, 0.0062
0.2358, 0.0062
0.2358, 0.0062
0.2358, 0.0062
0.2358, 0.0062
0.2358, 0.0062
0.2358, 0.0062
0.2358, 0.0062
0.2358, 0.0062
0.2402, 0.0031
0.2402, 0.0031
0.2402, 0.0031
0.2402, 0.0031
0.2402, 0.0031
0.2402, 0.0031
0.2402, 0.0031
0.2402, 0.0031
0.2402, 0.0031
0.2402, 0.0031
0.2402, 0.0031
0.2402, 0.0031
0.2402, 0.0031
0.2402, 0.0031
0.2402, 0.0031
0.2445, 0.0031
0.2445, 0.0031
0.2445, 0.0031
0.2445, 0.0031
0.2445, 0.0031
0.2445, 0.0031
0.2445, 0.0031
0.2489, 0.0031
0.2489, 0.0031
0.2489, 0.0031
0.2489, 0.0031
0.2489, 0.0031
0.2489, 0.0031
0.2489, 0.0031
0.2489, 0.0031
0.2489, 0.0031
0.2489, 0.0031
0.2489, 0.0031
0.2489, 0.0031
0.2489, 0.0031
0.2533, 0.0031
0.2533, 0.0031
0.2533, 0.0031
0.2533, 0.0031
0.2533, 0.0031
0.2533, 0.0031
0.2533, 0.0031
0.2533, 0.0031
0.2576, 0.0031
0.2576, 0.0031
0.2576, 0.0031
0.2576, 0.0031
0.2576, 0.0031
0.2576, 0.0031
0.2576, 0.0031
0.2620, 0.0031
0.2620, 0.0031
0.2620, 0.0031
0.2620, 0.0031
0.2620, 0.0031
0.2620, 0.0031
0.2620, 0.0031
0.2620, 0.0031
0.2620, 0.0031
0.2620, 0.0031
0.2620, 0.0031
0.2620, 0.0031
0.2620, 0.0031
0.2620, 0.0031
0.2620, 0.0031
0.2620, 0.0031
0.2620, 0.0031
0.2620, 0.0031
0.2664, 0.0031
0.2664, 0.0031
0.2664, 0.0031
0.2664, 0.0031
0.2664, 0.0031
0.2664, 0.0031
0.2664, 0.0031
0.2707, 0.0031
0.2707, 0.0031
0.2707, 0.0031
0.2707, 0.0031
0.2707, 0.0031
0.2707, 0.0031
0.2707, 0.0031
0.2707, 0.0031
0.2707, 0.0031
0.2707, 0.0031
0.2707, 0.0031
0.2707, 0.0031
0.2707, 0.0031
0.2707, 0.0031
0.2707, 0.0031
0.2707, 0.0031
0.2751, 0.0031
0.2751, 0.0031
0.2751, 0.0031
0.2751, 0.0031
0.2751, 0.0031
0.2751, 0.0031
0.2751, 0.0031
0.2795, 0.0031
0.2795, 0.0031
0.2795, 0.0031
0.2795, 0.0031
0.2795, 0.0031
0.2795, 0.0031
0.2795, 0.0031
0.2838, 0.0031
0.2838, 0.0031
0.2838, 0.0031
0.2838, 0.0031
0.2838, 0.0031
0.2838, 0.0031
0.2838, 0.0031
0.2838, 0.0031
0.2838, 0.0031
0.2838, 0.0031
0.2838, 0.0031
0.2838, 0.0031
0.2838, 0.0031
0.2838, 0.0031
0.2838, 0.0031
0.2838, 0.0031
0.2838, 0.0031
0.2838, 0.0031
0.2838, 0.0031
0.2882, 0.0031
0.2882, 0.0031
0.2882, 0.0031
0.2926, 0.0031
0.2926, 0.0031
0.2926, 0.0031
0.2926, 0.0031
0.2926, 0.0031
0.2926, 0.0031
0.2926, 0.0031
0.2926, 0.0031
0.2926, 0.0031
0.2926, 0.0031
0.2926, 0.0031
0.2926, 0.0031
0.2926, 0.0031
0.2926, 0.0031
0.2926, 0.0031
0.2926, 0.0031
0.2926, 0.0031
0.2926, 0.0031
0.2969, 0.0031
0.2969, 0.0031
0.2969, 0.0031
0.2969, 0.0031
0.2969, 0.0031
0.2969, 0.0031
0.2969, 0.0031
0.3013, 0.0031
0.3013, 0.0031
0.3013, 0.0031
0.3013, 0.0031
0.3013, 0.0000
0.3013, 0.0000
0.3013, 0.0000
0.3057, 0.0000
0.3057, 0.0000
0.3057, 0.0000
0.3057, 0.0000
0.3057, 0.0000
0.3057, 0.0000
0.3057, 0.0000
0.3057, 0.0000
0.3057, 0.0000
0.3057, 0.0000
0.3057, 0.0000
0.3057, 0.0000
0.3057, 0.0000
0.3057, 0.0000
0.3057, 0.0000
0.3100, 0.0000
0.3100, 0.0000
0.3100, 0.0000
0.3100, 0.0000
0.3100, 0.0000
0.3100, 0.0000
0.3100, 0.0000
0.3144, 0.0000
0.3144, 0.0000
0.3144, 0.0000
0.3144, 0.0000
0.3144, 0.0000
0.3144, 0.0000
0.3144, 0.0000
0.3144, 0.0000
0.3144, 0.0000
0.3144, 0.0000
0.3144, 0.0000
0.3188, 0.0000
0.3188, 0.0000
0.3188, 0.0000
0.3188, 0.0000
0.3188, 0.0000
0.3188, 0.0000
0.3188, 0.0000
0.3188, 0.0000
0.3188, 0.0000
0.3188, 0.0000
0.3188, 0.0000
0.3231, 0.0000
0.3231, 0.0000
0.3231, 0.0000
0.3275, 0.0000
0.3275, 0.0000
0.3275, 0.0000
0.3275, 0.0000
0.3275, 0.0000
0.3275, 0.0000
0.3275, 0.0000
0.3275, 0.0000
0.3275, 0.0000
0.3275, 0.0000
0.3275, 0.0000
0.3319, 0.0000
0.3319, 0.0000
0.3319, 0.0000
0.3362, 0.0000
0.3362, 0.0000
0.3362, 0.0000
0.3362, 0.0000
0.3362, 0.0000
0.3362, 0.0000
0.3362, 0.0000
0.3362, 0.0000
0.3362, 0.0000
0.3362, 0.0000
0.3362, 0.0000
0.3406, 0.0000
0.3406, 0.0000
0.3406, 0.0000
0.3406, 0.0000
0.3406, 0.0000
0.3406, 0.0000
0.3450, 0.0000
0.3450, 0.0000
0.3450, 0.0000
0.3450, 0.0000
0.3450, 0.0000
0.3450, 0.0000
0.3450, 0.0000
0.3450, 0.0000
0.3450, 0.0000
0.3450, 0.0000
0.3450, 0.0000
0.3493, 0.0000
0.3493, 0.0000
0.3493, 0.0000
0.3537, 0.0000
0.3537, 0.0000
0.3537, 0.0000
0.3581, 0.0000
0.3581, 0.0000
0.3581, 0.0000
0.3581, 0.0000
0.3581, 0.0000
0.3581, 0.0000
0.3581, 0.0000
0.3581, 0.0000
0.3581, 0.0000
0.3581, 0.0000
0.3581, 0.0000
0.3581, 0.0000
0.3581, 0.0000
0.3581, 0.0000
0.3624, 0.0000
0.3624, 0.0000
0.3624, 0.0000
0.3624, 0.0000
0.3624, 0.0000
0.3624, 0.0000
0.3668, 0.0000
0.3668, 0.0000
0.3668, 0.0000
0.3668, 0.0000
0.3668, 0.0000
0.3668, 0.0000
0.3668, 0.0000
0.3668, 0.0031
0.3668, 0.0031
0.3668, 0.0031
0.3668, 0.0031
0.3712, 0.0031
0.3712, 0.0031
0.3712, 0.0031
0.3755, 0.0031
0.3755, 0.0031
0.3755, 0.0031
0.3755, 0.0031
0.3755, 0.0031
0.3755, 0.0031
0.3755, 0.0031
0.3799, 0.0062
0.3799, 0.0062
0.3799, 0.0062
0.3799, 0.0062
0.3799, 0.0062
0.3799, 0.0062
0.3799, 0.0062
0.3799, 0.0062
0.3799, 0.0062
0.3799, 0.0062
0.3799, 0.0062
0.3799, 0.0062
0.3799, 0.0062
0.3799, 0.0062
0.3799, 0.0062
0.3843, 0.0062
0.3843, 0.0062
0.3843, 0.0062
0.3843, 0.0093
0.3843, 0.0093
0.3843, 0.0093
0.3843, 0.0093
0.3886, 0.0093
0.3886, 0.0093
0.3886, 0.0093
0.3886, 0.0093
0.3886, 0.0093
0.3886, 0.0093
0.3886, 0.0093
0.3886, 0.0093
0.3886, 0.0093
0.3886, 0.0093
0.3886, 0.0093
0.3886, 0.0093
0.3886, 0.0093
0.3886, 0.0093
0.3930, 0.0093
0.3930, 0.0093
0.3930, 0.0093
0.3930, 0.0093
0.3930, 0.0093
0.3930, 0.0093
0.3930, 0.0093
0.3974, 0.0093
0.3974, 0.0093
0.3974, 0.0093
0.4017, 0.0093
0.4017, 0.0093
0.4017, 0.0093
0.4017, 0.0093
0.4017, 0.0093
0.4017, 0.0093
0.4017, 0.0093
0.4017, 0.0093
0.4017, 0.0093
0.4017, 0.0093
0.4017, 0.0093
0.4017, 0.0093
0.4017, 0.0093
0.4017, 0.0093
0.4017, 0.0093
0.4061, 0.0123
0.4061, 0.0123
0.4061, 0.0123
0.4105, 0.0123
0.4105, 0.0123
0.4105, 0.0123
0.4105, 0.0123
0.4105, 0.0123
0.4105, 0.0123
0.4105, 0.0123
0.4105, 0.0123
0.4105, 0.0123
0.4105, 0.0123
0.4105, 0.0123
0.4105, 0.0123
0.4105, 0.0123
0.4105, 0.0123
0.4148, 0.0123
0.4148, 0.0123
0.4148, 0.0123
0.4148, 0.0123
0.4148, 0.0123
0.4148, 0.0123
0.4148, 0.0123
0.4192, 0.0154
0.4192, 0.0154
0.4192, 0.0154
0.4192, 0.0154
0.4192, 0.0154
0.4192, 0.0154
0.4192, 0.0154
0.4236, 0.0154
0.4236, 0.0154
0.4236, 0.0154
0.4236, 0.0154
0.4236, 0.0154
0.4236, 0.0154
0.4279, 0.0154
0.4279, 0.0154
0.4279, 0.0154
0.4279, 0.0154
0.4279, 0.0154
0.4279, 0.0154
0.4279, 0.0154
0.4323, 0.0154
0.4323, 0.0154
0.4323, 0.0154
0.4323, 0.0154
0.4323, 0.0154
0.4323, 0.0154
0.4323, 0.0154
0.4323, 0.0154
0.4323, 0.0154
0.4323, 0.0154
0.4367, 0.0154
0.4367, 0.0154
0.4367, 0.0154
0.4367, 0.0154
0.4367, 0.0154
0.4367, 0.0154
0.4367, 0.0154
0.4410, 0.0154
0.4410, 0.0154
0.4410, 0.0154
0.4410, 0.0154
0.4454, 0.0154
0.4454, 0.0154
0.4454, 0.0154
0.4454, 0.0154
0.4454, 0.0154
0.4454, 0.0154
0.4498, 0.0185
0.4498, 0.0185
0.4498, 0.0185
0.4541, 0.0185
0.4541, 0.0185
0.4541, 0.0185
0.4541, 0.0185
0.4541, 0.0185
0.4541, 0.0185
0.4541, 0.0185
0.4541, 0.0185
0.4541, 0.0185
0.4541, 0.0185
0.4541, 0.0185
0.4585, 0.0216
0.4585, 0.0216
0.4585, 0.0216
0.4629, 0.0216
0.4629, 0.0216
0.4629, 0.0216
0.4629, 0.0216
0.4629, 0.0216
0.4629, 0.0216
0.4629, 0.0216
0.4672, 0.0216
0.4672, 0.0216
0.4672, 0.0216
0.4672, 0.0216
0.4672, 0.0216
0.4672, 0.0216
0.4672, 0.0216
0.4672, 0.0216
0.4672, 0.0216
0.4672, 0.0216
0.4716, 0.0216
0.4716, 0.0216
0.4716, 0.0216
0.4760, 0.0216
0.4760, 0.0216
0.4760, 0.0216
0.4760, 0.0247
0.4760, 0.0247
0.4760, 0.0247
0.4760, 0.0247
0.4760, 0.0247
0.4760, 0.0247
0.4760, 0.0247
0.4803, 0.0247
0.4803, 0.0247
0.4803, 0.0247
0.4847, 0.0247
0.4847, 0.0247
0.4847, 0.0247
0.4847, 0.0247
0.4847, 0.0247
0.4847, 0.0247
0.4847, 0.0247
0.4847, 0.0247
0.4847, 0.0247
0.4847, 0.0247
0.4891, 0.0247
0.4891, 0.0247
0.4891, 0.0247
0.4934, 0.0247
0.4934, 0.0247
0.4934, 0.0247
0.4978, 0.0278
0.4978, 0.0278
0.4978, 0.0278
0.4978, 0.0278
0.4978, 0.0278
0.4978, 0.0278
0.4978, 0.0278
0.4978, 0.0278
0.4978, 0.0278
0.4978, 0.0278
0.4978, 0.0278
0.5022, 0.0278
0.5022, 0.0278
0.5022, 0.0278
0.5022, 0.0278
0.5022, 0.0278
0.5022, 0.0278
0.5066, 0.0278
0.5066, 0.0278
0.5066, 0.0278
0.5066, 0.0278
0.5066, 0.0309
0.5066, 0.0309
0.5066, 0.0309
0.5066, 0.0309
0.5066, 0.0309
0.5066, 0.0309
0.5109, 0.0309
0.5109, 0.0309
0.5109, 0.0309
0.5109, 0.0309
0.5109, 0.0309
0.5109, 0.0309
0.5109, 0.0309
0.5153, 0.0309
0.5153, 0.0309
0.5153, 0.0309
0.5197, 0.0309
0.5197, 0.0309
0.5197, 0.0309
0.5197, 0.0309
0.5197, 0.0309
0.5197, 0.0309
0.5197, 0.0309
0.5197, 0.0309
0.5197, 0.0309
0.5197, 0.0309
0.5240, 0.0340
0.5240, 0.0340
0.5240, 0.0340
0.5284, 0.0340
0.5284, 0.0340
0.5284, 0.0340
0.5284, 0.0340
0.5284, 0.0340
0.5284, 0.0340
0.5284, 0.0340
0.5284, 0.0340
0.5284, 0.0340
0.5328, 0.0370
0.5371, 0.0370
0.5415, 0.0370
0.5415, 0.0370
0.5415, 0.0370
0.5415, 0.0370
0.5502, 0.0370
0.5502, 0.0370
0.5502, 0.0370
0.5502, 0.0370
0.5502, 0.0370
0.5502, 0.0370
0.5502, 0.0370
0.5546, 0.0370
0.5546, 0.0370
0.5546, 0.0370
0.5590, 0.0370
0.5590, 0.0370
0.5590, 0.0370
0.5590, 0.0401
0.5590, 0.0401
0.5590, 0.0401
0.5633, 0.0401
0.5633, 0.0401
0.5633, 0.0401
0.5633, 0.0401
0.5633, 0.0401
0.5633, 0.0401
0.5633, 0.0401
0.5633, 0.0401
0.5633, 0.0401
0.5633, 0.0401
0.5677, 0.0401
0.5677, 0.0401
0.5677, 0.0401
0.5721, 0.0401
0.5721, 0.0401
0.5721, 0.0401
0.5721, 0.0401
0.5721, 0.0401
0.5721, 0.0401
0.5721, 0.0401
0.5721, 0.0432
0.5721, 0.0432
0.5721, 0.0432
0.5764, 0.0432
0.5764, 0.0432
0.5764, 0.0432
0.5808, 0.0432
0.5808, 0.0432
0.5808, 0.0432
0.5852, 0.0432
0.5852, 0.0432
0.5852, 0.0432
0.5852, 0.0432
0.5852, 0.0432
0.5852, 0.0432
0.5852, 0.0432
0.5852, 0.0432
0.5852, 0.0432
0.5852, 0.0432
0.5895, 0.0463
0.5895, 0.0463
0.5895, 0.0463
0.5939, 0.0463
0.5939, 0.0463
0.5939, 0.0463
0.5939, 0.0463
0.5939, 0.0463
0.5939, 0.0463
0.5939, 0.0463
0.5939, 0.0463
0.5939, 0.0463
0.5983, 0.0463
0.5983, 0.0463
0.5983, 0.0463
0.6026, 0.0463
0.6026, 0.0463
0.6026, 0.0463
0.6026, 0.0463
0.6026, 0.0463
0.6026, 0.0463
0.6070, 0.0463
0.6070, 0.0463
0.6070, 0.0463
0.6070, 0.0463
0.6070, 0.0463
0.6070, 0.0463
0.6070, 0.0463
0.6114, 0.0463
0.6114, 0.0463
0.6114, 0.0463
0.6114, 0.0494
0.6114, 0.0494
0.6114, 0.0494
0.6157, 0.0494
0.6157, 0.0494
0.6157, 0.0494
0.6157, 0.0494
0.6157, 0.0494
0.6157, 0.0494
0.6157, 0.0494
0.6157, 0.0494
0.6157, 0.0494
0.6157, 0.0494
0.6201, 0.0494
0.6201, 0.0494
0.6201, 0.0494
0.6201, 0.0525
0.6201, 0.0525
0.6201, 0.0525
0.6245, 0.0525
0.6245, 0.0525
0.6245, 0.0525
0.6245, 0.0525
0.6245, 0.0525
0.6245, 0.0525
0.6245, 0.0525
0.6245, 0.0525
0.6245, 0.0525
0.6245, 0.0525
0.6288, 0.0525
0.6288, 0.0525
0.6332, 0.0525
0.6332, 0.0525
0.6332, 0.0525
0.6332, 0.0525
0.6332, 0.0525
0.6332, 0.0525
0.6332, 0.0525
0.6376, 0.0525
0.6376, 0.0525
0.6376, 0.0525
0.6376, 0.0525
0.6376, 0.0525
0.6376, 0.0525
0.6376, 0.0525
0.6376, 0.0525
0.6376, 0.0525
0.6376, 0.0525
0.6419, 0.0556
0.6419, 0.0556
0.6419, 0.0556
0.6463, 0.0556
0.6463, 0.0556
0.6463, 0.0556
0.6463, 0.0556
0.6463, 0.0556
0.6463, 0.0556
0.6463, 0.0556
0.6463, 0.0556
0.6463, 0.0556
0.6507, 0.0586
0.6507, 0.0586
0.6507, 0.0586
0.6507, 0.0586
0.6507, 0.0586
0.6507, 0.0586
0.6507, 0.0586
0.6550, 0.0586
0.6550, 0.0586
0.6550, 0.0586
0.6594, 0.0586
0.6594, 0.0586
0.6594, 0.0586
0.6594, 0.0586
0.6594, 0.0586
0.6594, 0.0586
0.6594, 0.0586
0.6594, 0.0586
0.6594, 0.0586
0.6638, 0.0617
0.6638, 0.0617
0.6638, 0.0617
0.6638, 0.0617
0.6638, 0.0617
0.6638, 0.0617
0.6638, 0.0617
0.6681, 0.0617
0.6681, 0.0617
0.6681, 0.0617
0.6681, 0.0617
0.6681, 0.0617
0.6681, 0.0617
0.6681, 0.0617
0.6681, 0.0617
0.6681, 0.0617
0.6725, 0.0617
0.6725, 0.0617
0.6725, 0.0617
0.6725, 0.0617
0.6769, 0.0617
0.6769, 0.0617
0.6769, 0.0617
0.6769, 0.0617
0.6769, 0.0617
0.6769, 0.0617
0.6812, 0.0617
0.6812, 0.0617
0.6812, 0.0617
0.6812, 0.0617
0.6812, 0.0617
0.6812, 0.0617
0.6812, 0.0617
0.6812, 0.0617
0.6812, 0.0617
0.6856, 0.0648
0.6856, 0.0648
0.6856, 0.0648
0.6900, 0.0648
0.6900, 0.0648
0.6900, 0.0648
0.6900, 0.0648
0.6900, 0.0648
0.6900, 0.0648
0.6900, 0.0648
0.6900, 0.0648
0.6900, 0.0648
0.6900, 0.0648
0.6900, 0.0648
0.6900, 0.0648
0.6900, 0.0648
0.6943, 0.0679
0.6943, 0.0679
0.6943, 0.0679
0.6987, 0.0679
0.6987, 0.0679
0.6987, 0.0679
0.6987, 0.0679
0.6987, 0.0679
0.6987, 0.0679
0.7031, 0.0679
0.7031, 0.0679
0.7031, 0.0679
0.7031, 0.0679
0.7031, 0.0679
0.7031, 0.0679
0.7031, 0.0679
0.7031, 0.0679
0.7031, 0.0679
0.7031, 0.0679
0.7031, 0.0679
0.7031, 0.0679
0.7031, 0.0679
0.7074, 0.0679
0.7074, 0.0679
0.7074, 0.0679
0.7074, 0.0679
0.7074, 0.0679
0.7074, 0.0679
0.7118, 0.0679
0.7118, 0.0679
0.7118, 0.0679
0.7118, 0.0679
0.7118, 0.0679
0.7118, 0.0679
0.7118, 0.0679
0.7118, 0.0679
0.7118, 0.0679
0.7118, 0.0679
0.7118, 0.0710
0.7118, 0.0710
0.7118, 0.0710
0.7162, 0.0710
0.7162, 0.0710
0.7162, 0.0710
0.7205, 0.0710
0.7205, 0.0710
0.7205, 0.0710
0.7249, 0.0710
0.7249, 0.0710
0.7249, 0.0710
0.7249, 0.0710
0.7249, 0.0710
0.7249, 0.0710
0.7249, 0.0710
0.7249, 0.0710
0.7249, 0.0710
0.7249, 0.0710
0.7249, 0.0741
0.7249, 0.0741
0.7249, 0.0741
0.7293, 0.0741
0.7293, 0.0741
0.7336, 0.0741
0.7336, 0.0741
0.7336, 0.0741
0.7336, 0.0741
0.7336, 0.0741
0.7336, 0.0741
0.7336, 0.0741
0.7336, 0.0741
0.7336, 0.0741
0.7336, 0.0741
0.7336, 0.0741
0.7336, 0.0741
0.7336, 0.0741
0.7336, 0.0741
0.7380, 0.0741
0.7380, 0.0741
0.7424, 0.0741
0.7424, 0.0741
0.7424, 0.0741
0.7467, 0.0741
0.7467, 0.0741
0.7467, 0.0741
0.7467, 0.0741
0.7467, 0.0741
0.7467, 0.0741
0.7467, 0.0741
0.7467, 0.0741
0.7467, 0.0741
0.7511, 0.0741
0.7511, 0.0741
0.7511, 0.0741
0.7555, 0.0741
0.7555, 0.0741
0.7555, 0.0741
0.7555, 0.0741
0.7555, 0.0741
0.7555, 0.0741
0.7555, 0.0741
0.7555, 0.0741
0.7555, 0.0741
0.7598, 0.0741
0.7598, 0.0741
0.7598, 0.0741
0.7598, 0.0741
0.7598, 0.0741
0.7598, 0.0741
0.7642, 0.0741
0.7642, 0.0741
0.7642, 0.0741
0.7642, 0.0741
0.7642, 0.0741
0.7642, 0.0741
0.7642, 0.0741
0.7686, 0.0741
0.7686, 0.0741
0.7686, 0.0741
0.7729, 0.0741
0.7729, 0.0741
0.7729, 0.0741
0.7773, 0.0741
0.7773, 0.0741
0.7773, 0.0741
0.7817, 0.0741
0.7817, 0.0741
0.7817, 0.0741
0.7860, 0.0741
0.7860, 0.0741
0.7860, 0.0741
0.7904, 0.0741
0.7904, 0.0741
0.7904, 0.0741
0.7904, 0.0741
0.7904, 0.0741
0.7904, 0.0741
0.7904, 0.0741
0.7904, 0.0741
0.7904, 0.0741
0.7948, 0.0741
0.7948, 0.0741
0.7948, 0.0741
0.7991, 0.0741
0.7991, 0.0741
0.7991, 0.0741
0.7991, 0.0741
0.7991, 0.0741
0.7991, 0.0741
0.8035, 0.0710
0.8035, 0.0710
0.8035, 0.0710
0.8035, 0.0710
0.8035, 0.0710
0.8035, 0.0710
0.8035, 0.0710
0.8035, 0.0710
0.8035, 0.0710
0.8079, 0.0710
0.8079, 0.0710
0.8079, 0.0710
0.8079, 0.0710
0.8079, 0.0710
0.8079, 0.0710
0.8079, 0.0710
0.8079, 0.0710
0.8079, 0.0710
0.8079, 0.0710
0.8122, 0.0710
0.8122, 0.0710
0.8122, 0.0710
0.8122, 0.0710
0.8122, 0.0710
0.8122, 0.0710
0.8122, 0.0710
0.8122, 0.0710
0.8166, 0.0710
0.8166, 0.0710
0.8166, 0.0710
0.8210, 0.0710
0.8210, 0.0710
0.8210, 0.0710
0.8210, 0.0710
0.8210, 0.0710
0.8210, 0.0710
0.8210, 0.0710
0.8253, 0.0710
0.8253, 0.0710
0.8253, 0.0710
0.8253, 0.0710
0.8253, 0.0710
0.8253, 0.0710
0.8297, 0.0679
0.8297, 0.0679
0.8297, 0.0679
0.8341, 0.0679
0.8341, 0.0679
0.8341, 0.0679
0.8341, 0.0679
0.8341, 0.0679
0.8341, 0.0679
0.8341, 0.0679
0.8341, 0.0679
0.8341, 0.0679
0.8384, 0.0679
0.8384, 0.0679
0.8384, 0.0679
0.8384, 0.0679
0.8384, 0.0679
0.8384, 0.0679
0.8384, 0.0679
0.8384, 0.0679
0.8384, 0.0679
0.8428, 0.0679
0.8428, 0.0679
0.8428, 0.0679
0.8428, 0.0648
0.8428, 0.0648
0.8428, 0.0648
0.8428, 0.0648
0.8428, 0.0648
0.8428, 0.0648
0.8472, 0.0648
0.8472, 0.0648
0.8472, 0.0648
0.8472, 0.0648
0.8472, 0.0648
0.8472, 0.0648
0.8515, 0.0648
0.8515, 0.0648
0.8515, 0.0648
0.8515, 0.0648
0.8515, 0.0648
0.8515, 0.0648
0.8603, 0.0617
0.8603, 0.0617
0.8603, 0.0617
0.8646, 0.0617
0.8646, 0.0617
0.8646, 0.0617
0.8646, 0.0586
0.8646, 0.0586
0.8646, 0.0586
0.8690, 0.0586
0.8690, 0.0586
0.8690, 0.0586
0.8734, 0.0586
0.8734, 0.0586
0.8777, 0.0556
0.8777, 0.0556
0.8777, 0.0556
0.8777, 0.0556
0.8777, 0.0556
0.8777, 0.0556
0.8821, 0.0556
0.8821, 0.0556
0.8821, 0.0556
0.8821, 0.0556
0.8821, 0.0556
0.8821, 0.0556
0.8865, 0.0556
0.8865, 0.0556
0.8865, 0.0556
0.8865, 0.0556
0.8865, 0.0556
0.8865, 0.0556
0.8865, 0.0525
0.8865, 0.0525
0.8865, 0.0525
0.8865, 0.0525
0.8865, 0.0525
0.8865, 0.0525
0.8908, 0.0525
0.8908, 0.0525
0.8952, 0.0494
0.8952, 0.0494
0.8952, 0.0494
0.8996, 0.0494
0.8996, 0.0494
0.8996, 0.0494
0.8996, 0.0494
0.8996, 0.0494
0.8996, 0.0494
0.8996, 0.0494
0.9039, 0.0494
0.9039, 0.0494
0.9083, 0.0463
0.9083, 0.0463
0.9083, 0.0463
0.9127, 0.0463
0.9127, 0.0463
0.9127, 0.0463
0.9127, 0.0432
0.9127, 0.0432
0.9127, 0.0432
0.9170, 0.0432
0.9170, 0.0432
0.9170, 0.0432
0.9214, 0.0401
0.9214, 0.0401
0.9214, 0.0401
0.9214, 0.0401
0.9214, 0.0401
0.9214, 0.0401
0.9258, 0.0401
0.9258, 0.0401
0.9258, 0.0401
0.9301, 0.0401
0.9301, 0.0401
0.9345, 0.0370
0.9345, 0.0370
0.9345, 0.0370
0.9345, 0.0370
0.9345, 0.0370
0.9345, 0.0370
0.9345, 0.0370
0.9345, 0.0370
0.9345, 0.0370
0.9345, 0.0370
0.9345, 0.0340
0.9345, 0.0340
0.9345, 0.0340
0.9389, 0.0340
0.9389, 0.0340
0.9389, 0.0340
0.9389, 0.0340
0.9389, 0.0340
0.9432, 0.0340
0.9432, 0.0340
0.9432, 0.0340
0.9432, 0.0340
0.9432, 0.0340
0.9432, 0.0340
0.9432, 0.0340
0.9432, 0.0340
0.9432, 0.0340
0.9432, 0.0340
0.9476, 0.0340
0.9476, 0.0340
0.9520, 0.0309
0.9520, 0.0309
0.9520, 0.0309
0.9520, 0.0309
0.9520, 0.0309
0.9520, 0.0309
0.9520, 0.0309
0.9520, 0.0309
0.9520, 0.0309
0.9520, 0.0309
0.9520, 0.0309
0.9520, 0.0309
0.9520, 0.0309
0.9563, 0.0278
0.9563, 0.0278
0.9563, 0.0278
0.9607, 0.0278
0.9607, 0.0278
0.9607, 0.0278
0.9607, 0.0278
0.9607, 0.0278
0.9607, 0.0278
0.9651, 0.0278
0.9651, 0.0278
0.9651, 0.0247
0.9651, 0.0247
0.9651, 0.0247
0.9651, 0.0247
0.9651, 0.0247
0.9651, 0.0247
0.9651, 0.0247
0.9651, 0.0247
0.9651, 0.0247
0.9694, 0.0247
0.9694, 0.0247
0.9694, 0.0247
0.9738, 0.0247
0.9738, 0.0247
0.9738, 0.0247
0.9738, 0.0216
0.9738, 0.0216
0.9782, 0.0216
0.9782, 0.0216
0.9782, 0.0216
0.9825, 0.0185
0.9825, 0.0185
0.9825, 0.0185
0.9869, 0.0185
0.9869, 0.0185
0.9869, 0.0185
0.9869, 0.0185
0.9869, 0.0185
0.9869, 0.0185
0.9913, 0.0185
0.9913, 0.0185
0.9913, 0.0185
0.9956, 0.0185
0.9956, 0.0185
0.9956, 0.0185
0.9956, 0.0154
0.9956, 0.0154
0.9956, 0.0154
0.9956, 0.0154
0.9956, 0.0154
1.0000, 0.0154
1.0000, 0.0154
1.0000, 0.0154
1.0000, 0.0154
1.0000, 0.0154
1.0000, 0.0154
1.0000, 0.0154
1.0000, 0.0154
1.0000, 0.0154
1.0000, 0.0154
1.0000, 0.0154
1.0000, 0.0154
1.0000, 0.0154
1.0000, 0.0154
1.0000, 0.0154
1.0000, 0.0154
1.0000, 0.0154
1.0000, 0.0154
1.0000, 0.0154
1.0000, 0.0154
1.0000, 0.0154
1.0000, 0.0154
1.0000, 0.0154
1.0000, 0.0154
1.0000, 0.0154
1.0000, 0.0154
1.0000, 0.0154
1.0000, 0.0154
1.0000, 0.0154
1.0000, 0.0154
1.0000, 0.0154
1.0000, 0.0154
1.0000, 0.0154
1.0000, 0.0154
1.0000, 0.0154
1.0000, 0.0154
1.0000, 0.0154
1.0000, 0.0154
1.0000, 0.0154
1.0000, 0.0154
1.0000, 0.0154
1.0000, 0.0154
1.0000, 0.0154
1.0000, 0.0154
1.0000, 0.0154
1.0000, 0.0154
1.0000, 0.0154
1.0000, 0.0154
1.0000, 0.0154
1.0000, 0.0154
1.0000, 0.0154
1.0000, 0.0154
1.0000, 0.0154
1.0000, 0.0154
1.0000, 0.0154
1.0000, 0.0154
1.0000, 0.0154
1.0000, 0.0154
1.0000, 0.0154
1.0000, 0.0154
1.0000, 0.0154
1.0000, 0.0154
1.0000, 0.0154
1.0000, 0.0154
1.0000, 0.0154
1.0000, 0.0154
1.0000, 0.0154
1.0000, 0.0154
1.0000, 0.0154
1.0000, 0.0154
1.0000, 0.0154
1.0000, 0.0154
1.0000, 0.0154
1.0000, 0.0154
1.0000, 0.0154
1.0000, 0.0154
1.0000, 0.0154
1.0000, 0.0154
1.0000, 0.0154
1.0000, 0.0154
1.0000, 0.0154
1.0000, 0.0154
0.0000, 1.0000
0.0000, 1.0000
0.0000, 1.0000
0.0000, 1.0000
0.0000, 1.0000
0.0000, 1.0000
0.0000, 1.0000
0.0000, 1.0000
0.0000, 1.0000
0.0000, 1.0000
0.0000, 1.0000
0.0000, 1.0000
0.0000, 1.0000
0.0000, 1.0000
0.0000, 1.0000
0.0000, 1.0000
0.0000, 1.0000
0.0000, 1.0000
0.0000, 1.0000
0.0000, 1.0000
0.0000, 1.0000
0.0000, 1.0000
0.0000, 1.0000
0.0000, 1.0000
0.0000, 1.0000
0.0000, 1.0000
0.0000, 1.0000
0.0000, 1.0000
0.0000, 1.0000
0.0000, 1.0000
0.0000, 1.0000
0.0000, 1.0000
0.0000, 1.0000
0.0000, 1.0000
0.0000, 1.0000
0.0000, 1.0000
0.0000, 1.0000
0.0000, 1.0000
0.0000, 1.0000
0.0000, 1.0000
0.0000, 1.0000
0.0000, 1.0000
0.0000, 1.0000
0.0000, 1.0000
0.0000, 1.0000
0.0000, 1.0000
0.0000, 1.0000
0.0000, 1.0000
0.0000, 1.0000
