0.1013, 0.0590
0.1013, 0.0590
0.1013, 0.0590
0.1013, 0.0590
0.1013, 0.0590
0.1013, 0.0590
0.1013, 0.0590
0.1013, 0.0590
0.1013, 0.0559
0.1013, 0.0559
0.1013, 0.0559
0.1013, 0.0559
0.1055, 0.0559
0.1055, 0.0559
0.1055, 0.0559
0.1055, 0.0559
0.1055, 0.0559
0.1055, 0.0559
0.1055, 0.0559
0.1055, 0.0559
0.1055, 0.0559
0.1055, 0.0559
0.1055, 0.0559
0.1055, 0.0559
0.1055, 0.0559
0.1055, 0.0559
0.1055, 0.0559
0.1055, 0.0559
0.1055, 0.0559
0.1055, 0.0559
0.1055, 0.0559
0.1055, 0.0559
0.1055, 0.0559
0.1055, 0.0559
0.1055, 0.0559
0.1055, 0.0559
0.1055, 0.0559
0.1055, 0.0559
0.1055, 0.0559
0.1055, 0.0559
0.1097, 0.0528
0.1097, 0.0528
0.1097, 0.0528
0.1097, 0.0528
0.1097, 0.0528
0.1097, 0.0528
0.1097, 0.0528
0.1097, 0.0528
0.1097, 0.0528
0.1097, 0.0528
0.1097, 0.0528
0.1097, 0.0528
0.1097, 0.0528
0.1097, 0.0528
0.1097, 0.0528
0.1097, 0.0528
0.1097, 0.0528
0.1097, 0.0528
0.1097, 0.0528
0.1097, 0.0528
0.1097, 0.0528
0.1097, 0.0528
0.1097, 0.0528
0.1097, 0.0528
0.1097, 0.0528
0.1097, 0.0528
0.1097, 0.0528
0.1097, 0.0528
0.1097, 0.0528
0.1097, 0.0528
0.1097, 0.0528
0.1097, 0.0528
0.1097, 0.0528
0.1097, 0.0528
0.1097, 0.0528
0.1097, 0.0528
0.1097, 0.0528
0.1097, 0.0528
0.1097, 0.0528
0.1097, 0.0528
0.1097, 0.0528
0.1097, 0.0528
0.1097, 0.0528
0.1097, 0.0528
0.1097, 0.0528
0.1097, 0.0528
0.1097, 0.0528
0.1097, 0.0528
0.1097, 0.0528
0.1097, 0.0528
0.1097, 0.0528
0.1097, 0.0528
0.1097, 0.0528
0.1139, 0.0528
0.1139, 0.0528
0.1139, 0.0528
0.1139, 0.0528
0.1139, 0.0528
0.1139, 0.0528
0.1139, 0.0528
0.1139, 0.0528
0.1139, 0.0528
0.1139, 0.0497
0.1139, 0.0497
0.1139, 0.0497
0.1139, 0.0497
0.1139, 0.0497
0.1139, 0.0497
0.1139, 0.0497
0.1139, 0.0497
0.1139, 0.0497
0.1181, 0.0497
0.1181, 0.0497
0.1181, 0.0497
0.1181, 0.0497
0.1181, 0.0497
0.1181, 0.0497
0.1181, 0.0497
0.1181, 0.0497
0.1181, 0.0497
0.1181, 0.0497
0.1181, 0.0497
0.1181, 0.0497
0.1181, 0.0497
0.1181, 0.0466
0.1181, 0.0466
0.1181, 0.0466
0.1181, 0.0466
0.1181, 0.0466
0.1181, 0.0466
0.1181, 0.0466
0.1181, 0.0466
0.1181, 0.0466
0.1224, 0.0466
0.1224, 0.0466
0.1224, 0.0466
0.1224, 0.0466
0.1224, 0.0466
0.1224, 0.0466
0.1224, 0.0466
0.1224, 0.0466
0.1224, 0.0466
0.1224, 0.0435
0.1224, 0.0435
0.1224, 0.0435
0.1224, 0.0435
0.1224, 0.0435
0.1224, 0.0435
0.1224, 0.0435
0.1224, 0.0435
0.1224, 0.0435
0.1224, 0.0435
0.1224, 0.0435
0.1224, 0.0435
0.1224, 0.0435
0.1224, 0.0435
0.1224, 0.0435
0.1224, 0.0435
0.1224, 0.0435
0.1266, 0.0435
0.1266, 0.0435
0.1266, 0.0435
0.1266, 0.0435
0.1266, 0.0435
0.1266, 0.0435
0.1266, 0.0435
0.1266, 0.0435
0.1266, 0.0435
0.1266, 0.0435
0.1266, 0.0435
0.1266, 0.0435
0.1266, 0.0435
0.1308, 0.0404
0.1308, 0.0404
0.1308, 0.0404
0.1308, 0.0404
0.1308, 0.0404
0.1308, 0.0404
0.1308, 0.0404
0.1308, 0.0404
0.1308, 0.0404
0.1308, 0.0404
0.1308, 0.0404
0.1308, 0.0404
0.1308, 0.0404
0.1308, 0.0404
0.1308, 0.0404
0.1308, 0.0404
0.1308, 0.0404
0.1308, 0.0404
0.1308, 0.0404
0.1308, 0.0404
0.1308, 0.0404
0.1308, 0.0404
0.1308, 0.0404
0.1308, 0.0373
0.1308, 0.0373
0.1308, 0.0373
0.1308, 0.0373
0.1308, 0.0373
0.1308, 0.0373
0.1308, 0.0373
0.1308, 0.0373
0.1308, 0.0373
0.1308, 0.0373
0.1308, 0.0373
0.1308, 0.0373
0.1308, 0.0373
0.1308, 0.0373
0.1308, 0.0373
0.1308, 0.0373
0.1308, 0.0373
0.1350, 0.0373
0.1350, 0.0373
0.1350, 0.0373
0.1350, 0.0373
0.1350, 0.0373
0.1350, 0.0373
0.1350, 0.0373
0.1350, 0.0373
0.1350, 0.0373
0.1350, 0.0373
0.1350, 0.0373
0.1350, 0.0373
0.1392, 0.0373
0.1392, 0.0373
0.1392, 0.0373
0.1392, 0.0373
0.1392, 0.0373
0.1392, 0.0373
0.1392, 0.0373
0.1392, 0.0342
0.1392, 0.0342
0.1392, 0.0342
0.1392, 0.0342
0.1392, 0.0342
0.1392, 0.0342
0.1392, 0.0342
0.1392, 0.0342
0.1392, 0.0342
0.1392, 0.0342
0.1392, 0.0342
0.1392, 0.0342
0.1392, 0.0342
0.1392, 0.0342
0.1392, 0.0342
0.1392, 0.0342
0.1392, 0.0342
0.1392, 0.0342
0.1392, 0.0342
0.1392, 0.0342
0.1392, 0.0342
0.1392, 0.0342
0.1392, 0.0342
0.1392, 0.0342
0.1392, 0.0342
0.1392, 0.0342
0.1392, 0.0342
0.1392, 0.0342
0.1392, 0.0342
0.1392, 0.0342
0.1392, 0.0342
0.1392, 0.0342
0.1392, 0.0342
0.1392, 0.0342
0.1392, 0.0342
0.1392, 0.0342
0.1435, 0.0311
0.1435, 0.0311
0.1435, 0.0311
0.1435, 0.0311
0.1435, 0.0311
0.1435, 0.0311
0.1435, 0.0311
0.1435, 0.0311
0.1435, 0.0311
0.1435, 0.0311
0.1435, 0.0311
0.1435, 0.0311
0.1477, 0.0311
0.1477, 0.0311
0.1477, 0.0311
0.1477, 0.0311
0.1477, 0.0311
0.1477, 0.0311
0.1477, 0.0311
0.1477, 0.0311
0.1477, 0.0311
0.1477, 0.0311
0.1477, 0.0311
0.1477, 0.0311
0.1477, 0.0280
0.1477, 0.0280
0.1477, 0.0280
0.1477, 0.0280
0.1519, 0.0280
0.1519, 0.0280
0.1519, 0.0280
0.1519, 0.0280
0.1519, 0.0280
0.1519, 0.0280
0.1519, 0.0280
0.1519, 0.0280
0.1519, 0.0280
0.1519, 0.0280
0.1519, 0.0280
0.1519, 0.0280
0.1519, 0.0280
0.1519, 0.0280
0.1519, 0.0280
0.1519, 0.0280
0.1519, 0.0280
0.1519, 0.0280
0.1519, 0.0280
0.1519, 0.0280
0.1519, 0.0280
0.1519, 0.0280
0.1519, 0.0280
0.1519, 0.0280
0.1519, 0.0280
0.1519, 0.0280
0.1519, 0.0280
0.1519, 0.0280
0.1519, 0.0280
0.1519, 0.0280
0.1519, 0.0280
0.1519, 0.0280
0.1519, 0.0280
0.1519, 0.0280
0.1519, 0.0280
0.1519, 0.0280
0.1519, 0.0280
0.1519, 0.0280
0.1519, 0.0280
0.1561, 0.0280
0.1561, 0.0280
0.1561, 0.0280
0.1561, 0.0280
0.1561, 0.0280
0.1561, 0.0280
0.1561, 0.0280
0.1561, 0.0280
0.1561, 0.0280
0.1561, 0.0280
0.1561, 0.0280
0.1561, 0.0280
0.1561, 0.0280
0.1561, 0.0280
0.1561, 0.0280
0.1561, 0.0280
0.1561, 0.0280
0.1603, 0.0280
0.1603, 0.0280
0.1603, 0.0280
0.1603, 0.0280
0.1603, 0.0248
0.1603, 0.0248
0.1603, 0.0248
0.1603, 0.0248
0.1603, 0.0248
0.1603, 0.0248
0.1603, 0.0248
0.1603, 0.0248
0.1603, 0.0248
0.1603, 0.0248
0.1603, 0.0248
0.1646, 0.0248
0.1646, 0.0248
0.1646, 0.0248
0.1646, 0.0248
0.1646, 0.0248
0.1646, 0.0248
0.1646, 0.0248
0.1646, 0.0248
0.1688, 0.0248
0.1688, 0.0248
0.1688, 0.0248
0.1688, 0.0248
0.1688, 0.0217
0.1688, 0.0217
0.1688, 0.0217
0.1688, 0.0217
0.1730, 0.0217
0.1730, 0.0217
0.1730, 0.0217
0.1730, 0.0217
0.1730, 0.0217
0.1730, 0.0217
0.1730, 0.0217
0.1730, 0.0217
0.1730, 0.0217
0.1730, 0.0217
0.1730, 0.0217
0.1730, 0.0217
0.1730, 0.0217
0.1730, 0.0217
0.1730, 0.0217
0.1730, 0.0217
0.1730, 0.0217
0.1730, 0.0217
0.1730, 0.0217
0.1730, 0.0217
0.1772, 0.0217
0.1772, 0.0217
0.1772, 0.0217
0.1772, 0.0217
0.1772, 0.0217
0.1772, 0.0217
0.1772, 0.0217
0.1772, 0.0217
0.1814, 0.0217
0.1814, 0.0217
0.1814, 0.0217
0.1814, 0.0217
0.1814, 0.0217
0.1814, 0.0217
0.1814, 0.0217
0.1814, 0.0217
0.1814, 0.0217
0.1814, 0.0217
0.1814, 0.0217
0.1814, 0.0217
0.1814, 0.0217
0.1814, 0.0217
0.1814, 0.0217
0.1814, 0.0217
0.1814, 0.0217
0.1857, 0.0217
0.1857, 0.0217
0.1857, 0.0217
0.1857, 0.0217
0.1857, 0.0217
0.1857, 0.0217
0.1857, 0.0217
0.1857, 0.0217
0.1899, 0.0186
0.1899, 0.0186
0.1899, 0.0186
0.1899, 0.0186
0.1899, 0.0186
0.1899, 0.0186
0.1899, 0.0186
0.1899, 0.0186
0.1941, 0.0186
0.1941, 0.0186
0.1941, 0.0186
0.1941, 0.0186
0.1941, 0.0186
0.1941, 0.0186
0.1941, 0.0186
0.1941, 0.0186
0.1941, 0.0186
0.1941, 0.0186
0.1941, 0.0186
0.1941, 0.0186
0.1941, 0.0186
0.1941, 0.0186
0.1941, 0.0186
0.1941, 0.0186
0.1941, 0.0186
0.1941, 0.0186
0.1941, 0.0186
0.1983, 0.0186
0.1983, 0.0186
0.1983, 0.0186
0.1983, 0.0186
0.1983, 0.0186
0.1983, 0.0186
0.1983, 0.0186
0.1983, 0.0186
0.1983, 0.0186
0.1983, 0.0186
0.1983, 0.0186
0.1983, 0.0186
0.1983, 0.0186
0.1983, 0.0186
0.1983, 0.0186
0.2025, 0.0155
0.2025, 0.0155
0.2025, 0.0155
0.2025, 0.0155
0.2025, 0.0155
0.2025, 0.0155
0.2025, 0.0155
0.2025, 0.0155
0.2025, 0.0155
0.2025, 0.0155
0.2025, 0.0155
0.2025, 0.0155
0.2025, 0.0155
0.2025, 0.0155
0.2025, 0.0155
0.2025, 0.0155
0.2025, 0.0155
0.2025, 0.0155
0.2025, 0.0155
0.2025, 0.0155
0.2025, 0.0155
0.2025, 0.0155
0.2025, 0.0155
0.2025, 0.0155
0.2025, 0.0155
0.2025, 0.0155
0.2025, 0.0155
0.2025, 0.0155
0.2068, 0.0155
0.2068, 0.0155
0.2068, 0.0155
0.2068, 0.0155
0.2068, 0.0155
0.2068, 0.0155
0.2068, 0.0155
0.2068, 0.0155
0.2110, 0.0155
0.2110, 0.0155
0.2110, 0.0155
0.2110, 0.0155
0.2110, 0.0155
0.2110, 0.0155
0.2110, 0.0155
0.2110, 0.0155
0.2110, 0.0124
0.2110, 0.0124
0.2110, 0.0124
0.2110, 0.0124
0.2152, 0.0124
0.2152, 0.0124
0.2152, 0.0124
0.2152, 0.0124
0.2152, 0.0124
0.2152, 0.0124
0.2152, 0.0124
0.2152, 0.0124
0.2152, 0.0124
0.2152, 0.0124
0.2152, 0.0124
0.2152, 0.0124
0.2152, 0.0124
0.2152, 0.0124
0.2152, 0.0124
0.2152, 0.0124
0.2152, 0.0124
0.2152, 0.0124
0.2152, 0.0124
0.2152, 0.0124
0.2152, 0.0124
0.2152, 0.0124
0.2152, 0.0124
0.2152, 0.0124
0.2152, 0.0124
0.2152, 0.0124
0.2152, 0.0124
0.2194, 0.0124
0.2194, 0.0124
0.2194, 0.0124
0.2194, 0.0124
0.2194, 0.0124
0.2194, 0.0124
0.2194, 0.0124
0.2194, 0.0124
0.2194, 0.0124
0.2194, 0.0124
0.2194, 0.0124
0.2194, 0.0124
0.2194, 0.0124
0.2194, 0.0124
0.2194, 0.0124
0.2236, 0.0124
0.2236, 0.0124
0.2236, 0.0124
0.2236, 0.0124
0.2236, 0.0124
0.2236, 0.0124
0.2236, 0.0124
0.2236, 0.0124
0.2236, 0.0124
0.2236, 0.0124
0.2236, 0.0124
0.2236, 0.0124
0.2236, 0.0124
0.2236, 0.0124
0.2236, 0.0124
0.2236, 0.0124
0.2236, 0.0124
0.2236, 0.0124
0.2236, 0.0124
0.2236, 0.0124
0.2236, 0.0124
0.2236, 0.0124
0.2236, 0.0124
0.2236, 0.0124
0.2236, 0.0124
0.2236, 0.0124
0.2236, 0.0124
0.2236, 0.0124
0.2236, 0.0124
0.2236, 0.0124
0.2236, 0.0124
0.2236, 0.0124
0.2236, 0.0124
0.2236, 0.0124
0.2236, 0.0124
0.2236, 0.0124
0.2236, 0.0124
0.2236, 0.0124
0.2236, 0.0124
0.2278, 0.0124
0.2278, 0.0124
0.2278, 0.0124
0.2278, 0.0124
0.2278, 0.0124
0.2278, 0.0124
0.2278, 0.0124
0.2278, 0.0124
0.2278, 0.0124
0.2278, 0.0124
0.2278, 0.0124
0.2278, 0.0124
0.2278, 0.0124
0.2278, 0.0124
0.2278, 0.0124
0.2278, 0.0124
0.2278, 0.0124
0.2278, 0.0124
0.2278, 0.0124
0.2321, 0.0124
0.2321, 0.0124
0.2321, 0.0124
0.2321, 0.0124
0.2321, 0.0124
0.2321, 0.0124
0.2321, 0.0124
0.2321, 0.0124
0.2321, 0.0124
0.2321, 0.0124
0.2321, 0.0124
0.2363, 0.0124
0.2363, 0.0124
0.2363, 0.0124
0.2363, 0.0124
0.2363, 0.0124
0.2363, 0.0124
0.2363, 0.0124
0.2363, 0.0124
0.2363, 0.0124
0.2363, 0.0124
0.2363, 0.0124
0.2363, 0.0124
0.2363, 0.0124
0.2363, 0.0124
0.2363, 0.0124
0.2363, 0.0124
0.2363, 0.0124
0.2363, 0.0124
0.2363, 0.0124
0.2363, 0.0124
0.2363, 0.0124
0.2363, 0.0124
0.2363, 0.0124
0.2363, 0.0124
0.2363, 0.0124
0.2363, 0.0124
0.2363, 0.0124
0.2363, 0.0124
0.2405, 0.0093
0.2405, 0.0093
0.2405, 0.0093
0.2405, 0.0093
0.2405, 0.0093
0.2405, 0.0093
0.2405, 0.0093
0.2405, 0.0093
0.2447, 0.0093
0.2447, 0.0093
0.2447, 0.0093
0.2447, 0.0093
0.2447, 0.0093
0.2447, 0.0093
0.2447, 0.0093
0.2447, 0.0093
0.2447, 0.0093
0.2447, 0.0093
0.2447, 0.0093
0.2447, 0.0093
0.2447, 0.0093
0.2447, 0.0093
0.2447, 0.0093
0.2489, 0.0093
0.2489, 0.0093
0.2489, 0.0093
0.2532, 0.0093
0.2532, 0.0093
0.2532, 0.0093
0.2532, 0.0093
0.2532, 0.0062
0.2532, 0.0062
0.2532, 0.0062
0.2574, 0.0062
0.2574, 0.0062
0.2574, 0.0062
0.2574, 0.0062
0.2574, 0.0062
0.2574, 0.0062
0.2574, 0.0062
0.2574, 0.0062
0.2574, 0.0062
0.2574, 0.0062
0.2574, 0.0062
0.2616, 0.0062
0.2616, 0.0062
0.2616, 0.0062
0.2616, 0.0062
0.2616, 0.0062
0.2616, 0.0062
0.2616, 0.0062
0.2658, 0.0062
0.2658, 0.0062
0.2658, 0.0062
0.2658, 0.0062
0.2658, 0.0062
0.2658, 0.0062
0.2658, 0.0062
0.2658, 0.0062
0.2658, 0.0062
0.2658, 0.0062
0.2658, 0.0062
0.2658, 0.0062
0.2658, 0.0062
0.2658, 0.0062
0.2658, 0.0062
0.2658, 0.0062
0.2658, 0.0062
0.2658, 0.0062
0.2700, 0.0062
0.2700, 0.0062
0.2700, 0.0062
0.2700, 0.0062
0.2700, 0.0062
0.2700, 0.0062
0.2700, 0.0062
0.2700, 0.0062
0.2743, 0.0062
0.2743, 0.0062
0.2743, 0.0062
0.2743, 0.0062
0.2743, 0.0062
0.2743, 0.0062
0.2743, 0.0062
0.2743, 0.0062
0.2743, 0.0062
0.2743, 0.0062
0.2743, 0.0062
0.2743, 0.0062
0.2743, 0.0062
0.2743, 0.0062
0.2743, 0.0062
0.2743, 0.0062
0.2743, 0.0062
0.2743, 0.0062
0.2743, 0.0062
0.2785, 0.0062
0.2785, 0.0062
0.2785, 0.0062
0.2785, 0.0062
0.2785, 0.0062
0.2785, 0.0062
0.2785, 0.0062
0.2785, 0.0062
0.2785, 0.0062
0.2785, 0.0062
0.2785, 0.0062
0.2827, 0.0062
0.2827, 0.0062
0.2827, 0.0062
0.2827, 0.0062
0.2827, 0.0062
0.2827, 0.0062
0.2827, 0.0062
0.2869, 0.0062
0.2869, 0.0062
0.2869, 0.0062
0.2869, 0.0062
0.2869, 0.0062
0.2869, 0.0062
0.2869, 0.0062
0.2869, 0.0062
0.2869, 0.0062
0.2869, 0.0062
0.2869, 0.0062
0.2869, 0.0031
0.2869, 0.0031
0.2869, 0.0031
0.2869, 0.0031
0.2869, 0.0031
0.2869, 0.0031
0.2869, 0.0031
0.2869, 0.0031
0.2869, 0.0031
0.2869, 0.0031
0.2869, 0.0031
0.2869, 0.0031
0.2869, 0.0031
0.2869, 0.0031
0.2869, 0.0031
0.2911, 0.0031
0.2911, 0.0031
0.2911, 0.0031
0.2911, 0.0031
0.2911, 0.0031
0.2911, 0.0031
0.2911, 0.0031
0.2911, 0.0031
0.2911, 0.0031
0.2911, 0.0031
0.2911, 0.0031
0.2954, 0.0031
0.2954, 0.0031
0.2954, 0.0031
0.2954, 0.0031
0.2954, 0.0031
0.2954, 0.0031
0.2954, 0.0031
0.2954, 0.0031
0.2954, 0.0031
0.2954, 0.0031
0.2954, 0.0031
0.2954, 0.0031
0.2954, 0.0031
0.2954, 0.0031
0.2954, 0.0031
0.2996, 0.0031
0.2996, 0.0031
0.3038, 0.0031
0.3038, 0.0031
0.3038, 0.0031
0.3038, 0.0031
0.3038, 0.0031
0.3038, 0.0031
0.3038, 0.0031
0.3080, 0.0031
0.3080, 0.0031
0.3080, 0.0031
0.3080, 0.0031
0.3080, 0.0031
0.3080, 0.0031
0.3080, 0.0031
0.3080, 0.0031
0.3080, 0.0031
0.3080, 0.0031
0.3080, 0.0031
0.3080, 0.0031
0.3080, 0.0031
0.3080, 0.0031
0.3080, 0.0031
0.3122, 0.0031
0.3122, 0.0031
0.3122, 0.0031
0.3122, 0.0031
0.3122, 0.0031
0.3122, 0.0031
0.3122, 0.0031
0.3165, 0.0000
0.3165, 0.0000
0.3165, 0.0000
0.3165, 0.0000
0.3165, 0.0000
0.3165, 0.0000
0.3165, 0.0000
0.3165, 0.0000
0.3165, 0.0000
0.3165, 0.0000
0.3165, 0.0000
0.3165, 0.0000
0.3165, 0.0000
0.3165, 0.0000
0.3207, 0.0000
0.3207, 0.0000
0.3207, 0.0000
0.3207, 0.0000
0.3207, 0.0000
0.3207, 0.0000
0.3207, 0.0000
0.3207, 0.0000
0.3207, 0.0000
0.3207, 0.0000
0.3207, 0.0000
0.3207, 0.0000
0.3249, 0.0000
0.3249, 0.0000
0.3249, 0.0000
0.3249, 0.0000
0.3249, 0.0000
0.3249, 0.0000
0.3249, 0.0000
0.3249, 0.0000
0.3249, 0.0000
0.3249, 0.0000
0.3249, 0.0000
0.3291, 0.0000
0.3291, 0.0000
0.3291, 0.0000
0.3291, 0.0000
0.3291, 0.0000
0.3291, 0.0000
0.3291, 0.0000
0.3291, 0.0000
0.3291, 0.0000
0.3291, 0.0000
0.3291, 0.0000
0.3291, 0.0000
0.3291, 0.0000
0.3291, 0.0000
0.3291, 0.0000
0.3291, 0.0000
0.3291, 0.0000
0.3291, 0.0000
0.3333, 0.0000
0.3333, 0.0000
0.3333, 0.0000
0.3333, 0.0000
0.3333, 0.0000
0.3333, 0.0000
0.3333, 0.0000
0.3333, 0.0000
0.3333, 0.0000
0.3333, 0.0000
0.3333, 0.0000
0.3376, 0.0000
0.3376, 0.0000
0.3376, 0.0000
0.3376, 0.0000
0.3376, 0.0000
0.3376, 0.0000
0.3376, 0.0000
0.3376, 0.0000
0.3376, 0.0000
0.3376, 0.0000
0.3376, 0.0000
0.3376, 0.0000
0.3376, 0.0000
0.3376, 0.0000
0.3376, 0.0000
0.3418, 0.0000
0.3418, 0.0000
0.3418, 0.0000
0.3460, 0.0000
0.3460, 0.0000
0.3460, 0.0000
0.3460, 0.0000
0.3460, 0.0000
0.3460, 0.0000
0.3460, 0.0000
0.3502, 0.0000
0.3502, 0.0000
0.3502, 0.0000
0.3502, 0.0000
0.3502, 0.0000
0.3502, 0.0000
0.3502, 0.0000
0.3502, 0.0000
0.3502, 0.0000
0.3502, 0.0000
0.3502, 0.0000
0.3544, 0.0000
0.3544, 0.0000
0.3544, 0.0000
0.3586, 0.0000
0.3586, 0.0000
0.3586, 0.0000
0.3586, 0.0000
0.3586, 0.0000
0.3586, 0.0000
0.3586, 0.0000
0.3586, 0.0000
0.3586, 0.0000
0.3586, 0.0000
0.3586, 0.0000
0.3586, 0.0000
0.3586, 0.0000
0.3586, 0.0000
0.3586, 0.0000
0.3586, 0.0000
0.3586, 0.0000
0.3586, 0.0000
0.3586, 0.0000
0.3586, 0.0000
0.3586, 0.0000
0.3586, 0.0000
0.3586, 0.0000
0.3629, 0.0000
0.3629, 0.0000
0.3629, 0.0000
0.3629, 0.0000
0.3629, 0.0000
0.3629, 0.0000
0.3629, 0.0000
0.3671, 0.0000
0.3671, 0.0000
0.3671, 0.0000
0.3671, 0.0000
0.3671, 0.0000
0.3671, 0.0000
0.3671, 0.0000
0.3713, 0.0000
0.3713, 0.0000
0.3713, 0.0000
0.3713, 0.0000
0.3713, 0.0000
0.3713, 0.0000
0.3713, 0.0000
0.3713, 0.0000
0.3713, 0.0000
0.3713, 0.0000
0.3713, 0.0000
0.3713, 0.0000
0.3713, 0.0000
0.3713, 0.0000
0.3755, 0.0000
0.3755, 0.0000
0.3755, 0.0000
0.3755, 0.0000
0.3797, 0.0000
0.3797, 0.0000
0.3797, 0.0000
0.3797, 0.0000
0.3797, 0.0000
0.3797, 0.0000
0.3797, 0.0000
0.3797, 0.0000
0.3797, 0.0000
0.3797, 0.0000
0.3797, 0.0000
0.3797, 0.0000
0.3797, 0.0000
0.3797, 0.0000
0.3840, 0.0000
0.3840, 0.0000
0.3840, 0.0000
0.3840, 0.0000
0.3840, 0.0000
0.3840, 0.0000
0.3840, 0.0000
0.3882, 0.0031
0.3882, 0.0031
0.3882, 0.0031
0.3882, 0.0031
0.3882, 0.0031
0.3882, 0.0031
0.3924, 0.0031
0.3924, 0.0031
0.3924, 0.0031
0.3924, 0.0031
0.3924, 0.0031
0.3924, 0.0031
0.3924, 0.0031
0.3924, 0.0031
0.3924, 0.0031
0.3924, 0.0031
0.3924, 0.0031
0.3924, 0.0031
0.3924, 0.0031
0.3924, 0.0031
0.3924, 0.0031
0.3924, 0.0031
0.3924, 0.0031
0.3924, 0.0031
0.3966, 0.0031
0.3966, 0.0031
0.3966, 0.0031
0.3966, 0.0031
0.3966, 0.0031
0.3966, 0.0031
0.3966, 0.0031
0.4008, 0.0031
0.4008, 0.0031
0.4008, 0.0031
0.4008, 0.0031
0.4008, 0.0031
0.4008, 0.0031
0.4008, 0.0031
0.4008, 0.0031
0.4008, 0.0031
0.4008, 0.0031
0.4008, 0.0031
0.4008, 0.0031
0.4008, 0.0031
0.4008, 0.0031
0.4008, 0.0031
0.4008, 0.0031
0.4008, 0.0031
0.4051, 0.0062
0.4051, 0.0062
0.4051, 0.0062
0.4051, 0.0062
0.4051, 0.0062
0.4051, 0.0062
0.4051, 0.0062
0.4051, 0.0062
0.4051, 0.0062
0.4051, 0.0062
0.4051, 0.0062
0.4093, 0.0062
0.4093, 0.0062
0.4093, 0.0062
0.4093, 0.0062
0.4093, 0.0062
0.4093, 0.0062
0.4093, 0.0062
0.4093, 0.0062
0.4093, 0.0062
0.4093, 0.0062
0.4093, 0.0062
0.4093, 0.0062
0.4093, 0.0062
0.4093, 0.0062
0.4093, 0.0062
0.4093, 0.0062
0.4093, 0.0062
0.4093, 0.0062
0.4135, 0.0093
0.4135, 0.0093
0.4135, 0.0093
0.4135, 0.0093
0.4135, 0.0093
0.4135, 0.0093
0.4135, 0.0093
0.4135, 0.0093
0.4135, 0.0093
0.4135, 0.0093
0.4177, 0.0093
0.4177, 0.0093
0.4177, 0.0093
0.4177, 0.0093
0.4177, 0.0093
0.4177, 0.0093
0.4177, 0.0093
0.4219, 0.0093
0.4219, 0.0093
0.4219, 0.0093
0.4219, 0.0093
0.4219, 0.0093
0.4219, 0.0093
0.4219, 0.0093
0.4219, 0.0093
0.4219, 0.0093
0.4219, 0.0093
0.4219, 0.0093
0.4219, 0.0093
0.4219, 0.0093
0.4219, 0.0093
0.4219, 0.0093
0.4219, 0.0093
0.4219, 0.0093
0.4219, 0.0093
0.4219, 0.0093
0.4219, 0.0093
0.4219, 0.0093
0.4262, 0.0093
0.4262, 0.0093
0.4262, 0.0093
0.4262, 0.0093
0.4262, 0.0093
0.4262, 0.0093
0.4262, 0.0093
0.4304, 0.0093
0.4304, 0.0093
0.4304, 0.0093
0.4304, 0.0124
0.4304, 0.0124
0.4304, 0.0124
0.4304, 0.0124
0.4304, 0.0124
0.4304, 0.0124
0.4304, 0.0124
0.4304, 0.0124
0.4304, 0.0124
0.4304, 0.0124
0.4304, 0.0124
0.4346, 0.0124
0.4346, 0.0124
0.4346, 0.0124
0.4346, 0.0124
0.4346, 0.0124
0.4346, 0.0124
0.4388, 0.0124
0.4388, 0.0124
0.4388, 0.0124
0.4388, 0.0124
0.4388, 0.0124
0.4388, 0.0124
0.4388, 0.0124
0.4388, 0.0124
0.4388, 0.0124
0.4388, 0.0124
0.4388, 0.0124
0.4430, 0.0155
0.4430, 0.0155
0.4430, 0.0155
0.4430, 0.0155
0.4430, 0.0155
0.4430, 0.0155
0.4430, 0.0155
0.4430, 0.0155
0.4430, 0.0155
0.4430, 0.0155
0.4430, 0.0155
0.4430, 0.0155
0.4430, 0.0155
0.4430, 0.0155
0.4430, 0.0155
0.4430, 0.0155
0.4430, 0.0155
0.4430, 0.0155
0.4430, 0.0155
0.4430, 0.0155
0.4430, 0.0155
0.4430, 0.0155
0.4430, 0.0155
0.4473, 0.0155
0.4473, 0.0155
0.4473, 0.0155
0.4473, 0.0155
0.4473, 0.0155
0.4473, 0.0155
0.4515, 0.0155
0.4515, 0.0155
0.4515, 0.0155
0.4515, 0.0186
0.4515, 0.0186
0.4515, 0.0186
0.4515, 0.0186
0.4515, 0.0186
0.4515, 0.0186
0.4515, 0.0186
0.4515, 0.0186
0.4515, 0.0186
0.4515, 0.0186
0.4515, 0.0186
0.4557, 0.0186
0.4557, 0.0186
0.4557, 0.0186
0.4557, 0.0186
0.4557, 0.0186
0.4557, 0.0186
0.4557, 0.0186
0.4557, 0.0186
0.4557, 0.0186
0.4557, 0.0186
0.4599, 0.0186
0.4599, 0.0186
0.4599, 0.0186
0.4599, 0.0186
0.4599, 0.0186
0.4599, 0.0186
0.4599, 0.0186
0.4641, 0.0186
0.4641, 0.0186
0.4641, 0.0186
0.4641, 0.0186
0.4641, 0.0186
0.4641, 0.0186
0.4641, 0.0186
0.4641, 0.0186
0.4641, 0.0186
0.4641, 0.0186
0.4641, 0.0217
0.4641, 0.0217
0.4641, 0.0217
0.4641, 0.0217
0.4641, 0.0217
0.4641, 0.0217
0.4641, 0.0217
0.4684, 0.0217
0.4684, 0.0217
0.4684, 0.0217
0.4684, 0.0217
0.4684, 0.0217
0.4684, 0.0217
0.4684, 0.0217
0.4726, 0.0248
0.4726, 0.0248
0.4726, 0.0248
0.4726, 0.0248
0.4726, 0.0248
0.4726, 0.0248
0.4726, 0.0248
0.4726, 0.0248
0.4726, 0.0248
0.4726, 0.0248
0.4726, 0.0248
0.4726, 0.0248
0.4726, 0.0248
0.4768, 0.0248
0.4768, 0.0248
0.4768, 0.0248
0.4768, 0.0248
0.4768, 0.0248
0.4768, 0.0248
0.4810, 0.0248
0.4810, 0.0248
0.4810, 0.0248
0.4810, 0.0248
0.4810, 0.0248
0.4810, 0.0248
0.4810, 0.0248
0.4810, 0.0248
0.4810, 0.0248
0.4810, 0.0248
0.4852, 0.0248
0.4852, 0.0248
0.4852, 0.0248
0.4852, 0.0248
0.4852, 0.0248
0.4852, 0.0248
0.4852, 0.0248
0.4852, 0.0248
0.4852, 0.0248
0.4852, 0.0248
0.4852, 0.0248
0.4852, 0.0248
0.4852, 0.0248
0.4852, 0.0248
0.4852, 0.0280
0.4852, 0.0280
0.4852, 0.0280
0.4895, 0.0280
0.4895, 0.0280
0.4895, 0.0280
0.4895, 0.0280
0.4895, 0.0280
0.4895, 0.0280
0.4895, 0.0280
0.4937, 0.0280
0.4937, 0.0280
0.4937, 0.0280
0.4937, 0.0280
0.4937, 0.0280
0.4937, 0.0280
0.4937, 0.0280
0.4937, 0.0280
0.4937, 0.0280
0.4937, 0.0280
0.4937, 0.0280
0.4937, 0.0280
0.4937, 0.0280
0.4937, 0.0280
0.4937, 0.0280
0.4937, 0.0280
0.4937, 0.0280
0.4979, 0.0280
0.4979, 0.0280
0.4979, 0.0280
0.4979, 0.0311
0.4979, 0.0311
0.4979, 0.0311
0.4979, 0.0311
0.4979, 0.0311
0.4979, 0.0311
0.5021, 0.0311
0.5021, 0.0311
0.5021, 0.0311
0.5021, 0.0311
0.5021, 0.0311
0.5021, 0.0311
0.5021, 0.0311
0.5021, 0.0311
0.5021, 0.0311
0.5021, 0.0311
0.5021, 0.0311
0.5021, 0.0311
0.5021, 0.0311
0.5021, 0.0311
0.5063, 0.0311
0.5063, 0.0311
0.5063, 0.0311
0.5063, 0.0311
0.5063, 0.0311
0.5063, 0.0311
0.5063, 0.0311
0.5063, 0.0311
0.5063, 0.0311
0.5063, 0.0311
0.5063, 0.0311
0.5063, 0.0311
0.5063, 0.0311
0.5063, 0.0311
0.5063, 0.0311
0.5063, 0.0311
0.5063, 0.0311
0.5105, 0.0311
0.5105, 0.0311
0.5105, 0.0342
0.5105, 0.0342
0.5105, 0.0342
0.5105, 0.0342
0.5148, 0.0342
0.5148, 0.0342
0.5148, 0.0342
0.5148, 0.0342
0.5148, 0.0342
0.5148, 0.0342
0.5148, 0.0342
0.5148, 0.0342
0.5148, 0.0342
0.5190, 0.0342
0.5190, 0.0342
0.5190, 0.0342
0.5190, 0.0342
0.5190, 0.0342
0.5190, 0.0342
0.5232, 0.0342
0.5232, 0.0342
0.5232, 0.0342
0.5232, 0.0342
0.5232, 0.0342
0.5232, 0.0342
0.5232, 0.0342
0.5274, 0.0342
0.5274, 0.0342
0.5274, 0.0342
0.5274, 0.0342
0.5274, 0.0342
0.5274, 0.0342
0.5274, 0.0342
0.5274, 0.0342
0.5274, 0.0342
0.5274, 0.0342
0.5274, 0.0342
0.5274, 0.0342
0.5274, 0.0342
0.5274, 0.0342
0.5274, 0.0342
0.5274, 0.0342
0.5316, 0.0342
0.5316, 0.0342
0.5316, 0.0342
0.5359, 0.0342
0.5359, 0.0342
0.5359, 0.0342
0.5359, 0.0342
0.5359, 0.0342
0.5359, 0.0342
0.5359, 0.0342
0.5359, 0.0342
0.5359, 0.0342
0.5359, 0.0342
0.5359, 0.0342
0.5359, 0.0342
0.5359, 0.0342
0.5401, 0.0342
0.5401, 0.0342
0.5401, 0.0342
0.5401, 0.0342
0.5401, 0.0342
0.5401, 0.0342
0.5401, 0.0342
0.5443, 0.0342
0.5443, 0.0342
0.5443, 0.0342
0.5443, 0.0342
0.5443, 0.0342
0.5443, 0.0342
0.5443, 0.0342
0.5443, 0.0342
0.5443, 0.0342
0.5443, 0.0342
0.5443, 0.0342
0.5443, 0.0342
0.5443, 0.0342
0.5485, 0.0373
0.5485, 0.0373
0.5485, 0.0373
0.5527, 0.0373
0.5527, 0.0373
0.5527, 0.0373
0.5527, 0.0373
0.5527, 0.0373
0.5527, 0.0373
0.5570, 0.0373
0.5570, 0.0373
0.5570, 0.0373
0.5570, 0.0373
0.5570, 0.0373
0.5570, 0.0373
0.5570, 0.0373
0.5570, 0.0373
0.5570, 0.0373
0.5570, 0.0373
0.5570, 0.0373
0.5570, 0.0373
0.5612, 0.0404
0.5612, 0.0404
0.5612, 0.0404
0.5654, 0.0404
0.5654, 0.0404
0.5654, 0.0404
0.5654, 0.0404
0.5654, 0.0404
0.5654, 0.0404
0.5654, 0.0404
0.5654, 0.0404
0.5654, 0.0404
0.5654, 0.0404
0.5654, 0.0404
0.5654, 0.0404
0.5654, 0.0404
0.5696, 0.0404
0.5696, 0.0404
0.5696, 0.0404
0.5696, 0.0404
0.5696, 0.0404
0.5696, 0.0404
0.5738, 0.0404
0.5738, 0.0404
0.5738, 0.0404
0.5738, 0.0404
0.5738, 0.0404
0.5738, 0.0404
0.5781, 0.0404
0.5781, 0.0404
0.5781, 0.0404
0.5781, 0.0404
0.5781, 0.0404
0.5781, 0.0404
0.5781, 0.0404
0.5781, 0.0435
0.5781, 0.0435
0.5781, 0.0435
0.5823, 0.0435
0.5823, 0.0435
0.5823, 0.0435
0.5865, 0.0435
0.5865, 0.0435
0.5865, 0.0435
0.5865, 0.0435
0.5865, 0.0435
0.5865, 0.0435
0.5865, 0.0466
0.5865, 0.0466
0.5865, 0.0466
0.5907, 0.0466
0.5907, 0.0466
0.5907, 0.0466
0.5907, 0.0466
0.5907, 0.0466
0.5907, 0.0466
0.5907, 0.0466
0.5949, 0.0466
0.5949, 0.0466
0.5949, 0.0466
0.5949, 0.0466
0.5949, 0.0466
0.5949, 0.0466
0.5992, 0.0497
0.5992, 0.0497
0.5992, 0.0497
0.5992, 0.0497
0.5992, 0.0497
0.5992, 0.0497
0.5992, 0.0497
0.5992, 0.0497
0.5992, 0.0497
0.6034, 0.0497
0.6034, 0.0497
0.6034, 0.0497
0.6034, 0.0497
0.6034, 0.0497
0.6034, 0.0497
0.6076, 0.0497
0.6076, 0.0497
0.6076, 0.0497
0.6076, 0.0497
0.6076, 0.0497
0.6076, 0.0497
0.6076, 0.0497
0.6076, 0.0497
0.6076, 0.0497
0.6076, 0.0497
0.6076, 0.0497
0.6076, 0.0497
0.6118, 0.0497
0.6118, 0.0497
0.6118, 0.0497
0.6118, 0.0497
0.6118, 0.0497
0.6118, 0.0497
0.6160, 0.0497
0.6160, 0.0497
0.6160, 0.0497
0.6160, 0.0497
0.6160, 0.0497
0.6160, 0.0497
0.6203, 0.0528
0.6203, 0.0528
0.6203, 0.0528
0.6203, 0.0528
0.6203, 0.0528
0.6203, 0.0528
0.6203, 0.0528
0.6203, 0.0528
0.6203, 0.0528
0.6203, 0.0528
0.6203, 0.0528
0.6203, 0.0528
0.6245, 0.0528
0.6245, 0.0528
0.6245, 0.0528
0.6287, 0.0559
0.6287, 0.0559
0.6287, 0.0559
0.6287, 0.0559
0.6287, 0.0559
0.6287, 0.0559
0.6287, 0.0559
0.6287, 0.0559
0.6287, 0.0559
0.6287, 0.0559
0.6329, 0.0559
0.6329, 0.0559
0.6329, 0.0559
0.6371, 0.0559
0.6371, 0.0559
0.6371, 0.0559
0.6371, 0.0559
0.6371, 0.0559
0.6371, 0.0559
0.6414, 0.0559
0.6414, 0.0559
0.6414, 0.0559
0.6414, 0.0559
0.6414, 0.0559
0.6456, 0.0559
0.6456, 0.0559
0.6456, 0.0559
0.6456, 0.0559
0.6456, 0.0559
0.6456, 0.0559
0.6498, 0.0559
0.6498, 0.0559
0.6498, 0.0559
0.6498, 0.0559
0.6498, 0.0559
0.6498, 0.0559
0.6498, 0.0590
0.6498, 0.0590
0.6498, 0.0590
0.6498, 0.0590
0.6498, 0.0590
0.6498, 0.0590
0.6498, 0.0590
0.6540, 0.0590
0.6540, 0.0590
0.6540, 0.0590
0.6540, 0.0590
0.6540, 0.0590
0.6540, 0.0590
0.6582, 0.0590
0.6582, 0.0590
0.6582, 0.0590
0.6582, 0.0590
0.6582, 0.0590
0.6582, 0.0590
0.6624, 0.0621
0.6624, 0.0621
0.6624, 0.0621
0.6624, 0.0621
0.6624, 0.0621
0.6624, 0.0621
0.6624, 0.0621
0.6624, 0.0621
0.6624, 0.0621
0.6624, 0.0621
0.6624, 0.0621
0.6624, 0.0621
0.6624, 0.0621
0.6667, 0.0621
0.6667, 0.0621
0.6667, 0.0621
0.6667, 0.0621
0.6667, 0.0621
0.6667, 0.0621
0.6667, 0.0621
0.6667, 0.0621
0.6667, 0.0621
0.6709, 0.0621
0.6709, 0.0621
0.6709, 0.0621
0.6709, 0.0652
0.6709, 0.0652
0.6709, 0.0652
0.6709, 0.0652
0.6709, 0.0652
0.6709, 0.0652
0.6709, 0.0652
0.6709, 0.0652
0.6709, 0.0652
0.6751, 0.0652
0.6751, 0.0652
0.6751, 0.0652
0.6751, 0.0652
0.6751, 0.0652
0.6751, 0.0652
0.6793, 0.0652
0.6793, 0.0652
0.6793, 0.0652
0.6793, 0.0652
0.6793, 0.0652
0.6793, 0.0652
0.6793, 0.0652
0.6793, 0.0652
0.6793, 0.0652
0.6793, 0.0652
0.6793, 0.0652
0.6793, 0.0652
0.6835, 0.0652
0.6835, 0.0652
0.6835, 0.0652
0.6835, 0.0652
0.6835, 0.0652
0.6835, 0.0652
0.6835, 0.0652
0.6835, 0.0652
0.6835, 0.0652
0.6878, 0.0652
0.6878, 0.0652
0.6878, 0.0652
0.6878, 0.0652
0.6878, 0.0652
0.6878, 0.0652
0.6920, 0.0652
0.6920, 0.0652
0.6920, 0.0652
0.6920, 0.0683
0.6920, 0.0683
0.6920, 0.0683
0.6920, 0.0683
0.6920, 0.0683
0.6920, 0.0683
0.6920, 0.0683
0.6920, 0.0683
0.6920, 0.0683
0.6962, 0.0683
0.6962, 0.0683
0.6962, 0.0683
0.6962, 0.0683
0.6962, 0.0683
0.6962, 0.0683
0.6962, 0.0683
0.6962, 0.0683
0.6962, 0.0683
0.7004, 0.0683
0.7004, 0.0683
0.7004, 0.0683
0.7004, 0.0683
0.7004, 0.0683
0.7004, 0.0683
0.7004, 0.0683
0.7004, 0.0683
0.7004, 0.0683
0.7004, 0.0683
0.7004, 0.0714
0.7004, 0.0714
0.7046, 0.0714
0.7046, 0.0714
0.7046, 0.0714
0.7089, 0.0714
0.7089, 0.0714
0.7089, 0.0714
0.7089, 0.0714
0.7089, 0.0714
0.7089, 0.0714
0.7131, 0.0714
0.7131, 0.0714
0.7131, 0.0714
0.7131, 0.0714
0.7131, 0.0714
0.7131, 0.0714
0.7131, 0.0714
0.7131, 0.0714
0.7131, 0.0714
0.7131, 0.0714
0.7131, 0.0714
0.7131, 0.0714
0.7173, 0.0714
0.7173, 0.0714
0.7173, 0.0714
0.7215, 0.0714
0.7215, 0.0714
0.7215, 0.0714
0.7215, 0.0714
0.7215, 0.0714
0.7215, 0.0714
0.7215, 0.0714
0.7215, 0.0714
0.7215, 0.0714
0.7215, 0.0714
0.7215, 0.0714
0.7215, 0.0714
0.7215, 0.0714
0.7257, 0.0714
0.7257, 0.0714
0.7257, 0.0714
0.7300, 0.0714
0.7300, 0.0714
0.7300, 0.0714
0.7300, 0.0714
0.7300, 0.0714
0.7300, 0.0714
0.7300, 0.0714
0.7300, 0.0714
0.7300, 0.0714
0.7342, 0.0714
0.7342, 0.0714
0.7342, 0.0714
0.7342, 0.0714
0.7342, 0.0714
0.7342, 0.0714
0.7342, 0.0714
0.7342, 0.0714
0.7342, 0.0714
0.7342, 0.0714
0.7342, 0.0714
0.7342, 0.0714
0.7342, 0.0714
0.7342, 0.0714
0.7342, 0.0714
0.7384, 0.0714
0.7384, 0.0714
0.7384, 0.0714
0.7384, 0.0714
0.7384, 0.0714
0.7384, 0.0714
0.7426, 0.0714
0.7426, 0.0714
0.7426, 0.0714
0.7426, 0.0714
0.7426, 0.0714
0.7426, 0.0714
0.7426, 0.0714
0.7426, 0.0714
0.7426, 0.0714
0.7426, 0.0714
0.7426, 0.0714
0.7426, 0.0714
0.7468, 0.0714
0.7468, 0.0714
0.7468, 0.0714
0.7468, 0.0714
0.7468, 0.0714
0.7468, 0.0714
0.7511, 0.0714
0.7511, 0.0714
0.7511, 0.0714
0.7511, 0.0714
0.7511, 0.0714
0.7511, 0.0714
0.7553, 0.0714
0.7553, 0.0714
0.7553, 0.0714
0.7553, 0.0714
0.7553, 0.0714
0.7553, 0.0714
0.7553, 0.0714
0.7553, 0.0714
0.7553, 0.0714
0.7595, 0.0714
0.7595, 0.0714
0.7595, 0.0714
0.7637, 0.0714
0.7637, 0.0714
0.7637, 0.0714
0.7637, 0.0714
0.7637, 0.0714
0.7637, 0.0714
0.7637, 0.0714
0.7637, 0.0714
0.7637, 0.0714
0.7679, 0.0714
0.7679, 0.0714
0.7679, 0.0714
0.7722, 0.0714
0.7722, 0.0714
0.7722, 0.0714
0.7764, 0.0714
0.7764, 0.0714
0.7764, 0.0714
0.7764, 0.0714
0.7764, 0.0714
0.7764, 0.0714
0.7764, 0.0714
0.7764, 0.0714
0.7806, 0.0714
0.7806, 0.0714
0.7806, 0.0714
0.7848, 0.0714
0.7848, 0.0714
0.7848, 0.0714
0.7848, 0.0714
0.7848, 0.0714
0.7848, 0.0714
0.7848, 0.0714
0.7848, 0.0714
0.7890, 0.0714
0.7890, 0.0714
0.7890, 0.0714
0.7890, 0.0714
0.7890, 0.0714
0.7890, 0.0714
0.7890, 0.0714
0.7890, 0.0714
0.7890, 0.0714
0.7932, 0.0714
0.7932, 0.0714
0.7932, 0.0714
0.7932, 0.0714
0.7932, 0.0714
0.7932, 0.0714
0.7975, 0.0714
0.7975, 0.0714
0.7975, 0.0714
0.7975, 0.0714
0.7975, 0.0714
0.7975, 0.0714
0.7975, 0.0714
0.7975, 0.0714
0.7975, 0.0714
0.7975, 0.0714
0.7975, 0.0714
0.7975, 0.0714
0.8017, 0.0714
0.8017, 0.0714
0.8017, 0.0714
0.8059, 0.0714
0.8059, 0.0714
0.8059, 0.0714
0.8059, 0.0714
0.8059, 0.0714
0.8059, 0.0714
0.8059, 0.0714
0.8059, 0.0714
0.8059, 0.0714
0.8101, 0.0714
0.8101, 0.0714
0.8143, 0.0714
0.8143, 0.0714
0.8143, 0.0714
0.8143, 0.0714
0.8143, 0.0714
0.8143, 0.0714
0.8143, 0.0714
0.8143, 0.0714
0.8143, 0.0714
0.8186, 0.0714
0.8186, 0.0714
0.8186, 0.0714
0.8186, 0.0714
0.8186, 0.0714
0.8186, 0.0714
0.8228, 0.0714
0.8228, 0.0714
0.8228, 0.0714
0.8228, 0.0714
0.8228, 0.0714
0.8228, 0.0714
0.8270, 0.0714
0.8270, 0.0714
0.8270, 0.0714
0.8270, 0.0714
0.8270, 0.0714
0.8270, 0.0714
0.8270, 0.0714
0.8270, 0.0714
0.8270, 0.0714
0.8270, 0.0714
0.8270, 0.0714
0.8270, 0.0714
0.8270, 0.0714
0.8270, 0.0714
0.8312, 0.0714
0.8312, 0.0714
0.8312, 0.0714
0.8312, 0.0714
0.8312, 0.0714
0.8312, 0.0714
0.8354, 0.0714
0.8354, 0.0714
0.8354, 0.0714
0.8354, 0.0714
0.8354, 0.0714
0.8354, 0.0714
0.8354, 0.0714
0.8354, 0.0714
0.8354, 0.0714
0.8354, 0.0714
0.8354, 0.0714
0.8354, 0.0714
0.8397, 0.0714
0.8397, 0.0714
0.8397, 0.0714
0.8397, 0.0714
0.8397, 0.0714
0.8397, 0.0714
0.8439, 0.0714
0.8439, 0.0714
0.8439, 0.0683
0.8439, 0.0683
0.8439, 0.0683
0.8481, 0.0683
0.8481, 0.0683
0.8481, 0.0683
0.8481, 0.0683
0.8481, 0.0683
0.8481, 0.0683
0.8481, 0.0683
0.8481, 0.0683
0.8481, 0.0683
0.8481, 0.0683
0.8481, 0.0683
0.8481, 0.0683
0.8481, 0.0683
0.8523, 0.0683
0.8523, 0.0683
0.8565, 0.0683
0.8565, 0.0683
0.8565, 0.0683
0.8565, 0.0683
0.8565, 0.0683
0.8565, 0.0683
0.8565, 0.0683
0.8565, 0.0683
0.8565, 0.0683
0.8608, 0.0683
0.8608, 0.0683
0.8608, 0.0683
0.8650, 0.0683
0.8650, 0.0683
0.8650, 0.0683
0.8692, 0.0652
0.8692, 0.0652
0.8692, 0.0652
0.8692, 0.0652
0.8692, 0.0652
0.8692, 0.0652
0.8692, 0.0652
0.8692, 0.0652
0.8734, 0.0652
0.8734, 0.0652
0.8734, 0.0652
0.8776, 0.0621
0.8776, 0.0621
0.8776, 0.0621
0.8776, 0.0621
0.8776, 0.0621
0.8776, 0.0621
0.8776, 0.0621
0.8776, 0.0621
0.8776, 0.0621
0.8819, 0.0621
0.8819, 0.0621
0.8861, 0.0590
0.8861, 0.0590
0.8861, 0.0590
0.8903, 0.0590
0.8903, 0.0590
0.8903, 0.0590
0.8945, 0.0590
0.8945, 0.0590
0.8945, 0.0590
0.8987, 0.0590
0.8987, 0.0590
0.8987, 0.0590
0.8987, 0.0590
0.8987, 0.0590
0.8987, 0.0590
0.9072, 0.0590
0.9072, 0.0590
0.9114, 0.0559
0.9114, 0.0559
0.9114, 0.0559
0.9114, 0.0559
0.9114, 0.0559
0.9114, 0.0559
0.9114, 0.0559
0.9114, 0.0559
0.9114, 0.0559
0.9156, 0.0559
0.9156, 0.0559
0.9156, 0.0559
0.9198, 0.0559
0.9198, 0.0559
0.9198, 0.0528
0.9198, 0.0528
0.9198, 0.0528
0.9198, 0.0528
0.9198, 0.0528
0.9198, 0.0528
0.9198, 0.0528
0.9198, 0.0528
0.9198, 0.0528
0.9241, 0.0528
0.9241, 0.0528
0.9241, 0.0528
0.9241, 0.0528
0.9241, 0.0528
0.9241, 0.0528
0.9241, 0.0528
0.9241, 0.0528
0.9241, 0.0528
0.9241, 0.0528
0.9241, 0.0528
0.9241, 0.0528
0.9241, 0.0528
0.9241, 0.0528
0.9241, 0.0528
0.9241, 0.0528
0.9241, 0.0528
0.9241, 0.0528
0.9241, 0.0528
0.9241, 0.0528
0.9283, 0.0528
0.9283, 0.0528
0.9283, 0.0528
0.9283, 0.0528
0.9283, 0.0528
0.9283, 0.0528
0.9325, 0.0497
0.9325, 0.0497
0.9325, 0.0497
0.9325, 0.0497
0.9325, 0.0497
0.9325, 0.0466
0.9325, 0.0466
0.9325, 0.0466
0.9367, 0.0466
0.9367, 0.0466
0.9367, 0.0435
0.9367, 0.0435
0.9367, 0.0435
0.9409, 0.0435
0.9409, 0.0435
0.9409, 0.0435
0.9451, 0.0435
0.9451, 0.0435
0.9451, 0.0404
0.9451, 0.0404
0.9451, 0.0404
0.9451, 0.0404
0.9451, 0.0404
0.9451, 0.0404
0.9451, 0.0373
0.9451, 0.0373
0.9494, 0.0373
0.9494, 0.0373
0.9494, 0.0373
0.9494, 0.0373
0.9494, 0.0373
0.9494, 0.0373
0.9536, 0.0373
0.9536, 0.0373
0.9536, 0.0373
0.9536, 0.0342
0.9536, 0.0342
0.9536, 0.0342
0.9536, 0.0342
0.9536, 0.0311
0.9536, 0.0311
0.9578, 0.0311
0.9620, 0.0280
0.9662, 0.0280
0.9662, 0.0280
0.9662, 0.0248
0.9662, 0.0248
0.9662, 0.0248
0.9662, 0.0248
0.9662, 0.0248
0.9705, 0.0248
0.9705, 0.0248
0.9705, 0.0248
0.9705, 0.0217
0.9705, 0.0217
0.9705, 0.0217
0.9705, 0.0217
0.9705, 0.0217
0.9705, 0.0217
0.9747, 0.0217
0.9747, 0.0217
0.9747, 0.0217
0.9747, 0.0217
0.9747, 0.0217
0.9747, 0.0217
0.9747, 0.0217
0.9747, 0.0217
0.9747, 0.0217
0.9747, 0.0217
0.9747, 0.0217
0.9747, 0.0217
0.9747, 0.0217
0.9747, 0.0217
0.9747, 0.0217
0.9747, 0.0217
0.9747, 0.0217
0.9747, 0.0217
0.9747, 0.0217
0.9747, 0.0217
0.9747, 0.0217
0.9747, 0.0217
0.9789, 0.0186
0.9789, 0.0186
0.9789, 0.0186
0.9789, 0.0186
0.9789, 0.0186
0.9789, 0.0186
0.9831, 0.0186
0.9831, 0.0186
0.9831, 0.0155
0.9831, 0.0155
0.9831, 0.0155
0.9831, 0.0155
0.9831, 0.0155
0.9831, 0.0155
0.9831, 0.0155
0.9831, 0.0155
0.9831, 0.0155
0.9831, 0.0155
0.9831, 0.0155
0.9831, 0.0155
0.9831, 0.0124
0.9831, 0.0124
0.9873, 0.0124
0.9873, 0.0124
0.9873, 0.0124
0.9873, 0.0124
0.9873, 0.0124
0.9873, 0.0124
0.9873, 0.0124
0.9873, 0.0124
0.9873, 0.0124
0.9873, 0.0124
0.9873, 0.0124
0.9873, 0.0124
0.9873, 0.0124
0.9873, 0.0124
0.9873, 0.0124
0.9873, 0.0124
0.9873, 0.0124
0.9916, 0.0124
0.9916, 0.0124
0.9916, 0.0124
0.9916, 0.0124
0.9916, 0.0124
0.9916, 0.0124
0.9916, 0.0124
0.9916, 0.0124
0.9916, 0.0124
0.9916, 0.0124
0.9916, 0.0124
0.9916, 0.0124
0.9916, 0.0124
0.9916, 0.0124
0.9916, 0.0124
0.9916, 0.0124
0.9916, 0.0124
0.9916, 0.0124
0.9916, 0.0124
0.9916, 0.0124
0.9916, 0.0124
0.9916, 0.0124
0.9916, 0.0124
0.9916, 0.0124
0.9916, 0.0124
0.9916, 0.0124
0.9916, 0.0124
0.9916, 0.0124
0.9916, 0.0124
0.9916, 0.0124
0.9916, 0.0124
0.9916, 0.0124
0.9916, 0.0124
0.9916, 0.0124
0.9916, 0.0124
0.9916, 0.0124
0.9916, 0.0124
0.9916, 0.0124
0.9916, 0.0124
0.9916, 0.0124
0.9916, 0.0124
0.9916, 0.0124
0.9916, 0.0124
0.9916, 0.0124
0.9916, 0.0124
0.9916, 0.0124
0.9916, 0.0124
0.9916, 0.0124
0.9916, 0.0124
0.9916, 0.0124
0.9916, 0.0124
0.9916, 0.0124
0.9958, 0.0124
0.9958, 0.0124
0.9958, 0.0124
0.9958, 0.0093
0.9958, 0.0093
0.9958, 0.0093
0.9958, 0.0093
0.9958, 0.0093
0.9958, 0.0093
0.9958, 0.0093
0.9958, 0.0093
0.9958, 0.0093
0.9958, 0.0093
0.9958, 0.0062
0.9958, 0.0062
0.9958, 0.0062
0.9958, 0.0062
0.9958, 0.0062
0.9958, 0.0062
1.0000, 0.0062
1.0000, 0.0062
1.0000, 0.0062
1.0000, 0.0062
1.0000, 0.0062
1.0000, 0.0062
1.0000, 0.0062
1.0000, 0.0062
1.0000, 0.0062
1.0000, 0.0062
1.0000, 0.0062
1.0000, 0.0062
1.0000, 0.0062
1.0000, 0.0062
1.0000, 0.0062
1.0000, 0.0062
1.0000, 0.0062
1.0000, 0.0062
1.0000, 0.0062
1.0000, 0.0062
1.0000, 0.0062
1.0000, 0.0062
1.0000, 0.0062
1.0000, 0.0062
1.0000, 0.0062
1.0000, 0.0062
1.0000, 0.0062
1.0000, 0.0062
1.0000, 0.0062
1.0000, 0.0062
1.0000, 0.0062
1.0000, 0.0062
1.0000, 0.0062
1.0000, 0.0062
1.0000, 0.0062
1.0000, 0.0062
1.0000, 0.0062
1.0000, 0.0062
1.0000, 0.0062
1.0000, 0.0062
1.0000, 0.0062
1.0000, 0.0062
1.0000, 0.0062
1.0000, 0.0062
1.0000, 0.0062
1.0000, 0.0062
1.0000, 0.0062
1.0000, 0.0062
1.0000, 0.0062
1.0000, 0.0062
1.0000, 0.0062
1.0000, 0.0062
1.0000, 0.0062
1.0000, 0.0062
1.0000, 0.0062
1.0000, 0.0062
1.0000, 0.0062
1.0000, 0.0062
1.0000, 0.0062
1.0000, 0.0062
1.0000, 0.0062
1.0000, 0.0062
1.0000, 0.0062
1.0000, 0.0062
1.0000, 0.0062
1.0000, 0.0062
1.0000, 0.0062
1.0000, 0.0062
1.0000, 0.0062
1.0000, 0.0062
1.0000, 0.0062
1.0000, 0.0062
1.0000, 0.0062
1.0000, 0.0062
1.0000, 0.0062
1.0000, 0.0062
1.0000, 0.0062
1.0000, 0.0062
1.0000, 0.0062
1.0000, 0.0062
1.0000, 0.0062
1.0000, 0.0062
1.0000, 0.0062
1.0000, 0.0062
1.0000, 0.0062
1.0000, 0.0062
1.0000, 0.0062
1.0000, 0.0062
1.0000, 0.0062
1.0000, 0.0062
1.0000, 0.0062
1.0000, 0.0062
1.0000, 0.0062
1.0000, 0.0062
1.0000, 0.0062
1.0000, 0.0062
1.0000, 0.0062
1.0000, 0.0062
1.0000, 0.0062
1.0000, 0.0062
1.0000, 0.0062
1.0000, 0.0062
1.0000, 0.0062
1.0000, 0.0062
1.0000, 0.0062
1.0000, 0.0062
1.0000, 0.0062
1.0000, 0.0062
1.0000, 0.0062
1.0000, 0.0062
1.0000, 0.0062
1.0000, 0.0062
1.0000, 0.0062
1.0000, 0.0062
1.0000, 0.0062
1.0000, 0.0062
1.0000, 0.0062
0.0000, 1.0000
0.0000, 1.0000
0.0000, 1.0000
0.0000, 1.0000
0.0000, 1.0000
0.0000, 1.0000
0.0000, 1.0000
0.0000, 1.0000
0.0000, 1.0000
0.0000, 1.0000
0.0000, 1.0000
0.0000, 1.0000
0.0000, 1.0000
0.0000, 1.0000
0.0000, 1.0000
0.0000, 1.0000
0.0000, 1.0000
0.0000, 1.0000
0.0000, 1.0000
0.0000, 1.0000
0.0000, 1.0000
0.0000, 1.0000
0.0000, 1.0000
0.0000, 1.0000
0.0000, 1.0000
0.0000, 1.0000
0.0000, 1.0000
0.0000, 1.0000
0.0000, 1.0000
0.0000, 1.0000
0.0000, 1.0000
0.0000, 1.0000
0.0000, 1.0000
0.0000, 1.0000
