0.0642, 0.2644
0.0642, 0.2644
0.0642, 0.2644
0.0642, 0.2644
0.0642, 0.2644
0.0642, 0.2644
0.0642, 0.2644
0.0642, 0.2644
0.0642, 0.2644
0.0642, 0.2644
0.0642, 0.2644
0.0642, 0.2644
0.0642, 0.2644
0.0642, 0.2644
0.0642, 0.2644
0.0642, 0.2644
0.0642, 0.2644
0.0642, 0.2644
0.0642, 0.2644
0.0642, 0.2644
0.0642, 0.2644
0.0642, 0.2644
0.0642, 0.2644
0.0642, 0.2644
0.0642, 0.2644
0.0642, 0.2644
0.0642, 0.2644
0.0642, 0.2644
0.0642, 0.2644
0.0642, 0.2644
0.0642, 0.2644
0.0642, 0.2644
0.0642, 0.2644
0.0642, 0.2644
0.0642, 0.2644
0.0642, 0.2644
0.0642, 0.2644
0.0642, 0.2644
0.0688, 0.2644
0.0688, 0.2644
0.0688, 0.2644
0.0688, 0.2644
0.0688, 0.2644
0.0688, 0.2644
0.0688, 0.2644
0.0688, 0.2644
0.0688, 0.2644
0.0688, 0.2644
0.0688, 0.2644
0.0688, 0.2644
0.0688, 0.2644
0.0688, 0.2644
0.0688, 0.2644
0.0688, 0.2644
0.0688, 0.2644
0.0688, 0.2644
0.0688, 0.2644
0.0688, 0.2644
0.0688, 0.2644
0.0688, 0.2644
0.0688, 0.2644
0.0688, 0.2644
0.0688, 0.2644
0.0688, 0.2644
0.0688, 0.2644
0.0688, 0.2644
0.0688, 0.2644
0.0688, 0.2644
0.0688, 0.2644
0.0734, 0.2618
0.0734, 0.2618
0.0734, 0.2618
0.0734, 0.2618
0.0780, 0.2618
0.0780, 0.2618
0.0780, 0.2618
0.0780, 0.2618
0.0780, 0.2592
0.0780, 0.2592
0.0780, 0.2592
0.0780, 0.2592
0.0780, 0.2565
0.0780, 0.2565
0.0780, 0.2565
0.0780, 0.2565
0.0826, 0.2565
0.0826, 0.2565
0.0826, 0.2565
0.0826, 0.2565
0.0917, 0.2565
0.0917, 0.2565
0.0917, 0.2565
0.0917, 0.2565
0.0917, 0.2565
0.0917, 0.2565
0.0917, 0.2565
0.0917, 0.2565
0.0917, 0.2565
0.0917, 0.2539
0.0917, 0.2539
0.0917, 0.2539
0.0963, 0.2539
0.0963, 0.2539
0.0963, 0.2539
0.0963, 0.2539
0.1009, 0.2539
0.1009, 0.2539
0.1009, 0.2539
0.1009, 0.2539
0.1009, 0.2513
0.1009, 0.2513
0.1009, 0.2513
0.1009, 0.2513
0.1009, 0.2513
0.1055, 0.2513
0.1055, 0.2513
0.1055, 0.2513
0.1055, 0.2513
0.1055, 0.2487
0.1055, 0.2487
0.1055, 0.2487
0.1055, 0.2487
0.1101, 0.2487
0.1101, 0.2487
0.1101, 0.2487
0.1101, 0.2487
0.1101, 0.2487
0.1101, 0.2487
0.1101, 0.2487
0.1101, 0.2487
0.1101, 0.2487
0.1101, 0.2487
0.1101, 0.2487
0.1101, 0.2487
0.1101, 0.2487
0.1147, 0.2487
0.1147, 0.2487
0.1147, 0.2487
0.1147, 0.2487
0.1147, 0.2487
0.1147, 0.2487
0.1147, 0.2487
0.1147, 0.2487
0.1147, 0.2487
0.1147, 0.2487
0.1147, 0.2487
0.1147, 0.2487
0.1147, 0.2487
0.1193, 0.2461
0.1193, 0.2461
0.1193, 0.2461
0.1193, 0.2461
0.1193, 0.2461
0.1193, 0.2461
0.1193, 0.2461
0.1193, 0.2461
0.1239, 0.2461
0.1239, 0.2461
0.1239, 0.2461
0.1239, 0.2461
0.1284, 0.2435
0.1284, 0.2435
0.1284, 0.2435
0.1284, 0.2435
0.1284, 0.2435
0.1284, 0.2435
0.1284, 0.2435
0.1284, 0.2435
0.1330, 0.2435
0.1330, 0.2435
0.1330, 0.2435
0.1330, 0.2435
0.1376, 0.2435
0.1376, 0.2435
0.1376, 0.2435
0.1376, 0.2435
0.1376, 0.2435
0.1376, 0.2435
0.1376, 0.2435
0.1376, 0.2435
0.1376, 0.2435
0.1376, 0.2408
0.1376, 0.2408
0.1376, 0.2408
0.1376, 0.2408
0.1422, 0.2408
0.1422, 0.2408
0.1422, 0.2408
0.1422, 0.2408
0.1422, 0.2408
0.1422, 0.2408
0.1422, 0.2408
0.1422, 0.2408
0.1468, 0.2408
0.1468, 0.2408
0.1468, 0.2408
0.1468, 0.2408
0.1468, 0.2382
0.1468, 0.2382
0.1468, 0.2382
0.1468, 0.2382
0.1514, 0.2382
0.1514, 0.2382
0.1514, 0.2382
0.1514, 0.2382
0.1514, 0.2382
0.1514, 0.2382
0.1514, 0.2382
0.1514, 0.2382
0.1514, 0.2382
0.1514, 0.2382
0.1514, 0.2382
0.1514, 0.2382
0.1514, 0.2382
0.1514, 0.2382
0.1514, 0.2382
0.1514, 0.2382
0.1514, 0.2382
0.1560, 0.2382
0.1560, 0.2382
0.1560, 0.2382
0.1560, 0.2382
0.1560, 0.2382
0.1560, 0.2382
0.1560, 0.2382
0.1560, 0.2382
0.1606, 0.2382
0.1606, 0.2382
0.1606, 0.2382
0.1606, 0.2382
0.1606, 0.2382
0.1606, 0.2382
0.1606, 0.2382
0.1606, 0.2382
0.1606, 0.2382
0.1606, 0.2382
0.1606, 0.2382
0.1606, 0.2382
0.1606, 0.2382
0.1606, 0.2382
0.1606, 0.2382
0.1606, 0.2382
0.1606, 0.2382
0.1606, 0.2382
0.1606, 0.2382
0.1606, 0.2382
0.1606, 0.2382
0.1606, 0.2382
0.1606, 0.2356
0.1606, 0.2356
0.1606, 0.2356
0.1651, 0.2356
0.1651, 0.2356
0.1651, 0.2356
0.1651, 0.2356
0.1651, 0.2356
0.1651, 0.2356
0.1651, 0.2356
0.1651, 0.2356
0.1697, 0.2356
0.1697, 0.2356
0.1697, 0.2356
0.1697, 0.2356
0.1697, 0.2356
0.1697, 0.2356
0.1697, 0.2356
0.1697, 0.2356
0.1697, 0.2330
0.1697, 0.2330
0.1697, 0.2330
0.1697, 0.2330
0.1697, 0.2330
0.1697, 0.2330
0.1697, 0.2330
0.1697, 0.2330
0.1743, 0.2330
0.1743, 0.2330
0.1743, 0.2330
0.1743, 0.2330
0.1789, 0.2304
0.1789, 0.2304
0.1789, 0.2304
0.1789, 0.2304
0.1789, 0.2304
0.1789, 0.2304
0.1789, 0.2304
0.1789, 0.2304
0.1835, 0.2304
0.1835, 0.2304
0.1835, 0.2304
0.1835, 0.2304
0.1835, 0.2304
0.1835, 0.2304
0.1835, 0.2304
0.1835, 0.2304
0.1835, 0.2304
0.1835, 0.2304
0.1835, 0.2304
0.1835, 0.2304
0.1881, 0.2304
0.1881, 0.2304
0.1881, 0.2304
0.1881, 0.2304
0.1927, 0.2304
0.1927, 0.2304
0.1927, 0.2304
0.1927, 0.2304
0.1927, 0.2304
0.1927, 0.2304
0.1927, 0.2304
0.1927, 0.2304
0.1927, 0.2277
0.1927, 0.2277
0.1927, 0.2277
0.1927, 0.2277
0.1972, 0.2277
0.1972, 0.2277
0.1972, 0.2277
0.1972, 0.2277
0.2018, 0.2277
0.2018, 0.2277
0.2018, 0.2277
0.2018, 0.2277
0.2018, 0.2277
0.2018, 0.2277
0.2018, 0.2277
0.2018, 0.2277
0.2064, 0.2251
0.2064, 0.2251
0.2064, 0.2251
0.2064, 0.2251
0.2064, 0.2251
0.2064, 0.2251
0.2064, 0.2251
0.2064, 0.2251
0.2110, 0.2251
0.2110, 0.2251
0.2110, 0.2251
0.2110, 0.2251
0.2110, 0.2251
0.2110, 0.2251
0.2110, 0.2251
0.2156, 0.2251
0.2156, 0.2251
0.2156, 0.2251
0.2156, 0.2251
0.2156, 0.2251
0.2156, 0.2251
0.2156, 0.2251
0.2156, 0.2251
0.2156, 0.2251
0.2156, 0.2251
0.2156, 0.2251
0.2156, 0.2251
0.2156, 0.2251
0.2202, 0.2251
0.2202, 0.2251
0.2202, 0.2251
0.2202, 0.2251
0.2248, 0.2251
0.2248, 0.2251
0.2248, 0.2251
0.2294, 0.2225
0.2294, 0.2225
0.2294, 0.2225
0.2294, 0.2225
0.2294, 0.2225
0.2294, 0.2225
0.2294, 0.2225
0.2294, 0.2225
0.2294, 0.2225
0.2294, 0.2225
0.2294, 0.2225
0.2294, 0.2225
0.2294, 0.2225
0.2339, 0.2225
0.2339, 0.2225
0.2339, 0.2225
0.2339, 0.2225
0.2339, 0.2225
0.2339, 0.2225
0.2339, 0.2225
0.2339, 0.2225
0.2385, 0.2225
0.2385, 0.2225
0.2385, 0.2225
0.2385, 0.2225
0.2385, 0.2225
0.2385, 0.2225
0.2385, 0.2225
0.2385, 0.2199
0.2385, 0.2199
0.2385, 0.2199
0.2431, 0.2199
0.2431, 0.2199
0.2431, 0.2199
0.2431, 0.2199
0.2431, 0.2199
0.2431, 0.2199
0.2431, 0.2199
0.2431, 0.2199
0.2477, 0.2199
0.2477, 0.2199
0.2477, 0.2199
0.2477, 0.2199
0.2523, 0.2199
0.2523, 0.2199
0.2523, 0.2199
0.2523, 0.2199
0.2523, 0.2199
0.2523, 0.2199
0.2523, 0.2199
0.2523, 0.2199
0.2523, 0.2199
0.2523, 0.2199
0.2523, 0.2199
0.2523, 0.2199
0.2523, 0.2199
0.2523, 0.2199
0.2523, 0.2199
0.2523, 0.2199
0.2523, 0.2199
0.2569, 0.2199
0.2569, 0.2199
0.2569, 0.2199
0.2569, 0.2199
0.2569, 0.2199
0.2569, 0.2199
0.2569, 0.2199
0.2569, 0.2199
0.2615, 0.2199
0.2615, 0.2199
0.2615, 0.2199
0.2615, 0.2199
0.2615, 0.2199
0.2615, 0.2199
0.2615, 0.2199
0.2615, 0.2199
0.2615, 0.2199
0.2615, 0.2199
0.2615, 0.2199
0.2615, 0.2199
0.2615, 0.2199
0.2615, 0.2199
0.2615, 0.2199
0.2661, 0.2199
0.2661, 0.2199
0.2661, 0.2199
0.2661, 0.2199
0.2661, 0.2199
0.2661, 0.2199
0.2661, 0.2199
0.2661, 0.2199
0.2706, 0.2199
0.2706, 0.2199
0.2706, 0.2199
0.2752, 0.2199
0.2752, 0.2199
0.2752, 0.2199
0.2752, 0.2199
0.2752, 0.2199
0.2752, 0.2199
0.2752, 0.2199
0.2752, 0.2199
0.2752, 0.2199
0.2752, 0.2199
0.2752, 0.2199
0.2752, 0.2199
0.2752, 0.2199
0.2798, 0.2199
0.2798, 0.2199
0.2798, 0.2199
0.2844, 0.2199
0.2844, 0.2199
0.2844, 0.2199
0.2844, 0.2199
0.2844, 0.2199
0.2844, 0.2199
0.2844, 0.2199
0.2844, 0.2199
0.2844, 0.2199
0.2844, 0.2199
0.2844, 0.2199
0.2844, 0.2199
0.2890, 0.2199
0.2890, 0.2199
0.2890, 0.2199
0.2890, 0.2199
0.2936, 0.2199
0.2936, 0.2199
0.2936, 0.2199
0.2936, 0.2199
0.2936, 0.2199
0.2936, 0.2199
0.2936, 0.2199
0.2982, 0.2199
0.2982, 0.2199
0.2982, 0.2199
0.2982, 0.2199
0.2982, 0.2199
0.2982, 0.2199
0.2982, 0.2199
0.3028, 0.2225
0.3028, 0.2225
0.3028, 0.2225
0.3028, 0.2225
0.3028, 0.2225
0.3028, 0.2225
0.3028, 0.2225
0.3028, 0.2225
0.3073, 0.2225
0.3073, 0.2225
0.3073, 0.2225
0.3073, 0.2225
0.3073, 0.2225
0.3073, 0.2225
0.3119, 0.2225
0.3119, 0.2225
0.3165, 0.2225
0.3165, 0.2225
0.3165, 0.2225
0.3211, 0.2225
0.3211, 0.2251
0.3257, 0.2251
0.3303, 0.2251
0.3349, 0.2277
0.3349, 0.2277
0.3394, 0.2277
0.3394, 0.2277
0.3394, 0.2277
0.3394, 0.2277
0.3394, 0.2277
0.3394, 0.2277
0.3394, 0.2277
0.3394, 0.2277
0.3394, 0.2277
0.3394, 0.2277
0.3394, 0.2277
0.3440, 0.2304
0.3440, 0.2304
0.3440, 0.2304
0.3440, 0.2304
0.3440, 0.2304
0.3440, 0.2304
0.3440, 0.2304
0.3486, 0.2304
0.3486, 0.2304
0.3486, 0.2304
0.3486, 0.2304
0.3532, 0.2304
0.3532, 0.2304
0.3532, 0.2304
0.3532, 0.2304
0.3532, 0.2304
0.3532, 0.2304
0.3532, 0.2304
0.3532, 0.2330
0.3532, 0.2330
0.3532, 0.2330
0.3532, 0.2330
0.3578, 0.2330
0.3578, 0.2330
0.3578, 0.2330
0.3624, 0.2330
0.3624, 0.2330
0.3624, 0.2330
0.3624, 0.2356
0.3624, 0.2356
0.3624, 0.2356
0.3670, 0.2356
0.3670, 0.2356
0.3670, 0.2356
0.3670, 0.2356
0.3716, 0.2356
0.3716, 0.2356
0.3716, 0.2356
0.3761, 0.2356
0.3761, 0.2356
0.3761, 0.2356
0.3761, 0.2356
0.3761, 0.2356
0.3761, 0.2356
0.3761, 0.2356
0.3761, 0.2356
0.3761, 0.2356
0.3761, 0.2356
0.3761, 0.2356
0.3807, 0.2356
0.3807, 0.2356
0.3807, 0.2356
0.3807, 0.2356
0.3807, 0.2356
0.3807, 0.2356
0.3807, 0.2356
0.3807, 0.2356
0.3853, 0.2382
0.3853, 0.2382
0.3853, 0.2382
0.3853, 0.2382
0.3853, 0.2382
0.3853, 0.2382
0.3853, 0.2382
0.3853, 0.2382
0.3853, 0.2382
0.3853, 0.2382
0.3853, 0.2382
0.3899, 0.2382
0.3899, 0.2382
0.3899, 0.2382
0.3899, 0.2382
0.3991, 0.2408
0.3991, 0.2408
0.3991, 0.2408
0.3991, 0.2408
0.3991, 0.2408
0.3991, 0.2408
0.3991, 0.2408
0.4037, 0.2408
0.4037, 0.2408
0.4037, 0.2408
0.4037, 0.2408
0.4037, 0.2408
0.4037, 0.2408
0.4037, 0.2408
0.4083, 0.2408
0.4083, 0.2408
0.4083, 0.2408
0.4083, 0.2408
0.4128, 0.2408
0.4128, 0.2408
0.4128, 0.2408
0.4128, 0.2435
0.4128, 0.2435
0.4128, 0.2435
0.4128, 0.2435
0.4128, 0.2435
0.4128, 0.2435
0.4128, 0.2435
0.4128, 0.2435
0.4174, 0.2435
0.4174, 0.2435
0.4174, 0.2435
0.4174, 0.2435
0.4174, 0.2435
0.4174, 0.2435
0.4174, 0.2435
0.4174, 0.2435
0.4220, 0.2435
0.4220, 0.2435
0.4220, 0.2435
0.4220, 0.2435
0.4220, 0.2435
0.4220, 0.2435
0.4220, 0.2435
0.4220, 0.2461
0.4220, 0.2461
0.4220, 0.2461
0.4266, 0.2461
0.4266, 0.2461
0.4266, 0.2461
0.4266, 0.2461
0.4266, 0.2461
0.4266, 0.2461
0.4266, 0.2461
0.4266, 0.2461
0.4312, 0.2461
0.4312, 0.2461
0.4312, 0.2461
0.4358, 0.2461
0.4358, 0.2461
0.4358, 0.2461
0.4358, 0.2461
0.4358, 0.2487
0.4358, 0.2487
0.4358, 0.2487
0.4358, 0.2487
0.4358, 0.2487
0.4358, 0.2487
0.4358, 0.2487
0.4404, 0.2487
0.4404, 0.2487
0.4404, 0.2487
0.4404, 0.2487
0.4450, 0.2487
0.4450, 0.2487
0.4450, 0.2487
0.4450, 0.2487
0.4450, 0.2487
0.4450, 0.2487
0.4450, 0.2487
0.4495, 0.2487
0.4495, 0.2487
0.4495, 0.2487
0.4495, 0.2487
0.4541, 0.2487
0.4541, 0.2487
0.4541, 0.2487
0.4541, 0.2513
0.4541, 0.2513
0.4541, 0.2513
0.4587, 0.2513
0.4587, 0.2513
0.4587, 0.2513
0.4587, 0.2513
0.4587, 0.2513
0.4587, 0.2513
0.4587, 0.2513
0.4633, 0.2539
0.4633, 0.2539
0.4633, 0.2539
0.4633, 0.2539
0.4633, 0.2539
0.4633, 0.2539
0.4633, 0.2539
0.4633, 0.2539
0.4679, 0.2539
0.4679, 0.2539
0.4679, 0.2539
0.4679, 0.2539
0.4679, 0.2539
0.4679, 0.2539
0.4679, 0.2539
0.4679, 0.2539
0.4679, 0.2539
0.4679, 0.2539
0.4679, 0.2539
0.4679, 0.2539
0.4679, 0.2539
0.4679, 0.2539
0.4679, 0.2539
0.4725, 0.2539
0.4725, 0.2539
0.4725, 0.2539
0.4725, 0.2539
0.4725, 0.2565
0.4725, 0.2565
0.4725, 0.2565
0.4771, 0.2565
0.4771, 0.2565
0.4771, 0.2565
0.4771, 0.2565
0.4771, 0.2565
0.4771, 0.2565
0.4771, 0.2565
0.4771, 0.2565
0.4817, 0.2565
0.4817, 0.2565
0.4817, 0.2565
0.4817, 0.2592
0.4817, 0.2592
0.4817, 0.2592
0.4862, 0.2592
0.4862, 0.2592
0.4862, 0.2592
0.4862, 0.2592
0.4908, 0.2592
0.4908, 0.2592
0.4908, 0.2592
0.4908, 0.2618
0.4908, 0.2618
0.4908, 0.2618
0.4908, 0.2618
0.4954, 0.2618
0.4954, 0.2618
0.4954, 0.2618
0.5000, 0.2618
0.5000, 0.2618
0.5000, 0.2618
0.5000, 0.2618
0.5000, 0.2618
0.5000, 0.2618
0.5000, 0.2618
0.5046, 0.2618
0.5046, 0.2618
0.5046, 0.2618
0.5092, 0.2644
0.5092, 0.2644
0.5092, 0.2644
0.5092, 0.2644
0.5138, 0.2644
0.5138, 0.2644
0.5138, 0.2644
0.5138, 0.2644
0.5138, 0.2644
0.5138, 0.2644
0.5138, 0.2644
0.5138, 0.2644
0.5138, 0.2644
0.5138, 0.2644
0.5138, 0.2644
0.5183, 0.2670
0.5183, 0.2670
0.5183, 0.2670
0.5229, 0.2670
0.5229, 0.2670
0.5229, 0.2670
0.5229, 0.2670
0.5229, 0.2670
0.5229, 0.2670
0.5229, 0.2670
0.5275, 0.2670
0.5275, 0.2670
0.5275, 0.2670
0.5275, 0.2670
0.5321, 0.2670
0.5321, 0.2670
0.5321, 0.2670
0.5367, 0.2670
0.5367, 0.2670
0.5367, 0.2670
0.5367, 0.2670
0.5367, 0.2670
0.5367, 0.2670
0.5367, 0.2670
0.5367, 0.2670
0.5413, 0.2696
0.5413, 0.2696
0.5413, 0.2696
0.5459, 0.2696
0.5459, 0.2696
0.5459, 0.2696
0.5459, 0.2696
0.5459, 0.2696
0.5459, 0.2696
0.5505, 0.2723
0.5505, 0.2723
0.5505, 0.2723
0.5550, 0.2723
0.5550, 0.2723
0.5550, 0.2723
0.5596, 0.2749
0.5596, 0.2749
0.5596, 0.2749
0.5596, 0.2749
0.5596, 0.2749
0.5596, 0.2749
0.5642, 0.2749
0.5642, 0.2749
0.5642, 0.2749
0.5642, 0.2749
0.5688, 0.2749
0.5688, 0.2749
0.5688, 0.2749
0.5688, 0.2749
0.5688, 0.2749
0.5688, 0.2749
0.5688, 0.2749
0.5734, 0.2749
0.5734, 0.2749
0.5734, 0.2749
0.5780, 0.2775
0.5780, 0.2775
0.5780, 0.2775
0.5826, 0.2775
0.5826, 0.2775
0.5826, 0.2775
0.5826, 0.2775
0.5826, 0.2775
0.5826, 0.2775
0.5826, 0.2775
0.5826, 0.2775
0.5826, 0.2775
0.5826, 0.2775
0.5826, 0.2775
0.5872, 0.2801
0.5872, 0.2801
0.5872, 0.2801
0.5917, 0.2801
0.5917, 0.2801
0.5917, 0.2801
0.5917, 0.2801
0.5917, 0.2801
0.5917, 0.2801
0.5917, 0.2801
0.5917, 0.2801
0.5917, 0.2801
0.5917, 0.2801
0.5917, 0.2801
0.5963, 0.2801
0.5963, 0.2801
0.5963, 0.2801
0.5963, 0.2827
0.5963, 0.2827
0.5963, 0.2827
0.6009, 0.2827
0.6009, 0.2827
0.6009, 0.2827
0.6009, 0.2827
0.6009, 0.2827
0.6009, 0.2827
0.6009, 0.2827
0.6055, 0.2853
0.6055, 0.2853
0.6055, 0.2853
0.6055, 0.2853
0.6055, 0.2853
0.6055, 0.2853
0.6101, 0.2853
0.6101, 0.2853
0.6101, 0.2853
0.6101, 0.2853
0.6147, 0.2853
0.6147, 0.2853
0.6147, 0.2853
0.6147, 0.2853
0.6147, 0.2853
0.6147, 0.2853
0.6147, 0.2853
0.6147, 0.2853
0.6147, 0.2853
0.6147, 0.2853
0.6147, 0.2853
0.6147, 0.2853
0.6147, 0.2853
0.6193, 0.2880
0.6193, 0.2880
0.6193, 0.2880
0.6193, 0.2880
0.6193, 0.2880
0.6193, 0.2880
0.6239, 0.2880
0.6239, 0.2880
0.6239, 0.2880
0.6239, 0.2906
0.6239, 0.2906
0.6239, 0.2906
0.6239, 0.2906
0.6239, 0.2906
0.6239, 0.2906
0.6284, 0.2906
0.6284, 0.2906
0.6284, 0.2906
0.6284, 0.2932
0.6284, 0.2932
0.6284, 0.2932
0.6330, 0.2932
0.6330, 0.2932
0.6330, 0.2932
0.6330, 0.2932
0.6330, 0.2932
0.6330, 0.2932
0.6330, 0.2932
0.6376, 0.2932
0.6376, 0.2932
0.6376, 0.2932
0.6376, 0.2932
0.6376, 0.2932
0.6376, 0.2932
0.6376, 0.2932
0.6376, 0.2932
0.6376, 0.2932
0.6376, 0.2932
0.6376, 0.2932
0.6376, 0.2932
0.6376, 0.2932
0.6376, 0.2932
0.6422, 0.2932
0.6422, 0.2932
0.6422, 0.2932
0.6468, 0.2932
0.6468, 0.2932
0.6468, 0.2932
0.6468, 0.2958
0.6468, 0.2958
0.6468, 0.2958
0.6468, 0.2958
0.6468, 0.2958
0.6468, 0.2958
0.6468, 0.2958
0.6514, 0.2958
0.6514, 0.2958
0.6514, 0.2958
0.6560, 0.2958
0.6560, 0.2958
0.6560, 0.2958
0.6560, 0.2958
0.6560, 0.2984
0.6560, 0.2984
0.6560, 0.2984
0.6606, 0.2984
0.6606, 0.2984
0.6606, 0.2984
0.6606, 0.2984
0.6606, 0.2984
0.6606, 0.2984
0.6606, 0.2984
0.6606, 0.2984
0.6606, 0.2984
0.6606, 0.2984
0.6606, 0.2984
0.6651, 0.2984
0.6651, 0.2984
0.6651, 0.2984
0.6697, 0.2984
0.6697, 0.2984
0.6697, 0.2984
0.6697, 0.2984
0.6697, 0.2984
0.6697, 0.2984
0.6697, 0.2984
0.6697, 0.3010
0.6697, 0.3010
0.6697, 0.3010
0.6743, 0.3010
0.6743, 0.3010
0.6743, 0.3010
0.6789, 0.3010
0.6789, 0.3010
0.6789, 0.3010
0.6835, 0.3010
0.6835, 0.3010
0.6835, 0.3010
0.6835, 0.3010
0.6835, 0.3037
0.6835, 0.3037
0.6835, 0.3037
0.6835, 0.3037
0.6835, 0.3037
0.6835, 0.3037
0.6835, 0.3037
0.6881, 0.3037
0.6881, 0.3037
0.6881, 0.3037
0.6881, 0.3037
0.6881, 0.3037
0.6881, 0.3037
0.6881, 0.3037
0.6927, 0.3037
0.6927, 0.3037
0.6927, 0.3037
0.6927, 0.3063
0.6927, 0.3063
0.6927, 0.3063
0.6927, 0.3063
0.6927, 0.3063
0.6927, 0.3063
0.6927, 0.3063
0.6972, 0.3063
0.6972, 0.3063
0.6972, 0.3063
0.6972, 0.3063
0.6972, 0.3063
0.6972, 0.3063
0.6972, 0.3063
0.7018, 0.3063
0.7018, 0.3063
0.7064, 0.3063
0.7064, 0.3063
0.7064, 0.3063
0.7064, 0.3063
0.7064, 0.3063
0.7064, 0.3063
0.7064, 0.3063
0.7064, 0.3063
0.7064, 0.3063
0.7064, 0.3063
0.7064, 0.3063
0.7064, 0.3089
0.7064, 0.3089
0.7064, 0.3089
0.7110, 0.3089
0.7110, 0.3089
0.7110, 0.3089
0.7156, 0.3089
0.7156, 0.3089
0.7156, 0.3089
0.7156, 0.3089
0.7156, 0.3089
0.7156, 0.3089
0.7156, 0.3089
0.7156, 0.3089
0.7156, 0.3089
0.7156, 0.3089
0.7202, 0.3115
0.7202, 0.3115
0.7202, 0.3115
0.7202, 0.3115
0.7248, 0.3115
0.7248, 0.3115
0.7248, 0.3115
0.7248, 0.3115
0.7248, 0.3115
0.7248, 0.3115
0.7294, 0.3115
0.7294, 0.3115
0.7294, 0.3115
0.7294, 0.3115
0.7294, 0.3115
0.7294, 0.3115
0.7294, 0.3115
0.7294, 0.3115
0.7294, 0.3115
0.7294, 0.3115
0.7339, 0.3115
0.7339, 0.3115
0.7339, 0.3115
0.7339, 0.3115
0.7339, 0.3115
0.7339, 0.3115
0.7385, 0.3115
0.7385, 0.3115
0.7385, 0.3115
0.7385, 0.3115
0.7385, 0.3115
0.7385, 0.3115
0.7385, 0.3115
0.7385, 0.3115
0.7385, 0.3115
0.7385, 0.3115
0.7385, 0.3115
0.7431, 0.3141
0.7431, 0.3141
0.7431, 0.3141
0.7477, 0.3141
0.7477, 0.3141
0.7477, 0.3141
0.7477, 0.3141
0.7477, 0.3141
0.7477, 0.3141
0.7477, 0.3141
0.7477, 0.3141
0.7477, 0.3141
0.7477, 0.3141
0.7477, 0.3141
0.7523, 0.3141
0.7523, 0.3141
0.7523, 0.3141
0.7569, 0.3141
0.7569, 0.3141
0.7569, 0.3141
0.7615, 0.3141
0.7615, 0.3141
0.7615, 0.3141
0.7615, 0.3168
0.7615, 0.3168
0.7615, 0.3168
0.7661, 0.3168
0.7661, 0.3168
0.7661, 0.3168
0.7706, 0.3168
0.7706, 0.3168
0.7706, 0.3168
0.7706, 0.3168
0.7706, 0.3168
0.7706, 0.3168
0.7706, 0.3168
0.7752, 0.3168
0.7752, 0.3168
0.7752, 0.3168
0.7798, 0.3168
0.7798, 0.3168
0.7798, 0.3168
0.7844, 0.3168
0.7844, 0.3168
0.7844, 0.3168
0.7844, 0.3194
0.7844, 0.3194
0.7844, 0.3194
0.7890, 0.3194
0.7890, 0.3194
0.7890, 0.3194
0.7890, 0.3194
0.7936, 0.3194
0.7936, 0.3194
0.7936, 0.3194
0.7936, 0.3194
0.7936, 0.3194
0.7936, 0.3194
0.7982, 0.3194
0.7982, 0.3194
0.7982, 0.3194
0.7982, 0.3194
0.7982, 0.3194
0.7982, 0.3194
0.7982, 0.3194
0.7982, 0.3194
0.7982, 0.3194
0.7982, 0.3194
0.8028, 0.3194
0.8028, 0.3194
0.8028, 0.3194
0.8028, 0.3194
0.8028, 0.3194
0.8028, 0.3194
0.8028, 0.3194
0.8073, 0.3194
0.8073, 0.3194
0.8073, 0.3194
0.8073, 0.3194
0.8073, 0.3194
0.8073, 0.3194
0.8073, 0.3194
0.8073, 0.3194
0.8073, 0.3194
0.8073, 0.3194
0.8073, 0.3194
0.8073, 0.3194
0.8073, 0.3194
0.8073, 0.3194
0.8119, 0.3194
0.8119, 0.3194
0.8119, 0.3194
0.8165, 0.3194
0.8165, 0.3194
0.8165, 0.3194
0.8165, 0.3194
0.8211, 0.3194
0.8211, 0.3194
0.8211, 0.3194
0.8211, 0.3194
0.8211, 0.3194
0.8211, 0.3194
0.8211, 0.3194
0.8211, 0.3194
0.8211, 0.3194
0.8257, 0.3194
0.8257, 0.3194
0.8257, 0.3194
0.8303, 0.3194
0.8303, 0.3194
0.8303, 0.3194
0.8303, 0.3194
0.8303, 0.3194
0.8303, 0.3194
0.8303, 0.3194
0.8349, 0.3194
0.8349, 0.3194
0.8349, 0.3194
0.8349, 0.3194
0.8349, 0.3194
0.8349, 0.3194
0.8349, 0.3194
0.8394, 0.3194
0.8394, 0.3194
0.8394, 0.3194
0.8394, 0.3194
0.8394, 0.3194
0.8394, 0.3194
0.8440, 0.3194
0.8440, 0.3194
0.8440, 0.3194
0.8440, 0.3194
0.8486, 0.3194
0.8486, 0.3194
0.8486, 0.3194
0.8532, 0.3194
0.8532, 0.3194
0.8532, 0.3194
0.8532, 0.3194
0.8532, 0.3194
0.8532, 0.3194
0.8532, 0.3194
0.8532, 0.3194
0.8532, 0.3194
0.8532, 0.3194
0.8578, 0.3194
0.8578, 0.3194
0.8578, 0.3194
0.8624, 0.3194
0.8624, 0.3194
0.8624, 0.3194
0.8624, 0.3194
0.8624, 0.3194
0.8624, 0.3194
0.8624, 0.3194
0.8624, 0.3194
0.8624, 0.3194
0.8624, 0.3194
0.8670, 0.3194
0.8670, 0.3194
0.8670, 0.3194
0.8716, 0.3194
0.8716, 0.3194
0.8716, 0.3194
0.8761, 0.3194
0.8761, 0.3194
0.8761, 0.3194
0.8761, 0.3194
0.8761, 0.3194
0.8761, 0.3194
0.8761, 0.3194
0.8807, 0.3194
0.8807, 0.3194
0.8807, 0.3194
0.8853, 0.3194
0.8853, 0.3194
0.8853, 0.3194
0.8853, 0.3194
0.8853, 0.3194
0.8853, 0.3194
0.8899, 0.3194
0.8899, 0.3194
0.8899, 0.3194
0.8945, 0.3194
0.8945, 0.3194
0.8945, 0.3194
0.8991, 0.3194
0.8991, 0.3194
0.8991, 0.3194
0.8991, 0.3194
0.8991, 0.3194
0.8991, 0.3194
0.9037, 0.3194
0.9037, 0.3194
0.9037, 0.3194
0.9083, 0.3168
0.9083, 0.3168
0.9083, 0.3168
0.9083, 0.3168
0.9083, 0.3168
0.9083, 0.3168
0.9083, 0.3168
0.9174, 0.3168
0.9174, 0.3168
0.9174, 0.3168
0.9220, 0.3168
0.9220, 0.3168
0.9220, 0.3168
0.9220, 0.3168
0.9220, 0.3168
0.9220, 0.3168
0.9266, 0.3141
0.9266, 0.3141
0.9266, 0.3141
0.9358, 0.3141
0.9358, 0.3141
0.9358, 0.3141
0.9358, 0.3141
0.9358, 0.3141
0.9358, 0.3141
0.9404, 0.3141
0.9404, 0.3141
0.9404, 0.3141
0.9450, 0.3141
0.9450, 0.3141
0.9450, 0.3141
0.9450, 0.3141
0.9450, 0.3141
0.9450, 0.3141
0.9450, 0.3141
0.9495, 0.3141
0.9495, 0.3141
0.9495, 0.3141
0.9541, 0.3141
0.9541, 0.3141
0.9541, 0.3141
0.9587, 0.3141
0.9587, 0.3141
0.9587, 0.3141
0.9587, 0.3141
0.9587, 0.3141
0.9587, 0.3141
0.9633, 0.3115
0.9633, 0.3115
0.9633, 0.3115
0.9633, 0.3115
0.9633, 0.3115
0.9633, 0.3115
0.9679, 0.3115
0.9679, 0.3115
0.9679, 0.3115
0.9679, 0.3115
0.9679, 0.3115
0.9679, 0.3115
0.9725, 0.3089
0.9725, 0.3089
0.9725, 0.3089
0.9771, 0.3089
0.9771, 0.3089
0.9771, 0.3089
0.9771, 0.3089
0.9771, 0.3089
0.9771, 0.3089
0.9817, 0.3089
0.9817, 0.3089
0.9817, 0.3089
0.9817, 0.3089
0.9817, 0.3089
0.9817, 0.3089
0.9817, 0.3089
0.9862, 0.3089
0.9862, 0.3089
0.9862, 0.3089
0.9908, 0.3063
0.9908, 0.3063
0.9908, 0.3063
0.9908, 0.3063
0.9908, 0.3063
0.9908, 0.3063
0.9908, 0.3063
0.9908, 0.3063
0.9908, 0.3063
0.9908, 0.3063
0.9908, 0.3063
0.9908, 0.3063
0.9908, 0.3063
0.9908, 0.3063
0.9908, 0.3063
0.9908, 0.3063
0.9908, 0.3063
0.9908, 0.3063
0.9908, 0.3063
0.9908, 0.3063
0.9908, 0.3063
0.9908, 0.3063
0.9908, 0.3063
0.9908, 0.3063
0.9908, 0.3063
0.9908, 0.3063
0.9908, 0.3063
0.9908, 0.3063
0.9908, 0.3063
0.9908, 0.3063
0.9908, 0.3063
0.9908, 0.3063
0.9908, 0.3063
0.9908, 0.3063
0.9908, 0.3063
0.9908, 0.3063
0.9908, 0.3063
0.9908, 0.3063
0.9908, 0.3063
0.9908, 0.3063
0.9908, 0.3063
0.9908, 0.3063
0.9908, 0.3063
0.9908, 0.3063
0.9954, 0.3063
0.9954, 0.3063
0.9954, 0.3063
0.9954, 0.3063
0.9954, 0.3063
0.9954, 0.3063
0.9954, 0.3063
0.9954, 0.3063
0.9954, 0.3063
0.9954, 0.3063
0.9954, 0.3063
0.9954, 0.3063
0.9954, 0.3063
0.9954, 0.3063
0.9954, 0.3063
0.9954, 0.3063
0.9954, 0.3063
0.9954, 0.3063
0.9954, 0.3063
0.9954, 0.3063
0.9954, 0.3063
0.9954, 0.3063
0.9954, 0.3063
0.9954, 0.3063
0.9954, 0.3063
0.9954, 0.3063
0.9954, 0.3063
0.9954, 0.3063
0.9954, 0.3063
0.9954, 0.3063
0.9954, 0.3063
0.9954, 0.3063
0.9954, 0.3063
0.9954, 0.3063
0.9954, 0.3063
0.9954, 0.3063
0.9954, 0.3063
0.9954, 0.3063
0.9954, 0.3063
0.9954, 0.3063
1.0000, 0.3063
0.0642, 0.0366
0.0642, 0.0366
0.0642, 0.0366
0.0642, 0.0366
0.0642, 0.0366
0.0642, 0.0366
0.0642, 0.0366
0.0642, 0.0366
0.0642, 0.0366
0.0642, 0.0366
0.0642, 0.0366
0.0642, 0.0366
0.0642, 0.0366
0.0642, 0.0366
0.0642, 0.0366
0.0642, 0.0366
0.0642, 0.0366
0.0642, 0.0366
0.0642, 0.0366
0.0642, 0.0366
0.0642, 0.0366
0.0642, 0.0366
0.0642, 0.0366
0.0642, 0.0366
0.0642, 0.0366
0.0642, 0.0366
0.0642, 0.0366
0.0642, 0.0366
0.0642, 0.0366
0.0642, 0.0366
0.0642, 0.0366
0.0642, 0.0366
0.0642, 0.0366
0.0688, 0.0366
0.0688, 0.0366
0.0688, 0.0366
0.0688, 0.0366
0.0688, 0.0366
0.0688, 0.0366
0.0688, 0.0366
0.0688, 0.0366
0.0688, 0.0366
0.0688, 0.0366
0.0688, 0.0366
0.0688, 0.0366
0.0688, 0.0366
0.0688, 0.0366
0.0688, 0.0366
0.0688, 0.0366
0.0688, 0.0366
0.0688, 0.0366
0.0688, 0.0366
0.0688, 0.0366
0.0688, 0.0366
0.0688, 0.0366
0.0688, 0.0366
0.0688, 0.0366
0.0688, 0.0366
0.0688, 0.0366
0.0688, 0.0366
0.0688, 0.0366
0.0688, 0.0366
0.0688, 0.0366
0.0688, 0.0366
0.0688, 0.0366
0.0688, 0.0366
0.0688, 0.0366
0.0688, 0.0366
0.0688, 0.0366
0.0688, 0.0366
0.0688, 0.0366
0.0688, 0.0366
0.0688, 0.0366
0.0688, 0.0366
0.0688, 0.0366
0.0688, 0.0366
0.0688, 0.0366
0.0688, 0.0366
0.0688, 0.0366
0.0688, 0.0366
0.0688, 0.0366
0.0688, 0.0366
0.0688, 0.0366
0.0688, 0.0366
0.0688, 0.0366
0.0688, 0.0366
0.0688, 0.0366
0.0688, 0.0366
0.0688, 0.0366
0.0688, 0.0366
0.0688, 0.0366
0.0688, 0.0366
0.0688, 0.0366
0.0688, 0.0366
0.0688, 0.0366
0.0688, 0.0366
0.0688, 0.0366
0.0688, 0.0366
0.0688, 0.0366
0.0688, 0.0366
0.0688, 0.0366
0.0688, 0.0366
0.0688, 0.0366
0.0688, 0.0366
0.0688, 0.0366
0.0688, 0.0366
0.0688, 0.0366
0.0688, 0.0366
0.0688, 0.0366
0.0688, 0.0366
0.0734, 0.0366
0.0734, 0.0366
0.0734, 0.0366
0.0734, 0.0366
0.0734, 0.0366
0.0734, 0.0366
0.0734, 0.0366
0.0734, 0.0366
0.0734, 0.0366
0.0734, 0.0366
0.0734, 0.0366
0.0734, 0.0366
0.0734, 0.0366
0.0734, 0.0366
0.0734, 0.0366
0.0734, 0.0366
0.0734, 0.0366
0.0734, 0.0366
0.0734, 0.0366
0.0734, 0.0366
0.0734, 0.0366
0.0734, 0.0366
0.0734, 0.0366
0.0734, 0.0366
0.0734, 0.0366
0.0734, 0.0366
0.0734, 0.0366
0.0734, 0.0366
0.0734, 0.0366
0.0734, 0.0366
0.0734, 0.0366
0.0780, 0.0366
0.0780, 0.0366
0.0780, 0.0366
0.0780, 0.0366
0.0780, 0.0366
0.0780, 0.0366
0.0780, 0.0366
0.0780, 0.0366
0.0780, 0.0366
0.0780, 0.0366
0.0780, 0.0366
0.0780, 0.0366
0.0780, 0.0366
0.0780, 0.0366
0.0780, 0.0366
0.0780, 0.0366
0.0780, 0.0366
0.0780, 0.0366
0.0780, 0.0366
0.0780, 0.0366
0.0780, 0.0366
0.0780, 0.0340
0.0780, 0.0340
0.0780, 0.0340
0.0780, 0.0340
0.0780, 0.0340
0.0780, 0.0340
0.0780, 0.0340
0.0780, 0.0340
0.0780, 0.0340
0.0780, 0.0340
0.0780, 0.0340
0.0780, 0.0340
0.0780, 0.0340
0.0826, 0.0340
0.0826, 0.0340
0.0826, 0.0340
0.0826, 0.0340
0.0826, 0.0340
0.0826, 0.0340
0.0826, 0.0340
0.0826, 0.0340
0.0826, 0.0314
0.0826, 0.0314
0.0826, 0.0314
0.0826, 0.0314
0.0826, 0.0314
0.0826, 0.0314
0.0826, 0.0314
0.0826, 0.0314
0.0872, 0.0314
0.0872, 0.0314
0.0872, 0.0314
0.0872, 0.0314
0.0872, 0.0314
0.0872, 0.0314
0.0872, 0.0314
0.0872, 0.0314
0.0872, 0.0314
0.0872, 0.0314
0.0872, 0.0314
0.0872, 0.0314
0.0872, 0.0314
0.0872, 0.0314
0.0872, 0.0314
0.0872, 0.0314
0.0872, 0.0314
0.0872, 0.0314
0.0917, 0.0314
0.0917, 0.0314
0.0917, 0.0314
0.0917, 0.0314
0.0917, 0.0314
0.0917, 0.0314
0.0917, 0.0314
0.0917, 0.0314
0.0917, 0.0314
0.0917, 0.0314
0.0917, 0.0314
0.0917, 0.0314
0.0917, 0.0314
0.0917, 0.0314
0.0917, 0.0314
0.0917, 0.0314
0.0917, 0.0288
0.0917, 0.0288
0.0917, 0.0288
0.0917, 0.0288
0.0917, 0.0288
0.0917, 0.0288
0.0917, 0.0288
0.0917, 0.0288
0.0917, 0.0288
0.0917, 0.0288
0.0917, 0.0288
0.0917, 0.0288
0.0917, 0.0288
0.0963, 0.0262
0.0963, 0.0262
0.0963, 0.0262
0.0963, 0.0262
0.0963, 0.0262
0.0963, 0.0262
0.0963, 0.0262
0.0963, 0.0262
0.0963, 0.0262
0.0963, 0.0262
0.0963, 0.0262
0.0963, 0.0262
0.0963, 0.0262
0.1009, 0.0262
0.1009, 0.0262
0.1009, 0.0262
0.1009, 0.0262
0.1009, 0.0262
0.1009, 0.0262
0.1009, 0.0262
0.1009, 0.0262
0.1009, 0.0262
0.1009, 0.0262
0.1009, 0.0262
0.1009, 0.0262
0.1009, 0.0262
0.1009, 0.0262
0.1009, 0.0262
0.1009, 0.0262
0.1009, 0.0262
0.1009, 0.0236
0.1009, 0.0236
0.1009, 0.0236
0.1009, 0.0236
0.1009, 0.0236
0.1009, 0.0236
0.1009, 0.0236
0.1009, 0.0236
0.1009, 0.0236
0.1009, 0.0236
0.1009, 0.0236
0.1009, 0.0236
0.1055, 0.0236
0.1055, 0.0236
0.1055, 0.0236
0.1055, 0.0236
0.1055, 0.0209
0.1055, 0.0209
0.1055, 0.0209
0.1055, 0.0209
0.1055, 0.0209
0.1055, 0.0209
0.1055, 0.0209
0.1101, 0.0209
0.1101, 0.0209
0.1101, 0.0209
0.1101, 0.0209
0.1101, 0.0209
0.1101, 0.0209
0.1101, 0.0209
0.1101, 0.0209
0.1101, 0.0209
0.1101, 0.0209
0.1101, 0.0209
0.1101, 0.0209
0.1101, 0.0209
0.1101, 0.0209
0.1101, 0.0209
0.1101, 0.0209
0.1101, 0.0209
0.1101, 0.0209
0.1101, 0.0209
0.1101, 0.0209
0.1101, 0.0209
0.1147, 0.0209
0.1147, 0.0209
0.1147, 0.0209
0.1147, 0.0209
0.1147, 0.0209
0.1147, 0.0209
0.1147, 0.0209
0.1147, 0.0209
0.1147, 0.0183
0.1147, 0.0183
0.1147, 0.0183
0.1147, 0.0183
0.1193, 0.0183
0.1193, 0.0183
0.1193, 0.0183
0.1193, 0.0183
0.1193, 0.0183
0.1193, 0.0183
0.1193, 0.0183
0.1193, 0.0183
0.1239, 0.0183
0.1239, 0.0183
0.1239, 0.0183
0.1239, 0.0183
0.1239, 0.0157
0.1239, 0.0157
0.1239, 0.0157
0.1239, 0.0157
0.1239, 0.0157
0.1239, 0.0157
0.1239, 0.0157
0.1239, 0.0157
0.1239, 0.0157
0.1239, 0.0157
0.1284, 0.0157
0.1284, 0.0157
0.1284, 0.0157
0.1284, 0.0157
0.1284, 0.0131
0.1284, 0.0131
0.1284, 0.0131
0.1284, 0.0131
0.1284, 0.0131
0.1284, 0.0131
0.1284, 0.0131
0.1330, 0.0131
0.1330, 0.0131
0.1330, 0.0131
0.1330, 0.0131
0.1330, 0.0131
0.1330, 0.0131
0.1330, 0.0131
0.1330, 0.0131
0.1330, 0.0131
0.1330, 0.0131
0.1330, 0.0131
0.1330, 0.0131
0.1330, 0.0131
0.1330, 0.0131
0.1330, 0.0131
0.1330, 0.0131
0.1330, 0.0131
0.1330, 0.0131
0.1330, 0.0131
0.1330, 0.0131
0.1330, 0.0131
0.1330, 0.0131
0.1330, 0.0131
0.1376, 0.0131
0.1376, 0.0131
0.1376, 0.0131
0.1376, 0.0131
0.1376, 0.0131
0.1376, 0.0131
0.1376, 0.0131
0.1376, 0.0131
0.1376, 0.0131
0.1376, 0.0131
0.1376, 0.0131
0.1422, 0.0131
0.1422, 0.0131
0.1422, 0.0131
0.1422, 0.0131
0.1422, 0.0131
0.1422, 0.0131
0.1422, 0.0131
0.1422, 0.0131
0.1422, 0.0131
0.1422, 0.0131
0.1422, 0.0131
0.1422, 0.0131
0.1468, 0.0131
0.1468, 0.0131
0.1468, 0.0131
0.1468, 0.0131
0.1468, 0.0131
0.1468, 0.0131
0.1468, 0.0131
0.1468, 0.0131
0.1468, 0.0131
0.1468, 0.0131
0.1468, 0.0131
0.1468, 0.0131
0.1468, 0.0131
0.1468, 0.0105
0.1468, 0.0105
0.1468, 0.0105
0.1468, 0.0105
0.1468, 0.0105
0.1468, 0.0105
0.1468, 0.0105
0.1514, 0.0105
0.1514, 0.0105
0.1514, 0.0105
0.1514, 0.0105
0.1560, 0.0105
0.1560, 0.0105
0.1560, 0.0105
0.1560, 0.0105
0.1560, 0.0105
0.1560, 0.0105
0.1560, 0.0105
0.1560, 0.0105
0.1560, 0.0105
0.1560, 0.0105
0.1560, 0.0105
0.1560, 0.0105
0.1560, 0.0105
0.1560, 0.0105
0.1560, 0.0105
0.1560, 0.0105
0.1560, 0.0105
0.1560, 0.0105
0.1560, 0.0105
0.1560, 0.0105
0.1560, 0.0105
0.1606, 0.0105
0.1606, 0.0105
0.1606, 0.0105
0.1606, 0.0105
0.1606, 0.0105
0.1606, 0.0105
0.1606, 0.0105
0.1606, 0.0105
0.1606, 0.0105
0.1606, 0.0105
0.1606, 0.0105
0.1606, 0.0105
0.1606, 0.0105
0.1606, 0.0105
0.1606, 0.0105
0.1606, 0.0105
0.1651, 0.0105
0.1651, 0.0105
0.1651, 0.0105
0.1651, 0.0105
0.1651, 0.0105
0.1651, 0.0105
0.1651, 0.0105
0.1651, 0.0105
0.1651, 0.0105
0.1651, 0.0105
0.1651, 0.0105
0.1651, 0.0079
0.1651, 0.0079
0.1651, 0.0079
0.1651, 0.0079
0.1697, 0.0079
0.1697, 0.0079
0.1697, 0.0079
0.1697, 0.0079
0.1697, 0.0079
0.1697, 0.0079
0.1697, 0.0079
0.1697, 0.0079
0.1697, 0.0079
0.1697, 0.0079
0.1697, 0.0079
0.1697, 0.0079
0.1697, 0.0079
0.1697, 0.0079
0.1697, 0.0079
0.1697, 0.0079
0.1743, 0.0079
0.1743, 0.0079
0.1743, 0.0079
0.1743, 0.0079
0.1743, 0.0079
0.1743, 0.0079
0.1743, 0.0079
0.1743, 0.0079
0.1789, 0.0079
0.1789, 0.0079
0.1789, 0.0079
0.1789, 0.0079
0.1789, 0.0079
0.1789, 0.0079
0.1789, 0.0079
0.1789, 0.0079
0.1789, 0.0079
0.1789, 0.0079
0.1789, 0.0079
0.1789, 0.0079
0.1789, 0.0079
0.1789, 0.0079
0.1789, 0.0079
0.1835, 0.0079
0.1835, 0.0079
0.1835, 0.0079
0.1835, 0.0079
0.1835, 0.0079
0.1835, 0.0079
0.1835, 0.0079
0.1835, 0.0079
0.1835, 0.0079
0.1835, 0.0079
0.1835, 0.0079
0.1835, 0.0079
0.1881, 0.0079
0.1881, 0.0079
0.1881, 0.0079
0.1881, 0.0079
0.1881, 0.0079
0.1881, 0.0079
0.1881, 0.0079
0.1881, 0.0079
0.1927, 0.0079
0.1927, 0.0079
0.1927, 0.0079
0.1927, 0.0079
0.1927, 0.0079
0.1927, 0.0079
0.1927, 0.0079
0.1927, 0.0079
0.1927, 0.0079
0.1927, 0.0079
0.1927, 0.0079
0.1927, 0.0079
0.1927, 0.0079
0.1927, 0.0079
0.1927, 0.0079
0.1927, 0.0079
0.1927, 0.0079
0.1927, 0.0079
0.1927, 0.0079
0.1927, 0.0079
0.1972, 0.0052
0.1972, 0.0052
0.1972, 0.0052
0.1972, 0.0052
0.1972, 0.0052
0.1972, 0.0052
0.1972, 0.0052
0.1972, 0.0052
0.1972, 0.0052
0.1972, 0.0052
0.1972, 0.0052
0.2018, 0.0052
0.2018, 0.0052
0.2018, 0.0052
0.2018, 0.0052
0.2018, 0.0052
0.2018, 0.0052
0.2018, 0.0052
0.2018, 0.0052
0.2018, 0.0052
0.2018, 0.0052
0.2018, 0.0052
0.2018, 0.0052
0.2018, 0.0052
0.2018, 0.0052
0.2018, 0.0052
0.2018, 0.0052
0.2018, 0.0052
0.2018, 0.0052
0.2018, 0.0052
0.2018, 0.0052
0.2018, 0.0052
0.2018, 0.0052
0.2018, 0.0052
0.2018, 0.0052
0.2018, 0.0052
0.2018, 0.0052
0.2018, 0.0052
0.2018, 0.0052
0.2064, 0.0052
0.2064, 0.0052
0.2064, 0.0052
0.2064, 0.0052
0.2064, 0.0052
0.2064, 0.0052
0.2064, 0.0052
0.2064, 0.0052
0.2064, 0.0052
0.2064, 0.0052
0.2064, 0.0052
0.2064, 0.0052
0.2110, 0.0026
0.2110, 0.0026
0.2110, 0.0026
0.2110, 0.0026
0.2110, 0.0026
0.2110, 0.0026
0.2110, 0.0026
0.2110, 0.0026
0.2110, 0.0026
0.2110, 0.0026
0.2110, 0.0026
0.2156, 0.0026
0.2156, 0.0026
0.2156, 0.0026
0.2156, 0.0026
0.2156, 0.0026
0.2156, 0.0026
0.2156, 0.0026
0.2156, 0.0026
0.2156, 0.0026
0.2156, 0.0026
0.2156, 0.0026
0.2156, 0.0026
0.2156, 0.0026
0.2156, 0.0026
0.2156, 0.0026
0.2156, 0.0026
0.2156, 0.0026
0.2156, 0.0026
0.2156, 0.0026
0.2156, 0.0026
0.2202, 0.0026
0.2202, 0.0026
0.2202, 0.0026
0.2202, 0.0026
0.2202, 0.0026
0.2202, 0.0026
0.2202, 0.0026
0.2202, 0.0026
0.2202, 0.0026
0.2202, 0.0026
0.2202, 0.0026
0.2248, 0.0026
0.2248, 0.0026
0.2248, 0.0026
0.2248, 0.0026
0.2248, 0.0000
0.2248, 0.0000
0.2248, 0.0000
0.2248, 0.0000
0.2248, 0.0000
0.2248, 0.0000
0.2248, 0.0000
0.2248, 0.0000
0.2248, 0.0000
0.2248, 0.0000
0.2248, 0.0000
0.2248, 0.0000
0.2248, 0.0000
0.2248, 0.0000
0.2248, 0.0000
0.2248, 0.0000
0.2248, 0.0000
0.2248, 0.0000
0.2294, 0.0000
0.2294, 0.0000
0.2294, 0.0000
0.2294, 0.0000
0.2294, 0.0000
0.2294, 0.0000
0.2294, 0.0000
0.2294, 0.0000
0.2294, 0.0000
0.2294, 0.0000
0.2294, 0.0000
0.2294, 0.0000
0.2339, 0.0000
0.2339, 0.0000
0.2339, 0.0000
0.2339, 0.0000
0.2339, 0.0000
0.2339, 0.0000
0.2339, 0.0000
0.2385, 0.0000
0.2385, 0.0000
0.2385, 0.0000
0.2385, 0.0000
0.2385, 0.0000
0.2385, 0.0000
0.2385, 0.0000
0.2385, 0.0000
0.2385, 0.0000
0.2385, 0.0000
0.2385, 0.0000
0.2385, 0.0000
0.2385, 0.0000
0.2385, 0.0000
0.2385, 0.0000
0.2385, 0.0000
0.2385, 0.0000
0.2385, 0.0000
0.2431, 0.0000
0.2431, 0.0000
0.2431, 0.0000
0.2431, 0.0000
0.2431, 0.0000
0.2431, 0.0000
0.2431, 0.0000
0.2477, 0.0000
0.2477, 0.0000
0.2477, 0.0000
0.2477, 0.0000
0.2477, 0.0000
0.2477, 0.0000
0.2477, 0.0000
0.2477, 0.0000
0.2477, 0.0000
0.2477, 0.0000
0.2477, 0.0000
0.2477, 0.0000
0.2523, 0.0000
0.2523, 0.0000
0.2523, 0.0000
0.2523, 0.0000
0.2523, 0.0000
0.2523, 0.0000
0.2523, 0.0000
0.2523, 0.0000
0.2523, 0.0000
0.2523, 0.0000
0.2523, 0.0000
0.2569, 0.0000
0.2569, 0.0000
0.2569, 0.0000
0.2569, 0.0000
0.2569, 0.0000
0.2569, 0.0000
0.2569, 0.0000
0.2569, 0.0000
0.2569, 0.0000
0.2569, 0.0000
0.2569, 0.0000
0.2569, 0.0000
0.2569, 0.0000
0.2569, 0.0000
0.2569, 0.0000
0.2615, 0.0000
0.2615, 0.0000
0.2615, 0.0000
0.2615, 0.0000
0.2661, 0.0000
0.2661, 0.0000
0.2661, 0.0000
0.2706, 0.0000
0.2706, 0.0000
0.2706, 0.0000
0.2706, 0.0000
0.2706, 0.0000
0.2706, 0.0000
0.2706, 0.0000
0.2706, 0.0000
0.2706, 0.0000
0.2706, 0.0000
0.2706, 0.0000
0.2706, 0.0000
0.2706, 0.0000
0.2706, 0.0000
0.2752, 0.0000
0.2752, 0.0000
0.2752, 0.0000
0.2752, 0.0000
0.2752, 0.0000
0.2752, 0.0000
0.2752, 0.0000
0.2798, 0.0000
0.2798, 0.0000
0.2798, 0.0000
0.2798, 0.0000
0.2798, 0.0000
0.2798, 0.0000
0.2798, 0.0000
0.2798, 0.0000
0.2798, 0.0000
0.2798, 0.0000
0.2798, 0.0000
0.2798, 0.0000
0.2798, 0.0000
0.2798, 0.0000
0.2798, 0.0000
0.2798, 0.0000
0.2798, 0.0000
0.2798, 0.0000
0.2798, 0.0000
0.2844, 0.0000
0.2844, 0.0000
0.2844, 0.0000
0.2844, 0.0000
0.2844, 0.0000
0.2844, 0.0000
0.2890, 0.0000
0.2890, 0.0000
0.2890, 0.0000
0.2890, 0.0000
0.2890, 0.0000
0.2890, 0.0000
0.2890, 0.0000
0.2936, 0.0000
0.2936, 0.0000
0.2936, 0.0000
0.2936, 0.0000
0.2936, 0.0000
0.2936, 0.0000
0.2936, 0.0000
0.2936, 0.0000
0.2936, 0.0000
0.2936, 0.0000
0.2936, 0.0000
0.2982, 0.0000
0.2982, 0.0000
0.2982, 0.0000
0.2982, 0.0000
0.2982, 0.0000
0.2982, 0.0000
0.2982, 0.0000
0.3028, 0.0000
0.3028, 0.0000
0.3028, 0.0000
0.3028, 0.0000
0.3028, 0.0000
0.3028, 0.0000
0.3028, 0.0000
0.3028, 0.0000
0.3028, 0.0000
0.3028, 0.0000
0.3028, 0.0000
0.3028, 0.0000
0.3028, 0.0000
0.3028, 0.0000
0.3073, 0.0000
0.3073, 0.0000
0.3073, 0.0000
0.3073, 0.0000
0.3073, 0.0000
0.3119, 0.0026
0.3119, 0.0026
0.3119, 0.0026
0.3119, 0.0026
0.3119, 0.0026
0.3119, 0.0026
0.3165, 0.0026
0.3165, 0.0026
0.3165, 0.0026
0.3165, 0.0026
0.3165, 0.0026
0.3165, 0.0026
0.3165, 0.0026
0.3165, 0.0026
0.3165, 0.0026
0.3165, 0.0026
0.3165, 0.0026
0.3165, 0.0026
0.3211, 0.0026
0.3211, 0.0026
0.3211, 0.0026
0.3211, 0.0026
0.3211, 0.0026
0.3211, 0.0026
0.3257, 0.0052
0.3257, 0.0052
0.3257, 0.0052
0.3257, 0.0052
0.3257, 0.0052
0.3257, 0.0052
0.3257, 0.0052
0.3257, 0.0052
0.3257, 0.0052
0.3257, 0.0052
0.3257, 0.0052
0.3257, 0.0052
0.3257, 0.0052
0.3257, 0.0052
0.3303, 0.0052
0.3303, 0.0052
0.3303, 0.0052
0.3303, 0.0052
0.3303, 0.0052
0.3303, 0.0052
0.3349, 0.0052
0.3349, 0.0052
0.3349, 0.0052
0.3349, 0.0052
0.3349, 0.0052
0.3394, 0.0052
0.3394, 0.0052
0.3394, 0.0052
0.3394, 0.0052
0.3394, 0.0052
0.3394, 0.0052
0.3394, 0.0052
0.3394, 0.0052
0.3394, 0.0052
0.3394, 0.0079
0.3394, 0.0079
0.3394, 0.0079
0.3440, 0.0079
0.3440, 0.0079
0.3440, 0.0079
0.3440, 0.0079
0.3440, 0.0079
0.3440, 0.0079
0.3440, 0.0079
0.3486, 0.0079
0.3486, 0.0079
0.3486, 0.0079
0.3486, 0.0079
0.3486, 0.0079
0.3486, 0.0079
0.3486, 0.0105
0.3486, 0.0105
0.3486, 0.0105
0.3486, 0.0105
0.3486, 0.0105
0.3486, 0.0105
0.3486, 0.0105
0.3486, 0.0105
0.3486, 0.0105
0.3486, 0.0105
0.3532, 0.0105
0.3532, 0.0105
0.3532, 0.0105
0.3532, 0.0105
0.3532, 0.0105
0.3532, 0.0105
0.3532, 0.0105
0.3578, 0.0105
0.3578, 0.0105
0.3578, 0.0105
0.3578, 0.0105
0.3578, 0.0105
0.3578, 0.0105
0.3578, 0.0105
0.3578, 0.0105
0.3578, 0.0105
0.3578, 0.0105
0.3578, 0.0105
0.3624, 0.0105
0.3624, 0.0105
0.3624, 0.0105
0.3624, 0.0105
0.3624, 0.0105
0.3624, 0.0105
0.3624, 0.0105
0.3624, 0.0105
0.3624, 0.0105
0.3624, 0.0105
0.3624, 0.0105
0.3624, 0.0105
0.3624, 0.0105
0.3624, 0.0105
0.3624, 0.0105
0.3624, 0.0105
0.3624, 0.0105
0.3624, 0.0105
0.3670, 0.0105
0.3670, 0.0105
0.3670, 0.0105
0.3670, 0.0105
0.3670, 0.0105
0.3716, 0.0105
0.3716, 0.0105
0.3716, 0.0105
0.3716, 0.0105
0.3716, 0.0105
0.3716, 0.0105
0.3716, 0.0105
0.3716, 0.0105
0.3716, 0.0105
0.3716, 0.0105
0.3716, 0.0105
0.3716, 0.0105
0.3761, 0.0131
0.3761, 0.0131
0.3761, 0.0131
0.3761, 0.0131
0.3761, 0.0131
0.3807, 0.0131
0.3807, 0.0131
0.3807, 0.0131
0.3807, 0.0131
0.3807, 0.0131
0.3853, 0.0131
0.3853, 0.0131
0.3853, 0.0131
0.3853, 0.0131
0.3853, 0.0131
0.3853, 0.0131
0.3853, 0.0131
0.3853, 0.0131
0.3853, 0.0131
0.3899, 0.0157
0.3899, 0.0157
0.3899, 0.0157
0.3899, 0.0157
0.3899, 0.0157
0.3945, 0.0157
0.3945, 0.0157
0.3945, 0.0157
0.3945, 0.0157
0.3945, 0.0157
0.3945, 0.0157
0.3945, 0.0157
0.3945, 0.0157
0.3945, 0.0157
0.3945, 0.0157
0.3945, 0.0157
0.3991, 0.0157
0.3991, 0.0157
0.3991, 0.0157
0.3991, 0.0157
0.3991, 0.0157
0.3991, 0.0157
0.3991, 0.0157
0.3991, 0.0157
0.3991, 0.0157
0.3991, 0.0157
0.3991, 0.0157
0.4037, 0.0157
0.4037, 0.0157
0.4037, 0.0157
0.4037, 0.0157
0.4037, 0.0157
0.4037, 0.0183
0.4037, 0.0183
0.4037, 0.0183
0.4037, 0.0183
0.4037, 0.0183
0.4083, 0.0183
0.4083, 0.0183
0.4083, 0.0183
0.4083, 0.0183
0.4083, 0.0183
0.4083, 0.0183
0.4128, 0.0183
0.4128, 0.0183
0.4128, 0.0183
0.4128, 0.0183
0.4128, 0.0183
0.4174, 0.0183
0.4174, 0.0183
0.4174, 0.0183
0.4174, 0.0183
0.4174, 0.0183
0.4174, 0.0183
0.4174, 0.0183
0.4174, 0.0183
0.4220, 0.0183
0.4220, 0.0183
0.4220, 0.0183
0.4220, 0.0183
0.4220, 0.0183
0.4220, 0.0183
0.4220, 0.0183
0.4220, 0.0183
0.4266, 0.0183
0.4266, 0.0183
0.4266, 0.0183
0.4266, 0.0183
0.4266, 0.0183
0.4266, 0.0183
0.4266, 0.0183
0.4266, 0.0183
0.4266, 0.0209
0.4266, 0.0209
0.4266, 0.0209
0.4266, 0.0209
0.4266, 0.0209
0.4266, 0.0209
0.4266, 0.0209
0.4266, 0.0209
0.4266, 0.0209
0.4266, 0.0209
0.4266, 0.0209
0.4312, 0.0209
0.4312, 0.0209
0.4312, 0.0209
0.4312, 0.0209
0.4312, 0.0209
0.4312, 0.0209
0.4358, 0.0236
0.4358, 0.0236
0.4404, 0.0236
0.4404, 0.0236
0.4404, 0.0236
0.4404, 0.0236
0.4404, 0.0236
0.4404, 0.0236
0.4404, 0.0236
0.4404, 0.0236
0.4404, 0.0236
0.4404, 0.0236
0.4450, 0.0236
0.4450, 0.0236
0.4450, 0.0236
0.4450, 0.0236
0.4450, 0.0236
0.4495, 0.0236
0.4495, 0.0236
0.4495, 0.0236
0.4495, 0.0236
0.4495, 0.0236
0.4495, 0.0236
0.4495, 0.0236
0.4495, 0.0236
0.4495, 0.0236
0.4495, 0.0236
0.4495, 0.0236
0.4495, 0.0262
0.4495, 0.0262
0.4541, 0.0262
0.4541, 0.0262
0.4541, 0.0262
0.4587, 0.0262
0.4587, 0.0262
0.4587, 0.0288
0.4587, 0.0288
0.4633, 0.0288
0.4633, 0.0288
0.4633, 0.0288
0.4633, 0.0288
0.4633, 0.0288
0.4633, 0.0288
0.4633, 0.0288
0.4633, 0.0288
0.4633, 0.0288
0.4633, 0.0288
0.4633, 0.0288
0.4633, 0.0288
0.4633, 0.0288
0.4633, 0.0288
0.4679, 0.0288
0.4679, 0.0288
0.4679, 0.0288
0.4679, 0.0288
0.4679, 0.0288
0.4725, 0.0288
0.4725, 0.0288
0.4725, 0.0288
0.4725, 0.0314
0.4725, 0.0314
0.4725, 0.0314
0.4725, 0.0314
0.4725, 0.0314
0.4725, 0.0314
0.4725, 0.0314
0.4725, 0.0314
0.4725, 0.0314
0.4725, 0.0314
0.4771, 0.0314
0.4771, 0.0314
0.4771, 0.0340
0.4771, 0.0340
0.4771, 0.0340
0.4771, 0.0340
0.4771, 0.0340
0.4817, 0.0340
0.4817, 0.0340
0.4817, 0.0340
0.4817, 0.0340
0.4817, 0.0340
0.4817, 0.0340
0.4862, 0.0366
0.4862, 0.0366
0.4862, 0.0366
0.4862, 0.0366
0.4862, 0.0366
0.4862, 0.0366
0.4862, 0.0366
0.4862, 0.0366
0.4862, 0.0366
0.4862, 0.0366
0.4862, 0.0366
0.4862, 0.0366
0.4862, 0.0366
0.4908, 0.0366
0.4908, 0.0366
0.4908, 0.0366
0.4908, 0.0366
0.4908, 0.0366
0.4908, 0.0366
0.4908, 0.0366
0.4908, 0.0366
0.4954, 0.0366
0.4954, 0.0366
0.4954, 0.0366
0.4954, 0.0366
0.4954, 0.0366
0.4954, 0.0393
0.4954, 0.0393
0.4954, 0.0393
0.5000, 0.0393
0.5000, 0.0393
0.5000, 0.0393
0.5000, 0.0393
0.5000, 0.0393
0.5046, 0.0393
0.5046, 0.0393
0.5046, 0.0419
0.5046, 0.0419
0.5046, 0.0419
0.5046, 0.0419
0.5046, 0.0419
0.5092, 0.0419
0.5092, 0.0419
0.5092, 0.0419
0.5092, 0.0419
0.5092, 0.0419
0.5092, 0.0419
0.5092, 0.0419
0.5092, 0.0419
0.5092, 0.0419
0.5092, 0.0419
0.5092, 0.0419
0.5092, 0.0419
0.5092, 0.0419
0.5092, 0.0419
0.5138, 0.0419
0.5138, 0.0419
0.5138, 0.0419
0.5138, 0.0419
0.5138, 0.0419
0.5138, 0.0419
0.5138, 0.0419
0.5138, 0.0419
0.5183, 0.0419
0.5183, 0.0419
0.5183, 0.0419
0.5183, 0.0419
0.5183, 0.0419
0.5183, 0.0419
0.5183, 0.0419
0.5183, 0.0445
0.5183, 0.0445
0.5183, 0.0445
0.5183, 0.0445
0.5183, 0.0445
0.5183, 0.0445
0.5229, 0.0445
0.5229, 0.0445
0.5229, 0.0445
0.5229, 0.0445
0.5229, 0.0445
0.5275, 0.0445
0.5275, 0.0445
0.5275, 0.0445
0.5275, 0.0445
0.5321, 0.0445
0.5321, 0.0445
0.5321, 0.0445
0.5321, 0.0471
0.5321, 0.0471
0.5321, 0.0471
0.5321, 0.0471
0.5321, 0.0471
0.5367, 0.0471
0.5367, 0.0471
0.5367, 0.0471
0.5367, 0.0471
0.5367, 0.0471
0.5413, 0.0471
0.5413, 0.0471
0.5413, 0.0471
0.5413, 0.0497
0.5413, 0.0497
0.5413, 0.0497
0.5413, 0.0497
0.5413, 0.0497
0.5413, 0.0497
0.5413, 0.0497
0.5413, 0.0497
0.5413, 0.0497
0.5413, 0.0497
0.5459, 0.0497
0.5459, 0.0497
0.5459, 0.0497
0.5459, 0.0497
0.5459, 0.0497
0.5459, 0.0497
0.5459, 0.0497
0.5459, 0.0497
0.5505, 0.0497
0.5505, 0.0497
0.5505, 0.0497
0.5505, 0.0497
0.5505, 0.0497
0.5505, 0.0497
0.5505, 0.0497
0.5505, 0.0497
0.5505, 0.0497
0.5505, 0.0497
0.5505, 0.0497
0.5505, 0.0497
0.5550, 0.0497
0.5550, 0.0497
0.5550, 0.0497
0.5550, 0.0497
0.5550, 0.0497
0.5596, 0.0497
0.5596, 0.0497
0.5596, 0.0524
0.5596, 0.0524
0.5596, 0.0524
0.5642, 0.0524
0.5642, 0.0524
0.5642, 0.0524
0.5642, 0.0524
0.5642, 0.0524
0.5642, 0.0524
0.5642, 0.0524
0.5642, 0.0524
0.5642, 0.0524
0.5642, 0.0524
0.5688, 0.0524
0.5688, 0.0524
0.5688, 0.0550
0.5688, 0.0550
0.5688, 0.0550
0.5688, 0.0550
0.5688, 0.0550
0.5688, 0.0550
0.5734, 0.0550
0.5734, 0.0550
0.5734, 0.0550
0.5734, 0.0550
0.5734, 0.0550
0.5734, 0.0550
0.5734, 0.0550
0.5734, 0.0550
0.5734, 0.0550
0.5734, 0.0550
0.5734, 0.0550
0.5734, 0.0550
0.5734, 0.0550
0.5734, 0.0550
0.5734, 0.0550
0.5734, 0.0550
0.5780, 0.0550
0.5780, 0.0550
0.5780, 0.0550
0.5780, 0.0550
0.5780, 0.0550
0.5780, 0.0550
0.5780, 0.0550
0.5826, 0.0550
0.5826, 0.0550
0.5826, 0.0550
0.5826, 0.0550
0.5826, 0.0550
0.5826, 0.0550
0.5826, 0.0550
0.5826, 0.0550
0.5872, 0.0550
0.5872, 0.0550
0.5872, 0.0576
0.5872, 0.0576
0.5872, 0.0576
0.5872, 0.0576
0.5872, 0.0576
0.5872, 0.0576
0.5872, 0.0576
0.5872, 0.0576
0.5917, 0.0576
0.5917, 0.0576
0.5917, 0.0576
0.5963, 0.0602
0.5963, 0.0602
0.5963, 0.0602
0.5963, 0.0602
0.5963, 0.0602
0.5963, 0.0602
0.5963, 0.0602
0.6009, 0.0602
0.6009, 0.0602
0.6009, 0.0602
0.6009, 0.0628
0.6009, 0.0628
0.6055, 0.0628
0.6055, 0.0628
0.6055, 0.0628
0.6055, 0.0628
0.6055, 0.0628
0.6055, 0.0628
0.6055, 0.0628
0.6055, 0.0628
0.6055, 0.0628
0.6055, 0.0628
0.6055, 0.0628
0.6055, 0.0628
0.6055, 0.0628
0.6101, 0.0628
0.6101, 0.0628
0.6101, 0.0628
0.6101, 0.0628
0.6101, 0.0628
0.6101, 0.0628
0.6101, 0.0628
0.6101, 0.0628
0.6101, 0.0628
0.6101, 0.0628
0.6147, 0.0628
0.6147, 0.0628
0.6147, 0.0628
0.6147, 0.0628
0.6147, 0.0628
0.6193, 0.0654
0.6193, 0.0654
0.6193, 0.0654
0.6193, 0.0654
0.6193, 0.0654
0.6193, 0.0654
0.6193, 0.0654
0.6193, 0.0681
0.6193, 0.0681
0.6193, 0.0681
0.6239, 0.0681
0.6239, 0.0681
0.6284, 0.0681
0.6284, 0.0681
0.6284, 0.0681
0.6284, 0.0681
0.6284, 0.0681
0.6330, 0.0681
0.6330, 0.0681
0.6330, 0.0681
0.6330, 0.0681
0.6330, 0.0681
0.6330, 0.0681
0.6330, 0.0681
0.6330, 0.0681
0.6330, 0.0681
0.6330, 0.0681
0.6330, 0.0681
0.6330, 0.0681
0.6330, 0.0681
0.6330, 0.0681
0.6330, 0.0681
0.6330, 0.0681
0.6330, 0.0681
0.6330, 0.0681
0.6376, 0.0681
0.6376, 0.0681
0.6376, 0.0681
0.6376, 0.0707
0.6376, 0.0707
0.6422, 0.0707
0.6422, 0.0707
0.6422, 0.0707
0.6422, 0.0707
0.6422, 0.0707
0.6422, 0.0707
0.6422, 0.0707
0.6422, 0.0733
0.6422, 0.0733
0.6422, 0.0733
0.6422, 0.0733
0.6422, 0.0733
0.6468, 0.0733
0.6468, 0.0733
0.6468, 0.0733
0.6468, 0.0733
0.6468, 0.0733
0.6514, 0.0733
0.6514, 0.0733
0.6560, 0.0759
0.6560, 0.0759
0.6560, 0.0759
0.6560, 0.0759
0.6560, 0.0759
0.6560, 0.0759
0.6560, 0.0759
0.6560, 0.0759
0.6560, 0.0759
0.6560, 0.0759
0.6606, 0.0759
0.6606, 0.0759
0.6606, 0.0759
0.6606, 0.0759
0.6606, 0.0759
0.6651, 0.0759
0.6651, 0.0759
0.6651, 0.0759
0.6651, 0.0759
0.6651, 0.0759
0.6651, 0.0759
0.6651, 0.0759
0.6651, 0.0759
0.6651, 0.0759
0.6651, 0.0759
0.6651, 0.0759
0.6651, 0.0759
0.6697, 0.0759
0.6697, 0.0759
0.6697, 0.0759
0.6697, 0.0785
0.6697, 0.0785
0.6743, 0.0785
0.6743, 0.0785
0.6743, 0.0785
0.6743, 0.0785
0.6743, 0.0785
0.6789, 0.0785
0.6789, 0.0785
0.6789, 0.0785
0.6789, 0.0785
0.6789, 0.0785
0.6789, 0.0785
0.6789, 0.0785
0.6789, 0.0785
0.6789, 0.0785
0.6789, 0.0785
0.6789, 0.0785
0.6789, 0.0785
0.6789, 0.0785
0.6835, 0.0812
0.6835, 0.0812
0.6835, 0.0812
0.6835, 0.0812
0.6835, 0.0812
0.6881, 0.0812
0.6881, 0.0812
0.6881, 0.0812
0.6881, 0.0812
0.6881, 0.0812
0.6927, 0.0812
0.6927, 0.0812
0.6927, 0.0812
0.6927, 0.0812
0.6927, 0.0812
0.6972, 0.0812
0.6972, 0.0812
0.6972, 0.0812
0.6972, 0.0812
0.6972, 0.0812
0.6972, 0.0812
0.6972, 0.0812
0.6972, 0.0812
0.6972, 0.0812
0.6972, 0.0812
0.7018, 0.0812
0.7018, 0.0812
0.7018, 0.0812
0.7018, 0.0812
0.7018, 0.0812
0.7018, 0.0812
0.7018, 0.0812
0.7064, 0.0812
0.7064, 0.0812
0.7064, 0.0838
0.7064, 0.0838
0.7064, 0.0838
0.7110, 0.0838
0.7110, 0.0838
0.7110, 0.0838
0.7110, 0.0838
0.7110, 0.0838
0.7110, 0.0838
0.7110, 0.0838
0.7156, 0.0838
0.7156, 0.0838
0.7156, 0.0838
0.7156, 0.0838
0.7156, 0.0838
0.7202, 0.0838
0.7202, 0.0838
0.7202, 0.0838
0.7202, 0.0838
0.7202, 0.0838
0.7202, 0.0864
0.7202, 0.0864
0.7202, 0.0864
0.7202, 0.0864
0.7202, 0.0864
0.7248, 0.0864
0.7248, 0.0864
0.7248, 0.0864
0.7248, 0.0864
0.7248, 0.0864
0.7248, 0.0864
0.7248, 0.0864
0.7248, 0.0864
0.7294, 0.0864
0.7294, 0.0864
0.7294, 0.0864
0.7294, 0.0864
0.7294, 0.0864
0.7294, 0.0864
0.7294, 0.0864
0.7339, 0.0864
0.7339, 0.0864
0.7339, 0.0864
0.7339, 0.0864
0.7339, 0.0864
0.7339, 0.0890
0.7339, 0.0890
0.7339, 0.0890
0.7339, 0.0890
0.7339, 0.0890
0.7339, 0.0890
0.7339, 0.0890
0.7385, 0.0890
0.7385, 0.0890
0.7385, 0.0890
0.7385, 0.0890
0.7431, 0.0890
0.7431, 0.0890
0.7431, 0.0890
0.7431, 0.0890
0.7431, 0.0890
0.7431, 0.0890
0.7431, 0.0890
0.7431, 0.0890
0.7477, 0.0890
0.7477, 0.0890
0.7477, 0.0890
0.7477, 0.0890
0.7523, 0.0890
0.7523, 0.0890
0.7569, 0.0890
0.7569, 0.0890
0.7569, 0.0890
0.7615, 0.0890
0.7615, 0.0890
0.7615, 0.0890
0.7661, 0.0916
0.7706, 0.0916
0.7706, 0.0916
0.7752, 0.0916
0.7752, 0.0916
0.7798, 0.0916
0.7798, 0.0916
0.7798, 0.0916
0.7798, 0.0916
0.7798, 0.0916
0.7798, 0.0916
0.7798, 0.0916
0.7798, 0.0916
0.7798, 0.0916
0.7798, 0.0916
0.7844, 0.0916
0.7844, 0.0916
0.7844, 0.0916
0.7844, 0.0916
0.7844, 0.0916
0.7890, 0.0916
0.7890, 0.0916
0.7890, 0.0916
0.7890, 0.0916
0.7890, 0.0916
0.7890, 0.0916
0.7890, 0.0916
0.7936, 0.0916
0.7936, 0.0916
0.7936, 0.0916
0.7936, 0.0916
0.7936, 0.0916
0.7982, 0.0942
0.7982, 0.0942
0.7982, 0.0942
0.7982, 0.0942
0.7982, 0.0942
0.8028, 0.0942
0.8028, 0.0942
0.8028, 0.0942
0.8028, 0.0942
0.8028, 0.0942
0.8028, 0.0942
0.8028, 0.0942
0.8028, 0.0942
0.8028, 0.0942
0.8028, 0.0942
0.8073, 0.0942
0.8073, 0.0942
0.8073, 0.0942
0.8073, 0.0942
0.8119, 0.0942
0.8119, 0.0942
0.8119, 0.0942
0.8119, 0.0942
0.8119, 0.0942
0.8119, 0.0942
0.8119, 0.0942
0.8119, 0.0942
0.8119, 0.0942
0.8119, 0.0942
0.8165, 0.0942
0.8165, 0.0942
0.8165, 0.0942
0.8165, 0.0942
0.8165, 0.0942
0.8211, 0.0942
0.8211, 0.0942
0.8211, 0.0942
0.8211, 0.0942
0.8211, 0.0942
0.8257, 0.0942
0.8257, 0.0942
0.8257, 0.0942
0.8257, 0.0942
0.8257, 0.0942
0.8257, 0.0942
0.8257, 0.0942
0.8257, 0.0942
0.8257, 0.0942
0.8257, 0.0942
0.8257, 0.0942
0.8257, 0.0942
0.8303, 0.0942
0.8303, 0.0942
0.8303, 0.0942
0.8303, 0.0942
0.8303, 0.0942
0.8303, 0.0942
0.8303, 0.0942
0.8349, 0.0942
0.8349, 0.0942
0.8349, 0.0942
0.8349, 0.0942
0.8349, 0.0942
0.8349, 0.0942
0.8349, 0.0942
0.8349, 0.0942
0.8349, 0.0942
0.8394, 0.0942
0.8394, 0.0942
0.8394, 0.0942
0.8394, 0.0942
0.8394, 0.0942
0.8440, 0.0942
0.8440, 0.0942
0.8440, 0.0942
0.8440, 0.0942
0.8486, 0.0942
0.8486, 0.0942
0.8486, 0.0942
0.8532, 0.0942
0.8532, 0.0942
0.8578, 0.0942
0.8578, 0.0942
0.8578, 0.0942
0.8578, 0.0942
0.8578, 0.0942
0.8578, 0.0942
0.8578, 0.0942
0.8624, 0.0942
0.8624, 0.0942
0.8670, 0.0942
0.8670, 0.0942
0.8670, 0.0942
0.8670, 0.0942
0.8670, 0.0942
0.8716, 0.0942
0.8716, 0.0942
0.8761, 0.0942
0.8761, 0.0942
0.8761, 0.0942
0.8761, 0.0942
0.8761, 0.0942
0.8807, 0.0942
0.8807, 0.0942
0.8807, 0.0942
0.8807, 0.0942
0.8807, 0.0942
0.8807, 0.0942
0.8853, 0.0942
0.8853, 0.0942
0.8853, 0.0942
0.8853, 0.0942
0.8853, 0.0942
0.8899, 0.0942
0.8899, 0.0942
0.8899, 0.0942
0.8899, 0.0942
0.8899, 0.0942
0.8899, 0.0942
0.8899, 0.0942
0.8945, 0.0942
0.8945, 0.0942
0.8945, 0.0942
0.8945, 0.0942
0.8945, 0.0942
0.8991, 0.0942
0.8991, 0.0942
0.8991, 0.0942
0.9037, 0.0916
0.9037, 0.0916
0.9037, 0.0916
0.9037, 0.0916
0.9037, 0.0916
0.9037, 0.0916
0.9037, 0.0916
0.9083, 0.0916
0.9083, 0.0916
0.9128, 0.0916
0.9128, 0.0916
0.9128, 0.0916
0.9128, 0.0916
0.9174, 0.0916
0.9174, 0.0916
0.9174, 0.0916
0.9266, 0.0916
0.9266, 0.0916
0.9266, 0.0916
0.9266, 0.0916
0.9266, 0.0916
0.9266, 0.0916
0.9266, 0.0916
0.9312, 0.0890
0.9312, 0.0890
0.9358, 0.0890
0.9358, 0.0890
0.9358, 0.0890
0.9358, 0.0890
0.9358, 0.0890
0.9358, 0.0890
0.9358, 0.0890
0.9358, 0.0864
0.9358, 0.0864
0.9358, 0.0864
0.9358, 0.0864
0.9358, 0.0864
0.9358, 0.0864
0.9358, 0.0864
0.9404, 0.0864
0.9404, 0.0864
0.9404, 0.0864
0.9404, 0.0864
0.9404, 0.0864
0.9404, 0.0838
0.9404, 0.0838
0.9450, 0.0838
0.9450, 0.0838
0.9450, 0.0838
0.9450, 0.0838
0.9450, 0.0838
0.9495, 0.0838
0.9495, 0.0838
0.9495, 0.0838
0.9495, 0.0838
0.9495, 0.0838
0.9495, 0.0838
0.9495, 0.0838
0.9495, 0.0838
0.9495, 0.0838
0.9541, 0.0838
0.9541, 0.0838
0.9541, 0.0838
0.9541, 0.0812
0.9541, 0.0812
0.9541, 0.0812
0.9541, 0.0812
0.9541, 0.0812
0.9541, 0.0812
0.9541, 0.0812
0.9587, 0.0812
0.9587, 0.0812
0.9587, 0.0812
0.9587, 0.0812
0.9587, 0.0785
0.9587, 0.0785
0.9587, 0.0785
0.9587, 0.0785
0.9587, 0.0785
0.9587, 0.0785
0.9587, 0.0785
0.9587, 0.0785
0.9587, 0.0785
0.9587, 0.0785
0.9633, 0.0785
0.9633, 0.0785
0.9633, 0.0785
0.9633, 0.0785
0.9679, 0.0785
0.9679, 0.0785
0.9679, 0.0785
0.9725, 0.0785
0.9725, 0.0785
0.9725, 0.0759
0.9725, 0.0759
0.9725, 0.0759
0.9725, 0.0759
0.9771, 0.0759
0.9771, 0.0759
0.9771, 0.0759
0.9771, 0.0733
0.9771, 0.0733
0.9817, 0.0733
0.9817, 0.0733
0.9817, 0.0733
0.9817, 0.0733
0.9817, 0.0733
0.9817, 0.0733
0.9817, 0.0733
0.9817, 0.0733
0.9817, 0.0733
0.9862, 0.0733
0.9862, 0.0733
0.9862, 0.0707
0.9862, 0.0707
0.9862, 0.0707
0.9862, 0.0707
0.9862, 0.0707
0.9862, 0.0707
0.9862, 0.0707
0.9908, 0.0707
0.9908, 0.0707
0.9908, 0.0707
0.9908, 0.0707
0.9908, 0.0707
0.9908, 0.0707
0.9908, 0.0707
0.9908, 0.0707
0.9908, 0.0707
0.9908, 0.0707
0.9908, 0.0707
0.9908, 0.0707
0.9908, 0.0707
0.9954, 0.0707
0.9954, 0.0707
0.9954, 0.0707
0.9954, 0.0707
0.9954, 0.0707
0.9954, 0.0707
0.9954, 0.0707
0.9954, 0.0707
0.9954, 0.0707
0.9954, 0.0707
0.9954, 0.0707
0.9954, 0.0707
0.9954, 0.0707
0.9954, 0.0707
0.9954, 0.0707
0.9954, 0.0707
0.9954, 0.0707
0.9954, 0.0707
0.9954, 0.0707
0.9954, 0.0707
0.9954, 0.0707
0.9954, 0.0707
1.0000, 0.0707
1.0000, 0.0707
1.0000, 0.0707
1.0000, 0.0707
1.0000, 0.0707
1.0000, 0.0707
1.0000, 0.0707
1.0000, 0.0707
1.0000, 0.0707
1.0000, 0.0707
1.0000, 0.0707
1.0000, 0.0707
1.0000, 0.0707
1.0000, 0.0707
1.0000, 0.0707
1.0000, 0.0707
1.0000, 0.0707
1.0000, 0.0707
1.0000, 0.0707
1.0000, 0.0707
1.0000, 0.0707
1.0000, 0.0707
1.0000, 0.0707
1.0000, 0.0707
1.0000, 0.0707
1.0000, 0.0707
1.0000, 0.0707
1.0000, 0.0707
1.0000, 0.0707
1.0000, 0.0707
1.0000, 0.0707
1.0000, 0.0707
1.0000, 0.0707
1.0000, 0.0707
1.0000, 0.0707
1.0000, 0.0707
1.0000, 0.0707
1.0000, 0.0707
1.0000, 0.0707
1.0000, 0.0707
0.5367, 0.2723
0.5367, 0.2723
0.5367, 0.2723
0.5367, 0.2723
0.5367, 0.2723
0.5367, 0.2723
0.5367, 0.2723
0.5367, 0.2723
0.5367, 0.2723
0.5367, 0.2723
0.5367, 0.2723
0.5367, 0.2723
0.5367, 0.2723
0.5367, 0.2723
0.5367, 0.2723
0.5367, 0.2723
0.5367, 0.2723
0.5367, 0.2723
0.5367, 0.2723
0.5367, 0.2723
0.5367, 0.2723
0.5367, 0.2723
0.5367, 0.2723
0.5367, 0.2723
0.5367, 0.2723
0.5367, 0.2723
0.5367, 0.2723
0.5367, 0.2723
0.5367, 0.2723
0.5367, 0.2723
0.5367, 0.2723
0.5367, 0.2723
0.5367, 0.2723
0.5367, 0.2723
0.5367, 0.2723
0.5367, 0.2723
0.5367, 0.2723
0.5367, 0.2723
0.5367, 0.2723
0.5367, 0.2723
0.5367, 0.2723
0.5367, 0.2723
0.5367, 0.2723
0.5367, 0.2723
0.5367, 0.2723
0.5367, 0.2723
0.5367, 0.2723
0.5367, 0.2723
0.5367, 0.2723
0.5367, 0.2723
0.5367, 0.2723
0.5367, 0.2723
0.5367, 0.2723
0.5367, 0.2723
0.5367, 0.2723
0.5367, 0.2723
0.5367, 0.2723
0.5367, 0.2723
0.5367, 0.2723
0.5367, 0.2723
0.5367, 0.2723
0.5367, 0.2723
0.5367, 0.2696
0.5367, 0.2696
0.5367, 0.2696
0.5367, 0.2696
0.5367, 0.2696
0.5367, 0.2696
0.5367, 0.2696
0.5367, 0.2696
0.5367, 0.2696
0.5367, 0.2670
0.5367, 0.2670
0.5367, 0.2670
0.5367, 0.2670
0.5367, 0.2670
0.5367, 0.2670
0.5367, 0.2670
0.5367, 0.2670
0.5367, 0.2670
0.5367, 0.2670
0.5367, 0.2670
0.5367, 0.2670
0.5367, 0.2670
0.5367, 0.2670
0.5367, 0.2670
0.5367, 0.2670
0.5367, 0.2670
0.5367, 0.2670
0.5367, 0.2670
0.5367, 0.2670
0.5367, 0.2644
0.5367, 0.2644
0.5367, 0.2644
0.5367, 0.2644
0.5367, 0.2644
0.5367, 0.2644
0.5367, 0.2644
0.5367, 0.2644
0.5367, 0.2644
0.5367, 0.2618
0.5367, 0.2618
0.5367, 0.2618
0.5367, 0.2618
0.5367, 0.2618
0.5367, 0.2618
0.5367, 0.2592
0.5367, 0.2592
0.5367, 0.2592
0.5367, 0.2592
0.5367, 0.2592
0.5367, 0.2592
0.5367, 0.2592
0.5367, 0.2592
0.5367, 0.2592
0.5367, 0.2592
0.5367, 0.2592
0.5367, 0.2592
0.5367, 0.2592
0.5367, 0.2592
0.5367, 0.2592
0.5367, 0.2592
0.5367, 0.2592
0.5367, 0.2592
0.5367, 0.2592
0.5367, 0.2565
0.5367, 0.2565
0.5367, 0.2565
0.5367, 0.2565
0.5367, 0.2565
0.5367, 0.2565
0.5367, 0.2565
0.5367, 0.2565
0.5367, 0.2565
0.5367, 0.2565
0.5367, 0.2565
0.5367, 0.2565
0.5367, 0.2565
0.5367, 0.2539
0.5367, 0.2539
0.5367, 0.2539
0.5367, 0.2539
0.5367, 0.2539
0.5367, 0.2539
0.5367, 0.2539
0.5367, 0.2539
0.5367, 0.2539
0.5367, 0.2539
0.5367, 0.2539
0.5367, 0.2539
0.5367, 0.2539
0.5367, 0.2539
0.5367, 0.2539
0.5367, 0.2539
0.5367, 0.2513
0.5367, 0.2513
0.5367, 0.2513
0.5367, 0.2513
0.5367, 0.2513
0.5367, 0.2513
0.5367, 0.2513
0.5367, 0.2513
0.5367, 0.2513
0.5367, 0.2487
0.5367, 0.2487
0.5367, 0.2487
0.5367, 0.2487
0.5367, 0.2487
0.5367, 0.2487
0.5367, 0.2487
0.5367, 0.2487
0.5367, 0.2487
0.5367, 0.2487
0.5367, 0.2487
0.5367, 0.2487
0.5367, 0.2487
0.5367, 0.2461
0.5367, 0.2461
0.5367, 0.2461
0.5367, 0.2461
0.5367, 0.2461
0.5367, 0.2461
0.5367, 0.2461
0.5367, 0.2461
0.5367, 0.2461
0.5367, 0.2461
0.5367, 0.2461
0.5367, 0.2461
0.5367, 0.2461
0.5367, 0.2461
0.5367, 0.2461
0.5367, 0.2461
0.5367, 0.2461
0.5367, 0.2461
0.5367, 0.2461
0.5367, 0.2435
0.5367, 0.2435
0.5367, 0.2435
0.5367, 0.2435
0.5367, 0.2435
0.5367, 0.2435
0.5367, 0.2435
0.5367, 0.2435
0.5367, 0.2435
0.5367, 0.2408
0.5367, 0.2408
0.5367, 0.2408
0.5367, 0.2408
0.5367, 0.2408
0.5367, 0.2408
0.5367, 0.2408
0.5367, 0.2408
0.5367, 0.2408
0.5367, 0.2408
0.5367, 0.2408
0.5367, 0.2408
0.5367, 0.2408
0.5367, 0.2408
0.5367, 0.2408
0.5367, 0.2408
0.5367, 0.2382
0.5367, 0.2382
0.5367, 0.2382
0.5367, 0.2382
0.5367, 0.2382
0.5367, 0.2382
0.5367, 0.2382
0.5367, 0.2382
0.5367, 0.2382
0.5367, 0.2356
0.5367, 0.2356
0.5367, 0.2356
0.5367, 0.2356
0.5367, 0.2356
0.5367, 0.2356
0.5367, 0.2356
0.5367, 0.2356
0.5367, 0.2356
0.5367, 0.2356
0.5367, 0.2356
0.5367, 0.2356
0.5367, 0.2356
0.5367, 0.2356
0.5367, 0.2356
0.5367, 0.2356
0.5367, 0.2330
0.5367, 0.2330
0.5367, 0.2330
0.5367, 0.2330
0.5367, 0.2330
0.5367, 0.2330
0.5367, 0.2330
0.5367, 0.2330
0.5367, 0.2330
0.5367, 0.2330
0.5367, 0.2330
0.5367, 0.2330
0.5367, 0.2330
0.5367, 0.2330
0.5367, 0.2330
0.5367, 0.2330
0.5367, 0.2330
0.5367, 0.2330
0.5367, 0.2330
0.5367, 0.2330
0.5367, 0.2330
0.5367, 0.2304
0.5367, 0.2304
0.5367, 0.2304
0.5367, 0.2304
0.5367, 0.2304
0.5367, 0.2304
0.5367, 0.2304
0.5367, 0.2304
0.5367, 0.2304
0.5367, 0.2304
0.5367, 0.2304
0.5367, 0.2304
0.5367, 0.2277
0.5367, 0.2277
0.5367, 0.2277
0.5367, 0.2277
0.5367, 0.2277
0.5367, 0.2277
0.5367, 0.2277
0.5367, 0.2277
0.5367, 0.2277
0.5367, 0.2277
0.5367, 0.2277
0.5367, 0.2277
0.5367, 0.2277
0.5367, 0.2277
0.5367, 0.2277
0.5367, 0.2277
0.5367, 0.2277
0.5367, 0.2277
0.5367, 0.2277
0.5367, 0.2251
0.5367, 0.2251
0.5367, 0.2251
0.5367, 0.2251
0.5367, 0.2251
0.5367, 0.2251
0.5367, 0.2251
0.5367, 0.2251
0.5367, 0.2251
0.5367, 0.2251
0.5367, 0.2251
0.5367, 0.2251
0.5367, 0.2225
0.5367, 0.2225
0.5367, 0.2225
0.5367, 0.2225
0.5367, 0.2225
0.5367, 0.2225
0.5367, 0.2225
0.5367, 0.2225
0.5367, 0.2225
0.5367, 0.2225
0.5367, 0.2199
0.5367, 0.2199
0.5367, 0.2199
0.5367, 0.2199
0.5367, 0.2199
0.5367, 0.2199
0.5367, 0.2199
0.5367, 0.2199
0.5367, 0.2199
0.5367, 0.2199
0.5367, 0.2199
0.5367, 0.2199
0.5367, 0.2199
0.5367, 0.2199
0.5367, 0.2199
0.5367, 0.2199
0.5367, 0.2199
0.5367, 0.2199
0.5367, 0.2199
0.5367, 0.2199
0.5367, 0.2199
0.5367, 0.2199
0.5367, 0.2199
0.5367, 0.2199
0.5367, 0.2199
0.5367, 0.2173
0.5367, 0.2173
0.5367, 0.2173
0.5367, 0.2173
0.5367, 0.2173
0.5367, 0.2173
0.5367, 0.2147
0.5367, 0.2147
0.5367, 0.2147
0.5367, 0.2147
0.5367, 0.2147
0.5367, 0.2147
0.5367, 0.2147
0.5367, 0.2147
0.5367, 0.2147
0.5367, 0.2147
0.5367, 0.2147
0.5367, 0.2147
0.5367, 0.2147
0.5367, 0.2147
0.5367, 0.2147
0.5367, 0.2147
0.5367, 0.2147
0.5367, 0.2147
0.5367, 0.2120
0.5367, 0.2120
0.5367, 0.2120
0.5367, 0.2120
0.5367, 0.2120
0.5367, 0.2094
0.5367, 0.2094
0.5367, 0.2094
0.5367, 0.2094
0.5367, 0.2094
0.5367, 0.2094
0.5367, 0.2094
0.5367, 0.2094
0.5367, 0.2094
0.5367, 0.2068
0.5367, 0.2068
0.5367, 0.2068
0.5367, 0.2068
0.5367, 0.2068
0.5367, 0.2068
0.5367, 0.2068
0.5367, 0.2068
0.5367, 0.2068
0.5367, 0.2068
0.5367, 0.2068
0.5367, 0.2068
0.5367, 0.2068
0.5367, 0.2068
0.5367, 0.2068
0.5367, 0.2042
0.5367, 0.2042
0.5367, 0.2042
0.5367, 0.2042
0.5367, 0.2042
0.5367, 0.2042
0.5367, 0.2016
0.5367, 0.2016
0.5367, 0.2016
0.5367, 0.2016
0.5367, 0.2016
0.5367, 0.2016
0.5367, 0.2016
0.5367, 0.2016
0.5367, 0.2016
0.5367, 0.2016
0.5367, 0.2016
0.5367, 0.2016
0.5367, 0.1990
0.5367, 0.1990
0.5367, 0.1990
0.5367, 0.1990
0.5367, 0.1990
0.5367, 0.1990
0.5367, 0.1963
0.5367, 0.1963
0.5367, 0.1963
0.5367, 0.1963
0.5367, 0.1963
0.5367, 0.1963
0.5367, 0.1963
0.5367, 0.1963
0.5367, 0.1963
0.5367, 0.1963
0.5367, 0.1963
0.5367, 0.1963
0.5367, 0.1963
0.5367, 0.1963
0.5367, 0.1937
0.5367, 0.1937
0.5367, 0.1937
0.5367, 0.1937
0.5367, 0.1937
0.5367, 0.1937
0.5367, 0.1937
0.5367, 0.1937
0.5367, 0.1937
0.5367, 0.1911
0.5367, 0.1911
0.5367, 0.1911
0.5367, 0.1911
0.5367, 0.1911
0.5367, 0.1885
0.5367, 0.1885
0.5367, 0.1885
0.5367, 0.1885
0.5367, 0.1885
0.5367, 0.1885
0.5367, 0.1885
0.5367, 0.1885
0.5367, 0.1885
0.5367, 0.1885
0.5367, 0.1885
0.5367, 0.1885
0.5367, 0.1885
0.5367, 0.1885
0.5367, 0.1885
0.5367, 0.1859
0.5367, 0.1859
0.5367, 0.1859
0.5367, 0.1859
0.5367, 0.1859
0.5367, 0.1859
0.5367, 0.1859
0.5367, 0.1859
0.5367, 0.1859
0.5367, 0.1832
0.5367, 0.1832
0.5367, 0.1832
0.5367, 0.1832
0.5367, 0.1832
0.5367, 0.1832
0.5367, 0.1832
0.5367, 0.1832
0.5367, 0.1832
0.5367, 0.1832
0.5367, 0.1832
0.5367, 0.1832
0.5367, 0.1832
0.5367, 0.1832
0.5367, 0.1832
0.5367, 0.1832
0.5367, 0.1806
0.5367, 0.1806
0.5367, 0.1806
0.5367, 0.1806
0.5367, 0.1806
0.5367, 0.1806
0.5367, 0.1806
0.5367, 0.1806
0.5367, 0.1780
0.5367, 0.1780
0.5367, 0.1780
0.5367, 0.1754
0.5367, 0.1754
0.5367, 0.1754
0.5367, 0.1754
0.5367, 0.1754
0.5367, 0.1754
0.5367, 0.1754
0.5367, 0.1754
0.5367, 0.1754
0.5367, 0.1754
0.5367, 0.1754
0.5367, 0.1754
0.5367, 0.1754
0.5367, 0.1754
0.5367, 0.1754
0.5367, 0.1728
0.5367, 0.1728
0.5367, 0.1728
0.5367, 0.1728
0.5367, 0.1728
0.5367, 0.1728
0.5367, 0.1702
0.5367, 0.1702
0.5367, 0.1702
0.5367, 0.1702
0.5367, 0.1702
0.5367, 0.1702
0.5367, 0.1702
0.5367, 0.1702
0.5367, 0.1702
0.5367, 0.1702
0.5367, 0.1702
0.5367, 0.1702
0.5367, 0.1675
0.5367, 0.1675
0.5367, 0.1675
0.5367, 0.1675
0.5367, 0.1675
0.5367, 0.1649
0.5367, 0.1649
0.5367, 0.1649
0.5367, 0.1649
0.5367, 0.1649
0.5367, 0.1649
0.5367, 0.1649
0.5367, 0.1649
0.5367, 0.1649
0.5367, 0.1649
0.5367, 0.1623
0.5367, 0.1623
0.5367, 0.1623
0.5367, 0.1623
0.5367, 0.1623
0.5367, 0.1623
0.5367, 0.1623
0.5367, 0.1623
0.5367, 0.1623
0.5367, 0.1623
0.5367, 0.1623
0.5367, 0.1597
0.5367, 0.1597
0.5367, 0.1597
0.5367, 0.1597
0.5367, 0.1597
0.5367, 0.1597
0.5367, 0.1571
0.5367, 0.1571
0.5367, 0.1571
0.5367, 0.1571
0.5367, 0.1571
0.5367, 0.1571
0.5367, 0.1571
0.5367, 0.1571
0.5367, 0.1571
0.5367, 0.1571
0.5367, 0.1571
0.5367, 0.1571
0.5367, 0.1545
0.5367, 0.1545
0.5367, 0.1545
0.5367, 0.1545
0.5367, 0.1545
0.5367, 0.1545
0.5367, 0.1545
0.5367, 0.1545
0.5367, 0.1545
0.5367, 0.1518
0.5367, 0.1518
0.5367, 0.1518
0.5367, 0.1518
0.5367, 0.1518
0.5367, 0.1492
0.5367, 0.1492
0.5367, 0.1492
0.5367, 0.1492
0.5367, 0.1492
0.5367, 0.1492
0.5367, 0.1492
0.5367, 0.1492
0.5367, 0.1492
0.5367, 0.1492
0.5367, 0.1492
0.5367, 0.1492
0.5367, 0.1466
0.5367, 0.1466
0.5367, 0.1466
0.5367, 0.1466
0.5367, 0.1466
0.5367, 0.1466
0.5367, 0.1440
0.5367, 0.1440
0.5367, 0.1440
0.5367, 0.1440
0.5367, 0.1440
0.5367, 0.1440
0.5367, 0.1440
0.5367, 0.1440
0.5367, 0.1440
0.5367, 0.1440
0.5367, 0.1440
0.5367, 0.1440
0.5367, 0.1440
0.5367, 0.1440
0.5367, 0.1414
0.5367, 0.1414
0.5367, 0.1414
0.5367, 0.1414
0.5367, 0.1414
0.5367, 0.1414
0.5367, 0.1387
0.5367, 0.1387
0.5367, 0.1387
0.5367, 0.1387
0.5367, 0.1387
0.5367, 0.1361
0.5367, 0.1361
0.5367, 0.1361
0.5367, 0.1361
0.5367, 0.1361
0.5367, 0.1361
0.5367, 0.1361
0.5367, 0.1361
0.5367, 0.1361
0.5367, 0.1361
0.5367, 0.1361
0.5367, 0.1335
0.5367, 0.1335
0.5367, 0.1335
0.5367, 0.1335
0.5367, 0.1335
0.5367, 0.1309
0.5367, 0.1309
0.5367, 0.1309
0.5367, 0.1309
0.5367, 0.1309
0.5367, 0.1309
0.5367, 0.1309
0.5367, 0.1309
0.5367, 0.1309
0.5367, 0.1309
0.5367, 0.1309
0.5367, 0.1309
0.5367, 0.1309
0.5367, 0.1309
0.5367, 0.1309
0.5367, 0.1283
0.5367, 0.1283
0.5367, 0.1283
0.5367, 0.1283
0.5367, 0.1283
0.5367, 0.1283
0.5367, 0.1257
0.5367, 0.1257
0.5367, 0.1257
0.5367, 0.1257
0.5367, 0.1257
0.5367, 0.1230
0.5367, 0.1230
0.5367, 0.1230
0.5367, 0.1230
0.5367, 0.1230
0.5367, 0.1230
0.5367, 0.1230
0.5367, 0.1230
0.5367, 0.1230
0.5367, 0.1230
0.5367, 0.1230
0.5367, 0.1230
0.5367, 0.1204
0.5367, 0.1204
0.5367, 0.1204
0.5367, 0.1204
0.5367, 0.1204
0.5367, 0.1178
0.5367, 0.1178
0.5367, 0.1178
0.5367, 0.1178
0.5367, 0.1178
0.5367, 0.1178
0.5367, 0.1178
0.5367, 0.1178
0.5367, 0.1152
0.5367, 0.1152
0.5367, 0.1152
0.5367, 0.1126
0.5367, 0.1126
0.5367, 0.1126
0.5367, 0.1126
0.5367, 0.1126
0.5367, 0.1126
0.5367, 0.1126
0.5367, 0.1126
0.5367, 0.1126
0.5413, 0.1099
0.5413, 0.1099
0.5413, 0.1099
0.5413, 0.1099
0.5413, 0.1099
0.5413, 0.1073
0.5413, 0.1073
0.5413, 0.1073
0.5413, 0.1047
0.5413, 0.1047
0.5413, 0.1047
0.5413, 0.1047
0.5413, 0.1047
0.5413, 0.1047
0.5413, 0.1047
0.5413, 0.1047
0.5413, 0.1047
0.5413, 0.1047
0.5413, 0.1047
0.5413, 0.1047
0.5413, 0.1047
0.5413, 0.1047
0.5413, 0.1021
0.5413, 0.1021
0.5413, 0.1021
0.5413, 0.1021
0.5413, 0.1021
0.5413, 0.0995
0.5413, 0.0995
0.5413, 0.0995
0.5413, 0.0995
0.5413, 0.0995
0.5413, 0.0995
0.5413, 0.0995
0.5413, 0.0995
0.5413, 0.0995
0.5413, 0.0995
0.5413, 0.0995
0.5413, 0.0969
0.5413, 0.0969
0.5413, 0.0969
0.5413, 0.0942
0.5413, 0.0942
0.5413, 0.0942
0.5413, 0.0942
0.5413, 0.0942
0.5413, 0.0916
0.5413, 0.0916
0.5413, 0.0916
0.5413, 0.0916
0.5413, 0.0916
0.5413, 0.0916
0.5413, 0.0916
0.5413, 0.0916
0.5413, 0.0916
0.5413, 0.0916
0.5413, 0.0916
0.5413, 0.0916
0.5413, 0.0916
0.5413, 0.0916
0.5413, 0.0890
0.5413, 0.0890
0.5413, 0.0890
0.5413, 0.0890
0.5413, 0.0890
0.5413, 0.0890
0.5413, 0.0890
0.5413, 0.0890
0.5413, 0.0864
0.5413, 0.0864
0.5413, 0.0864
0.5413, 0.0864
0.5413, 0.0864
0.5413, 0.0864
0.5413, 0.0864
0.5413, 0.0864
0.5413, 0.0864
0.5413, 0.0864
0.5413, 0.0864
0.5413, 0.0838
0.5413, 0.0838
0.5413, 0.0838
0.5413, 0.0838
0.5413, 0.0838
0.5413, 0.0838
0.5413, 0.0838
0.5413, 0.0838
0.5413, 0.0812
0.5413, 0.0812
0.5413, 0.0812
0.5413, 0.0812
0.5413, 0.0812
0.5413, 0.0812
0.5413, 0.0812
0.5413, 0.0812
0.5413, 0.0812
0.5413, 0.0812
0.5413, 0.0812
0.5413, 0.0812
0.5413, 0.0785
0.5413, 0.0785
0.5413, 0.0785
0.5413, 0.0785
0.5413, 0.0785
0.5413, 0.0785
0.5413, 0.0785
0.5413, 0.0785
0.5413, 0.0785
0.5413, 0.0785
0.5413, 0.0785
0.5413, 0.0785
0.5413, 0.0785
0.5413, 0.0785
0.5413, 0.0785
0.5413, 0.0785
0.5413, 0.0759
0.5413, 0.0759
0.5413, 0.0759
0.5413, 0.0759
0.5413, 0.0759
0.5413, 0.0759
0.5413, 0.0759
0.5413, 0.0759
0.5413, 0.0759
0.5413, 0.0733
0.5413, 0.0733
0.5413, 0.0733
0.5413, 0.0733
0.5413, 0.0733
0.5413, 0.0733
0.5413, 0.0733
0.5413, 0.0733
0.5413, 0.0733
0.5413, 0.0733
0.5413, 0.0733
0.5413, 0.0733
0.5413, 0.0733
0.5413, 0.0733
0.5413, 0.0733
0.5413, 0.0733
0.5413, 0.0733
0.5413, 0.0707
0.5413, 0.0707
0.5413, 0.0707
0.5413, 0.0707
0.5413, 0.0707
0.5413, 0.0707
0.5413, 0.0707
0.5413, 0.0707
0.5413, 0.0681
0.5413, 0.0681
0.5413, 0.0681
0.5413, 0.0681
0.5413, 0.0681
0.5413, 0.0681
0.5413, 0.0681
0.5413, 0.0681
0.5413, 0.0654
0.5413, 0.0654
0.5413, 0.0654
0.5413, 0.0654
0.5413, 0.0654
0.5413, 0.0654
0.5413, 0.0654
0.5413, 0.0654
0.5413, 0.0654
0.5413, 0.0654
0.5413, 0.0654
0.5413, 0.0654
0.5413, 0.0654
0.5413, 0.0654
0.5413, 0.0654
0.5413, 0.0654
0.5413, 0.0654
0.5413, 0.0628
0.5413, 0.0628
0.5413, 0.0628
0.5413, 0.0628
0.5413, 0.0628
0.5413, 0.0628
0.5413, 0.0628
0.5413, 0.0628
0.5413, 0.0628
0.5413, 0.0628
0.5413, 0.0628
0.5413, 0.0602
0.5413, 0.0602
0.5413, 0.0602
0.5413, 0.0602
0.5413, 0.0602
0.5413, 0.0602
0.5413, 0.0602
0.5413, 0.0602
0.5413, 0.0602
0.5413, 0.0602
0.5413, 0.0602
0.5413, 0.0602
0.5413, 0.0602
0.5413, 0.0602
0.5413, 0.0602
0.5413, 0.0602
0.5413, 0.0602
0.5413, 0.0602
0.5413, 0.0602
0.5413, 0.0576
0.5413, 0.0576
0.5413, 0.0576
0.5413, 0.0576
0.5413, 0.0576
0.5413, 0.0576
0.5413, 0.0576
0.5413, 0.0576
0.5413, 0.0550
0.5413, 0.0550
0.5413, 0.0550
0.5413, 0.0550
0.5413, 0.0550
0.5413, 0.0550
0.5413, 0.0550
0.5413, 0.0550
0.5413, 0.0524
0.5413, 0.0524
0.5413, 0.0524
0.5413, 0.0524
0.5413, 0.0524
0.5413, 0.0524
0.5413, 0.0524
0.5413, 0.0524
0.5413, 0.0524
0.5413, 0.0524
0.5413, 0.0524
0.5413, 0.0524
0.5413, 0.0524
0.5413, 0.0524
0.5413, 0.0524
0.5413, 0.0524
0.5413, 0.0524
0.5413, 0.0524
0.5413, 0.0524
0.5413, 0.0524
0.5413, 0.0524
0.5413, 0.0524
0.5413, 0.0524
0.5413, 0.0524
0.5413, 0.0524
0.5413, 0.0497
0.5413, 0.0497
0.5413, 0.0497
0.5413, 0.0497
0.5413, 0.0497
0.5413, 0.0497
0.5413, 0.0497
0.5413, 0.0497
0.5413, 0.0497
0.5413, 0.0497
0.5413, 0.0497
0.5413, 0.0471
0.5413, 0.0471
0.5413, 0.0471
0.5413, 0.0471
0.5413, 0.0471
0.5413, 0.0471
0.5413, 0.0471
0.5413, 0.0471
0.5413, 0.0471
0.5413, 0.0471
0.5413, 0.0471
0.5413, 0.0471
0.5413, 0.0471
0.5413, 0.0471
0.5413, 0.0471
0.5413, 0.0471
0.5413, 0.0471
0.5413, 0.0471
0.5413, 0.0471
0.5413, 0.0471
0.5413, 0.0471
0.5413, 0.0471
0.5413, 0.0471
0.5413, 0.0471
0.5413, 0.0471
0.5413, 0.0471
0.5413, 0.0471
0.5413, 0.0471
0.5413, 0.0471
0.5413, 0.0471
0.5413, 0.0471
0.5413, 0.0471
0.5413, 0.0471
0.5413, 0.0471
0.5413, 0.0471
0.5413, 0.0471
0.5413, 0.0471
0.5413, 0.0471
0.5413, 0.0471
0.5413, 0.0471
0.5413, 0.0471
0.5413, 0.0471
0.5413, 0.0471
0.5413, 0.0471
0.5413, 0.0471
0.5413, 0.0471
0.5413, 0.0471
0.5413, 0.0471
0.5413, 0.0471
0.5413, 0.0471
0.5413, 0.0445
0.5413, 0.0445
0.5413, 0.0445
0.5413, 0.0445
0.5413, 0.0445
0.5413, 0.0445
0.5413, 0.0445
0.5413, 0.0445
0.5413, 0.0445
0.5413, 0.0445
0.5413, 0.0445
0.5413, 0.0445
0.5413, 0.0445
0.5413, 0.0445
0.5413, 0.0445
0.5413, 0.0445
0.5413, 0.0445
0.5413, 0.0445
0.5413, 0.0445
0.5413, 0.0445
0.5413, 0.0445
0.5413, 0.0445
0.5413, 0.0445
0.5413, 0.0445
0.5413, 0.0445
0.5413, 0.0445
0.5413, 0.0445
0.5413, 0.0445
0.5413, 0.0445
0.5413, 0.0445
0.5413, 0.0445
0.5413, 0.0445
0.5413, 0.0445
0.5413, 0.0445
0.5413, 0.0445
0.5413, 0.0445
0.5413, 0.0445
0.5413, 0.0445
0.5413, 0.0445
0.5413, 0.0445
0.5413, 0.0445
0.5413, 0.0445
0.5413, 0.0445
0.5413, 0.0445
0.5413, 0.0445
0.5413, 0.0445
0.5413, 0.0445
0.5413, 0.0445
0.5413, 0.0445
0.5413, 0.0445
0.0000, 1.0000
0.0000, 1.0000
0.0000, 1.0000
0.0000, 1.0000
0.0000, 1.0000
0.0000, 1.0000
0.0000, 1.0000
0.0000, 1.0000
0.0000, 1.0000
0.0000, 1.0000
0.0000, 1.0000
0.0000, 1.0000
0.0000, 1.0000
0.0000, 1.0000
0.0000, 1.0000
0.0000, 1.0000
0.0000, 1.0000
0.0000, 1.0000
0.0000, 1.0000
0.0000, 1.0000
0.0000, 1.0000
0.0000, 1.0000
0.0000, 1.0000
0.0000, 1.0000
0.0000, 1.0000
0.0000, 1.0000
0.0000, 1.0000
0.0000, 1.0000
0.0000, 1.0000
0.0000, 1.0000
0.0000, 1.0000
0.0000, 1.0000
0.0000, 1.0000
0.0000, 1.0000
0.0000, 1.0000
0.0000, 1.0000
0.0000, 1.0000
0.0000, 1.0000
