0.1062, 0.2760
0.1062, 0.2760
0.1062, 0.2760
0.1062, 0.2760
0.1062, 0.2760
0.1062, 0.2760
0.1062, 0.2760
0.1062, 0.2760
0.1062, 0.2760
0.1062, 0.2760
0.1062, 0.2760
0.1062, 0.2760
0.1062, 0.2760
0.1062, 0.2760
0.1062, 0.2760
0.1062, 0.2760
0.1062, 0.2760
0.1062, 0.2760
0.1062, 0.2760
0.1062, 0.2760
0.1062, 0.2760
0.1062, 0.2760
0.1062, 0.2760
0.1062, 0.2760
0.1062, 0.2760
0.1062, 0.2760
0.1062, 0.2760
0.1062, 0.2760
0.1062, 0.2760
0.1062, 0.2760
0.1062, 0.2760
0.1062, 0.2760
0.1062, 0.2760
0.1062, 0.2760
0.1062, 0.2760
0.1062, 0.2760
0.1062, 0.2760
0.1062, 0.2760
0.1062, 0.2760
0.1062, 0.2760
0.1062, 0.2760
0.1062, 0.2760
0.1062, 0.2760
0.1062, 0.2760
0.1062, 0.2760
0.1062, 0.2760
0.1062, 0.2760
0.1062, 0.2760
0.1062, 0.2760
0.1062, 0.2760
0.1062, 0.2760
0.1062, 0.2760
0.1062, 0.2760
0.1062, 0.2760
0.1062, 0.2760
0.1062, 0.2760
0.1062, 0.2760
0.1062, 0.2760
0.1062, 0.2760
0.1062, 0.2760
0.1062, 0.2760
0.1062, 0.2760
0.1062, 0.2760
0.1062, 0.2760
0.1062, 0.2760
0.1062, 0.2760
0.1062, 0.2760
0.1062, 0.2760
0.1062, 0.2760
0.1062, 0.2760
0.1062, 0.2760
0.1062, 0.2760
0.1062, 0.2760
0.1062, 0.2760
0.1106, 0.2760
0.1106, 0.2760
0.1106, 0.2760
0.1106, 0.2760
0.1106, 0.2760
0.1106, 0.2760
0.1106, 0.2760
0.1106, 0.2760
0.1150, 0.2760
0.1150, 0.2760
0.1150, 0.2760
0.1150, 0.2760
0.1150, 0.2760
0.1150, 0.2760
0.1150, 0.2760
0.1150, 0.2760
0.1150, 0.2760
0.1150, 0.2760
0.1150, 0.2760
0.1150, 0.2760
0.1150, 0.2760
0.1150, 0.2760
0.1150, 0.2734
0.1150, 0.2734
0.1150, 0.2734
0.1150, 0.2734
0.1150, 0.2734
0.1150, 0.2734
0.1150, 0.2734
0.1150, 0.2734
0.1195, 0.2734
0.1195, 0.2734
0.1195, 0.2734
0.1195, 0.2734
0.1195, 0.2708
0.1195, 0.2708
0.1195, 0.2708
0.1195, 0.2708
0.1239, 0.2708
0.1239, 0.2708
0.1239, 0.2708
0.1239, 0.2708
0.1239, 0.2708
0.1239, 0.2708
0.1239, 0.2708
0.1239, 0.2708
0.1239, 0.2708
0.1239, 0.2708
0.1239, 0.2708
0.1239, 0.2708
0.1239, 0.2708
0.1239, 0.2708
0.1239, 0.2708
0.1239, 0.2708
0.1239, 0.2682
0.1239, 0.2682
0.1239, 0.2682
0.1239, 0.2682
0.1283, 0.2682
0.1283, 0.2682
0.1283, 0.2682
0.1283, 0.2682
0.1283, 0.2656
0.1283, 0.2656
0.1283, 0.2656
0.1283, 0.2656
0.1327, 0.2656
0.1327, 0.2656
0.1327, 0.2656
0.1327, 0.2656
0.1327, 0.2656
0.1327, 0.2656
0.1327, 0.2656
0.1327, 0.2656
0.1372, 0.2656
0.1372, 0.2656
0.1372, 0.2656
0.1372, 0.2656
0.1372, 0.2656
0.1372, 0.2656
0.1372, 0.2656
0.1372, 0.2656
0.1372, 0.2630
0.1372, 0.2630
0.1372, 0.2630
0.1372, 0.2630
0.1372, 0.2630
0.1372, 0.2630
0.1372, 0.2630
0.1372, 0.2630
0.1372, 0.2630
0.1372, 0.2630
0.1372, 0.2630
0.1372, 0.2630
0.1372, 0.2630
0.1416, 0.2630
0.1416, 0.2630
0.1416, 0.2630
0.1416, 0.2630
0.1416, 0.2604
0.1416, 0.2604
0.1416, 0.2604
0.1416, 0.2604
0.1416, 0.2604
0.1416, 0.2604
0.1416, 0.2604
0.1416, 0.2604
0.1460, 0.2604
0.1460, 0.2604
0.1460, 0.2604
0.1460, 0.2604
0.1460, 0.2578
0.1460, 0.2578
0.1460, 0.2578
0.1460, 0.2578
0.1460, 0.2578
0.1460, 0.2578
0.1460, 0.2578
0.1460, 0.2578
0.1460, 0.2578
0.1460, 0.2578
0.1460, 0.2578
0.1460, 0.2578
0.1460, 0.2578
0.1460, 0.2578
0.1460, 0.2578
0.1460, 0.2578
0.1460, 0.2578
0.1460, 0.2578
0.1460, 0.2578
0.1460, 0.2578
0.1460, 0.2578
0.1460, 0.2578
0.1504, 0.2578
0.1504, 0.2578
0.1504, 0.2578
0.1504, 0.2578
0.1504, 0.2578
0.1504, 0.2578
0.1504, 0.2578
0.1504, 0.2578
0.1504, 0.2552
0.1504, 0.2552
0.1504, 0.2552
0.1504, 0.2552
0.1549, 0.2552
0.1549, 0.2552
0.1549, 0.2552
0.1549, 0.2552
0.1549, 0.2552
0.1549, 0.2552
0.1549, 0.2552
0.1549, 0.2552
0.1549, 0.2552
0.1549, 0.2552
0.1549, 0.2552
0.1549, 0.2552
0.1549, 0.2552
0.1549, 0.2552
0.1549, 0.2552
0.1549, 0.2552
0.1549, 0.2552
0.1593, 0.2526
0.1593, 0.2526
0.1593, 0.2526
0.1593, 0.2526
0.1593, 0.2526
0.1593, 0.2526
0.1593, 0.2526
0.1593, 0.2526
0.1593, 0.2526
0.1593, 0.2526
0.1593, 0.2526
0.1593, 0.2526
0.1593, 0.2526
0.1593, 0.2526
0.1593, 0.2526
0.1593, 0.2526
0.1593, 0.2526
0.1593, 0.2526
0.1593, 0.2526
0.1593, 0.2526
0.1593, 0.2526
0.1593, 0.2526
0.1593, 0.2526
0.1593, 0.2526
0.1593, 0.2526
0.1593, 0.2526
0.1593, 0.2526
0.1637, 0.2526
0.1637, 0.2526
0.1637, 0.2526
0.1637, 0.2526
0.1637, 0.2500
0.1637, 0.2500
0.1637, 0.2500
0.1681, 0.2500
0.1681, 0.2500
0.1681, 0.2500
0.1681, 0.2500
0.1681, 0.2500
0.1681, 0.2500
0.1681, 0.2500
0.1681, 0.2500
0.1681, 0.2500
0.1681, 0.2500
0.1681, 0.2500
0.1681, 0.2500
0.1681, 0.2500
0.1681, 0.2500
0.1681, 0.2500
0.1681, 0.2500
0.1681, 0.2500
0.1681, 0.2500
0.1681, 0.2474
0.1681, 0.2474
0.1681, 0.2474
0.1681, 0.2474
0.1681, 0.2474
0.1681, 0.2474
0.1681, 0.2474
0.1681, 0.2474
0.1681, 0.2474
0.1681, 0.2474
0.1681, 0.2474
0.1681, 0.2474
0.1726, 0.2474
0.1726, 0.2474
0.1726, 0.2474
0.1726, 0.2474
0.1726, 0.2474
0.1726, 0.2474
0.1726, 0.2474
0.1726, 0.2474
0.1726, 0.2474
0.1726, 0.2474
0.1726, 0.2474
0.1726, 0.2474
0.1726, 0.2474
0.1726, 0.2474
0.1726, 0.2474
0.1726, 0.2474
0.1726, 0.2474
0.1770, 0.2448
0.1770, 0.2448
0.1770, 0.2448
0.1770, 0.2448
0.1770, 0.2448
0.1770, 0.2448
0.1770, 0.2448
0.1770, 0.2448
0.1814, 0.2448
0.1814, 0.2448
0.1814, 0.2448
0.1814, 0.2448
0.1814, 0.2448
0.1814, 0.2448
0.1814, 0.2448
0.1814, 0.2448
0.1814, 0.2448
0.1814, 0.2448
0.1814, 0.2448
0.1814, 0.2448
0.1814, 0.2448
0.1814, 0.2448
0.1814, 0.2448
0.1814, 0.2448
0.1814, 0.2448
0.1814, 0.2448
0.1814, 0.2448
0.1814, 0.2448
0.1858, 0.2448
0.1858, 0.2448
0.1858, 0.2448
0.1858, 0.2448
0.1858, 0.2448
0.1858, 0.2448
0.1858, 0.2448
0.1858, 0.2448
0.1858, 0.2448
0.1858, 0.2448
0.1858, 0.2448
0.1858, 0.2448
0.1858, 0.2448
0.1903, 0.2448
0.1903, 0.2448
0.1903, 0.2448
0.1903, 0.2448
0.1903, 0.2448
0.1903, 0.2448
0.1903, 0.2448
0.1903, 0.2448
0.1903, 0.2448
0.1903, 0.2448
0.1903, 0.2448
0.1903, 0.2448
0.1903, 0.2448
0.1903, 0.2448
0.1903, 0.2448
0.1903, 0.2448
0.1903, 0.2422
0.1903, 0.2422
0.1903, 0.2422
0.1903, 0.2422
0.1903, 0.2422
0.1903, 0.2422
0.1903, 0.2422
0.1903, 0.2422
0.1903, 0.2422
0.1903, 0.2422
0.1903, 0.2422
0.1903, 0.2422
0.1947, 0.2422
0.1947, 0.2422
0.1947, 0.2422
0.1947, 0.2422
0.1947, 0.2422
0.1947, 0.2422
0.1947, 0.2422
0.1947, 0.2422
0.1991, 0.2422
0.1991, 0.2422
0.1991, 0.2422
0.1991, 0.2422
0.1991, 0.2422
0.1991, 0.2422
0.1991, 0.2422
0.1991, 0.2422
0.1991, 0.2396
0.1991, 0.2396
0.1991, 0.2396
0.1991, 0.2396
0.2035, 0.2396
0.2035, 0.2396
0.2035, 0.2396
0.2035, 0.2396
0.2035, 0.2396
0.2035, 0.2396
0.2035, 0.2396
0.2035, 0.2396
0.2035, 0.2396
0.2035, 0.2396
0.2035, 0.2396
0.2035, 0.2396
0.2035, 0.2396
0.2035, 0.2396
0.2035, 0.2396
0.2035, 0.2396
0.2035, 0.2396
0.2035, 0.2396
0.2035, 0.2396
0.2035, 0.2396
0.2080, 0.2396
0.2080, 0.2396
0.2080, 0.2396
0.2080, 0.2396
0.2080, 0.2396
0.2080, 0.2396
0.2080, 0.2396
0.2080, 0.2396
0.2124, 0.2396
0.2124, 0.2396
0.2124, 0.2396
0.2124, 0.2396
0.2124, 0.2396
0.2124, 0.2396
0.2124, 0.2396
0.2124, 0.2396
0.2124, 0.2396
0.2124, 0.2396
0.2124, 0.2396
0.2124, 0.2396
0.2124, 0.2396
0.2124, 0.2396
0.2124, 0.2396
0.2168, 0.2396
0.2168, 0.2396
0.2168, 0.2396
0.2168, 0.2396
0.2168, 0.2396
0.2168, 0.2396
0.2168, 0.2396
0.2212, 0.2370
0.2212, 0.2370
0.2212, 0.2370
0.2212, 0.2370
0.2257, 0.2370
0.2257, 0.2370
0.2257, 0.2370
0.2257, 0.2370
0.2257, 0.2370
0.2257, 0.2370
0.2257, 0.2370
0.2257, 0.2370
0.2257, 0.2370
0.2257, 0.2370
0.2257, 0.2370
0.2257, 0.2370
0.2257, 0.2370
0.2257, 0.2370
0.2257, 0.2370
0.2257, 0.2370
0.2301, 0.2370
0.2301, 0.2370
0.2301, 0.2370
0.2301, 0.2370
0.2301, 0.2370
0.2301, 0.2370
0.2301, 0.2370
0.2301, 0.2370
0.2345, 0.2344
0.2345, 0.2344
0.2345, 0.2344
0.2345, 0.2344
0.2345, 0.2344
0.2345, 0.2344
0.2345, 0.2344
0.2345, 0.2344
0.2345, 0.2344
0.2345, 0.2344
0.2345, 0.2344
0.2345, 0.2344
0.2345, 0.2344
0.2345, 0.2344
0.2345, 0.2344
0.2345, 0.2344
0.2345, 0.2344
0.2345, 0.2344
0.2345, 0.2344
0.2389, 0.2344
0.2389, 0.2344
0.2389, 0.2344
0.2389, 0.2344
0.2434, 0.2344
0.2434, 0.2344
0.2434, 0.2344
0.2434, 0.2344
0.2434, 0.2344
0.2434, 0.2344
0.2434, 0.2344
0.2434, 0.2344
0.2434, 0.2344
0.2434, 0.2344
0.2434, 0.2344
0.2434, 0.2344
0.2434, 0.2344
0.2434, 0.2344
0.2434, 0.2344
0.2478, 0.2344
0.2478, 0.2344
0.2478, 0.2344
0.2478, 0.2344
0.2478, 0.2344
0.2478, 0.2344
0.2478, 0.2344
0.2478, 0.2344
0.2478, 0.2344
0.2478, 0.2344
0.2478, 0.2344
0.2478, 0.2344
0.2478, 0.2344
0.2478, 0.2344
0.2478, 0.2344
0.2478, 0.2344
0.2478, 0.2344
0.2478, 0.2344
0.2478, 0.2344
0.2478, 0.2344
0.2478, 0.2344
0.2478, 0.2344
0.2478, 0.2344
0.2478, 0.2344
0.2522, 0.2344
0.2522, 0.2344
0.2522, 0.2344
0.2522, 0.2344
0.2522, 0.2344
0.2522, 0.2344
0.2522, 0.2344
0.2522, 0.2344
0.2566, 0.2344
0.2566, 0.2344
0.2566, 0.2344
0.2566, 0.2344
0.2566, 0.2344
0.2566, 0.2344
0.2566, 0.2344
0.2566, 0.2344
0.2566, 0.2344
0.2566, 0.2344
0.2566, 0.2344
0.2566, 0.2344
0.2566, 0.2344
0.2566, 0.2344
0.2566, 0.2344
0.2611, 0.2344
0.2611, 0.2344
0.2611, 0.2344
0.2611, 0.2344
0.2611, 0.2344
0.2611, 0.2344
0.2611, 0.2344
0.2611, 0.2344
0.2655, 0.2344
0.2655, 0.2344
0.2655, 0.2344
0.2655, 0.2344
0.2655, 0.2344
0.2655, 0.2344
0.2655, 0.2344
0.2655, 0.2344
0.2655, 0.2344
0.2655, 0.2344
0.2655, 0.2344
0.2655, 0.2344
0.2655, 0.2318
0.2655, 0.2318
0.2655, 0.2318
0.2699, 0.2318
0.2699, 0.2318
0.2699, 0.2318
0.2699, 0.2318
0.2743, 0.2318
0.2743, 0.2318
0.2743, 0.2318
0.2743, 0.2318
0.2743, 0.2318
0.2743, 0.2318
0.2743, 0.2318
0.2743, 0.2318
0.2743, 0.2318
0.2743, 0.2318
0.2743, 0.2318
0.2743, 0.2318
0.2788, 0.2318
0.2788, 0.2318
0.2788, 0.2318
0.2788, 0.2318
0.2788, 0.2318
0.2788, 0.2318
0.2788, 0.2318
0.2788, 0.2318
0.2788, 0.2318
0.2788, 0.2318
0.2788, 0.2318
0.2788, 0.2318
0.2788, 0.2318
0.2788, 0.2318
0.2788, 0.2318
0.2788, 0.2318
0.2788, 0.2318
0.2788, 0.2318
0.2788, 0.2318
0.2832, 0.2318
0.2832, 0.2318
0.2832, 0.2318
0.2832, 0.2318
0.2832, 0.2318
0.2832, 0.2318
0.2832, 0.2318
0.2832, 0.2318
0.2876, 0.2318
0.2876, 0.2318
0.2876, 0.2318
0.2876, 0.2318
0.2876, 0.2318
0.2876, 0.2318
0.2876, 0.2318
0.2920, 0.2318
0.2920, 0.2318
0.2920, 0.2318
0.2920, 0.2318
0.2965, 0.2318
0.2965, 0.2318
0.2965, 0.2318
0.2965, 0.2318
0.2965, 0.2318
0.2965, 0.2318
0.2965, 0.2318
0.2965, 0.2318
0.3009, 0.2318
0.3009, 0.2318
0.3009, 0.2318
0.3009, 0.2318
0.3009, 0.2318
0.3009, 0.2318
0.3009, 0.2318
0.3053, 0.2318
0.3053, 0.2318
0.3053, 0.2318
0.3053, 0.2318
0.3053, 0.2292
0.3053, 0.2292
0.3053, 0.2292
0.3097, 0.2292
0.3097, 0.2292
0.3097, 0.2292
0.3097, 0.2292
0.3097, 0.2292
0.3097, 0.2292
0.3097, 0.2292
0.3097, 0.2292
0.3097, 0.2292
0.3097, 0.2292
0.3097, 0.2292
0.3142, 0.2292
0.3142, 0.2292
0.3142, 0.2292
0.3142, 0.2292
0.3142, 0.2292
0.3142, 0.2292
0.3142, 0.2292
0.3186, 0.2292
0.3186, 0.2292
0.3186, 0.2292
0.3186, 0.2292
0.3186, 0.2292
0.3186, 0.2292
0.3186, 0.2292
0.3230, 0.2292
0.3230, 0.2292
0.3230, 0.2292
0.3230, 0.2292
0.3230, 0.2292
0.3230, 0.2292
0.3230, 0.2292
0.3230, 0.2292
0.3230, 0.2292
0.3230, 0.2292
0.3230, 0.2292
0.3274, 0.2292
0.3274, 0.2292
0.3274, 0.2292
0.3274, 0.2292
0.3319, 0.2292
0.3319, 0.2292
0.3319, 0.2292
0.3319, 0.2292
0.3319, 0.2292
0.3319, 0.2292
0.3319, 0.2292
0.3363, 0.2292
0.3363, 0.2292
0.3363, 0.2292
0.3363, 0.2292
0.3363, 0.2292
0.3363, 0.2292
0.3363, 0.2292
0.3407, 0.2292
0.3407, 0.2292
0.3407, 0.2292
0.3451, 0.2292
0.3451, 0.2292
0.3451, 0.2292
0.3451, 0.2292
0.3451, 0.2292
0.3451, 0.2292
0.3451, 0.2292
0.3451, 0.2292
0.3496, 0.2292
0.3496, 0.2292
0.3496, 0.2292
0.3496, 0.2318
0.3496, 0.2318
0.3496, 0.2318
0.3496, 0.2318
0.3540, 0.2318
0.3540, 0.2318
0.3540, 0.2318
0.3540, 0.2318
0.3540, 0.2318
0.3540, 0.2318
0.3540, 0.2318
0.3584, 0.2318
0.3584, 0.2318
0.3584, 0.2318
0.3628, 0.2318
0.3628, 0.2318
0.3628, 0.2318
0.3628, 0.2318
0.3673, 0.2318
0.3673, 0.2318
0.3673, 0.2318
0.3673, 0.2318
0.3673, 0.2318
0.3673, 0.2318
0.3673, 0.2318
0.3717, 0.2318
0.3717, 0.2318
0.3717, 0.2318
0.3761, 0.2318
0.3761, 0.2318
0.3761, 0.2318
0.3761, 0.2318
0.3805, 0.2344
0.3805, 0.2344
0.3805, 0.2344
0.3850, 0.2344
0.3850, 0.2344
0.3850, 0.2344
0.3894, 0.2344
0.3894, 0.2344
0.3894, 0.2344
0.3894, 0.2344
0.3894, 0.2370
0.3894, 0.2370
0.3894, 0.2370
0.3938, 0.2370
0.3938, 0.2370
0.3938, 0.2370
0.3938, 0.2370
0.3982, 0.2370
0.3982, 0.2370
0.3982, 0.2370
0.3982, 0.2370
0.3982, 0.2370
0.3982, 0.2370
0.3982, 0.2370
0.3982, 0.2370
0.3982, 0.2370
0.3982, 0.2370
0.3982, 0.2370
0.4027, 0.2396
0.4027, 0.2396
0.4027, 0.2396
0.4027, 0.2396
0.4027, 0.2396
0.4027, 0.2396
0.4027, 0.2396
0.4071, 0.2396
0.4071, 0.2396
0.4071, 0.2396
0.4115, 0.2422
0.4115, 0.2422
0.4115, 0.2422
0.4115, 0.2422
0.4115, 0.2422
0.4115, 0.2422
0.4115, 0.2422
0.4115, 0.2422
0.4115, 0.2422
0.4115, 0.2422
0.4115, 0.2422
0.4159, 0.2422
0.4159, 0.2422
0.4159, 0.2422
0.4159, 0.2448
0.4159, 0.2448
0.4159, 0.2448
0.4159, 0.2448
0.4159, 0.2448
0.4159, 0.2448
0.4159, 0.2448
0.4204, 0.2448
0.4204, 0.2448
0.4204, 0.2448
0.4204, 0.2448
0.4204, 0.2448
0.4204, 0.2448
0.4204, 0.2448
0.4204, 0.2448
0.4204, 0.2448
0.4204, 0.2448
0.4204, 0.2448
0.4204, 0.2448
0.4248, 0.2474
0.4248, 0.2474
0.4248, 0.2474
0.4292, 0.2474
0.4292, 0.2474
0.4292, 0.2474
0.4336, 0.2474
0.4336, 0.2474
0.4336, 0.2474
0.4336, 0.2500
0.4336, 0.2500
0.4336, 0.2500
0.4336, 0.2500
0.4381, 0.2500
0.4381, 0.2500
0.4381, 0.2500
0.4381, 0.2500
0.4381, 0.2500
0.4381, 0.2500
0.4381, 0.2500
0.4425, 0.2500
0.4425, 0.2500
0.4425, 0.2500
0.4425, 0.2500
0.4425, 0.2500
0.4425, 0.2500
0.4425, 0.2500
0.4425, 0.2500
0.4425, 0.2500
0.4425, 0.2500
0.4425, 0.2500
0.4425, 0.2500
0.4425, 0.2500
0.4425, 0.2500
0.4425, 0.2500
0.4425, 0.2500
0.4425, 0.2500
0.4425, 0.2500
0.4425, 0.2500
0.4425, 0.2500
0.4425, 0.2500
0.4425, 0.2500
0.4469, 0.2526
0.4469, 0.2526
0.4469, 0.2526
0.4469, 0.2526
0.4513, 0.2526
0.4513, 0.2526
0.4513, 0.2526
0.4558, 0.2552
0.4558, 0.2552
0.4558, 0.2552
0.4558, 0.2552
0.4558, 0.2552
0.4558, 0.2552
0.4558, 0.2552
0.4558, 0.2552
0.4558, 0.2552
0.4558, 0.2552
0.4602, 0.2578
0.4602, 0.2578
0.4602, 0.2578
0.4602, 0.2578
0.4646, 0.2578
0.4646, 0.2578
0.4646, 0.2578
0.4646, 0.2578
0.4646, 0.2578
0.4646, 0.2578
0.4690, 0.2578
0.4690, 0.2578
0.4690, 0.2578
0.4690, 0.2578
0.4735, 0.2578
0.4735, 0.2578
0.4735, 0.2578
0.4735, 0.2578
0.4735, 0.2578
0.4735, 0.2578
0.4735, 0.2578
0.4779, 0.2578
0.4779, 0.2578
0.4779, 0.2578
0.4779, 0.2604
0.4779, 0.2604
0.4779, 0.2604
0.4779, 0.2604
0.4779, 0.2604
0.4779, 0.2604
0.4779, 0.2604
0.4823, 0.2630
0.4823, 0.2630
0.4823, 0.2630
0.4823, 0.2630
0.4867, 0.2630
0.4867, 0.2630
0.4867, 0.2630
0.4867, 0.2630
0.4867, 0.2630
0.4867, 0.2630
0.4867, 0.2630
0.4912, 0.2630
0.4912, 0.2630
0.4912, 0.2630
0.4956, 0.2630
0.4956, 0.2630
0.4956, 0.2630
0.4956, 0.2630
0.4956, 0.2630
0.4956, 0.2630
0.4956, 0.2630
0.5000, 0.2630
0.5000, 0.2630
0.5000, 0.2630
0.5000, 0.2630
0.5000, 0.2630
0.5000, 0.2630
0.5000, 0.2630
0.5044, 0.2656
0.5044, 0.2656
0.5044, 0.2656
0.5088, 0.2656
0.5088, 0.2656
0.5088, 0.2656
0.5088, 0.2656
0.5088, 0.2656
0.5088, 0.2656
0.5088, 0.2656
0.5133, 0.2656
0.5133, 0.2656
0.5133, 0.2656
0.5133, 0.2656
0.5177, 0.2682
0.5177, 0.2682
0.5177, 0.2682
0.5177, 0.2682
0.5177, 0.2682
0.5177, 0.2682
0.5221, 0.2682
0.5221, 0.2682
0.5221, 0.2682
0.5221, 0.2708
0.5221, 0.2708
0.5221, 0.2708
0.5221, 0.2708
0.5265, 0.2708
0.5265, 0.2708
0.5265, 0.2708
0.5310, 0.2708
0.5310, 0.2708
0.5310, 0.2708
0.5310, 0.2708
0.5310, 0.2708
0.5310, 0.2708
0.5310, 0.2708
0.5354, 0.2708
0.5354, 0.2708
0.5354, 0.2708
0.5354, 0.2708
0.5354, 0.2708
0.5354, 0.2708
0.5354, 0.2708
0.5398, 0.2734
0.5398, 0.2734
0.5398, 0.2734
0.5398, 0.2734
0.5398, 0.2734
0.5398, 0.2734
0.5398, 0.2734
0.5398, 0.2760
0.5398, 0.2760
0.5398, 0.2760
0.5398, 0.2760
0.5442, 0.2760
0.5442, 0.2760
0.5442, 0.2760
0.5487, 0.2760
0.5487, 0.2760
0.5487, 0.2760
0.5531, 0.2760
0.5531, 0.2760
0.5531, 0.2760
0.5531, 0.2760
0.5531, 0.2760
0.5531, 0.2760
0.5531, 0.2760
0.5575, 0.2786
0.5575, 0.2786
0.5575, 0.2786
0.5619, 0.2786
0.5619, 0.2786
0.5619, 0.2786
0.5619, 0.2786
0.5619, 0.2813
0.5619, 0.2813
0.5619, 0.2813
0.5664, 0.2813
0.5664, 0.2813
0.5664, 0.2813
0.5708, 0.2839
0.5708, 0.2839
0.5708, 0.2839
0.5708, 0.2839
0.5708, 0.2839
0.5708, 0.2839
0.5708, 0.2839
0.5752, 0.2839
0.5752, 0.2839
0.5752, 0.2839
0.5752, 0.2839
0.5752, 0.2839
0.5752, 0.2839
0.5752, 0.2839
0.5752, 0.2839
0.5752, 0.2839
0.5752, 0.2839
0.5796, 0.2839
0.5796, 0.2839
0.5796, 0.2839
0.5796, 0.2839
0.5841, 0.2865
0.5841, 0.2865
0.5841, 0.2865
0.5841, 0.2865
0.5841, 0.2865
0.5841, 0.2865
0.5841, 0.2865
0.5841, 0.2865
0.5841, 0.2865
0.5841, 0.2865
0.5885, 0.2891
0.5885, 0.2891
0.5885, 0.2891
0.5929, 0.2891
0.5929, 0.2891
0.5929, 0.2891
0.5929, 0.2891
0.5929, 0.2891
0.5929, 0.2891
0.5929, 0.2891
0.5973, 0.2891
0.5973, 0.2891
0.5973, 0.2891
0.5973, 0.2891
0.5973, 0.2891
0.5973, 0.2891
0.5973, 0.2891
0.5973, 0.2891
0.5973, 0.2891
0.5973, 0.2891
0.5973, 0.2891
0.6018, 0.2917
0.6018, 0.2917
0.6018, 0.2917
0.6018, 0.2917
0.6018, 0.2917
0.6062, 0.2917
0.6062, 0.2917
0.6062, 0.2917
0.6062, 0.2917
0.6062, 0.2917
0.6062, 0.2917
0.6062, 0.2917
0.6062, 0.2943
0.6062, 0.2943
0.6062, 0.2943
0.6106, 0.2943
0.6106, 0.2943
0.6106, 0.2943
0.6106, 0.2943
0.6106, 0.2943
0.6106, 0.2943
0.6106, 0.2943
0.6150, 0.2943
0.6150, 0.2943
0.6150, 0.2943
0.6195, 0.2943
0.6195, 0.2943
0.6195, 0.2943
0.6195, 0.2943
0.6195, 0.2943
0.6195, 0.2943
0.6239, 0.2943
0.6239, 0.2943
0.6239, 0.2943
0.6239, 0.2943
0.6283, 0.2969
0.6283, 0.2969
0.6283, 0.2969
0.6283, 0.2969
0.6283, 0.2969
0.6283, 0.2969
0.6283, 0.2969
0.6283, 0.2969
0.6283, 0.2969
0.6283, 0.2969
0.6327, 0.2969
0.6327, 0.2969
0.6327, 0.2969
0.6372, 0.2995
0.6372, 0.2995
0.6372, 0.2995
0.6372, 0.2995
0.6416, 0.2995
0.6416, 0.2995
0.6416, 0.2995
0.6416, 0.2995
0.6416, 0.2995
0.6416, 0.2995
0.6460, 0.2995
0.6460, 0.2995
0.6460, 0.2995
0.6460, 0.2995
0.6460, 0.2995
0.6460, 0.2995
0.6504, 0.2995
0.6504, 0.2995
0.6504, 0.2995
0.6504, 0.3021
0.6504, 0.3021
0.6504, 0.3021
0.6504, 0.3021
0.6549, 0.3021
0.6549, 0.3021
0.6549, 0.3021
0.6549, 0.3021
0.6549, 0.3021
0.6549, 0.3021
0.6593, 0.3021
0.6593, 0.3021
0.6593, 0.3021
0.6593, 0.3021
0.6593, 0.3021
0.6593, 0.3021
0.6593, 0.3021
0.6637, 0.3021
0.6637, 0.3021
0.6637, 0.3021
0.6637, 0.3021
0.6637, 0.3021
0.6637, 0.3021
0.6637, 0.3021
0.6681, 0.3021
0.6681, 0.3021
0.6681, 0.3021
0.6726, 0.3021
0.6726, 0.3021
0.6726, 0.3021
0.6726, 0.3021
0.6726, 0.3047
0.6726, 0.3047
0.6726, 0.3047
0.6770, 0.3047
0.6770, 0.3047
0.6770, 0.3047
0.6814, 0.3047
0.6814, 0.3047
0.6814, 0.3047
0.6814, 0.3047
0.6814, 0.3047
0.6814, 0.3047
0.6814, 0.3047
0.6814, 0.3047
0.6814, 0.3047
0.6814, 0.3047
0.6858, 0.3073
0.6858, 0.3073
0.6858, 0.3073
0.6858, 0.3073
0.6858, 0.3073
0.6858, 0.3073
0.6903, 0.3073
0.6903, 0.3073
0.6903, 0.3073
0.6903, 0.3073
0.6903, 0.3073
0.6903, 0.3073
0.6903, 0.3073
0.6947, 0.3073
0.6947, 0.3073
0.6947, 0.3073
0.6947, 0.3073
0.6947, 0.3073
0.6947, 0.3073
0.6991, 0.3073
0.6991, 0.3073
0.6991, 0.3073
0.6991, 0.3073
0.6991, 0.3073
0.6991, 0.3073
0.6991, 0.3073
0.7035, 0.3073
0.7035, 0.3073
0.7035, 0.3073
0.7035, 0.3099
0.7035, 0.3099
0.7035, 0.3099
0.7080, 0.3099
0.7080, 0.3099
0.7080, 0.3099
0.7124, 0.3099
0.7124, 0.3099
0.7124, 0.3099
0.7124, 0.3099
0.7124, 0.3099
0.7124, 0.3099
0.7168, 0.3099
0.7168, 0.3099
0.7168, 0.3099
0.7168, 0.3099
0.7168, 0.3099
0.7168, 0.3099
0.7168, 0.3099
0.7168, 0.3125
0.7168, 0.3125
0.7168, 0.3125
0.7212, 0.3125
0.7212, 0.3125
0.7212, 0.3125
0.7212, 0.3125
0.7212, 0.3125
0.7212, 0.3125
0.7212, 0.3125
0.7257, 0.3125
0.7257, 0.3125
0.7257, 0.3125
0.7257, 0.3125
0.7257, 0.3125
0.7257, 0.3125
0.7257, 0.3125
0.7257, 0.3125
0.7257, 0.3125
0.7257, 0.3125
0.7301, 0.3125
0.7301, 0.3125
0.7301, 0.3125
0.7345, 0.3151
0.7345, 0.3151
0.7345, 0.3151
0.7345, 0.3151
0.7345, 0.3151
0.7345, 0.3151
0.7389, 0.3151
0.7389, 0.3151
0.7389, 0.3151
0.7389, 0.3151
0.7389, 0.3151
0.7389, 0.3151
0.7389, 0.3151
0.7389, 0.3151
0.7389, 0.3151
0.7389, 0.3151
0.7434, 0.3151
0.7434, 0.3151
0.7434, 0.3151
0.7478, 0.3151
0.7478, 0.3151
0.7478, 0.3151
0.7478, 0.3151
0.7478, 0.3151
0.7478, 0.3151
0.7478, 0.3151
0.7478, 0.3151
0.7478, 0.3151
0.7478, 0.3151
0.7478, 0.3151
0.7478, 0.3151
0.7478, 0.3151
0.7478, 0.3151
0.7478, 0.3151
0.7478, 0.3151
0.7522, 0.3151
0.7522, 0.3151
0.7522, 0.3151
0.7522, 0.3151
0.7522, 0.3151
0.7522, 0.3151
0.7522, 0.3151
0.7566, 0.3177
0.7566, 0.3177
0.7566, 0.3177
0.7566, 0.3177
0.7566, 0.3177
0.7566, 0.3177
0.7611, 0.3177
0.7611, 0.3177
0.7611, 0.3177
0.7611, 0.3177
0.7611, 0.3177
0.7611, 0.3177
0.7611, 0.3177
0.7611, 0.3177
0.7611, 0.3177
0.7655, 0.3177
0.7655, 0.3177
0.7655, 0.3177
0.7699, 0.3177
0.7699, 0.3177
0.7699, 0.3177
0.7699, 0.3177
0.7699, 0.3177
0.7699, 0.3177
0.7699, 0.3177
0.7699, 0.3177
0.7699, 0.3177
0.7699, 0.3177
0.7743, 0.3177
0.7743, 0.3177
0.7743, 0.3177
0.7788, 0.3177
0.7788, 0.3177
0.7788, 0.3177
0.7832, 0.3203
0.7832, 0.3203
0.7832, 0.3203
0.7832, 0.3203
0.7832, 0.3203
0.7832, 0.3203
0.7832, 0.3203
0.7832, 0.3203
0.7832, 0.3203
0.7832, 0.3203
0.7832, 0.3203
0.7832, 0.3203
0.7832, 0.3203
0.7832, 0.3203
0.7876, 0.3203
0.7876, 0.3203
0.7876, 0.3203
0.7876, 0.3203
0.7876, 0.3203
0.7876, 0.3203
0.7920, 0.3203
0.7920, 0.3203
0.7920, 0.3203
0.7920, 0.3203
0.7920, 0.3203
0.7920, 0.3203
0.7920, 0.3203
0.7920, 0.3203
0.7920, 0.3203
0.7920, 0.3203
0.7965, 0.3203
0.7965, 0.3203
0.7965, 0.3203
0.8009, 0.3203
0.8009, 0.3203
0.8009, 0.3203
0.8009, 0.3203
0.8009, 0.3203
0.8009, 0.3203
0.8009, 0.3203
0.8009, 0.3203
0.8009, 0.3203
0.8009, 0.3203
0.8053, 0.3203
0.8053, 0.3203
0.8053, 0.3203
0.8097, 0.3203
0.8097, 0.3203
0.8097, 0.3203
0.8142, 0.3203
0.8142, 0.3203
0.8142, 0.3203
0.8142, 0.3203
0.8142, 0.3203
0.8142, 0.3203
0.8142, 0.3203
0.8186, 0.3203
0.8186, 0.3203
0.8186, 0.3203
0.8186, 0.3203
0.8186, 0.3203
0.8186, 0.3203
0.8230, 0.3203
0.8230, 0.3203
0.8230, 0.3203
0.8230, 0.3203
0.8230, 0.3203
0.8230, 0.3203
0.8274, 0.3203
0.8274, 0.3203
0.8274, 0.3203
0.8319, 0.3203
0.8319, 0.3203
0.8319, 0.3203
0.8319, 0.3203
0.8319, 0.3203
0.8319, 0.3203
0.8319, 0.3203
0.8363, 0.3203
0.8363, 0.3203
0.8363, 0.3203
0.8363, 0.3203
0.8363, 0.3203
0.8363, 0.3203
0.8407, 0.3203
0.8407, 0.3203
0.8407, 0.3203
0.8451, 0.3203
0.8451, 0.3203
0.8451, 0.3203
0.8451, 0.3203
0.8451, 0.3203
0.8451, 0.3203
0.8451, 0.3203
0.8451, 0.3203
0.8451, 0.3203
0.8496, 0.3203
0.8496, 0.3203
0.8496, 0.3203
0.8496, 0.3203
0.8496, 0.3203
0.8496, 0.3203
0.8496, 0.3203
0.8540, 0.3203
0.8540, 0.3203
0.8540, 0.3203
0.8584, 0.3203
0.8584, 0.3203
0.8584, 0.3203
0.8584, 0.3203
0.8584, 0.3203
0.8584, 0.3203
0.8628, 0.3203
0.8628, 0.3203
0.8628, 0.3203
0.8673, 0.3203
0.8673, 0.3203
0.8673, 0.3203
0.8673, 0.3203
0.8673, 0.3203
0.8673, 0.3203
0.8717, 0.3203
0.8717, 0.3203
0.8717, 0.3203
0.8717, 0.3203
0.8717, 0.3203
0.8717, 0.3203
0.8761, 0.3203
0.8761, 0.3203
0.8761, 0.3203
0.8761, 0.3203
0.8761, 0.3203
0.8761, 0.3203
0.8761, 0.3203
0.8805, 0.3203
0.8805, 0.3203
0.8805, 0.3203
0.8805, 0.3203
0.8805, 0.3203
0.8805, 0.3203
0.8805, 0.3203
0.8805, 0.3203
0.8805, 0.3203
0.8850, 0.3203
0.8850, 0.3203
0.8850, 0.3203
0.8850, 0.3203
0.8850, 0.3203
0.8850, 0.3203
0.8894, 0.3203
0.8894, 0.3203
0.8894, 0.3203
0.8894, 0.3203
0.8894, 0.3203
0.8894, 0.3203
0.8938, 0.3203
0.8938, 0.3203
0.8938, 0.3203
0.8938, 0.3203
0.8938, 0.3203
0.8938, 0.3203
0.8982, 0.3203
0.8982, 0.3203
0.8982, 0.3203
0.9027, 0.3203
0.9027, 0.3203
0.9027, 0.3203
0.9027, 0.3203
0.9027, 0.3203
0.9027, 0.3203
0.9071, 0.3203
0.9071, 0.3203
0.9071, 0.3203
0.9115, 0.3203
0.9115, 0.3203
0.9115, 0.3203
0.9115, 0.3203
0.9115, 0.3203
0.9115, 0.3203
0.9159, 0.3203
0.9159, 0.3203
0.9159, 0.3203
0.9248, 0.3177
0.9248, 0.3177
0.9248, 0.3177
0.9248, 0.3177
0.9248, 0.3177
0.9248, 0.3177
0.9336, 0.3151
0.9336, 0.3151
0.9336, 0.3151
0.9381, 0.3151
0.9381, 0.3151
0.9381, 0.3151
0.9425, 0.3151
0.9425, 0.3151
0.9425, 0.3151
0.9469, 0.3151
0.9469, 0.3151
0.9469, 0.3151
0.9513, 0.3151
0.9513, 0.3151
0.9513, 0.3151
0.9513, 0.3125
0.9513, 0.3125
0.9513, 0.3125
0.9602, 0.3125
0.9602, 0.3125
0.9602, 0.3125
0.9646, 0.3125
0.9646, 0.3125
0.9646, 0.3125
0.9646, 0.3099
0.9646, 0.3099
0.9646, 0.3099
0.9690, 0.3099
0.9690, 0.3099
0.9690, 0.3099
0.9735, 0.3099
0.9735, 0.3099
0.9779, 0.3099
0.9779, 0.3099
0.9779, 0.3099
0.9823, 0.3073
0.9823, 0.3073
0.9823, 0.3073
0.9867, 0.3073
0.9867, 0.3073
0.9867, 0.3073
0.9867, 0.3073
0.9867, 0.3073
0.9867, 0.3073
0.9912, 0.3047
0.9912, 0.3047
0.9912, 0.3047
0.9912, 0.3047
0.9912, 0.3047
0.9912, 0.3047
0.9912, 0.3047
0.9912, 0.3047
0.9912, 0.3047
0.9912, 0.3047
0.9912, 0.3047
0.9912, 0.3047
0.9912, 0.3047
0.9912, 0.3047
0.9912, 0.3047
0.9912, 0.3047
0.9912, 0.3047
0.9912, 0.3047
0.9912, 0.3047
0.9912, 0.3047
0.9912, 0.3047
0.9912, 0.3047
0.9912, 0.3047
0.9912, 0.3047
0.9912, 0.3047
0.9912, 0.3047
0.9912, 0.3047
0.9912, 0.3047
0.9912, 0.3047
0.9912, 0.3047
0.9912, 0.3047
0.9912, 0.3047
0.9912, 0.3047
0.9912, 0.3047
0.9912, 0.3047
0.9912, 0.3047
0.9912, 0.3047
0.9912, 0.3047
0.9912, 0.3047
0.9912, 0.3047
0.9912, 0.3047
0.9912, 0.3047
0.9912, 0.3047
0.9912, 0.3047
0.9912, 0.3047
0.9912, 0.3021
0.9912, 0.3021
0.9912, 0.3021
0.0973, 0.0443
0.0973, 0.0443
0.0973, 0.0443
0.0973, 0.0443
0.0973, 0.0443
0.0973, 0.0443
0.0973, 0.0443
0.0973, 0.0443
0.1018, 0.0443
0.1018, 0.0443
0.1018, 0.0443
0.1018, 0.0443
0.1018, 0.0443
0.1018, 0.0443
0.1018, 0.0443
0.1018, 0.0443
0.1018, 0.0443
0.1018, 0.0443
0.1018, 0.0443
0.1018, 0.0443
0.1018, 0.0443
0.1018, 0.0443
0.1018, 0.0443
0.1018, 0.0443
0.1018, 0.0443
0.1018, 0.0443
0.1018, 0.0443
0.1018, 0.0443
0.1018, 0.0443
0.1018, 0.0443
0.1062, 0.0443
0.1062, 0.0443
0.1062, 0.0443
0.1062, 0.0443
0.1062, 0.0443
0.1062, 0.0443
0.1062, 0.0443
0.1062, 0.0443
0.1062, 0.0443
0.1062, 0.0443
0.1062, 0.0443
0.1062, 0.0443
0.1062, 0.0443
0.1062, 0.0443
0.1062, 0.0443
0.1062, 0.0443
0.1062, 0.0443
0.1062, 0.0443
0.1062, 0.0443
0.1062, 0.0443
0.1062, 0.0443
0.1062, 0.0443
0.1062, 0.0443
0.1062, 0.0443
0.1062, 0.0443
0.1062, 0.0443
0.1062, 0.0443
0.1106, 0.0443
0.1106, 0.0443
0.1106, 0.0443
0.1106, 0.0443
0.1106, 0.0443
0.1106, 0.0443
0.1106, 0.0443
0.1106, 0.0443
0.1106, 0.0443
0.1150, 0.0443
0.1150, 0.0443
0.1150, 0.0443
0.1150, 0.0443
0.1150, 0.0417
0.1150, 0.0417
0.1150, 0.0417
0.1150, 0.0417
0.1150, 0.0417
0.1150, 0.0417
0.1150, 0.0417
0.1150, 0.0417
0.1195, 0.0391
0.1195, 0.0391
0.1195, 0.0391
0.1195, 0.0391
0.1239, 0.0391
0.1239, 0.0391
0.1239, 0.0391
0.1239, 0.0391
0.1239, 0.0391
0.1239, 0.0391
0.1239, 0.0391
0.1239, 0.0391
0.1283, 0.0391
0.1283, 0.0391
0.1283, 0.0391
0.1283, 0.0391
0.1283, 0.0391
0.1283, 0.0391
0.1283, 0.0391
0.1283, 0.0391
0.1283, 0.0365
0.1283, 0.0365
0.1283, 0.0365
0.1283, 0.0365
0.1327, 0.0365
0.1327, 0.0365
0.1327, 0.0365
0.1327, 0.0365
0.1327, 0.0339
0.1327, 0.0339
0.1327, 0.0339
0.1327, 0.0339
0.1372, 0.0339
0.1372, 0.0339
0.1372, 0.0339
0.1372, 0.0339
0.1372, 0.0339
0.1372, 0.0339
0.1372, 0.0339
0.1372, 0.0339
0.1372, 0.0339
0.1372, 0.0339
0.1372, 0.0339
0.1372, 0.0339
0.1372, 0.0339
0.1372, 0.0339
0.1372, 0.0339
0.1372, 0.0339
0.1372, 0.0339
0.1416, 0.0313
0.1416, 0.0313
0.1416, 0.0313
0.1416, 0.0313
0.1460, 0.0313
0.1460, 0.0313
0.1460, 0.0313
0.1460, 0.0286
0.1460, 0.0286
0.1460, 0.0286
0.1504, 0.0286
0.1504, 0.0286
0.1504, 0.0286
0.1504, 0.0286
0.1504, 0.0286
0.1504, 0.0260
0.1504, 0.0260
0.1504, 0.0260
0.1504, 0.0260
0.1504, 0.0260
0.1504, 0.0260
0.1504, 0.0260
0.1504, 0.0260
0.1504, 0.0260
0.1504, 0.0260
0.1504, 0.0260
0.1504, 0.0260
0.1504, 0.0260
0.1504, 0.0260
0.1504, 0.0260
0.1504, 0.0260
0.1504, 0.0260
0.1549, 0.0260
0.1549, 0.0260
0.1549, 0.0260
0.1549, 0.0260
0.1549, 0.0260
0.1549, 0.0260
0.1549, 0.0260
0.1549, 0.0260
0.1593, 0.0260
0.1593, 0.0260
0.1593, 0.0260
0.1593, 0.0260
0.1593, 0.0234
0.1593, 0.0234
0.1593, 0.0234
0.1593, 0.0234
0.1593, 0.0234
0.1593, 0.0234
0.1593, 0.0234
0.1593, 0.0234
0.1593, 0.0234
0.1593, 0.0234
0.1593, 0.0234
0.1593, 0.0234
0.1593, 0.0234
0.1637, 0.0208
0.1637, 0.0208
0.1637, 0.0208
0.1637, 0.0208
0.1637, 0.0208
0.1637, 0.0208
0.1637, 0.0208
0.1637, 0.0208
0.1681, 0.0208
0.1681, 0.0208
0.1681, 0.0208
0.1681, 0.0208
0.1681, 0.0208
0.1681, 0.0208
0.1681, 0.0208
0.1681, 0.0208
0.1726, 0.0208
0.1726, 0.0208
0.1726, 0.0208
0.1726, 0.0208
0.1726, 0.0208
0.1726, 0.0208
0.1726, 0.0208
0.1726, 0.0208
0.1726, 0.0208
0.1726, 0.0182
0.1726, 0.0182
0.1726, 0.0182
0.1726, 0.0182
0.1726, 0.0182
0.1726, 0.0182
0.1726, 0.0182
0.1726, 0.0182
0.1770, 0.0182
0.1770, 0.0182
0.1770, 0.0182
0.1770, 0.0182
0.1770, 0.0182
0.1770, 0.0182
0.1770, 0.0182
0.1770, 0.0182
0.1770, 0.0182
0.1814, 0.0156
0.1814, 0.0156
0.1814, 0.0156
0.1814, 0.0156
0.1814, 0.0156
0.1814, 0.0156
0.1814, 0.0156
0.1814, 0.0156
0.1814, 0.0130
0.1814, 0.0130
0.1814, 0.0130
0.1814, 0.0130
0.1858, 0.0130
0.1858, 0.0130
0.1858, 0.0130
0.1858, 0.0130
0.1858, 0.0130
0.1858, 0.0130
0.1858, 0.0130
0.1858, 0.0130
0.1903, 0.0130
0.1903, 0.0130
0.1903, 0.0130
0.1903, 0.0130
0.1903, 0.0130
0.1903, 0.0130
0.1903, 0.0130
0.1903, 0.0130
0.1947, 0.0130
0.1947, 0.0130
0.1947, 0.0130
0.1947, 0.0130
0.1947, 0.0130
0.1947, 0.0130
0.1947, 0.0130
0.1947, 0.0130
0.1947, 0.0130
0.1947, 0.0130
0.1947, 0.0130
0.1947, 0.0130
0.1947, 0.0130
0.1991, 0.0104
0.1991, 0.0104
0.1991, 0.0104
0.1991, 0.0104
0.1991, 0.0104
0.1991, 0.0104
0.1991, 0.0104
0.1991, 0.0104
0.1991, 0.0104
0.2035, 0.0104
0.2035, 0.0104
0.2035, 0.0104
0.2035, 0.0104
0.2035, 0.0104
0.2035, 0.0104
0.2035, 0.0104
0.2035, 0.0104
0.2035, 0.0078
0.2035, 0.0078
0.2035, 0.0078
0.2035, 0.0078
0.2035, 0.0078
0.2035, 0.0078
0.2035, 0.0078
0.2035, 0.0078
0.2080, 0.0078
0.2080, 0.0078
0.2080, 0.0078
0.2080, 0.0078
0.2080, 0.0078
0.2080, 0.0078
0.2080, 0.0078
0.2080, 0.0078
0.2124, 0.0078
0.2124, 0.0078
0.2124, 0.0078
0.2124, 0.0078
0.2124, 0.0078
0.2124, 0.0078
0.2124, 0.0078
0.2124, 0.0078
0.2168, 0.0078
0.2168, 0.0078
0.2168, 0.0078
0.2168, 0.0078
0.2168, 0.0078
0.2168, 0.0078
0.2168, 0.0078
0.2168, 0.0078
0.2168, 0.0078
0.2168, 0.0078
0.2168, 0.0078
0.2168, 0.0078
0.2212, 0.0078
0.2212, 0.0078
0.2212, 0.0078
0.2212, 0.0078
0.2212, 0.0078
0.2212, 0.0078
0.2212, 0.0078
0.2212, 0.0078
0.2257, 0.0052
0.2257, 0.0052
0.2257, 0.0052
0.2257, 0.0052
0.2257, 0.0052
0.2257, 0.0052
0.2257, 0.0052
0.2257, 0.0052
0.2257, 0.0052
0.2257, 0.0052
0.2257, 0.0052
0.2257, 0.0052
0.2257, 0.0052
0.2257, 0.0052
0.2257, 0.0052
0.2257, 0.0052
0.2257, 0.0052
0.2301, 0.0052
0.2301, 0.0052
0.2301, 0.0052
0.2301, 0.0052
0.2301, 0.0052
0.2301, 0.0052
0.2301, 0.0052
0.2301, 0.0052
0.2345, 0.0052
0.2345, 0.0052
0.2345, 0.0052
0.2345, 0.0052
0.2345, 0.0052
0.2345, 0.0052
0.2345, 0.0052
0.2345, 0.0052
0.2345, 0.0052
0.2345, 0.0052
0.2345, 0.0052
0.2345, 0.0052
0.2345, 0.0052
0.2345, 0.0052
0.2345, 0.0052
0.2345, 0.0052
0.2389, 0.0052
0.2389, 0.0052
0.2389, 0.0052
0.2389, 0.0052
0.2389, 0.0026
0.2389, 0.0026
0.2389, 0.0026
0.2389, 0.0026
0.2434, 0.0026
0.2434, 0.0026
0.2434, 0.0026
0.2434, 0.0026
0.2434, 0.0026
0.2434, 0.0026
0.2434, 0.0026
0.2434, 0.0026
0.2478, 0.0026
0.2478, 0.0026
0.2478, 0.0026
0.2478, 0.0026
0.2478, 0.0026
0.2478, 0.0026
0.2478, 0.0026
0.2478, 0.0026
0.2478, 0.0026
0.2478, 0.0026
0.2478, 0.0026
0.2478, 0.0026
0.2522, 0.0026
0.2522, 0.0026
0.2522, 0.0026
0.2522, 0.0026
0.2566, 0.0026
0.2566, 0.0026
0.2566, 0.0026
0.2566, 0.0026
0.2566, 0.0026
0.2566, 0.0026
0.2566, 0.0026
0.2566, 0.0026
0.2566, 0.0026
0.2566, 0.0026
0.2566, 0.0026
0.2566, 0.0026
0.2611, 0.0026
0.2611, 0.0026
0.2611, 0.0026
0.2611, 0.0026
0.2611, 0.0026
0.2611, 0.0026
0.2611, 0.0026
0.2611, 0.0026
0.2655, 0.0026
0.2655, 0.0026
0.2655, 0.0026
0.2655, 0.0000
0.2655, 0.0000
0.2655, 0.0000
0.2655, 0.0000
0.2699, 0.0000
0.2699, 0.0000
0.2699, 0.0000
0.2699, 0.0000
0.2699, 0.0000
0.2699, 0.0000
0.2699, 0.0000
0.2699, 0.0000
0.2699, 0.0000
0.2699, 0.0000
0.2699, 0.0000
0.2699, 0.0000
0.2699, 0.0000
0.2699, 0.0000
0.2699, 0.0000
0.2743, 0.0000
0.2743, 0.0000
0.2743, 0.0000
0.2743, 0.0000
0.2788, 0.0000
0.2788, 0.0000
0.2788, 0.0000
0.2788, 0.0000
0.2788, 0.0000
0.2788, 0.0000
0.2788, 0.0000
0.2788, 0.0000
0.2788, 0.0000
0.2788, 0.0000
0.2788, 0.0000
0.2788, 0.0000
0.2832, 0.0000
0.2832, 0.0000
0.2832, 0.0000
0.2832, 0.0000
0.2832, 0.0000
0.2832, 0.0000
0.2832, 0.0000
0.2832, 0.0000
0.2876, 0.0000
0.2876, 0.0000
0.2876, 0.0000
0.2876, 0.0000
0.2876, 0.0000
0.2876, 0.0000
0.2876, 0.0000
0.2876, 0.0000
0.2876, 0.0000
0.2876, 0.0000
0.2876, 0.0000
0.2876, 0.0000
0.2876, 0.0000
0.2920, 0.0000
0.2920, 0.0000
0.2920, 0.0000
0.2920, 0.0000
0.2920, 0.0000
0.2920, 0.0000
0.2920, 0.0000
0.2920, 0.0000
0.2920, 0.0000
0.2920, 0.0000
0.2920, 0.0000
0.2920, 0.0000
0.2920, 0.0000
0.2920, 0.0000
0.2920, 0.0000
0.2920, 0.0000
0.2920, 0.0000
0.2920, 0.0000
0.2920, 0.0000
0.2965, 0.0000
0.2965, 0.0000
0.2965, 0.0000
0.2965, 0.0000
0.2965, 0.0000
0.2965, 0.0000
0.2965, 0.0000
0.2965, 0.0000
0.3009, 0.0000
0.3009, 0.0000
0.3009, 0.0000
0.3009, 0.0000
0.3009, 0.0000
0.3009, 0.0000
0.3009, 0.0000
0.3053, 0.0000
0.3053, 0.0000
0.3053, 0.0000
0.3053, 0.0000
0.3097, 0.0000
0.3097, 0.0000
0.3097, 0.0000
0.3097, 0.0000
0.3097, 0.0000
0.3097, 0.0000
0.3097, 0.0000
0.3097, 0.0000
0.3142, 0.0000
0.3142, 0.0000
0.3142, 0.0000
0.3142, 0.0000
0.3142, 0.0000
0.3142, 0.0000
0.3142, 0.0000
0.3186, 0.0000
0.3186, 0.0000
0.3186, 0.0000
0.3186, 0.0000
0.3186, 0.0000
0.3186, 0.0000
0.3186, 0.0000
0.3230, 0.0000
0.3230, 0.0000
0.3230, 0.0000
0.3230, 0.0000
0.3230, 0.0000
0.3230, 0.0000
0.3230, 0.0000
0.3230, 0.0000
0.3230, 0.0000
0.3230, 0.0000
0.3230, 0.0000
0.3274, 0.0000
0.3274, 0.0000
0.3274, 0.0000
0.3274, 0.0000
0.3319, 0.0000
0.3319, 0.0000
0.3319, 0.0000
0.3319, 0.0000
0.3363, 0.0000
0.3363, 0.0000
0.3363, 0.0000
0.3363, 0.0000
0.3363, 0.0000
0.3363, 0.0000
0.3363, 0.0000
0.3363, 0.0000
0.3363, 0.0000
0.3363, 0.0000
0.3363, 0.0000
0.3363, 0.0000
0.3363, 0.0000
0.3363, 0.0000
0.3363, 0.0000
0.3407, 0.0000
0.3407, 0.0000
0.3407, 0.0000
0.3407, 0.0000
0.3451, 0.0000
0.3451, 0.0000
0.3451, 0.0000
0.3451, 0.0000
0.3451, 0.0000
0.3451, 0.0000
0.3451, 0.0000
0.3451, 0.0000
0.3451, 0.0000
0.3451, 0.0000
0.3451, 0.0000
0.3451, 0.0000
0.3451, 0.0000
0.3451, 0.0000
0.3451, 0.0000
0.3496, 0.0000
0.3496, 0.0000
0.3496, 0.0000
0.3540, 0.0000
0.3540, 0.0000
0.3540, 0.0000
0.3540, 0.0000
0.3540, 0.0000
0.3540, 0.0000
0.3540, 0.0000
0.3540, 0.0000
0.3584, 0.0026
0.3584, 0.0026
0.3584, 0.0026
0.3584, 0.0026
0.3584, 0.0026
0.3584, 0.0026
0.3584, 0.0026
0.3584, 0.0026
0.3584, 0.0026
0.3584, 0.0026
0.3584, 0.0026
0.3584, 0.0026
0.3628, 0.0026
0.3628, 0.0026
0.3628, 0.0026
0.3673, 0.0026
0.3673, 0.0026
0.3673, 0.0026
0.3673, 0.0026
0.3673, 0.0052
0.3673, 0.0052
0.3673, 0.0052
0.3673, 0.0052
0.3673, 0.0052
0.3673, 0.0052
0.3673, 0.0052
0.3717, 0.0052
0.3717, 0.0052
0.3717, 0.0052
0.3761, 0.0052
0.3761, 0.0052
0.3761, 0.0052
0.3761, 0.0052
0.3761, 0.0052
0.3761, 0.0052
0.3761, 0.0052
0.3761, 0.0052
0.3761, 0.0052
0.3761, 0.0052
0.3761, 0.0052
0.3761, 0.0052
0.3761, 0.0052
0.3761, 0.0052
0.3761, 0.0052
0.3761, 0.0052
0.3761, 0.0052
0.3761, 0.0052
0.3761, 0.0052
0.3805, 0.0052
0.3805, 0.0052
0.3805, 0.0052
0.3850, 0.0052
0.3850, 0.0052
0.3850, 0.0052
0.3850, 0.0052
0.3850, 0.0052
0.3850, 0.0052
0.3850, 0.0052
0.3850, 0.0052
0.3894, 0.0052
0.3894, 0.0052
0.3894, 0.0052
0.3894, 0.0078
0.3894, 0.0078
0.3894, 0.0078
0.3894, 0.0078
0.3894, 0.0078
0.3894, 0.0078
0.3894, 0.0078
0.3894, 0.0078
0.3938, 0.0078
0.3938, 0.0078
0.3938, 0.0078
0.3982, 0.0078
0.3982, 0.0078
0.3982, 0.0078
0.3982, 0.0078
0.3982, 0.0078
0.3982, 0.0078
0.3982, 0.0078
0.3982, 0.0104
0.3982, 0.0104
0.3982, 0.0104
0.3982, 0.0104
0.3982, 0.0104
0.3982, 0.0104
0.3982, 0.0104
0.3982, 0.0104
0.4027, 0.0104
0.4027, 0.0104
0.4027, 0.0104
0.4027, 0.0104
0.4027, 0.0104
0.4027, 0.0104
0.4027, 0.0104
0.4071, 0.0104
0.4071, 0.0104
0.4071, 0.0104
0.4071, 0.0104
0.4071, 0.0104
0.4071, 0.0104
0.4071, 0.0104
0.4071, 0.0104
0.4115, 0.0104
0.4115, 0.0104
0.4115, 0.0104
0.4115, 0.0104
0.4115, 0.0104
0.4115, 0.0104
0.4115, 0.0104
0.4115, 0.0104
0.4115, 0.0104
0.4115, 0.0104
0.4115, 0.0104
0.4159, 0.0104
0.4159, 0.0104
0.4159, 0.0104
0.4204, 0.0104
0.4204, 0.0104
0.4204, 0.0104
0.4204, 0.0104
0.4204, 0.0104
0.4204, 0.0104
0.4204, 0.0104
0.4204, 0.0130
0.4204, 0.0130
0.4204, 0.0130
0.4204, 0.0130
0.4204, 0.0130
0.4204, 0.0130
0.4204, 0.0130
0.4248, 0.0130
0.4248, 0.0130
0.4248, 0.0130
0.4248, 0.0130
0.4248, 0.0130
0.4248, 0.0130
0.4248, 0.0130
0.4248, 0.0130
0.4248, 0.0130
0.4248, 0.0130
0.4248, 0.0130
0.4248, 0.0130
0.4292, 0.0130
0.4292, 0.0130
0.4292, 0.0130
0.4292, 0.0130
0.4292, 0.0130
0.4292, 0.0130
0.4292, 0.0130
0.4336, 0.0156
0.4336, 0.0156
0.4336, 0.0156
0.4336, 0.0156
0.4336, 0.0156
0.4336, 0.0156
0.4336, 0.0156
0.4381, 0.0156
0.4381, 0.0156
0.4381, 0.0156
0.4425, 0.0182
0.4425, 0.0182
0.4425, 0.0182
0.4425, 0.0182
0.4425, 0.0182
0.4425, 0.0182
0.4425, 0.0182
0.4425, 0.0182
0.4425, 0.0182
0.4425, 0.0182
0.4425, 0.0182
0.4469, 0.0182
0.4469, 0.0182
0.4469, 0.0182
0.4513, 0.0182
0.4513, 0.0182
0.4513, 0.0182
0.4558, 0.0182
0.4558, 0.0182
0.4558, 0.0182
0.4558, 0.0182
0.4558, 0.0182
0.4558, 0.0182
0.4558, 0.0182
0.4558, 0.0182
0.4558, 0.0182
0.4558, 0.0182
0.4558, 0.0182
0.4558, 0.0182
0.4558, 0.0208
0.4558, 0.0208
0.4558, 0.0208
0.4602, 0.0208
0.4602, 0.0208
0.4602, 0.0208
0.4646, 0.0208
0.4646, 0.0208
0.4646, 0.0208
0.4646, 0.0208
0.4646, 0.0208
0.4646, 0.0234
0.4646, 0.0234
0.4646, 0.0234
0.4646, 0.0234
0.4646, 0.0234
0.4646, 0.0234
0.4690, 0.0234
0.4690, 0.0234
0.4690, 0.0234
0.4690, 0.0234
0.4690, 0.0234
0.4735, 0.0234
0.4735, 0.0234
0.4735, 0.0234
0.4735, 0.0234
0.4735, 0.0234
0.4779, 0.0234
0.4779, 0.0234
0.4779, 0.0234
0.4779, 0.0234
0.4779, 0.0234
0.4779, 0.0234
0.4779, 0.0260
0.4779, 0.0260
0.4779, 0.0260
0.4823, 0.0260
0.4823, 0.0260
0.4823, 0.0260
0.4823, 0.0260
0.4823, 0.0260
0.4867, 0.0260
0.4867, 0.0260
0.4867, 0.0260
0.4867, 0.0286
0.4867, 0.0286
0.4867, 0.0286
0.4867, 0.0286
0.4867, 0.0286
0.4912, 0.0286
0.4912, 0.0286
0.4912, 0.0286
0.4956, 0.0286
0.4956, 0.0286
0.5000, 0.0313
0.5000, 0.0313
0.5000, 0.0313
0.5000, 0.0313
0.5000, 0.0313
0.5000, 0.0313
0.5000, 0.0313
0.5000, 0.0313
0.5000, 0.0313
0.5044, 0.0313
0.5044, 0.0313
0.5088, 0.0313
0.5088, 0.0313
0.5088, 0.0313
0.5088, 0.0313
0.5088, 0.0313
0.5088, 0.0313
0.5088, 0.0313
0.5088, 0.0313
0.5088, 0.0313
0.5133, 0.0313
0.5133, 0.0313
0.5133, 0.0339
0.5133, 0.0339
0.5133, 0.0339
0.5177, 0.0339
0.5177, 0.0339
0.5177, 0.0339
0.5177, 0.0339
0.5177, 0.0339
0.5177, 0.0339
0.5177, 0.0339
0.5177, 0.0339
0.5221, 0.0339
0.5221, 0.0339
0.5221, 0.0339
0.5265, 0.0365
0.5265, 0.0365
0.5265, 0.0365
0.5265, 0.0365
0.5265, 0.0365
0.5265, 0.0365
0.5310, 0.0365
0.5310, 0.0365
0.5310, 0.0365
0.5310, 0.0365
0.5310, 0.0365
0.5310, 0.0365
0.5310, 0.0365
0.5310, 0.0365
0.5354, 0.0365
0.5354, 0.0365
0.5354, 0.0391
0.5354, 0.0391
0.5354, 0.0391
0.5398, 0.0391
0.5398, 0.0391
0.5398, 0.0391
0.5398, 0.0391
0.5398, 0.0391
0.5398, 0.0417
0.5398, 0.0417
0.5398, 0.0417
0.5442, 0.0417
0.5442, 0.0417
0.5442, 0.0417
0.5442, 0.0417
0.5442, 0.0417
0.5487, 0.0417
0.5487, 0.0417
0.5487, 0.0417
0.5531, 0.0443
0.5531, 0.0443
0.5531, 0.0443
0.5531, 0.0443
0.5531, 0.0443
0.5531, 0.0443
0.5531, 0.0443
0.5531, 0.0443
0.5531, 0.0443
0.5531, 0.0443
0.5531, 0.0443
0.5575, 0.0443
0.5575, 0.0443
0.5575, 0.0443
0.5619, 0.0469
0.5619, 0.0469
0.5619, 0.0469
0.5619, 0.0469
0.5619, 0.0469
0.5664, 0.0469
0.5664, 0.0469
0.5664, 0.0469
0.5664, 0.0495
0.5664, 0.0495
0.5708, 0.0495
0.5708, 0.0495
0.5708, 0.0495
0.5752, 0.0495
0.5752, 0.0495
0.5752, 0.0495
0.5752, 0.0495
0.5752, 0.0495
0.5752, 0.0495
0.5752, 0.0495
0.5752, 0.0495
0.5752, 0.0495
0.5752, 0.0495
0.5752, 0.0495
0.5796, 0.0521
0.5796, 0.0521
0.5796, 0.0521
0.5796, 0.0521
0.5796, 0.0521
0.5841, 0.0521
0.5841, 0.0521
0.5841, 0.0521
0.5841, 0.0547
0.5841, 0.0547
0.5841, 0.0547
0.5885, 0.0547
0.5885, 0.0547
0.5885, 0.0547
0.5885, 0.0547
0.5885, 0.0547
0.5929, 0.0547
0.5929, 0.0547
0.5929, 0.0547
0.5973, 0.0547
0.5973, 0.0547
0.5973, 0.0573
0.5973, 0.0573
0.5973, 0.0573
0.6018, 0.0573
0.6018, 0.0573
0.6062, 0.0573
0.6062, 0.0573
0.6062, 0.0573
0.6062, 0.0573
0.6062, 0.0573
0.6062, 0.0573
0.6062, 0.0573
0.6062, 0.0573
0.6062, 0.0599
0.6062, 0.0599
0.6062, 0.0599
0.6106, 0.0599
0.6106, 0.0599
0.6106, 0.0599
0.6106, 0.0599
0.6106, 0.0599
0.6150, 0.0599
0.6150, 0.0599
0.6150, 0.0625
0.6150, 0.0625
0.6150, 0.0625
0.6195, 0.0625
0.6195, 0.0625
0.6195, 0.0625
0.6195, 0.0625
0.6239, 0.0625
0.6239, 0.0625
0.6239, 0.0625
0.6239, 0.0625
0.6239, 0.0625
0.6283, 0.0651
0.6283, 0.0651
0.6283, 0.0651
0.6283, 0.0651
0.6283, 0.0651
0.6327, 0.0651
0.6327, 0.0651
0.6327, 0.0651
0.6327, 0.0677
0.6327, 0.0677
0.6327, 0.0677
0.6372, 0.0677
0.6372, 0.0677
0.6416, 0.0677
0.6416, 0.0677
0.6416, 0.0677
0.6416, 0.0677
0.6416, 0.0677
0.6416, 0.0677
0.6416, 0.0677
0.6416, 0.0677
0.6460, 0.0677
0.6460, 0.0677
0.6460, 0.0677
0.6504, 0.0677
0.6504, 0.0677
0.6504, 0.0703
0.6504, 0.0703
0.6504, 0.0703
0.6504, 0.0703
0.6504, 0.0703
0.6504, 0.0703
0.6549, 0.0703
0.6549, 0.0703
0.6549, 0.0703
0.6549, 0.0703
0.6549, 0.0703
0.6593, 0.0703
0.6593, 0.0703
0.6593, 0.0729
0.6593, 0.0729
0.6593, 0.0729
0.6593, 0.0729
0.6593, 0.0729
0.6593, 0.0729
0.6637, 0.0729
0.6637, 0.0729
0.6637, 0.0729
0.6637, 0.0729
0.6637, 0.0729
0.6681, 0.0755
0.6681, 0.0755
0.6681, 0.0755
0.6726, 0.0755
0.6726, 0.0755
0.6726, 0.0755
0.6726, 0.0755
0.6726, 0.0755
0.6770, 0.0755
0.6770, 0.0755
0.6770, 0.0755
0.6814, 0.0755
0.6814, 0.0755
0.6814, 0.0755
0.6814, 0.0755
0.6814, 0.0755
0.6814, 0.0755
0.6814, 0.0755
0.6814, 0.0755
0.6858, 0.0755
0.6858, 0.0755
0.6903, 0.0755
0.6903, 0.0755
0.6903, 0.0755
0.6947, 0.0781
0.6947, 0.0781
0.6947, 0.0781
0.6947, 0.0781
0.6947, 0.0781
0.6947, 0.0781
0.6947, 0.0781
0.6947, 0.0781
0.6991, 0.0781
0.6991, 0.0781
0.6991, 0.0781
0.7035, 0.0781
0.7035, 0.0781
0.7035, 0.0807
0.7035, 0.0807
0.7035, 0.0807
0.7124, 0.0807
0.7124, 0.0807
0.7124, 0.0807
0.7168, 0.0807
0.7168, 0.0807
0.7168, 0.0807
0.7168, 0.0807
0.7168, 0.0807
0.7212, 0.0807
0.7212, 0.0807
0.7257, 0.0807
0.7257, 0.0807
0.7257, 0.0807
0.7257, 0.0807
0.7257, 0.0807
0.7301, 0.0807
0.7301, 0.0807
0.7301, 0.0807
0.7301, 0.0807
0.7301, 0.0807
0.7301, 0.0807
0.7301, 0.0807
0.7301, 0.0807
0.7301, 0.0807
0.7345, 0.0807
0.7345, 0.0807
0.7389, 0.0833
0.7389, 0.0833
0.7389, 0.0833
0.7389, 0.0833
0.7389, 0.0833
0.7389, 0.0833
0.7389, 0.0833
0.7389, 0.0833
0.7434, 0.0833
0.7434, 0.0833
0.7434, 0.0833
0.7434, 0.0833
0.7434, 0.0833
0.7434, 0.0833
0.7478, 0.0859
0.7478, 0.0859
0.7478, 0.0859
0.7522, 0.0859
0.7522, 0.0859
0.7566, 0.0859
0.7611, 0.0859
0.7611, 0.0859
0.7611, 0.0859
0.7655, 0.0885
0.7655, 0.0885
0.7655, 0.0885
0.7699, 0.0885
0.7699, 0.0885
0.7699, 0.0885
0.7699, 0.0885
0.7699, 0.0885
0.7743, 0.0885
0.7743, 0.0885
0.7743, 0.0885
0.7788, 0.0885
0.7788, 0.0885
0.7788, 0.0885
0.7788, 0.0885
0.7788, 0.0885
0.7832, 0.0885
0.7832, 0.0885
0.7832, 0.0885
0.7832, 0.0885
0.7832, 0.0885
0.7832, 0.0885
0.7832, 0.0885
0.7832, 0.0885
0.7876, 0.0885
0.7876, 0.0885
0.7920, 0.0885
0.7920, 0.0885
0.7920, 0.0885
0.7920, 0.0885
0.7920, 0.0885
0.7920, 0.0885
0.7920, 0.0885
0.7920, 0.0885
0.7965, 0.0885
0.7965, 0.0885
0.8009, 0.0885
0.8009, 0.0885
0.8009, 0.0885
0.8009, 0.0885
0.8009, 0.0885
0.8053, 0.0885
0.8053, 0.0885
0.8053, 0.0885
0.8053, 0.0885
0.8053, 0.0885
0.8053, 0.0885
0.8097, 0.0885
0.8097, 0.0885
0.8142, 0.0885
0.8142, 0.0885
0.8142, 0.0911
0.8142, 0.0911
0.8142, 0.0911
0.8142, 0.0911
0.8142, 0.0911
0.8142, 0.0911
0.8186, 0.0911
0.8186, 0.0911
0.8230, 0.0911
0.8230, 0.0911
0.8230, 0.0911
0.8274, 0.0911
0.8274, 0.0911
0.8274, 0.0911
0.8274, 0.0911
0.8274, 0.0911
0.8274, 0.0911
0.8274, 0.0911
0.8274, 0.0911
0.8319, 0.0911
0.8319, 0.0911
0.8363, 0.0911
0.8363, 0.0911
0.8363, 0.0911
0.8363, 0.0911
0.8363, 0.0911
0.8363, 0.0911
0.8363, 0.0911
0.8363, 0.0911
0.8407, 0.0911
0.8407, 0.0911
0.8407, 0.0911
0.8451, 0.0911
0.8451, 0.0911
0.8451, 0.0911
0.8451, 0.0911
0.8451, 0.0911
0.8496, 0.0911
0.8496, 0.0911
0.8496, 0.0911
0.8496, 0.0911
0.8496, 0.0911
0.8496, 0.0911
0.8496, 0.0911
0.8540, 0.0911
0.8540, 0.0911
0.8540, 0.0911
0.8540, 0.0911
0.8540, 0.0911
0.8584, 0.0911
0.8584, 0.0911
0.8584, 0.0911
0.8584, 0.0911
0.8584, 0.0911
0.8628, 0.0911
0.8628, 0.0911
0.8673, 0.0911
0.8673, 0.0911
0.8673, 0.0911
0.8673, 0.0911
0.8673, 0.0911
0.8717, 0.0911
0.8717, 0.0911
0.8717, 0.0911
0.8717, 0.0911
0.8717, 0.0911
0.8761, 0.0911
0.8761, 0.0911
0.8761, 0.0911
0.8805, 0.0911
0.8805, 0.0911
0.8805, 0.0911
0.8805, 0.0911
0.8805, 0.0911
0.8850, 0.0911
0.8850, 0.0911
0.8850, 0.0911
0.8850, 0.0911
0.8850, 0.0911
0.8894, 0.0911
0.8894, 0.0911
0.8894, 0.0911
0.8894, 0.0911
0.8894, 0.0911
0.8894, 0.0911
0.8894, 0.0911
0.8894, 0.0911
0.8938, 0.0911
0.8938, 0.0911
0.8938, 0.0911
0.8982, 0.0911
0.8982, 0.0911
0.9027, 0.0911
0.9027, 0.0911
0.9027, 0.0911
0.9027, 0.0911
0.9027, 0.0911
0.9071, 0.0911
0.9071, 0.0911
0.9071, 0.0911
0.9071, 0.0911
0.9071, 0.0911
0.9115, 0.0911
0.9115, 0.0911
0.9115, 0.0911
0.9115, 0.0911
0.9115, 0.0911
0.9115, 0.0911
0.9115, 0.0911
0.9115, 0.0911
0.9115, 0.0911
0.9115, 0.0911
0.9159, 0.0911
0.9159, 0.0911
0.9159, 0.0911
0.9159, 0.0911
0.9159, 0.0911
0.9159, 0.0911
0.9159, 0.0911
0.9204, 0.0911
0.9204, 0.0911
0.9204, 0.0911
0.9204, 0.0911
0.9248, 0.0911
0.9248, 0.0911
0.9248, 0.0911
0.9248, 0.0911
0.9248, 0.0911
0.9248, 0.0911
0.9248, 0.0911
0.9292, 0.0911
0.9292, 0.0911
0.9336, 0.0911
0.9336, 0.0911
0.9336, 0.0911
0.9336, 0.0911
0.9336, 0.0911
0.9336, 0.0911
0.9336, 0.0911
0.9336, 0.0911
0.9381, 0.0911
0.9381, 0.0911
0.9425, 0.0911
0.9425, 0.0911
0.9425, 0.0911
0.9469, 0.0911
0.9469, 0.0911
0.9469, 0.0911
0.9469, 0.0911
0.9469, 0.0911
0.9469, 0.0911
0.9469, 0.0911
0.9469, 0.0911
0.9469, 0.0911
0.9469, 0.0911
0.9469, 0.0885
0.9469, 0.0885
0.9513, 0.0885
0.9513, 0.0885
0.9513, 0.0885
0.9513, 0.0885
0.9513, 0.0885
0.9558, 0.0885
0.9558, 0.0885
0.9558, 0.0885
0.9558, 0.0885
0.9558, 0.0885
0.9558, 0.0885
0.9558, 0.0885
0.9558, 0.0885
0.9602, 0.0885
0.9602, 0.0885
0.9602, 0.0885
0.9602, 0.0859
0.9602, 0.0859
0.9646, 0.0859
0.9646, 0.0859
0.9646, 0.0859
0.9646, 0.0859
0.9646, 0.0859
0.9690, 0.0859
0.9690, 0.0859
0.9690, 0.0859
0.9690, 0.0859
0.9690, 0.0859
0.9690, 0.0859
0.9690, 0.0859
0.9690, 0.0859
0.9690, 0.0859
0.9690, 0.0859
0.9690, 0.0859
0.9690, 0.0859
0.9690, 0.0859
0.9690, 0.0859
0.9690, 0.0859
0.9690, 0.0859
0.9690, 0.0859
0.9690, 0.0859
0.9690, 0.0859
0.9735, 0.0833
0.9735, 0.0833
0.9735, 0.0833
0.9735, 0.0833
0.9735, 0.0833
0.9779, 0.0833
0.9779, 0.0833
0.9779, 0.0833
0.9779, 0.0833
0.9779, 0.0833
0.9779, 0.0833
0.9779, 0.0833
0.9779, 0.0833
0.9779, 0.0833
0.9779, 0.0833
0.9823, 0.0833
0.9823, 0.0833
0.9823, 0.0833
0.9823, 0.0833
0.9823, 0.0833
0.9867, 0.0833
0.9867, 0.0833
0.9912, 0.0807
0.9912, 0.0807
0.9912, 0.0807
0.9912, 0.0807
0.9912, 0.0807
0.9912, 0.0807
0.9912, 0.0807
0.9912, 0.0807
0.9912, 0.0807
0.9912, 0.0807
0.9912, 0.0807
0.9912, 0.0807
0.9912, 0.0807
0.9912, 0.0807
0.9912, 0.0807
0.9912, 0.0807
0.9912, 0.0807
0.9912, 0.0807
0.9912, 0.0807
0.9912, 0.0807
0.9912, 0.0807
0.9956, 0.0781
0.9956, 0.0781
0.9956, 0.0781
0.9956, 0.0781
0.9956, 0.0781
0.9956, 0.0781
0.9956, 0.0781
0.9956, 0.0781
0.9956, 0.0781
0.9956, 0.0781
1.0000, 0.0781
1.0000, 0.0781
1.0000, 0.0781
1.0000, 0.0781
1.0000, 0.0781
1.0000, 0.0781
1.0000, 0.0781
1.0000, 0.0781
1.0000, 0.0781
1.0000, 0.0781
1.0000, 0.0781
1.0000, 0.0781
1.0000, 0.0781
1.0000, 0.0781
1.0000, 0.0781
1.0000, 0.0781
1.0000, 0.0781
1.0000, 0.0781
1.0000, 0.0781
1.0000, 0.0781
1.0000, 0.0781
1.0000, 0.0781
1.0000, 0.0781
1.0000, 0.0781
1.0000, 0.0781
1.0000, 0.0781
1.0000, 0.0781
1.0000, 0.0781
1.0000, 0.0781
1.0000, 0.0781
1.0000, 0.0781
1.0000, 0.0781
1.0000, 0.0781
1.0000, 0.0781
1.0000, 0.0781
1.0000, 0.0781
0.5575, 0.2760
0.5575, 0.2760
0.5575, 0.2760
0.5575, 0.2760
0.5575, 0.2760
0.5575, 0.2760
0.5575, 0.2760
0.5575, 0.2760
0.5575, 0.2760
0.5575, 0.2760
0.5575, 0.2760
0.5575, 0.2760
0.5575, 0.2760
0.5575, 0.2760
0.5575, 0.2760
0.5575, 0.2760
0.5575, 0.2760
0.5575, 0.2760
0.5575, 0.2760
0.5575, 0.2760
0.5575, 0.2760
0.5575, 0.2760
0.5575, 0.2760
0.5575, 0.2760
0.5575, 0.2760
0.5575, 0.2760
0.5575, 0.2760
0.5575, 0.2760
0.5575, 0.2760
0.5575, 0.2760
0.5575, 0.2760
0.5575, 0.2760
0.5575, 0.2760
0.5575, 0.2760
0.5575, 0.2760
0.5575, 0.2760
0.5575, 0.2760
0.5575, 0.2760
0.5575, 0.2760
0.5575, 0.2760
0.5575, 0.2760
0.5575, 0.2760
0.5575, 0.2760
0.5575, 0.2760
0.5575, 0.2760
0.5575, 0.2760
0.5575, 0.2760
0.5575, 0.2760
0.5575, 0.2760
0.5575, 0.2760
0.5575, 0.2760
0.5575, 0.2760
0.5575, 0.2760
0.5575, 0.2760
0.5575, 0.2760
0.5575, 0.2760
0.5575, 0.2760
0.5575, 0.2760
0.5575, 0.2760
0.5575, 0.2760
0.5575, 0.2760
0.5575, 0.2760
0.5575, 0.2760
0.5575, 0.2760
0.5575, 0.2760
0.5575, 0.2760
0.5575, 0.2760
0.5575, 0.2760
0.5575, 0.2760
0.5575, 0.2760
0.5575, 0.2760
0.5575, 0.2760
0.5575, 0.2760
0.5575, 0.2760
0.5575, 0.2760
0.5575, 0.2760
0.5575, 0.2760
0.5575, 0.2760
0.5575, 0.2760
0.5575, 0.2760
0.5575, 0.2760
0.5575, 0.2760
0.5575, 0.2760
0.5575, 0.2760
0.5575, 0.2760
0.5575, 0.2760
0.5575, 0.2760
0.5575, 0.2760
0.5575, 0.2760
0.5575, 0.2760
0.5575, 0.2760
0.5575, 0.2760
0.5575, 0.2760
0.5575, 0.2760
0.5575, 0.2760
0.5575, 0.2760
0.5575, 0.2760
0.5575, 0.2760
0.5575, 0.2760
0.5575, 0.2760
0.5575, 0.2760
0.5575, 0.2760
0.5575, 0.2760
0.5575, 0.2760
0.5575, 0.2760
0.5575, 0.2760
0.5575, 0.2760
0.5575, 0.2760
0.5575, 0.2760
0.5575, 0.2760
0.5575, 0.2760
0.5575, 0.2760
0.5575, 0.2760
0.5575, 0.2760
0.5575, 0.2760
0.5575, 0.2760
0.5575, 0.2760
0.5575, 0.2760
0.5575, 0.2760
0.5575, 0.2760
0.5575, 0.2760
0.5575, 0.2760
0.5575, 0.2760
0.5575, 0.2760
0.5575, 0.2760
0.5575, 0.2760
0.5575, 0.2760
0.5575, 0.2760
0.5575, 0.2760
0.5575, 0.2760
0.5575, 0.2760
0.5575, 0.2760
0.5575, 0.2760
0.5575, 0.2760
0.5575, 0.2760
0.5575, 0.2760
0.5575, 0.2760
0.5575, 0.2760
0.5575, 0.2760
0.5575, 0.2760
0.5575, 0.2760
0.5575, 0.2760
0.5575, 0.2760
0.5575, 0.2760
0.5575, 0.2760
0.5575, 0.2760
0.5575, 0.2760
0.5575, 0.2760
0.5575, 0.2760
0.5575, 0.2760
0.5575, 0.2760
0.5575, 0.2760
0.5575, 0.2760
0.5575, 0.2760
0.5575, 0.2760
0.5575, 0.2760
0.5575, 0.2760
0.5575, 0.2760
0.5575, 0.2760
0.5575, 0.2760
0.5575, 0.2760
0.5575, 0.2760
0.5575, 0.2760
0.5575, 0.2760
0.5575, 0.2760
0.5575, 0.2760
0.5575, 0.2760
0.5575, 0.2760
0.5575, 0.2760
0.5575, 0.2760
0.5575, 0.2760
0.5575, 0.2760
0.5575, 0.2760
0.5575, 0.2760
0.5575, 0.2760
0.5575, 0.2760
0.5575, 0.2760
0.5575, 0.2760
0.5575, 0.2760
0.5575, 0.2760
0.5575, 0.2760
0.5575, 0.2760
0.5575, 0.2760
0.5575, 0.2760
0.5575, 0.2760
0.5575, 0.2760
0.5575, 0.2760
0.5575, 0.2760
0.5575, 0.2760
0.5575, 0.2760
0.5575, 0.2760
0.5575, 0.2760
0.5575, 0.2760
0.5575, 0.2734
0.5575, 0.2734
0.5575, 0.2734
0.5575, 0.2734
0.5575, 0.2734
0.5575, 0.2734
0.5575, 0.2734
0.5575, 0.2734
0.5575, 0.2734
0.5575, 0.2734
0.5575, 0.2734
0.5575, 0.2734
0.5575, 0.2734
0.5575, 0.2734
0.5575, 0.2734
0.5575, 0.2734
0.5575, 0.2734
0.5575, 0.2734
0.5575, 0.2734
0.5575, 0.2734
0.5575, 0.2734
0.5575, 0.2734
0.5575, 0.2734
0.5575, 0.2734
0.5575, 0.2734
0.5575, 0.2734
0.5575, 0.2734
0.5575, 0.2734
0.5575, 0.2734
0.5575, 0.2734
0.5575, 0.2734
0.5575, 0.2734
0.5575, 0.2708
0.5575, 0.2708
0.5575, 0.2708
0.5575, 0.2708
0.5575, 0.2708
0.5575, 0.2708
0.5575, 0.2708
0.5575, 0.2708
0.5575, 0.2708
0.5575, 0.2708
0.5575, 0.2682
0.5575, 0.2682
0.5575, 0.2682
0.5575, 0.2682
0.5575, 0.2682
0.5575, 0.2682
0.5575, 0.2682
0.5575, 0.2682
0.5575, 0.2682
0.5575, 0.2682
0.5575, 0.2682
0.5575, 0.2682
0.5575, 0.2682
0.5575, 0.2682
0.5575, 0.2682
0.5575, 0.2682
0.5575, 0.2682
0.5575, 0.2682
0.5575, 0.2682
0.5575, 0.2682
0.5575, 0.2682
0.5575, 0.2682
0.5575, 0.2682
0.5575, 0.2682
0.5575, 0.2682
0.5575, 0.2682
0.5575, 0.2682
0.5575, 0.2682
0.5575, 0.2682
0.5575, 0.2656
0.5575, 0.2656
0.5575, 0.2656
0.5575, 0.2656
0.5575, 0.2656
0.5575, 0.2656
0.5575, 0.2656
0.5575, 0.2656
0.5575, 0.2656
0.5575, 0.2656
0.5575, 0.2656
0.5575, 0.2656
0.5575, 0.2656
0.5575, 0.2656
0.5575, 0.2656
0.5575, 0.2656
0.5575, 0.2656
0.5575, 0.2656
0.5575, 0.2656
0.5575, 0.2630
0.5575, 0.2630
0.5575, 0.2630
0.5575, 0.2630
0.5575, 0.2630
0.5575, 0.2630
0.5575, 0.2630
0.5575, 0.2630
0.5575, 0.2630
0.5575, 0.2630
0.5575, 0.2630
0.5575, 0.2630
0.5575, 0.2630
0.5575, 0.2630
0.5575, 0.2630
0.5575, 0.2630
0.5575, 0.2630
0.5575, 0.2630
0.5575, 0.2604
0.5575, 0.2604
0.5575, 0.2604
0.5575, 0.2604
0.5575, 0.2604
0.5575, 0.2604
0.5575, 0.2604
0.5575, 0.2604
0.5575, 0.2604
0.5575, 0.2604
0.5575, 0.2604
0.5575, 0.2604
0.5575, 0.2604
0.5575, 0.2604
0.5575, 0.2604
0.5575, 0.2604
0.5575, 0.2604
0.5575, 0.2604
0.5575, 0.2604
0.5575, 0.2604
0.5575, 0.2604
0.5575, 0.2604
0.5575, 0.2604
0.5531, 0.2604
0.5531, 0.2604
0.5531, 0.2604
0.5531, 0.2604
0.5531, 0.2604
0.5531, 0.2604
0.5531, 0.2578
0.5531, 0.2578
0.5531, 0.2578
0.5531, 0.2578
0.5531, 0.2578
0.5531, 0.2578
0.5531, 0.2578
0.5531, 0.2578
0.5531, 0.2578
0.5531, 0.2578
0.5531, 0.2578
0.5531, 0.2578
0.5531, 0.2578
0.5531, 0.2578
0.5531, 0.2578
0.5531, 0.2578
0.5531, 0.2578
0.5531, 0.2578
0.5531, 0.2578
0.5531, 0.2552
0.5531, 0.2552
0.5531, 0.2552
0.5531, 0.2552
0.5531, 0.2552
0.5531, 0.2552
0.5531, 0.2552
0.5531, 0.2552
0.5531, 0.2552
0.5531, 0.2552
0.5531, 0.2552
0.5531, 0.2552
0.5531, 0.2552
0.5531, 0.2552
0.5531, 0.2552
0.5531, 0.2552
0.5531, 0.2552
0.5531, 0.2552
0.5531, 0.2552
0.5531, 0.2552
0.5531, 0.2552
0.5531, 0.2526
0.5531, 0.2526
0.5531, 0.2526
0.5531, 0.2526
0.5531, 0.2526
0.5531, 0.2526
0.5531, 0.2526
0.5531, 0.2526
0.5531, 0.2526
0.5531, 0.2500
0.5531, 0.2500
0.5531, 0.2500
0.5531, 0.2500
0.5531, 0.2500
0.5531, 0.2500
0.5531, 0.2500
0.5531, 0.2500
0.5531, 0.2500
0.5531, 0.2500
0.5531, 0.2500
0.5531, 0.2474
0.5531, 0.2474
0.5531, 0.2474
0.5531, 0.2474
0.5531, 0.2474
0.5531, 0.2474
0.5531, 0.2474
0.5531, 0.2474
0.5531, 0.2474
0.5531, 0.2474
0.5531, 0.2474
0.5531, 0.2474
0.5531, 0.2474
0.5531, 0.2474
0.5531, 0.2474
0.5531, 0.2474
0.5531, 0.2474
0.5531, 0.2474
0.5531, 0.2448
0.5531, 0.2448
0.5531, 0.2448
0.5531, 0.2448
0.5531, 0.2448
0.5531, 0.2448
0.5531, 0.2448
0.5531, 0.2448
0.5531, 0.2448
0.5531, 0.2422
0.5531, 0.2422
0.5531, 0.2422
0.5531, 0.2422
0.5531, 0.2422
0.5531, 0.2422
0.5531, 0.2422
0.5531, 0.2422
0.5531, 0.2422
0.5531, 0.2422
0.5531, 0.2422
0.5531, 0.2422
0.5531, 0.2422
0.5531, 0.2422
0.5531, 0.2422
0.5531, 0.2422
0.5531, 0.2422
0.5531, 0.2422
0.5531, 0.2422
0.5531, 0.2396
0.5531, 0.2396
0.5531, 0.2396
0.5531, 0.2396
0.5531, 0.2396
0.5531, 0.2396
0.5531, 0.2396
0.5531, 0.2396
0.5531, 0.2396
0.5531, 0.2370
0.5531, 0.2370
0.5531, 0.2370
0.5531, 0.2370
0.5531, 0.2370
0.5531, 0.2370
0.5531, 0.2370
0.5531, 0.2370
0.5531, 0.2370
0.5531, 0.2370
0.5531, 0.2370
0.5531, 0.2370
0.5531, 0.2344
0.5531, 0.2344
0.5531, 0.2344
0.5531, 0.2344
0.5531, 0.2344
0.5531, 0.2344
0.5531, 0.2344
0.5531, 0.2344
0.5531, 0.2344
0.5531, 0.2344
0.5531, 0.2344
0.5531, 0.2344
0.5531, 0.2344
0.5531, 0.2344
0.5531, 0.2344
0.5531, 0.2344
0.5531, 0.2344
0.5531, 0.2344
0.5531, 0.2344
0.5531, 0.2318
0.5531, 0.2318
0.5531, 0.2318
0.5531, 0.2318
0.5531, 0.2318
0.5531, 0.2318
0.5531, 0.2318
0.5531, 0.2318
0.5531, 0.2318
0.5531, 0.2292
0.5531, 0.2292
0.5531, 0.2292
0.5531, 0.2292
0.5531, 0.2292
0.5531, 0.2292
0.5531, 0.2292
0.5531, 0.2292
0.5531, 0.2292
0.5531, 0.2292
0.5531, 0.2292
0.5531, 0.2292
0.5531, 0.2292
0.5531, 0.2292
0.5531, 0.2292
0.5531, 0.2292
0.5531, 0.2292
0.5531, 0.2292
0.5531, 0.2266
0.5531, 0.2266
0.5531, 0.2266
0.5531, 0.2266
0.5531, 0.2266
0.5531, 0.2266
0.5531, 0.2240
0.5531, 0.2240
0.5531, 0.2240
0.5531, 0.2240
0.5531, 0.2240
0.5531, 0.2240
0.5531, 0.2240
0.5531, 0.2240
0.5531, 0.2240
0.5531, 0.2214
0.5531, 0.2214
0.5531, 0.2214
0.5531, 0.2214
0.5531, 0.2214
0.5531, 0.2214
0.5531, 0.2214
0.5531, 0.2214
0.5531, 0.2214
0.5531, 0.2214
0.5531, 0.2214
0.5531, 0.2214
0.5531, 0.2214
0.5531, 0.2188
0.5531, 0.2188
0.5531, 0.2188
0.5531, 0.2188
0.5531, 0.2188
0.5531, 0.2188
0.5531, 0.2188
0.5531, 0.2188
0.5531, 0.2188
0.5531, 0.2161
0.5531, 0.2161
0.5531, 0.2161
0.5531, 0.2161
0.5531, 0.2161
0.5531, 0.2161
0.5531, 0.2161
0.5531, 0.2161
0.5531, 0.2161
0.5531, 0.2161
0.5531, 0.2161
0.5531, 0.2161
0.5531, 0.2135
0.5531, 0.2135
0.5531, 0.2135
0.5531, 0.2135
0.5531, 0.2135
0.5531, 0.2135
0.5531, 0.2109
0.5531, 0.2109
0.5531, 0.2109
0.5531, 0.2109
0.5531, 0.2109
0.5531, 0.2109
0.5531, 0.2109
0.5531, 0.2109
0.5531, 0.2109
0.5531, 0.2109
0.5531, 0.2109
0.5531, 0.2109
0.5531, 0.2109
0.5531, 0.2109
0.5531, 0.2109
0.5531, 0.2083
0.5531, 0.2083
0.5531, 0.2083
0.5531, 0.2083
0.5531, 0.2083
0.5531, 0.2057
0.5531, 0.2057
0.5531, 0.2057
0.5531, 0.2057
0.5531, 0.2057
0.5531, 0.2057
0.5531, 0.2057
0.5531, 0.2057
0.5531, 0.2057
0.5531, 0.2031
0.5531, 0.2031
0.5531, 0.2031
0.5531, 0.2031
0.5531, 0.2031
0.5531, 0.2031
0.5531, 0.2031
0.5531, 0.2031
0.5531, 0.2031
0.5531, 0.2031
0.5531, 0.2031
0.5531, 0.2031
0.5531, 0.2005
0.5531, 0.2005
0.5531, 0.2005
0.5531, 0.2005
0.5531, 0.2005
0.5531, 0.2005
0.5531, 0.2005
0.5531, 0.2005
0.5531, 0.1979
0.5531, 0.1979
0.5531, 0.1979
0.5531, 0.1979
0.5531, 0.1979
0.5531, 0.1979
0.5531, 0.1979
0.5531, 0.1979
0.5531, 0.1979
0.5531, 0.1979
0.5531, 0.1979
0.5531, 0.1979
0.5531, 0.1953
0.5531, 0.1953
0.5531, 0.1953
0.5531, 0.1927
0.5531, 0.1927
0.5531, 0.1927
0.5531, 0.1927
0.5531, 0.1927
0.5531, 0.1927
0.5531, 0.1901
0.5531, 0.1901
0.5531, 0.1901
0.5531, 0.1901
0.5531, 0.1901
0.5531, 0.1901
0.5531, 0.1901
0.5531, 0.1901
0.5531, 0.1901
0.5531, 0.1901
0.5531, 0.1901
0.5531, 0.1875
0.5531, 0.1875
0.5531, 0.1875
0.5531, 0.1875
0.5531, 0.1875
0.5531, 0.1875
0.5531, 0.1849
0.5531, 0.1849
0.5531, 0.1849
0.5531, 0.1849
0.5531, 0.1849
0.5531, 0.1849
0.5531, 0.1849
0.5531, 0.1849
0.5531, 0.1823
0.5531, 0.1823
0.5531, 0.1823
0.5531, 0.1823
0.5531, 0.1823
0.5531, 0.1823
0.5531, 0.1797
0.5531, 0.1797
0.5531, 0.1797
0.5531, 0.1797
0.5531, 0.1797
0.5531, 0.1797
0.5531, 0.1771
0.5531, 0.1771
0.5531, 0.1771
0.5531, 0.1771
0.5531, 0.1771
0.5531, 0.1771
0.5531, 0.1771
0.5531, 0.1771
0.5531, 0.1771
0.5531, 0.1771
0.5531, 0.1745
0.5531, 0.1745
0.5531, 0.1745
0.5531, 0.1745
0.5531, 0.1745
0.5531, 0.1745
0.5531, 0.1719
0.5531, 0.1719
0.5531, 0.1719
0.5531, 0.1719
0.5531, 0.1719
0.5531, 0.1719
0.5531, 0.1719
0.5531, 0.1719
0.5531, 0.1719
0.5531, 0.1719
0.5531, 0.1719
0.5531, 0.1693
0.5531, 0.1693
0.5531, 0.1693
0.5531, 0.1693
0.5531, 0.1693
0.5531, 0.1693
0.5531, 0.1693
0.5531, 0.1693
0.5531, 0.1693
0.5531, 0.1667
0.5531, 0.1667
0.5531, 0.1667
0.5531, 0.1667
0.5531, 0.1667
0.5531, 0.1667
0.5531, 0.1641
0.5531, 0.1641
0.5531, 0.1641
0.5531, 0.1641
0.5531, 0.1641
0.5531, 0.1641
0.5531, 0.1641
0.5531, 0.1641
0.5531, 0.1641
0.5531, 0.1641
0.5531, 0.1641
0.5531, 0.1615
0.5531, 0.1615
0.5531, 0.1615
0.5531, 0.1615
0.5531, 0.1615
0.5531, 0.1615
0.5531, 0.1589
0.5531, 0.1589
0.5531, 0.1589
0.5531, 0.1589
0.5531, 0.1589
0.5531, 0.1589
0.5531, 0.1589
0.5531, 0.1589
0.5531, 0.1563
0.5531, 0.1563
0.5531, 0.1563
0.5531, 0.1563
0.5531, 0.1563
0.5531, 0.1563
0.5531, 0.1536
0.5531, 0.1536
0.5531, 0.1536
0.5531, 0.1536
0.5531, 0.1510
0.5531, 0.1510
0.5531, 0.1510
0.5531, 0.1510
0.5531, 0.1510
0.5531, 0.1510
0.5531, 0.1510
0.5531, 0.1510
0.5531, 0.1510
0.5531, 0.1484
0.5531, 0.1484
0.5531, 0.1458
0.5531, 0.1458
0.5531, 0.1458
0.5531, 0.1458
0.5531, 0.1458
0.5531, 0.1458
0.5531, 0.1458
0.5531, 0.1458
0.5531, 0.1432
0.5531, 0.1432
0.5531, 0.1432
0.5531, 0.1432
0.5531, 0.1432
0.5531, 0.1432
0.5531, 0.1406
0.5531, 0.1406
0.5531, 0.1380
0.5531, 0.1380
0.5531, 0.1380
0.5531, 0.1380
0.5531, 0.1380
0.5531, 0.1380
0.5531, 0.1380
0.5531, 0.1380
0.5531, 0.1380
0.5531, 0.1380
0.5531, 0.1380
0.5531, 0.1380
0.5531, 0.1354
0.5531, 0.1354
0.5531, 0.1328
0.5531, 0.1328
0.5531, 0.1328
0.5531, 0.1328
0.5531, 0.1328
0.5531, 0.1328
0.5531, 0.1328
0.5531, 0.1328
0.5531, 0.1328
0.5531, 0.1302
0.5531, 0.1302
0.5531, 0.1276
0.5531, 0.1276
0.5531, 0.1276
0.5531, 0.1276
0.5531, 0.1276
0.5531, 0.1276
0.5531, 0.1250
0.5531, 0.1250
0.5531, 0.1250
0.5575, 0.1224
0.5575, 0.1224
0.5575, 0.1224
0.5575, 0.1224
0.5575, 0.1224
0.5575, 0.1198
0.5575, 0.1198
0.5575, 0.1198
0.5575, 0.1198
0.5575, 0.1198
0.5575, 0.1198
0.5575, 0.1198
0.5575, 0.1198
0.5575, 0.1172
0.5575, 0.1172
0.5575, 0.1172
0.5575, 0.1172
0.5575, 0.1172
0.5575, 0.1172
0.5575, 0.1146
0.5575, 0.1146
0.5575, 0.1146
0.5575, 0.1146
0.5575, 0.1146
0.5575, 0.1146
0.5575, 0.1146
0.5575, 0.1146
0.5575, 0.1146
0.5575, 0.1146
0.5575, 0.1146
0.5575, 0.1120
0.5575, 0.1120
0.5575, 0.1120
0.5575, 0.1094
0.5575, 0.1094
0.5575, 0.1094
0.5575, 0.1068
0.5575, 0.1068
0.5575, 0.1068
0.5575, 0.1068
0.5575, 0.1068
0.5619, 0.1068
0.5619, 0.1068
0.5619, 0.1042
0.5619, 0.1042
0.5619, 0.1042
0.5619, 0.1016
0.5619, 0.1016
0.5619, 0.1016
0.5619, 0.1016
0.5619, 0.1016
0.5619, 0.1016
0.5619, 0.1016
0.5619, 0.1016
0.5619, 0.0990
0.5619, 0.0990
0.5619, 0.0990
0.5619, 0.0964
0.5619, 0.0964
0.5619, 0.0964
0.5619, 0.0964
0.5619, 0.0964
0.5619, 0.0964
0.5619, 0.0937
0.5619, 0.0937
0.5619, 0.0937
0.5619, 0.0937
0.5619, 0.0937
0.5619, 0.0937
0.5619, 0.0937
0.5619, 0.0937
0.5619, 0.0937
0.5619, 0.0937
0.5619, 0.0911
0.5619, 0.0911
0.5619, 0.0911
0.5619, 0.0885
0.5619, 0.0885
0.5619, 0.0885
0.5619, 0.0885
0.5619, 0.0885
0.5619, 0.0885
0.5619, 0.0885
0.5619, 0.0885
0.5619, 0.0859
0.5619, 0.0859
0.5619, 0.0833
0.5619, 0.0833
0.5619, 0.0833
0.5619, 0.0833
0.5619, 0.0833
0.5619, 0.0833
0.5619, 0.0833
0.5619, 0.0833
0.5619, 0.0833
0.5619, 0.0807
0.5619, 0.0807
0.5619, 0.0807
0.5619, 0.0807
0.5619, 0.0807
0.5619, 0.0807
0.5619, 0.0807
0.5619, 0.0807
0.5619, 0.0781
0.5619, 0.0781
0.5619, 0.0781
0.5619, 0.0755
0.5619, 0.0755
0.5619, 0.0755
0.5619, 0.0755
0.5619, 0.0755
0.5619, 0.0755
0.5619, 0.0755
0.5619, 0.0755
0.5619, 0.0755
0.5619, 0.0755
0.5619, 0.0729
0.5619, 0.0729
0.5619, 0.0729
0.5619, 0.0729
0.5619, 0.0729
0.5619, 0.0729
0.5619, 0.0729
0.5619, 0.0729
0.5619, 0.0729
0.5619, 0.0729
0.5619, 0.0729
0.5619, 0.0703
0.5619, 0.0703
0.5619, 0.0703
0.5619, 0.0703
0.5619, 0.0703
0.5619, 0.0703
0.5619, 0.0703
0.5619, 0.0703
0.5619, 0.0703
0.5619, 0.0703
0.5619, 0.0703
0.5619, 0.0703
0.5619, 0.0703
0.5619, 0.0703
0.5619, 0.0703
0.5619, 0.0703
0.5619, 0.0703
0.5619, 0.0703
0.5619, 0.0703
0.5619, 0.0703
0.5619, 0.0703
0.5619, 0.0703
0.5619, 0.0677
0.5619, 0.0677
0.5619, 0.0677
0.5619, 0.0677
0.5619, 0.0677
0.5619, 0.0677
0.5619, 0.0677
0.5619, 0.0677
0.5619, 0.0677
0.5664, 0.0677
0.5664, 0.0677
0.5664, 0.0677
0.5664, 0.0677
0.5664, 0.0677
0.5664, 0.0677
0.5664, 0.0677
0.5664, 0.0677
0.5664, 0.0677
0.5664, 0.0677
0.5664, 0.0677
0.5664, 0.0651
0.5664, 0.0651
0.5664, 0.0651
0.5664, 0.0651
0.5664, 0.0651
0.5664, 0.0651
0.5664, 0.0651
0.5664, 0.0651
0.5664, 0.0651
0.5664, 0.0651
0.5664, 0.0651
0.5664, 0.0651
0.5664, 0.0651
0.5664, 0.0625
0.5664, 0.0625
0.5664, 0.0625
0.5664, 0.0625
0.5664, 0.0625
0.5664, 0.0625
0.5664, 0.0625
0.5664, 0.0625
0.5664, 0.0625
0.5664, 0.0599
0.5664, 0.0599
0.5664, 0.0573
0.5664, 0.0573
0.5664, 0.0573
0.5664, 0.0573
0.5664, 0.0573
0.5664, 0.0547
0.5664, 0.0547
0.5664, 0.0547
0.5664, 0.0547
0.5664, 0.0547
0.5664, 0.0547
0.5664, 0.0521
0.5664, 0.0521
0.5664, 0.0521
0.5664, 0.0521
0.5664, 0.0521
0.5664, 0.0521
0.5664, 0.0521
0.5664, 0.0495
0.5664, 0.0495
0.5664, 0.0495
0.5664, 0.0495
0.5664, 0.0495
0.5664, 0.0495
0.5664, 0.0495
0.5664, 0.0495
0.5664, 0.0495
0.5664, 0.0495
0.5664, 0.0495
0.5664, 0.0495
0.5664, 0.0495
0.5664, 0.0495
0.5664, 0.0495
0.5664, 0.0495
0.5664, 0.0495
0.5664, 0.0495
0.5664, 0.0495
0.5664, 0.0495
0.5664, 0.0495
0.5664, 0.0495
0.5664, 0.0495
0.5664, 0.0495
0.5664, 0.0495
0.5664, 0.0495
0.5664, 0.0495
0.5664, 0.0495
0.5664, 0.0495
0.5664, 0.0495
0.5664, 0.0495
0.5664, 0.0469
0.5664, 0.0469
0.5664, 0.0469
0.5664, 0.0469
0.5664, 0.0469
0.5664, 0.0469
0.5664, 0.0469
0.5664, 0.0469
0.5664, 0.0469
0.5664, 0.0469
0.5664, 0.0469
0.5664, 0.0469
0.5664, 0.0469
0.5664, 0.0469
0.5664, 0.0469
0.5664, 0.0469
0.5664, 0.0469
0.5664, 0.0469
0.5664, 0.0469
0.5664, 0.0469
0.5664, 0.0469
0.5664, 0.0469
0.5664, 0.0469
0.5664, 0.0469
0.5664, 0.0469
0.5664, 0.0469
0.5664, 0.0469
0.5664, 0.0469
0.5664, 0.0469
0.5664, 0.0469
0.5664, 0.0469
0.5664, 0.0469
0.5664, 0.0469
0.5664, 0.0469
0.5664, 0.0469
0.5664, 0.0469
0.5664, 0.0469
0.5664, 0.0469
0.5664, 0.0469
0.5664, 0.0469
0.5664, 0.0469
0.5664, 0.0469
0.5664, 0.0469
0.5664, 0.0469
0.5664, 0.0469
0.5664, 0.0469
0.5664, 0.0469
0.5664, 0.0469
0.5664, 0.0469
0.5664, 0.0469
0.5664, 0.0469
0.5664, 0.0469
0.5664, 0.0469
0.5664, 0.0469
0.0000, 1.0000
0.0000, 1.0000
0.0000, 1.0000
0.0000, 1.0000
0.0000, 1.0000
0.0000, 1.0000
0.0000, 1.0000
0.0000, 1.0000
0.0000, 1.0000
0.0000, 1.0000
0.0000, 1.0000
0.0000, 1.0000
0.0000, 1.0000
0.0000, 1.0000
0.0000, 1.0000
0.0000, 1.0000
0.0000, 1.0000
0.0000, 1.0000
0.0000, 1.0000
0.0000, 1.0000
0.0000, 1.0000
0.0000, 1.0000
0.0000, 1.0000
0.0000, 1.0000
0.0000, 1.0000
0.0000, 1.0000
0.0000, 1.0000
0.0000, 1.0000
0.0000, 1.0000
0.0000, 1.0000
