0.1339, 0.2612
0.1339, 0.2612
0.1339, 0.2612
0.1339, 0.2612
0.1339, 0.2612
0.1339, 0.2612
0.1339, 0.2612
0.1339, 0.2612
0.1339, 0.2612
0.1339, 0.2612
0.1339, 0.2612
0.1339, 0.2612
0.1339, 0.2612
0.1339, 0.2612
0.1339, 0.2612
0.1339, 0.2612
0.1339, 0.2612
0.1339, 0.2612
0.1339, 0.2612
0.1339, 0.2612
0.1339, 0.2612
0.1339, 0.2612
0.1339, 0.2612
0.1339, 0.2612
0.1339, 0.2612
0.1339, 0.2612
0.1339, 0.2612
0.1339, 0.2612
0.1339, 0.2612
0.1339, 0.2612
0.1339, 0.2612
0.1339, 0.2612
0.1339, 0.2612
0.1339, 0.2612
0.1339, 0.2612
0.1339, 0.2612
0.1339, 0.2612
0.1339, 0.2612
0.1339, 0.2612
0.1339, 0.2612
0.1339, 0.2612
0.1339, 0.2612
0.1339, 0.2612
0.1339, 0.2612
0.1339, 0.2612
0.1339, 0.2612
0.1339, 0.2612
0.1339, 0.2612
0.1339, 0.2612
0.1339, 0.2612
0.1339, 0.2612
0.1339, 0.2612
0.1339, 0.2612
0.1339, 0.2612
0.1339, 0.2612
0.1339, 0.2612
0.1339, 0.2612
0.1339, 0.2612
0.1339, 0.2612
0.1339, 0.2612
0.1339, 0.2612
0.1339, 0.2612
0.1339, 0.2612
0.1339, 0.2612
0.1339, 0.2612
0.1339, 0.2612
0.1339, 0.2612
0.1339, 0.2612
0.1339, 0.2612
0.1339, 0.2612
0.1339, 0.2612
0.1339, 0.2612
0.1339, 0.2612
0.1339, 0.2612
0.1339, 0.2612
0.1339, 0.2612
0.1339, 0.2612
0.1339, 0.2612
0.1339, 0.2612
0.1339, 0.2612
0.1339, 0.2612
0.1339, 0.2612
0.1339, 0.2612
0.1381, 0.2612
0.1381, 0.2612
0.1381, 0.2612
0.1381, 0.2612
0.1381, 0.2612
0.1381, 0.2612
0.1381, 0.2612
0.1381, 0.2612
0.1381, 0.2612
0.1381, 0.2612
0.1381, 0.2612
0.1381, 0.2612
0.1381, 0.2612
0.1381, 0.2612
0.1381, 0.2612
0.1381, 0.2612
0.1381, 0.2612
0.1423, 0.2612
0.1423, 0.2612
0.1423, 0.2612
0.1423, 0.2612
0.1423, 0.2612
0.1423, 0.2612
0.1423, 0.2612
0.1423, 0.2612
0.1423, 0.2612
0.1464, 0.2612
0.1464, 0.2612
0.1464, 0.2612
0.1464, 0.2612
0.1464, 0.2586
0.1464, 0.2586
0.1464, 0.2586
0.1464, 0.2586
0.1506, 0.2586
0.1506, 0.2586
0.1506, 0.2586
0.1506, 0.2586
0.1506, 0.2586
0.1506, 0.2586
0.1506, 0.2586
0.1506, 0.2586
0.1506, 0.2586
0.1548, 0.2586
0.1548, 0.2586
0.1548, 0.2586
0.1548, 0.2586
0.1590, 0.2586
0.1590, 0.2586
0.1590, 0.2586
0.1590, 0.2586
0.1590, 0.2586
0.1590, 0.2586
0.1590, 0.2586
0.1590, 0.2586
0.1590, 0.2559
0.1590, 0.2559
0.1590, 0.2559
0.1590, 0.2559
0.1632, 0.2559
0.1632, 0.2559
0.1632, 0.2559
0.1632, 0.2559
0.1632, 0.2533
0.1632, 0.2533
0.1632, 0.2533
0.1632, 0.2533
0.1632, 0.2533
0.1632, 0.2533
0.1632, 0.2533
0.1632, 0.2533
0.1674, 0.2533
0.1674, 0.2533
0.1674, 0.2533
0.1674, 0.2533
0.1674, 0.2533
0.1674, 0.2533
0.1674, 0.2533
0.1674, 0.2533
0.1674, 0.2533
0.1674, 0.2507
0.1674, 0.2507
0.1674, 0.2507
0.1674, 0.2507
0.1715, 0.2507
0.1715, 0.2507
0.1715, 0.2507
0.1715, 0.2507
0.1715, 0.2507
0.1715, 0.2507
0.1715, 0.2507
0.1715, 0.2507
0.1757, 0.2507
0.1757, 0.2507
0.1757, 0.2507
0.1757, 0.2507
0.1757, 0.2507
0.1757, 0.2507
0.1757, 0.2507
0.1757, 0.2507
0.1799, 0.2507
0.1799, 0.2507
0.1799, 0.2507
0.1799, 0.2507
0.1799, 0.2480
0.1799, 0.2480
0.1799, 0.2480
0.1799, 0.2480
0.1799, 0.2480
0.1799, 0.2480
0.1799, 0.2480
0.1799, 0.2480
0.1799, 0.2480
0.1799, 0.2480
0.1799, 0.2480
0.1799, 0.2480
0.1841, 0.2454
0.1841, 0.2454
0.1841, 0.2454
0.1841, 0.2454
0.1841, 0.2454
0.1841, 0.2454
0.1841, 0.2454
0.1883, 0.2454
0.1883, 0.2454
0.1883, 0.2454
0.1883, 0.2454
0.1883, 0.2454
0.1883, 0.2454
0.1883, 0.2454
0.1883, 0.2454
0.1883, 0.2454
0.1883, 0.2454
0.1883, 0.2454
0.1883, 0.2454
0.1925, 0.2454
0.1925, 0.2454
0.1925, 0.2454
0.1925, 0.2454
0.1925, 0.2454
0.1925, 0.2454
0.1925, 0.2454
0.1925, 0.2454
0.1925, 0.2454
0.1967, 0.2427
0.1967, 0.2427
0.1967, 0.2427
0.1967, 0.2427
0.2008, 0.2427
0.2008, 0.2427
0.2008, 0.2427
0.2008, 0.2427
0.2008, 0.2427
0.2008, 0.2427
0.2008, 0.2427
0.2008, 0.2427
0.2008, 0.2427
0.2008, 0.2401
0.2008, 0.2401
0.2008, 0.2401
0.2008, 0.2401
0.2050, 0.2401
0.2050, 0.2401
0.2050, 0.2401
0.2050, 0.2401
0.2050, 0.2401
0.2050, 0.2401
0.2050, 0.2401
0.2050, 0.2401
0.2092, 0.2401
0.2092, 0.2401
0.2092, 0.2401
0.2092, 0.2401
0.2092, 0.2401
0.2092, 0.2401
0.2092, 0.2401
0.2092, 0.2401
0.2092, 0.2401
0.2092, 0.2401
0.2092, 0.2401
0.2092, 0.2401
0.2092, 0.2375
0.2092, 0.2375
0.2092, 0.2375
0.2092, 0.2375
0.2092, 0.2375
0.2092, 0.2375
0.2092, 0.2375
0.2092, 0.2375
0.2092, 0.2375
0.2134, 0.2375
0.2134, 0.2375
0.2134, 0.2375
0.2134, 0.2375
0.2134, 0.2375
0.2134, 0.2375
0.2134, 0.2375
0.2134, 0.2375
0.2134, 0.2375
0.2134, 0.2375
0.2134, 0.2375
0.2134, 0.2375
0.2176, 0.2375
0.2176, 0.2375
0.2176, 0.2375
0.2218, 0.2375
0.2218, 0.2375
0.2218, 0.2375
0.2218, 0.2375
0.2218, 0.2375
0.2218, 0.2375
0.2218, 0.2375
0.2218, 0.2375
0.2218, 0.2375
0.2218, 0.2375
0.2218, 0.2375
0.2218, 0.2375
0.2218, 0.2375
0.2218, 0.2348
0.2218, 0.2348
0.2218, 0.2348
0.2218, 0.2348
0.2259, 0.2348
0.2259, 0.2348
0.2259, 0.2348
0.2301, 0.2348
0.2301, 0.2348
0.2301, 0.2348
0.2301, 0.2348
0.2301, 0.2348
0.2301, 0.2348
0.2301, 0.2348
0.2301, 0.2348
0.2301, 0.2348
0.2301, 0.2322
0.2301, 0.2322
0.2301, 0.2322
0.2301, 0.2322
0.2301, 0.2322
0.2301, 0.2322
0.2301, 0.2322
0.2301, 0.2322
0.2343, 0.2322
0.2343, 0.2322
0.2343, 0.2322
0.2385, 0.2322
0.2385, 0.2322
0.2385, 0.2322
0.2385, 0.2322
0.2385, 0.2322
0.2385, 0.2322
0.2385, 0.2322
0.2385, 0.2322
0.2385, 0.2322
0.2385, 0.2322
0.2385, 0.2322
0.2385, 0.2322
0.2385, 0.2322
0.2427, 0.2322
0.2427, 0.2322
0.2427, 0.2322
0.2427, 0.2322
0.2427, 0.2296
0.2427, 0.2296
0.2427, 0.2296
0.2427, 0.2296
0.2469, 0.2296
0.2469, 0.2296
0.2469, 0.2296
0.2469, 0.2296
0.2469, 0.2296
0.2469, 0.2296
0.2469, 0.2296
0.2510, 0.2296
0.2510, 0.2296
0.2510, 0.2296
0.2510, 0.2269
0.2510, 0.2269
0.2510, 0.2269
0.2510, 0.2269
0.2510, 0.2269
0.2510, 0.2269
0.2510, 0.2269
0.2552, 0.2269
0.2552, 0.2269
0.2552, 0.2269
0.2552, 0.2269
0.2552, 0.2269
0.2552, 0.2269
0.2552, 0.2269
0.2552, 0.2269
0.2594, 0.2269
0.2594, 0.2269
0.2594, 0.2269
0.2594, 0.2269
0.2594, 0.2243
0.2594, 0.2243
0.2594, 0.2243
0.2594, 0.2243
0.2594, 0.2243
0.2594, 0.2243
0.2594, 0.2243
0.2594, 0.2243
0.2636, 0.2243
0.2636, 0.2243
0.2636, 0.2243
0.2636, 0.2243
0.2678, 0.2243
0.2678, 0.2243
0.2678, 0.2243
0.2678, 0.2243
0.2720, 0.2243
0.2720, 0.2243
0.2720, 0.2243
0.2720, 0.2243
0.2720, 0.2243
0.2720, 0.2243
0.2720, 0.2243
0.2720, 0.2243
0.2720, 0.2243
0.2720, 0.2243
0.2720, 0.2243
0.2762, 0.2243
0.2762, 0.2243
0.2762, 0.2243
0.2803, 0.2243
0.2803, 0.2243
0.2803, 0.2243
0.2803, 0.2243
0.2803, 0.2243
0.2803, 0.2243
0.2803, 0.2243
0.2803, 0.2243
0.2803, 0.2216
0.2803, 0.2216
0.2803, 0.2216
0.2803, 0.2216
0.2845, 0.2216
0.2845, 0.2216
0.2845, 0.2216
0.2845, 0.2216
0.2887, 0.2216
0.2887, 0.2216
0.2887, 0.2216
0.2887, 0.2216
0.2887, 0.2216
0.2887, 0.2216
0.2887, 0.2216
0.2887, 0.2216
0.2929, 0.2216
0.2929, 0.2216
0.2929, 0.2216
0.2929, 0.2216
0.2929, 0.2216
0.2929, 0.2216
0.2929, 0.2216
0.2929, 0.2216
0.2929, 0.2216
0.2929, 0.2216
0.2929, 0.2216
0.2929, 0.2216
0.2971, 0.2216
0.2971, 0.2216
0.2971, 0.2216
0.2971, 0.2216
0.2971, 0.2190
0.2971, 0.2190
0.2971, 0.2190
0.3013, 0.2190
0.3013, 0.2190
0.3013, 0.2190
0.3013, 0.2190
0.3013, 0.2190
0.3013, 0.2190
0.3013, 0.2190
0.3013, 0.2190
0.3013, 0.2190
0.3013, 0.2190
0.3013, 0.2190
0.3013, 0.2190
0.3054, 0.2190
0.3054, 0.2190
0.3054, 0.2190
0.3054, 0.2190
0.3054, 0.2190
0.3054, 0.2190
0.3054, 0.2190
0.3054, 0.2190
0.3096, 0.2190
0.3096, 0.2190
0.3096, 0.2190
0.3096, 0.2190
0.3096, 0.2190
0.3096, 0.2190
0.3096, 0.2190
0.3096, 0.2190
0.3138, 0.2190
0.3138, 0.2190
0.3138, 0.2190
0.3138, 0.2190
0.3138, 0.2190
0.3138, 0.2190
0.3138, 0.2190
0.3138, 0.2190
0.3138, 0.2190
0.3138, 0.2190
0.3138, 0.2190
0.3138, 0.2190
0.3180, 0.2190
0.3180, 0.2190
0.3180, 0.2190
0.3180, 0.2190
0.3180, 0.2190
0.3180, 0.2190
0.3180, 0.2190
0.3180, 0.2190
0.3222, 0.2190
0.3222, 0.2190
0.3222, 0.2190
0.3222, 0.2190
0.3222, 0.2190
0.3222, 0.2190
0.3222, 0.2190
0.3222, 0.2190
0.3222, 0.2190
0.3222, 0.2190
0.3222, 0.2190
0.3264, 0.2190
0.3264, 0.2190
0.3264, 0.2190
0.3264, 0.2190
0.3264, 0.2190
0.3264, 0.2190
0.3264, 0.2190
0.3264, 0.2190
0.3305, 0.2190
0.3305, 0.2190
0.3305, 0.2190
0.3347, 0.2190
0.3347, 0.2190
0.3347, 0.2190
0.3347, 0.2190
0.3347, 0.2190
0.3347, 0.2190
0.3347, 0.2190
0.3389, 0.2190
0.3389, 0.2190
0.3389, 0.2190
0.3389, 0.2190
0.3431, 0.2190
0.3431, 0.2190
0.3431, 0.2190
0.3431, 0.2190
0.3431, 0.2190
0.3431, 0.2190
0.3431, 0.2190
0.3473, 0.2190
0.3473, 0.2190
0.3473, 0.2190
0.3473, 0.2190
0.3515, 0.2190
0.3515, 0.2190
0.3515, 0.2190
0.3515, 0.2190
0.3556, 0.2190
0.3556, 0.2190
0.3556, 0.2190
0.3556, 0.2190
0.3556, 0.2190
0.3556, 0.2190
0.3556, 0.2190
0.3556, 0.2190
0.3556, 0.2190
0.3556, 0.2190
0.3556, 0.2190
0.3598, 0.2190
0.3598, 0.2190
0.3598, 0.2190
0.3598, 0.2190
0.3640, 0.2190
0.3640, 0.2190
0.3640, 0.2190
0.3640, 0.2190
0.3640, 0.2190
0.3640, 0.2190
0.3640, 0.2190
0.3640, 0.2190
0.3640, 0.2190
0.3640, 0.2190
0.3640, 0.2190
0.3640, 0.2190
0.3682, 0.2216
0.3682, 0.2216
0.3682, 0.2216
0.3724, 0.2216
0.3724, 0.2216
0.3724, 0.2216
0.3724, 0.2216
0.3724, 0.2216
0.3724, 0.2216
0.3724, 0.2216
0.3724, 0.2216
0.3724, 0.2216
0.3724, 0.2216
0.3724, 0.2216
0.3724, 0.2216
0.3766, 0.2216
0.3766, 0.2216
0.3766, 0.2216
0.3808, 0.2216
0.3808, 0.2216
0.3808, 0.2216
0.3808, 0.2216
0.3849, 0.2216
0.3849, 0.2216
0.3849, 0.2216
0.3849, 0.2243
0.3849, 0.2243
0.3849, 0.2243
0.3849, 0.2243
0.3891, 0.2243
0.3891, 0.2243
0.3891, 0.2243
0.3933, 0.2243
0.3933, 0.2243
0.3933, 0.2243
0.3933, 0.2243
0.3933, 0.2243
0.3933, 0.2243
0.3933, 0.2243
0.3933, 0.2243
0.3933, 0.2243
0.3933, 0.2243
0.3933, 0.2243
0.3933, 0.2243
0.3975, 0.2269
0.3975, 0.2269
0.3975, 0.2269
0.4017, 0.2269
0.4017, 0.2269
0.4017, 0.2269
0.4059, 0.2269
0.4059, 0.2269
0.4059, 0.2269
0.4059, 0.2269
0.4059, 0.2269
0.4059, 0.2269
0.4059, 0.2269
0.4059, 0.2269
0.4100, 0.2296
0.4100, 0.2296
0.4100, 0.2296
0.4100, 0.2296
0.4142, 0.2296
0.4142, 0.2296
0.4142, 0.2296
0.4142, 0.2296
0.4142, 0.2296
0.4142, 0.2296
0.4142, 0.2296
0.4184, 0.2296
0.4184, 0.2296
0.4184, 0.2296
0.4226, 0.2296
0.4226, 0.2296
0.4226, 0.2296
0.4226, 0.2296
0.4268, 0.2296
0.4268, 0.2296
0.4268, 0.2296
0.4268, 0.2296
0.4268, 0.2322
0.4268, 0.2322
0.4268, 0.2322
0.4351, 0.2322
0.4351, 0.2322
0.4351, 0.2322
0.4351, 0.2322
0.4393, 0.2348
0.4393, 0.2348
0.4393, 0.2348
0.4393, 0.2348
0.4393, 0.2348
0.4393, 0.2348
0.4435, 0.2348
0.4435, 0.2348
0.4435, 0.2348
0.4435, 0.2348
0.4477, 0.2348
0.4477, 0.2348
0.4477, 0.2348
0.4477, 0.2348
0.4477, 0.2348
0.4477, 0.2348
0.4477, 0.2348
0.4477, 0.2348
0.4477, 0.2348
0.4477, 0.2348
0.4477, 0.2348
0.4519, 0.2375
0.4519, 0.2375
0.4519, 0.2375
0.4519, 0.2375
0.4561, 0.2375
0.4561, 0.2375
0.4561, 0.2375
0.4561, 0.2375
0.4561, 0.2375
0.4561, 0.2375
0.4561, 0.2375
0.4561, 0.2401
0.4561, 0.2401
0.4561, 0.2401
0.4603, 0.2401
0.4603, 0.2401
0.4603, 0.2401
0.4603, 0.2401
0.4644, 0.2401
0.4644, 0.2401
0.4644, 0.2401
0.4644, 0.2427
0.4644, 0.2427
0.4644, 0.2427
0.4644, 0.2427
0.4686, 0.2427
0.4686, 0.2427
0.4686, 0.2427
0.4686, 0.2427
0.4686, 0.2427
0.4686, 0.2427
0.4686, 0.2427
0.4686, 0.2427
0.4686, 0.2427
0.4686, 0.2427
0.4686, 0.2427
0.4728, 0.2427
0.4728, 0.2427
0.4728, 0.2427
0.4728, 0.2454
0.4728, 0.2454
0.4728, 0.2454
0.4728, 0.2454
0.4770, 0.2454
0.4770, 0.2454
0.4770, 0.2454
0.4770, 0.2454
0.4770, 0.2454
0.4770, 0.2454
0.4770, 0.2454
0.4812, 0.2480
0.4812, 0.2480
0.4812, 0.2480
0.4854, 0.2480
0.4854, 0.2480
0.4854, 0.2480
0.4895, 0.2480
0.4895, 0.2480
0.4895, 0.2480
0.4895, 0.2480
0.4895, 0.2480
0.4895, 0.2480
0.4895, 0.2507
0.4895, 0.2507
0.4895, 0.2507
0.4937, 0.2507
0.4937, 0.2507
0.4937, 0.2507
0.4979, 0.2533
0.4979, 0.2533
0.4979, 0.2533
0.4979, 0.2533
0.4979, 0.2533
0.4979, 0.2533
0.4979, 0.2533
0.4979, 0.2533
0.5021, 0.2533
0.5021, 0.2533
0.5021, 0.2533
0.5021, 0.2559
0.5021, 0.2559
0.5021, 0.2559
0.5021, 0.2559
0.5063, 0.2559
0.5063, 0.2559
0.5063, 0.2559
0.5063, 0.2559
0.5063, 0.2559
0.5063, 0.2559
0.5063, 0.2559
0.5105, 0.2559
0.5105, 0.2559
0.5105, 0.2559
0.5105, 0.2559
0.5105, 0.2559
0.5105, 0.2559
0.5105, 0.2559
0.5105, 0.2559
0.5105, 0.2559
0.5105, 0.2559
0.5105, 0.2559
0.5146, 0.2586
0.5146, 0.2586
0.5146, 0.2586
0.5188, 0.2586
0.5188, 0.2586
0.5188, 0.2586
0.5188, 0.2586
0.5188, 0.2612
0.5188, 0.2612
0.5188, 0.2612
0.5188, 0.2612
0.5188, 0.2612
0.5188, 0.2612
0.5188, 0.2612
0.5230, 0.2612
0.5230, 0.2612
0.5230, 0.2612
0.5230, 0.2612
0.5272, 0.2612
0.5272, 0.2612
0.5272, 0.2612
0.5314, 0.2612
0.5314, 0.2612
0.5314, 0.2612
0.5314, 0.2612
0.5314, 0.2612
0.5314, 0.2612
0.5314, 0.2612
0.5356, 0.2639
0.5356, 0.2639
0.5356, 0.2639
0.5356, 0.2639
0.5356, 0.2639
0.5356, 0.2639
0.5397, 0.2665
0.5397, 0.2665
0.5397, 0.2665
0.5397, 0.2665
0.5397, 0.2665
0.5397, 0.2665
0.5397, 0.2665
0.5397, 0.2665
0.5397, 0.2665
0.5397, 0.2665
0.5397, 0.2665
0.5439, 0.2691
0.5439, 0.2691
0.5439, 0.2691
0.5439, 0.2691
0.5439, 0.2691
0.5439, 0.2691
0.5439, 0.2691
0.5481, 0.2691
0.5481, 0.2691
0.5481, 0.2691
0.5481, 0.2691
0.5523, 0.2691
0.5523, 0.2691
0.5523, 0.2691
0.5523, 0.2691
0.5523, 0.2691
0.5523, 0.2691
0.5523, 0.2718
0.5523, 0.2718
0.5523, 0.2718
0.5523, 0.2718
0.5565, 0.2718
0.5565, 0.2718
0.5565, 0.2718
0.5607, 0.2744
0.5607, 0.2744
0.5607, 0.2744
0.5607, 0.2744
0.5607, 0.2744
0.5607, 0.2744
0.5607, 0.2744
0.5607, 0.2744
0.5607, 0.2744
0.5649, 0.2744
0.5649, 0.2744
0.5649, 0.2744
0.5649, 0.2744
0.5690, 0.2744
0.5690, 0.2744
0.5690, 0.2744
0.5690, 0.2770
0.5690, 0.2770
0.5690, 0.2770
0.5690, 0.2770
0.5732, 0.2770
0.5732, 0.2770
0.5732, 0.2770
0.5732, 0.2770
0.5732, 0.2770
0.5732, 0.2770
0.5732, 0.2770
0.5732, 0.2797
0.5732, 0.2797
0.5732, 0.2797
0.5774, 0.2797
0.5774, 0.2797
0.5774, 0.2797
0.5774, 0.2797
0.5774, 0.2797
0.5774, 0.2797
0.5774, 0.2797
0.5816, 0.2823
0.5816, 0.2823
0.5816, 0.2823
0.5816, 0.2823
0.5816, 0.2823
0.5816, 0.2823
0.5816, 0.2823
0.5816, 0.2823
0.5816, 0.2823
0.5816, 0.2823
0.5816, 0.2823
0.5858, 0.2823
0.5858, 0.2823
0.5858, 0.2823
0.5858, 0.2823
0.5858, 0.2823
0.5858, 0.2823
0.5858, 0.2823
0.5900, 0.2850
0.5900, 0.2850
0.5900, 0.2850
0.5900, 0.2850
0.5900, 0.2850
0.5900, 0.2850
0.5900, 0.2850
0.5900, 0.2850
0.5900, 0.2850
0.5941, 0.2876
0.5941, 0.2876
0.5941, 0.2876
0.5983, 0.2876
0.5983, 0.2876
0.5983, 0.2876
0.5983, 0.2876
0.5983, 0.2876
0.5983, 0.2876
0.5983, 0.2876
0.6025, 0.2876
0.6025, 0.2876
0.6025, 0.2876
0.6025, 0.2876
0.6025, 0.2876
0.6025, 0.2876
0.6025, 0.2876
0.6025, 0.2876
0.6025, 0.2876
0.6025, 0.2876
0.6025, 0.2876
0.6025, 0.2876
0.6025, 0.2876
0.6025, 0.2876
0.6025, 0.2876
0.6067, 0.2902
0.6067, 0.2902
0.6067, 0.2902
0.6067, 0.2902
0.6067, 0.2902
0.6067, 0.2902
0.6067, 0.2902
0.6109, 0.2902
0.6109, 0.2902
0.6109, 0.2902
0.6109, 0.2929
0.6109, 0.2929
0.6109, 0.2929
0.6109, 0.2929
0.6109, 0.2929
0.6109, 0.2929
0.6109, 0.2929
0.6109, 0.2929
0.6109, 0.2929
0.6109, 0.2929
0.6151, 0.2929
0.6151, 0.2929
0.6151, 0.2929
0.6151, 0.2929
0.6192, 0.2955
0.6192, 0.2955
0.6192, 0.2955
0.6192, 0.2955
0.6192, 0.2955
0.6192, 0.2955
0.6192, 0.2955
0.6234, 0.2955
0.6234, 0.2955
0.6234, 0.2955
0.6234, 0.2955
0.6234, 0.2955
0.6234, 0.2955
0.6234, 0.2955
0.6234, 0.2955
0.6234, 0.2955
0.6234, 0.2955
0.6234, 0.2955
0.6276, 0.2955
0.6276, 0.2955
0.6276, 0.2955
0.6276, 0.2955
0.6276, 0.2955
0.6276, 0.2955
0.6318, 0.2955
0.6318, 0.2955
0.6318, 0.2955
0.6318, 0.2955
0.6318, 0.2955
0.6318, 0.2955
0.6318, 0.2955
0.6318, 0.2955
0.6318, 0.2955
0.6318, 0.2955
0.6318, 0.2955
0.6360, 0.2982
0.6360, 0.2982
0.6360, 0.2982
0.6360, 0.2982
0.6360, 0.2982
0.6360, 0.2982
0.6360, 0.2982
0.6402, 0.2982
0.6402, 0.2982
0.6402, 0.2982
0.6444, 0.2982
0.6444, 0.2982
0.6444, 0.2982
0.6444, 0.2982
0.6444, 0.3008
0.6444, 0.3008
0.6444, 0.3008
0.6444, 0.3008
0.6444, 0.3008
0.6444, 0.3008
0.6485, 0.3008
0.6485, 0.3008
0.6485, 0.3008
0.6485, 0.3008
0.6527, 0.3008
0.6527, 0.3008
0.6527, 0.3008
0.6527, 0.3008
0.6527, 0.3008
0.6527, 0.3008
0.6527, 0.3008
0.6527, 0.3008
0.6527, 0.3008
0.6527, 0.3008
0.6569, 0.3008
0.6569, 0.3008
0.6569, 0.3008
0.6611, 0.3008
0.6611, 0.3008
0.6611, 0.3008
0.6611, 0.3008
0.6611, 0.3008
0.6611, 0.3008
0.6611, 0.3008
0.6653, 0.3034
0.6653, 0.3034
0.6653, 0.3034
0.6653, 0.3034
0.6653, 0.3034
0.6653, 0.3034
0.6653, 0.3034
0.6695, 0.3034
0.6695, 0.3034
0.6695, 0.3034
0.6695, 0.3034
0.6695, 0.3034
0.6695, 0.3034
0.6695, 0.3034
0.6736, 0.3034
0.6736, 0.3034
0.6736, 0.3034
0.6736, 0.3034
0.6736, 0.3034
0.6736, 0.3034
0.6736, 0.3034
0.6778, 0.3061
0.6778, 0.3061
0.6778, 0.3061
0.6820, 0.3061
0.6820, 0.3061
0.6820, 0.3061
0.6862, 0.3061
0.6862, 0.3061
0.6862, 0.3061
0.6862, 0.3061
0.6862, 0.3061
0.6862, 0.3061
0.6862, 0.3061
0.6862, 0.3061
0.6862, 0.3061
0.6862, 0.3061
0.6904, 0.3061
0.6904, 0.3061
0.6904, 0.3061
0.6904, 0.3061
0.6904, 0.3061
0.6904, 0.3061
0.6904, 0.3061
0.6946, 0.3061
0.6946, 0.3061
0.6946, 0.3061
0.6946, 0.3061
0.6946, 0.3061
0.6946, 0.3061
0.6946, 0.3061
0.6987, 0.3061
0.6987, 0.3061
0.6987, 0.3061
0.7029, 0.3061
0.7029, 0.3061
0.7029, 0.3061
0.7071, 0.3061
0.7071, 0.3061
0.7071, 0.3061
0.7071, 0.3061
0.7071, 0.3061
0.7071, 0.3061
0.7071, 0.3061
0.7113, 0.3087
0.7113, 0.3087
0.7113, 0.3087
0.7155, 0.3087
0.7155, 0.3087
0.7155, 0.3087
0.7155, 0.3087
0.7155, 0.3087
0.7155, 0.3087
0.7155, 0.3087
0.7155, 0.3087
0.7155, 0.3087
0.7155, 0.3087
0.7197, 0.3087
0.7197, 0.3087
0.7197, 0.3087
0.7238, 0.3087
0.7238, 0.3087
0.7238, 0.3087
0.7238, 0.3087
0.7238, 0.3087
0.7238, 0.3087
0.7238, 0.3087
0.7280, 0.3113
0.7280, 0.3113
0.7280, 0.3113
0.7322, 0.3113
0.7322, 0.3113
0.7322, 0.3113
0.7322, 0.3113
0.7322, 0.3113
0.7322, 0.3113
0.7322, 0.3113
0.7364, 0.3113
0.7364, 0.3113
0.7364, 0.3113
0.7364, 0.3113
0.7364, 0.3113
0.7364, 0.3113
0.7364, 0.3113
0.7406, 0.3113
0.7406, 0.3113
0.7406, 0.3113
0.7448, 0.3113
0.7448, 0.3113
0.7448, 0.3113
0.7448, 0.3140
0.7448, 0.3140
0.7448, 0.3140
0.7448, 0.3140
0.7448, 0.3140
0.7448, 0.3140
0.7448, 0.3140
0.7490, 0.3140
0.7490, 0.3140
0.7490, 0.3140
0.7531, 0.3140
0.7531, 0.3140
0.7531, 0.3140
0.7573, 0.3140
0.7573, 0.3140
0.7573, 0.3140
0.7573, 0.3140
0.7573, 0.3140
0.7573, 0.3140
0.7573, 0.3140
0.7573, 0.3140
0.7573, 0.3140
0.7573, 0.3140
0.7573, 0.3140
0.7615, 0.3140
0.7615, 0.3140
0.7615, 0.3140
0.7657, 0.3140
0.7657, 0.3140
0.7657, 0.3140
0.7657, 0.3140
0.7657, 0.3140
0.7657, 0.3140
0.7699, 0.3140
0.7699, 0.3140
0.7699, 0.3140
0.7699, 0.3140
0.7699, 0.3140
0.7699, 0.3140
0.7699, 0.3140
0.7741, 0.3140
0.7741, 0.3140
0.7741, 0.3140
0.7782, 0.3140
0.7782, 0.3140
0.7782, 0.3140
0.7782, 0.3140
0.7782, 0.3140
0.7782, 0.3140
0.7782, 0.3140
0.7782, 0.3140
0.7782, 0.3140
0.7782, 0.3140
0.7824, 0.3140
0.7824, 0.3140
0.7824, 0.3140
0.7824, 0.3166
0.7824, 0.3166
0.7824, 0.3166
0.7866, 0.3166
0.7866, 0.3166
0.7866, 0.3166
0.7866, 0.3166
0.7866, 0.3166
0.7866, 0.3166
0.7866, 0.3166
0.7908, 0.3166
0.7908, 0.3166
0.7908, 0.3166
0.7950, 0.3166
0.7950, 0.3166
0.7950, 0.3166
0.7950, 0.3166
0.7950, 0.3166
0.7950, 0.3166
0.7992, 0.3166
0.7992, 0.3166
0.7992, 0.3166
0.7992, 0.3166
0.7992, 0.3166
0.7992, 0.3166
0.7992, 0.3166
0.8033, 0.3166
0.8033, 0.3166
0.8033, 0.3166
0.8075, 0.3166
0.8075, 0.3166
0.8075, 0.3166
0.8117, 0.3166
0.8117, 0.3166
0.8117, 0.3166
0.8159, 0.3166
0.8159, 0.3166
0.8159, 0.3166
0.8201, 0.3166
0.8201, 0.3166
0.8201, 0.3166
0.8201, 0.3166
0.8201, 0.3166
0.8201, 0.3166
0.8243, 0.3166
0.8243, 0.3166
0.8243, 0.3166
0.8326, 0.3166
0.8326, 0.3166
0.8326, 0.3166
0.8326, 0.3166
0.8326, 0.3166
0.8326, 0.3166
0.8326, 0.3166
0.8368, 0.3166
0.8368, 0.3166
0.8368, 0.3166
0.8410, 0.3166
0.8410, 0.3166
0.8410, 0.3166
0.8410, 0.3166
0.8410, 0.3166
0.8410, 0.3166
0.8494, 0.3166
0.8494, 0.3166
0.8494, 0.3166
0.8536, 0.3166
0.8536, 0.3166
0.8536, 0.3166
0.8577, 0.3166
0.8577, 0.3166
0.8577, 0.3166
0.8619, 0.3166
0.8619, 0.3166
0.8619, 0.3166
0.8661, 0.3166
0.8661, 0.3166
0.8661, 0.3166
0.8703, 0.3166
0.8703, 0.3166
0.8703, 0.3166
0.8787, 0.3166
0.8787, 0.3166
0.8787, 0.3166
0.8828, 0.3166
0.8828, 0.3166
0.8828, 0.3166
0.8870, 0.3166
0.8870, 0.3166
0.8870, 0.3166
0.8870, 0.3166
0.8912, 0.3140
0.8912, 0.3140
0.8912, 0.3140
0.8954, 0.3140
0.8954, 0.3140
0.8954, 0.3140
0.8996, 0.3140
0.8996, 0.3140
0.8996, 0.3140
0.9038, 0.3140
0.9038, 0.3140
0.9038, 0.3140
0.9038, 0.3140
0.9038, 0.3140
0.9038, 0.3140
0.9079, 0.3113
0.9079, 0.3113
0.9079, 0.3113
0.9121, 0.3113
0.9121, 0.3113
0.9121, 0.3113
0.9163, 0.3113
0.9163, 0.3113
0.9163, 0.3113
0.9205, 0.3113
0.9205, 0.3113
0.9205, 0.3113
0.9247, 0.3087
0.9247, 0.3087
0.9289, 0.3087
0.9289, 0.3087
0.9289, 0.3087
0.9372, 0.3087
0.9372, 0.3087
0.9372, 0.3087
0.9372, 0.3087
0.9372, 0.3087
0.9372, 0.3087
0.9372, 0.3087
0.9456, 0.3087
0.9456, 0.3087
0.9456, 0.3087
0.9498, 0.3087
0.9498, 0.3087
0.9498, 0.3087
0.9498, 0.3087
0.9498, 0.3087
0.9498, 0.3087
0.9498, 0.3087
0.9540, 0.3087
0.9540, 0.3087
0.9540, 0.3087
0.9540, 0.3087
0.9540, 0.3087
0.9540, 0.3087
0.9540, 0.3087
0.9540, 0.3087
0.9540, 0.3087
0.9582, 0.3087
0.9582, 0.3087
0.9582, 0.3087
0.9582, 0.3087
0.9582, 0.3087
0.9582, 0.3087
0.9582, 0.3061
0.9582, 0.3061
0.9582, 0.3061
0.9582, 0.3061
0.9582, 0.3061
0.9582, 0.3061
0.9582, 0.3061
0.9623, 0.3061
0.9623, 0.3061
0.9623, 0.3061
0.9623, 0.3061
0.9623, 0.3061
0.9623, 0.3061
0.9665, 0.3061
0.9665, 0.3061
0.9665, 0.3061
0.9707, 0.3034
0.9707, 0.3034
0.9707, 0.3034
0.9707, 0.3034
0.9707, 0.3034
0.9707, 0.3034
0.9707, 0.3034
0.9749, 0.3034
0.9749, 0.3034
0.9749, 0.3034
0.9833, 0.3008
0.9833, 0.3008
0.9833, 0.3008
0.9833, 0.3008
0.9833, 0.3008
0.9833, 0.3008
0.9874, 0.3008
0.9874, 0.3008
0.9874, 0.3008
0.9916, 0.3008
0.9916, 0.3008
0.9916, 0.3008
0.9916, 0.3008
0.9916, 0.3008
0.9916, 0.3008
0.9958, 0.3008
0.9958, 0.3008
0.9958, 0.3008
0.9958, 0.2982
0.9958, 0.2982
0.9958, 0.2982
0.9958, 0.2982
0.9958, 0.2982
0.9958, 0.2982
0.9958, 0.2982
1.0000, 0.2982
1.0000, 0.2982
1.0000, 0.2982
1.0000, 0.2982
1.0000, 0.2982
1.0000, 0.2982
1.0000, 0.2982
1.0000, 0.2982
1.0000, 0.2982
1.0000, 0.2982
1.0000, 0.2982
1.0000, 0.2982
1.0000, 0.2982
1.0000, 0.2982
1.0000, 0.2982
1.0000, 0.2982
1.0000, 0.2982
1.0000, 0.2982
1.0000, 0.2982
1.0000, 0.2982
1.0000, 0.2982
1.0000, 0.2982
1.0000, 0.2982
1.0000, 0.2982
1.0000, 0.2982
1.0000, 0.2982
1.0000, 0.2982
1.0000, 0.2982
1.0000, 0.2982
0.5649, 0.2770
0.5649, 0.2770
0.5649, 0.2770
0.5649, 0.2770
0.5649, 0.2770
0.5649, 0.2770
0.5649, 0.2770
0.5649, 0.2770
0.5649, 0.2770
0.5649, 0.2770
0.5649, 0.2770
0.5649, 0.2770
0.5649, 0.2770
0.5649, 0.2770
0.5649, 0.2770
0.5649, 0.2770
0.5649, 0.2770
0.5649, 0.2797
0.5649, 0.2797
0.5649, 0.2797
0.5649, 0.2797
0.5649, 0.2797
0.5649, 0.2797
0.5649, 0.2797
0.5649, 0.2797
0.5649, 0.2797
0.5649, 0.2797
0.5649, 0.2797
0.5649, 0.2797
0.5649, 0.2797
0.5649, 0.2797
0.5649, 0.2797
0.5649, 0.2797
0.5649, 0.2797
0.5649, 0.2797
0.5649, 0.2797
0.5649, 0.2797
0.5649, 0.2797
0.5649, 0.2797
0.5649, 0.2797
0.5649, 0.2797
0.5649, 0.2797
0.5649, 0.2797
0.5649, 0.2797
0.5649, 0.2797
0.5649, 0.2797
0.5649, 0.2797
0.5649, 0.2797
0.5649, 0.2797
0.5649, 0.2797
0.5649, 0.2797
0.5649, 0.2797
0.5649, 0.2797
0.5649, 0.2797
0.5649, 0.2797
0.5649, 0.2797
0.5649, 0.2797
0.5649, 0.2797
0.5649, 0.2797
0.5649, 0.2797
0.5649, 0.2797
0.5649, 0.2797
0.5649, 0.2797
0.5649, 0.2797
0.5649, 0.2797
0.5649, 0.2797
0.5690, 0.2797
0.5690, 0.2797
0.5690, 0.2797
0.5690, 0.2797
0.5690, 0.2797
0.5690, 0.2797
0.5690, 0.2797
0.5690, 0.2797
0.5690, 0.2770
0.5690, 0.2770
0.5690, 0.2770
0.5690, 0.2770
0.5690, 0.2770
0.5690, 0.2770
0.5690, 0.2770
0.5690, 0.2770
0.5690, 0.2770
0.5690, 0.2744
0.5690, 0.2744
0.5690, 0.2744
0.5690, 0.2744
0.5690, 0.2691
0.5690, 0.2691
0.5690, 0.2691
0.5690, 0.2691
0.5690, 0.2691
0.5690, 0.2691
0.5690, 0.2691
0.5690, 0.2691
0.5690, 0.2691
0.5690, 0.2665
0.5690, 0.2665
0.5690, 0.2665
0.5690, 0.2639
0.5690, 0.2639
0.5690, 0.2639
0.5690, 0.2639
0.5690, 0.2639
0.5690, 0.2639
0.5690, 0.2639
0.5690, 0.2639
0.5690, 0.2612
0.5690, 0.2612
0.5690, 0.2612
0.5690, 0.2612
0.5690, 0.2586
0.5690, 0.2586
0.5690, 0.2586
0.5690, 0.2586
0.5690, 0.2559
0.5690, 0.2559
0.5690, 0.2559
0.5690, 0.2559
0.5690, 0.2559
0.5690, 0.2559
0.5690, 0.2559
0.5690, 0.2559
0.5690, 0.2533
0.5690, 0.2533
0.5690, 0.2533
0.5690, 0.2533
0.5690, 0.2507
0.5690, 0.2507
0.5690, 0.2507
0.5690, 0.2507
0.5690, 0.2507
0.5690, 0.2507
0.5690, 0.2507
0.5690, 0.2507
0.5690, 0.2507
0.5690, 0.2480
0.5690, 0.2480
0.5690, 0.2480
0.5690, 0.2480
0.5690, 0.2480
0.5690, 0.2480
0.5690, 0.2480
0.5690, 0.2480
0.5690, 0.2454
0.5690, 0.2454
0.5690, 0.2454
0.5690, 0.2454
0.5690, 0.2427
0.5690, 0.2427
0.5690, 0.2427
0.5690, 0.2427
0.5690, 0.2427
0.5690, 0.2427
0.5690, 0.2427
0.5690, 0.2427
0.5690, 0.2401
0.5690, 0.2401
0.5690, 0.2401
0.5690, 0.2401
0.5690, 0.2375
0.5690, 0.2375
0.5690, 0.2375
0.5690, 0.2375
0.5690, 0.2375
0.5690, 0.2375
0.5690, 0.2375
0.5690, 0.2348
0.5690, 0.2348
0.5690, 0.2348
0.5690, 0.2348
0.5690, 0.2322
0.5690, 0.2322
0.5690, 0.2322
0.5690, 0.2322
0.5690, 0.2296
0.5690, 0.2296
0.5690, 0.2296
0.5690, 0.2296
0.5690, 0.2296
0.5690, 0.2296
0.5690, 0.2296
0.5690, 0.2296
0.5690, 0.2296
0.5690, 0.2296
0.5690, 0.2296
0.5690, 0.2296
0.5690, 0.2269
0.5690, 0.2269
0.5690, 0.2269
0.5690, 0.2269
0.5690, 0.2243
0.5690, 0.2243
0.5690, 0.2243
0.5690, 0.2243
0.5690, 0.2243
0.5690, 0.2243
0.5690, 0.2243
0.5690, 0.2216
0.5690, 0.2216
0.5690, 0.2216
0.5690, 0.2216
0.5690, 0.2216
0.5690, 0.2216
0.5690, 0.2216
0.5690, 0.2216
0.5690, 0.2190
0.5690, 0.2190
0.5690, 0.2190
0.5690, 0.2190
0.5690, 0.2190
0.5690, 0.2190
0.5690, 0.2190
0.5690, 0.2190
0.5690, 0.2190
0.5690, 0.2164
0.5690, 0.2164
0.5690, 0.2164
0.5690, 0.2164
0.5690, 0.2137
0.5690, 0.2137
0.5690, 0.2137
0.5690, 0.2111
0.5690, 0.2111
0.5690, 0.2111
0.5690, 0.2111
0.5690, 0.2111
0.5690, 0.2111
0.5690, 0.2111
0.5690, 0.2111
0.5690, 0.2111
0.5690, 0.2084
0.5690, 0.2084
0.5690, 0.2084
0.5690, 0.2084
0.5690, 0.2058
0.5690, 0.2058
0.5690, 0.2058
0.5690, 0.2058
0.5690, 0.2058
0.5690, 0.2058
0.5690, 0.2058
0.5690, 0.2058
0.5690, 0.2058
0.5690, 0.2058
0.5690, 0.2058
0.5690, 0.2058
0.5690, 0.2032
0.5690, 0.2032
0.5690, 0.2032
0.5690, 0.2032
0.5690, 0.2005
0.5690, 0.2005
0.5690, 0.2005
0.5690, 0.2005
0.5690, 0.2005
0.5690, 0.2005
0.5690, 0.2005
0.5690, 0.2005
0.5690, 0.1979
0.5690, 0.1979
0.5690, 0.1979
0.5690, 0.1979
0.5690, 0.1979
0.5690, 0.1979
0.5690, 0.1979
0.5690, 0.1979
0.5690, 0.1953
0.5690, 0.1953
0.5690, 0.1953
0.5690, 0.1953
0.5690, 0.1926
0.5690, 0.1926
0.5690, 0.1926
0.5690, 0.1926
0.5690, 0.1926
0.5690, 0.1926
0.5690, 0.1926
0.5690, 0.1926
0.5690, 0.1900
0.5690, 0.1900
0.5690, 0.1900
0.5690, 0.1900
0.5690, 0.1873
0.5690, 0.1873
0.5690, 0.1873
0.5690, 0.1873
0.5690, 0.1873
0.5690, 0.1873
0.5690, 0.1873
0.5690, 0.1873
0.5690, 0.1847
0.5690, 0.1847
0.5690, 0.1847
0.5690, 0.1847
0.5690, 0.1847
0.5690, 0.1847
0.5690, 0.1847
0.5690, 0.1847
0.5690, 0.1847
0.5690, 0.1847
0.5690, 0.1847
0.5690, 0.1847
0.5690, 0.1821
0.5690, 0.1821
0.5690, 0.1821
0.5690, 0.1794
0.5690, 0.1794
0.5690, 0.1794
0.5690, 0.1794
0.5690, 0.1794
0.5690, 0.1794
0.5690, 0.1794
0.5690, 0.1794
0.5690, 0.1768
0.5690, 0.1768
0.5690, 0.1768
0.5690, 0.1768
0.5690, 0.1741
0.5690, 0.1741
0.5690, 0.1741
0.5690, 0.1741
0.5690, 0.1715
0.5690, 0.1715
0.5690, 0.1715
0.5690, 0.1715
0.5690, 0.1715
0.5690, 0.1715
0.5690, 0.1715
0.5690, 0.1715
0.5690, 0.1715
0.5690, 0.1715
0.5690, 0.1715
0.5690, 0.1715
0.5690, 0.1689
0.5690, 0.1689
0.5690, 0.1689
0.5690, 0.1689
0.5690, 0.1662
0.5690, 0.1662
0.5690, 0.1662
0.5690, 0.1662
0.5690, 0.1662
0.5690, 0.1662
0.5690, 0.1662
0.5690, 0.1662
0.5690, 0.1636
0.5690, 0.1636
0.5690, 0.1636
0.5690, 0.1636
0.5690, 0.1636
0.5690, 0.1636
0.5690, 0.1636
0.5690, 0.1609
0.5690, 0.1609
0.5690, 0.1609
0.5690, 0.1609
0.5690, 0.1583
0.5690, 0.1583
0.5690, 0.1583
0.5690, 0.1583
0.5690, 0.1583
0.5690, 0.1583
0.5690, 0.1583
0.5690, 0.1583
0.5690, 0.1557
0.5690, 0.1557
0.5690, 0.1557
0.5690, 0.1557
0.5690, 0.1557
0.5690, 0.1557
0.5690, 0.1557
0.5690, 0.1557
0.5690, 0.1530
0.5690, 0.1530
0.5690, 0.1530
0.5690, 0.1530
0.5690, 0.1530
0.5690, 0.1530
0.5690, 0.1530
0.5690, 0.1530
0.5690, 0.1504
0.5690, 0.1504
0.5690, 0.1504
0.5690, 0.1504
0.5690, 0.1478
0.5690, 0.1478
0.5690, 0.1478
0.5690, 0.1478
0.5690, 0.1451
0.5690, 0.1451
0.5690, 0.1451
0.5690, 0.1451
0.5690, 0.1451
0.5690, 0.1451
0.5690, 0.1451
0.5690, 0.1451
0.5690, 0.1425
0.5690, 0.1425
0.5690, 0.1425
0.5690, 0.1398
0.5690, 0.1398
0.5690, 0.1398
0.5690, 0.1398
0.5690, 0.1398
0.5690, 0.1398
0.5690, 0.1398
0.5690, 0.1372
0.5690, 0.1372
0.5690, 0.1372
0.5690, 0.1372
0.5690, 0.1346
0.5690, 0.1346
0.5690, 0.1346
0.5690, 0.1346
0.5690, 0.1346
0.5690, 0.1346
0.5690, 0.1346
0.5690, 0.1346
0.5690, 0.1319
0.5690, 0.1319
0.5690, 0.1319
0.5690, 0.1319
0.5690, 0.1319
0.5690, 0.1319
0.5690, 0.1319
0.5690, 0.1319
0.5690, 0.1293
0.5690, 0.1293
0.5690, 0.1293
0.5690, 0.1293
0.5690, 0.1266
0.5690, 0.1266
0.5690, 0.1266
0.5690, 0.1266
0.5690, 0.1266
0.5690, 0.1266
0.5690, 0.1266
0.5690, 0.1240
0.5690, 0.1240
0.5690, 0.1240
0.5690, 0.1240
0.5690, 0.1214
0.5690, 0.1214
0.5690, 0.1214
0.5690, 0.1214
0.5690, 0.1214
0.5690, 0.1214
0.5690, 0.1214
0.5690, 0.1187
0.5690, 0.1187
0.5690, 0.1187
0.5690, 0.1187
0.5690, 0.1187
0.5690, 0.1187
0.5690, 0.1187
0.5690, 0.1187
0.5690, 0.1161
0.5690, 0.1161
0.5690, 0.1161
0.5690, 0.1135
0.5690, 0.1135
0.5690, 0.1135
0.5690, 0.1135
0.5690, 0.1135
0.5690, 0.1135
0.5690, 0.1135
0.5690, 0.1108
0.5690, 0.1108
0.5690, 0.1108
0.5690, 0.1082
0.5690, 0.1082
0.5690, 0.1082
0.5690, 0.1082
0.5690, 0.1082
0.5690, 0.1082
0.5690, 0.1082
0.5690, 0.1082
0.5690, 0.1055
0.5690, 0.1055
0.5690, 0.1055
0.5690, 0.1029
0.5690, 0.1029
0.5690, 0.1029
0.5690, 0.1029
0.5690, 0.1029
0.5690, 0.1029
0.5690, 0.1029
0.5690, 0.1029
0.5690, 0.1003
0.5690, 0.1003
0.5690, 0.1003
0.5690, 0.1003
0.5690, 0.1003
0.5690, 0.1003
0.5690, 0.1003
0.5690, 0.1003
0.5690, 0.1003
0.5690, 0.1003
0.5690, 0.1003
0.5690, 0.1003
0.5690, 0.1003
0.5690, 0.1003
0.5690, 0.1003
0.5690, 0.0976
0.5690, 0.0976
0.5690, 0.0976
0.5690, 0.0976
0.5690, 0.0976
0.5690, 0.0976
0.5690, 0.0976
0.5690, 0.0976
0.5690, 0.0950
0.5690, 0.0950
0.5690, 0.0950
0.5690, 0.0950
0.5690, 0.0950
0.5690, 0.0950
0.5690, 0.0950
0.5690, 0.0950
0.5690, 0.0950
0.5690, 0.0950
0.5690, 0.0950
0.5732, 0.0950
0.5732, 0.0950
0.5732, 0.0950
0.5732, 0.0950
0.5732, 0.0923
0.5732, 0.0923
0.5732, 0.0923
0.5732, 0.0923
0.5732, 0.0923
0.5732, 0.0923
0.5732, 0.0923
0.5732, 0.0923
0.5732, 0.0897
0.5732, 0.0897
0.5732, 0.0897
0.5732, 0.0871
0.5732, 0.0871
0.5732, 0.0871
0.5732, 0.0871
0.5732, 0.0871
0.5732, 0.0871
0.5732, 0.0871
0.5732, 0.0871
0.5732, 0.0871
0.5732, 0.0871
0.5732, 0.0871
0.5732, 0.0871
0.5732, 0.0871
0.5732, 0.0871
0.5732, 0.0871
0.5732, 0.0844
0.5732, 0.0844
0.5732, 0.0844
0.5732, 0.0844
0.5732, 0.0818
0.5732, 0.0818
0.5732, 0.0818
0.5732, 0.0818
0.5732, 0.0818
0.5732, 0.0818
0.5732, 0.0818
0.5732, 0.0792
0.5732, 0.0792
0.5732, 0.0792
0.5732, 0.0792
0.5732, 0.0792
0.5732, 0.0792
0.5732, 0.0792
0.5732, 0.0792
0.5732, 0.0765
0.5732, 0.0765
0.5732, 0.0765
0.5732, 0.0739
0.5732, 0.0739
0.5732, 0.0739
0.5732, 0.0739
0.5732, 0.0739
0.5732, 0.0739
0.5732, 0.0739
0.5732, 0.0739
0.5732, 0.0739
0.5732, 0.0739
0.5732, 0.0739
0.5732, 0.0712
0.5732, 0.0712
0.5732, 0.0712
0.5732, 0.0712
0.5732, 0.0712
0.5732, 0.0712
0.5732, 0.0712
0.5732, 0.0712
0.5732, 0.0712
0.5732, 0.0712
0.5732, 0.0712
0.5732, 0.0712
0.5732, 0.0686
0.5732, 0.0686
0.5732, 0.0686
0.5732, 0.0686
0.5732, 0.0686
0.5732, 0.0686
0.5732, 0.0686
0.5732, 0.0686
0.5732, 0.0686
0.5732, 0.0686
0.5732, 0.0686
0.5732, 0.0686
0.5732, 0.0686
0.5732, 0.0686
0.5732, 0.0686
0.5732, 0.0686
0.5732, 0.0686
0.5732, 0.0686
0.5732, 0.0686
0.5732, 0.0686
0.5732, 0.0660
0.5732, 0.0660
0.5732, 0.0660
0.5732, 0.0660
0.5732, 0.0660
0.5732, 0.0660
0.5732, 0.0660
0.5732, 0.0660
0.5732, 0.0660
0.5732, 0.0660
0.5732, 0.0660
0.5732, 0.0633
0.5732, 0.0633
0.5732, 0.0633
0.5732, 0.0633
0.5732, 0.0633
0.5732, 0.0633
0.5732, 0.0633
0.5732, 0.0633
0.5732, 0.0633
0.5732, 0.0633
0.5732, 0.0633
0.5732, 0.0633
0.5732, 0.0633
0.5732, 0.0633
0.5732, 0.0633
0.5732, 0.0633
0.5732, 0.0633
0.5732, 0.0633
0.5732, 0.0633
0.5732, 0.0633
0.5732, 0.0633
0.5732, 0.0633
0.5732, 0.0633
0.5732, 0.0633
0.5732, 0.0633
0.5732, 0.0633
0.5732, 0.0633
0.5732, 0.0633
0.5732, 0.0633
0.5732, 0.0633
0.5732, 0.0633
0.5732, 0.0633
0.5732, 0.0633
0.5732, 0.0633
0.5732, 0.0633
0.5732, 0.0633
0.5732, 0.0633
0.5732, 0.0633
0.5732, 0.0633
0.5732, 0.0633
0.5732, 0.0633
0.5732, 0.0633
0.5732, 0.0633
0.5732, 0.0633
0.5732, 0.0633
0.5732, 0.0633
0.5732, 0.0633
0.5732, 0.0633
0.5732, 0.0633
0.5732, 0.0633
0.5732, 0.0633
0.5732, 0.0633
0.5732, 0.0633
0.5732, 0.0633
0.5732, 0.0633
0.5732, 0.0633
0.5732, 0.0633
0.5732, 0.0633
0.5732, 0.0633
0.5732, 0.0633
0.5732, 0.0633
0.5732, 0.0633
0.5732, 0.0633
0.5732, 0.0633
0.5732, 0.0633
0.5732, 0.0633
0.5732, 0.0633
0.5732, 0.0633
0.5732, 0.0633
0.5732, 0.0633
0.5732, 0.0633
0.5732, 0.0633
0.1423, 0.0317
0.1423, 0.0317
0.1423, 0.0317
0.1423, 0.0317
0.1423, 0.0317
0.1423, 0.0317
0.1423, 0.0317
0.1423, 0.0317
0.1423, 0.0317
0.1423, 0.0317
0.1423, 0.0317
0.1423, 0.0317
0.1423, 0.0317
0.1423, 0.0317
0.1423, 0.0317
0.1423, 0.0317
0.1423, 0.0317
0.1423, 0.0317
0.1423, 0.0317
0.1423, 0.0317
0.1423, 0.0317
0.1423, 0.0317
0.1423, 0.0317
0.1423, 0.0317
0.1423, 0.0317
0.1423, 0.0317
0.1423, 0.0317
0.1423, 0.0317
0.1423, 0.0317
0.1423, 0.0317
0.1423, 0.0317
0.1423, 0.0317
0.1423, 0.0317
0.1423, 0.0317
0.1423, 0.0317
0.1423, 0.0317
0.1423, 0.0317
0.1423, 0.0317
0.1423, 0.0317
0.1423, 0.0317
0.1423, 0.0317
0.1423, 0.0317
0.1423, 0.0317
0.1423, 0.0317
0.1423, 0.0317
0.1464, 0.0317
0.1464, 0.0317
0.1464, 0.0317
0.1464, 0.0317
0.1464, 0.0317
0.1464, 0.0317
0.1464, 0.0317
0.1464, 0.0317
0.1506, 0.0317
0.1506, 0.0317
0.1506, 0.0317
0.1506, 0.0317
0.1506, 0.0317
0.1506, 0.0317
0.1506, 0.0317
0.1506, 0.0317
0.1506, 0.0317
0.1506, 0.0290
0.1506, 0.0290
0.1506, 0.0290
0.1506, 0.0290
0.1548, 0.0290
0.1548, 0.0290
0.1548, 0.0290
0.1548, 0.0290
0.1548, 0.0264
0.1548, 0.0264
0.1548, 0.0264
0.1548, 0.0264
0.1590, 0.0264
0.1590, 0.0264
0.1590, 0.0264
0.1590, 0.0264
0.1590, 0.0264
0.1590, 0.0264
0.1590, 0.0264
0.1590, 0.0264
0.1590, 0.0264
0.1590, 0.0264
0.1590, 0.0264
0.1590, 0.0264
0.1590, 0.0237
0.1590, 0.0237
0.1590, 0.0237
0.1590, 0.0237
0.1590, 0.0237
0.1590, 0.0237
0.1590, 0.0237
0.1590, 0.0237
0.1590, 0.0237
0.1632, 0.0211
0.1632, 0.0211
0.1632, 0.0211
0.1632, 0.0211
0.1674, 0.0211
0.1674, 0.0211
0.1674, 0.0211
0.1674, 0.0211
0.1674, 0.0211
0.1674, 0.0211
0.1674, 0.0211
0.1674, 0.0211
0.1674, 0.0211
0.1674, 0.0185
0.1674, 0.0185
0.1674, 0.0185
0.1674, 0.0185
0.1674, 0.0185
0.1674, 0.0185
0.1674, 0.0185
0.1674, 0.0185
0.1715, 0.0185
0.1715, 0.0185
0.1715, 0.0185
0.1715, 0.0185
0.1715, 0.0185
0.1715, 0.0185
0.1715, 0.0185
0.1715, 0.0185
0.1757, 0.0185
0.1757, 0.0185
0.1757, 0.0185
0.1757, 0.0185
0.1757, 0.0158
0.1757, 0.0158
0.1757, 0.0158
0.1757, 0.0158
0.1799, 0.0158
0.1799, 0.0158
0.1799, 0.0158
0.1799, 0.0158
0.1799, 0.0132
0.1799, 0.0132
0.1799, 0.0132
0.1799, 0.0132
0.1799, 0.0132
0.1799, 0.0132
0.1799, 0.0132
0.1841, 0.0132
0.1841, 0.0132
0.1841, 0.0132
0.1841, 0.0132
0.1841, 0.0132
0.1841, 0.0132
0.1841, 0.0132
0.1841, 0.0132
0.1883, 0.0132
0.1883, 0.0132
0.1883, 0.0132
0.1883, 0.0132
0.1883, 0.0132
0.1883, 0.0132
0.1883, 0.0132
0.1883, 0.0132
0.1883, 0.0106
0.1883, 0.0106
0.1883, 0.0106
0.1883, 0.0106
0.1925, 0.0106
0.1925, 0.0106
0.1925, 0.0106
0.1925, 0.0106
0.1925, 0.0106
0.1925, 0.0106
0.1925, 0.0106
0.1925, 0.0106
0.1967, 0.0079
0.1967, 0.0079
0.1967, 0.0079
0.1967, 0.0079
0.2008, 0.0079
0.2008, 0.0079
0.2008, 0.0079
0.2008, 0.0079
0.2008, 0.0079
0.2008, 0.0079
0.2008, 0.0079
0.2008, 0.0079
0.2008, 0.0053
0.2008, 0.0053
0.2008, 0.0053
0.2008, 0.0053
0.2050, 0.0053
0.2050, 0.0053
0.2050, 0.0053
0.2092, 0.0053
0.2092, 0.0053
0.2092, 0.0053
0.2092, 0.0053
0.2092, 0.0053
0.2092, 0.0053
0.2092, 0.0053
0.2092, 0.0053
0.2092, 0.0053
0.2092, 0.0053
0.2092, 0.0053
0.2092, 0.0053
0.2092, 0.0053
0.2134, 0.0053
0.2134, 0.0053
0.2134, 0.0053
0.2134, 0.0053
0.2176, 0.0053
0.2176, 0.0053
0.2176, 0.0053
0.2176, 0.0053
0.2176, 0.0053
0.2176, 0.0053
0.2176, 0.0053
0.2176, 0.0053
0.2176, 0.0053
0.2218, 0.0026
0.2218, 0.0026
0.2218, 0.0026
0.2218, 0.0026
0.2218, 0.0026
0.2218, 0.0026
0.2218, 0.0026
0.2218, 0.0026
0.2259, 0.0026
0.2259, 0.0026
0.2259, 0.0026
0.2259, 0.0026
0.2259, 0.0026
0.2259, 0.0026
0.2259, 0.0026
0.2259, 0.0026
0.2301, 0.0026
0.2301, 0.0026
0.2301, 0.0026
0.2301, 0.0026
0.2301, 0.0026
0.2301, 0.0026
0.2301, 0.0026
0.2301, 0.0026
0.2301, 0.0026
0.2301, 0.0026
0.2301, 0.0026
0.2301, 0.0026
0.2343, 0.0000
0.2343, 0.0000
0.2343, 0.0000
0.2343, 0.0000
0.2385, 0.0000
0.2385, 0.0000
0.2385, 0.0000
0.2385, 0.0000
0.2427, 0.0000
0.2427, 0.0000
0.2427, 0.0000
0.2427, 0.0000
0.2427, 0.0000
0.2427, 0.0000
0.2427, 0.0000
0.2427, 0.0000
0.2427, 0.0000
0.2427, 0.0000
0.2427, 0.0000
0.2427, 0.0000
0.2427, 0.0000
0.2469, 0.0000
0.2469, 0.0000
0.2469, 0.0000
0.2469, 0.0000
0.2469, 0.0000
0.2469, 0.0000
0.2469, 0.0000
0.2469, 0.0000
0.2510, 0.0000
0.2510, 0.0000
0.2510, 0.0000
0.2510, 0.0000
0.2510, 0.0000
0.2510, 0.0000
0.2510, 0.0000
0.2510, 0.0000
0.2510, 0.0000
0.2510, 0.0000
0.2510, 0.0000
0.2510, 0.0000
0.2552, 0.0000
0.2552, 0.0000
0.2552, 0.0000
0.2552, 0.0000
0.2552, 0.0000
0.2552, 0.0000
0.2594, 0.0000
0.2594, 0.0000
0.2594, 0.0000
0.2636, 0.0000
0.2636, 0.0000
0.2636, 0.0000
0.2636, 0.0000
0.2636, 0.0000
0.2636, 0.0000
0.2636, 0.0000
0.2636, 0.0000
0.2636, 0.0000
0.2678, 0.0000
0.2678, 0.0000
0.2678, 0.0000
0.2678, 0.0000
0.2678, 0.0000
0.2678, 0.0000
0.2720, 0.0000
0.2720, 0.0000
0.2720, 0.0000
0.2720, 0.0000
0.2720, 0.0000
0.2720, 0.0000
0.2720, 0.0000
0.2720, 0.0000
0.2720, 0.0000
0.2762, 0.0000
0.2762, 0.0000
0.2762, 0.0000
0.2762, 0.0000
0.2762, 0.0000
0.2762, 0.0000
0.2803, 0.0000
0.2803, 0.0000
0.2803, 0.0000
0.2845, 0.0000
0.2845, 0.0000
0.2845, 0.0000
0.2845, 0.0000
0.2845, 0.0000
0.2845, 0.0000
0.2845, 0.0000
0.2845, 0.0000
0.2845, 0.0000
0.2887, 0.0000
0.2887, 0.0000
0.2887, 0.0000
0.2929, 0.0000
0.2929, 0.0000
0.2929, 0.0000
0.2929, 0.0000
0.2929, 0.0000
0.2929, 0.0000
0.2929, 0.0000
0.2929, 0.0000
0.2929, 0.0000
0.2929, 0.0000
0.2971, 0.0000
0.2971, 0.0000
0.2971, 0.0000
0.2971, 0.0000
0.2971, 0.0000
0.2971, 0.0000
0.3013, 0.0000
0.3013, 0.0000
0.3013, 0.0000
0.3013, 0.0000
0.3013, 0.0000
0.3013, 0.0000
0.3013, 0.0000
0.3013, 0.0000
0.3013, 0.0000
0.3054, 0.0000
0.3054, 0.0000
0.3096, 0.0000
0.3096, 0.0000
0.3096, 0.0000
0.3096, 0.0000
0.3096, 0.0000
0.3096, 0.0000
0.3138, 0.0000
0.3138, 0.0000
0.3138, 0.0000
0.3138, 0.0000
0.3138, 0.0000
0.3138, 0.0000
0.3138, 0.0000
0.3180, 0.0000
0.3180, 0.0000
0.3180, 0.0000
0.3180, 0.0000
0.3180, 0.0000
0.3180, 0.0000
0.3222, 0.0000
0.3222, 0.0000
0.3222, 0.0000
0.3222, 0.0000
0.3222, 0.0000
0.3222, 0.0000
0.3222, 0.0000
0.3222, 0.0000
0.3222, 0.0000
0.3264, 0.0000
0.3264, 0.0000
0.3264, 0.0000
0.3264, 0.0000
0.3264, 0.0000
0.3264, 0.0000
0.3305, 0.0000
0.3305, 0.0000
0.3347, 0.0000
0.3347, 0.0000
0.3347, 0.0000
0.3347, 0.0000
0.3347, 0.0000
0.3347, 0.0000
0.3347, 0.0000
0.3347, 0.0000
0.3347, 0.0000
0.3347, 0.0000
0.3347, 0.0000
0.3347, 0.0000
0.3389, 0.0000
0.3389, 0.0000
0.3389, 0.0000
0.3431, 0.0000
0.3431, 0.0000
0.3431, 0.0000
0.3431, 0.0000
0.3431, 0.0000
0.3431, 0.0000
0.3431, 0.0000
0.3431, 0.0000
0.3431, 0.0000
0.3473, 0.0000
0.3473, 0.0000
0.3473, 0.0000
0.3473, 0.0000
0.3473, 0.0000
0.3473, 0.0000
0.3515, 0.0000
0.3515, 0.0000
0.3515, 0.0000
0.3515, 0.0000
0.3515, 0.0000
0.3515, 0.0000
0.3556, 0.0000
0.3556, 0.0000
0.3556, 0.0000
0.3556, 0.0000
0.3556, 0.0000
0.3556, 0.0000
0.3556, 0.0000
0.3556, 0.0000
0.3556, 0.0000
0.3598, 0.0000
0.3598, 0.0000
0.3598, 0.0000
0.3598, 0.0000
0.3598, 0.0000
0.3640, 0.0000
0.3640, 0.0000
0.3640, 0.0000
0.3640, 0.0000
0.3640, 0.0000
0.3640, 0.0000
0.3640, 0.0000
0.3640, 0.0000
0.3640, 0.0000
0.3640, 0.0000
0.3682, 0.0000
0.3682, 0.0000
0.3724, 0.0000
0.3724, 0.0000
0.3724, 0.0000
0.3724, 0.0000
0.3724, 0.0000
0.3724, 0.0000
0.3724, 0.0000
0.3766, 0.0000
0.3766, 0.0000
0.3766, 0.0000
0.3766, 0.0000
0.3808, 0.0000
0.3808, 0.0000
0.3808, 0.0000
0.3808, 0.0000
0.3808, 0.0000
0.3808, 0.0000
0.3849, 0.0000
0.3849, 0.0000
0.3849, 0.0000
0.3849, 0.0000
0.3849, 0.0000
0.3849, 0.0000
0.3849, 0.0000
0.3849, 0.0000
0.3891, 0.0000
0.3891, 0.0000
0.3891, 0.0000
0.3891, 0.0000
0.3891, 0.0000
0.3891, 0.0000
0.3933, 0.0000
0.3933, 0.0000
0.3933, 0.0000
0.3975, 0.0000
0.3975, 0.0000
0.3975, 0.0000
0.3975, 0.0026
0.3975, 0.0026
0.3975, 0.0026
0.3975, 0.0026
0.3975, 0.0026
0.3975, 0.0026
0.4017, 0.0026
0.4017, 0.0026
0.4059, 0.0026
0.4059, 0.0026
0.4059, 0.0026
0.4059, 0.0026
0.4059, 0.0026
0.4059, 0.0026
0.4059, 0.0026
0.4059, 0.0026
0.4059, 0.0026
0.4100, 0.0026
0.4100, 0.0026
0.4142, 0.0026
0.4142, 0.0026
0.4142, 0.0026
0.4142, 0.0026
0.4142, 0.0026
0.4142, 0.0026
0.4184, 0.0026
0.4184, 0.0026
0.4184, 0.0026
0.4184, 0.0026
0.4184, 0.0026
0.4226, 0.0053
0.4226, 0.0053
0.4226, 0.0053
0.4268, 0.0053
0.4268, 0.0053
0.4268, 0.0053
0.4268, 0.0053
0.4268, 0.0053
0.4268, 0.0053
0.4310, 0.0079
0.4310, 0.0079
0.4310, 0.0079
0.4351, 0.0079
0.4351, 0.0079
0.4351, 0.0106
0.4351, 0.0106
0.4351, 0.0106
0.4351, 0.0106
0.4351, 0.0106
0.4351, 0.0106
0.4393, 0.0106
0.4393, 0.0106
0.4393, 0.0106
0.4435, 0.0106
0.4435, 0.0106
0.4477, 0.0106
0.4477, 0.0106
0.4477, 0.0106
0.4477, 0.0106
0.4477, 0.0106
0.4477, 0.0106
0.4477, 0.0132
0.4477, 0.0132
0.4477, 0.0132
0.4519, 0.0132
0.4519, 0.0132
0.4519, 0.0132
0.4561, 0.0132
0.4561, 0.0132
0.4561, 0.0158
0.4561, 0.0158
0.4561, 0.0158
0.4561, 0.0158
0.4561, 0.0158
0.4561, 0.0158
0.4603, 0.0158
0.4603, 0.0158
0.4603, 0.0158
0.4644, 0.0158
0.4644, 0.0158
0.4644, 0.0158
0.4686, 0.0158
0.4686, 0.0158
0.4686, 0.0185
0.4686, 0.0185
0.4686, 0.0185
0.4728, 0.0185
0.4728, 0.0185
0.4728, 0.0185
0.4770, 0.0185
0.4770, 0.0185
0.4770, 0.0185
0.4770, 0.0211
0.4770, 0.0211
0.4812, 0.0211
0.4812, 0.0211
0.4812, 0.0211
0.4854, 0.0211
0.4854, 0.0211
0.4854, 0.0211
0.4895, 0.0237
0.4895, 0.0237
0.4895, 0.0237
0.4895, 0.0237
0.4895, 0.0237
0.4895, 0.0237
0.4895, 0.0237
0.4895, 0.0237
0.4895, 0.0237
0.4979, 0.0237
0.4979, 0.0237
0.4979, 0.0237
0.5021, 0.0237
0.5021, 0.0237
0.5021, 0.0237
0.5021, 0.0237
0.5021, 0.0237
0.5063, 0.0237
0.5063, 0.0237
0.5063, 0.0237
0.5105, 0.0264
0.5105, 0.0264
0.5105, 0.0264
0.5105, 0.0264
0.5105, 0.0264
0.5146, 0.0264
0.5146, 0.0264
0.5146, 0.0264
0.5188, 0.0290
0.5188, 0.0290
0.5188, 0.0290
0.5230, 0.0290
0.5230, 0.0290
0.5230, 0.0290
0.5230, 0.0290
0.5230, 0.0290
0.5230, 0.0290
0.5272, 0.0317
0.5272, 0.0317
0.5314, 0.0317
0.5314, 0.0317
0.5314, 0.0317
0.5314, 0.0317
0.5314, 0.0317
0.5314, 0.0317
0.5314, 0.0317
0.5314, 0.0317
0.5314, 0.0317
0.5356, 0.0317
0.5356, 0.0317
0.5356, 0.0317
0.5397, 0.0317
0.5397, 0.0317
0.5397, 0.0343
0.5397, 0.0343
0.5397, 0.0343
0.5439, 0.0343
0.5439, 0.0343
0.5439, 0.0343
0.5439, 0.0343
0.5439, 0.0343
0.5439, 0.0343
0.5481, 0.0369
0.5481, 0.0369
0.5481, 0.0369
0.5523, 0.0369
0.5523, 0.0369
0.5523, 0.0369
0.5523, 0.0369
0.5523, 0.0369
0.5523, 0.0369
0.5523, 0.0369
0.5523, 0.0369
0.5565, 0.0396
0.5565, 0.0396
0.5565, 0.0396
0.5607, 0.0396
0.5607, 0.0396
0.5649, 0.0422
0.5649, 0.0422
0.5649, 0.0422
0.5649, 0.0422
0.5649, 0.0422
0.5649, 0.0422
0.5649, 0.0422
0.5649, 0.0422
0.5649, 0.0422
0.5690, 0.0449
0.5690, 0.0449
0.5690, 0.0449
0.5690, 0.0449
0.5690, 0.0449
0.5690, 0.0449
0.5732, 0.0449
0.5732, 0.0449
0.5732, 0.0449
0.5732, 0.0449
0.5732, 0.0449
0.5732, 0.0449
0.5732, 0.0449
0.5732, 0.0449
0.5732, 0.0475
0.5732, 0.0475
0.5732, 0.0475
0.5774, 0.0475
0.5774, 0.0475
0.5774, 0.0475
0.5774, 0.0501
0.5774, 0.0501
0.5816, 0.0501
0.5816, 0.0501
0.5816, 0.0501
0.5816, 0.0501
0.5816, 0.0501
0.5816, 0.0501
0.5816, 0.0501
0.5816, 0.0501
0.5816, 0.0501
0.5816, 0.0501
0.5816, 0.0501
0.5816, 0.0501
0.5858, 0.0501
0.5858, 0.0501
0.5858, 0.0528
0.5858, 0.0528
0.5858, 0.0528
0.5900, 0.0528
0.5900, 0.0528
0.5900, 0.0528
0.5900, 0.0528
0.5900, 0.0528
0.5900, 0.0528
0.5941, 0.0528
0.5941, 0.0528
0.5941, 0.0554
0.5941, 0.0554
0.5941, 0.0554
0.5941, 0.0554
0.5941, 0.0554
0.5941, 0.0554
0.5941, 0.0554
0.5941, 0.0554
0.5941, 0.0554
0.5941, 0.0554
0.5941, 0.0554
0.5941, 0.0554
0.5983, 0.0554
0.5983, 0.0554
0.5983, 0.0554
0.5983, 0.0554
0.5983, 0.0554
0.6025, 0.0554
0.6025, 0.0554
0.6025, 0.0554
0.6025, 0.0554
0.6025, 0.0554
0.6025, 0.0554
0.6025, 0.0580
0.6025, 0.0580
0.6025, 0.0580
0.6025, 0.0580
0.6025, 0.0580
0.6067, 0.0580
0.6067, 0.0580
0.6067, 0.0580
0.6067, 0.0580
0.6067, 0.0580
0.6067, 0.0580
0.6109, 0.0607
0.6109, 0.0607
0.6109, 0.0607
0.6151, 0.0607
0.6151, 0.0607
0.6151, 0.0607
0.6151, 0.0607
0.6151, 0.0607
0.6151, 0.0607
0.6151, 0.0607
0.6151, 0.0607
0.6192, 0.0633
0.6192, 0.0633
0.6192, 0.0633
0.6192, 0.0633
0.6192, 0.0633
0.6192, 0.0633
0.6234, 0.0633
0.6234, 0.0633
0.6234, 0.0633
0.6234, 0.0633
0.6234, 0.0633
0.6234, 0.0633
0.6234, 0.0633
0.6234, 0.0633
0.6276, 0.0633
0.6276, 0.0633
0.6318, 0.0660
0.6318, 0.0660
0.6318, 0.0660
0.6360, 0.0660
0.6360, 0.0660
0.6360, 0.0660
0.6360, 0.0660
0.6360, 0.0660
0.6360, 0.0686
0.6360, 0.0686
0.6360, 0.0686
0.6402, 0.0686
0.6402, 0.0686
0.6402, 0.0686
0.6444, 0.0686
0.6444, 0.0686
0.6444, 0.0686
0.6444, 0.0686
0.6444, 0.0686
0.6444, 0.0686
0.6444, 0.0686
0.6444, 0.0686
0.6444, 0.0686
0.6444, 0.0686
0.6444, 0.0686
0.6485, 0.0686
0.6485, 0.0686
0.6485, 0.0686
0.6527, 0.0686
0.6527, 0.0686
0.6569, 0.0712
0.6569, 0.0712
0.6569, 0.0712
0.6569, 0.0712
0.6569, 0.0712
0.6611, 0.0712
0.6611, 0.0712
0.6611, 0.0712
0.6653, 0.0712
0.6653, 0.0712
0.6653, 0.0712
0.6653, 0.0739
0.6653, 0.0739
0.6695, 0.0739
0.6695, 0.0739
0.6695, 0.0739
0.6736, 0.0739
0.6736, 0.0739
0.6778, 0.0739
0.6778, 0.0739
0.6778, 0.0739
0.6778, 0.0739
0.6778, 0.0739
0.6778, 0.0739
0.6778, 0.0765
0.6778, 0.0765
0.6820, 0.0765
0.6820, 0.0765
0.6820, 0.0765
0.6862, 0.0765
0.6862, 0.0765
0.6862, 0.0765
0.6862, 0.0765
0.6862, 0.0765
0.6904, 0.0765
0.6904, 0.0765
0.6904, 0.0765
0.6946, 0.0765
0.6946, 0.0765
0.6946, 0.0765
0.6946, 0.0765
0.6946, 0.0765
0.6987, 0.0765
0.6987, 0.0765
0.6987, 0.0765
0.6987, 0.0765
0.6987, 0.0765
0.6987, 0.0765
0.7029, 0.0765
0.7029, 0.0765
0.7029, 0.0765
0.7029, 0.0765
0.7029, 0.0765
0.7071, 0.0792
0.7071, 0.0792
0.7071, 0.0792
0.7071, 0.0792
0.7071, 0.0792
0.7071, 0.0792
0.7113, 0.0792
0.7113, 0.0792
0.7155, 0.0792
0.7155, 0.0792
0.7155, 0.0792
0.7155, 0.0792
0.7155, 0.0792
0.7197, 0.0792
0.7197, 0.0792
0.7238, 0.0818
0.7238, 0.0818
0.7280, 0.0818
0.7280, 0.0818
0.7280, 0.0818
0.7280, 0.0818
0.7280, 0.0818
0.7280, 0.0818
0.7280, 0.0818
0.7280, 0.0818
0.7322, 0.0818
0.7322, 0.0818
0.7322, 0.0818
0.7364, 0.0818
0.7364, 0.0818
0.7364, 0.0818
0.7364, 0.0818
0.7364, 0.0818
0.7406, 0.0818
0.7406, 0.0818
0.7406, 0.0818
0.7448, 0.0818
0.7448, 0.0818
0.7448, 0.0818
0.7490, 0.0818
0.7490, 0.0818
0.7490, 0.0818
0.7490, 0.0818
0.7490, 0.0818
0.7531, 0.0818
0.7531, 0.0818
0.7573, 0.0818
0.7573, 0.0818
0.7573, 0.0818
0.7573, 0.0818
0.7573, 0.0818
0.7573, 0.0818
0.7615, 0.0818
0.7615, 0.0818
0.7657, 0.0818
0.7657, 0.0818
0.7657, 0.0818
0.7699, 0.0818
0.7699, 0.0818
0.7699, 0.0818
0.7699, 0.0818
0.7699, 0.0818
0.7741, 0.0818
0.7741, 0.0818
0.7741, 0.0818
0.7782, 0.0818
0.7782, 0.0818
0.7782, 0.0818
0.7782, 0.0818
0.7782, 0.0818
0.7824, 0.0844
0.7824, 0.0844
0.7866, 0.0844
0.7866, 0.0844
0.7866, 0.0844
0.7908, 0.0844
0.7908, 0.0844
0.7908, 0.0844
0.7908, 0.0844
0.7908, 0.0844
0.7950, 0.0844
0.7950, 0.0844
0.7992, 0.0844
0.7992, 0.0844
0.7992, 0.0844
0.7992, 0.0844
0.7992, 0.0844
0.7992, 0.0844
0.8033, 0.0844
0.8033, 0.0844
0.8033, 0.0844
0.8033, 0.0844
0.8033, 0.0844
0.8075, 0.0844
0.8075, 0.0844
0.8075, 0.0844
0.8117, 0.0844
0.8117, 0.0844
0.8117, 0.0844
0.8117, 0.0844
0.8117, 0.0844
0.8159, 0.0844
0.8159, 0.0844
0.8159, 0.0844
0.8201, 0.0844
0.8201, 0.0844
0.8201, 0.0844
0.8201, 0.0844
0.8201, 0.0844
0.8243, 0.0844
0.8243, 0.0844
0.8285, 0.0844
0.8285, 0.0844
0.8285, 0.0844
0.8326, 0.0844
0.8326, 0.0844
0.8326, 0.0844
0.8326, 0.0844
0.8326, 0.0844
0.8368, 0.0844
0.8368, 0.0844
0.8368, 0.0844
0.8368, 0.0844
0.8368, 0.0844
0.8410, 0.0844
0.8410, 0.0844
0.8410, 0.0844
0.8410, 0.0844
0.8410, 0.0844
0.8410, 0.0844
0.8452, 0.0844
0.8452, 0.0844
0.8494, 0.0844
0.8494, 0.0844
0.8494, 0.0844
0.8494, 0.0844
0.8494, 0.0844
0.8536, 0.0844
0.8536, 0.0844
0.8536, 0.0844
0.8577, 0.0844
0.8577, 0.0844
0.8619, 0.0844
0.8619, 0.0844
0.8619, 0.0844
0.8619, 0.0844
0.8619, 0.0844
0.8619, 0.0844
0.8619, 0.0844
0.8619, 0.0844
0.8661, 0.0844
0.8661, 0.0844
0.8661, 0.0844
0.8703, 0.0844
0.8703, 0.0844
0.8745, 0.0844
0.8745, 0.0844
0.8745, 0.0844
0.8787, 0.0844
0.8787, 0.0844
0.8828, 0.0844
0.8828, 0.0844
0.8828, 0.0844
0.8828, 0.0844
0.8828, 0.0844
0.8828, 0.0844
0.8870, 0.0818
0.8870, 0.0818
0.8912, 0.0818
0.8912, 0.0818
0.8912, 0.0818
0.8954, 0.0818
0.8954, 0.0818
0.8954, 0.0818
0.8954, 0.0818
0.8954, 0.0818
0.9038, 0.0792
0.9038, 0.0792
0.9079, 0.0792
0.9079, 0.0792
0.9079, 0.0792
0.9079, 0.0792
0.9079, 0.0792
0.9079, 0.0792
0.9163, 0.0765
0.9163, 0.0765
0.9205, 0.0765
0.9205, 0.0765
0.9205, 0.0765
0.9247, 0.0765
0.9247, 0.0765
0.9331, 0.0765
0.9331, 0.0765
0.9331, 0.0765
0.9331, 0.0765
0.9331, 0.0765
0.9331, 0.0765
0.9372, 0.0765
0.9372, 0.0765
0.9414, 0.0765
0.9414, 0.0765
0.9456, 0.0739
0.9456, 0.0739
0.9456, 0.0739
0.9456, 0.0739
0.9456, 0.0739
0.9498, 0.0739
0.9498, 0.0739
0.9498, 0.0739
0.9540, 0.0739
0.9540, 0.0739
0.9540, 0.0739
0.9540, 0.0739
0.9540, 0.0739
0.9540, 0.0739
0.9540, 0.0739
0.9540, 0.0739
0.9582, 0.0712
0.9582, 0.0712
0.9623, 0.0712
0.9623, 0.0712
0.9623, 0.0712
0.9623, 0.0712
0.9623, 0.0712
0.9707, 0.0686
0.9707, 0.0686
0.9707, 0.0686
0.9707, 0.0686
0.9707, 0.0686
0.9707, 0.0686
0.9749, 0.0686
0.9749, 0.0686
0.9749, 0.0686
0.9749, 0.0686
0.9749, 0.0686
0.9749, 0.0686
0.9749, 0.0686
0.9749, 0.0686
0.9749, 0.0686
0.9749, 0.0686
0.9749, 0.0686
0.9749, 0.0686
0.9749, 0.0686
0.9749, 0.0686
0.9749, 0.0686
0.9749, 0.0686
0.9749, 0.0686
0.9749, 0.0686
0.9749, 0.0686
0.9749, 0.0686
0.9749, 0.0686
0.9749, 0.0686
0.9749, 0.0686
0.9749, 0.0686
0.9749, 0.0686
0.9749, 0.0686
0.9749, 0.0686
0.9791, 0.0686
0.9791, 0.0686
0.9791, 0.0686
0.9791, 0.0686
0.9791, 0.0686
0.9791, 0.0686
0.9791, 0.0686
0.9791, 0.0686
0.9791, 0.0686
0.9791, 0.0686
0.9791, 0.0686
0.9791, 0.0686
0.9791, 0.0686
0.9791, 0.0686
0.9791, 0.0686
0.9791, 0.0686
0.9791, 0.0686
0.9791, 0.0686
0.9791, 0.0686
0.9791, 0.0686
0.0000, 1.0000
0.0000, 1.0000
0.0000, 1.0000
0.0000, 1.0000
0.0000, 1.0000
0.0000, 1.0000
0.0000, 1.0000
0.0000, 1.0000
0.0000, 1.0000
0.0000, 1.0000
0.0000, 1.0000
0.0000, 1.0000
0.0000, 1.0000
0.0000, 1.0000
0.0000, 1.0000
0.0000, 1.0000
0.0000, 1.0000
0.0000, 1.0000
0.0000, 1.0000
0.0000, 1.0000
0.0000, 1.0000
0.0000, 1.0000
0.0000, 1.0000
0.0000, 1.0000
0.0000, 1.0000
0.0000, 1.0000
0.0000, 1.0000
0.0000, 1.0000
0.0000, 1.0000
0.0000, 1.0000
0.0000, 1.0000
0.0000, 1.0000
0.0000, 1.0000
0.0000, 1.0000
0.0000, 1.0000
0.0000, 1.0000
0.0000, 1.0000
0.0000, 1.0000
0.0000, 1.0000
0.0000, 1.0000
0.0000, 1.0000
0.0000, 1.0000
0.0000, 1.0000
0.0000, 1.0000
0.0000, 1.0000
0.0000, 1.0000
0.0000, 1.0000
0.0000, 1.0000
0.0000, 1.0000
0.0000, 1.0000
0.0000, 1.0000
0.0000, 1.0000
0.0000, 1.0000
0.0000, 1.0000
0.0000, 1.0000
0.0000, 1.0000
0.0000, 1.0000
