0.0099, 0.2642
0.0099, 0.2642
0.0099, 0.2642
0.0099, 0.2642
0.0099, 0.2642
0.0099, 0.2642
0.0099, 0.2642
0.0099, 0.2642
0.0099, 0.2642
0.0099, 0.2642
0.0099, 0.2642
0.0099, 0.2642
0.0099, 0.2642
0.0099, 0.2642
0.0099, 0.2642
0.0099, 0.2642
0.0099, 0.2642
0.0099, 0.2642
0.0099, 0.2642
0.0099, 0.2642
0.0099, 0.2642
0.0099, 0.2642
0.0099, 0.2642
0.0099, 0.2642
0.0099, 0.2642
0.0099, 0.2642
0.0099, 0.2642
0.0099, 0.2642
0.0099, 0.2642
0.0099, 0.2642
0.0099, 0.2642
0.0099, 0.2642
0.0099, 0.2642
0.0099, 0.2642
0.0099, 0.2642
0.0099, 0.2642
0.0099, 0.2642
0.0099, 0.2642
0.0099, 0.2642
0.0099, 0.2642
0.0099, 0.2642
0.0099, 0.2642
0.0099, 0.2642
0.0099, 0.2642
0.0099, 0.2642
0.0099, 0.2642
0.0099, 0.2642
0.0099, 0.2642
0.0099, 0.2642
0.0099, 0.2642
0.0099, 0.2642
0.0099, 0.2642
0.0099, 0.2642
0.0099, 0.2642
0.0099, 0.2642
0.0099, 0.2642
0.0099, 0.2642
0.0099, 0.2642
0.0099, 0.2642
0.0099, 0.2642
0.0099, 0.2642
0.0099, 0.2642
0.0099, 0.2642
0.0099, 0.2642
0.0099, 0.2642
0.0099, 0.2642
0.0099, 0.2642
0.0099, 0.2642
0.0099, 0.2642
0.0099, 0.2642
0.0099, 0.2642
0.0099, 0.2642
0.0099, 0.2642
0.0099, 0.2642
0.0099, 0.2642
0.0099, 0.2642
0.0099, 0.2642
0.0099, 0.2642
0.0099, 0.2642
0.0099, 0.2642
0.0099, 0.2642
0.0099, 0.2642
0.0099, 0.2642
0.0099, 0.2642
0.0099, 0.2642
0.0099, 0.2642
0.0099, 0.2642
0.0099, 0.2642
0.0099, 0.2642
0.0099, 0.2642
0.0099, 0.2642
0.0099, 0.2642
0.0099, 0.2642
0.0148, 0.2642
0.0148, 0.2642
0.0148, 0.2642
0.0148, 0.2642
0.0148, 0.2642
0.0148, 0.2642
0.0148, 0.2642
0.0148, 0.2642
0.0148, 0.2642
0.0148, 0.2642
0.0148, 0.2642
0.0148, 0.2642
0.0148, 0.2642
0.0148, 0.2642
0.0148, 0.2642
0.0148, 0.2642
0.0148, 0.2642
0.0148, 0.2642
0.0148, 0.2642
0.0148, 0.2642
0.0197, 0.2617
0.0197, 0.2617
0.0197, 0.2617
0.0197, 0.2617
0.0197, 0.2617
0.0197, 0.2617
0.0197, 0.2617
0.0197, 0.2617
0.0197, 0.2617
0.0197, 0.2591
0.0197, 0.2591
0.0197, 0.2591
0.0197, 0.2591
0.0246, 0.2591
0.0246, 0.2591
0.0246, 0.2591
0.0246, 0.2591
0.0246, 0.2591
0.0246, 0.2591
0.0246, 0.2591
0.0246, 0.2591
0.0246, 0.2591
0.0246, 0.2591
0.0246, 0.2591
0.0246, 0.2591
0.0246, 0.2591
0.0296, 0.2591
0.0296, 0.2591
0.0296, 0.2591
0.0296, 0.2591
0.0296, 0.2591
0.0296, 0.2591
0.0296, 0.2591
0.0296, 0.2591
0.0296, 0.2591
0.0296, 0.2591
0.0296, 0.2591
0.0296, 0.2591
0.0296, 0.2591
0.0296, 0.2591
0.0296, 0.2591
0.0296, 0.2591
0.0296, 0.2591
0.0296, 0.2591
0.0296, 0.2591
0.0296, 0.2591
0.0296, 0.2591
0.0296, 0.2565
0.0296, 0.2565
0.0296, 0.2565
0.0296, 0.2565
0.0296, 0.2565
0.0296, 0.2565
0.0296, 0.2565
0.0296, 0.2565
0.0296, 0.2565
0.0296, 0.2565
0.0296, 0.2565
0.0296, 0.2565
0.0296, 0.2565
0.0345, 0.2565
0.0345, 0.2565
0.0345, 0.2565
0.0345, 0.2565
0.0345, 0.2539
0.0345, 0.2539
0.0345, 0.2539
0.0345, 0.2539
0.0345, 0.2539
0.0345, 0.2539
0.0345, 0.2539
0.0345, 0.2539
0.0345, 0.2539
0.0394, 0.2539
0.0394, 0.2539
0.0394, 0.2539
0.0394, 0.2539
0.0394, 0.2539
0.0394, 0.2539
0.0394, 0.2539
0.0394, 0.2539
0.0394, 0.2539
0.0394, 0.2539
0.0394, 0.2539
0.0394, 0.2539
0.0394, 0.2539
0.0394, 0.2539
0.0394, 0.2539
0.0394, 0.2539
0.0394, 0.2539
0.0443, 0.2539
0.0443, 0.2539
0.0443, 0.2539
0.0443, 0.2539
0.0443, 0.2513
0.0443, 0.2513
0.0443, 0.2513
0.0443, 0.2513
0.0443, 0.2513
0.0443, 0.2513
0.0443, 0.2513
0.0443, 0.2513
0.0493, 0.2513
0.0493, 0.2513
0.0493, 0.2513
0.0493, 0.2513
0.0493, 0.2513
0.0493, 0.2513
0.0493, 0.2513
0.0493, 0.2513
0.0493, 0.2513
0.0493, 0.2513
0.0493, 0.2513
0.0493, 0.2513
0.0493, 0.2513
0.0493, 0.2513
0.0542, 0.2487
0.0542, 0.2487
0.0542, 0.2487
0.0542, 0.2487
0.0542, 0.2487
0.0542, 0.2487
0.0542, 0.2487
0.0542, 0.2487
0.0542, 0.2487
0.0542, 0.2487
0.0542, 0.2487
0.0542, 0.2487
0.0542, 0.2487
0.0542, 0.2487
0.0542, 0.2487
0.0542, 0.2487
0.0542, 0.2487
0.0542, 0.2487
0.0542, 0.2487
0.0542, 0.2487
0.0542, 0.2487
0.0542, 0.2487
0.0591, 0.2461
0.0591, 0.2461
0.0591, 0.2461
0.0591, 0.2461
0.0591, 0.2461
0.0591, 0.2461
0.0591, 0.2461
0.0591, 0.2461
0.0640, 0.2461
0.0640, 0.2461
0.0640, 0.2461
0.0640, 0.2461
0.0640, 0.2461
0.0640, 0.2461
0.0640, 0.2461
0.0640, 0.2461
0.0640, 0.2461
0.0640, 0.2461
0.0640, 0.2461
0.0640, 0.2461
0.0640, 0.2461
0.0640, 0.2461
0.0640, 0.2461
0.0640, 0.2461
0.0640, 0.2461
0.0640, 0.2461
0.0640, 0.2461
0.0640, 0.2461
0.0690, 0.2461
0.0690, 0.2461
0.0690, 0.2461
0.0690, 0.2461
0.0690, 0.2461
0.0690, 0.2461
0.0690, 0.2461
0.0690, 0.2461
0.0690, 0.2461
0.0739, 0.2435
0.0739, 0.2435
0.0739, 0.2435
0.0739, 0.2435
0.0739, 0.2435
0.0739, 0.2435
0.0739, 0.2435
0.0739, 0.2435
0.0739, 0.2435
0.0739, 0.2435
0.0739, 0.2435
0.0739, 0.2435
0.0788, 0.2435
0.0788, 0.2435
0.0788, 0.2435
0.0788, 0.2435
0.0837, 0.2435
0.0837, 0.2435
0.0837, 0.2435
0.0837, 0.2435
0.0837, 0.2435
0.0837, 0.2435
0.0837, 0.2435
0.0837, 0.2435
0.0887, 0.2435
0.0887, 0.2435
0.0887, 0.2435
0.0887, 0.2435
0.0887, 0.2409
0.0887, 0.2409
0.0887, 0.2409
0.0887, 0.2409
0.0887, 0.2409
0.0887, 0.2409
0.0887, 0.2409
0.0887, 0.2409
0.0887, 0.2409
0.0887, 0.2409
0.0887, 0.2409
0.0887, 0.2409
0.0887, 0.2409
0.0887, 0.2409
0.0887, 0.2409
0.0887, 0.2409
0.0887, 0.2409
0.0887, 0.2409
0.0887, 0.2409
0.0887, 0.2409
0.0887, 0.2409
0.0936, 0.2409
0.0936, 0.2409
0.0936, 0.2409
0.0936, 0.2409
0.0936, 0.2409
0.0936, 0.2409
0.0936, 0.2409
0.0936, 0.2409
0.0936, 0.2409
0.0936, 0.2409
0.0936, 0.2409
0.0936, 0.2409
0.0985, 0.2409
0.0985, 0.2409
0.0985, 0.2409
0.0985, 0.2409
0.0985, 0.2409
0.0985, 0.2409
0.0985, 0.2409
0.0985, 0.2409
0.0985, 0.2409
0.0985, 0.2409
0.0985, 0.2409
0.0985, 0.2409
0.0985, 0.2409
0.0985, 0.2409
0.0985, 0.2409
0.1034, 0.2383
0.1034, 0.2383
0.1034, 0.2383
0.1034, 0.2383
0.1084, 0.2383
0.1084, 0.2383
0.1084, 0.2383
0.1084, 0.2383
0.1084, 0.2383
0.1084, 0.2383
0.1084, 0.2383
0.1084, 0.2383
0.1133, 0.2383
0.1133, 0.2383
0.1133, 0.2383
0.1133, 0.2383
0.1133, 0.2383
0.1133, 0.2383
0.1133, 0.2383
0.1133, 0.2358
0.1133, 0.2358
0.1133, 0.2358
0.1133, 0.2358
0.1133, 0.2358
0.1133, 0.2358
0.1133, 0.2358
0.1133, 0.2358
0.1182, 0.2358
0.1182, 0.2358
0.1182, 0.2358
0.1182, 0.2358
0.1182, 0.2358
0.1182, 0.2358
0.1182, 0.2358
0.1182, 0.2358
0.1182, 0.2358
0.1182, 0.2358
0.1182, 0.2358
0.1182, 0.2358
0.1182, 0.2358
0.1182, 0.2358
0.1182, 0.2358
0.1232, 0.2358
0.1232, 0.2358
0.1232, 0.2358
0.1232, 0.2358
0.1232, 0.2332
0.1232, 0.2332
0.1232, 0.2332
0.1232, 0.2332
0.1232, 0.2332
0.1232, 0.2332
0.1232, 0.2332
0.1232, 0.2332
0.1281, 0.2332
0.1281, 0.2332
0.1281, 0.2332
0.1281, 0.2332
0.1281, 0.2332
0.1281, 0.2332
0.1281, 0.2332
0.1330, 0.2332
0.1330, 0.2332
0.1330, 0.2332
0.1330, 0.2332
0.1330, 0.2332
0.1330, 0.2332
0.1330, 0.2332
0.1330, 0.2332
0.1379, 0.2332
0.1379, 0.2332
0.1379, 0.2332
0.1379, 0.2332
0.1379, 0.2332
0.1379, 0.2332
0.1379, 0.2332
0.1379, 0.2332
0.1379, 0.2332
0.1379, 0.2332
0.1379, 0.2332
0.1379, 0.2332
0.1379, 0.2332
0.1379, 0.2332
0.1379, 0.2332
0.1379, 0.2332
0.1379, 0.2332
0.1379, 0.2332
0.1379, 0.2332
0.1379, 0.2332
0.1379, 0.2332
0.1379, 0.2332
0.1379, 0.2332
0.1379, 0.2332
0.1379, 0.2332
0.1379, 0.2332
0.1379, 0.2332
0.1379, 0.2332
0.1429, 0.2332
0.1429, 0.2332
0.1429, 0.2332
0.1429, 0.2332
0.1429, 0.2332
0.1429, 0.2332
0.1429, 0.2332
0.1429, 0.2332
0.1429, 0.2332
0.1429, 0.2332
0.1429, 0.2332
0.1429, 0.2332
0.1429, 0.2306
0.1429, 0.2306
0.1429, 0.2306
0.1429, 0.2306
0.1478, 0.2306
0.1478, 0.2306
0.1478, 0.2306
0.1478, 0.2306
0.1478, 0.2306
0.1478, 0.2306
0.1478, 0.2306
0.1478, 0.2306
0.1478, 0.2306
0.1478, 0.2306
0.1478, 0.2306
0.1478, 0.2306
0.1478, 0.2306
0.1478, 0.2306
0.1478, 0.2306
0.1478, 0.2306
0.1478, 0.2306
0.1478, 0.2306
0.1478, 0.2306
0.1478, 0.2306
0.1527, 0.2306
0.1527, 0.2306
0.1527, 0.2306
0.1527, 0.2306
0.1576, 0.2306
0.1576, 0.2306
0.1576, 0.2306
0.1576, 0.2306
0.1576, 0.2306
0.1576, 0.2306
0.1576, 0.2306
0.1626, 0.2306
0.1626, 0.2306
0.1626, 0.2306
0.1626, 0.2306
0.1626, 0.2306
0.1626, 0.2306
0.1626, 0.2306
0.1626, 0.2306
0.1626, 0.2306
0.1626, 0.2306
0.1626, 0.2306
0.1626, 0.2306
0.1626, 0.2306
0.1626, 0.2306
0.1626, 0.2306
0.1626, 0.2306
0.1675, 0.2280
0.1675, 0.2280
0.1675, 0.2280
0.1675, 0.2280
0.1675, 0.2280
0.1675, 0.2280
0.1675, 0.2280
0.1675, 0.2280
0.1675, 0.2280
0.1675, 0.2280
0.1675, 0.2280
0.1675, 0.2280
0.1724, 0.2280
0.1724, 0.2280
0.1724, 0.2280
0.1724, 0.2280
0.1724, 0.2280
0.1724, 0.2280
0.1724, 0.2280
0.1724, 0.2280
0.1724, 0.2280
0.1724, 0.2280
0.1724, 0.2280
0.1724, 0.2280
0.1724, 0.2280
0.1724, 0.2280
0.1724, 0.2280
0.1724, 0.2280
0.1724, 0.2280
0.1724, 0.2280
0.1724, 0.2280
0.1724, 0.2280
0.1724, 0.2280
0.1724, 0.2280
0.1724, 0.2280
0.1724, 0.2280
0.1724, 0.2280
0.1724, 0.2280
0.1724, 0.2280
0.1724, 0.2280
0.1724, 0.2280
0.1724, 0.2280
0.1724, 0.2280
0.1724, 0.2280
0.1773, 0.2280
0.1773, 0.2280
0.1773, 0.2280
0.1773, 0.2280
0.1773, 0.2280
0.1773, 0.2280
0.1773, 0.2280
0.1773, 0.2280
0.1773, 0.2280
0.1773, 0.2280
0.1773, 0.2280
0.1773, 0.2280
0.1823, 0.2280
0.1823, 0.2280
0.1823, 0.2280
0.1823, 0.2280
0.1823, 0.2280
0.1823, 0.2280
0.1823, 0.2280
0.1823, 0.2280
0.1823, 0.2280
0.1823, 0.2280
0.1823, 0.2280
0.1872, 0.2280
0.1872, 0.2280
0.1872, 0.2280
0.1872, 0.2280
0.1872, 0.2280
0.1872, 0.2280
0.1872, 0.2280
0.1872, 0.2280
0.1872, 0.2280
0.1872, 0.2280
0.1872, 0.2280
0.1872, 0.2280
0.1921, 0.2280
0.1921, 0.2280
0.1921, 0.2280
0.1921, 0.2280
0.1921, 0.2280
0.1921, 0.2280
0.1921, 0.2280
0.1921, 0.2280
0.1921, 0.2280
0.1921, 0.2280
0.1970, 0.2280
0.1970, 0.2280
0.1970, 0.2280
0.1970, 0.2280
0.1970, 0.2280
0.1970, 0.2280
0.1970, 0.2280
0.1970, 0.2280
0.1970, 0.2280
0.1970, 0.2280
0.1970, 0.2280
0.1970, 0.2280
0.1970, 0.2280
0.1970, 0.2280
0.1970, 0.2280
0.1970, 0.2280
0.1970, 0.2280
0.1970, 0.2280
0.1970, 0.2280
0.2020, 0.2280
0.2020, 0.2280
0.2020, 0.2280
0.2020, 0.2280
0.2020, 0.2280
0.2020, 0.2280
0.2020, 0.2280
0.2020, 0.2280
0.2020, 0.2280
0.2020, 0.2280
0.2020, 0.2280
0.2020, 0.2280
0.2069, 0.2280
0.2069, 0.2280
0.2069, 0.2280
0.2069, 0.2280
0.2069, 0.2280
0.2069, 0.2280
0.2069, 0.2280
0.2069, 0.2280
0.2118, 0.2280
0.2118, 0.2280
0.2118, 0.2280
0.2118, 0.2280
0.2118, 0.2280
0.2118, 0.2280
0.2118, 0.2280
0.2118, 0.2280
0.2118, 0.2280
0.2118, 0.2280
0.2118, 0.2280
0.2118, 0.2280
0.2118, 0.2280
0.2118, 0.2280
0.2118, 0.2280
0.2167, 0.2280
0.2167, 0.2280
0.2167, 0.2280
0.2167, 0.2280
0.2167, 0.2280
0.2167, 0.2280
0.2167, 0.2280
0.2167, 0.2280
0.2217, 0.2280
0.2217, 0.2280
0.2217, 0.2280
0.2217, 0.2280
0.2217, 0.2280
0.2217, 0.2280
0.2217, 0.2280
0.2217, 0.2280
0.2217, 0.2280
0.2217, 0.2280
0.2217, 0.2280
0.2217, 0.2280
0.2217, 0.2280
0.2217, 0.2280
0.2217, 0.2280
0.2266, 0.2280
0.2266, 0.2280
0.2266, 0.2280
0.2315, 0.2280
0.2315, 0.2280
0.2315, 0.2280
0.2315, 0.2280
0.2315, 0.2280
0.2315, 0.2280
0.2315, 0.2280
0.2315, 0.2280
0.2315, 0.2280
0.2315, 0.2280
0.2315, 0.2280
0.2315, 0.2280
0.2315, 0.2280
0.2315, 0.2280
0.2315, 0.2280
0.2365, 0.2280
0.2365, 0.2280
0.2365, 0.2280
0.2365, 0.2280
0.2414, 0.2280
0.2414, 0.2280
0.2414, 0.2280
0.2414, 0.2280
0.2414, 0.2280
0.2414, 0.2280
0.2414, 0.2280
0.2414, 0.2280
0.2414, 0.2280
0.2414, 0.2280
0.2414, 0.2280
0.2414, 0.2280
0.2414, 0.2280
0.2414, 0.2280
0.2414, 0.2280
0.2463, 0.2280
0.2463, 0.2280
0.2463, 0.2280
0.2463, 0.2280
0.2463, 0.2280
0.2463, 0.2280
0.2463, 0.2280
0.2463, 0.2280
0.2463, 0.2280
0.2463, 0.2280
0.2463, 0.2280
0.2512, 0.2280
0.2512, 0.2280
0.2512, 0.2280
0.2512, 0.2280
0.2512, 0.2280
0.2512, 0.2280
0.2512, 0.2280
0.2512, 0.2280
0.2562, 0.2280
0.2562, 0.2280
0.2562, 0.2280
0.2562, 0.2280
0.2562, 0.2280
0.2562, 0.2280
0.2562, 0.2280
0.2562, 0.2280
0.2562, 0.2280
0.2562, 0.2280
0.2611, 0.2280
0.2611, 0.2280
0.2611, 0.2280
0.2611, 0.2280
0.2611, 0.2280
0.2611, 0.2280
0.2611, 0.2280
0.2660, 0.2280
0.2660, 0.2280
0.2660, 0.2280
0.2660, 0.2280
0.2660, 0.2280
0.2660, 0.2280
0.2660, 0.2280
0.2660, 0.2280
0.2660, 0.2280
0.2660, 0.2280
0.2660, 0.2280
0.2660, 0.2280
0.2660, 0.2280
0.2660, 0.2280
0.2660, 0.2280
0.2709, 0.2280
0.2709, 0.2280
0.2709, 0.2280
0.2709, 0.2280
0.2709, 0.2280
0.2709, 0.2280
0.2709, 0.2280
0.2709, 0.2280
0.2709, 0.2280
0.2709, 0.2280
0.2709, 0.2280
0.2709, 0.2280
0.2709, 0.2280
0.2709, 0.2280
0.2709, 0.2280
0.2759, 0.2280
0.2759, 0.2280
0.2759, 0.2280
0.2759, 0.2280
0.2759, 0.2280
0.2759, 0.2280
0.2808, 0.2280
0.2808, 0.2280
0.2808, 0.2280
0.2808, 0.2280
0.2808, 0.2280
0.2808, 0.2280
0.2808, 0.2280
0.2808, 0.2280
0.2808, 0.2280
0.2808, 0.2280
0.2808, 0.2280
0.2808, 0.2280
0.2808, 0.2280
0.2808, 0.2280
0.2857, 0.2280
0.2857, 0.2280
0.2857, 0.2280
0.2857, 0.2280
0.2857, 0.2280
0.2857, 0.2280
0.2857, 0.2280
0.2857, 0.2280
0.2857, 0.2280
0.2857, 0.2280
0.2906, 0.2280
0.2906, 0.2280
0.2906, 0.2280
0.2906, 0.2280
0.2906, 0.2280
0.2906, 0.2280
0.2906, 0.2280
0.2956, 0.2280
0.2956, 0.2280
0.2956, 0.2280
0.2956, 0.2280
0.2956, 0.2280
0.2956, 0.2280
0.2956, 0.2280
0.2956, 0.2280
0.2956, 0.2280
0.2956, 0.2280
0.2956, 0.2280
0.2956, 0.2280
0.2956, 0.2280
0.3005, 0.2280
0.3005, 0.2280
0.3005, 0.2280
0.3005, 0.2280
0.3054, 0.2280
0.3054, 0.2280
0.3054, 0.2280
0.3054, 0.2280
0.3054, 0.2280
0.3054, 0.2280
0.3054, 0.2280
0.3054, 0.2280
0.3054, 0.2280
0.3054, 0.2280
0.3054, 0.2280
0.3054, 0.2280
0.3054, 0.2280
0.3054, 0.2280
0.3054, 0.2280
0.3054, 0.2280
0.3054, 0.2280
0.3054, 0.2280
0.3103, 0.2280
0.3103, 0.2280
0.3103, 0.2280
0.3103, 0.2306
0.3103, 0.2306
0.3103, 0.2306
0.3103, 0.2306
0.3153, 0.2306
0.3153, 0.2306
0.3153, 0.2306
0.3202, 0.2306
0.3202, 0.2306
0.3202, 0.2306
0.3202, 0.2306
0.3202, 0.2306
0.3202, 0.2306
0.3202, 0.2306
0.3202, 0.2306
0.3202, 0.2306
0.3202, 0.2306
0.3202, 0.2306
0.3202, 0.2306
0.3202, 0.2306
0.3202, 0.2306
0.3202, 0.2306
0.3251, 0.2306
0.3251, 0.2306
0.3251, 0.2306
0.3251, 0.2306
0.3251, 0.2306
0.3251, 0.2306
0.3251, 0.2306
0.3300, 0.2306
0.3300, 0.2306
0.3300, 0.2306
0.3300, 0.2306
0.3300, 0.2306
0.3300, 0.2306
0.3300, 0.2306
0.3300, 0.2306
0.3300, 0.2306
0.3300, 0.2306
0.3300, 0.2306
0.3300, 0.2332
0.3300, 0.2332
0.3300, 0.2332
0.3300, 0.2332
0.3300, 0.2332
0.3300, 0.2332
0.3300, 0.2332
0.3350, 0.2332
0.3350, 0.2332
0.3350, 0.2332
0.3350, 0.2332
0.3350, 0.2332
0.3350, 0.2332
0.3350, 0.2332
0.3399, 0.2332
0.3399, 0.2332
0.3399, 0.2332
0.3448, 0.2332
0.3448, 0.2332
0.3448, 0.2332
0.3448, 0.2358
0.3448, 0.2358
0.3448, 0.2358
0.3448, 0.2358
0.3448, 0.2358
0.3448, 0.2358
0.3448, 0.2358
0.3448, 0.2358
0.3448, 0.2358
0.3448, 0.2358
0.3448, 0.2358
0.3498, 0.2358
0.3498, 0.2358
0.3498, 0.2358
0.3498, 0.2383
0.3498, 0.2383
0.3498, 0.2383
0.3547, 0.2383
0.3547, 0.2383
0.3547, 0.2383
0.3547, 0.2383
0.3547, 0.2383
0.3547, 0.2383
0.3547, 0.2383
0.3547, 0.2383
0.3547, 0.2383
0.3547, 0.2383
0.3547, 0.2383
0.3547, 0.2383
0.3547, 0.2383
0.3547, 0.2383
0.3547, 0.2383
0.3596, 0.2383
0.3596, 0.2383
0.3596, 0.2383
0.3596, 0.2383
0.3645, 0.2383
0.3645, 0.2383
0.3645, 0.2383
0.3645, 0.2383
0.3645, 0.2383
0.3645, 0.2383
0.3645, 0.2383
0.3695, 0.2383
0.3695, 0.2383
0.3695, 0.2383
0.3695, 0.2383
0.3695, 0.2383
0.3695, 0.2383
0.3695, 0.2409
0.3695, 0.2409
0.3695, 0.2409
0.3695, 0.2409
0.3695, 0.2409
0.3695, 0.2409
0.3695, 0.2409
0.3744, 0.2409
0.3744, 0.2409
0.3744, 0.2409
0.3744, 0.2409
0.3793, 0.2435
0.3793, 0.2435
0.3793, 0.2435
0.3793, 0.2435
0.3793, 0.2435
0.3793, 0.2435
0.3793, 0.2435
0.3793, 0.2435
0.3793, 0.2435
0.3793, 0.2435
0.3793, 0.2435
0.3842, 0.2435
0.3842, 0.2435
0.3842, 0.2435
0.3842, 0.2435
0.3842, 0.2435
0.3842, 0.2435
0.3842, 0.2435
0.3892, 0.2435
0.3892, 0.2435
0.3892, 0.2435
0.3892, 0.2435
0.3892, 0.2435
0.3892, 0.2435
0.3892, 0.2435
0.3892, 0.2461
0.3892, 0.2461
0.3892, 0.2461
0.3892, 0.2461
0.3892, 0.2461
0.3892, 0.2461
0.3892, 0.2461
0.3941, 0.2461
0.3941, 0.2461
0.3941, 0.2461
0.3990, 0.2487
0.3990, 0.2487
0.3990, 0.2487
0.3990, 0.2487
0.3990, 0.2487
0.3990, 0.2487
0.3990, 0.2487
0.4039, 0.2513
0.4039, 0.2513
0.4039, 0.2513
0.4039, 0.2513
0.4039, 0.2513
0.4039, 0.2513
0.4039, 0.2513
0.4039, 0.2513
0.4039, 0.2513
0.4039, 0.2513
0.4039, 0.2513
0.4089, 0.2513
0.4089, 0.2513
0.4089, 0.2513
0.4138, 0.2513
0.4138, 0.2513
0.4138, 0.2513
0.4138, 0.2513
0.4138, 0.2513
0.4138, 0.2513
0.4138, 0.2513
0.4138, 0.2539
0.4138, 0.2539
0.4138, 0.2539
0.4187, 0.2539
0.4187, 0.2539
0.4187, 0.2539
0.4187, 0.2539
0.4187, 0.2539
0.4187, 0.2539
0.4236, 0.2565
0.4236, 0.2565
0.4236, 0.2565
0.4236, 0.2565
0.4236, 0.2565
0.4236, 0.2565
0.4236, 0.2565
0.4286, 0.2565
0.4286, 0.2565
0.4286, 0.2565
0.4286, 0.2565
0.4286, 0.2565
0.4286, 0.2565
0.4286, 0.2565
0.4286, 0.2565
0.4286, 0.2565
0.4286, 0.2565
0.4286, 0.2565
0.4286, 0.2565
0.4286, 0.2565
0.4335, 0.2565
0.4335, 0.2565
0.4335, 0.2565
0.4335, 0.2565
0.4335, 0.2591
0.4335, 0.2591
0.4335, 0.2591
0.4384, 0.2591
0.4384, 0.2591
0.4384, 0.2591
0.4384, 0.2591
0.4384, 0.2591
0.4384, 0.2591
0.4384, 0.2591
0.4384, 0.2617
0.4384, 0.2617
0.4384, 0.2617
0.4384, 0.2617
0.4384, 0.2617
0.4384, 0.2617
0.4384, 0.2617
0.4433, 0.2617
0.4433, 0.2617
0.4433, 0.2617
0.4433, 0.2617
0.4433, 0.2617
0.4433, 0.2617
0.4483, 0.2642
0.4483, 0.2642
0.4483, 0.2642
0.4483, 0.2642
0.4483, 0.2642
0.4483, 0.2642
0.4483, 0.2642
0.4532, 0.2642
0.4532, 0.2642
0.4532, 0.2642
0.4532, 0.2642
0.4532, 0.2642
0.4532, 0.2642
0.4532, 0.2642
0.4532, 0.2642
0.4532, 0.2642
0.4532, 0.2642
0.4532, 0.2642
0.4532, 0.2642
0.4532, 0.2642
0.4532, 0.2642
0.4532, 0.2642
0.4532, 0.2642
0.4532, 0.2642
0.4532, 0.2642
0.4581, 0.2642
0.4581, 0.2642
0.4581, 0.2642
0.4581, 0.2668
0.4581, 0.2668
0.4581, 0.2668
0.4631, 0.2668
0.4631, 0.2668
0.4631, 0.2668
0.4631, 0.2668
0.4631, 0.2668
0.4631, 0.2668
0.4631, 0.2668
0.4631, 0.2668
0.4631, 0.2668
0.4631, 0.2668
0.4631, 0.2694
0.4631, 0.2694
0.4631, 0.2694
0.4631, 0.2694
0.4631, 0.2694
0.4631, 0.2694
0.4680, 0.2694
0.4680, 0.2694
0.4680, 0.2694
0.4680, 0.2694
0.4680, 0.2694
0.4680, 0.2694
0.4680, 0.2694
0.4729, 0.2694
0.4729, 0.2694
0.4729, 0.2694
0.4729, 0.2694
0.4729, 0.2694
0.4729, 0.2694
0.4729, 0.2694
0.4729, 0.2694
0.4729, 0.2694
0.4729, 0.2694
0.4778, 0.2694
0.4778, 0.2694
0.4778, 0.2694
0.4778, 0.2694
0.4778, 0.2694
0.4778, 0.2694
0.4778, 0.2694
0.4778, 0.2694
0.4778, 0.2694
0.4778, 0.2694
0.4778, 0.2720
0.4778, 0.2720
0.4778, 0.2720
0.4778, 0.2720
0.4778, 0.2720
0.4778, 0.2720
0.4828, 0.2720
0.4828, 0.2720
0.4828, 0.2720
0.4828, 0.2720
0.4828, 0.2720
0.4828, 0.2720
0.4828, 0.2720
0.4877, 0.2746
0.4877, 0.2746
0.4877, 0.2746
0.4877, 0.2746
0.4877, 0.2746
0.4877, 0.2746
0.4877, 0.2746
0.4877, 0.2746
0.4877, 0.2746
0.4877, 0.2746
0.4877, 0.2746
0.4877, 0.2746
0.4877, 0.2746
0.4877, 0.2746
0.4877, 0.2746
0.4877, 0.2746
0.4877, 0.2746
0.4926, 0.2746
0.4926, 0.2746
0.4926, 0.2746
0.4926, 0.2772
0.4926, 0.2772
0.4926, 0.2772
0.4926, 0.2772
0.4975, 0.2772
0.4975, 0.2772
0.4975, 0.2772
0.4975, 0.2772
0.4975, 0.2772
0.4975, 0.2772
0.4975, 0.2772
0.5025, 0.2772
0.5025, 0.2772
0.5025, 0.2772
0.5025, 0.2772
0.5025, 0.2772
0.5025, 0.2772
0.5025, 0.2772
0.5025, 0.2772
0.5025, 0.2772
0.5025, 0.2772
0.5025, 0.2772
0.5025, 0.2772
0.5025, 0.2772
0.5025, 0.2772
0.5025, 0.2772
0.5025, 0.2772
0.5025, 0.2772
0.5074, 0.2772
0.5074, 0.2772
0.5074, 0.2772
0.5074, 0.2772
0.5074, 0.2772
0.5074, 0.2772
0.5074, 0.2772
0.5074, 0.2772
0.5074, 0.2772
0.5074, 0.2772
0.5123, 0.2772
0.5123, 0.2772
0.5123, 0.2772
0.5123, 0.2798
0.5123, 0.2798
0.5123, 0.2798
0.5123, 0.2798
0.5123, 0.2798
0.5123, 0.2798
0.5123, 0.2798
0.5123, 0.2798
0.5123, 0.2798
0.5123, 0.2798
0.5123, 0.2798
0.5123, 0.2798
0.5123, 0.2798
0.5123, 0.2798
0.5123, 0.2798
0.5123, 0.2798
0.5172, 0.2824
0.5172, 0.2824
0.5172, 0.2824
0.5172, 0.2824
0.5172, 0.2824
0.5172, 0.2824
0.5222, 0.2824
0.5222, 0.2824
0.5222, 0.2824
0.5222, 0.2824
0.5222, 0.2824
0.5222, 0.2824
0.5222, 0.2824
0.5271, 0.2824
0.5271, 0.2824
0.5271, 0.2824
0.5271, 0.2824
0.5271, 0.2824
0.5271, 0.2824
0.5271, 0.2824
0.5271, 0.2824
0.5271, 0.2824
0.5271, 0.2824
0.5271, 0.2824
0.5271, 0.2824
0.5271, 0.2824
0.5271, 0.2824
0.5271, 0.2824
0.5271, 0.2824
0.5271, 0.2824
0.5320, 0.2824
0.5320, 0.2824
0.5320, 0.2824
0.5320, 0.2824
0.5320, 0.2824
0.5320, 0.2824
0.5320, 0.2824
0.5320, 0.2824
0.5320, 0.2824
0.5320, 0.2824
0.5369, 0.2824
0.5369, 0.2824
0.5369, 0.2824
0.5369, 0.2824
0.5369, 0.2824
0.5369, 0.2824
0.5369, 0.2850
0.5369, 0.2850
0.5369, 0.2850
0.5419, 0.2850
0.5419, 0.2850
0.5419, 0.2850
0.5419, 0.2850
0.5419, 0.2850
0.5419, 0.2850
0.5468, 0.2850
0.5468, 0.2850
0.5468, 0.2850
0.5468, 0.2850
0.5468, 0.2850
0.5468, 0.2850
0.5468, 0.2850
0.5468, 0.2876
0.5468, 0.2876
0.5468, 0.2876
0.5468, 0.2876
0.5468, 0.2876
0.5468, 0.2876
0.5517, 0.2876
0.5517, 0.2876
0.5517, 0.2876
0.5567, 0.2876
0.5567, 0.2876
0.5567, 0.2876
0.5567, 0.2876
0.5567, 0.2876
0.5567, 0.2876
0.5567, 0.2876
0.5616, 0.2876
0.5616, 0.2876
0.5616, 0.2876
0.5616, 0.2902
0.5616, 0.2902
0.5616, 0.2902
0.5616, 0.2902
0.5616, 0.2902
0.5616, 0.2902
0.5616, 0.2902
0.5616, 0.2902
0.5616, 0.2902
0.5616, 0.2902
0.5665, 0.2902
0.5665, 0.2902
0.5665, 0.2902
0.5714, 0.2902
0.5714, 0.2902
0.5714, 0.2902
0.5714, 0.2902
0.5714, 0.2902
0.5714, 0.2902
0.5714, 0.2902
0.5714, 0.2902
0.5714, 0.2902
0.5714, 0.2902
0.5764, 0.2902
0.5764, 0.2902
0.5764, 0.2902
0.5764, 0.2902
0.5764, 0.2902
0.5764, 0.2902
0.5813, 0.2927
0.5813, 0.2927
0.5813, 0.2927
0.5862, 0.2927
0.5862, 0.2927
0.5862, 0.2927
0.5862, 0.2927
0.5862, 0.2927
0.5862, 0.2927
0.5862, 0.2927
0.5862, 0.2927
0.5862, 0.2927
0.5862, 0.2927
0.5911, 0.2927
0.5911, 0.2927
0.5911, 0.2927
0.5911, 0.2953
0.5911, 0.2953
0.5911, 0.2953
0.5961, 0.2953
0.5961, 0.2953
0.5961, 0.2953
0.5961, 0.2953
0.5961, 0.2953
0.5961, 0.2953
0.5961, 0.2953
0.5961, 0.2953
0.5961, 0.2953
0.5961, 0.2953
0.6010, 0.2953
0.6010, 0.2953
0.6010, 0.2953
0.6010, 0.2953
0.6010, 0.2953
0.6010, 0.2953
0.6010, 0.2953
0.6010, 0.2953
0.6010, 0.2953
0.6010, 0.2953
0.6059, 0.2953
0.6059, 0.2953
0.6059, 0.2953
0.6059, 0.2953
0.6059, 0.2953
0.6059, 0.2953
0.6059, 0.2953
0.6108, 0.2953
0.6108, 0.2953
0.6108, 0.2953
0.6108, 0.2953
0.6108, 0.2953
0.6108, 0.2953
0.6108, 0.2953
0.6108, 0.2953
0.6108, 0.2953
0.6158, 0.2979
0.6158, 0.2979
0.6158, 0.2979
0.6158, 0.2979
0.6158, 0.2979
0.6158, 0.2979
0.6158, 0.2979
0.6207, 0.2979
0.6207, 0.2979
0.6207, 0.2979
0.6207, 0.2979
0.6207, 0.2979
0.6207, 0.2979
0.6207, 0.2979
0.6207, 0.2979
0.6207, 0.2979
0.6207, 0.2979
0.6207, 0.2979
0.6207, 0.2979
0.6207, 0.2979
0.6207, 0.2979
0.6207, 0.2979
0.6207, 0.2979
0.6256, 0.2979
0.6256, 0.2979
0.6256, 0.2979
0.6256, 0.3005
0.6256, 0.3005
0.6256, 0.3005
0.6305, 0.3005
0.6305, 0.3005
0.6305, 0.3005
0.6305, 0.3005
0.6305, 0.3005
0.6305, 0.3005
0.6355, 0.3005
0.6355, 0.3005
0.6355, 0.3005
0.6355, 0.3005
0.6355, 0.3005
0.6355, 0.3005
0.6355, 0.3005
0.6355, 0.3005
0.6355, 0.3005
0.6355, 0.3005
0.6404, 0.3005
0.6404, 0.3005
0.6404, 0.3031
0.6404, 0.3031
0.6404, 0.3031
0.6453, 0.3031
0.6453, 0.3031
0.6453, 0.3031
0.6453, 0.3031
0.6453, 0.3031
0.6453, 0.3031
0.6453, 0.3031
0.6453, 0.3031
0.6453, 0.3031
0.6453, 0.3031
0.6453, 0.3031
0.6502, 0.3031
0.6502, 0.3031
0.6502, 0.3031
0.6502, 0.3031
0.6502, 0.3031
0.6502, 0.3031
0.6552, 0.3031
0.6552, 0.3031
0.6552, 0.3031
0.6552, 0.3031
0.6552, 0.3031
0.6552, 0.3031
0.6601, 0.3031
0.6601, 0.3031
0.6601, 0.3031
0.6601, 0.3031
0.6601, 0.3031
0.6601, 0.3031
0.6601, 0.3057
0.6601, 0.3057
0.6601, 0.3057
0.6650, 0.3057
0.6650, 0.3057
0.6650, 0.3057
0.6650, 0.3057
0.6650, 0.3057
0.6650, 0.3057
0.6650, 0.3057
0.6650, 0.3057
0.6650, 0.3057
0.6700, 0.3057
0.6700, 0.3057
0.6700, 0.3057
0.6700, 0.3083
0.6700, 0.3083
0.6700, 0.3083
0.6700, 0.3083
0.6700, 0.3083
0.6700, 0.3083
0.6700, 0.3083
0.6700, 0.3083
0.6700, 0.3083
0.6700, 0.3083
0.6749, 0.3083
0.6749, 0.3083
0.6749, 0.3083
0.6749, 0.3083
0.6749, 0.3083
0.6749, 0.3083
0.6798, 0.3083
0.6798, 0.3083
0.6798, 0.3083
0.6798, 0.3083
0.6798, 0.3083
0.6798, 0.3083
0.6847, 0.3083
0.6847, 0.3083
0.6847, 0.3083
0.6847, 0.3083
0.6847, 0.3083
0.6847, 0.3083
0.6847, 0.3083
0.6847, 0.3083
0.6847, 0.3083
0.6847, 0.3083
0.6847, 0.3083
0.6847, 0.3083
0.6847, 0.3083
0.6847, 0.3083
0.6847, 0.3083
0.6847, 0.3083
0.6897, 0.3083
0.6897, 0.3083
0.6897, 0.3083
0.6946, 0.3083
0.6946, 0.3083
0.6946, 0.3083
0.6946, 0.3109
0.6946, 0.3109
0.6946, 0.3109
0.6946, 0.3109
0.6946, 0.3109
0.6946, 0.3109
0.6946, 0.3109
0.6946, 0.3109
0.6946, 0.3109
0.6946, 0.3109
0.6995, 0.3109
0.6995, 0.3109
0.6995, 0.3109
0.6995, 0.3109
0.6995, 0.3109
0.6995, 0.3109
0.7044, 0.3109
0.7044, 0.3109
0.7044, 0.3109
0.7044, 0.3109
0.7044, 0.3109
0.7044, 0.3109
0.7044, 0.3135
0.7044, 0.3135
0.7044, 0.3135
0.7044, 0.3135
0.7044, 0.3135
0.7044, 0.3135
0.7044, 0.3135
0.7044, 0.3135
0.7044, 0.3135
0.7044, 0.3135
0.7044, 0.3135
0.7044, 0.3135
0.7044, 0.3135
0.7094, 0.3135
0.7094, 0.3135
0.7094, 0.3135
0.7094, 0.3135
0.7094, 0.3135
0.7143, 0.3135
0.7143, 0.3135
0.7143, 0.3135
0.7143, 0.3135
0.7143, 0.3135
0.7143, 0.3135
0.7143, 0.3135
0.7192, 0.3135
0.7192, 0.3135
0.7192, 0.3135
0.7192, 0.3135
0.7192, 0.3135
0.7192, 0.3135
0.7192, 0.3135
0.7192, 0.3135
0.7192, 0.3135
0.7192, 0.3135
0.7192, 0.3135
0.7192, 0.3135
0.7241, 0.3135
0.7241, 0.3135
0.7241, 0.3135
0.7241, 0.3135
0.7241, 0.3135
0.7241, 0.3135
0.7241, 0.3135
0.7241, 0.3135
0.7241, 0.3135
0.7291, 0.3135
0.7291, 0.3135
0.7291, 0.3135
0.7291, 0.3135
0.7291, 0.3135
0.7291, 0.3135
0.7291, 0.3135
0.7291, 0.3135
0.7291, 0.3135
0.7291, 0.3135
0.7291, 0.3135
0.7291, 0.3135
0.7291, 0.3135
0.7291, 0.3135
0.7291, 0.3135
0.7340, 0.3135
0.7340, 0.3135
0.7340, 0.3135
0.7340, 0.3135
0.7340, 0.3135
0.7340, 0.3135
0.7340, 0.3161
0.7340, 0.3161
0.7340, 0.3161
0.7389, 0.3161
0.7389, 0.3161
0.7389, 0.3161
0.7389, 0.3161
0.7389, 0.3161
0.7389, 0.3161
0.7389, 0.3161
0.7389, 0.3161
0.7389, 0.3161
0.7389, 0.3161
0.7389, 0.3161
0.7389, 0.3161
0.7389, 0.3161
0.7438, 0.3161
0.7438, 0.3161
0.7438, 0.3161
0.7438, 0.3161
0.7438, 0.3161
0.7438, 0.3161
0.7438, 0.3161
0.7438, 0.3161
0.7438, 0.3161
0.7438, 0.3161
0.7438, 0.3161
0.7438, 0.3161
0.7438, 0.3161
0.7438, 0.3187
0.7438, 0.3187
0.7438, 0.3187
0.7488, 0.3187
0.7488, 0.3187
0.7488, 0.3187
0.7488, 0.3187
0.7488, 0.3187
0.7488, 0.3187
0.7537, 0.3187
0.7537, 0.3187
0.7537, 0.3187
0.7537, 0.3187
0.7537, 0.3187
0.7537, 0.3187
0.7537, 0.3187
0.7537, 0.3187
0.7537, 0.3187
0.7537, 0.3187
0.7537, 0.3187
0.7537, 0.3187
0.7537, 0.3187
0.7537, 0.3187
0.7537, 0.3187
0.7537, 0.3187
0.7537, 0.3187
0.7537, 0.3187
0.7537, 0.3212
0.7537, 0.3212
0.7537, 0.3212
0.7537, 0.3212
0.7537, 0.3212
0.7537, 0.3212
0.7537, 0.3212
0.7537, 0.3212
0.7537, 0.3212
0.7586, 0.3212
0.7586, 0.3212
0.7586, 0.3212
0.7586, 0.3212
0.7586, 0.3212
0.7586, 0.3212
0.7586, 0.3212
0.7586, 0.3212
0.7586, 0.3212
0.7635, 0.3212
0.7635, 0.3212
0.7635, 0.3212
0.7635, 0.3212
0.7635, 0.3212
0.7635, 0.3212
0.7635, 0.3212
0.7685, 0.3212
0.7685, 0.3212
0.7685, 0.3212
0.7685, 0.3212
0.7685, 0.3212
0.7685, 0.3212
0.7685, 0.3212
0.7685, 0.3212
0.7685, 0.3212
0.7685, 0.3212
0.7685, 0.3212
0.7685, 0.3212
0.7685, 0.3212
0.7685, 0.3212
0.7685, 0.3212
0.7734, 0.3212
0.7734, 0.3212
0.7734, 0.3212
0.7734, 0.3212
0.7734, 0.3212
0.7734, 0.3212
0.7783, 0.3212
0.7783, 0.3212
0.7783, 0.3212
0.7783, 0.3212
0.7783, 0.3212
0.7783, 0.3212
0.7783, 0.3212
0.7783, 0.3212
0.7783, 0.3212
0.7783, 0.3212
0.7783, 0.3212
0.7783, 0.3212
0.7783, 0.3212
0.7833, 0.3212
0.7833, 0.3212
0.7833, 0.3212
0.7833, 0.3212
0.7833, 0.3212
0.7833, 0.3212
0.7882, 0.3212
0.7882, 0.3212
0.7882, 0.3212
0.7882, 0.3212
0.7882, 0.3212
0.7882, 0.3212
0.7931, 0.3212
0.7931, 0.3212
0.7931, 0.3212
0.7931, 0.3212
0.7931, 0.3212
0.7931, 0.3212
0.7931, 0.3212
0.7931, 0.3212
0.7931, 0.3212
0.7931, 0.3212
0.7931, 0.3212
0.7931, 0.3212
0.7931, 0.3212
0.7931, 0.3212
0.7931, 0.3212
0.7931, 0.3212
0.7931, 0.3212
0.7931, 0.3212
0.7931, 0.3212
0.7931, 0.3212
0.7931, 0.3212
0.7931, 0.3212
0.7980, 0.3212
0.7980, 0.3212
0.7980, 0.3212
0.7980, 0.3212
0.7980, 0.3212
0.7980, 0.3212
0.7980, 0.3212
0.7980, 0.3212
0.7980, 0.3212
0.8030, 0.3212
0.8030, 0.3212
0.8030, 0.3212
0.8030, 0.3212
0.8030, 0.3212
0.8030, 0.3212
0.8030, 0.3212
0.8030, 0.3212
0.8030, 0.3212
0.8030, 0.3212
0.8030, 0.3212
0.8030, 0.3212
0.8030, 0.3212
0.8030, 0.3212
0.8030, 0.3212
0.8079, 0.3212
0.8079, 0.3212
0.8079, 0.3212
0.8079, 0.3212
0.8079, 0.3212
0.8079, 0.3212
0.8079, 0.3212
0.8079, 0.3212
0.8079, 0.3212
0.8128, 0.3212
0.8128, 0.3212
0.8128, 0.3212
0.8128, 0.3212
0.8128, 0.3212
0.8128, 0.3212
0.8128, 0.3212
0.8128, 0.3212
0.8128, 0.3212
0.8128, 0.3212
0.8128, 0.3212
0.8128, 0.3212
0.8128, 0.3212
0.8128, 0.3212
0.8128, 0.3212
0.8128, 0.3212
0.8128, 0.3212
0.8128, 0.3212
0.8128, 0.3212
0.8128, 0.3212
0.8177, 0.3212
0.8177, 0.3212
0.8177, 0.3212
0.8177, 0.3212
0.8177, 0.3212
0.8177, 0.3212
0.8177, 0.3212
0.8177, 0.3212
0.8177, 0.3212
0.8177, 0.3212
0.8177, 0.3212
0.8177, 0.3212
0.8177, 0.3212
0.8177, 0.3212
0.8177, 0.3212
0.8177, 0.3212
0.8177, 0.3212
0.8177, 0.3212
0.8177, 0.3212
0.8177, 0.3212
0.8177, 0.3212
0.8227, 0.3212
0.8227, 0.3212
0.8227, 0.3212
0.8227, 0.3212
0.8227, 0.3212
0.8227, 0.3212
0.8227, 0.3238
0.8227, 0.3238
0.8227, 0.3238
0.8276, 0.3238
0.8276, 0.3238
0.8276, 0.3238
0.8276, 0.3238
0.8276, 0.3238
0.8276, 0.3238
0.8276, 0.3238
0.8276, 0.3238
0.8276, 0.3238
0.8276, 0.3238
0.8276, 0.3238
0.8325, 0.3238
0.8325, 0.3238
0.8325, 0.3238
0.8374, 0.3238
0.8374, 0.3238
0.8374, 0.3238
0.8374, 0.3238
0.8374, 0.3238
0.8374, 0.3238
0.8424, 0.3238
0.8424, 0.3238
0.8424, 0.3238
0.8424, 0.3238
0.8424, 0.3238
0.8424, 0.3238
0.8424, 0.3238
0.8424, 0.3238
0.8424, 0.3238
0.8424, 0.3238
0.8424, 0.3238
0.8424, 0.3238
0.8424, 0.3238
0.8424, 0.3238
0.8424, 0.3238
0.8424, 0.3238
0.8424, 0.3238
0.8424, 0.3238
0.8424, 0.3238
0.8424, 0.3238
0.8424, 0.3238
0.8473, 0.3238
0.8473, 0.3238
0.8473, 0.3238
0.8473, 0.3238
0.8473, 0.3238
0.8473, 0.3238
0.8473, 0.3238
0.8473, 0.3238
0.8522, 0.3238
0.8522, 0.3238
0.8522, 0.3238
0.8522, 0.3238
0.8522, 0.3238
0.8522, 0.3238
0.8522, 0.3238
0.8522, 0.3238
0.8522, 0.3238
0.8522, 0.3238
0.8522, 0.3238
0.8522, 0.3238
0.8522, 0.3238
0.8522, 0.3238
0.8522, 0.3238
0.8571, 0.3238
0.8571, 0.3238
0.8571, 0.3238
0.8571, 0.3238
0.8571, 0.3238
0.8571, 0.3238
0.8621, 0.3238
0.8621, 0.3238
0.8621, 0.3238
0.8621, 0.3238
0.8621, 0.3238
0.8621, 0.3238
0.8621, 0.3238
0.8621, 0.3238
0.8621, 0.3238
0.8621, 0.3238
0.8621, 0.3238
0.8621, 0.3238
0.8670, 0.3238
0.8670, 0.3238
0.8670, 0.3238
0.8670, 0.3238
0.8670, 0.3238
0.8670, 0.3238
0.8719, 0.3238
0.8719, 0.3238
0.8719, 0.3238
0.8719, 0.3238
0.8719, 0.3238
0.8719, 0.3238
0.8719, 0.3238
0.8719, 0.3238
0.8719, 0.3238
0.8719, 0.3238
0.8719, 0.3238
0.8719, 0.3238
0.8768, 0.3238
0.8768, 0.3238
0.8768, 0.3238
0.8768, 0.3238
0.8768, 0.3238
0.8768, 0.3238
0.8768, 0.3238
0.8768, 0.3238
0.8768, 0.3238
0.8768, 0.3238
0.8768, 0.3238
0.8768, 0.3238
0.8768, 0.3238
0.8768, 0.3238
0.8768, 0.3238
0.8768, 0.3238
0.8768, 0.3238
0.8768, 0.3238
0.8818, 0.3238
0.8818, 0.3238
0.8818, 0.3238
0.8818, 0.3238
0.8818, 0.3238
0.8818, 0.3238
0.8818, 0.3238
0.8818, 0.3238
0.8867, 0.3238
0.8867, 0.3238
0.8867, 0.3238
0.8867, 0.3238
0.8867, 0.3238
0.8867, 0.3238
0.8867, 0.3238
0.8867, 0.3238
0.8867, 0.3238
0.8867, 0.3238
0.8867, 0.3238
0.8867, 0.3238
0.8867, 0.3238
0.8867, 0.3238
0.8867, 0.3238
0.8867, 0.3238
0.8867, 0.3238
0.8916, 0.3238
0.8916, 0.3238
0.8916, 0.3238
0.8916, 0.3238
0.8916, 0.3238
0.8916, 0.3238
0.8916, 0.3238
0.8916, 0.3238
0.8966, 0.3238
0.8966, 0.3238
0.8966, 0.3238
0.8966, 0.3238
0.8966, 0.3238
0.8966, 0.3238
0.8966, 0.3238
0.8966, 0.3238
0.9015, 0.3238
0.9015, 0.3238
0.9015, 0.3238
0.9015, 0.3238
0.9015, 0.3238
0.9015, 0.3238
0.9015, 0.3238
0.9015, 0.3238
0.9015, 0.3238
0.9015, 0.3238
0.9015, 0.3238
0.9015, 0.3238
0.9064, 0.3238
0.9064, 0.3238
0.9064, 0.3238
0.9064, 0.3238
0.9064, 0.3238
0.9064, 0.3238
0.9064, 0.3238
0.9064, 0.3238
0.9064, 0.3238
0.9064, 0.3238
0.9064, 0.3238
0.9064, 0.3238
0.9064, 0.3238
0.9064, 0.3238
0.9113, 0.3238
0.9113, 0.3238
0.9113, 0.3238
0.9113, 0.3238
0.9113, 0.3238
0.9113, 0.3238
0.9113, 0.3238
0.9113, 0.3238
0.9113, 0.3238
0.9113, 0.3238
0.9113, 0.3238
0.9113, 0.3238
0.9163, 0.3238
0.9163, 0.3238
0.9163, 0.3238
0.9163, 0.3238
0.9163, 0.3238
0.9163, 0.3238
0.9212, 0.3238
0.9212, 0.3238
0.9212, 0.3238
0.9212, 0.3238
0.9212, 0.3238
0.9212, 0.3238
0.9261, 0.3238
0.9261, 0.3238
0.9261, 0.3238
0.9261, 0.3238
0.9261, 0.3238
0.9261, 0.3238
0.9261, 0.3238
0.9261, 0.3238
0.9261, 0.3212
0.9261, 0.3212
0.9261, 0.3212
0.9261, 0.3212
0.9261, 0.3212
0.9261, 0.3212
0.9261, 0.3212
0.9261, 0.3212
0.9261, 0.3212
0.9310, 0.3212
0.9310, 0.3212
0.9310, 0.3212
0.9310, 0.3212
0.9310, 0.3212
0.9310, 0.3212
0.9310, 0.3212
0.9310, 0.3212
0.9360, 0.3212
0.9360, 0.3212
0.9360, 0.3212
0.9360, 0.3212
0.9360, 0.3212
0.9360, 0.3187
0.9360, 0.3187
0.9360, 0.3187
0.9360, 0.3187
0.9360, 0.3187
0.9360, 0.3187
0.9360, 0.3187
0.9360, 0.3187
0.9360, 0.3187
0.9360, 0.3187
0.9360, 0.3187
0.9360, 0.3187
0.9360, 0.3187
0.9360, 0.3187
0.9360, 0.3187
0.9360, 0.3187
0.9360, 0.3187
0.9360, 0.3187
0.9409, 0.3187
0.9409, 0.3187
0.9409, 0.3187
0.9409, 0.3187
0.9409, 0.3187
0.9409, 0.3187
0.9409, 0.3161
0.9409, 0.3161
0.9458, 0.3161
0.9458, 0.3161
0.9458, 0.3161
0.9458, 0.3161
0.9458, 0.3161
0.9458, 0.3161
0.9507, 0.3161
0.9507, 0.3161
0.9507, 0.3161
0.9507, 0.3161
0.9507, 0.3161
0.9507, 0.3161
0.9507, 0.3161
0.9507, 0.3161
0.9507, 0.3161
0.9507, 0.3161
0.9507, 0.3161
0.9507, 0.3161
0.9507, 0.3161
0.9507, 0.3161
0.9507, 0.3161
0.9507, 0.3161
0.9507, 0.3161
0.9507, 0.3135
0.9507, 0.3135
0.9507, 0.3135
0.9557, 0.3135
0.9557, 0.3135
0.9557, 0.3135
0.9557, 0.3135
0.9557, 0.3135
0.9557, 0.3135
0.9557, 0.3135
0.9557, 0.3135
0.9557, 0.3135
0.9606, 0.3135
0.9606, 0.3135
0.9606, 0.3135
0.9606, 0.3135
0.9606, 0.3135
0.9606, 0.3109
0.9606, 0.3109
0.9606, 0.3109
0.9606, 0.3109
0.9606, 0.3109
0.9606, 0.3109
0.9606, 0.3109
0.9606, 0.3109
0.9606, 0.3109
0.9606, 0.3109
0.9606, 0.3109
0.9606, 0.3109
0.9606, 0.3109
0.9606, 0.3109
0.9606, 0.3109
0.9606, 0.3109
0.9606, 0.3109
0.9655, 0.3109
0.9655, 0.3109
0.9655, 0.3109
0.9655, 0.3109
0.9655, 0.3109
0.9655, 0.3109
0.9655, 0.3109
0.9655, 0.3109
0.9655, 0.3109
0.9704, 0.3109
0.9704, 0.3109
0.9704, 0.3109
0.9704, 0.3109
0.9704, 0.3109
0.9704, 0.3109
0.9704, 0.3109
0.9704, 0.3109
0.9704, 0.3109
0.9704, 0.3109
0.9704, 0.3109
0.9704, 0.3083
0.9704, 0.3083
0.9754, 0.3083
0.9754, 0.3083
0.9754, 0.3083
0.9754, 0.3083
0.9754, 0.3083
0.9754, 0.3083
0.9754, 0.3083
0.9754, 0.3083
0.9754, 0.3083
0.9754, 0.3083
0.9754, 0.3083
0.9754, 0.3083
0.9754, 0.3083
0.9754, 0.3083
0.9754, 0.3083
0.9754, 0.3057
0.9754, 0.3057
0.9754, 0.3057
0.9803, 0.3057
0.9803, 0.3057
0.9852, 0.3057
0.9852, 0.3057
0.9852, 0.3057
0.9852, 0.3057
0.9852, 0.3057
0.9852, 0.3057
0.9852, 0.3057
0.9852, 0.3057
0.9852, 0.3057
0.9852, 0.3057
0.9852, 0.3057
0.9852, 0.3057
0.9852, 0.3057
0.9852, 0.3057
0.9852, 0.3057
0.9852, 0.3057
0.9901, 0.3057
0.9901, 0.3057
0.9901, 0.3057
0.9901, 0.3031
0.9901, 0.3031
0.9901, 0.3031
0.9951, 0.3031
0.9951, 0.3031
0.9951, 0.3031
0.9951, 0.3031
0.9951, 0.3031
1.0000, 0.3031
1.0000, 0.3031
1.0000, 0.3031
1.0000, 0.3031
1.0000, 0.3031
1.0000, 0.3031
1.0000, 0.3031
1.0000, 0.3031
1.0000, 0.3031
1.0000, 0.3031
1.0000, 0.3031
1.0000, 0.3031
1.0000, 0.3031
1.0000, 0.3031
1.0000, 0.3031
1.0000, 0.3031
1.0000, 0.3031
1.0000, 0.3031
1.0000, 0.3031
1.0000, 0.3031
1.0000, 0.3031
1.0000, 0.3031
1.0000, 0.3031
1.0000, 0.3031
1.0000, 0.3031
1.0000, 0.3031
1.0000, 0.3031
1.0000, 0.3031
1.0000, 0.3031
1.0000, 0.3031
1.0000, 0.3031
1.0000, 0.3031
1.0000, 0.3031
1.0000, 0.3031
1.0000, 0.3031
1.0000, 0.3031
1.0000, 0.3031
1.0000, 0.3031
1.0000, 0.3031
1.0000, 0.3031
1.0000, 0.3031
1.0000, 0.3031
1.0000, 0.3031
1.0000, 0.3031
1.0000, 0.3031
1.0000, 0.3031
1.0000, 0.3031
0.0099, 0.0363
0.0099, 0.0363
0.0099, 0.0363
0.0099, 0.0363
0.0099, 0.0363
0.0099, 0.0363
0.0099, 0.0363
0.0099, 0.0363
0.0099, 0.0363
0.0099, 0.0363
0.0099, 0.0363
0.0099, 0.0363
0.0099, 0.0363
0.0099, 0.0363
0.0099, 0.0363
0.0099, 0.0363
0.0099, 0.0363
0.0099, 0.0363
0.0099, 0.0363
0.0099, 0.0363
0.0099, 0.0363
0.0099, 0.0363
0.0099, 0.0363
0.0099, 0.0363
0.0099, 0.0363
0.0099, 0.0363
0.0099, 0.0363
0.0099, 0.0363
0.0099, 0.0363
0.0099, 0.0363
0.0099, 0.0363
0.0099, 0.0363
0.0099, 0.0363
0.0099, 0.0363
0.0099, 0.0363
0.0099, 0.0363
0.0099, 0.0363
0.0099, 0.0363
0.0099, 0.0363
0.0099, 0.0363
0.0099, 0.0363
0.0099, 0.0363
0.0099, 0.0363
0.0099, 0.0363
0.0099, 0.0363
0.0099, 0.0363
0.0099, 0.0363
0.0099, 0.0363
0.0099, 0.0363
0.0099, 0.0363
0.0099, 0.0363
0.0099, 0.0363
0.0099, 0.0363
0.0099, 0.0363
0.0099, 0.0363
0.0099, 0.0363
0.0099, 0.0363
0.0099, 0.0363
0.0148, 0.0363
0.0148, 0.0363
0.0148, 0.0363
0.0148, 0.0363
0.0197, 0.0363
0.0197, 0.0363
0.0197, 0.0363
0.0197, 0.0363
0.0197, 0.0363
0.0197, 0.0363
0.0197, 0.0363
0.0197, 0.0363
0.0197, 0.0363
0.0197, 0.0363
0.0197, 0.0363
0.0197, 0.0363
0.0197, 0.0363
0.0246, 0.0363
0.0246, 0.0363
0.0246, 0.0363
0.0246, 0.0363
0.0246, 0.0363
0.0246, 0.0363
0.0246, 0.0363
0.0246, 0.0363
0.0296, 0.0363
0.0296, 0.0363
0.0296, 0.0363
0.0296, 0.0363
0.0296, 0.0363
0.0296, 0.0363
0.0296, 0.0363
0.0296, 0.0363
0.0345, 0.0363
0.0345, 0.0363
0.0345, 0.0363
0.0345, 0.0363
0.0345, 0.0363
0.0345, 0.0363
0.0345, 0.0363
0.0345, 0.0363
0.0345, 0.0363
0.0345, 0.0363
0.0345, 0.0363
0.0394, 0.0363
0.0394, 0.0363
0.0394, 0.0337
0.0394, 0.0337
0.0394, 0.0337
0.0443, 0.0337
0.0443, 0.0337
0.0443, 0.0337
0.0443, 0.0337
0.0443, 0.0337
0.0443, 0.0337
0.0443, 0.0337
0.0443, 0.0337
0.0443, 0.0337
0.0493, 0.0337
0.0493, 0.0337
0.0493, 0.0337
0.0542, 0.0337
0.0542, 0.0337
0.0542, 0.0337
0.0542, 0.0337
0.0542, 0.0337
0.0542, 0.0337
0.0542, 0.0337
0.0542, 0.0337
0.0542, 0.0337
0.0542, 0.0337
0.0591, 0.0311
0.0591, 0.0311
0.0591, 0.0311
0.0591, 0.0311
0.0591, 0.0311
0.0591, 0.0311
0.0591, 0.0311
0.0591, 0.0311
0.0591, 0.0311
0.0591, 0.0311
0.0591, 0.0311
0.0591, 0.0311
0.0591, 0.0311
0.0640, 0.0285
0.0640, 0.0285
0.0640, 0.0285
0.0640, 0.0285
0.0640, 0.0285
0.0640, 0.0285
0.0690, 0.0285
0.0690, 0.0285
0.0690, 0.0285
0.0690, 0.0285
0.0690, 0.0285
0.0690, 0.0285
0.0690, 0.0259
0.0690, 0.0259
0.0690, 0.0259
0.0690, 0.0259
0.0690, 0.0259
0.0690, 0.0259
0.0690, 0.0259
0.0690, 0.0259
0.0690, 0.0259
0.0690, 0.0259
0.0739, 0.0259
0.0739, 0.0259
0.0739, 0.0259
0.0739, 0.0259
0.0739, 0.0259
0.0739, 0.0259
0.0739, 0.0259
0.0739, 0.0259
0.0739, 0.0259
0.0788, 0.0259
0.0788, 0.0259
0.0788, 0.0259
0.0788, 0.0233
0.0788, 0.0233
0.0788, 0.0233
0.0837, 0.0233
0.0837, 0.0233
0.0837, 0.0233
0.0837, 0.0233
0.0837, 0.0233
0.0837, 0.0233
0.0837, 0.0207
0.0837, 0.0207
0.0837, 0.0207
0.0837, 0.0207
0.0837, 0.0207
0.0837, 0.0207
0.0837, 0.0207
0.0887, 0.0207
0.0887, 0.0207
0.0887, 0.0207
0.0887, 0.0207
0.0887, 0.0207
0.0887, 0.0207
0.0887, 0.0207
0.0887, 0.0207
0.0887, 0.0207
0.0887, 0.0207
0.0887, 0.0207
0.0887, 0.0207
0.0936, 0.0181
0.0936, 0.0181
0.0936, 0.0181
0.0936, 0.0181
0.0936, 0.0181
0.0936, 0.0181
0.0936, 0.0155
0.0936, 0.0155
0.0936, 0.0155
0.0936, 0.0155
0.0936, 0.0155
0.0936, 0.0155
0.0936, 0.0155
0.0985, 0.0155
0.0985, 0.0155
0.0985, 0.0155
0.0985, 0.0155
0.0985, 0.0155
0.1034, 0.0130
0.1034, 0.0130
0.1034, 0.0130
0.1034, 0.0130
0.1034, 0.0130
0.1034, 0.0130
0.1034, 0.0130
0.1034, 0.0130
0.1034, 0.0130
0.1034, 0.0130
0.1084, 0.0130
0.1084, 0.0130
0.1084, 0.0130
0.1084, 0.0130
0.1084, 0.0130
0.1084, 0.0130
0.1084, 0.0130
0.1084, 0.0130
0.1084, 0.0130
0.1084, 0.0130
0.1084, 0.0130
0.1084, 0.0130
0.1084, 0.0104
0.1084, 0.0104
0.1084, 0.0104
0.1133, 0.0104
0.1133, 0.0104
0.1133, 0.0104
0.1133, 0.0104
0.1133, 0.0104
0.1133, 0.0104
0.1182, 0.0078
0.1182, 0.0078
0.1182, 0.0078
0.1182, 0.0078
0.1182, 0.0078
0.1182, 0.0078
0.1182, 0.0078
0.1182, 0.0078
0.1182, 0.0078
0.1182, 0.0078
0.1182, 0.0078
0.1232, 0.0078
0.1232, 0.0078
0.1232, 0.0078
0.1232, 0.0078
0.1232, 0.0078
0.1232, 0.0078
0.1232, 0.0078
0.1232, 0.0078
0.1232, 0.0078
0.1232, 0.0078
0.1281, 0.0078
0.1281, 0.0078
0.1281, 0.0078
0.1281, 0.0078
0.1281, 0.0078
0.1281, 0.0078
0.1281, 0.0078
0.1281, 0.0078
0.1330, 0.0052
0.1330, 0.0052
0.1330, 0.0052
0.1330, 0.0052
0.1330, 0.0052
0.1330, 0.0052
0.1330, 0.0052
0.1330, 0.0052
0.1330, 0.0052
0.1330, 0.0052
0.1330, 0.0052
0.1330, 0.0052
0.1330, 0.0052
0.1379, 0.0052
0.1379, 0.0052
0.1379, 0.0052
0.1379, 0.0052
0.1379, 0.0052
0.1379, 0.0052
0.1379, 0.0026
0.1379, 0.0026
0.1379, 0.0026
0.1429, 0.0026
0.1429, 0.0026
0.1429, 0.0026
0.1429, 0.0026
0.1429, 0.0026
0.1429, 0.0026
0.1429, 0.0026
0.1429, 0.0026
0.1429, 0.0026
0.1429, 0.0026
0.1478, 0.0026
0.1478, 0.0026
0.1478, 0.0026
0.1478, 0.0026
0.1478, 0.0026
0.1478, 0.0026
0.1527, 0.0026
0.1527, 0.0026
0.1527, 0.0026
0.1527, 0.0000
0.1527, 0.0000
0.1527, 0.0000
0.1527, 0.0000
0.1527, 0.0000
0.1527, 0.0000
0.1576, 0.0000
0.1576, 0.0000
0.1576, 0.0000
0.1576, 0.0000
0.1576, 0.0000
0.1576, 0.0000
0.1626, 0.0000
0.1626, 0.0000
0.1626, 0.0000
0.1675, 0.0000
0.1675, 0.0000
0.1675, 0.0000
0.1675, 0.0000
0.1675, 0.0000
0.1675, 0.0000
0.1675, 0.0000
0.1675, 0.0000
0.1675, 0.0000
0.1675, 0.0000
0.1675, 0.0000
0.1675, 0.0000
0.1724, 0.0000
0.1724, 0.0000
0.1724, 0.0000
0.1724, 0.0000
0.1724, 0.0000
0.1724, 0.0000
0.1773, 0.0000
0.1773, 0.0000
0.1773, 0.0000
0.1773, 0.0000
0.1773, 0.0000
0.1773, 0.0000
0.1773, 0.0000
0.1773, 0.0000
0.1773, 0.0000
0.1823, 0.0000
0.1823, 0.0000
0.1823, 0.0000
0.1823, 0.0000
0.1823, 0.0000
0.1823, 0.0000
0.1872, 0.0000
0.1872, 0.0000
0.1872, 0.0000
0.1872, 0.0000
0.1872, 0.0000
0.1872, 0.0000
0.1921, 0.0000
0.1921, 0.0000
0.1921, 0.0000
0.1921, 0.0000
0.1921, 0.0000
0.1921, 0.0000
0.1921, 0.0000
0.1921, 0.0000
0.1921, 0.0000
0.1970, 0.0000
0.1970, 0.0000
0.1970, 0.0000
0.2020, 0.0000
0.2020, 0.0000
0.2020, 0.0000
0.2020, 0.0000
0.2020, 0.0000
0.2020, 0.0000
0.2020, 0.0000
0.2020, 0.0000
0.2020, 0.0000
0.2069, 0.0000
0.2069, 0.0000
0.2069, 0.0000
0.2069, 0.0000
0.2069, 0.0000
0.2069, 0.0000
0.2118, 0.0000
0.2118, 0.0000
0.2118, 0.0000
0.2118, 0.0000
0.2118, 0.0000
0.2118, 0.0000
0.2167, 0.0000
0.2167, 0.0000
0.2167, 0.0000
0.2167, 0.0000
0.2167, 0.0000
0.2167, 0.0000
0.2167, 0.0000
0.2167, 0.0000
0.2167, 0.0000
0.2217, 0.0000
0.2217, 0.0000
0.2217, 0.0000
0.2266, 0.0000
0.2266, 0.0000
0.2266, 0.0000
0.2266, 0.0000
0.2266, 0.0000
0.2266, 0.0000
0.2315, 0.0000
0.2315, 0.0000
0.2315, 0.0000
0.2315, 0.0000
0.2315, 0.0000
0.2315, 0.0000
0.2365, 0.0000
0.2365, 0.0000
0.2365, 0.0000
0.2414, 0.0000
0.2414, 0.0000
0.2414, 0.0000
0.2414, 0.0000
0.2414, 0.0000
0.2414, 0.0000
0.2414, 0.0000
0.2414, 0.0000
0.2414, 0.0000
0.2414, 0.0000
0.2414, 0.0000
0.2414, 0.0000
0.2463, 0.0000
0.2463, 0.0000
0.2512, 0.0000
0.2512, 0.0000
0.2512, 0.0000
0.2512, 0.0000
0.2512, 0.0000
0.2512, 0.0000
0.2512, 0.0000
0.2512, 0.0000
0.2512, 0.0000
0.2512, 0.0000
0.2512, 0.0000
0.2512, 0.0000
0.2512, 0.0000
0.2562, 0.0000
0.2562, 0.0000
0.2562, 0.0000
0.2611, 0.0000
0.2611, 0.0000
0.2611, 0.0000
0.2611, 0.0000
0.2611, 0.0000
0.2660, 0.0000
0.2660, 0.0000
0.2660, 0.0000
0.2660, 0.0000
0.2660, 0.0000
0.2660, 0.0000
0.2709, 0.0000
0.2709, 0.0000
0.2709, 0.0000
0.2709, 0.0000
0.2709, 0.0000
0.2709, 0.0000
0.2759, 0.0000
0.2759, 0.0000
0.2759, 0.0000
0.2759, 0.0000
0.2759, 0.0000
0.2759, 0.0000
0.2759, 0.0000
0.2759, 0.0000
0.2759, 0.0000
0.2808, 0.0000
0.2808, 0.0000
0.2808, 0.0000
0.2857, 0.0026
0.2857, 0.0026
0.2857, 0.0026
0.2857, 0.0026
0.2857, 0.0026
0.2857, 0.0026
0.2906, 0.0026
0.2906, 0.0026
0.2906, 0.0026
0.2906, 0.0026
0.2906, 0.0026
0.2906, 0.0026
0.2906, 0.0026
0.2906, 0.0026
0.2906, 0.0026
0.2956, 0.0052
0.2956, 0.0052
0.2956, 0.0052
0.2956, 0.0052
0.2956, 0.0052
0.2956, 0.0052
0.3005, 0.0052
0.3005, 0.0052
0.3005, 0.0052
0.3005, 0.0052
0.3005, 0.0052
0.3005, 0.0052
0.3054, 0.0052
0.3054, 0.0052
0.3054, 0.0052
0.3103, 0.0052
0.3103, 0.0052
0.3103, 0.0052
0.3103, 0.0052
0.3103, 0.0052
0.3103, 0.0052
0.3153, 0.0052
0.3153, 0.0052
0.3153, 0.0052
0.3153, 0.0052
0.3153, 0.0052
0.3153, 0.0052
0.3153, 0.0078
0.3153, 0.0078
0.3153, 0.0078
0.3202, 0.0078
0.3202, 0.0078
0.3251, 0.0078
0.3251, 0.0078
0.3251, 0.0078
0.3251, 0.0104
0.3251, 0.0104
0.3251, 0.0104
0.3251, 0.0104
0.3251, 0.0104
0.3251, 0.0104
0.3300, 0.0104
0.3300, 0.0104
0.3350, 0.0104
0.3350, 0.0104
0.3350, 0.0104
0.3350, 0.0104
0.3350, 0.0104
0.3350, 0.0104
0.3350, 0.0130
0.3350, 0.0130
0.3350, 0.0130
0.3350, 0.0130
0.3350, 0.0130
0.3350, 0.0130
0.3399, 0.0130
0.3399, 0.0130
0.3399, 0.0130
0.3448, 0.0155
0.3448, 0.0155
0.3448, 0.0155
0.3498, 0.0155
0.3498, 0.0155
0.3498, 0.0181
0.3498, 0.0181
0.3498, 0.0181
0.3498, 0.0181
0.3498, 0.0181
0.3498, 0.0181
0.3547, 0.0181
0.3547, 0.0181
0.3547, 0.0181
0.3547, 0.0181
0.3547, 0.0181
0.3547, 0.0181
0.3596, 0.0181
0.3596, 0.0181
0.3596, 0.0181
0.3596, 0.0181
0.3596, 0.0181
0.3596, 0.0181
0.3596, 0.0181
0.3596, 0.0181
0.3645, 0.0207
0.3645, 0.0207
0.3645, 0.0207
0.3645, 0.0207
0.3645, 0.0207
0.3645, 0.0207
0.3695, 0.0207
0.3695, 0.0207
0.3695, 0.0207
0.3695, 0.0233
0.3695, 0.0233
0.3695, 0.0233
0.3744, 0.0233
0.3744, 0.0233
0.3744, 0.0233
0.3744, 0.0233
0.3744, 0.0233
0.3744, 0.0233
0.3744, 0.0233
0.3744, 0.0233
0.3793, 0.0233
0.3793, 0.0233
0.3793, 0.0233
0.3842, 0.0233
0.3842, 0.0233
0.3842, 0.0233
0.3842, 0.0259
0.3842, 0.0259
0.3842, 0.0259
0.3842, 0.0259
0.3842, 0.0259
0.3892, 0.0259
0.3892, 0.0259
0.3892, 0.0259
0.3941, 0.0259
0.3941, 0.0259
0.3941, 0.0259
0.3941, 0.0285
0.3941, 0.0285
0.3990, 0.0285
0.3990, 0.0285
0.3990, 0.0285
0.3990, 0.0285
0.3990, 0.0285
0.3990, 0.0285
0.3990, 0.0311
0.3990, 0.0311
0.3990, 0.0311
0.4039, 0.0311
0.4039, 0.0311
0.4039, 0.0311
0.4089, 0.0311
0.4089, 0.0311
0.4089, 0.0311
0.4089, 0.0311
0.4089, 0.0311
0.4138, 0.0311
0.4138, 0.0311
0.4138, 0.0311
0.4187, 0.0311
0.4187, 0.0311
0.4236, 0.0311
0.4236, 0.0311
0.4236, 0.0311
0.4236, 0.0311
0.4236, 0.0311
0.4236, 0.0311
0.4236, 0.0311
0.4236, 0.0311
0.4236, 0.0311
0.4286, 0.0311
0.4286, 0.0311
0.4286, 0.0311
0.4286, 0.0337
0.4286, 0.0337
0.4286, 0.0337
0.4335, 0.0337
0.4335, 0.0337
0.4335, 0.0337
0.4335, 0.0337
0.4335, 0.0337
0.4384, 0.0337
0.4384, 0.0337
0.4384, 0.0337
0.4384, 0.0337
0.4384, 0.0337
0.4384, 0.0337
0.4433, 0.0337
0.4433, 0.0337
0.4433, 0.0337
0.4433, 0.0363
0.4433, 0.0363
0.4433, 0.0363
0.4483, 0.0363
0.4483, 0.0363
0.4483, 0.0363
0.4483, 0.0363
0.4483, 0.0363
0.4532, 0.0363
0.4532, 0.0363
0.4532, 0.0363
0.4532, 0.0363
0.4532, 0.0363
0.4532, 0.0363
0.4581, 0.0363
0.4581, 0.0363
0.4581, 0.0363
0.4581, 0.0363
0.4581, 0.0363
0.4581, 0.0363
0.4581, 0.0363
0.4581, 0.0363
0.4631, 0.0389
0.4631, 0.0389
0.4631, 0.0389
0.4631, 0.0389
0.4631, 0.0389
0.4631, 0.0389
0.4680, 0.0389
0.4680, 0.0389
0.4680, 0.0389
0.4680, 0.0389
0.4680, 0.0389
0.4680, 0.0389
0.4680, 0.0389
0.4680, 0.0389
0.4680, 0.0389
0.4680, 0.0415
0.4680, 0.0415
0.4729, 0.0415
0.4729, 0.0415
0.4729, 0.0415
0.4778, 0.0415
0.4778, 0.0415
0.4778, 0.0415
0.4778, 0.0415
0.4778, 0.0415
0.4828, 0.0440
0.4828, 0.0440
0.4828, 0.0440
0.4828, 0.0440
0.4828, 0.0440
0.4828, 0.0440
0.4828, 0.0440
0.4828, 0.0440
0.4828, 0.0440
0.4877, 0.0440
0.4877, 0.0440
0.4877, 0.0440
0.4877, 0.0440
0.4877, 0.0440
0.4877, 0.0440
0.4926, 0.0440
0.4926, 0.0440
0.4926, 0.0466
0.4926, 0.0466
0.4926, 0.0466
0.4926, 0.0466
0.4926, 0.0466
0.4926, 0.0466
0.4975, 0.0492
0.4975, 0.0492
0.5025, 0.0492
0.5025, 0.0492
0.5025, 0.0492
0.5025, 0.0492
0.5025, 0.0492
0.5025, 0.0492
0.5074, 0.0492
0.5074, 0.0492
0.5074, 0.0492
0.5074, 0.0492
0.5074, 0.0492
0.5074, 0.0492
0.5074, 0.0492
0.5074, 0.0492
0.5074, 0.0518
0.5074, 0.0518
0.5074, 0.0518
0.5123, 0.0518
0.5123, 0.0518
0.5172, 0.0518
0.5172, 0.0518
0.5172, 0.0518
0.5172, 0.0544
0.5172, 0.0544
0.5172, 0.0544
0.5172, 0.0544
0.5172, 0.0544
0.5222, 0.0544
0.5222, 0.0544
0.5222, 0.0544
0.5222, 0.0570
0.5222, 0.0570
0.5222, 0.0570
0.5271, 0.0570
0.5271, 0.0570
0.5320, 0.0570
0.5320, 0.0570
0.5320, 0.0570
0.5320, 0.0570
0.5320, 0.0570
0.5320, 0.0570
0.5320, 0.0570
0.5320, 0.0570
0.5320, 0.0570
0.5320, 0.0570
0.5320, 0.0570
0.5320, 0.0570
0.5369, 0.0570
0.5369, 0.0570
0.5419, 0.0596
0.5419, 0.0596
0.5419, 0.0596
0.5419, 0.0596
0.5419, 0.0596
0.5419, 0.0596
0.5419, 0.0596
0.5419, 0.0596
0.5419, 0.0596
0.5468, 0.0596
0.5468, 0.0596
0.5468, 0.0596
0.5468, 0.0596
0.5468, 0.0596
0.5517, 0.0596
0.5517, 0.0596
0.5517, 0.0596
0.5567, 0.0622
0.5567, 0.0622
0.5567, 0.0622
0.5567, 0.0622
0.5567, 0.0622
0.5567, 0.0622
0.5567, 0.0622
0.5567, 0.0622
0.5567, 0.0622
0.5567, 0.0622
0.5567, 0.0622
0.5616, 0.0622
0.5616, 0.0622
0.5616, 0.0622
0.5665, 0.0622
0.5665, 0.0622
0.5665, 0.0622
0.5665, 0.0622
0.5665, 0.0622
0.5665, 0.0622
0.5665, 0.0622
0.5665, 0.0622
0.5714, 0.0622
0.5714, 0.0622
0.5714, 0.0622
0.5764, 0.0622
0.5764, 0.0622
0.5764, 0.0622
0.5813, 0.0648
0.5813, 0.0648
0.5813, 0.0648
0.5813, 0.0648
0.5813, 0.0648
0.5813, 0.0648
0.5813, 0.0648
0.5813, 0.0648
0.5862, 0.0648
0.5862, 0.0648
0.5862, 0.0648
0.5911, 0.0648
0.5911, 0.0648
0.5911, 0.0674
0.5911, 0.0674
0.5911, 0.0674
0.5961, 0.0674
0.5961, 0.0674
0.6010, 0.0674
0.6010, 0.0674
0.6010, 0.0674
0.6059, 0.0674
0.6059, 0.0674
0.6059, 0.0674
0.6059, 0.0674
0.6059, 0.0674
0.6059, 0.0674
0.6059, 0.0674
0.6059, 0.0674
0.6059, 0.0674
0.6108, 0.0699
0.6108, 0.0699
0.6158, 0.0699
0.6158, 0.0699
0.6158, 0.0699
0.6158, 0.0699
0.6158, 0.0699
0.6158, 0.0699
0.6207, 0.0699
0.6207, 0.0699
0.6256, 0.0699
0.6256, 0.0699
0.6256, 0.0699
0.6256, 0.0699
0.6256, 0.0699
0.6256, 0.0699
0.6256, 0.0699
0.6256, 0.0699
0.6355, 0.0699
0.6355, 0.0699
0.6355, 0.0699
0.6404, 0.0699
0.6404, 0.0699
0.6404, 0.0699
0.6404, 0.0699
0.6404, 0.0699
0.6404, 0.0699
0.6404, 0.0699
0.6404, 0.0699
0.6453, 0.0725
0.6453, 0.0725
0.6453, 0.0725
0.6453, 0.0725
0.6453, 0.0725
0.6453, 0.0725
0.6502, 0.0725
0.6502, 0.0725
0.6552, 0.0725
0.6552, 0.0725
0.6552, 0.0725
0.6552, 0.0725
0.6552, 0.0725
0.6552, 0.0751
0.6552, 0.0751
0.6552, 0.0751
0.6552, 0.0751
0.6552, 0.0751
0.6552, 0.0751
0.6601, 0.0751
0.6601, 0.0751
0.6601, 0.0751
0.6601, 0.0751
0.6601, 0.0751
0.6650, 0.0751
0.6650, 0.0751
0.6650, 0.0751
0.6650, 0.0751
0.6650, 0.0751
0.6650, 0.0751
0.6650, 0.0751
0.6650, 0.0751
0.6650, 0.0751
0.6650, 0.0751
0.6650, 0.0751
0.6700, 0.0751
0.6700, 0.0751
0.6749, 0.0751
0.6749, 0.0751
0.6749, 0.0751
0.6749, 0.0751
0.6749, 0.0751
0.6749, 0.0751
0.6798, 0.0751
0.6798, 0.0751
0.6798, 0.0777
0.6798, 0.0777
0.6798, 0.0777
0.6798, 0.0777
0.6798, 0.0777
0.6798, 0.0777
0.6798, 0.0777
0.6798, 0.0777
0.6847, 0.0777
0.6847, 0.0777
0.6847, 0.0777
0.6847, 0.0777
0.6847, 0.0777
0.6897, 0.0777
0.6897, 0.0777
0.6897, 0.0777
0.6897, 0.0777
0.6897, 0.0777
0.6897, 0.0803
0.6897, 0.0803
0.6897, 0.0803
0.6946, 0.0803
0.6946, 0.0803
0.6946, 0.0803
0.6946, 0.0803
0.6946, 0.0803
0.6995, 0.0803
0.6995, 0.0803
0.6995, 0.0803
0.6995, 0.0803
0.7044, 0.0803
0.7044, 0.0803
0.7044, 0.0803
0.7044, 0.0803
0.7044, 0.0803
0.7044, 0.0803
0.7044, 0.0803
0.7044, 0.0803
0.7044, 0.0803
0.7044, 0.0803
0.7044, 0.0803
0.7044, 0.0803
0.7044, 0.0803
0.7044, 0.0803
0.7094, 0.0803
0.7094, 0.0803
0.7094, 0.0803
0.7143, 0.0803
0.7143, 0.0803
0.7143, 0.0803
0.7143, 0.0803
0.7143, 0.0803
0.7143, 0.0803
0.7143, 0.0803
0.7143, 0.0803
0.7192, 0.0803
0.7192, 0.0803
0.7192, 0.0803
0.7192, 0.0803
0.7192, 0.0803
0.7241, 0.0803
0.7241, 0.0803
0.7241, 0.0803
0.7241, 0.0803
0.7241, 0.0803
0.7241, 0.0803
0.7241, 0.0803
0.7241, 0.0803
0.7241, 0.0803
0.7291, 0.0803
0.7291, 0.0803
0.7291, 0.0803
0.7291, 0.0803
0.7291, 0.0803
0.7340, 0.0803
0.7340, 0.0803
0.7389, 0.0803
0.7389, 0.0803
0.7389, 0.0803
0.7389, 0.0803
0.7389, 0.0803
0.7389, 0.0829
0.7389, 0.0829
0.7389, 0.0829
0.7389, 0.0829
0.7389, 0.0829
0.7389, 0.0829
0.7438, 0.0829
0.7438, 0.0829
0.7488, 0.0829
0.7488, 0.0829
0.7488, 0.0829
0.7488, 0.0829
0.7488, 0.0829
0.7488, 0.0829
0.7537, 0.0829
0.7537, 0.0829
0.7586, 0.0829
0.7586, 0.0829
0.7635, 0.0829
0.7635, 0.0829
0.7635, 0.0829
0.7635, 0.0829
0.7635, 0.0829
0.7635, 0.0829
0.7685, 0.0829
0.7685, 0.0829
0.7734, 0.0829
0.7734, 0.0829
0.7734, 0.0829
0.7734, 0.0829
0.7734, 0.0829
0.7783, 0.0855
0.7783, 0.0855
0.7783, 0.0855
0.7833, 0.0855
0.7833, 0.0855
0.7882, 0.0855
0.7882, 0.0855
0.7882, 0.0855
0.7882, 0.0855
0.7882, 0.0855
0.7882, 0.0855
0.7882, 0.0855
0.7882, 0.0855
0.7931, 0.0855
0.7931, 0.0855
0.7931, 0.0855
0.7980, 0.0855
0.7980, 0.0855
0.7980, 0.0855
0.7980, 0.0855
0.7980, 0.0855
0.8030, 0.0855
0.8030, 0.0855
0.8030, 0.0855
0.8079, 0.0855
0.8079, 0.0855
0.8079, 0.0855
0.8079, 0.0855
0.8079, 0.0855
0.8128, 0.0855
0.8128, 0.0855
0.8128, 0.0881
0.8128, 0.0881
0.8177, 0.0881
0.8177, 0.0881
0.8177, 0.0881
0.8227, 0.0881
0.8227, 0.0881
0.8227, 0.0881
0.8227, 0.0881
0.8227, 0.0881
0.8276, 0.0881
0.8276, 0.0881
0.8276, 0.0881
0.8325, 0.0881
0.8325, 0.0881
0.8374, 0.0881
0.8374, 0.0881
0.8374, 0.0881
0.8374, 0.0881
0.8374, 0.0881
0.8374, 0.0881
0.8374, 0.0881
0.8374, 0.0881
0.8424, 0.0881
0.8424, 0.0881
0.8424, 0.0881
0.8473, 0.0881
0.8473, 0.0881
0.8473, 0.0881
0.8473, 0.0881
0.8473, 0.0881
0.8473, 0.0881
0.8473, 0.0881
0.8522, 0.0881
0.8522, 0.0881
0.8522, 0.0881
0.8571, 0.0881
0.8571, 0.0881
0.8621, 0.0881
0.8621, 0.0881
0.8621, 0.0881
0.8670, 0.0881
0.8670, 0.0881
0.8670, 0.0881
0.8670, 0.0881
0.8670, 0.0881
0.8719, 0.0881
0.8719, 0.0881
0.8719, 0.0881
0.8719, 0.0881
0.8719, 0.0881
0.8719, 0.0881
0.8768, 0.0881
0.8768, 0.0881
0.8818, 0.0881
0.8818, 0.0881
0.8867, 0.0881
0.8867, 0.0881
0.8867, 0.0881
0.8867, 0.0881
0.8867, 0.0881
0.8966, 0.0881
0.8966, 0.0881
0.8966, 0.0881
0.9015, 0.0881
0.9015, 0.0881
0.9064, 0.0855
0.9064, 0.0855
0.9113, 0.0855
0.9113, 0.0855
0.9113, 0.0855
0.9163, 0.0829
0.9163, 0.0829
0.9163, 0.0829
0.9261, 0.0829
0.9261, 0.0829
0.9310, 0.0829
0.9310, 0.0829
0.9310, 0.0829
0.9310, 0.0829
0.9310, 0.0829
0.9409, 0.0803
0.9409, 0.0803
0.9409, 0.0803
0.9458, 0.0803
0.9458, 0.0803
0.9458, 0.0777
0.9458, 0.0777
0.9458, 0.0777
0.9458, 0.0777
0.9458, 0.0777
0.9458, 0.0777
0.9507, 0.0751
0.9507, 0.0751
0.9557, 0.0751
0.9557, 0.0751
0.9557, 0.0751
0.9557, 0.0751
0.9557, 0.0751
0.9606, 0.0751
0.9606, 0.0751
0.9606, 0.0751
0.9606, 0.0725
0.9606, 0.0725
0.9655, 0.0725
0.9655, 0.0725
0.9655, 0.0725
0.9704, 0.0725
0.9704, 0.0725
0.9754, 0.0699
0.9754, 0.0699
0.9754, 0.0699
0.9803, 0.0699
0.9803, 0.0699
0.9852, 0.0699
0.9852, 0.0699
0.9852, 0.0699
0.9852, 0.0699
0.9852, 0.0699
0.9852, 0.0699
0.9852, 0.0699
0.9852, 0.0699
0.9901, 0.0699
0.9901, 0.0699
0.9901, 0.0699
0.9901, 0.0699
0.9901, 0.0699
0.9901, 0.0699
0.9901, 0.0699
0.9901, 0.0699
0.9901, 0.0699
0.9901, 0.0699
0.9901, 0.0699
0.9901, 0.0699
0.9901, 0.0699
0.9901, 0.0699
0.9901, 0.0699
0.9901, 0.0699
0.9901, 0.0699
0.9901, 0.0699
0.9901, 0.0699
0.9901, 0.0699
0.9901, 0.0699
0.9901, 0.0699
0.9901, 0.0699
0.9901, 0.0699
0.9901, 0.0699
0.5172, 0.2824
0.5172, 0.2824
0.5172, 0.2824
0.5172, 0.2824
0.5172, 0.2824
0.5172, 0.2824
0.5172, 0.2824
0.5172, 0.2824
0.5172, 0.2824
0.5172, 0.2824
0.5172, 0.2824
0.5172, 0.2824
0.5172, 0.2824
0.5172, 0.2824
0.5172, 0.2824
0.5172, 0.2824
0.5172, 0.2824
0.5172, 0.2824
0.5172, 0.2824
0.5172, 0.2824
0.5172, 0.2824
0.5172, 0.2824
0.5172, 0.2824
0.5172, 0.2824
0.5172, 0.2824
0.5172, 0.2824
0.5172, 0.2824
0.5172, 0.2824
0.5172, 0.2824
0.5172, 0.2824
0.5172, 0.2824
0.5172, 0.2824
0.5172, 0.2824
0.5172, 0.2824
0.5172, 0.2824
0.5172, 0.2824
0.5172, 0.2824
0.5172, 0.2824
0.5172, 0.2824
0.5172, 0.2824
0.5172, 0.2824
0.5172, 0.2824
0.5172, 0.2824
0.5172, 0.2824
0.5172, 0.2824
0.5172, 0.2824
0.5172, 0.2824
0.5172, 0.2824
0.5172, 0.2824
0.5172, 0.2824
0.5172, 0.2824
0.5172, 0.2824
0.5172, 0.2824
0.5172, 0.2824
0.5172, 0.2824
0.5172, 0.2824
0.5172, 0.2824
0.5172, 0.2824
0.5172, 0.2824
0.5222, 0.2824
0.5222, 0.2824
0.5222, 0.2824
0.5222, 0.2824
0.5222, 0.2824
0.5222, 0.2824
0.5222, 0.2798
0.5222, 0.2798
0.5222, 0.2798
0.5222, 0.2798
0.5222, 0.2798
0.5222, 0.2798
0.5222, 0.2798
0.5222, 0.2772
0.5222, 0.2772
0.5222, 0.2772
0.5222, 0.2772
0.5222, 0.2772
0.5222, 0.2772
0.5222, 0.2746
0.5222, 0.2746
0.5222, 0.2746
0.5222, 0.2720
0.5222, 0.2720
0.5222, 0.2720
0.5222, 0.2720
0.5222, 0.2720
0.5222, 0.2720
0.5222, 0.2720
0.5222, 0.2720
0.5222, 0.2720
0.5222, 0.2694
0.5222, 0.2694
0.5222, 0.2694
0.5271, 0.2668
0.5271, 0.2668
0.5271, 0.2668
0.5271, 0.2642
0.5271, 0.2642
0.5271, 0.2642
0.5271, 0.2642
0.5271, 0.2642
0.5271, 0.2642
0.5271, 0.2642
0.5271, 0.2642
0.5271, 0.2642
0.5271, 0.2642
0.5271, 0.2617
0.5271, 0.2617
0.5271, 0.2617
0.5271, 0.2591
0.5271, 0.2591
0.5271, 0.2591
0.5271, 0.2591
0.5271, 0.2591
0.5271, 0.2591
0.5271, 0.2591
0.5271, 0.2591
0.5271, 0.2591
0.5271, 0.2565
0.5271, 0.2565
0.5271, 0.2565
0.5271, 0.2565
0.5271, 0.2565
0.5271, 0.2565
0.5271, 0.2539
0.5271, 0.2539
0.5271, 0.2539
0.5271, 0.2513
0.5271, 0.2513
0.5271, 0.2513
0.5271, 0.2513
0.5271, 0.2513
0.5271, 0.2513
0.5271, 0.2513
0.5271, 0.2513
0.5271, 0.2513
0.5271, 0.2513
0.5271, 0.2487
0.5271, 0.2487
0.5271, 0.2487
0.5271, 0.2461
0.5271, 0.2461
0.5271, 0.2461
0.5271, 0.2461
0.5271, 0.2461
0.5271, 0.2461
0.5271, 0.2461
0.5271, 0.2461
0.5271, 0.2461
0.5271, 0.2435
0.5271, 0.2435
0.5271, 0.2435
0.5271, 0.2435
0.5271, 0.2435
0.5271, 0.2435
0.5271, 0.2435
0.5271, 0.2435
0.5271, 0.2435
0.5271, 0.2409
0.5271, 0.2409
0.5271, 0.2409
0.5271, 0.2409
0.5271, 0.2409
0.5271, 0.2409
0.5271, 0.2383
0.5271, 0.2383
0.5271, 0.2383
0.5271, 0.2383
0.5271, 0.2383
0.5271, 0.2383
0.5271, 0.2383
0.5271, 0.2383
0.5271, 0.2383
0.5271, 0.2383
0.5271, 0.2358
0.5271, 0.2358
0.5271, 0.2358
0.5271, 0.2358
0.5271, 0.2358
0.5271, 0.2358
0.5271, 0.2332
0.5271, 0.2332
0.5271, 0.2332
0.5271, 0.2332
0.5271, 0.2332
0.5271, 0.2332
0.5271, 0.2332
0.5271, 0.2332
0.5271, 0.2332
0.5271, 0.2332
0.5271, 0.2332
0.5271, 0.2332
0.5271, 0.2332
0.5271, 0.2306
0.5271, 0.2306
0.5271, 0.2306
0.5271, 0.2306
0.5271, 0.2306
0.5271, 0.2306
0.5271, 0.2306
0.5271, 0.2306
0.5271, 0.2306
0.5271, 0.2280
0.5271, 0.2280
0.5271, 0.2280
0.5271, 0.2280
0.5271, 0.2280
0.5271, 0.2280
0.5271, 0.2280
0.5271, 0.2280
0.5271, 0.2280
0.5271, 0.2254
0.5271, 0.2254
0.5271, 0.2254
0.5271, 0.2254
0.5271, 0.2254
0.5271, 0.2254
0.5271, 0.2254
0.5271, 0.2254
0.5271, 0.2254
0.5271, 0.2254
0.5271, 0.2254
0.5271, 0.2254
0.5271, 0.2254
0.5271, 0.2254
0.5271, 0.2254
0.5271, 0.2254
0.5271, 0.2254
0.5271, 0.2254
0.5271, 0.2254
0.5271, 0.2228
0.5271, 0.2228
0.5271, 0.2228
0.5271, 0.2228
0.5271, 0.2228
0.5271, 0.2228
0.5271, 0.2202
0.5271, 0.2202
0.5271, 0.2202
0.5271, 0.2202
0.5271, 0.2202
0.5271, 0.2202
0.5271, 0.2202
0.5271, 0.2202
0.5271, 0.2202
0.5271, 0.2202
0.5271, 0.2202
0.5271, 0.2202
0.5271, 0.2176
0.5271, 0.2176
0.5271, 0.2176
0.5271, 0.2176
0.5271, 0.2176
0.5271, 0.2176
0.5271, 0.2150
0.5271, 0.2150
0.5271, 0.2150
0.5271, 0.2150
0.5271, 0.2150
0.5271, 0.2150
0.5271, 0.2124
0.5271, 0.2124
0.5271, 0.2124
0.5271, 0.2124
0.5271, 0.2124
0.5271, 0.2124
0.5271, 0.2124
0.5271, 0.2124
0.5271, 0.2124
0.5271, 0.2124
0.5271, 0.2098
0.5271, 0.2098
0.5271, 0.2098
0.5271, 0.2073
0.5271, 0.2073
0.5271, 0.2073
0.5271, 0.2073
0.5271, 0.2073
0.5271, 0.2073
0.5271, 0.2073
0.5271, 0.2073
0.5271, 0.2073
0.5271, 0.2073
0.5271, 0.2073
0.5271, 0.2073
0.5271, 0.2047
0.5271, 0.2047
0.5271, 0.2047
0.5271, 0.2047
0.5271, 0.2047
0.5271, 0.2021
0.5271, 0.2021
0.5271, 0.2021
0.5271, 0.2021
0.5271, 0.2021
0.5271, 0.2021
0.5271, 0.2021
0.5271, 0.2021
0.5271, 0.2021
0.5271, 0.2021
0.5271, 0.2021
0.5271, 0.2021
0.5271, 0.2021
0.5271, 0.1995
0.5271, 0.1995
0.5271, 0.1969
0.5271, 0.1969
0.5271, 0.1969
0.5271, 0.1943
0.5271, 0.1943
0.5271, 0.1943
0.5271, 0.1943
0.5271, 0.1943
0.5271, 0.1943
0.5271, 0.1943
0.5271, 0.1943
0.5271, 0.1943
0.5271, 0.1917
0.5271, 0.1917
0.5271, 0.1917
0.5271, 0.1891
0.5271, 0.1891
0.5271, 0.1891
0.5271, 0.1891
0.5271, 0.1891
0.5271, 0.1891
0.5271, 0.1891
0.5271, 0.1891
0.5271, 0.1891
0.5271, 0.1865
0.5271, 0.1865
0.5271, 0.1865
0.5271, 0.1839
0.5271, 0.1839
0.5271, 0.1839
0.5271, 0.1813
0.5271, 0.1813
0.5271, 0.1813
0.5271, 0.1813
0.5271, 0.1813
0.5271, 0.1813
0.5271, 0.1813
0.5271, 0.1813
0.5271, 0.1813
0.5271, 0.1788
0.5271, 0.1788
0.5271, 0.1788
0.5271, 0.1762
0.5271, 0.1762
0.5271, 0.1762
0.5271, 0.1762
0.5271, 0.1762
0.5271, 0.1762
0.5271, 0.1762
0.5271, 0.1762
0.5271, 0.1762
0.5271, 0.1736
0.5271, 0.1736
0.5271, 0.1710
0.5271, 0.1710
0.5271, 0.1710
0.5271, 0.1684
0.5271, 0.1684
0.5271, 0.1684
0.5271, 0.1684
0.5271, 0.1684
0.5271, 0.1684
0.5271, 0.1658
0.5271, 0.1658
0.5271, 0.1658
0.5271, 0.1658
0.5271, 0.1658
0.5271, 0.1658
0.5271, 0.1632
0.5271, 0.1632
0.5271, 0.1632
0.5271, 0.1632
0.5271, 0.1632
0.5271, 0.1632
0.5271, 0.1606
0.5271, 0.1606
0.5271, 0.1606
0.5271, 0.1606
0.5271, 0.1606
0.5271, 0.1606
0.5271, 0.1580
0.5271, 0.1580
0.5271, 0.1580
0.5271, 0.1554
0.5271, 0.1554
0.5271, 0.1554
0.5271, 0.1554
0.5271, 0.1554
0.5271, 0.1528
0.5271, 0.1528
0.5271, 0.1528
0.5271, 0.1503
0.5271, 0.1503
0.5271, 0.1503
0.5222, 0.1503
0.5222, 0.1503
0.5222, 0.1503
0.5222, 0.1477
0.5222, 0.1477
0.5222, 0.1477
0.5222, 0.1451
0.5222, 0.1451
0.5222, 0.1425
0.5222, 0.1425
0.5222, 0.1425
0.5222, 0.1425
0.5222, 0.1425
0.5222, 0.1425
0.5222, 0.1399
0.5222, 0.1399
0.5222, 0.1399
0.5222, 0.1399
0.5222, 0.1399
0.5222, 0.1399
0.5222, 0.1373
0.5222, 0.1373
0.5222, 0.1373
0.5222, 0.1373
0.5222, 0.1373
0.5222, 0.1373
0.5222, 0.1347
0.5222, 0.1347
0.5222, 0.1321
0.5222, 0.1321
0.5222, 0.1321
0.5222, 0.1295
0.5222, 0.1295
0.5222, 0.1295
0.5222, 0.1295
0.5222, 0.1295
0.5222, 0.1295
0.5222, 0.1269
0.5222, 0.1269
0.5222, 0.1269
0.5222, 0.1244
0.5222, 0.1244
0.5222, 0.1244
0.5222, 0.1244
0.5222, 0.1244
0.5222, 0.1244
0.5172, 0.1218
0.5172, 0.1218
0.5172, 0.1192
0.5172, 0.1192
0.5172, 0.1192
0.5172, 0.1192
0.5172, 0.1192
0.5172, 0.1192
0.5172, 0.1166
0.5172, 0.1166
0.5172, 0.1166
0.5172, 0.1166
0.5172, 0.1166
0.5172, 0.1166
0.5172, 0.1140
0.5172, 0.1140
0.5172, 0.1140
0.5172, 0.1114
0.5172, 0.1114
0.5172, 0.1114
0.5172, 0.1114
0.5172, 0.1114
0.5172, 0.1114
0.5172, 0.1088
0.5172, 0.1088
0.5172, 0.1062
0.5172, 0.1062
0.5172, 0.1062
0.5172, 0.1062
0.5172, 0.1062
0.5172, 0.1062
0.5172, 0.1036
0.5172, 0.1036
0.5172, 0.1036
0.5172, 0.1036
0.5172, 0.1036
0.5172, 0.1036
0.5172, 0.1010
0.5172, 0.1010
0.5172, 0.1010
0.5172, 0.0984
0.5172, 0.0984
0.5172, 0.0984
0.5172, 0.0959
0.5172, 0.0959
0.5172, 0.0959
0.5172, 0.0933
0.5172, 0.0933
0.5172, 0.0907
0.5172, 0.0907
0.5172, 0.0907
0.5172, 0.0907
0.5172, 0.0907
0.5172, 0.0907
0.5172, 0.0881
0.5172, 0.0881
0.5172, 0.0855
0.5172, 0.0855
0.5172, 0.0855
0.5172, 0.0855
0.5172, 0.0855
0.5172, 0.0855
0.5172, 0.0855
0.5172, 0.0855
0.5172, 0.0855
0.5172, 0.0829
0.5172, 0.0829
0.5172, 0.0829
0.5172, 0.0829
0.5172, 0.0829
0.5172, 0.0829
0.5172, 0.0803
0.5172, 0.0803
0.5172, 0.0803
0.5172, 0.0803
0.5172, 0.0803
0.5172, 0.0803
0.5172, 0.0803
0.5172, 0.0803
0.5172, 0.0803
0.5172, 0.0777
0.5172, 0.0777
0.5172, 0.0777
0.5172, 0.0777
0.5172, 0.0777
0.5172, 0.0777
0.5172, 0.0777
0.5172, 0.0777
0.5172, 0.0777
0.5172, 0.0777
0.5172, 0.0777
0.5172, 0.0777
0.5172, 0.0777
0.5172, 0.0777
0.5172, 0.0777
0.5172, 0.0777
0.5172, 0.0777
0.5172, 0.0777
0.5172, 0.0777
0.5172, 0.0777
0.5172, 0.0777
0.5172, 0.0777
0.5172, 0.0777
0.5172, 0.0777
0.5172, 0.0777
0.5172, 0.0777
0.5172, 0.0777
0.5172, 0.0777
0.5172, 0.0777
0.5172, 0.0751
0.5172, 0.0751
0.5172, 0.0751
0.5172, 0.0751
0.5172, 0.0751
0.5172, 0.0751
0.5172, 0.0751
0.5172, 0.0751
0.5172, 0.0751
0.5172, 0.0751
0.5172, 0.0751
0.5172, 0.0751
0.5172, 0.0751
0.5172, 0.0751
0.5172, 0.0751
0.5172, 0.0751
0.5172, 0.0751
0.5172, 0.0751
0.5172, 0.0751
0.5172, 0.0751
0.5172, 0.0751
0.5172, 0.0751
0.5172, 0.0751
0.5172, 0.0751
0.5172, 0.0725
0.5172, 0.0725
0.5172, 0.0725
0.5172, 0.0725
0.5172, 0.0725
0.5172, 0.0725
0.5172, 0.0725
0.5172, 0.0725
0.5172, 0.0725
0.5172, 0.0725
0.5172, 0.0725
0.5172, 0.0725
0.5172, 0.0725
0.5172, 0.0725
0.5172, 0.0725
0.5172, 0.0725
0.5172, 0.0725
0.5172, 0.0725
0.5172, 0.0725
0.5172, 0.0725
0.5172, 0.0725
0.5172, 0.0725
0.5172, 0.0725
0.5172, 0.0725
0.5172, 0.0725
0.5172, 0.0725
0.5172, 0.0725
0.5172, 0.0725
0.5172, 0.0725
0.5172, 0.0725
0.5172, 0.0725
0.5172, 0.0725
0.5172, 0.0725
0.5172, 0.0725
0.5172, 0.0725
0.5172, 0.0725
0.5172, 0.0725
0.5172, 0.0725
0.5172, 0.0725
0.5172, 0.0725
0.5172, 0.0725
0.5172, 0.0725
0.5172, 0.0725
0.5172, 0.0725
0.5172, 0.0725
0.5172, 0.0725
0.5172, 0.0725
0.5172, 0.0725
0.5172, 0.0725
0.5172, 0.0725
0.5172, 0.0725
0.5172, 0.0725
0.5172, 0.0725
0.5172, 0.0725
0.5172, 0.0725
0.5172, 0.0725
0.5172, 0.0725
0.5172, 0.0725
0.5172, 0.0725
0.5172, 0.0725
0.5172, 0.0725
0.5172, 0.0725
0.5172, 0.0725
0.5172, 0.0725
0.5172, 0.0725
0.5172, 0.0725
0.5172, 0.0725
0.5172, 0.0725
0.5172, 0.0725
0.5172, 0.0725
0.5172, 0.0725
0.5172, 0.0725
0.5172, 0.0725
0.5172, 0.0725
0.5172, 0.0725
0.5172, 0.0725
0.5172, 0.0725
0.5172, 0.0725
0.5172, 0.0725
0.5172, 0.0725
0.5172, 0.0725
0.5172, 0.0725
0.5172, 0.0725
0.5172, 0.0725
0.5172, 0.0725
0.5172, 0.0725
0.5172, 0.0725
0.5172, 0.0725
0.5172, 0.0725
0.5172, 0.0725
0.5172, 0.0725
0.5172, 0.0725
0.5172, 0.0725
0.5172, 0.0725
0.5172, 0.0725
0.5172, 0.0725
0.5172, 0.0725
0.5172, 0.0725
0.5172, 0.0699
0.5172, 0.0699
0.5172, 0.0699
0.5222, 0.0699
0.5222, 0.0699
0.5222, 0.0699
0.5222, 0.0699
0.5222, 0.0699
0.5222, 0.0674
0.5222, 0.0674
0.5222, 0.0674
0.5222, 0.0674
0.5222, 0.0674
0.5222, 0.0674
0.5222, 0.0674
0.5222, 0.0674
0.5222, 0.0674
0.5222, 0.0674
0.5222, 0.0674
0.5222, 0.0674
0.5222, 0.0674
0.5222, 0.0674
0.5222, 0.0674
0.5222, 0.0648
0.5222, 0.0648
0.5222, 0.0648
0.5222, 0.0648
0.5222, 0.0648
0.5222, 0.0648
0.5222, 0.0648
0.5222, 0.0648
0.5222, 0.0648
0.5222, 0.0648
0.5222, 0.0648
0.5222, 0.0648
0.5222, 0.0648
0.5222, 0.0648
0.5222, 0.0648
0.5222, 0.0648
0.5222, 0.0648
0.5222, 0.0648
0.5222, 0.0648
0.5222, 0.0648
0.5222, 0.0648
0.5222, 0.0648
0.5222, 0.0648
0.5222, 0.0648
0.5222, 0.0648
0.5222, 0.0648
0.5222, 0.0648
0.5222, 0.0648
0.5222, 0.0648
0.5222, 0.0648
0.5222, 0.0648
0.5222, 0.0622
0.5222, 0.0622
0.5222, 0.0622
0.5222, 0.0622
0.5222, 0.0622
0.5222, 0.0622
0.5222, 0.0622
0.5222, 0.0622
0.5222, 0.0622
0.5222, 0.0622
0.5222, 0.0622
0.5222, 0.0622
0.5222, 0.0622
0.5222, 0.0622
0.5222, 0.0622
0.5222, 0.0622
0.5222, 0.0622
0.5222, 0.0596
0.5222, 0.0596
0.5222, 0.0596
0.5222, 0.0596
0.5222, 0.0596
0.5222, 0.0596
0.5222, 0.0596
0.5222, 0.0596
0.5222, 0.0596
0.5222, 0.0596
0.5222, 0.0596
0.5222, 0.0596
0.5222, 0.0596
0.5222, 0.0596
0.5222, 0.0596
0.5222, 0.0596
0.5222, 0.0596
0.5222, 0.0596
0.5222, 0.0596
0.5222, 0.0596
0.5222, 0.0596
0.5222, 0.0596
0.5222, 0.0596
0.5222, 0.0596
0.5222, 0.0596
0.5222, 0.0596
0.5222, 0.0596
0.5222, 0.0596
0.5222, 0.0596
0.5222, 0.0596
0.5222, 0.0596
0.5222, 0.0596
0.5222, 0.0596
0.5222, 0.0596
0.5222, 0.0596
0.5222, 0.0596
0.5222, 0.0596
0.5222, 0.0596
0.5222, 0.0596
0.5222, 0.0596
0.5222, 0.0596
0.5222, 0.0596
0.5222, 0.0596
0.5222, 0.0596
0.5222, 0.0596
0.5222, 0.0596
0.5222, 0.0596
0.5222, 0.0596
0.5222, 0.0570
0.5222, 0.0570
0.5222, 0.0570
0.5222, 0.0570
0.5222, 0.0570
0.5222, 0.0570
0.5222, 0.0570
0.5222, 0.0570
0.5222, 0.0570
0.5222, 0.0570
0.5222, 0.0570
0.5222, 0.0570
0.5222, 0.0570
0.5222, 0.0570
0.5222, 0.0570
0.5222, 0.0570
0.5222, 0.0570
0.5222, 0.0570
0.5222, 0.0570
0.5222, 0.0570
0.5222, 0.0570
0.5222, 0.0570
0.5222, 0.0570
0.5222, 0.0570
0.5222, 0.0570
0.5222, 0.0570
0.5222, 0.0570
0.5222, 0.0570
0.5222, 0.0570
0.5222, 0.0570
0.5222, 0.0570
0.5222, 0.0570
0.5222, 0.0570
0.5222, 0.0570
0.5222, 0.0570
0.5222, 0.0570
0.5222, 0.0570
0.5222, 0.0570
0.5222, 0.0570
0.5222, 0.0570
0.5222, 0.0570
0.5222, 0.0570
0.5222, 0.0570
0.5222, 0.0570
0.5222, 0.0570
0.5222, 0.0570
0.5222, 0.0570
0.5222, 0.0570
0.5222, 0.0570
0.5271, 0.0570
0.5271, 0.0570
0.5271, 0.0570
0.5271, 0.0570
0.5271, 0.0570
0.5271, 0.0570
0.5271, 0.0570
0.5271, 0.0570
0.5271, 0.0570
0.5271, 0.0570
0.5320, 0.0570
0.0000, 1.0000
0.0000, 1.0000
0.0000, 1.0000
0.0000, 1.0000
0.0000, 1.0000
0.0000, 1.0000
0.0000, 1.0000
0.0000, 1.0000
0.0000, 1.0000
0.0000, 1.0000
0.0000, 1.0000
0.0000, 1.0000
0.0000, 1.0000
0.0000, 1.0000
0.0000, 1.0000
0.0000, 1.0000
0.0000, 1.0000
0.0000, 1.0000
0.0000, 1.0000
0.0000, 1.0000
0.0000, 1.0000
0.0000, 1.0000
0.0000, 1.0000
0.0000, 1.0000
0.0000, 1.0000
0.0000, 1.0000
0.0000, 1.0000
0.0000, 1.0000
0.0000, 1.0000
0.0000, 1.0000
0.0000, 1.0000
0.0000, 1.0000
0.0000, 1.0000
0.0000, 1.0000
0.0000, 1.0000
0.0000, 1.0000
0.0000, 1.0000
0.0000, 1.0000
0.0000, 1.0000
