0.1660, 0.3256
0.1660, 0.3256
0.1660, 0.3256
0.1660, 0.3256
0.1660, 0.3256
0.1660, 0.3256
0.1660, 0.3256
0.1660, 0.3256
0.1660, 0.3256
0.1660, 0.3256
0.1660, 0.3256
0.1660, 0.3256
0.1660, 0.3256
0.1660, 0.3256
0.1660, 0.3256
0.1660, 0.3256
0.1660, 0.3256
0.1660, 0.3256
0.1660, 0.3256
0.1660, 0.3256
0.1660, 0.3256
0.1660, 0.3256
0.1660, 0.3256
0.1660, 0.3256
0.1660, 0.3256
0.1660, 0.3256
0.1660, 0.3256
0.1660, 0.3256
0.1660, 0.3256
0.1660, 0.3256
0.1660, 0.3256
0.1660, 0.3256
0.1660, 0.3256
0.1660, 0.3256
0.1660, 0.3256
0.1660, 0.3256
0.1660, 0.3256
0.1660, 0.3256
0.1660, 0.3256
0.1660, 0.3256
0.1660, 0.3256
0.1660, 0.3256
0.1660, 0.3256
0.1660, 0.3256
0.1660, 0.3256
0.1660, 0.3256
0.1660, 0.3256
0.1660, 0.3256
0.1660, 0.3256
0.1660, 0.3256
0.1660, 0.3256
0.1660, 0.3256
0.1660, 0.3256
0.1660, 0.3256
0.1660, 0.3256
0.1660, 0.3256
0.1660, 0.3256
0.1660, 0.3256
0.1660, 0.3256
0.1660, 0.3256
0.1660, 0.3256
0.1660, 0.3256
0.1660, 0.3256
0.1660, 0.3256
0.1660, 0.3256
0.1660, 0.3256
0.1660, 0.3256
0.1660, 0.3256
0.1660, 0.3256
0.1660, 0.3256
0.1660, 0.3256
0.1660, 0.3256
0.1660, 0.3256
0.1660, 0.3256
0.1660, 0.3256
0.1660, 0.3256
0.1660, 0.3256
0.1660, 0.3256
0.1660, 0.3256
0.1660, 0.3256
0.1660, 0.3256
0.1660, 0.3256
0.1660, 0.3256
0.1660, 0.3256
0.1660, 0.3256
0.1660, 0.3256
0.1660, 0.3256
0.1660, 0.3256
0.1660, 0.3256
0.1660, 0.3256
0.1660, 0.3256
0.1660, 0.3256
0.1660, 0.3256
0.1660, 0.3256
0.1660, 0.3256
0.1660, 0.3256
0.1660, 0.3256
0.1660, 0.3256
0.1660, 0.3256
0.1660, 0.3256
0.1660, 0.3256
0.1702, 0.3256
0.1702, 0.3256
0.1702, 0.3256
0.1702, 0.3256
0.1702, 0.3256
0.1702, 0.3256
0.1702, 0.3256
0.1702, 0.3256
0.1745, 0.3256
0.1745, 0.3256
0.1745, 0.3256
0.1745, 0.3256
0.1745, 0.3256
0.1745, 0.3256
0.1745, 0.3256
0.1745, 0.3256
0.1745, 0.3256
0.1745, 0.3256
0.1745, 0.3256
0.1745, 0.3256
0.1745, 0.3256
0.1745, 0.3256
0.1745, 0.3256
0.1745, 0.3256
0.1745, 0.3256
0.1745, 0.3256
0.1787, 0.3256
0.1787, 0.3256
0.1787, 0.3256
0.1787, 0.3256
0.1787, 0.3256
0.1787, 0.3256
0.1787, 0.3256
0.1787, 0.3256
0.1787, 0.3256
0.1787, 0.3256
0.1787, 0.3256
0.1787, 0.3256
0.1787, 0.3256
0.1787, 0.3231
0.1787, 0.3231
0.1787, 0.3231
0.1787, 0.3231
0.1787, 0.3231
0.1787, 0.3231
0.1787, 0.3231
0.1787, 0.3231
0.1787, 0.3231
0.1787, 0.3231
0.1787, 0.3231
0.1787, 0.3231
0.1787, 0.3231
0.1787, 0.3231
0.1787, 0.3231
0.1787, 0.3231
0.1787, 0.3231
0.1787, 0.3231
0.1787, 0.3231
0.1787, 0.3231
0.1787, 0.3231
0.1787, 0.3231
0.1830, 0.3231
0.1830, 0.3231
0.1830, 0.3231
0.1830, 0.3231
0.1830, 0.3231
0.1830, 0.3231
0.1830, 0.3231
0.1830, 0.3231
0.1830, 0.3231
0.1872, 0.3231
0.1872, 0.3231
0.1872, 0.3231
0.1872, 0.3231
0.1872, 0.3231
0.1872, 0.3231
0.1872, 0.3231
0.1872, 0.3231
0.1872, 0.3231
0.1872, 0.3231
0.1872, 0.3231
0.1872, 0.3231
0.1872, 0.3231
0.1872, 0.3205
0.1872, 0.3205
0.1872, 0.3205
0.1872, 0.3205
0.1872, 0.3205
0.1872, 0.3205
0.1872, 0.3205
0.1872, 0.3205
0.1872, 0.3205
0.1872, 0.3205
0.1872, 0.3205
0.1872, 0.3205
0.1872, 0.3205
0.1872, 0.3205
0.1915, 0.3205
0.1915, 0.3205
0.1915, 0.3205
0.1915, 0.3205
0.1915, 0.3205
0.1915, 0.3205
0.1915, 0.3205
0.1915, 0.3205
0.1915, 0.3205
0.1915, 0.3205
0.1915, 0.3205
0.1915, 0.3205
0.1915, 0.3205
0.1915, 0.3205
0.1915, 0.3205
0.1915, 0.3205
0.1915, 0.3205
0.1957, 0.3179
0.1957, 0.3179
0.1957, 0.3179
0.1957, 0.3179
0.1957, 0.3179
0.1957, 0.3179
0.1957, 0.3179
0.1957, 0.3179
0.1957, 0.3179
0.1957, 0.3179
0.1957, 0.3179
0.1957, 0.3179
0.1957, 0.3179
0.2000, 0.3179
0.2000, 0.3179
0.2000, 0.3179
0.2000, 0.3179
0.2000, 0.3154
0.2000, 0.3154
0.2000, 0.3154
0.2000, 0.3154
0.2000, 0.3154
0.2000, 0.3154
0.2000, 0.3154
0.2000, 0.3154
0.2000, 0.3154
0.2000, 0.3154
0.2000, 0.3154
0.2000, 0.3154
0.2000, 0.3154
0.2000, 0.3154
0.2000, 0.3154
0.2000, 0.3154
0.2000, 0.3154
0.2000, 0.3154
0.2043, 0.3154
0.2043, 0.3154
0.2043, 0.3154
0.2043, 0.3154
0.2043, 0.3154
0.2043, 0.3154
0.2043, 0.3154
0.2043, 0.3154
0.2085, 0.3154
0.2085, 0.3154
0.2085, 0.3154
0.2085, 0.3154
0.2085, 0.3128
0.2085, 0.3128
0.2085, 0.3128
0.2085, 0.3128
0.2085, 0.3128
0.2085, 0.3128
0.2085, 0.3128
0.2085, 0.3128
0.2085, 0.3128
0.2085, 0.3128
0.2085, 0.3128
0.2085, 0.3128
0.2085, 0.3128
0.2085, 0.3103
0.2085, 0.3103
0.2085, 0.3103
0.2085, 0.3103
0.2128, 0.3103
0.2128, 0.3103
0.2128, 0.3103
0.2128, 0.3103
0.2128, 0.3103
0.2128, 0.3103
0.2128, 0.3103
0.2128, 0.3103
0.2170, 0.3103
0.2170, 0.3103
0.2170, 0.3103
0.2170, 0.3103
0.2170, 0.3103
0.2170, 0.3103
0.2170, 0.3103
0.2170, 0.3103
0.2170, 0.3103
0.2170, 0.3103
0.2170, 0.3103
0.2170, 0.3103
0.2170, 0.3103
0.2170, 0.3103
0.2170, 0.3103
0.2170, 0.3103
0.2170, 0.3103
0.2170, 0.3103
0.2170, 0.3103
0.2170, 0.3103
0.2170, 0.3103
0.2170, 0.3103
0.2213, 0.3103
0.2213, 0.3103
0.2213, 0.3103
0.2213, 0.3103
0.2213, 0.3103
0.2213, 0.3103
0.2213, 0.3103
0.2213, 0.3103
0.2213, 0.3103
0.2213, 0.3103
0.2213, 0.3103
0.2213, 0.3103
0.2213, 0.3077
0.2213, 0.3077
0.2213, 0.3077
0.2213, 0.3077
0.2213, 0.3077
0.2213, 0.3077
0.2213, 0.3077
0.2213, 0.3077
0.2213, 0.3077
0.2213, 0.3077
0.2213, 0.3077
0.2213, 0.3077
0.2255, 0.3077
0.2255, 0.3077
0.2255, 0.3077
0.2255, 0.3077
0.2255, 0.3051
0.2255, 0.3051
0.2255, 0.3051
0.2255, 0.3051
0.2255, 0.3051
0.2255, 0.3051
0.2255, 0.3051
0.2255, 0.3051
0.2298, 0.3051
0.2298, 0.3051
0.2298, 0.3051
0.2298, 0.3051
0.2298, 0.3051
0.2298, 0.3051
0.2298, 0.3051
0.2298, 0.3051
0.2298, 0.3051
0.2298, 0.3051
0.2298, 0.3051
0.2298, 0.3051
0.2298, 0.3051
0.2298, 0.3051
0.2298, 0.3051
0.2298, 0.3051
0.2298, 0.3026
0.2298, 0.3026
0.2298, 0.3026
0.2298, 0.3026
0.2298, 0.3026
0.2298, 0.3026
0.2298, 0.3026
0.2298, 0.3026
0.2298, 0.3026
0.2298, 0.3026
0.2298, 0.3026
0.2298, 0.3026
0.2340, 0.3026
0.2340, 0.3026
0.2340, 0.3026
0.2340, 0.3026
0.2340, 0.3026
0.2340, 0.3026
0.2340, 0.3026
0.2340, 0.3026
0.2340, 0.3026
0.2340, 0.3026
0.2340, 0.3026
0.2340, 0.3026
0.2340, 0.3026
0.2340, 0.3026
0.2340, 0.3026
0.2340, 0.3026
0.2340, 0.3026
0.2340, 0.3026
0.2340, 0.3026
0.2340, 0.3026
0.2340, 0.3026
0.2340, 0.3026
0.2340, 0.3026
0.2340, 0.3026
0.2340, 0.3026
0.2340, 0.3026
0.2383, 0.3026
0.2383, 0.3026
0.2383, 0.3026
0.2383, 0.3026
0.2383, 0.3026
0.2383, 0.3026
0.2383, 0.3026
0.2383, 0.3026
0.2383, 0.3026
0.2383, 0.3026
0.2383, 0.3026
0.2383, 0.3026
0.2383, 0.3026
0.2383, 0.3026
0.2383, 0.3026
0.2383, 0.3026
0.2383, 0.3026
0.2383, 0.3026
0.2383, 0.3026
0.2383, 0.3026
0.2426, 0.3026
0.2426, 0.3026
0.2426, 0.3026
0.2426, 0.3026
0.2426, 0.3000
0.2426, 0.3000
0.2426, 0.3000
0.2426, 0.3000
0.2468, 0.3000
0.2468, 0.3000
0.2468, 0.3000
0.2468, 0.3000
0.2468, 0.3000
0.2468, 0.3000
0.2468, 0.3000
0.2468, 0.3000
0.2468, 0.3000
0.2468, 0.3000
0.2468, 0.3000
0.2468, 0.3000
0.2511, 0.3000
0.2511, 0.3000
0.2511, 0.3000
0.2511, 0.3000
0.2511, 0.3000
0.2511, 0.3000
0.2511, 0.3000
0.2511, 0.3000
0.2511, 0.3000
0.2511, 0.3000
0.2511, 0.3000
0.2511, 0.3000
0.2511, 0.3000
0.2511, 0.3000
0.2511, 0.3000
0.2511, 0.3000
0.2511, 0.3000
0.2511, 0.3000
0.2511, 0.3000
0.2511, 0.3000
0.2511, 0.2974
0.2511, 0.2974
0.2511, 0.2974
0.2511, 0.2974
0.2511, 0.2974
0.2511, 0.2974
0.2511, 0.2974
0.2511, 0.2974
0.2553, 0.2974
0.2553, 0.2974
0.2553, 0.2974
0.2553, 0.2974
0.2553, 0.2974
0.2553, 0.2974
0.2553, 0.2974
0.2553, 0.2974
0.2553, 0.2974
0.2553, 0.2974
0.2553, 0.2974
0.2553, 0.2974
0.2596, 0.2974
0.2596, 0.2974
0.2596, 0.2974
0.2596, 0.2974
0.2596, 0.2974
0.2596, 0.2974
0.2596, 0.2974
0.2596, 0.2974
0.2596, 0.2974
0.2596, 0.2974
0.2596, 0.2974
0.2596, 0.2974
0.2596, 0.2974
0.2596, 0.2974
0.2596, 0.2974
0.2596, 0.2974
0.2596, 0.2974
0.2596, 0.2974
0.2596, 0.2974
0.2596, 0.2974
0.2596, 0.2974
0.2596, 0.2974
0.2596, 0.2974
0.2596, 0.2974
0.2596, 0.2974
0.2596, 0.2974
0.2596, 0.2974
0.2596, 0.2974
0.2596, 0.2974
0.2596, 0.2974
0.2596, 0.2974
0.2596, 0.2974
0.2596, 0.2974
0.2596, 0.2974
0.2596, 0.2974
0.2638, 0.2974
0.2638, 0.2974
0.2638, 0.2974
0.2638, 0.2974
0.2638, 0.2974
0.2638, 0.2974
0.2638, 0.2974
0.2638, 0.2974
0.2681, 0.2974
0.2681, 0.2974
0.2681, 0.2974
0.2681, 0.2974
0.2681, 0.2974
0.2681, 0.2974
0.2681, 0.2974
0.2681, 0.2974
0.2723, 0.2974
0.2723, 0.2974
0.2723, 0.2974
0.2723, 0.2949
0.2723, 0.2949
0.2723, 0.2949
0.2723, 0.2949
0.2723, 0.2949
0.2723, 0.2949
0.2723, 0.2949
0.2723, 0.2949
0.2723, 0.2949
0.2723, 0.2949
0.2723, 0.2949
0.2723, 0.2949
0.2723, 0.2949
0.2723, 0.2949
0.2723, 0.2949
0.2723, 0.2949
0.2723, 0.2949
0.2723, 0.2949
0.2723, 0.2949
0.2723, 0.2949
0.2723, 0.2949
0.2723, 0.2949
0.2723, 0.2949
0.2723, 0.2949
0.2723, 0.2949
0.2723, 0.2949
0.2723, 0.2949
0.2723, 0.2949
0.2766, 0.2949
0.2766, 0.2949
0.2766, 0.2949
0.2766, 0.2949
0.2766, 0.2949
0.2766, 0.2949
0.2766, 0.2949
0.2766, 0.2949
0.2766, 0.2949
0.2766, 0.2949
0.2766, 0.2949
0.2766, 0.2949
0.2766, 0.2949
0.2809, 0.2949
0.2809, 0.2949
0.2809, 0.2949
0.2809, 0.2923
0.2809, 0.2923
0.2809, 0.2923
0.2809, 0.2923
0.2809, 0.2923
0.2809, 0.2923
0.2809, 0.2923
0.2809, 0.2923
0.2809, 0.2923
0.2809, 0.2923
0.2809, 0.2923
0.2809, 0.2923
0.2809, 0.2923
0.2809, 0.2923
0.2809, 0.2923
0.2809, 0.2923
0.2851, 0.2923
0.2851, 0.2923
0.2851, 0.2923
0.2851, 0.2923
0.2851, 0.2897
0.2851, 0.2897
0.2851, 0.2897
0.2894, 0.2897
0.2894, 0.2897
0.2894, 0.2897
0.2894, 0.2897
0.2894, 0.2897
0.2894, 0.2897
0.2894, 0.2897
0.2894, 0.2897
0.2936, 0.2897
0.2936, 0.2897
0.2936, 0.2897
0.2936, 0.2897
0.2936, 0.2897
0.2936, 0.2897
0.2936, 0.2897
0.2936, 0.2897
0.2936, 0.2897
0.2936, 0.2897
0.2936, 0.2897
0.2936, 0.2897
0.2936, 0.2897
0.2936, 0.2897
0.2936, 0.2897
0.2936, 0.2897
0.2936, 0.2897
0.2936, 0.2897
0.2936, 0.2897
0.2936, 0.2897
0.2936, 0.2897
0.2936, 0.2897
0.2936, 0.2897
0.2936, 0.2897
0.2936, 0.2897
0.2936, 0.2897
0.2936, 0.2897
0.2936, 0.2897
0.2936, 0.2897
0.2936, 0.2897
0.2936, 0.2897
0.2979, 0.2897
0.2979, 0.2897
0.2979, 0.2897
0.2979, 0.2897
0.2979, 0.2897
0.2979, 0.2897
0.2979, 0.2897
0.2979, 0.2897
0.2979, 0.2897
0.2979, 0.2897
0.2979, 0.2897
0.3021, 0.2897
0.3021, 0.2897
0.3021, 0.2897
0.3021, 0.2897
0.3021, 0.2897
0.3021, 0.2897
0.3021, 0.2897
0.3021, 0.2897
0.3021, 0.2872
0.3021, 0.2872
0.3021, 0.2872
0.3064, 0.2872
0.3064, 0.2872
0.3064, 0.2872
0.3064, 0.2872
0.3064, 0.2872
0.3064, 0.2872
0.3064, 0.2872
0.3064, 0.2872
0.3064, 0.2872
0.3064, 0.2872
0.3064, 0.2872
0.3064, 0.2872
0.3106, 0.2872
0.3106, 0.2872
0.3106, 0.2872
0.3106, 0.2872
0.3106, 0.2872
0.3106, 0.2872
0.3106, 0.2872
0.3106, 0.2872
0.3149, 0.2872
0.3149, 0.2872
0.3149, 0.2872
0.3149, 0.2846
0.3149, 0.2846
0.3149, 0.2846
0.3149, 0.2846
0.3149, 0.2846
0.3149, 0.2846
0.3149, 0.2846
0.3149, 0.2846
0.3149, 0.2846
0.3149, 0.2846
0.3149, 0.2846
0.3149, 0.2846
0.3149, 0.2846
0.3149, 0.2846
0.3149, 0.2846
0.3149, 0.2846
0.3149, 0.2846
0.3149, 0.2846
0.3149, 0.2846
0.3149, 0.2846
0.3149, 0.2846
0.3149, 0.2846
0.3149, 0.2846
0.3191, 0.2846
0.3191, 0.2846
0.3191, 0.2846
0.3191, 0.2846
0.3191, 0.2846
0.3191, 0.2846
0.3191, 0.2846
0.3191, 0.2846
0.3234, 0.2846
0.3234, 0.2846
0.3234, 0.2846
0.3234, 0.2846
0.3234, 0.2846
0.3234, 0.2846
0.3234, 0.2846
0.3234, 0.2846
0.3234, 0.2846
0.3234, 0.2846
0.3234, 0.2846
0.3234, 0.2846
0.3234, 0.2846
0.3234, 0.2846
0.3277, 0.2846
0.3277, 0.2846
0.3277, 0.2846
0.3277, 0.2846
0.3277, 0.2846
0.3277, 0.2846
0.3277, 0.2846
0.3319, 0.2846
0.3319, 0.2846
0.3319, 0.2846
0.3319, 0.2846
0.3319, 0.2846
0.3319, 0.2846
0.3319, 0.2846
0.3319, 0.2846
0.3362, 0.2846
0.3362, 0.2846
0.3362, 0.2846
0.3362, 0.2846
0.3362, 0.2846
0.3362, 0.2846
0.3362, 0.2846
0.3362, 0.2846
0.3362, 0.2846
0.3362, 0.2846
0.3362, 0.2846
0.3362, 0.2846
0.3362, 0.2846
0.3362, 0.2846
0.3362, 0.2846
0.3404, 0.2846
0.3404, 0.2846
0.3404, 0.2846
0.3404, 0.2846
0.3404, 0.2846
0.3404, 0.2846
0.3404, 0.2846
0.3447, 0.2846
0.3447, 0.2846
0.3447, 0.2846
0.3447, 0.2846
0.3447, 0.2846
0.3447, 0.2846
0.3447, 0.2846
0.3447, 0.2846
0.3447, 0.2846
0.3447, 0.2846
0.3447, 0.2846
0.3447, 0.2846
0.3447, 0.2846
0.3447, 0.2846
0.3447, 0.2846
0.3489, 0.2846
0.3489, 0.2846
0.3489, 0.2846
0.3489, 0.2846
0.3489, 0.2846
0.3489, 0.2846
0.3489, 0.2846
0.3489, 0.2846
0.3532, 0.2846
0.3532, 0.2846
0.3532, 0.2846
0.3532, 0.2846
0.3532, 0.2846
0.3532, 0.2846
0.3532, 0.2846
0.3574, 0.2846
0.3574, 0.2846
0.3574, 0.2846
0.3574, 0.2846
0.3574, 0.2846
0.3574, 0.2846
0.3574, 0.2846
0.3574, 0.2846
0.3574, 0.2846
0.3574, 0.2846
0.3574, 0.2846
0.3574, 0.2846
0.3574, 0.2846
0.3574, 0.2846
0.3617, 0.2846
0.3617, 0.2846
0.3617, 0.2846
0.3617, 0.2846
0.3617, 0.2846
0.3617, 0.2846
0.3617, 0.2846
0.3617, 0.2846
0.3617, 0.2846
0.3617, 0.2846
0.3617, 0.2846
0.3617, 0.2846
0.3617, 0.2846
0.3617, 0.2846
0.3617, 0.2846
0.3617, 0.2846
0.3660, 0.2846
0.3660, 0.2846
0.3660, 0.2846
0.3660, 0.2846
0.3660, 0.2846
0.3660, 0.2846
0.3660, 0.2846
0.3660, 0.2846
0.3660, 0.2846
0.3660, 0.2846
0.3660, 0.2846
0.3660, 0.2846
0.3660, 0.2846
0.3660, 0.2846
0.3702, 0.2846
0.3702, 0.2846
0.3702, 0.2846
0.3702, 0.2846
0.3702, 0.2846
0.3702, 0.2846
0.3702, 0.2846
0.3702, 0.2846
0.3702, 0.2846
0.3702, 0.2846
0.3702, 0.2846
0.3745, 0.2846
0.3745, 0.2846
0.3745, 0.2846
0.3745, 0.2846
0.3745, 0.2846
0.3745, 0.2846
0.3745, 0.2846
0.3745, 0.2846
0.3745, 0.2846
0.3745, 0.2846
0.3745, 0.2846
0.3745, 0.2846
0.3745, 0.2846
0.3745, 0.2846
0.3745, 0.2846
0.3745, 0.2846
0.3745, 0.2846
0.3745, 0.2846
0.3745, 0.2846
0.3745, 0.2846
0.3745, 0.2846
0.3745, 0.2846
0.3787, 0.2846
0.3787, 0.2846
0.3787, 0.2846
0.3787, 0.2846
0.3787, 0.2846
0.3787, 0.2846
0.3787, 0.2846
0.3787, 0.2846
0.3787, 0.2846
0.3787, 0.2846
0.3787, 0.2846
0.3787, 0.2846
0.3787, 0.2846
0.3787, 0.2846
0.3787, 0.2846
0.3830, 0.2846
0.3830, 0.2846
0.3830, 0.2846
0.3830, 0.2846
0.3830, 0.2846
0.3830, 0.2846
0.3830, 0.2846
0.3830, 0.2846
0.3830, 0.2846
0.3830, 0.2846
0.3830, 0.2846
0.3872, 0.2846
0.3872, 0.2846
0.3872, 0.2846
0.3872, 0.2846
0.3872, 0.2846
0.3872, 0.2846
0.3872, 0.2846
0.3872, 0.2846
0.3872, 0.2846
0.3872, 0.2846
0.3872, 0.2846
0.3872, 0.2846
0.3872, 0.2846
0.3872, 0.2846
0.3872, 0.2846
0.3872, 0.2846
0.3872, 0.2846
0.3872, 0.2846
0.3872, 0.2846
0.3872, 0.2846
0.3872, 0.2846
0.3872, 0.2846
0.3915, 0.2846
0.3915, 0.2846
0.3915, 0.2846
0.3915, 0.2846
0.3915, 0.2846
0.3915, 0.2846
0.3915, 0.2846
0.3957, 0.2846
0.3957, 0.2846
0.3957, 0.2846
0.3957, 0.2846
0.3957, 0.2846
0.3957, 0.2846
0.3957, 0.2846
0.3957, 0.2846
0.3957, 0.2846
0.3957, 0.2846
0.3957, 0.2846
0.3957, 0.2846
0.3957, 0.2846
0.3957, 0.2846
0.3957, 0.2846
0.3957, 0.2846
0.3957, 0.2846
0.3957, 0.2846
0.3957, 0.2846
0.3957, 0.2846
0.3957, 0.2846
0.3957, 0.2846
0.4000, 0.2846
0.4000, 0.2846
0.4000, 0.2846
0.4000, 0.2846
0.4000, 0.2846
0.4000, 0.2846
0.4000, 0.2846
0.4000, 0.2846
0.4000, 0.2846
0.4000, 0.2846
0.4000, 0.2846
0.4043, 0.2846
0.4043, 0.2846
0.4043, 0.2846
0.4043, 0.2846
0.4043, 0.2846
0.4043, 0.2846
0.4043, 0.2846
0.4043, 0.2846
0.4043, 0.2846
0.4043, 0.2846
0.4043, 0.2846
0.4085, 0.2846
0.4085, 0.2846
0.4085, 0.2846
0.4085, 0.2846
0.4085, 0.2846
0.4085, 0.2846
0.4085, 0.2846
0.4085, 0.2846
0.4085, 0.2846
0.4085, 0.2846
0.4085, 0.2846
0.4085, 0.2846
0.4085, 0.2846
0.4085, 0.2846
0.4085, 0.2846
0.4085, 0.2846
0.4085, 0.2846
0.4128, 0.2846
0.4128, 0.2846
0.4128, 0.2846
0.4128, 0.2846
0.4128, 0.2846
0.4128, 0.2846
0.4128, 0.2846
0.4128, 0.2846
0.4170, 0.2846
0.4170, 0.2846
0.4170, 0.2846
0.4170, 0.2846
0.4170, 0.2846
0.4170, 0.2846
0.4170, 0.2846
0.4170, 0.2872
0.4170, 0.2872
0.4170, 0.2872
0.4170, 0.2872
0.4170, 0.2872
0.4170, 0.2872
0.4170, 0.2872
0.4170, 0.2872
0.4170, 0.2872
0.4170, 0.2872
0.4213, 0.2872
0.4213, 0.2872
0.4213, 0.2872
0.4213, 0.2872
0.4213, 0.2872
0.4213, 0.2872
0.4213, 0.2872
0.4255, 0.2872
0.4255, 0.2872
0.4255, 0.2872
0.4255, 0.2872
0.4255, 0.2872
0.4255, 0.2872
0.4255, 0.2872
0.4298, 0.2872
0.4298, 0.2872
0.4298, 0.2872
0.4298, 0.2872
0.4298, 0.2872
0.4298, 0.2872
0.4298, 0.2872
0.4298, 0.2872
0.4298, 0.2872
0.4298, 0.2872
0.4298, 0.2872
0.4298, 0.2872
0.4298, 0.2872
0.4298, 0.2872
0.4298, 0.2872
0.4298, 0.2872
0.4298, 0.2872
0.4340, 0.2872
0.4340, 0.2872
0.4340, 0.2872
0.4340, 0.2872
0.4340, 0.2872
0.4340, 0.2872
0.4340, 0.2872
0.4340, 0.2872
0.4340, 0.2872
0.4340, 0.2872
0.4340, 0.2872
0.4383, 0.2872
0.4383, 0.2872
0.4383, 0.2872
0.4383, 0.2897
0.4383, 0.2897
0.4383, 0.2897
0.4383, 0.2897
0.4383, 0.2897
0.4383, 0.2897
0.4383, 0.2897
0.4383, 0.2897
0.4383, 0.2897
0.4383, 0.2897
0.4383, 0.2897
0.4383, 0.2897
0.4383, 0.2897
0.4383, 0.2897
0.4383, 0.2897
0.4383, 0.2897
0.4383, 0.2897
0.4383, 0.2897
0.4426, 0.2897
0.4426, 0.2897
0.4426, 0.2897
0.4426, 0.2923
0.4426, 0.2923
0.4426, 0.2923
0.4426, 0.2923
0.4426, 0.2923
0.4426, 0.2923
0.4426, 0.2923
0.4426, 0.2923
0.4426, 0.2923
0.4426, 0.2923
0.4426, 0.2923
0.4468, 0.2923
0.4468, 0.2923
0.4468, 0.2923
0.4511, 0.2923
0.4511, 0.2923
0.4511, 0.2923
0.4511, 0.2949
0.4511, 0.2949
0.4511, 0.2949
0.4511, 0.2949
0.4511, 0.2949
0.4511, 0.2949
0.4511, 0.2949
0.4511, 0.2949
0.4511, 0.2949
0.4511, 0.2949
0.4511, 0.2949
0.4511, 0.2949
0.4511, 0.2949
0.4511, 0.2949
0.4511, 0.2949
0.4553, 0.2949
0.4553, 0.2949
0.4553, 0.2949
0.4553, 0.2949
0.4553, 0.2949
0.4553, 0.2949
0.4596, 0.2949
0.4596, 0.2949
0.4596, 0.2949
0.4596, 0.2949
0.4596, 0.2949
0.4596, 0.2949
0.4596, 0.2949
0.4596, 0.2949
0.4596, 0.2949
0.4596, 0.2949
0.4596, 0.2949
0.4596, 0.2949
0.4596, 0.2949
0.4596, 0.2949
0.4596, 0.2974
0.4596, 0.2974
0.4596, 0.2974
0.4638, 0.2974
0.4638, 0.2974
0.4638, 0.2974
0.4638, 0.2974
0.4638, 0.2974
0.4638, 0.2974
0.4638, 0.2974
0.4681, 0.2974
0.4681, 0.2974
0.4681, 0.2974
0.4723, 0.3000
0.4723, 0.3000
0.4723, 0.3000
0.4723, 0.3000
0.4723, 0.3000
0.4723, 0.3000
0.4723, 0.3000
0.4723, 0.3000
0.4723, 0.3000
0.4723, 0.3000
0.4723, 0.3000
0.4723, 0.3000
0.4723, 0.3000
0.4723, 0.3000
0.4723, 0.3000
0.4723, 0.3000
0.4723, 0.3000
0.4723, 0.3000
0.4723, 0.3000
0.4723, 0.3000
0.4723, 0.3000
0.4766, 0.3000
0.4766, 0.3000
0.4766, 0.3000
0.4766, 0.3000
0.4809, 0.3000
0.4809, 0.3026
0.4809, 0.3026
0.4809, 0.3026
0.4809, 0.3026
0.4851, 0.3026
0.4894, 0.3051
0.4894, 0.3051
0.4894, 0.3051
0.4894, 0.3051
0.4894, 0.3051
0.4894, 0.3051
0.4894, 0.3051
0.4894, 0.3051
0.4936, 0.3051
0.4936, 0.3051
0.4936, 0.3051
0.4936, 0.3051
0.4936, 0.3077
0.4936, 0.3077
0.4936, 0.3077
0.4936, 0.3077
0.4936, 0.3077
0.4936, 0.3077
0.4936, 0.3077
0.4936, 0.3077
0.4936, 0.3077
0.4936, 0.3077
0.4936, 0.3077
0.4936, 0.3077
0.4936, 0.3077
0.4979, 0.3077
0.4979, 0.3077
0.4979, 0.3077
0.4979, 0.3077
0.4979, 0.3077
0.4979, 0.3077
0.4979, 0.3077
0.5021, 0.3077
0.5021, 0.3077
0.5021, 0.3077
0.5021, 0.3103
0.5021, 0.3103
0.5021, 0.3103
0.5021, 0.3103
0.5021, 0.3103
0.5021, 0.3103
0.5021, 0.3103
0.5021, 0.3103
0.5021, 0.3103
0.5021, 0.3103
0.5064, 0.3103
0.5064, 0.3103
0.5064, 0.3103
0.5064, 0.3128
0.5064, 0.3128
0.5064, 0.3128
0.5064, 0.3128
0.5064, 0.3128
0.5064, 0.3128
0.5106, 0.3128
0.5106, 0.3128
0.5106, 0.3128
0.5106, 0.3128
0.5106, 0.3128
0.5106, 0.3128
0.5106, 0.3128
0.5106, 0.3128
0.5106, 0.3128
0.5106, 0.3128
0.5106, 0.3128
0.5106, 0.3128
0.5106, 0.3128
0.5106, 0.3128
0.5149, 0.3128
0.5149, 0.3128
0.5149, 0.3128
0.5149, 0.3128
0.5149, 0.3128
0.5149, 0.3128
0.5191, 0.3154
0.5191, 0.3154
0.5191, 0.3154
0.5191, 0.3154
0.5191, 0.3154
0.5191, 0.3154
0.5191, 0.3154
0.5234, 0.3154
0.5234, 0.3154
0.5234, 0.3154
0.5234, 0.3154
0.5234, 0.3154
0.5234, 0.3154
0.5234, 0.3179
0.5234, 0.3179
0.5234, 0.3179
0.5277, 0.3179
0.5277, 0.3179
0.5277, 0.3179
0.5277, 0.3179
0.5277, 0.3179
0.5277, 0.3179
0.5277, 0.3179
0.5319, 0.3179
0.5319, 0.3179
0.5319, 0.3179
0.5319, 0.3205
0.5319, 0.3205
0.5319, 0.3205
0.5319, 0.3205
0.5319, 0.3205
0.5319, 0.3205
0.5319, 0.3205
0.5319, 0.3205
0.5319, 0.3205
0.5319, 0.3205
0.5362, 0.3205
0.5362, 0.3205
0.5362, 0.3205
0.5362, 0.3205
0.5362, 0.3205
0.5362, 0.3205
0.5362, 0.3205
0.5362, 0.3205
0.5362, 0.3205
0.5362, 0.3205
0.5404, 0.3205
0.5404, 0.3205
0.5404, 0.3205
0.5404, 0.3205
0.5404, 0.3205
0.5404, 0.3205
0.5404, 0.3205
0.5404, 0.3205
0.5404, 0.3205
0.5404, 0.3205
0.5447, 0.3231
0.5447, 0.3231
0.5447, 0.3231
0.5447, 0.3231
0.5447, 0.3231
0.5447, 0.3231
0.5447, 0.3231
0.5447, 0.3231
0.5447, 0.3231
0.5447, 0.3231
0.5489, 0.3231
0.5489, 0.3231
0.5489, 0.3231
0.5489, 0.3256
0.5489, 0.3256
0.5489, 0.3256
0.5532, 0.3256
0.5532, 0.3256
0.5532, 0.3256
0.5532, 0.3256
0.5532, 0.3256
0.5532, 0.3256
0.5532, 0.3256
0.5532, 0.3256
0.5532, 0.3256
0.5532, 0.3256
0.5574, 0.3256
0.5574, 0.3256
0.5574, 0.3256
0.5574, 0.3256
0.5574, 0.3256
0.5574, 0.3256
0.5574, 0.3256
0.5574, 0.3256
0.5574, 0.3256
0.5574, 0.3256
0.5617, 0.3282
0.5617, 0.3282
0.5617, 0.3282
0.5617, 0.3282
0.5617, 0.3282
0.5617, 0.3282
0.5617, 0.3282
0.5617, 0.3282
0.5617, 0.3282
0.5617, 0.3282
0.5660, 0.3282
0.5660, 0.3282
0.5660, 0.3282
0.5660, 0.3282
0.5660, 0.3282
0.5660, 0.3282
0.5660, 0.3282
0.5660, 0.3308
0.5660, 0.3308
0.5660, 0.3308
0.5660, 0.3308
0.5660, 0.3308
0.5660, 0.3308
0.5702, 0.3308
0.5702, 0.3308
0.5702, 0.3308
0.5702, 0.3308
0.5702, 0.3308
0.5702, 0.3308
0.5702, 0.3308
0.5745, 0.3308
0.5745, 0.3308
0.5745, 0.3308
0.5745, 0.3308
0.5745, 0.3308
0.5745, 0.3308
0.5745, 0.3308
0.5745, 0.3308
0.5745, 0.3308
0.5745, 0.3308
0.5745, 0.3308
0.5745, 0.3308
0.5745, 0.3308
0.5787, 0.3308
0.5787, 0.3308
0.5787, 0.3308
0.5787, 0.3333
0.5787, 0.3333
0.5787, 0.3333
0.5787, 0.3333
0.5787, 0.3333
0.5787, 0.3333
0.5830, 0.3333
0.5830, 0.3333
0.5830, 0.3333
0.5830, 0.3333
0.5830, 0.3333
0.5830, 0.3333
0.5830, 0.3333
0.5830, 0.3333
0.5830, 0.3333
0.5830, 0.3333
0.5872, 0.3359
0.5872, 0.3359
0.5872, 0.3359
0.5872, 0.3359
0.5872, 0.3359
0.5872, 0.3359
0.5872, 0.3359
0.5872, 0.3359
0.5872, 0.3359
0.5872, 0.3359
0.5872, 0.3359
0.5872, 0.3359
0.5872, 0.3359
0.5872, 0.3359
0.5872, 0.3359
0.5872, 0.3359
0.5915, 0.3385
0.5915, 0.3385
0.5915, 0.3385
0.5915, 0.3385
0.5915, 0.3385
0.5915, 0.3385
0.5915, 0.3385
0.5915, 0.3385
0.5915, 0.3385
0.5915, 0.3385
0.5957, 0.3385
0.5957, 0.3385
0.5957, 0.3385
0.5957, 0.3385
0.5957, 0.3385
0.5957, 0.3385
0.5957, 0.3385
0.5957, 0.3385
0.5957, 0.3385
0.5957, 0.3385
0.5957, 0.3385
0.5957, 0.3385
0.5957, 0.3385
0.5957, 0.3385
0.5957, 0.3385
0.5957, 0.3385
0.5957, 0.3385
0.6000, 0.3410
0.6000, 0.3410
0.6000, 0.3410
0.6000, 0.3410
0.6000, 0.3410
0.6000, 0.3410
0.6000, 0.3410
0.6000, 0.3410
0.6000, 0.3410
0.6000, 0.3410
0.6043, 0.3410
0.6043, 0.3410
0.6043, 0.3410
0.6043, 0.3410
0.6043, 0.3410
0.6043, 0.3410
0.6043, 0.3410
0.6043, 0.3410
0.6043, 0.3410
0.6085, 0.3436
0.6085, 0.3436
0.6085, 0.3436
0.6085, 0.3436
0.6085, 0.3436
0.6085, 0.3436
0.6085, 0.3436
0.6085, 0.3436
0.6085, 0.3436
0.6085, 0.3436
0.6085, 0.3436
0.6085, 0.3436
0.6085, 0.3436
0.6085, 0.3436
0.6085, 0.3436
0.6085, 0.3436
0.6128, 0.3436
0.6128, 0.3436
0.6128, 0.3436
0.6128, 0.3436
0.6128, 0.3436
0.6128, 0.3436
0.6128, 0.3436
0.6128, 0.3436
0.6128, 0.3436
0.6128, 0.3436
0.6170, 0.3436
0.6170, 0.3436
0.6170, 0.3436
0.6170, 0.3436
0.6170, 0.3436
0.6170, 0.3436
0.6170, 0.3436
0.6170, 0.3436
0.6170, 0.3436
0.6170, 0.3462
0.6170, 0.3462
0.6170, 0.3462
0.6170, 0.3462
0.6170, 0.3462
0.6170, 0.3462
0.6170, 0.3462
0.6170, 0.3462
0.6170, 0.3462
0.6170, 0.3462
0.6213, 0.3462
0.6213, 0.3462
0.6213, 0.3462
0.6213, 0.3462
0.6213, 0.3462
0.6213, 0.3462
0.6255, 0.3487
0.6255, 0.3487
0.6255, 0.3487
0.6255, 0.3487
0.6255, 0.3487
0.6255, 0.3487
0.6255, 0.3487
0.6255, 0.3487
0.6255, 0.3487
0.6255, 0.3487
0.6298, 0.3487
0.6298, 0.3487
0.6298, 0.3487
0.6298, 0.3487
0.6298, 0.3487
0.6298, 0.3487
0.6298, 0.3487
0.6298, 0.3487
0.6298, 0.3487
0.6298, 0.3513
0.6298, 0.3513
0.6298, 0.3513
0.6298, 0.3513
0.6298, 0.3513
0.6298, 0.3513
0.6298, 0.3513
0.6340, 0.3513
0.6340, 0.3513
0.6340, 0.3513
0.6340, 0.3513
0.6340, 0.3513
0.6340, 0.3513
0.6340, 0.3513
0.6340, 0.3513
0.6340, 0.3513
0.6340, 0.3513
0.6383, 0.3513
0.6383, 0.3513
0.6383, 0.3513
0.6383, 0.3513
0.6383, 0.3513
0.6383, 0.3513
0.6383, 0.3513
0.6383, 0.3513
0.6383, 0.3513
0.6426, 0.3513
0.6426, 0.3513
0.6426, 0.3513
0.6468, 0.3513
0.6468, 0.3513
0.6468, 0.3513
0.6468, 0.3513
0.6468, 0.3513
0.6468, 0.3513
0.6468, 0.3513
0.6468, 0.3513
0.6468, 0.3513
0.6468, 0.3513
0.6468, 0.3513
0.6468, 0.3513
0.6468, 0.3513
0.6511, 0.3513
0.6511, 0.3513
0.6511, 0.3513
0.6511, 0.3538
0.6511, 0.3538
0.6511, 0.3538
0.6511, 0.3538
0.6511, 0.3538
0.6511, 0.3538
0.6511, 0.3538
0.6511, 0.3538
0.6511, 0.3538
0.6511, 0.3538
0.6553, 0.3538
0.6553, 0.3538
0.6553, 0.3538
0.6553, 0.3538
0.6553, 0.3538
0.6553, 0.3538
0.6553, 0.3538
0.6553, 0.3538
0.6553, 0.3538
0.6553, 0.3538
0.6553, 0.3538
0.6553, 0.3538
0.6553, 0.3538
0.6596, 0.3538
0.6596, 0.3538
0.6596, 0.3538
0.6596, 0.3538
0.6596, 0.3538
0.6596, 0.3538
0.6596, 0.3538
0.6596, 0.3538
0.6596, 0.3538
0.6596, 0.3538
0.6596, 0.3538
0.6596, 0.3538
0.6596, 0.3538
0.6596, 0.3538
0.6596, 0.3538
0.6638, 0.3538
0.6638, 0.3538
0.6638, 0.3538
0.6638, 0.3538
0.6638, 0.3538
0.6638, 0.3538
0.6638, 0.3538
0.6681, 0.3538
0.6681, 0.3538
0.6681, 0.3538
0.6681, 0.3564
0.6681, 0.3564
0.6681, 0.3564
0.6681, 0.3564
0.6681, 0.3564
0.6681, 0.3564
0.6681, 0.3564
0.6681, 0.3564
0.6681, 0.3564
0.6723, 0.3564
0.6723, 0.3564
0.6723, 0.3564
0.6723, 0.3564
0.6723, 0.3564
0.6723, 0.3564
0.6723, 0.3564
0.6723, 0.3564
0.6723, 0.3564
0.6766, 0.3564
0.6766, 0.3564
0.6766, 0.3564
0.6766, 0.3564
0.6766, 0.3564
0.6766, 0.3564
0.6809, 0.3564
0.6809, 0.3564
0.6809, 0.3564
0.6809, 0.3564
0.6809, 0.3564
0.6809, 0.3564
0.6809, 0.3564
0.6809, 0.3564
0.6809, 0.3564
0.6809, 0.3564
0.6809, 0.3564
0.6809, 0.3564
0.6809, 0.3564
0.6851, 0.3564
0.6851, 0.3564
0.6851, 0.3564
0.6851, 0.3564
0.6851, 0.3564
0.6851, 0.3564
0.6894, 0.3564
0.6894, 0.3564
0.6894, 0.3564
0.6894, 0.3564
0.6894, 0.3564
0.6894, 0.3564
0.6894, 0.3564
0.6894, 0.3564
0.6894, 0.3564
0.6894, 0.3564
0.6894, 0.3564
0.6894, 0.3564
0.6894, 0.3564
0.6894, 0.3564
0.6894, 0.3564
0.6936, 0.3564
0.6936, 0.3564
0.6936, 0.3564
0.6936, 0.3590
0.6936, 0.3590
0.6936, 0.3590
0.6979, 0.3590
0.6979, 0.3590
0.6979, 0.3590
0.6979, 0.3590
0.6979, 0.3590
0.6979, 0.3590
0.7021, 0.3590
0.7021, 0.3590
0.7021, 0.3590
0.7021, 0.3590
0.7021, 0.3590
0.7021, 0.3590
0.7021, 0.3590
0.7021, 0.3590
0.7021, 0.3590
0.7021, 0.3590
0.7021, 0.3590
0.7021, 0.3590
0.7021, 0.3590
0.7064, 0.3590
0.7064, 0.3590
0.7064, 0.3590
0.7064, 0.3590
0.7064, 0.3590
0.7106, 0.3615
0.7106, 0.3615
0.7106, 0.3615
0.7106, 0.3615
0.7106, 0.3615
0.7106, 0.3615
0.7106, 0.3615
0.7106, 0.3615
0.7106, 0.3615
0.7106, 0.3615
0.7106, 0.3615
0.7106, 0.3615
0.7106, 0.3615
0.7106, 0.3615
0.7106, 0.3615
0.7106, 0.3615
0.7149, 0.3615
0.7149, 0.3615
0.7149, 0.3615
0.7149, 0.3615
0.7149, 0.3615
0.7149, 0.3615
0.7149, 0.3615
0.7149, 0.3615
0.7149, 0.3615
0.7149, 0.3615
0.7149, 0.3615
0.7149, 0.3615
0.7149, 0.3615
0.7191, 0.3641
0.7191, 0.3641
0.7191, 0.3641
0.7191, 0.3641
0.7191, 0.3641
0.7191, 0.3641
0.7234, 0.3641
0.7234, 0.3641
0.7234, 0.3641
0.7234, 0.3641
0.7234, 0.3641
0.7234, 0.3641
0.7234, 0.3641
0.7234, 0.3641
0.7234, 0.3641
0.7234, 0.3641
0.7234, 0.3641
0.7234, 0.3641
0.7234, 0.3641
0.7234, 0.3641
0.7234, 0.3641
0.7277, 0.3641
0.7277, 0.3641
0.7277, 0.3641
0.7277, 0.3641
0.7277, 0.3641
0.7277, 0.3641
0.7277, 0.3641
0.7277, 0.3641
0.7277, 0.3641
0.7277, 0.3641
0.7319, 0.3641
0.7319, 0.3641
0.7319, 0.3641
0.7319, 0.3641
0.7319, 0.3641
0.7319, 0.3641
0.7319, 0.3641
0.7319, 0.3641
0.7319, 0.3641
0.7319, 0.3641
0.7319, 0.3641
0.7319, 0.3641
0.7319, 0.3641
0.7319, 0.3641
0.7319, 0.3641
0.7319, 0.3641
0.7319, 0.3641
0.7319, 0.3641
0.7319, 0.3641
0.7319, 0.3641
0.7319, 0.3641
0.7362, 0.3641
0.7362, 0.3641
0.7362, 0.3641
0.7362, 0.3641
0.7362, 0.3641
0.7362, 0.3641
0.7404, 0.3667
0.7404, 0.3667
0.7404, 0.3667
0.7404, 0.3667
0.7404, 0.3667
0.7404, 0.3667
0.7447, 0.3667
0.7447, 0.3667
0.7447, 0.3667
0.7447, 0.3667
0.7447, 0.3667
0.7447, 0.3667
0.7447, 0.3667
0.7447, 0.3667
0.7447, 0.3667
0.7447, 0.3667
0.7447, 0.3667
0.7447, 0.3667
0.7447, 0.3667
0.7447, 0.3667
0.7447, 0.3667
0.7489, 0.3667
0.7489, 0.3667
0.7489, 0.3667
0.7489, 0.3667
0.7489, 0.3667
0.7489, 0.3667
0.7489, 0.3667
0.7489, 0.3667
0.7489, 0.3667
0.7532, 0.3692
0.7532, 0.3692
0.7532, 0.3692
0.7532, 0.3692
0.7532, 0.3692
0.7532, 0.3692
0.7532, 0.3692
0.7532, 0.3692
0.7532, 0.3692
0.7532, 0.3692
0.7532, 0.3692
0.7532, 0.3692
0.7532, 0.3692
0.7574, 0.3692
0.7574, 0.3692
0.7574, 0.3692
0.7574, 0.3692
0.7574, 0.3692
0.7574, 0.3692
0.7574, 0.3692
0.7574, 0.3692
0.7574, 0.3692
0.7617, 0.3692
0.7617, 0.3692
0.7617, 0.3692
0.7617, 0.3692
0.7617, 0.3692
0.7617, 0.3692
0.7660, 0.3692
0.7660, 0.3692
0.7660, 0.3692
0.7660, 0.3692
0.7660, 0.3692
0.7660, 0.3692
0.7660, 0.3692
0.7660, 0.3692
0.7660, 0.3692
0.7660, 0.3692
0.7660, 0.3692
0.7702, 0.3692
0.7702, 0.3692
0.7702, 0.3692
0.7702, 0.3692
0.7702, 0.3692
0.7702, 0.3692
0.7745, 0.3692
0.7745, 0.3692
0.7745, 0.3692
0.7745, 0.3692
0.7745, 0.3692
0.7745, 0.3692
0.7745, 0.3718
0.7745, 0.3718
0.7745, 0.3718
0.7745, 0.3718
0.7745, 0.3718
0.7745, 0.3718
0.7787, 0.3718
0.7787, 0.3718
0.7787, 0.3718
0.7787, 0.3718
0.7787, 0.3718
0.7787, 0.3718
0.7787, 0.3718
0.7787, 0.3718
0.7787, 0.3718
0.7830, 0.3718
0.7830, 0.3718
0.7830, 0.3718
0.7830, 0.3718
0.7830, 0.3718
0.7830, 0.3718
0.7830, 0.3718
0.7830, 0.3718
0.7830, 0.3718
0.7830, 0.3718
0.7830, 0.3718
0.7830, 0.3718
0.7872, 0.3718
0.7872, 0.3718
0.7872, 0.3718
0.7872, 0.3718
0.7872, 0.3718
0.7872, 0.3718
0.7915, 0.3718
0.7915, 0.3718
0.7915, 0.3718
0.7957, 0.3744
0.7957, 0.3744
0.7957, 0.3744
0.7957, 0.3744
0.7957, 0.3744
0.7957, 0.3744
0.7957, 0.3744
0.7957, 0.3744
0.7957, 0.3744
0.8000, 0.3744
0.8000, 0.3744
0.8000, 0.3744
0.8000, 0.3744
0.8000, 0.3744
0.8000, 0.3744
0.8043, 0.3744
0.8043, 0.3744
0.8043, 0.3744
0.8043, 0.3744
0.8043, 0.3744
0.8043, 0.3744
0.8043, 0.3744
0.8043, 0.3744
0.8043, 0.3744
0.8043, 0.3744
0.8043, 0.3744
0.8043, 0.3744
0.8085, 0.3769
0.8085, 0.3769
0.8085, 0.3769
0.8085, 0.3769
0.8085, 0.3769
0.8085, 0.3769
0.8128, 0.3769
0.8128, 0.3769
0.8128, 0.3769
0.8128, 0.3769
0.8128, 0.3769
0.8128, 0.3769
0.8170, 0.3769
0.8170, 0.3769
0.8170, 0.3769
0.8170, 0.3769
0.8170, 0.3769
0.8170, 0.3769
0.8170, 0.3769
0.8170, 0.3769
0.8170, 0.3769
0.8170, 0.3769
0.8170, 0.3769
0.8170, 0.3769
0.8170, 0.3769
0.8170, 0.3769
0.8170, 0.3769
0.8213, 0.3769
0.8213, 0.3769
0.8213, 0.3769
0.8213, 0.3769
0.8213, 0.3769
0.8213, 0.3769
0.8255, 0.3769
0.8255, 0.3769
0.8255, 0.3769
0.8255, 0.3769
0.8255, 0.3769
0.8255, 0.3769
0.8255, 0.3769
0.8255, 0.3769
0.8255, 0.3769
0.8255, 0.3769
0.8255, 0.3769
0.8298, 0.3769
0.8298, 0.3769
0.8298, 0.3769
0.8298, 0.3769
0.8298, 0.3769
0.8298, 0.3769
0.8340, 0.3769
0.8340, 0.3769
0.8340, 0.3769
0.8340, 0.3769
0.8340, 0.3769
0.8340, 0.3769
0.8340, 0.3769
0.8340, 0.3769
0.8340, 0.3769
0.8383, 0.3769
0.8383, 0.3769
0.8383, 0.3769
0.8383, 0.3769
0.8383, 0.3769
0.8383, 0.3769
0.8383, 0.3769
0.8383, 0.3769
0.8383, 0.3769
0.8383, 0.3769
0.8383, 0.3769
0.8383, 0.3769
0.8383, 0.3769
0.8383, 0.3769
0.8383, 0.3769
0.8383, 0.3769
0.8426, 0.3769
0.8426, 0.3769
0.8426, 0.3769
0.8426, 0.3769
0.8426, 0.3769
0.8426, 0.3769
0.8468, 0.3769
0.8468, 0.3769
0.8468, 0.3769
0.8468, 0.3769
0.8468, 0.3769
0.8468, 0.3769
0.8511, 0.3769
0.8511, 0.3769
0.8511, 0.3769
0.8553, 0.3769
0.8553, 0.3769
0.8596, 0.3769
0.8596, 0.3769
0.8596, 0.3769
0.8596, 0.3769
0.8596, 0.3769
0.8596, 0.3769
0.8638, 0.3769
0.8638, 0.3769
0.8638, 0.3769
0.8681, 0.3769
0.8681, 0.3769
0.8681, 0.3769
0.8681, 0.3769
0.8681, 0.3769
0.8681, 0.3769
0.8681, 0.3769
0.8681, 0.3769
0.8681, 0.3769
0.8681, 0.3769
0.8681, 0.3769
0.8723, 0.3769
0.8723, 0.3769
0.8723, 0.3769
0.8723, 0.3769
0.8723, 0.3769
0.8723, 0.3769
0.8766, 0.3769
0.8766, 0.3769
0.8766, 0.3769
0.8766, 0.3769
0.8766, 0.3769
0.8766, 0.3769
0.8809, 0.3769
0.8809, 0.3769
0.8809, 0.3769
0.8809, 0.3769
0.8809, 0.3769
0.8809, 0.3769
0.8809, 0.3769
0.8809, 0.3769
0.8851, 0.3769
0.8851, 0.3769
0.8851, 0.3769
0.8894, 0.3744
0.8894, 0.3744
0.8894, 0.3744
0.8894, 0.3744
0.8894, 0.3744
0.8894, 0.3744
0.8894, 0.3744
0.8894, 0.3744
0.8894, 0.3744
0.8936, 0.3744
0.8936, 0.3744
0.8979, 0.3744
0.8979, 0.3744
0.8979, 0.3744
0.9021, 0.3744
0.9021, 0.3744
0.9021, 0.3744
0.9021, 0.3744
0.9021, 0.3744
0.9021, 0.3744
0.9021, 0.3744
0.9021, 0.3744
0.9021, 0.3744
0.9021, 0.3718
0.9021, 0.3718
0.9064, 0.3718
0.9064, 0.3718
0.9064, 0.3718
0.9064, 0.3718
0.9064, 0.3718
0.9064, 0.3718
0.9106, 0.3718
0.9106, 0.3718
0.9106, 0.3718
0.9106, 0.3718
0.9106, 0.3718
0.9106, 0.3718
0.9106, 0.3718
0.9106, 0.3718
0.9106, 0.3718
0.9106, 0.3718
0.9106, 0.3718
0.9106, 0.3718
0.9149, 0.3718
0.9149, 0.3718
0.9149, 0.3718
0.9149, 0.3718
0.9149, 0.3718
0.9191, 0.3718
0.9191, 0.3718
0.9191, 0.3718
0.9191, 0.3718
0.9191, 0.3718
0.9191, 0.3718
0.9191, 0.3692
0.9191, 0.3692
0.9191, 0.3692
0.9234, 0.3692
0.9234, 0.3692
0.9234, 0.3692
0.9234, 0.3692
0.9234, 0.3692
0.9277, 0.3692
0.9277, 0.3692
0.9277, 0.3692
0.9277, 0.3692
0.9277, 0.3692
0.9277, 0.3692
0.9277, 0.3692
0.9277, 0.3692
0.9277, 0.3692
0.9319, 0.3692
0.9319, 0.3692
0.9319, 0.3692
0.9319, 0.3667
0.9319, 0.3667
0.9319, 0.3667
0.9319, 0.3667
0.9319, 0.3667
0.9362, 0.3667
0.9362, 0.3667
0.9362, 0.3667
0.9362, 0.3667
0.9362, 0.3667
0.9362, 0.3667
0.9404, 0.3667
0.9404, 0.3667
0.9404, 0.3667
0.9404, 0.3667
0.9404, 0.3667
0.9404, 0.3667
0.9404, 0.3667
0.9404, 0.3667
0.9447, 0.3667
0.9447, 0.3667
0.9447, 0.3667
0.9447, 0.3667
0.9447, 0.3667
0.9447, 0.3667
0.9489, 0.3641
0.9489, 0.3641
0.9489, 0.3641
0.9489, 0.3641
0.9489, 0.3641
0.9489, 0.3641
0.9532, 0.3641
0.9532, 0.3641
0.9532, 0.3641
0.9532, 0.3641
0.9532, 0.3641
0.9532, 0.3641
0.9532, 0.3641
0.9532, 0.3641
0.9532, 0.3641
0.9532, 0.3641
0.9532, 0.3641
0.9574, 0.3615
0.9574, 0.3615
0.9574, 0.3615
0.9574, 0.3615
0.9574, 0.3615
0.9574, 0.3615
0.9617, 0.3615
0.9617, 0.3615
0.9617, 0.3615
0.9617, 0.3615
0.9617, 0.3615
0.9617, 0.3615
0.9617, 0.3615
0.9617, 0.3615
0.9617, 0.3615
0.9617, 0.3615
0.9617, 0.3615
0.9617, 0.3615
0.9660, 0.3590
0.9660, 0.3590
0.9660, 0.3590
0.9660, 0.3590
0.9660, 0.3590
0.9702, 0.3590
0.9702, 0.3590
0.9702, 0.3590
0.9702, 0.3590
0.9702, 0.3590
0.9702, 0.3590
0.9745, 0.3590
0.9745, 0.3590
0.9745, 0.3590
0.9745, 0.3590
0.9745, 0.3590
0.9745, 0.3590
0.9745, 0.3590
0.9745, 0.3590
0.9745, 0.3590
0.9745, 0.3590
0.9745, 0.3590
0.9745, 0.3590
0.9745, 0.3590
0.9745, 0.3590
0.9745, 0.3590
0.9745, 0.3590
0.9745, 0.3590
0.9787, 0.3590
0.9787, 0.3590
0.9787, 0.3590
0.9787, 0.3564
0.9787, 0.3564
0.9787, 0.3564
0.9787, 0.3564
0.9787, 0.3564
0.9787, 0.3564
0.9787, 0.3564
0.9787, 0.3564
0.9787, 0.3564
0.9787, 0.3564
0.9787, 0.3564
0.9787, 0.3564
0.9787, 0.3564
0.9787, 0.3564
0.9787, 0.3564
0.9787, 0.3564
0.9787, 0.3564
0.9787, 0.3564
0.9787, 0.3564
0.9787, 0.3564
0.9830, 0.3564
0.9830, 0.3564
0.9830, 0.3564
0.9830, 0.3564
0.9830, 0.3564
0.9830, 0.3564
0.9830, 0.3564
0.9830, 0.3564
0.9830, 0.3564
0.9830, 0.3564
0.9830, 0.3564
0.9830, 0.3538
0.9830, 0.3538
0.9830, 0.3538
0.9830, 0.3538
0.9830, 0.3538
0.9830, 0.3538
0.9872, 0.3538
0.9872, 0.3538
0.9872, 0.3538
0.9872, 0.3538
0.9872, 0.3538
0.9872, 0.3538
0.9872, 0.3538
0.9872, 0.3538
0.9872, 0.3538
0.9872, 0.3538
0.9872, 0.3538
0.9872, 0.3538
0.9872, 0.3538
0.9872, 0.3538
0.9872, 0.3538
0.9872, 0.3538
0.9872, 0.3538
0.9872, 0.3538
0.9872, 0.3538
0.9872, 0.3538
0.9872, 0.3538
0.9872, 0.3538
0.9872, 0.3538
0.9872, 0.3538
0.9872, 0.3538
0.9872, 0.3538
0.9872, 0.3538
0.9872, 0.3538
0.9915, 0.3538
0.9915, 0.3538
0.9915, 0.3538
0.9915, 0.3538
0.9915, 0.3538
0.9957, 0.3538
0.9957, 0.3538
0.9957, 0.3538
0.9957, 0.3538
0.9957, 0.3538
0.9957, 0.3538
0.9957, 0.3538
0.9957, 0.3538
0.9957, 0.3538
0.9957, 0.3538
0.9957, 0.3538
0.9957, 0.3538
0.9957, 0.3513
0.9957, 0.3513
0.9957, 0.3513
0.9957, 0.3513
0.9957, 0.3513
1.0000, 0.3513
1.0000, 0.3513
1.0000, 0.3513
1.0000, 0.3513
1.0000, 0.3513
1.0000, 0.3513
1.0000, 0.3513
1.0000, 0.3513
1.0000, 0.3513
1.0000, 0.3513
1.0000, 0.3513
1.0000, 0.3513
1.0000, 0.3513
1.0000, 0.3513
1.0000, 0.3513
1.0000, 0.3513
1.0000, 0.3513
1.0000, 0.3513
1.0000, 0.3513
1.0000, 0.3513
1.0000, 0.3513
1.0000, 0.3513
1.0000, 0.3513
1.0000, 0.3513
1.0000, 0.3513
1.0000, 0.3513
1.0000, 0.3513
1.0000, 0.3513
1.0000, 0.3513
1.0000, 0.3513
1.0000, 0.3513
1.0000, 0.3513
1.0000, 0.3513
1.0000, 0.3513
1.0000, 0.3513
1.0000, 0.3513
1.0000, 0.3513
1.0000, 0.3513
1.0000, 0.3513
1.0000, 0.3513
1.0000, 0.3513
1.0000, 0.3513
1.0000, 0.3513
1.0000, 0.3513
1.0000, 0.3513
1.0000, 0.3513
1.0000, 0.3513
1.0000, 0.3513
1.0000, 0.3513
1.0000, 0.3513
1.0000, 0.3513
1.0000, 0.3513
1.0000, 0.3513
1.0000, 0.3513
1.0000, 0.3513
1.0000, 0.3513
1.0000, 0.3513
1.0000, 0.3513
1.0000, 0.3513
1.0000, 0.3513
1.0000, 0.3513
1.0000, 0.3513
1.0000, 0.3513
1.0000, 0.3513
1.0000, 0.3513
1.0000, 0.3513
0.6511, 0.3538
0.6511, 0.3538
0.6511, 0.3538
0.6511, 0.3538
0.6511, 0.3538
0.6511, 0.3538
0.6511, 0.3538
0.6511, 0.3538
0.6511, 0.3538
0.6511, 0.3538
0.6511, 0.3538
0.6511, 0.3538
0.6511, 0.3538
0.6511, 0.3538
0.6511, 0.3538
0.6511, 0.3538
0.6511, 0.3538
0.6511, 0.3538
0.6511, 0.3538
0.6511, 0.3538
0.6511, 0.3538
0.6511, 0.3538
0.6511, 0.3538
0.6511, 0.3538
0.6511, 0.3538
0.6511, 0.3538
0.6511, 0.3538
0.6511, 0.3538
0.6511, 0.3538
0.6511, 0.3538
0.6511, 0.3538
0.6511, 0.3538
0.6511, 0.3538
0.6511, 0.3538
0.6511, 0.3538
0.6511, 0.3538
0.6511, 0.3538
0.6511, 0.3538
0.6511, 0.3538
0.6511, 0.3538
0.6511, 0.3538
0.6511, 0.3538
0.6511, 0.3538
0.6511, 0.3538
0.6511, 0.3538
0.6511, 0.3538
0.6511, 0.3538
0.6511, 0.3538
0.6511, 0.3538
0.6511, 0.3538
0.6511, 0.3538
0.6511, 0.3538
0.6511, 0.3538
0.6511, 0.3538
0.6511, 0.3538
0.6511, 0.3538
0.6511, 0.3538
0.6511, 0.3538
0.6511, 0.3538
0.6511, 0.3538
0.6511, 0.3538
0.6511, 0.3538
0.6511, 0.3538
0.6511, 0.3538
0.6511, 0.3538
0.6511, 0.3538
0.6511, 0.3538
0.6511, 0.3538
0.6511, 0.3538
0.6511, 0.3538
0.6511, 0.3538
0.6511, 0.3538
0.6511, 0.3538
0.6511, 0.3538
0.6511, 0.3538
0.6511, 0.3538
0.6511, 0.3538
0.6511, 0.3538
0.6511, 0.3538
0.6511, 0.3538
0.6511, 0.3538
0.6511, 0.3538
0.6511, 0.3538
0.6511, 0.3538
0.6511, 0.3538
0.6511, 0.3538
0.6511, 0.3538
0.6511, 0.3538
0.6511, 0.3538
0.6511, 0.3538
0.6511, 0.3538
0.6511, 0.3513
0.6511, 0.3513
0.6511, 0.3513
0.6511, 0.3513
0.6511, 0.3513
0.6511, 0.3513
0.6511, 0.3513
0.6511, 0.3513
0.6511, 0.3513
0.6511, 0.3513
0.6511, 0.3513
0.6511, 0.3513
0.6511, 0.3513
0.6511, 0.3513
0.6511, 0.3513
0.6511, 0.3513
0.6511, 0.3513
0.6511, 0.3513
0.6511, 0.3513
0.6511, 0.3513
0.6511, 0.3513
0.6511, 0.3513
0.6511, 0.3513
0.6511, 0.3513
0.6511, 0.3513
0.6511, 0.3513
0.6511, 0.3513
0.6511, 0.3513
0.6511, 0.3513
0.6511, 0.3513
0.6511, 0.3513
0.6511, 0.3513
0.6511, 0.3513
0.6511, 0.3513
0.6511, 0.3513
0.6511, 0.3513
0.6511, 0.3513
0.6511, 0.3513
0.6511, 0.3513
0.6511, 0.3513
0.6511, 0.3487
0.6511, 0.3487
0.6511, 0.3487
0.6468, 0.3487
0.6468, 0.3487
0.6468, 0.3487
0.6468, 0.3487
0.6468, 0.3487
0.6468, 0.3487
0.6468, 0.3487
0.6468, 0.3487
0.6468, 0.3487
0.6468, 0.3462
0.6468, 0.3462
0.6468, 0.3462
0.6468, 0.3462
0.6468, 0.3462
0.6468, 0.3462
0.6468, 0.3462
0.6468, 0.3462
0.6468, 0.3462
0.6468, 0.3462
0.6468, 0.3462
0.6468, 0.3462
0.6468, 0.3462
0.6468, 0.3462
0.6468, 0.3462
0.6468, 0.3462
0.6468, 0.3462
0.6468, 0.3436
0.6468, 0.3436
0.6468, 0.3436
0.6468, 0.3436
0.6468, 0.3436
0.6468, 0.3436
0.6468, 0.3436
0.6468, 0.3436
0.6468, 0.3436
0.6468, 0.3436
0.6468, 0.3436
0.6468, 0.3436
0.6468, 0.3436
0.6468, 0.3436
0.6468, 0.3436
0.6468, 0.3436
0.6426, 0.3436
0.6426, 0.3436
0.6426, 0.3436
0.6426, 0.3436
0.6426, 0.3436
0.6426, 0.3436
0.6426, 0.3436
0.6426, 0.3436
0.6426, 0.3436
0.6426, 0.3436
0.6426, 0.3436
0.6426, 0.3436
0.6426, 0.3410
0.6426, 0.3410
0.6426, 0.3410
0.6426, 0.3410
0.6426, 0.3410
0.6426, 0.3410
0.6426, 0.3410
0.6426, 0.3410
0.6426, 0.3410
0.6426, 0.3410
0.6426, 0.3410
0.6426, 0.3410
0.6426, 0.3410
0.6426, 0.3410
0.6426, 0.3410
0.6426, 0.3410
0.6426, 0.3410
0.6426, 0.3410
0.6426, 0.3410
0.6426, 0.3410
0.6426, 0.3385
0.6426, 0.3385
0.6426, 0.3385
0.6426, 0.3385
0.6426, 0.3385
0.6426, 0.3385
0.6426, 0.3385
0.6426, 0.3385
0.6426, 0.3385
0.6426, 0.3385
0.6426, 0.3385
0.6426, 0.3385
0.6426, 0.3385
0.6426, 0.3385
0.6426, 0.3385
0.6426, 0.3385
0.6426, 0.3385
0.6426, 0.3385
0.6426, 0.3385
0.6426, 0.3385
0.6426, 0.3385
0.6426, 0.3385
0.6426, 0.3385
0.6426, 0.3385
0.6426, 0.3359
0.6426, 0.3359
0.6426, 0.3359
0.6383, 0.3359
0.6383, 0.3359
0.6383, 0.3359
0.6383, 0.3359
0.6383, 0.3359
0.6383, 0.3359
0.6383, 0.3359
0.6383, 0.3359
0.6383, 0.3359
0.6383, 0.3359
0.6383, 0.3333
0.6383, 0.3333
0.6383, 0.3333
0.6383, 0.3333
0.6383, 0.3333
0.6383, 0.3333
0.6383, 0.3333
0.6383, 0.3333
0.6383, 0.3333
0.6340, 0.3333
0.6340, 0.3333
0.6340, 0.3333
0.6340, 0.3333
0.6340, 0.3333
0.6340, 0.3333
0.6340, 0.3308
0.6340, 0.3308
0.6340, 0.3308
0.6340, 0.3308
0.6340, 0.3308
0.6340, 0.3308
0.6340, 0.3308
0.6340, 0.3308
0.6340, 0.3308
0.6340, 0.3308
0.6340, 0.3308
0.6340, 0.3308
0.6340, 0.3308
0.6340, 0.3308
0.6340, 0.3308
0.6340, 0.3308
0.6340, 0.3308
0.6340, 0.3308
0.6340, 0.3308
0.6340, 0.3308
0.6340, 0.3308
0.6340, 0.3308
0.6340, 0.3308
0.6340, 0.3308
0.6340, 0.3308
0.6340, 0.3308
0.6340, 0.3282
0.6340, 0.3282
0.6340, 0.3282
0.6298, 0.3282
0.6298, 0.3282
0.6298, 0.3282
0.6298, 0.3282
0.6298, 0.3282
0.6298, 0.3282
0.6298, 0.3282
0.6298, 0.3282
0.6298, 0.3256
0.6298, 0.3256
0.6298, 0.3256
0.6298, 0.3256
0.6298, 0.3256
0.6298, 0.3256
0.6298, 0.3256
0.6298, 0.3256
0.6298, 0.3256
0.6255, 0.3256
0.6255, 0.3256
0.6255, 0.3256
0.6255, 0.3256
0.6255, 0.3256
0.6255, 0.3256
0.6255, 0.3256
0.6255, 0.3256
0.6255, 0.3256
0.6255, 0.3256
0.6255, 0.3256
0.6255, 0.3256
0.6255, 0.3256
0.6255, 0.3256
0.6255, 0.3256
0.6255, 0.3256
0.6255, 0.3256
0.6255, 0.3256
0.6255, 0.3256
0.6255, 0.3256
0.6255, 0.3256
0.6255, 0.3256
0.6255, 0.3256
0.6213, 0.3256
0.6213, 0.3256
0.6213, 0.3256
0.6213, 0.3256
0.6213, 0.3256
0.6213, 0.3256
0.6213, 0.3256
0.6213, 0.3256
0.6213, 0.3256
0.6213, 0.3256
0.6213, 0.3231
0.6213, 0.3231
0.6213, 0.3231
0.6213, 0.3231
0.6213, 0.3231
0.6213, 0.3231
0.6213, 0.3231
0.6213, 0.3231
0.6213, 0.3231
0.6213, 0.3231
0.6213, 0.3231
0.6213, 0.3205
0.6213, 0.3205
0.6213, 0.3205
0.6213, 0.3205
0.6213, 0.3205
0.6213, 0.3205
0.6213, 0.3205
0.6213, 0.3205
0.6213, 0.3205
0.6170, 0.3205
0.6170, 0.3205
0.6170, 0.3205
0.6170, 0.3205
0.6170, 0.3205
0.6170, 0.3205
0.6170, 0.3205
0.6170, 0.3205
0.6170, 0.3205
0.6170, 0.3205
0.6170, 0.3205
0.6170, 0.3205
0.6170, 0.3205
0.6170, 0.3205
0.6170, 0.3205
0.6128, 0.3205
0.6128, 0.3205
0.6128, 0.3205
0.6128, 0.3205
0.6128, 0.3205
0.6128, 0.3179
0.6128, 0.3179
0.6128, 0.3179
0.6128, 0.3179
0.6128, 0.3179
0.6128, 0.3179
0.6128, 0.3179
0.6128, 0.3179
0.6128, 0.3179
0.6128, 0.3179
0.6128, 0.3179
0.6128, 0.3179
0.6128, 0.3179
0.6128, 0.3154
0.6128, 0.3154
0.6128, 0.3154
0.6128, 0.3154
0.6128, 0.3154
0.6085, 0.3154
0.6085, 0.3154
0.6085, 0.3154
0.6085, 0.3154
0.6085, 0.3154
0.6085, 0.3154
0.6085, 0.3128
0.6085, 0.3128
0.6085, 0.3128
0.6085, 0.3128
0.6085, 0.3128
0.6085, 0.3128
0.6085, 0.3128
0.6085, 0.3128
0.6085, 0.3128
0.6085, 0.3128
0.6085, 0.3128
0.6085, 0.3128
0.6043, 0.3128
0.6043, 0.3128
0.6043, 0.3128
0.6043, 0.3128
0.6043, 0.3128
0.6043, 0.3128
0.6043, 0.3128
0.6043, 0.3128
0.6043, 0.3128
0.6043, 0.3128
0.6043, 0.3128
0.6043, 0.3128
0.6000, 0.3103
0.6000, 0.3103
0.6000, 0.3103
0.6000, 0.3103
0.6000, 0.3103
0.6000, 0.3103
0.6000, 0.3103
0.6000, 0.3103
0.6000, 0.3103
0.6000, 0.3077
0.6000, 0.3077
0.6000, 0.3077
0.6000, 0.3077
0.6000, 0.3077
0.6000, 0.3077
0.6000, 0.3077
0.6000, 0.3077
0.6000, 0.3077
0.6000, 0.3077
0.6000, 0.3077
0.6000, 0.3077
0.6000, 0.3077
0.6000, 0.3077
0.6000, 0.3077
0.6000, 0.3077
0.6000, 0.3077
0.6000, 0.3077
0.6000, 0.3077
0.6000, 0.3077
0.6000, 0.3077
0.5957, 0.3077
0.5957, 0.3077
0.5957, 0.3077
0.5957, 0.3077
0.5957, 0.3077
0.5957, 0.3077
0.5957, 0.3077
0.5957, 0.3051
0.5957, 0.3051
0.5957, 0.3051
0.5957, 0.3051
0.5957, 0.3051
0.5957, 0.3051
0.5915, 0.3051
0.5915, 0.3051
0.5915, 0.3026
0.5915, 0.3026
0.5915, 0.3026
0.5915, 0.3026
0.5915, 0.3026
0.5915, 0.3026
0.5915, 0.3000
0.5915, 0.3000
0.5915, 0.3000
0.5915, 0.3000
0.5915, 0.3000
0.5915, 0.3000
0.5915, 0.3000
0.5915, 0.3000
0.5915, 0.3000
0.5915, 0.3000
0.5915, 0.3000
0.5915, 0.3000
0.5915, 0.3000
0.5915, 0.3000
0.5915, 0.3000
0.5872, 0.3000
0.5872, 0.3000
0.5872, 0.3000
0.5872, 0.3000
0.5872, 0.3000
0.5872, 0.3000
0.5872, 0.3000
0.5872, 0.3000
0.5872, 0.3000
0.5872, 0.3000
0.5872, 0.3000
0.5872, 0.3000
0.5872, 0.3000
0.5872, 0.2974
0.5872, 0.2974
0.5872, 0.2974
0.5872, 0.2974
0.5872, 0.2974
0.5830, 0.2974
0.5830, 0.2974
0.5830, 0.2974
0.5830, 0.2974
0.5830, 0.2974
0.5830, 0.2974
0.5830, 0.2949
0.5830, 0.2949
0.5830, 0.2949
0.5830, 0.2949
0.5830, 0.2949
0.5830, 0.2949
0.5830, 0.2949
0.5830, 0.2949
0.5830, 0.2949
0.5830, 0.2949
0.5830, 0.2949
0.5830, 0.2949
0.5830, 0.2949
0.5830, 0.2949
0.5830, 0.2949
0.5830, 0.2923
0.5830, 0.2923
0.5830, 0.2923
0.5830, 0.2923
0.5830, 0.2923
0.5830, 0.2923
0.5830, 0.2923
0.5787, 0.2923
0.5787, 0.2923
0.5787, 0.2923
0.5787, 0.2923
0.5787, 0.2923
0.5787, 0.2923
0.5787, 0.2923
0.5787, 0.2923
0.5787, 0.2897
0.5787, 0.2897
0.5787, 0.2897
0.5787, 0.2897
0.5787, 0.2897
0.5787, 0.2897
0.5787, 0.2897
0.5787, 0.2897
0.5787, 0.2897
0.5787, 0.2897
0.5787, 0.2897
0.5787, 0.2897
0.5787, 0.2872
0.5787, 0.2872
0.5787, 0.2872
0.5787, 0.2872
0.5787, 0.2872
0.5787, 0.2872
0.5745, 0.2872
0.5745, 0.2872
0.5745, 0.2872
0.5745, 0.2872
0.5745, 0.2872
0.5745, 0.2872
0.5745, 0.2872
0.5745, 0.2872
0.5745, 0.2846
0.5745, 0.2846
0.5745, 0.2846
0.5745, 0.2846
0.5745, 0.2846
0.5745, 0.2846
0.5745, 0.2846
0.5745, 0.2846
0.5745, 0.2846
0.5745, 0.2846
0.5745, 0.2821
0.5745, 0.2821
0.5745, 0.2821
0.5745, 0.2821
0.5745, 0.2821
0.5702, 0.2821
0.5702, 0.2821
0.5702, 0.2821
0.5702, 0.2821
0.5702, 0.2821
0.5702, 0.2821
0.5702, 0.2821
0.5702, 0.2821
0.5702, 0.2821
0.5702, 0.2821
0.5702, 0.2821
0.5702, 0.2821
0.5702, 0.2795
0.5702, 0.2795
0.5702, 0.2795
0.5702, 0.2795
0.5702, 0.2795
0.5702, 0.2795
0.5702, 0.2795
0.5702, 0.2795
0.5702, 0.2769
0.5702, 0.2769
0.5702, 0.2769
0.5702, 0.2769
0.5702, 0.2769
0.5702, 0.2769
0.5702, 0.2744
0.5702, 0.2744
0.5702, 0.2744
0.5702, 0.2744
0.5702, 0.2744
0.5702, 0.2744
0.5702, 0.2744
0.5702, 0.2744
0.5702, 0.2744
0.5702, 0.2744
0.5702, 0.2744
0.5702, 0.2744
0.5702, 0.2718
0.5702, 0.2718
0.5702, 0.2718
0.5702, 0.2718
0.5702, 0.2718
0.5702, 0.2718
0.5702, 0.2692
0.5702, 0.2692
0.5702, 0.2692
0.5702, 0.2692
0.5702, 0.2692
0.5702, 0.2692
0.5702, 0.2692
0.5702, 0.2692
0.5702, 0.2692
0.5702, 0.2692
0.5702, 0.2692
0.5702, 0.2692
0.5702, 0.2692
0.5702, 0.2692
0.5702, 0.2692
0.5702, 0.2667
0.5702, 0.2667
0.5702, 0.2667
0.5702, 0.2667
0.5702, 0.2667
0.5702, 0.2667
0.5702, 0.2667
0.5702, 0.2667
0.5702, 0.2667
0.5702, 0.2641
0.5702, 0.2641
0.5702, 0.2641
0.5702, 0.2641
0.5702, 0.2641
0.5702, 0.2641
0.5702, 0.2615
0.5702, 0.2615
0.5702, 0.2615
0.5702, 0.2615
0.5702, 0.2615
0.5702, 0.2615
0.5702, 0.2615
0.5702, 0.2615
0.5702, 0.2615
0.5702, 0.2615
0.5702, 0.2615
0.5702, 0.2615
0.5702, 0.2615
0.5702, 0.2615
0.5702, 0.2590
0.5702, 0.2590
0.5702, 0.2590
0.5702, 0.2590
0.5702, 0.2590
0.5702, 0.2590
0.5702, 0.2564
0.5702, 0.2564
0.5702, 0.2564
0.5702, 0.2564
0.5702, 0.2564
0.5702, 0.2564
0.5702, 0.2564
0.5702, 0.2564
0.5702, 0.2564
0.5702, 0.2564
0.5702, 0.2564
0.5702, 0.2564
0.5702, 0.2564
0.5702, 0.2564
0.5702, 0.2538
0.5702, 0.2538
0.5702, 0.2538
0.5702, 0.2538
0.5702, 0.2538
0.5702, 0.2538
0.5702, 0.2513
0.5702, 0.2513
0.5702, 0.2513
0.5702, 0.2513
0.5702, 0.2513
0.5702, 0.2513
0.5702, 0.2487
0.5702, 0.2487
0.5702, 0.2487
0.5702, 0.2487
0.5702, 0.2487
0.5702, 0.2487
0.5702, 0.2487
0.5702, 0.2487
0.5702, 0.2487
0.5702, 0.2487
0.5702, 0.2487
0.5702, 0.2462
0.5702, 0.2462
0.5702, 0.2462
0.5702, 0.2462
0.5702, 0.2462
0.5702, 0.2436
0.5702, 0.2436
0.5702, 0.2436
0.5702, 0.2436
0.5702, 0.2436
0.5702, 0.2436
0.5702, 0.2436
0.5702, 0.2436
0.5702, 0.2436
0.5702, 0.2436
0.5702, 0.2436
0.5702, 0.2436
0.5702, 0.2410
0.5702, 0.2410
0.5702, 0.2410
0.5702, 0.2410
0.5702, 0.2410
0.5702, 0.2410
0.5702, 0.2385
0.5702, 0.2385
0.5702, 0.2385
0.5702, 0.2385
0.5702, 0.2385
0.5702, 0.2385
0.5702, 0.2385
0.5702, 0.2385
0.5702, 0.2385
0.5702, 0.2385
0.5702, 0.2385
0.5702, 0.2385
0.5702, 0.2385
0.5702, 0.2385
0.5702, 0.2359
0.5702, 0.2359
0.5702, 0.2359
0.5702, 0.2359
0.5702, 0.2359
0.5702, 0.2359
0.5702, 0.2359
0.5702, 0.2359
0.5702, 0.2359
0.5702, 0.2333
0.5702, 0.2333
0.5702, 0.2333
0.5702, 0.2333
0.5702, 0.2333
0.5702, 0.2333
0.5702, 0.2333
0.5702, 0.2333
0.5702, 0.2333
0.5702, 0.2333
0.5702, 0.2333
0.5702, 0.2333
0.5702, 0.2308
0.5702, 0.2308
0.5702, 0.2308
0.5702, 0.2308
0.5702, 0.2308
0.5702, 0.2308
0.5702, 0.2308
0.5702, 0.2308
0.5702, 0.2308
0.5702, 0.2308
0.5702, 0.2308
0.5702, 0.2308
0.5702, 0.2308
0.5702, 0.2308
0.5702, 0.2308
0.5702, 0.2308
0.5702, 0.2308
0.5702, 0.2308
0.5702, 0.2308
0.5702, 0.2308
0.5702, 0.2308
0.5702, 0.2308
0.5702, 0.2308
0.5702, 0.2282
0.5702, 0.2282
0.5702, 0.2282
0.5702, 0.2282
0.5702, 0.2282
0.5702, 0.2282
0.5702, 0.2282
0.5702, 0.2282
0.5702, 0.2282
0.5702, 0.2282
0.5702, 0.2282
0.5702, 0.2282
0.5702, 0.2282
0.5702, 0.2282
0.5702, 0.2282
0.5702, 0.2282
0.5702, 0.2282
0.5702, 0.2256
0.5702, 0.2256
0.5702, 0.2256
0.5702, 0.2256
0.5702, 0.2256
0.5702, 0.2256
0.5702, 0.2256
0.5702, 0.2256
0.5702, 0.2256
0.5702, 0.2256
0.5702, 0.2256
0.5745, 0.2256
0.5745, 0.2256
0.5745, 0.2256
0.5745, 0.2256
0.5745, 0.2256
0.5745, 0.2256
0.5745, 0.2256
0.5745, 0.2256
0.5787, 0.2256
0.5787, 0.2256
0.5787, 0.2256
0.5787, 0.2256
0.5787, 0.2256
0.5787, 0.2256
0.5787, 0.2231
0.5787, 0.2231
0.5787, 0.2231
0.5787, 0.2231
0.5787, 0.2231
0.5787, 0.2231
0.5787, 0.2231
0.5787, 0.2231
0.5830, 0.2231
0.5830, 0.2231
0.5830, 0.2231
0.5830, 0.2231
0.5830, 0.2231
0.5830, 0.2231
0.5872, 0.2231
0.5872, 0.2231
0.5872, 0.2231
0.5872, 0.2231
0.5872, 0.2231
0.5872, 0.2231
0.5872, 0.2231
0.5872, 0.2231
0.5872, 0.2205
0.5872, 0.2205
0.5872, 0.2205
0.5872, 0.2205
0.5872, 0.2205
0.5872, 0.2205
0.5872, 0.2205
0.5872, 0.2205
0.5872, 0.2205
0.5872, 0.2205
0.5872, 0.2205
0.5872, 0.2205
0.5915, 0.2205
0.5915, 0.2205
0.5915, 0.2205
0.5915, 0.2205
0.5915, 0.2205
0.5957, 0.2179
0.5957, 0.2179
0.5957, 0.2179
0.5957, 0.2179
0.5957, 0.2179
0.5957, 0.2179
0.5957, 0.2179
0.5957, 0.2179
0.5957, 0.2179
0.5957, 0.2179
0.5957, 0.2179
0.6000, 0.2179
0.6000, 0.2179
0.6000, 0.2179
0.6000, 0.2179
0.6000, 0.2179
0.6043, 0.2179
0.6043, 0.2179
0.6043, 0.2179
0.6043, 0.2179
0.6043, 0.2179
0.6043, 0.2179
0.6043, 0.2179
0.6043, 0.2179
0.6043, 0.2179
0.6043, 0.2179
0.6043, 0.2179
0.6085, 0.2179
0.6085, 0.2179
0.6085, 0.2179
0.6085, 0.2179
0.6085, 0.2179
0.6085, 0.2179
0.6085, 0.2179
0.6085, 0.2179
0.6085, 0.2179
0.6085, 0.2179
0.6085, 0.2179
0.6085, 0.2179
0.6085, 0.2179
0.6085, 0.2179
0.6085, 0.2179
0.6085, 0.2179
0.6085, 0.2179
0.6085, 0.2179
0.6085, 0.2179
0.6085, 0.2179
0.6128, 0.2154
0.6128, 0.2154
0.6128, 0.2154
0.6128, 0.2154
0.6128, 0.2154
0.6128, 0.2154
0.6128, 0.2154
0.6128, 0.2154
0.6170, 0.2154
0.6170, 0.2154
0.6170, 0.2154
0.6170, 0.2154
0.6170, 0.2154
0.6170, 0.2154
0.6170, 0.2154
0.6170, 0.2154
0.6170, 0.2154
0.6170, 0.2154
0.6170, 0.2154
0.6170, 0.2154
0.6170, 0.2154
0.6170, 0.2154
0.6213, 0.2154
0.6213, 0.2154
0.6213, 0.2154
0.6213, 0.2154
0.6213, 0.2154
0.6255, 0.2128
0.6255, 0.2128
0.6255, 0.2128
0.6255, 0.2128
0.6255, 0.2128
0.6255, 0.2128
0.6298, 0.2128
0.6298, 0.2128
0.6298, 0.2128
0.6298, 0.2128
0.6298, 0.2128
0.6298, 0.2128
0.6298, 0.2128
0.6298, 0.2128
0.6298, 0.2128
0.6298, 0.2128
0.6298, 0.2128
0.6298, 0.2128
0.6298, 0.2128
0.6298, 0.2128
0.6340, 0.2128
0.6340, 0.2128
0.6383, 0.2128
0.6383, 0.2128
0.6383, 0.2128
0.6426, 0.2103
0.6426, 0.2103
0.6426, 0.2103
0.6426, 0.2103
0.6426, 0.2103
0.6468, 0.2103
0.6468, 0.2103
0.6468, 0.2103
0.6468, 0.2103
0.6468, 0.2103
0.6468, 0.2103
0.6468, 0.2103
0.6468, 0.2103
0.6468, 0.2103
0.6468, 0.2103
0.6468, 0.2103
0.6511, 0.2077
0.6511, 0.2077
0.6511, 0.2077
0.6511, 0.2077
0.6511, 0.2077
0.6511, 0.2077
0.6511, 0.2077
0.6511, 0.2077
0.6511, 0.2077
0.6511, 0.2077
0.6511, 0.2077
0.6511, 0.2077
0.6511, 0.2077
0.6511, 0.2077
0.6511, 0.2077
0.6511, 0.2051
0.6511, 0.2051
0.6511, 0.2051
0.6511, 0.2051
0.6511, 0.2051
0.6511, 0.2051
0.6511, 0.2051
0.6511, 0.2051
0.6511, 0.2051
0.6511, 0.2051
0.6511, 0.2051
0.6553, 0.2051
0.6553, 0.2051
0.6553, 0.2051
0.6553, 0.2051
0.6553, 0.2051
0.6553, 0.2051
0.6553, 0.2051
0.6553, 0.2051
0.6553, 0.2051
0.6553, 0.2051
0.6553, 0.2051
0.6596, 0.2051
0.6596, 0.2051
0.6596, 0.2051
0.6596, 0.2026
0.6596, 0.2026
0.6596, 0.2026
0.6596, 0.2026
0.6596, 0.2026
0.6596, 0.2026
0.6596, 0.2026
0.6596, 0.2000
0.6596, 0.2000
0.6596, 0.2000
0.6596, 0.2000
0.6596, 0.2000
0.6596, 0.2000
0.6596, 0.2000
0.6596, 0.2000
0.6596, 0.2000
0.6596, 0.2000
0.6596, 0.2000
0.6596, 0.2000
0.6596, 0.2000
0.6596, 0.2000
0.6596, 0.2000
0.6596, 0.2000
0.6596, 0.2000
0.6596, 0.2000
0.6596, 0.2000
0.6638, 0.2000
0.6638, 0.2000
0.6638, 0.2000
0.6638, 0.2000
0.6638, 0.2000
0.6638, 0.1974
0.6638, 0.1974
0.6638, 0.1974
0.6638, 0.1974
0.6638, 0.1974
0.6638, 0.1974
0.6638, 0.1974
0.6638, 0.1974
0.6638, 0.1974
0.6638, 0.1949
0.6638, 0.1949
0.6638, 0.1949
0.6638, 0.1949
0.6638, 0.1949
0.6638, 0.1949
0.6638, 0.1949
0.6638, 0.1949
0.6638, 0.1949
0.6638, 0.1949
0.6638, 0.1923
0.6638, 0.1923
0.6638, 0.1923
0.6638, 0.1923
0.6638, 0.1923
0.6638, 0.1923
0.6638, 0.1923
0.6638, 0.1923
0.6638, 0.1923
0.6638, 0.1923
0.6638, 0.1923
0.6638, 0.1923
0.6638, 0.1923
0.6638, 0.1923
0.6638, 0.1923
0.6638, 0.1923
0.6638, 0.1923
0.6638, 0.1897
0.6638, 0.1897
0.6638, 0.1897
0.6638, 0.1897
0.6638, 0.1897
0.6638, 0.1897
0.6638, 0.1897
0.6638, 0.1897
0.6638, 0.1872
0.6638, 0.1872
0.6638, 0.1872
0.6638, 0.1872
0.6638, 0.1872
0.6638, 0.1872
0.6638, 0.1872
0.6638, 0.1872
0.6638, 0.1872
0.6638, 0.1872
0.6638, 0.1872
0.6638, 0.1872
0.6638, 0.1872
0.6638, 0.1872
0.6638, 0.1872
0.6638, 0.1872
0.6638, 0.1872
0.6638, 0.1872
0.6638, 0.1872
0.6638, 0.1846
0.6638, 0.1846
0.6638, 0.1846
0.6638, 0.1846
0.6638, 0.1846
0.6638, 0.1846
0.6638, 0.1846
0.6638, 0.1846
0.6638, 0.1846
0.6638, 0.1846
0.6638, 0.1821
0.6638, 0.1821
0.6638, 0.1821
0.6638, 0.1821
0.6638, 0.1821
0.6638, 0.1821
0.6596, 0.1821
0.6596, 0.1821
0.6596, 0.1821
0.6596, 0.1821
0.6596, 0.1795
0.6596, 0.1795
0.6596, 0.1795
0.6596, 0.1795
0.6596, 0.1795
0.6553, 0.1795
0.6553, 0.1795
0.6553, 0.1795
0.6553, 0.1795
0.6553, 0.1795
0.6553, 0.1795
0.6553, 0.1795
0.6553, 0.1795
0.6553, 0.1795
0.6553, 0.1795
0.6553, 0.1795
0.6511, 0.1769
0.6511, 0.1769
0.6511, 0.1769
0.6511, 0.1769
0.6511, 0.1769
0.6511, 0.1769
0.6468, 0.1769
0.6468, 0.1769
0.6468, 0.1744
0.6468, 0.1744
0.6468, 0.1744
0.6468, 0.1744
0.6468, 0.1744
0.6426, 0.1744
0.6426, 0.1744
0.6426, 0.1744
0.6426, 0.1744
0.6426, 0.1744
0.6426, 0.1744
0.6426, 0.1744
0.6426, 0.1744
0.6426, 0.1744
0.6426, 0.1744
0.6426, 0.1744
0.6426, 0.1744
0.6426, 0.1744
0.6383, 0.1744
0.6383, 0.1744
0.6383, 0.1744
0.6383, 0.1744
0.6383, 0.1744
0.6383, 0.1744
0.6340, 0.1718
0.6340, 0.1718
0.6340, 0.1718
0.6340, 0.1718
0.6340, 0.1718
0.6340, 0.1718
0.6340, 0.1718
0.6340, 0.1718
0.6340, 0.1718
0.6340, 0.1718
0.6340, 0.1718
0.6340, 0.1718
0.6340, 0.1718
0.6298, 0.1718
0.6298, 0.1718
0.6298, 0.1692
0.6298, 0.1692
0.6255, 0.1692
0.6255, 0.1692
0.6255, 0.1692
0.6255, 0.1692
0.6255, 0.1692
0.6255, 0.1692
0.6255, 0.1692
0.6255, 0.1692
0.6213, 0.1692
0.6213, 0.1692
0.6213, 0.1692
0.6213, 0.1692
0.6213, 0.1692
0.6213, 0.1667
0.6213, 0.1667
0.6213, 0.1667
0.6213, 0.1667
0.6213, 0.1667
0.6170, 0.1667
0.6170, 0.1667
0.6170, 0.1667
0.6170, 0.1667
0.6170, 0.1667
0.6170, 0.1667
0.6128, 0.1667
0.6128, 0.1667
0.6128, 0.1667
0.6128, 0.1667
0.6128, 0.1667
0.6128, 0.1667
0.6128, 0.1667
0.6128, 0.1667
0.6128, 0.1667
0.6128, 0.1667
0.6128, 0.1667
0.6128, 0.1667
0.6128, 0.1667
0.6128, 0.1641
0.6128, 0.1641
0.6085, 0.1641
0.6085, 0.1641
0.6085, 0.1641
0.6085, 0.1641
0.6085, 0.1641
0.6085, 0.1641
0.6085, 0.1641
0.6085, 0.1641
0.6043, 0.1641
0.6043, 0.1641
0.6043, 0.1615
0.6043, 0.1615
0.6043, 0.1615
0.6000, 0.1615
0.6000, 0.1615
0.6000, 0.1615
0.6000, 0.1615
0.6000, 0.1615
0.6000, 0.1615
0.6000, 0.1615
0.6000, 0.1615
0.6000, 0.1615
0.6000, 0.1615
0.6000, 0.1615
0.6000, 0.1615
0.6000, 0.1615
0.5957, 0.1615
0.5957, 0.1615
0.5957, 0.1615
0.5957, 0.1615
0.5957, 0.1615
0.5915, 0.1590
0.5915, 0.1590
0.5915, 0.1590
0.5915, 0.1590
0.5915, 0.1590
0.5915, 0.1590
0.5915, 0.1590
0.5915, 0.1590
0.5915, 0.1590
0.5915, 0.1590
0.5872, 0.1564
0.5872, 0.1564
0.5872, 0.1564
0.5872, 0.1564
0.5872, 0.1564
0.5872, 0.1564
0.5872, 0.1564
0.5872, 0.1564
0.5830, 0.1564
0.5830, 0.1564
0.5830, 0.1564
0.5830, 0.1564
0.5830, 0.1564
0.5830, 0.1564
0.5830, 0.1564
0.5830, 0.1564
0.5830, 0.1564
0.5830, 0.1564
0.5830, 0.1564
0.5830, 0.1564
0.5830, 0.1564
0.5830, 0.1538
0.5830, 0.1538
0.5787, 0.1538
0.5787, 0.1538
0.5787, 0.1538
0.5787, 0.1538
0.5787, 0.1538
0.5787, 0.1513
0.5787, 0.1513
0.5745, 0.1513
0.5745, 0.1513
0.5745, 0.1513
0.5745, 0.1513
0.5745, 0.1513
0.5702, 0.1487
0.5702, 0.1487
0.5702, 0.1487
0.5702, 0.1487
0.5702, 0.1487
0.5702, 0.1487
0.5702, 0.1487
0.5702, 0.1487
0.5702, 0.1487
0.5702, 0.1487
0.5702, 0.1487
0.5702, 0.1462
0.5702, 0.1462
0.5702, 0.1462
0.5702, 0.1462
0.5702, 0.1462
0.5660, 0.1436
0.5660, 0.1436
0.5660, 0.1436
0.5660, 0.1436
0.5660, 0.1436
0.5660, 0.1436
0.5660, 0.1436
0.5660, 0.1436
0.5660, 0.1436
0.5660, 0.1436
0.5660, 0.1410
0.5660, 0.1410
0.5660, 0.1410
0.5660, 0.1410
0.5660, 0.1410
0.5660, 0.1385
0.5660, 0.1385
0.5660, 0.1385
0.5660, 0.1385
0.5660, 0.1385
0.5660, 0.1385
0.5660, 0.1359
0.5660, 0.1359
0.5660, 0.1359
0.5660, 0.1359
0.5660, 0.1359
0.5660, 0.1359
0.5660, 0.1359
0.5660, 0.1359
0.5660, 0.1359
0.5660, 0.1359
0.5660, 0.1359
0.5660, 0.1359
0.5660, 0.1333
0.5660, 0.1333
0.5660, 0.1333
0.5660, 0.1333
0.5660, 0.1333
0.5660, 0.1333
0.5660, 0.1333
0.5660, 0.1333
0.5660, 0.1308
0.5660, 0.1308
0.5660, 0.1308
0.5660, 0.1308
0.5660, 0.1308
0.5660, 0.1308
0.5660, 0.1308
0.5660, 0.1308
0.5660, 0.1308
0.5660, 0.1308
0.5660, 0.1308
0.5660, 0.1308
0.5660, 0.1308
0.5660, 0.1308
0.5660, 0.1308
0.5660, 0.1308
0.5660, 0.1308
0.5660, 0.1308
0.5660, 0.1282
0.5660, 0.1282
0.5660, 0.1282
0.5660, 0.1282
0.5660, 0.1282
0.5660, 0.1282
0.5660, 0.1282
0.5660, 0.1282
0.5660, 0.1282
0.5660, 0.1282
0.5660, 0.1256
0.5660, 0.1256
0.5702, 0.1256
0.5702, 0.1256
0.5702, 0.1256
0.5702, 0.1256
0.5702, 0.1256
0.5745, 0.1231
0.5745, 0.1231
0.5787, 0.1231
0.5787, 0.1231
0.5787, 0.1231
0.5787, 0.1231
0.5787, 0.1231
0.5787, 0.1231
0.5787, 0.1231
0.5787, 0.1231
0.5787, 0.1231
0.5787, 0.1231
0.5830, 0.1205
0.5830, 0.1205
0.5830, 0.1205
0.5872, 0.1205
0.5872, 0.1205
0.5872, 0.1179
0.5872, 0.1179
0.5915, 0.1179
0.5915, 0.1179
0.5915, 0.1179
0.5957, 0.1179
0.5957, 0.1179
0.5957, 0.1154
0.5957, 0.1154
0.6000, 0.1154
0.6000, 0.1154
0.6000, 0.1154
0.6043, 0.1154
0.6043, 0.1154
0.6043, 0.1128
0.6043, 0.1128
0.6085, 0.1128
0.6085, 0.1128
0.6085, 0.1128
0.6085, 0.1128
0.6085, 0.1128
0.6085, 0.1103
0.6085, 0.1103
0.6128, 0.1103
0.6128, 0.1103
0.6128, 0.1103
0.6128, 0.1103
0.6128, 0.1103
0.6170, 0.1103
0.6170, 0.1103
0.6170, 0.1103
0.6170, 0.1103
0.6170, 0.1103
0.6170, 0.1103
0.6170, 0.1103
0.6170, 0.1103
0.6170, 0.1103
0.6170, 0.1103
0.6213, 0.1103
0.6213, 0.1103
0.6255, 0.1077
0.6255, 0.1077
0.6255, 0.1077
0.6255, 0.1077
0.6255, 0.1077
0.6298, 0.1077
0.6298, 0.1077
0.6298, 0.1077
0.6298, 0.1077
0.6298, 0.1077
0.6298, 0.1051
0.6298, 0.1051
0.6298, 0.1051
0.6298, 0.1051
0.6298, 0.1051
0.6340, 0.1051
0.6340, 0.1051
0.6340, 0.1051
0.6340, 0.1051
0.6383, 0.1051
0.6383, 0.1051
0.6383, 0.1051
0.6383, 0.1051
0.6383, 0.1051
0.6383, 0.1051
0.6383, 0.1051
0.6383, 0.1051
0.6383, 0.1051
0.6383, 0.1051
0.6426, 0.1051
0.6426, 0.1051
0.6426, 0.1051
0.6426, 0.1051
0.6426, 0.1051
0.6468, 0.1051
0.6468, 0.1051
0.6468, 0.1051
0.6468, 0.1051
0.6468, 0.1026
0.6468, 0.1026
0.6468, 0.1026
0.6511, 0.1026
0.6511, 0.1026
0.6511, 0.1026
0.6511, 0.1026
0.6511, 0.1026
0.6511, 0.1026
0.6511, 0.1026
0.6511, 0.1026
0.6511, 0.1026
0.6511, 0.1026
0.6511, 0.1026
0.6511, 0.1026
0.6553, 0.1026
0.6553, 0.1026
0.6553, 0.1000
0.6553, 0.1000
0.6553, 0.1000
0.6553, 0.1000
0.6553, 0.1000
0.6553, 0.1000
0.6553, 0.1000
0.6553, 0.1000
0.6553, 0.1000
0.6553, 0.1000
0.6553, 0.1000
0.6553, 0.1000
0.6553, 0.1000
0.6553, 0.1000
0.6553, 0.1000
0.6553, 0.1000
0.6553, 0.1000
0.6553, 0.1000
0.6553, 0.1000
0.6553, 0.1000
0.6553, 0.1000
0.6553, 0.1000
0.6553, 0.1000
0.6596, 0.0974
0.6596, 0.0974
0.6596, 0.0974
0.6596, 0.0974
0.6596, 0.0974
0.6596, 0.0974
0.6596, 0.0974
0.6596, 0.0974
0.6596, 0.0974
0.6596, 0.0974
0.6596, 0.0974
0.6596, 0.0974
0.6596, 0.0949
0.6596, 0.0949
0.6596, 0.0923
0.6596, 0.0923
0.6596, 0.0923
0.6596, 0.0923
0.6596, 0.0923
0.6596, 0.0923
0.6596, 0.0923
0.6596, 0.0897
0.6596, 0.0897
0.6596, 0.0897
0.6596, 0.0872
0.6596, 0.0872
0.6596, 0.0846
0.6596, 0.0846
0.6596, 0.0846
0.6596, 0.0846
0.6596, 0.0846
0.6596, 0.0846
0.6596, 0.0846
0.6596, 0.0821
0.6596, 0.0821
0.6596, 0.0821
0.6596, 0.0821
0.6596, 0.0821
0.6596, 0.0795
0.6596, 0.0795
0.6596, 0.0795
0.6596, 0.0795
0.6596, 0.0795
0.6596, 0.0795
0.6596, 0.0795
0.6596, 0.0795
0.6596, 0.0795
0.6596, 0.0795
0.6596, 0.0795
0.6596, 0.0795
0.6596, 0.0769
0.6596, 0.0769
0.6596, 0.0769
0.6596, 0.0769
0.6596, 0.0769
0.6596, 0.0744
0.6596, 0.0744
0.6596, 0.0744
0.6596, 0.0744
0.6596, 0.0744
0.6596, 0.0744
0.6596, 0.0744
0.6596, 0.0744
0.6596, 0.0744
0.6596, 0.0744
0.6553, 0.0718
0.6553, 0.0718
0.6553, 0.0692
0.6553, 0.0692
0.6553, 0.0692
0.6553, 0.0692
0.6511, 0.0667
0.6511, 0.0667
0.6511, 0.0667
0.6511, 0.0667
0.6511, 0.0667
0.6468, 0.0667
0.6468, 0.0667
0.6426, 0.0667
0.6426, 0.0667
0.6426, 0.0667
0.6426, 0.0667
0.6426, 0.0667
0.6426, 0.0641
0.6426, 0.0641
0.6426, 0.0641
0.6426, 0.0641
0.6426, 0.0641
0.6383, 0.0641
0.6383, 0.0641
0.6340, 0.0615
0.6340, 0.0615
0.6340, 0.0615
0.6340, 0.0615
0.6340, 0.0615
0.6340, 0.0615
0.6340, 0.0615
0.6340, 0.0615
0.6298, 0.0615
0.6298, 0.0615
0.6255, 0.0615
0.6255, 0.0615
0.6213, 0.0590
0.6213, 0.0590
0.6213, 0.0590
0.6213, 0.0590
0.6213, 0.0590
0.6170, 0.0590
0.6170, 0.0590
0.6128, 0.0564
0.6128, 0.0564
0.6128, 0.0564
0.6128, 0.0564
0.6128, 0.0564
0.6128, 0.0564
0.6128, 0.0564
0.6128, 0.0538
0.6128, 0.0538
0.6128, 0.0538
0.6085, 0.0538
0.6085, 0.0538
0.6085, 0.0538
0.6085, 0.0538
0.6043, 0.0538
0.6043, 0.0538
0.6043, 0.0538
0.6000, 0.0538
0.6000, 0.0538
0.6000, 0.0513
0.6000, 0.0513
0.6000, 0.0513
0.6000, 0.0513
0.6000, 0.0487
0.6000, 0.0487
0.6000, 0.0487
0.5957, 0.0487
0.5957, 0.0487
0.5915, 0.0487
0.5915, 0.0487
0.5915, 0.0462
0.5915, 0.0462
0.5915, 0.0462
0.5915, 0.0462
0.5915, 0.0462
0.5872, 0.0436
0.5872, 0.0436
0.5872, 0.0436
0.5872, 0.0436
0.5872, 0.0436
0.5830, 0.0410
0.5830, 0.0410
0.5830, 0.0410
0.5830, 0.0410
0.5830, 0.0410
0.5830, 0.0410
0.5830, 0.0410
0.5830, 0.0385
0.5830, 0.0385
0.5787, 0.0385
0.5787, 0.0385
0.5787, 0.0385
0.5787, 0.0359
0.5787, 0.0359
0.5745, 0.0359
0.5745, 0.0359
0.5745, 0.0359
0.5745, 0.0359
0.5702, 0.0333
0.5702, 0.0333
0.5702, 0.0333
0.5702, 0.0308
0.5702, 0.0308
0.5702, 0.0282
0.5702, 0.0282
0.5660, 0.0282
0.5660, 0.0282
0.5660, 0.0282
0.5660, 0.0282
0.5660, 0.0282
0.5617, 0.0256
0.5617, 0.0256
0.5617, 0.0231
0.5617, 0.0231
0.5574, 0.0231
0.5574, 0.0231
0.5574, 0.0231
0.5574, 0.0205
0.5574, 0.0205
0.5532, 0.0179
0.5532, 0.0179
0.5489, 0.0154
0.5489, 0.0154
0.5489, 0.0154
0.5489, 0.0154
0.5489, 0.0154
0.5489, 0.0154
0.5489, 0.0154
0.5489, 0.0154
0.5489, 0.0128
0.5489, 0.0128
0.5447, 0.0103
0.5447, 0.0103
0.5447, 0.0103
0.5447, 0.0103
0.5404, 0.0103
0.5404, 0.0103
0.5404, 0.0103
0.5404, 0.0077
0.5404, 0.0077
0.5404, 0.0077
0.5404, 0.0077
0.5404, 0.0077
0.5404, 0.0077
0.5404, 0.0077
0.5404, 0.0077
0.5404, 0.0077
0.5404, 0.0026
0.5404, 0.0026
0.5404, 0.0026
0.5404, 0.0026
0.5404, 0.0026
0.5362, 0.0026
0.5362, 0.0026
0.5362, 0.0026
0.5362, 0.0026
0.5362, 0.0026
0.5362, 0.0000
0.5362, 0.0000
0.5362, 0.0000
0.5362, 0.0000
0.5362, 0.0000
0.5362, 0.0000
0.5362, 0.0000
0.5362, 0.0000
0.5362, 0.0000
0.5362, 0.0000
0.5362, 0.0000
0.5362, 0.0000
0.5362, 0.0000
0.5362, 0.0000
0.5362, 0.0000
0.5362, 0.0000
0.5362, 0.0000
0.5319, 0.0000
0.5319, 0.0000
0.5319, 0.0000
0.5319, 0.0000
0.5319, 0.0000
0.5319, 0.0000
0.5319, 0.0000
0.5319, 0.0000
0.5319, 0.0000
0.5319, 0.0051
0.0000, 1.0000
0.0000, 1.0000
0.0000, 1.0000
0.0000, 1.0000
0.0000, 1.0000
0.0000, 1.0000
0.0000, 1.0000
0.0000, 1.0000
0.0000, 1.0000
0.0000, 1.0000
0.0000, 1.0000
0.0000, 1.0000
0.0000, 1.0000
0.0000, 1.0000
0.0000, 1.0000
0.0000, 1.0000
0.0000, 1.0000
0.0000, 1.0000
0.0000, 1.0000
0.0000, 1.0000
0.0000, 1.0000
0.0000, 1.0000
0.0000, 1.0000
0.0000, 1.0000
0.0000, 1.0000
0.0000, 1.0000
0.0000, 1.0000
0.0000, 1.0000
0.0000, 1.0000
0.0000, 1.0000
