0.1176, 0.3273
0.1176, 0.3273
0.1176, 0.3273
0.1176, 0.3273
0.1176, 0.3273
0.1176, 0.3273
0.1176, 0.3273
0.1176, 0.3273
0.1176, 0.3273
0.1176, 0.3273
0.1176, 0.3273
0.1176, 0.3273
0.1176, 0.3273
0.1176, 0.3273
0.1176, 0.3273
0.1176, 0.3273
0.1176, 0.3273
0.1176, 0.3273
0.1176, 0.3273
0.1176, 0.3273
0.1176, 0.3273
0.1176, 0.3273
0.1176, 0.3273
0.1176, 0.3273
0.1176, 0.3273
0.1176, 0.3273
0.1176, 0.3273
0.1176, 0.3273
0.1176, 0.3273
0.1176, 0.3273
0.1176, 0.3273
0.1176, 0.3273
0.1176, 0.3273
0.1176, 0.3273
0.1176, 0.3273
0.1176, 0.3273
0.1176, 0.3273
0.1176, 0.3273
0.1176, 0.3273
0.1176, 0.3273
0.1176, 0.3273
0.1176, 0.3273
0.1176, 0.3273
0.1176, 0.3273
0.1176, 0.3273
0.1176, 0.3273
0.1176, 0.3273
0.1176, 0.3273
0.1176, 0.3273
0.1176, 0.3273
0.1176, 0.3273
0.1176, 0.3273
0.1176, 0.3273
0.1176, 0.3273
0.1176, 0.3273
0.1176, 0.3273
0.1176, 0.3273
0.1176, 0.3273
0.1176, 0.3273
0.1176, 0.3273
0.1176, 0.3273
0.1176, 0.3273
0.1176, 0.3273
0.1176, 0.3273
0.1176, 0.3273
0.1176, 0.3273
0.1176, 0.3273
0.1176, 0.3273
0.1176, 0.3273
0.1176, 0.3273
0.1176, 0.3273
0.1176, 0.3273
0.1176, 0.3273
0.1176, 0.3273
0.1176, 0.3273
0.1222, 0.3273
0.1222, 0.3273
0.1222, 0.3273
0.1222, 0.3273
0.1222, 0.3273
0.1222, 0.3273
0.1222, 0.3273
0.1222, 0.3273
0.1222, 0.3273
0.1267, 0.3247
0.1267, 0.3247
0.1267, 0.3247
0.1267, 0.3247
0.1267, 0.3247
0.1267, 0.3247
0.1267, 0.3247
0.1267, 0.3247
0.1267, 0.3247
0.1267, 0.3247
0.1267, 0.3247
0.1267, 0.3247
0.1267, 0.3247
0.1312, 0.3247
0.1312, 0.3247
0.1312, 0.3247
0.1312, 0.3247
0.1312, 0.3247
0.1312, 0.3247
0.1312, 0.3247
0.1312, 0.3247
0.1312, 0.3247
0.1312, 0.3247
0.1312, 0.3247
0.1312, 0.3247
0.1357, 0.3221
0.1357, 0.3221
0.1357, 0.3221
0.1357, 0.3221
0.1357, 0.3221
0.1357, 0.3221
0.1357, 0.3221
0.1357, 0.3221
0.1357, 0.3221
0.1403, 0.3221
0.1403, 0.3221
0.1403, 0.3221
0.1403, 0.3221
0.1403, 0.3195
0.1403, 0.3195
0.1403, 0.3195
0.1403, 0.3195
0.1403, 0.3195
0.1403, 0.3195
0.1403, 0.3195
0.1403, 0.3195
0.1403, 0.3195
0.1403, 0.3195
0.1403, 0.3195
0.1403, 0.3195
0.1403, 0.3195
0.1403, 0.3195
0.1448, 0.3195
0.1448, 0.3195
0.1448, 0.3195
0.1448, 0.3195
0.1493, 0.3195
0.1493, 0.3195
0.1493, 0.3195
0.1493, 0.3195
0.1493, 0.3169
0.1493, 0.3169
0.1493, 0.3169
0.1493, 0.3169
0.1493, 0.3169
0.1493, 0.3169
0.1493, 0.3169
0.1493, 0.3169
0.1493, 0.3143
0.1493, 0.3143
0.1493, 0.3143
0.1493, 0.3143
0.1493, 0.3143
0.1538, 0.3143
0.1538, 0.3143
0.1538, 0.3143
0.1538, 0.3143
0.1538, 0.3143
0.1538, 0.3143
0.1538, 0.3143
0.1538, 0.3143
0.1538, 0.3143
0.1584, 0.3143
0.1584, 0.3143
0.1584, 0.3143
0.1584, 0.3143
0.1584, 0.3143
0.1584, 0.3143
0.1584, 0.3143
0.1584, 0.3143
0.1629, 0.3143
0.1629, 0.3143
0.1629, 0.3143
0.1629, 0.3143
0.1629, 0.3143
0.1629, 0.3117
0.1629, 0.3117
0.1629, 0.3117
0.1629, 0.3117
0.1629, 0.3117
0.1629, 0.3117
0.1629, 0.3117
0.1629, 0.3117
0.1674, 0.3117
0.1674, 0.3117
0.1674, 0.3117
0.1674, 0.3117
0.1674, 0.3091
0.1674, 0.3091
0.1674, 0.3091
0.1674, 0.3091
0.1719, 0.3091
0.1719, 0.3091
0.1719, 0.3091
0.1719, 0.3091
0.1719, 0.3065
0.1719, 0.3065
0.1719, 0.3065
0.1719, 0.3065
0.1765, 0.3065
0.1765, 0.3065
0.1765, 0.3065
0.1765, 0.3065
0.1765, 0.3065
0.1810, 0.3065
0.1810, 0.3065
0.1810, 0.3065
0.1810, 0.3065
0.1855, 0.3039
0.1855, 0.3039
0.1855, 0.3039
0.1855, 0.3039
0.1855, 0.3013
0.1855, 0.3013
0.1855, 0.3013
0.1855, 0.3013
0.1855, 0.3013
0.1855, 0.3013
0.1855, 0.3013
0.1855, 0.3013
0.1900, 0.3013
0.1900, 0.3013
0.1900, 0.3013
0.1900, 0.3013
0.1946, 0.3013
0.1946, 0.3013
0.1946, 0.3013
0.1946, 0.3013
0.1946, 0.2987
0.1946, 0.2987
0.1946, 0.2987
0.1946, 0.2987
0.1946, 0.2987
0.1946, 0.2987
0.1946, 0.2987
0.1946, 0.2987
0.1946, 0.2987
0.1991, 0.2987
0.1991, 0.2987
0.1991, 0.2987
0.1991, 0.2987
0.1991, 0.2987
0.1991, 0.2987
0.1991, 0.2987
0.1991, 0.2987
0.1991, 0.2987
0.1991, 0.2987
0.1991, 0.2987
0.1991, 0.2987
0.1991, 0.2987
0.1991, 0.2987
0.1991, 0.2987
0.1991, 0.2987
0.1991, 0.2987
0.1991, 0.2961
0.1991, 0.2961
0.1991, 0.2961
0.1991, 0.2961
0.1991, 0.2961
0.1991, 0.2961
0.1991, 0.2961
0.1991, 0.2961
0.1991, 0.2961
0.1991, 0.2961
0.1991, 0.2961
0.1991, 0.2961
0.1991, 0.2961
0.2036, 0.2961
0.2036, 0.2961
0.2036, 0.2961
0.2036, 0.2961
0.2036, 0.2961
0.2036, 0.2961
0.2036, 0.2961
0.2036, 0.2961
0.2036, 0.2961
0.2036, 0.2935
0.2036, 0.2935
0.2036, 0.2935
0.2036, 0.2935
0.2036, 0.2935
0.2036, 0.2935
0.2036, 0.2935
0.2036, 0.2935
0.2081, 0.2935
0.2081, 0.2935
0.2081, 0.2935
0.2081, 0.2935
0.2081, 0.2935
0.2081, 0.2935
0.2081, 0.2935
0.2081, 0.2935
0.2081, 0.2935
0.2127, 0.2935
0.2127, 0.2935
0.2127, 0.2935
0.2127, 0.2935
0.2127, 0.2935
0.2127, 0.2935
0.2127, 0.2935
0.2127, 0.2935
0.2172, 0.2909
0.2172, 0.2909
0.2172, 0.2909
0.2172, 0.2909
0.2172, 0.2909
0.2172, 0.2909
0.2172, 0.2909
0.2172, 0.2909
0.2172, 0.2909
0.2172, 0.2909
0.2172, 0.2909
0.2172, 0.2909
0.2172, 0.2909
0.2172, 0.2909
0.2172, 0.2909
0.2172, 0.2909
0.2172, 0.2909
0.2217, 0.2883
0.2217, 0.2883
0.2217, 0.2883
0.2217, 0.2883
0.2217, 0.2883
0.2217, 0.2883
0.2217, 0.2883
0.2217, 0.2883
0.2262, 0.2883
0.2262, 0.2883
0.2262, 0.2883
0.2262, 0.2883
0.2262, 0.2883
0.2262, 0.2883
0.2262, 0.2883
0.2262, 0.2883
0.2262, 0.2883
0.2262, 0.2883
0.2262, 0.2883
0.2262, 0.2883
0.2262, 0.2883
0.2262, 0.2883
0.2262, 0.2883
0.2262, 0.2883
0.2262, 0.2883
0.2262, 0.2883
0.2262, 0.2883
0.2262, 0.2883
0.2262, 0.2883
0.2262, 0.2883
0.2262, 0.2883
0.2262, 0.2883
0.2262, 0.2883
0.2262, 0.2883
0.2262, 0.2883
0.2262, 0.2883
0.2262, 0.2883
0.2262, 0.2883
0.2308, 0.2883
0.2308, 0.2883
0.2308, 0.2883
0.2308, 0.2883
0.2308, 0.2883
0.2308, 0.2883
0.2308, 0.2883
0.2308, 0.2883
0.2353, 0.2883
0.2353, 0.2883
0.2353, 0.2883
0.2353, 0.2883
0.2353, 0.2883
0.2353, 0.2883
0.2353, 0.2883
0.2353, 0.2883
0.2398, 0.2883
0.2398, 0.2883
0.2398, 0.2883
0.2398, 0.2883
0.2398, 0.2857
0.2398, 0.2857
0.2398, 0.2857
0.2398, 0.2857
0.2443, 0.2857
0.2443, 0.2857
0.2443, 0.2857
0.2443, 0.2857
0.2443, 0.2857
0.2443, 0.2857
0.2443, 0.2857
0.2443, 0.2857
0.2489, 0.2857
0.2489, 0.2857
0.2489, 0.2857
0.2489, 0.2857
0.2489, 0.2857
0.2489, 0.2857
0.2489, 0.2857
0.2489, 0.2857
0.2489, 0.2857
0.2489, 0.2857
0.2489, 0.2857
0.2534, 0.2857
0.2534, 0.2857
0.2534, 0.2857
0.2534, 0.2857
0.2534, 0.2857
0.2534, 0.2857
0.2534, 0.2857
0.2534, 0.2857
0.2534, 0.2857
0.2579, 0.2857
0.2579, 0.2857
0.2579, 0.2857
0.2579, 0.2857
0.2579, 0.2857
0.2579, 0.2857
0.2579, 0.2857
0.2579, 0.2857
0.2624, 0.2857
0.2624, 0.2857
0.2624, 0.2857
0.2624, 0.2857
0.2624, 0.2857
0.2624, 0.2857
0.2624, 0.2857
0.2624, 0.2857
0.2624, 0.2857
0.2624, 0.2857
0.2624, 0.2857
0.2624, 0.2857
0.2624, 0.2857
0.2624, 0.2857
0.2624, 0.2857
0.2670, 0.2831
0.2670, 0.2831
0.2670, 0.2831
0.2670, 0.2831
0.2670, 0.2831
0.2670, 0.2831
0.2670, 0.2831
0.2670, 0.2831
0.2670, 0.2831
0.2670, 0.2831
0.2670, 0.2831
0.2670, 0.2831
0.2715, 0.2831
0.2715, 0.2831
0.2715, 0.2831
0.2715, 0.2831
0.2715, 0.2831
0.2715, 0.2831
0.2715, 0.2831
0.2715, 0.2831
0.2715, 0.2831
0.2715, 0.2831
0.2715, 0.2831
0.2715, 0.2831
0.2715, 0.2831
0.2715, 0.2831
0.2715, 0.2831
0.2715, 0.2831
0.2760, 0.2831
0.2760, 0.2831
0.2760, 0.2831
0.2760, 0.2831
0.2760, 0.2831
0.2760, 0.2831
0.2760, 0.2831
0.2760, 0.2831
0.2805, 0.2831
0.2805, 0.2831
0.2805, 0.2831
0.2805, 0.2831
0.2805, 0.2831
0.2805, 0.2831
0.2805, 0.2831
0.2805, 0.2831
0.2851, 0.2831
0.2851, 0.2831
0.2851, 0.2831
0.2851, 0.2831
0.2851, 0.2831
0.2851, 0.2831
0.2851, 0.2831
0.2851, 0.2831
0.2851, 0.2831
0.2851, 0.2831
0.2851, 0.2831
0.2851, 0.2831
0.2851, 0.2805
0.2851, 0.2805
0.2851, 0.2805
0.2896, 0.2805
0.2896, 0.2805
0.2896, 0.2805
0.2896, 0.2805
0.2896, 0.2805
0.2896, 0.2805
0.2896, 0.2805
0.2896, 0.2805
0.2941, 0.2805
0.2941, 0.2805
0.2941, 0.2805
0.2941, 0.2805
0.2941, 0.2805
0.2941, 0.2805
0.2941, 0.2805
0.2941, 0.2805
0.2941, 0.2805
0.2941, 0.2805
0.2941, 0.2805
0.2941, 0.2805
0.2941, 0.2805
0.2941, 0.2805
0.2941, 0.2805
0.2941, 0.2805
0.2941, 0.2805
0.2941, 0.2805
0.2941, 0.2805
0.2941, 0.2805
0.2986, 0.2805
0.2986, 0.2805
0.2986, 0.2805
0.3032, 0.2805
0.3032, 0.2805
0.3032, 0.2805
0.3032, 0.2805
0.3032, 0.2805
0.3032, 0.2805
0.3032, 0.2805
0.3077, 0.2805
0.3077, 0.2805
0.3077, 0.2805
0.3077, 0.2805
0.3077, 0.2805
0.3077, 0.2805
0.3077, 0.2805
0.3077, 0.2805
0.3077, 0.2805
0.3077, 0.2805
0.3077, 0.2805
0.3077, 0.2805
0.3122, 0.2805
0.3122, 0.2805
0.3122, 0.2805
0.3167, 0.2805
0.3167, 0.2805
0.3167, 0.2805
0.3167, 0.2805
0.3167, 0.2805
0.3167, 0.2805
0.3167, 0.2805
0.3167, 0.2805
0.3167, 0.2805
0.3167, 0.2805
0.3167, 0.2805
0.3167, 0.2805
0.3167, 0.2805
0.3167, 0.2805
0.3167, 0.2805
0.3167, 0.2805
0.3213, 0.2805
0.3213, 0.2805
0.3213, 0.2805
0.3213, 0.2805
0.3213, 0.2805
0.3213, 0.2805
0.3213, 0.2805
0.3213, 0.2805
0.3213, 0.2805
0.3213, 0.2805
0.3213, 0.2805
0.3213, 0.2805
0.3258, 0.2805
0.3258, 0.2805
0.3258, 0.2805
0.3258, 0.2805
0.3258, 0.2805
0.3258, 0.2805
0.3258, 0.2805
0.3258, 0.2805
0.3303, 0.2805
0.3303, 0.2805
0.3303, 0.2805
0.3303, 0.2805
0.3303, 0.2805
0.3303, 0.2805
0.3303, 0.2805
0.3303, 0.2805
0.3303, 0.2805
0.3303, 0.2805
0.3303, 0.2805
0.3303, 0.2805
0.3348, 0.2805
0.3348, 0.2805
0.3348, 0.2805
0.3348, 0.2805
0.3348, 0.2805
0.3348, 0.2805
0.3348, 0.2805
0.3394, 0.2805
0.3394, 0.2805
0.3394, 0.2805
0.3394, 0.2805
0.3394, 0.2805
0.3394, 0.2805
0.3394, 0.2805
0.3394, 0.2805
0.3439, 0.2805
0.3439, 0.2805
0.3439, 0.2805
0.3439, 0.2805
0.3439, 0.2805
0.3439, 0.2805
0.3439, 0.2805
0.3439, 0.2805
0.3484, 0.2805
0.3484, 0.2805
0.3484, 0.2805
0.3484, 0.2805
0.3484, 0.2805
0.3484, 0.2805
0.3484, 0.2805
0.3484, 0.2805
0.3484, 0.2805
0.3484, 0.2805
0.3484, 0.2805
0.3484, 0.2805
0.3484, 0.2805
0.3484, 0.2805
0.3484, 0.2805
0.3529, 0.2805
0.3529, 0.2805
0.3529, 0.2805
0.3529, 0.2805
0.3529, 0.2805
0.3529, 0.2805
0.3529, 0.2805
0.3529, 0.2805
0.3575, 0.2805
0.3575, 0.2805
0.3575, 0.2805
0.3575, 0.2805
0.3575, 0.2805
0.3575, 0.2805
0.3575, 0.2805
0.3620, 0.2831
0.3620, 0.2831
0.3620, 0.2831
0.3620, 0.2831
0.3620, 0.2831
0.3620, 0.2831
0.3620, 0.2831
0.3620, 0.2831
0.3620, 0.2831
0.3620, 0.2831
0.3620, 0.2831
0.3665, 0.2831
0.3665, 0.2831
0.3665, 0.2831
0.3665, 0.2831
0.3665, 0.2831
0.3665, 0.2831
0.3665, 0.2831
0.3665, 0.2831
0.3710, 0.2831
0.3710, 0.2831
0.3710, 0.2831
0.3710, 0.2831
0.3710, 0.2831
0.3710, 0.2831
0.3710, 0.2831
0.3710, 0.2857
0.3710, 0.2857
0.3710, 0.2857
0.3756, 0.2857
0.3756, 0.2857
0.3756, 0.2857
0.3756, 0.2857
0.3756, 0.2857
0.3756, 0.2857
0.3756, 0.2857
0.3801, 0.2857
0.3801, 0.2857
0.3801, 0.2857
0.3846, 0.2857
0.3846, 0.2857
0.3846, 0.2857
0.3846, 0.2857
0.3846, 0.2857
0.3846, 0.2857
0.3846, 0.2857
0.3846, 0.2857
0.3846, 0.2857
0.3846, 0.2857
0.3846, 0.2857
0.3891, 0.2857
0.3891, 0.2857
0.3891, 0.2857
0.3891, 0.2857
0.3937, 0.2857
0.3937, 0.2857
0.3937, 0.2857
0.3937, 0.2857
0.3937, 0.2857
0.3937, 0.2857
0.3937, 0.2857
0.3937, 0.2883
0.3937, 0.2883
0.3937, 0.2883
0.3937, 0.2883
0.3982, 0.2883
0.3982, 0.2883
0.3982, 0.2883
0.4027, 0.2883
0.4027, 0.2883
0.4027, 0.2883
0.4027, 0.2883
0.4027, 0.2909
0.4027, 0.2909
0.4027, 0.2909
0.4027, 0.2909
0.4072, 0.2909
0.4072, 0.2909
0.4072, 0.2909
0.4072, 0.2909
0.4072, 0.2909
0.4072, 0.2909
0.4072, 0.2909
0.4072, 0.2909
0.4072, 0.2909
0.4072, 0.2909
0.4072, 0.2909
0.4072, 0.2909
0.4072, 0.2909
0.4072, 0.2909
0.4072, 0.2909
0.4118, 0.2909
0.4118, 0.2909
0.4118, 0.2909
0.4163, 0.2909
0.4163, 0.2909
0.4163, 0.2909
0.4163, 0.2909
0.4163, 0.2909
0.4163, 0.2909
0.4163, 0.2909
0.4163, 0.2909
0.4163, 0.2909
0.4163, 0.2909
0.4163, 0.2909
0.4163, 0.2909
0.4208, 0.2909
0.4208, 0.2909
0.4208, 0.2909
0.4253, 0.2909
0.4253, 0.2909
0.4253, 0.2909
0.4253, 0.2909
0.4253, 0.2909
0.4253, 0.2909
0.4253, 0.2909
0.4299, 0.2935
0.4299, 0.2935
0.4299, 0.2935
0.4299, 0.2935
0.4299, 0.2935
0.4299, 0.2935
0.4299, 0.2935
0.4299, 0.2935
0.4299, 0.2935
0.4299, 0.2935
0.4299, 0.2935
0.4299, 0.2935
0.4299, 0.2935
0.4299, 0.2935
0.4299, 0.2935
0.4299, 0.2935
0.4344, 0.2935
0.4344, 0.2935
0.4344, 0.2935
0.4389, 0.2935
0.4389, 0.2935
0.4389, 0.2935
0.4389, 0.2935
0.4389, 0.2935
0.4389, 0.2935
0.4389, 0.2935
0.4389, 0.2935
0.4389, 0.2935
0.4389, 0.2935
0.4389, 0.2935
0.4434, 0.2935
0.4434, 0.2935
0.4434, 0.2935
0.4480, 0.2961
0.4480, 0.2961
0.4480, 0.2961
0.4480, 0.2961
0.4480, 0.2961
0.4480, 0.2961
0.4480, 0.2961
0.4480, 0.2961
0.4525, 0.2961
0.4525, 0.2961
0.4525, 0.2961
0.4525, 0.2961
0.4525, 0.2961
0.4525, 0.2961
0.4525, 0.2961
0.4525, 0.2987
0.4525, 0.2987
0.4525, 0.2987
0.4570, 0.2987
0.4570, 0.2987
0.4570, 0.2987
0.4570, 0.2987
0.4615, 0.2987
0.4615, 0.2987
0.4615, 0.2987
0.4615, 0.2987
0.4615, 0.2987
0.4615, 0.2987
0.4615, 0.2987
0.4615, 0.2987
0.4615, 0.2987
0.4615, 0.2987
0.4615, 0.2987
0.4615, 0.2987
0.4615, 0.2987
0.4615, 0.2987
0.4615, 0.2987
0.4661, 0.2987
0.4661, 0.2987
0.4661, 0.2987
0.4661, 0.2987
0.4661, 0.2987
0.4661, 0.2987
0.4661, 0.2987
0.4706, 0.2987
0.4706, 0.2987
0.4706, 0.2987
0.4706, 0.2987
0.4706, 0.2987
0.4706, 0.2987
0.4706, 0.2987
0.4751, 0.3013
0.4751, 0.3013
0.4751, 0.3013
0.4751, 0.3013
0.4751, 0.3013
0.4751, 0.3013
0.4751, 0.3013
0.4751, 0.3013
0.4751, 0.3013
0.4751, 0.3013
0.4796, 0.3039
0.4796, 0.3039
0.4796, 0.3039
0.4796, 0.3039
0.4796, 0.3039
0.4796, 0.3039
0.4796, 0.3039
0.4796, 0.3039
0.4796, 0.3039
0.4796, 0.3039
0.4796, 0.3039
0.4842, 0.3039
0.4842, 0.3039
0.4842, 0.3039
0.4842, 0.3039
0.4842, 0.3039
0.4842, 0.3039
0.4842, 0.3039
0.4842, 0.3039
0.4842, 0.3039
0.4842, 0.3039
0.4887, 0.3039
0.4887, 0.3039
0.4887, 0.3039
0.4887, 0.3039
0.4887, 0.3039
0.4887, 0.3039
0.4932, 0.3065
0.4932, 0.3065
0.4932, 0.3065
0.4932, 0.3065
0.4932, 0.3065
0.4932, 0.3065
0.4932, 0.3065
0.4932, 0.3065
0.4932, 0.3065
0.4932, 0.3065
0.4932, 0.3065
0.4977, 0.3091
0.4977, 0.3091
0.4977, 0.3091
0.4977, 0.3091
0.5023, 0.3091
0.5023, 0.3091
0.5023, 0.3091
0.5023, 0.3117
0.5023, 0.3117
0.5023, 0.3117
0.5068, 0.3117
0.5068, 0.3117
0.5068, 0.3117
0.5068, 0.3117
0.5068, 0.3117
0.5068, 0.3117
0.5068, 0.3117
0.5068, 0.3117
0.5068, 0.3117
0.5068, 0.3117
0.5068, 0.3117
0.5068, 0.3117
0.5068, 0.3117
0.5068, 0.3117
0.5068, 0.3117
0.5113, 0.3117
0.5113, 0.3117
0.5113, 0.3117
0.5113, 0.3117
0.5113, 0.3117
0.5113, 0.3117
0.5113, 0.3117
0.5113, 0.3117
0.5113, 0.3117
0.5113, 0.3117
0.5113, 0.3117
0.5158, 0.3143
0.5158, 0.3143
0.5158, 0.3143
0.5158, 0.3143
0.5158, 0.3143
0.5158, 0.3143
0.5158, 0.3143
0.5158, 0.3143
0.5158, 0.3143
0.5158, 0.3143
0.5158, 0.3143
0.5158, 0.3169
0.5158, 0.3169
0.5158, 0.3169
0.5158, 0.3169
0.5204, 0.3169
0.5204, 0.3169
0.5204, 0.3169
0.5249, 0.3169
0.5249, 0.3169
0.5249, 0.3169
0.5249, 0.3169
0.5249, 0.3169
0.5249, 0.3169
0.5249, 0.3169
0.5294, 0.3169
0.5294, 0.3169
0.5294, 0.3169
0.5294, 0.3169
0.5294, 0.3169
0.5294, 0.3169
0.5294, 0.3169
0.5294, 0.3195
0.5294, 0.3195
0.5294, 0.3195
0.5294, 0.3195
0.5294, 0.3195
0.5294, 0.3195
0.5294, 0.3195
0.5339, 0.3195
0.5339, 0.3195
0.5339, 0.3195
0.5339, 0.3221
0.5339, 0.3221
0.5339, 0.3221
0.5339, 0.3221
0.5385, 0.3221
0.5385, 0.3221
0.5385, 0.3221
0.5385, 0.3221
0.5385, 0.3221
0.5385, 0.3221
0.5385, 0.3221
0.5385, 0.3221
0.5385, 0.3221
0.5385, 0.3221
0.5385, 0.3221
0.5385, 0.3221
0.5385, 0.3221
0.5385, 0.3221
0.5430, 0.3247
0.5430, 0.3247
0.5430, 0.3247
0.5475, 0.3247
0.5475, 0.3247
0.5475, 0.3247
0.5475, 0.3247
0.5475, 0.3247
0.5475, 0.3247
0.5475, 0.3247
0.5475, 0.3247
0.5475, 0.3247
0.5475, 0.3247
0.5475, 0.3247
0.5520, 0.3273
0.5520, 0.3273
0.5520, 0.3273
0.5520, 0.3273
0.5520, 0.3273
0.5520, 0.3273
0.5520, 0.3273
0.5520, 0.3273
0.5520, 0.3273
0.5520, 0.3273
0.5520, 0.3299
0.5520, 0.3299
0.5520, 0.3299
0.5520, 0.3299
0.5566, 0.3299
0.5566, 0.3299
0.5566, 0.3299
0.5566, 0.3299
0.5566, 0.3299
0.5566, 0.3299
0.5566, 0.3299
0.5611, 0.3299
0.5611, 0.3299
0.5611, 0.3299
0.5611, 0.3299
0.5611, 0.3299
0.5611, 0.3299
0.5611, 0.3299
0.5611, 0.3325
0.5611, 0.3325
0.5611, 0.3325
0.5656, 0.3325
0.5656, 0.3325
0.5656, 0.3325
0.5656, 0.3325
0.5656, 0.3325
0.5656, 0.3325
0.5656, 0.3325
0.5701, 0.3351
0.5701, 0.3351
0.5701, 0.3351
0.5701, 0.3351
0.5747, 0.3351
0.5747, 0.3351
0.5747, 0.3351
0.5747, 0.3351
0.5747, 0.3351
0.5747, 0.3351
0.5747, 0.3351
0.5747, 0.3351
0.5747, 0.3351
0.5747, 0.3351
0.5747, 0.3351
0.5747, 0.3351
0.5747, 0.3351
0.5747, 0.3351
0.5747, 0.3351
0.5747, 0.3351
0.5747, 0.3351
0.5747, 0.3351
0.5792, 0.3351
0.5792, 0.3351
0.5792, 0.3351
0.5792, 0.3351
0.5792, 0.3351
0.5792, 0.3351
0.5792, 0.3351
0.5792, 0.3377
0.5792, 0.3377
0.5792, 0.3377
0.5837, 0.3377
0.5837, 0.3377
0.5837, 0.3377
0.5837, 0.3377
0.5837, 0.3377
0.5837, 0.3377
0.5837, 0.3377
0.5837, 0.3403
0.5837, 0.3403
0.5837, 0.3403
0.5882, 0.3403
0.5882, 0.3403
0.5882, 0.3403
0.5882, 0.3403
0.5882, 0.3403
0.5882, 0.3403
0.5882, 0.3403
0.5928, 0.3429
0.5928, 0.3429
0.5928, 0.3429
0.5973, 0.3429
0.5973, 0.3429
0.5973, 0.3429
0.5973, 0.3429
0.5973, 0.3429
0.5973, 0.3429
0.5973, 0.3429
0.5973, 0.3429
0.5973, 0.3429
0.5973, 0.3429
0.5973, 0.3429
0.5973, 0.3429
0.5973, 0.3429
0.5973, 0.3429
0.5973, 0.3429
0.5973, 0.3429
0.5973, 0.3429
0.5973, 0.3429
0.6018, 0.3429
0.6018, 0.3429
0.6018, 0.3429
0.6018, 0.3455
0.6018, 0.3455
0.6018, 0.3455
0.6063, 0.3455
0.6063, 0.3455
0.6063, 0.3455
0.6063, 0.3455
0.6063, 0.3455
0.6063, 0.3455
0.6063, 0.3455
0.6063, 0.3455
0.6063, 0.3455
0.6063, 0.3455
0.6109, 0.3481
0.6109, 0.3481
0.6109, 0.3481
0.6109, 0.3481
0.6109, 0.3481
0.6109, 0.3481
0.6109, 0.3481
0.6154, 0.3481
0.6154, 0.3481
0.6154, 0.3481
0.6154, 0.3481
0.6199, 0.3481
0.6199, 0.3481
0.6199, 0.3481
0.6199, 0.3481
0.6199, 0.3481
0.6199, 0.3481
0.6199, 0.3481
0.6199, 0.3481
0.6199, 0.3481
0.6199, 0.3506
0.6199, 0.3506
0.6199, 0.3506
0.6199, 0.3506
0.6244, 0.3506
0.6244, 0.3506
0.6244, 0.3506
0.6244, 0.3506
0.6244, 0.3506
0.6244, 0.3506
0.6244, 0.3506
0.6244, 0.3506
0.6244, 0.3506
0.6244, 0.3506
0.6290, 0.3506
0.6290, 0.3506
0.6290, 0.3506
0.6290, 0.3506
0.6290, 0.3506
0.6290, 0.3506
0.6290, 0.3506
0.6290, 0.3532
0.6290, 0.3532
0.6290, 0.3532
0.6335, 0.3532
0.6335, 0.3532
0.6335, 0.3532
0.6335, 0.3532
0.6335, 0.3532
0.6335, 0.3532
0.6335, 0.3532
0.6380, 0.3532
0.6380, 0.3532
0.6380, 0.3532
0.6380, 0.3558
0.6380, 0.3558
0.6380, 0.3558
0.6380, 0.3558
0.6380, 0.3558
0.6380, 0.3558
0.6380, 0.3558
0.6425, 0.3558
0.6425, 0.3558
0.6425, 0.3558
0.6471, 0.3558
0.6471, 0.3558
0.6471, 0.3558
0.6471, 0.3558
0.6471, 0.3558
0.6471, 0.3558
0.6471, 0.3558
0.6516, 0.3558
0.6516, 0.3558
0.6516, 0.3558
0.6516, 0.3558
0.6516, 0.3558
0.6516, 0.3558
0.6516, 0.3558
0.6516, 0.3558
0.6516, 0.3558
0.6516, 0.3558
0.6516, 0.3558
0.6516, 0.3558
0.6516, 0.3558
0.6516, 0.3558
0.6516, 0.3558
0.6516, 0.3558
0.6516, 0.3558
0.6561, 0.3558
0.6561, 0.3558
0.6561, 0.3558
0.6561, 0.3558
0.6561, 0.3558
0.6561, 0.3558
0.6561, 0.3558
0.6606, 0.3558
0.6606, 0.3558
0.6606, 0.3558
0.6606, 0.3558
0.6606, 0.3558
0.6606, 0.3558
0.6606, 0.3558
0.6606, 0.3584
0.6606, 0.3584
0.6652, 0.3584
0.6652, 0.3584
0.6652, 0.3584
0.6652, 0.3584
0.6652, 0.3584
0.6652, 0.3584
0.6652, 0.3584
0.6697, 0.3584
0.6697, 0.3584
0.6697, 0.3584
0.6697, 0.3584
0.6697, 0.3584
0.6697, 0.3584
0.6697, 0.3584
0.6697, 0.3584
0.6697, 0.3584
0.6697, 0.3584
0.6742, 0.3584
0.6742, 0.3584
0.6742, 0.3584
0.6742, 0.3584
0.6742, 0.3584
0.6742, 0.3584
0.6742, 0.3584
0.6742, 0.3584
0.6742, 0.3584
0.6742, 0.3584
0.6742, 0.3584
0.6742, 0.3610
0.6742, 0.3610
0.6742, 0.3610
0.6742, 0.3610
0.6742, 0.3610
0.6742, 0.3610
0.6787, 0.3610
0.6787, 0.3610
0.6787, 0.3610
0.6787, 0.3610
0.6787, 0.3610
0.6787, 0.3610
0.6787, 0.3610
0.6833, 0.3610
0.6833, 0.3610
0.6833, 0.3610
0.6833, 0.3610
0.6833, 0.3610
0.6833, 0.3610
0.6833, 0.3610
0.6833, 0.3610
0.6833, 0.3610
0.6833, 0.3610
0.6878, 0.3610
0.6878, 0.3610
0.6878, 0.3610
0.6923, 0.3610
0.6923, 0.3610
0.6923, 0.3610
0.6923, 0.3610
0.6923, 0.3610
0.6923, 0.3610
0.6923, 0.3610
0.6968, 0.3610
0.6968, 0.3610
0.6968, 0.3610
0.6968, 0.3636
0.6968, 0.3636
0.6968, 0.3636
0.6968, 0.3636
0.6968, 0.3636
0.6968, 0.3636
0.6968, 0.3636
0.6968, 0.3636
0.6968, 0.3636
0.7014, 0.3636
0.7014, 0.3636
0.7014, 0.3636
0.7014, 0.3636
0.7014, 0.3636
0.7014, 0.3636
0.7059, 0.3636
0.7059, 0.3636
0.7059, 0.3636
0.7059, 0.3636
0.7059, 0.3636
0.7059, 0.3636
0.7059, 0.3636
0.7059, 0.3636
0.7059, 0.3636
0.7059, 0.3636
0.7104, 0.3662
0.7104, 0.3662
0.7104, 0.3662
0.7149, 0.3662
0.7149, 0.3662
0.7149, 0.3662
0.7149, 0.3662
0.7149, 0.3662
0.7149, 0.3662
0.7149, 0.3662
0.7195, 0.3662
0.7195, 0.3662
0.7195, 0.3662
0.7195, 0.3662
0.7195, 0.3662
0.7195, 0.3662
0.7195, 0.3662
0.7195, 0.3662
0.7195, 0.3662
0.7195, 0.3662
0.7240, 0.3662
0.7240, 0.3662
0.7240, 0.3662
0.7240, 0.3662
0.7240, 0.3662
0.7240, 0.3662
0.7285, 0.3662
0.7285, 0.3662
0.7285, 0.3662
0.7285, 0.3662
0.7285, 0.3662
0.7285, 0.3662
0.7285, 0.3662
0.7285, 0.3662
0.7285, 0.3662
0.7285, 0.3662
0.7285, 0.3662
0.7285, 0.3662
0.7285, 0.3662
0.7330, 0.3662
0.7330, 0.3662
0.7330, 0.3662
0.7330, 0.3662
0.7376, 0.3662
0.7376, 0.3662
0.7376, 0.3662
0.7376, 0.3662
0.7376, 0.3662
0.7376, 0.3662
0.7421, 0.3688
0.7421, 0.3688
0.7421, 0.3688
0.7421, 0.3688
0.7421, 0.3688
0.7421, 0.3688
0.7421, 0.3688
0.7466, 0.3688
0.7466, 0.3688
0.7466, 0.3688
0.7511, 0.3688
0.7511, 0.3688
0.7511, 0.3688
0.7511, 0.3688
0.7511, 0.3688
0.7511, 0.3688
0.7511, 0.3688
0.7511, 0.3688
0.7511, 0.3688
0.7557, 0.3688
0.7557, 0.3688
0.7557, 0.3688
0.7557, 0.3688
0.7557, 0.3688
0.7557, 0.3688
0.7557, 0.3688
0.7602, 0.3688
0.7602, 0.3688
0.7602, 0.3688
0.7602, 0.3688
0.7602, 0.3688
0.7602, 0.3688
0.7647, 0.3688
0.7647, 0.3688
0.7647, 0.3688
0.7647, 0.3688
0.7647, 0.3688
0.7647, 0.3688
0.7647, 0.3688
0.7647, 0.3688
0.7647, 0.3688
0.7692, 0.3688
0.7692, 0.3688
0.7692, 0.3688
0.7738, 0.3688
0.7738, 0.3688
0.7738, 0.3688
0.7738, 0.3688
0.7738, 0.3688
0.7738, 0.3688
0.7738, 0.3688
0.7738, 0.3688
0.7738, 0.3688
0.7738, 0.3688
0.7783, 0.3688
0.7783, 0.3688
0.7783, 0.3688
0.7783, 0.3688
0.7783, 0.3688
0.7783, 0.3688
0.7783, 0.3688
0.7828, 0.3688
0.7828, 0.3688
0.7828, 0.3688
0.7828, 0.3688
0.7828, 0.3688
0.7828, 0.3688
0.7828, 0.3688
0.7828, 0.3688
0.7828, 0.3688
0.7828, 0.3688
0.7828, 0.3688
0.7828, 0.3688
0.7828, 0.3688
0.7873, 0.3688
0.7873, 0.3688
0.7873, 0.3688
0.7919, 0.3688
0.7919, 0.3688
0.7919, 0.3688
0.7919, 0.3688
0.7919, 0.3688
0.7919, 0.3688
0.7964, 0.3688
0.7964, 0.3688
0.7964, 0.3688
0.7964, 0.3688
0.7964, 0.3688
0.7964, 0.3688
0.7964, 0.3688
0.8009, 0.3688
0.8009, 0.3688
0.8009, 0.3688
0.8009, 0.3688
0.8009, 0.3688
0.8009, 0.3688
0.8054, 0.3688
0.8054, 0.3688
0.8054, 0.3688
0.8054, 0.3688
0.8054, 0.3688
0.8054, 0.3688
0.8100, 0.3688
0.8100, 0.3688
0.8100, 0.3688
0.8100, 0.3688
0.8100, 0.3688
0.8100, 0.3688
0.8100, 0.3688
0.8145, 0.3688
0.8145, 0.3688
0.8145, 0.3688
0.8145, 0.3688
0.8145, 0.3688
0.8145, 0.3688
0.8190, 0.3688
0.8190, 0.3688
0.8190, 0.3688
0.8190, 0.3688
0.8190, 0.3688
0.8190, 0.3688
0.8190, 0.3688
0.8190, 0.3688
0.8190, 0.3688
0.8190, 0.3688
0.8235, 0.3688
0.8235, 0.3688
0.8235, 0.3688
0.8235, 0.3688
0.8235, 0.3688
0.8235, 0.3688
0.8281, 0.3688
0.8281, 0.3688
0.8281, 0.3688
0.8281, 0.3688
0.8281, 0.3688
0.8281, 0.3688
0.8281, 0.3688
0.8326, 0.3688
0.8326, 0.3688
0.8326, 0.3688
0.8371, 0.3688
0.8371, 0.3688
0.8371, 0.3688
0.8371, 0.3688
0.8371, 0.3688
0.8371, 0.3688
0.8416, 0.3688
0.8416, 0.3688
0.8416, 0.3688
0.8416, 0.3688
0.8416, 0.3688
0.8416, 0.3688
0.8416, 0.3688
0.8416, 0.3688
0.8416, 0.3688
0.8416, 0.3688
0.8462, 0.3688
0.8462, 0.3688
0.8462, 0.3688
0.8507, 0.3688
0.8507, 0.3688
0.8507, 0.3688
0.8507, 0.3688
0.8507, 0.3688
0.8507, 0.3688
0.8507, 0.3688
0.8507, 0.3688
0.8507, 0.3688
0.8507, 0.3688
0.8507, 0.3688
0.8507, 0.3688
0.8507, 0.3688
0.8552, 0.3688
0.8552, 0.3688
0.8552, 0.3688
0.8597, 0.3688
0.8597, 0.3688
0.8597, 0.3688
0.8643, 0.3688
0.8643, 0.3688
0.8643, 0.3688
0.8643, 0.3688
0.8643, 0.3688
0.8643, 0.3688
0.8688, 0.3688
0.8688, 0.3688
0.8688, 0.3688
0.8733, 0.3688
0.8733, 0.3688
0.8733, 0.3688
0.8733, 0.3688
0.8733, 0.3688
0.8733, 0.3688
0.8733, 0.3688
0.8778, 0.3688
0.8778, 0.3688
0.8778, 0.3688
0.8824, 0.3688
0.8824, 0.3688
0.8869, 0.3688
0.8869, 0.3688
0.8869, 0.3688
0.8869, 0.3688
0.8869, 0.3688
0.8869, 0.3688
0.8869, 0.3688
0.8914, 0.3688
0.8914, 0.3688
0.8914, 0.3688
0.8914, 0.3688
0.8914, 0.3688
0.8914, 0.3688
0.8959, 0.3688
0.8959, 0.3688
0.8959, 0.3688
0.8959, 0.3688
0.8959, 0.3688
0.8959, 0.3688
0.8959, 0.3688
0.8959, 0.3662
0.8959, 0.3662
0.9005, 0.3662
0.9005, 0.3662
0.9005, 0.3662
0.9050, 0.3662
0.9050, 0.3662
0.9050, 0.3662
0.9050, 0.3662
0.9050, 0.3662
0.9050, 0.3662
0.9050, 0.3662
0.9095, 0.3636
0.9095, 0.3636
0.9095, 0.3636
0.9095, 0.3636
0.9095, 0.3636
0.9095, 0.3636
0.9140, 0.3636
0.9140, 0.3636
0.9140, 0.3636
0.9186, 0.3636
0.9186, 0.3636
0.9186, 0.3636
0.9186, 0.3636
0.9186, 0.3636
0.9186, 0.3636
0.9231, 0.3636
0.9231, 0.3636
0.9231, 0.3636
0.9276, 0.3636
0.9276, 0.3636
0.9276, 0.3636
0.9276, 0.3636
0.9276, 0.3636
0.9276, 0.3636
0.9321, 0.3610
0.9321, 0.3610
0.9321, 0.3610
0.9367, 0.3610
0.9367, 0.3610
0.9367, 0.3610
0.9412, 0.3610
0.9412, 0.3610
0.9412, 0.3610
0.9412, 0.3610
0.9412, 0.3610
0.9412, 0.3610
0.9412, 0.3610
0.9412, 0.3610
0.9412, 0.3610
0.9457, 0.3584
0.9457, 0.3584
0.9457, 0.3584
0.9502, 0.3584
0.9502, 0.3584
0.9502, 0.3584
0.9502, 0.3584
0.9502, 0.3584
0.9502, 0.3584
0.9502, 0.3584
0.9548, 0.3584
0.9548, 0.3584
0.9548, 0.3584
0.9548, 0.3584
0.9548, 0.3584
0.9548, 0.3584
0.9593, 0.3584
0.9593, 0.3584
0.9593, 0.3584
0.9638, 0.3584
0.9638, 0.3584
0.9638, 0.3584
0.9638, 0.3584
0.9638, 0.3584
0.9638, 0.3584
0.9729, 0.3558
0.9729, 0.3558
0.9729, 0.3558
0.9774, 0.3558
0.9774, 0.3558
0.9774, 0.3558
0.9819, 0.3558
0.9819, 0.3558
0.9864, 0.3532
0.9864, 0.3532
0.9910, 0.3532
0.9955, 0.3532
0.9955, 0.3506
0.9955, 0.3506
1.0000, 0.3506
1.0000, 0.3506
1.0000, 0.3506
1.0000, 0.3506
1.0000, 0.3506
1.0000, 0.3506
1.0000, 0.3506
1.0000, 0.3506
1.0000, 0.3506
1.0000, 0.3506
1.0000, 0.3506
1.0000, 0.3506
1.0000, 0.3506
1.0000, 0.3506
1.0000, 0.3506
1.0000, 0.3506
0.6199, 0.3481
0.6199, 0.3481
0.6199, 0.3481
0.6199, 0.3481
0.6199, 0.3481
0.6199, 0.3481
0.6199, 0.3481
0.6199, 0.3481
0.6199, 0.3481
0.6199, 0.3481
0.6199, 0.3481
0.6199, 0.3481
0.6199, 0.3481
0.6199, 0.3481
0.6199, 0.3481
0.6199, 0.3481
0.6199, 0.3481
0.6199, 0.3481
0.6199, 0.3481
0.6199, 0.3481
0.6199, 0.3481
0.6199, 0.3481
0.6199, 0.3481
0.6199, 0.3481
0.6199, 0.3481
0.6199, 0.3481
0.6199, 0.3481
0.6199, 0.3481
0.6199, 0.3481
0.6199, 0.3481
0.6199, 0.3481
0.6199, 0.3481
0.6199, 0.3481
0.6199, 0.3481
0.6199, 0.3481
0.6199, 0.3481
0.6199, 0.3481
0.6199, 0.3481
0.6199, 0.3481
0.6199, 0.3481
0.6199, 0.3481
0.6199, 0.3481
0.6199, 0.3481
0.6199, 0.3481
0.6199, 0.3481
0.6199, 0.3481
0.6199, 0.3481
0.6199, 0.3481
0.6199, 0.3481
0.6199, 0.3481
0.6199, 0.3481
0.6199, 0.3481
0.6199, 0.3481
0.6199, 0.3481
0.6199, 0.3481
0.6199, 0.3481
0.6199, 0.3481
0.6199, 0.3481
0.6199, 0.3481
0.6199, 0.3481
0.6199, 0.3481
0.6199, 0.3481
0.6199, 0.3481
0.6199, 0.3481
0.6199, 0.3481
0.6199, 0.3481
0.6199, 0.3481
0.6199, 0.3481
0.6154, 0.3481
0.6154, 0.3481
0.6154, 0.3481
0.6154, 0.3481
0.6154, 0.3481
0.6154, 0.3481
0.6154, 0.3481
0.6154, 0.3481
0.6154, 0.3481
0.6154, 0.3455
0.6154, 0.3455
0.6154, 0.3455
0.6154, 0.3455
0.6154, 0.3455
0.6154, 0.3455
0.6154, 0.3455
0.6154, 0.3455
0.6154, 0.3455
0.6154, 0.3455
0.6154, 0.3455
0.6154, 0.3455
0.6154, 0.3455
0.6154, 0.3429
0.6154, 0.3429
0.6154, 0.3429
0.6154, 0.3429
0.6154, 0.3429
0.6154, 0.3429
0.6154, 0.3429
0.6154, 0.3429
0.6154, 0.3429
0.6154, 0.3429
0.6154, 0.3429
0.6154, 0.3429
0.6154, 0.3429
0.6109, 0.3403
0.6109, 0.3403
0.6109, 0.3403
0.6109, 0.3403
0.6109, 0.3403
0.6109, 0.3403
0.6109, 0.3403
0.6109, 0.3403
0.6109, 0.3403
0.6109, 0.3403
0.6109, 0.3403
0.6109, 0.3403
0.6109, 0.3403
0.6109, 0.3403
0.6109, 0.3403
0.6109, 0.3403
0.6109, 0.3403
0.6109, 0.3403
0.6063, 0.3403
0.6063, 0.3403
0.6063, 0.3403
0.6063, 0.3403
0.6063, 0.3377
0.6063, 0.3377
0.6063, 0.3377
0.6063, 0.3377
0.6063, 0.3377
0.6063, 0.3377
0.6063, 0.3377
0.6063, 0.3377
0.6063, 0.3351
0.6063, 0.3351
0.6063, 0.3351
0.6063, 0.3351
0.6063, 0.3351
0.6063, 0.3351
0.6063, 0.3351
0.6063, 0.3351
0.6063, 0.3351
0.6018, 0.3351
0.6018, 0.3351
0.6018, 0.3351
0.6018, 0.3351
0.6018, 0.3351
0.6018, 0.3351
0.6018, 0.3351
0.6018, 0.3351
0.6018, 0.3351
0.6018, 0.3351
0.6018, 0.3351
0.6018, 0.3351
0.6018, 0.3351
0.6018, 0.3325
0.6018, 0.3325
0.6018, 0.3325
0.6018, 0.3325
0.6018, 0.3325
0.6018, 0.3325
0.6018, 0.3325
0.6018, 0.3325
0.6018, 0.3325
0.6018, 0.3325
0.6018, 0.3325
0.6018, 0.3325
0.6018, 0.3325
0.6018, 0.3299
0.6018, 0.3299
0.6018, 0.3299
0.6018, 0.3299
0.6018, 0.3299
0.6018, 0.3299
0.6018, 0.3299
0.6018, 0.3299
0.6018, 0.3299
0.6018, 0.3299
0.6018, 0.3299
0.6018, 0.3299
0.6018, 0.3273
0.6018, 0.3273
0.6018, 0.3273
0.6018, 0.3273
0.6018, 0.3273
0.6018, 0.3273
0.6018, 0.3273
0.6018, 0.3273
0.6018, 0.3273
0.6018, 0.3273
0.6018, 0.3273
0.6018, 0.3273
0.6018, 0.3273
0.6018, 0.3273
0.6018, 0.3273
0.6018, 0.3273
0.6018, 0.3273
0.6018, 0.3247
0.6018, 0.3247
0.6018, 0.3247
0.6018, 0.3247
0.5973, 0.3247
0.5973, 0.3247
0.5973, 0.3247
0.5973, 0.3221
0.5973, 0.3221
0.5973, 0.3221
0.5973, 0.3221
0.5973, 0.3221
0.5973, 0.3221
0.5973, 0.3221
0.5973, 0.3221
0.5973, 0.3221
0.5973, 0.3221
0.5973, 0.3221
0.5973, 0.3221
0.5973, 0.3221
0.5973, 0.3221
0.5973, 0.3221
0.5973, 0.3221
0.5973, 0.3221
0.5973, 0.3221
0.5973, 0.3221
0.5973, 0.3221
0.5973, 0.3221
0.5928, 0.3195
0.5928, 0.3195
0.5928, 0.3195
0.5928, 0.3195
0.5928, 0.3195
0.5928, 0.3195
0.5928, 0.3195
0.5928, 0.3195
0.5928, 0.3195
0.5928, 0.3195
0.5928, 0.3195
0.5928, 0.3195
0.5928, 0.3195
0.5928, 0.3169
0.5928, 0.3169
0.5928, 0.3169
0.5928, 0.3169
0.5928, 0.3169
0.5928, 0.3169
0.5928, 0.3169
0.5928, 0.3169
0.5928, 0.3169
0.5928, 0.3169
0.5928, 0.3169
0.5928, 0.3169
0.5928, 0.3169
0.5928, 0.3169
0.5928, 0.3143
0.5928, 0.3143
0.5928, 0.3143
0.5928, 0.3143
0.5928, 0.3143
0.5928, 0.3143
0.5928, 0.3143
0.5928, 0.3143
0.5928, 0.3143
0.5928, 0.3143
0.5928, 0.3143
0.5928, 0.3143
0.5928, 0.3143
0.5928, 0.3143
0.5928, 0.3143
0.5928, 0.3143
0.5928, 0.3143
0.5928, 0.3143
0.5928, 0.3143
0.5928, 0.3143
0.5928, 0.3117
0.5928, 0.3117
0.5928, 0.3117
0.5928, 0.3117
0.5882, 0.3117
0.5882, 0.3117
0.5882, 0.3117
0.5882, 0.3117
0.5882, 0.3091
0.5882, 0.3091
0.5882, 0.3091
0.5882, 0.3091
0.5882, 0.3091
0.5882, 0.3091
0.5882, 0.3091
0.5882, 0.3091
0.5882, 0.3091
0.5882, 0.3091
0.5882, 0.3091
0.5882, 0.3091
0.5882, 0.3091
0.5837, 0.3091
0.5837, 0.3091
0.5837, 0.3091
0.5837, 0.3091
0.5837, 0.3091
0.5837, 0.3091
0.5837, 0.3091
0.5837, 0.3091
0.5837, 0.3065
0.5837, 0.3065
0.5837, 0.3065
0.5837, 0.3065
0.5792, 0.3065
0.5792, 0.3065
0.5792, 0.3065
0.5792, 0.3065
0.5792, 0.3039
0.5792, 0.3039
0.5792, 0.3039
0.5792, 0.3039
0.5792, 0.3039
0.5792, 0.3039
0.5792, 0.3039
0.5792, 0.3039
0.5792, 0.3039
0.5792, 0.3039
0.5792, 0.3039
0.5792, 0.3039
0.5792, 0.3039
0.5792, 0.3039
0.5792, 0.3039
0.5792, 0.3039
0.5792, 0.3013
0.5792, 0.3013
0.5792, 0.3013
0.5792, 0.3013
0.5792, 0.3013
0.5792, 0.3013
0.5792, 0.3013
0.5792, 0.3013
0.5792, 0.2987
0.5792, 0.2987
0.5792, 0.2987
0.5792, 0.2987
0.5747, 0.2987
0.5747, 0.2987
0.5747, 0.2987
0.5747, 0.2987
0.5747, 0.2987
0.5747, 0.2987
0.5747, 0.2987
0.5747, 0.2987
0.5747, 0.2961
0.5747, 0.2961
0.5747, 0.2961
0.5747, 0.2961
0.5747, 0.2961
0.5747, 0.2961
0.5747, 0.2961
0.5747, 0.2961
0.5747, 0.2961
0.5701, 0.2961
0.5701, 0.2961
0.5701, 0.2961
0.5701, 0.2961
0.5701, 0.2961
0.5701, 0.2961
0.5701, 0.2961
0.5701, 0.2961
0.5701, 0.2961
0.5701, 0.2961
0.5701, 0.2961
0.5701, 0.2961
0.5701, 0.2935
0.5701, 0.2935
0.5701, 0.2935
0.5701, 0.2935
0.5701, 0.2935
0.5701, 0.2935
0.5701, 0.2935
0.5701, 0.2935
0.5701, 0.2935
0.5701, 0.2935
0.5701, 0.2935
0.5701, 0.2935
0.5701, 0.2909
0.5701, 0.2909
0.5701, 0.2909
0.5701, 0.2909
0.5701, 0.2909
0.5701, 0.2909
0.5701, 0.2909
0.5701, 0.2909
0.5701, 0.2909
0.5701, 0.2909
0.5701, 0.2909
0.5701, 0.2909
0.5701, 0.2909
0.5701, 0.2909
0.5701, 0.2909
0.5701, 0.2909
0.5701, 0.2909
0.5656, 0.2909
0.5656, 0.2909
0.5656, 0.2909
0.5656, 0.2909
0.5656, 0.2883
0.5656, 0.2883
0.5656, 0.2883
0.5656, 0.2883
0.5656, 0.2883
0.5656, 0.2883
0.5656, 0.2883
0.5656, 0.2883
0.5656, 0.2883
0.5656, 0.2883
0.5656, 0.2883
0.5656, 0.2883
0.5611, 0.2857
0.5611, 0.2857
0.5611, 0.2857
0.5611, 0.2857
0.5611, 0.2857
0.5611, 0.2857
0.5611, 0.2857
0.5611, 0.2831
0.5611, 0.2831
0.5611, 0.2831
0.5611, 0.2831
0.5611, 0.2831
0.5611, 0.2831
0.5611, 0.2831
0.5611, 0.2831
0.5611, 0.2831
0.5611, 0.2831
0.5611, 0.2831
0.5611, 0.2831
0.5611, 0.2831
0.5566, 0.2831
0.5566, 0.2831
0.5566, 0.2831
0.5566, 0.2805
0.5566, 0.2805
0.5566, 0.2805
0.5566, 0.2805
0.5566, 0.2805
0.5566, 0.2805
0.5566, 0.2805
0.5566, 0.2805
0.5566, 0.2779
0.5566, 0.2779
0.5566, 0.2779
0.5566, 0.2779
0.5566, 0.2779
0.5566, 0.2779
0.5566, 0.2779
0.5566, 0.2779
0.5566, 0.2779
0.5566, 0.2779
0.5566, 0.2779
0.5566, 0.2779
0.5566, 0.2779
0.5566, 0.2779
0.5566, 0.2779
0.5566, 0.2779
0.5566, 0.2779
0.5566, 0.2779
0.5566, 0.2779
0.5566, 0.2779
0.5566, 0.2753
0.5566, 0.2753
0.5566, 0.2753
0.5566, 0.2753
0.5566, 0.2753
0.5566, 0.2753
0.5566, 0.2753
0.5566, 0.2753
0.5566, 0.2753
0.5566, 0.2753
0.5566, 0.2753
0.5566, 0.2753
0.5520, 0.2727
0.5520, 0.2727
0.5520, 0.2727
0.5520, 0.2727
0.5520, 0.2727
0.5520, 0.2727
0.5520, 0.2727
0.5520, 0.2727
0.5520, 0.2701
0.5520, 0.2701
0.5520, 0.2701
0.5520, 0.2701
0.5520, 0.2701
0.5520, 0.2701
0.5520, 0.2701
0.5520, 0.2701
0.5520, 0.2701
0.5520, 0.2701
0.5520, 0.2701
0.5520, 0.2701
0.5520, 0.2701
0.5520, 0.2701
0.5520, 0.2701
0.5520, 0.2701
0.5520, 0.2675
0.5520, 0.2675
0.5520, 0.2675
0.5520, 0.2675
0.5520, 0.2675
0.5520, 0.2675
0.5520, 0.2675
0.5520, 0.2675
0.5520, 0.2649
0.5520, 0.2649
0.5520, 0.2649
0.5520, 0.2649
0.5520, 0.2649
0.5520, 0.2649
0.5520, 0.2649
0.5520, 0.2649
0.5520, 0.2649
0.5520, 0.2649
0.5520, 0.2649
0.5520, 0.2649
0.5520, 0.2649
0.5520, 0.2649
0.5520, 0.2649
0.5520, 0.2649
0.5520, 0.2649
0.5520, 0.2649
0.5520, 0.2649
0.5520, 0.2649
0.5520, 0.2623
0.5520, 0.2623
0.5520, 0.2623
0.5520, 0.2623
0.5520, 0.2623
0.5520, 0.2623
0.5520, 0.2623
0.5520, 0.2623
0.5520, 0.2623
0.5520, 0.2623
0.5520, 0.2623
0.5520, 0.2623
0.5520, 0.2597
0.5520, 0.2597
0.5520, 0.2597
0.5520, 0.2597
0.5520, 0.2597
0.5520, 0.2597
0.5520, 0.2597
0.5520, 0.2597
0.5520, 0.2571
0.5520, 0.2571
0.5520, 0.2571
0.5520, 0.2571
0.5520, 0.2571
0.5520, 0.2571
0.5520, 0.2571
0.5520, 0.2571
0.5520, 0.2571
0.5520, 0.2571
0.5520, 0.2571
0.5520, 0.2571
0.5520, 0.2571
0.5520, 0.2571
0.5520, 0.2571
0.5520, 0.2571
0.5520, 0.2545
0.5520, 0.2545
0.5520, 0.2545
0.5520, 0.2545
0.5520, 0.2545
0.5520, 0.2545
0.5520, 0.2545
0.5520, 0.2545
0.5520, 0.2545
0.5520, 0.2545
0.5520, 0.2545
0.5520, 0.2519
0.5520, 0.2519
0.5520, 0.2519
0.5520, 0.2519
0.5520, 0.2519
0.5520, 0.2519
0.5520, 0.2519
0.5520, 0.2519
0.5520, 0.2519
0.5520, 0.2519
0.5520, 0.2519
0.5520, 0.2519
0.5520, 0.2519
0.5520, 0.2519
0.5520, 0.2519
0.5520, 0.2519
0.5520, 0.2519
0.5520, 0.2519
0.5520, 0.2519
0.5520, 0.2494
0.5520, 0.2494
0.5520, 0.2494
0.5520, 0.2494
0.5520, 0.2494
0.5520, 0.2494
0.5520, 0.2494
0.5520, 0.2494
0.5520, 0.2494
0.5520, 0.2494
0.5520, 0.2494
0.5475, 0.2468
0.5475, 0.2468
0.5475, 0.2468
0.5475, 0.2468
0.5475, 0.2468
0.5475, 0.2468
0.5475, 0.2468
0.5475, 0.2468
0.5475, 0.2468
0.5475, 0.2468
0.5475, 0.2468
0.5475, 0.2468
0.5475, 0.2442
0.5475, 0.2442
0.5475, 0.2442
0.5475, 0.2442
0.5475, 0.2442
0.5475, 0.2442
0.5475, 0.2442
0.5475, 0.2442
0.5475, 0.2442
0.5475, 0.2442
0.5475, 0.2442
0.5475, 0.2442
0.5475, 0.2442
0.5475, 0.2442
0.5475, 0.2442
0.5475, 0.2442
0.5475, 0.2442
0.5475, 0.2442
0.5475, 0.2442
0.5475, 0.2442
0.5475, 0.2442
0.5475, 0.2442
0.5475, 0.2442
0.5475, 0.2442
0.5475, 0.2442
0.5475, 0.2442
0.5475, 0.2442
0.5475, 0.2442
0.5475, 0.2442
0.5475, 0.2442
0.5475, 0.2442
0.5475, 0.2442
0.5475, 0.2442
0.5475, 0.2442
0.5475, 0.2442
0.5475, 0.2442
0.5475, 0.2416
0.5475, 0.2416
0.5475, 0.2416
0.5475, 0.2416
0.5475, 0.2416
0.5475, 0.2416
0.5475, 0.2416
0.5475, 0.2416
0.5475, 0.2416
0.5475, 0.2416
0.5475, 0.2416
0.5475, 0.2416
0.5475, 0.2416
0.5475, 0.2416
0.5475, 0.2416
0.5475, 0.2390
0.5475, 0.2390
0.5475, 0.2390
0.5475, 0.2390
0.5475, 0.2390
0.5475, 0.2390
0.5475, 0.2390
0.5475, 0.2390
0.5475, 0.2390
0.5475, 0.2390
0.5475, 0.2390
0.5475, 0.2390
0.5475, 0.2390
0.5475, 0.2390
0.5475, 0.2390
0.5475, 0.2390
0.5475, 0.2390
0.5475, 0.2390
0.5475, 0.2390
0.5475, 0.2390
0.5475, 0.2390
0.5475, 0.2390
0.5475, 0.2390
0.5475, 0.2390
0.5475, 0.2390
0.5475, 0.2364
0.5475, 0.2364
0.5475, 0.2364
0.5475, 0.2364
0.5475, 0.2364
0.5475, 0.2364
0.5475, 0.2364
0.5475, 0.2364
0.5475, 0.2364
0.5475, 0.2364
0.5475, 0.2364
0.5475, 0.2364
0.5475, 0.2364
0.5475, 0.2364
0.5475, 0.2338
0.5475, 0.2338
0.5475, 0.2338
0.5475, 0.2338
0.5475, 0.2338
0.5475, 0.2338
0.5475, 0.2338
0.5475, 0.2338
0.5475, 0.2338
0.5475, 0.2338
0.5475, 0.2338
0.5475, 0.2312
0.5475, 0.2312
0.5475, 0.2312
0.5475, 0.2312
0.5475, 0.2312
0.5475, 0.2312
0.5475, 0.2312
0.5475, 0.2312
0.5475, 0.2312
0.5475, 0.2312
0.5475, 0.2312
0.5475, 0.2312
0.5475, 0.2312
0.5475, 0.2312
0.5475, 0.2312
0.5475, 0.2312
0.5475, 0.2312
0.5475, 0.2312
0.5475, 0.2312
0.5475, 0.2312
0.5475, 0.2312
0.5475, 0.2312
0.5475, 0.2286
0.5475, 0.2286
0.5475, 0.2286
0.5475, 0.2286
0.5475, 0.2286
0.5475, 0.2286
0.5475, 0.2260
0.5475, 0.2260
0.5475, 0.2260
0.5475, 0.2260
0.5475, 0.2260
0.5475, 0.2260
0.5475, 0.2260
0.5475, 0.2260
0.5475, 0.2260
0.5475, 0.2260
0.5475, 0.2260
0.5475, 0.2234
0.5475, 0.2234
0.5475, 0.2234
0.5475, 0.2234
0.5475, 0.2234
0.5475, 0.2234
0.5520, 0.2208
0.5520, 0.2208
0.5520, 0.2208
0.5520, 0.2208
0.5520, 0.2208
0.5520, 0.2208
0.5520, 0.2208
0.5520, 0.2208
0.5520, 0.2208
0.5520, 0.2208
0.5520, 0.2208
0.5520, 0.2182
0.5520, 0.2182
0.5566, 0.2182
0.5566, 0.2182
0.5566, 0.2182
0.5566, 0.2182
0.5566, 0.2182
0.5566, 0.2182
0.5566, 0.2156
0.5566, 0.2156
0.5566, 0.2156
0.5611, 0.2156
0.5611, 0.2156
0.5611, 0.2130
0.5611, 0.2130
0.5611, 0.2130
0.5611, 0.2130
0.5611, 0.2130
0.5611, 0.2130
0.5656, 0.2130
0.5656, 0.2130
0.5656, 0.2130
0.5656, 0.2130
0.5656, 0.2130
0.5656, 0.2130
0.5656, 0.2130
0.5656, 0.2130
0.5656, 0.2130
0.5656, 0.2130
0.5656, 0.2130
0.5701, 0.2104
0.5701, 0.2104
0.5701, 0.2104
0.5701, 0.2104
0.5701, 0.2104
0.5701, 0.2104
0.5747, 0.2104
0.5747, 0.2104
0.5747, 0.2078
0.5747, 0.2078
0.5747, 0.2078
0.5747, 0.2078
0.5747, 0.2078
0.5747, 0.2078
0.5747, 0.2078
0.5747, 0.2078
0.5747, 0.2078
0.5747, 0.2078
0.5747, 0.2078
0.5747, 0.2078
0.5792, 0.2078
0.5792, 0.2078
0.5792, 0.2078
0.5792, 0.2078
0.5792, 0.2078
0.5792, 0.2078
0.5792, 0.2078
0.5792, 0.2078
0.5837, 0.2078
0.5837, 0.2078
0.5837, 0.2078
0.5837, 0.2078
0.5837, 0.2078
0.5837, 0.2078
0.5837, 0.2078
0.5837, 0.2078
0.5837, 0.2078
0.5882, 0.2052
0.5882, 0.2052
0.5882, 0.2052
0.5882, 0.2052
0.5882, 0.2052
0.5882, 0.2052
0.5882, 0.2052
0.5882, 0.2052
0.5882, 0.2052
0.5882, 0.2052
0.5882, 0.2052
0.5882, 0.2026
0.5882, 0.2026
0.5882, 0.2026
0.5928, 0.2026
0.5928, 0.2026
0.5928, 0.2026
0.5928, 0.2026
0.5928, 0.2026
0.5928, 0.2026
0.5928, 0.2026
0.5928, 0.2026
0.5928, 0.2026
0.5928, 0.2026
0.5928, 0.2026
0.5928, 0.2026
0.5928, 0.2026
0.5928, 0.2026
0.5928, 0.2026
0.5928, 0.2026
0.5928, 0.2026
0.5973, 0.2026
0.5973, 0.2026
0.5973, 0.2026
0.5973, 0.2026
0.5973, 0.2026
0.5973, 0.2026
0.5973, 0.2026
0.5973, 0.2026
0.5973, 0.2026
0.5973, 0.2026
0.5973, 0.2026
0.5973, 0.2026
0.5973, 0.2026
0.5973, 0.2026
0.6018, 0.2026
0.6018, 0.2026
0.6018, 0.2026
0.6018, 0.2026
0.6018, 0.2026
0.6018, 0.2026
0.6018, 0.2026
0.6018, 0.2026
0.6018, 0.2026
0.6018, 0.2026
0.6018, 0.2026
0.6018, 0.2026
0.6018, 0.2026
0.6018, 0.2026
0.6018, 0.2026
0.6018, 0.2026
0.6018, 0.2026
0.6018, 0.2026
0.6018, 0.2026
0.6018, 0.2026
0.6063, 0.2026
0.6063, 0.2026
0.6063, 0.2026
0.6063, 0.2026
0.6063, 0.2026
0.6063, 0.2026
0.6063, 0.2026
0.6063, 0.2026
0.6063, 0.2026
0.6063, 0.2026
0.6063, 0.2026
0.6109, 0.2000
0.6109, 0.2000
0.6109, 0.2000
0.6109, 0.2000
0.6109, 0.2000
0.6109, 0.2000
0.6109, 0.2000
0.6109, 0.2000
0.6109, 0.2000
0.6109, 0.2000
0.6109, 0.2000
0.6109, 0.2000
0.6109, 0.2000
0.6109, 0.2000
0.6154, 0.2000
0.6154, 0.2000
0.6154, 0.2000
0.6154, 0.2000
0.6154, 0.2000
0.6154, 0.2000
0.6154, 0.2000
0.6154, 0.2000
0.6154, 0.2000
0.6199, 0.2000
0.6199, 0.2000
0.6199, 0.2000
0.6199, 0.2000
0.6199, 0.2000
0.6199, 0.2000
0.6199, 0.2000
0.6199, 0.2000
0.6199, 0.2000
0.6199, 0.2000
0.6199, 0.2000
0.6244, 0.2000
0.6244, 0.2000
0.6244, 0.2000
0.6244, 0.2000
0.6244, 0.2000
0.6290, 0.2000
0.6290, 0.2000
0.6290, 0.2000
0.6290, 0.1974
0.6290, 0.1974
0.6290, 0.1974
0.6290, 0.1974
0.6290, 0.1974
0.6335, 0.1974
0.6335, 0.1974
0.6335, 0.1974
0.6335, 0.1974
0.6335, 0.1974
0.6335, 0.1974
0.6335, 0.1974
0.6335, 0.1974
0.6335, 0.1974
0.6335, 0.1974
0.6335, 0.1974
0.6335, 0.1974
0.6335, 0.1974
0.6335, 0.1974
0.6335, 0.1974
0.6335, 0.1974
0.6335, 0.1974
0.6335, 0.1974
0.6335, 0.1974
0.6335, 0.1974
0.6335, 0.1948
0.6335, 0.1948
0.6335, 0.1948
0.6335, 0.1948
0.6335, 0.1948
0.6335, 0.1948
0.6335, 0.1948
0.6335, 0.1948
0.6380, 0.1948
0.6380, 0.1948
0.6380, 0.1948
0.6380, 0.1948
0.6380, 0.1948
0.6380, 0.1948
0.6380, 0.1948
0.6380, 0.1948
0.6380, 0.1948
0.6380, 0.1948
0.6380, 0.1948
0.6380, 0.1948
0.6380, 0.1948
0.6380, 0.1948
0.6380, 0.1948
0.6380, 0.1948
0.6380, 0.1948
0.6380, 0.1948
0.6380, 0.1948
0.6380, 0.1948
0.6425, 0.1948
0.6425, 0.1948
0.6425, 0.1948
0.6425, 0.1948
0.6425, 0.1948
0.6425, 0.1948
0.6425, 0.1948
0.6425, 0.1948
0.6425, 0.1948
0.6425, 0.1948
0.6425, 0.1948
0.6425, 0.1948
0.6425, 0.1948
0.6425, 0.1948
0.6425, 0.1922
0.6425, 0.1922
0.6425, 0.1922
0.6425, 0.1922
0.6425, 0.1922
0.6425, 0.1922
0.6425, 0.1922
0.6425, 0.1922
0.6425, 0.1922
0.6425, 0.1922
0.6425, 0.1922
0.6425, 0.1896
0.6425, 0.1896
0.6425, 0.1896
0.6425, 0.1896
0.6425, 0.1896
0.6425, 0.1870
0.6425, 0.1870
0.6425, 0.1870
0.6425, 0.1870
0.6425, 0.1870
0.6425, 0.1870
0.6425, 0.1870
0.6425, 0.1870
0.6425, 0.1870
0.6425, 0.1870
0.6425, 0.1870
0.6425, 0.1870
0.6425, 0.1870
0.6425, 0.1870
0.6425, 0.1870
0.6425, 0.1870
0.6425, 0.1870
0.6425, 0.1870
0.6425, 0.1870
0.6425, 0.1844
0.6425, 0.1844
0.6425, 0.1844
0.6425, 0.1844
0.6425, 0.1844
0.6425, 0.1818
0.6425, 0.1818
0.6425, 0.1818
0.6425, 0.1818
0.6425, 0.1818
0.6425, 0.1818
0.6425, 0.1818
0.6425, 0.1818
0.6425, 0.1818
0.6425, 0.1818
0.6425, 0.1818
0.6425, 0.1818
0.6425, 0.1818
0.6425, 0.1818
0.6425, 0.1792
0.6425, 0.1792
0.6425, 0.1792
0.6425, 0.1792
0.6425, 0.1792
0.6425, 0.1792
0.6425, 0.1792
0.6425, 0.1792
0.6425, 0.1766
0.6425, 0.1766
0.6425, 0.1766
0.6380, 0.1766
0.6380, 0.1766
0.6380, 0.1766
0.6380, 0.1766
0.6380, 0.1766
0.6380, 0.1766
0.6380, 0.1766
0.6380, 0.1766
0.6380, 0.1766
0.6380, 0.1766
0.6380, 0.1766
0.6380, 0.1766
0.6380, 0.1766
0.6380, 0.1766
0.6380, 0.1766
0.6380, 0.1766
0.6380, 0.1740
0.6380, 0.1740
0.6380, 0.1740
0.6380, 0.1740
0.6380, 0.1740
0.6380, 0.1740
0.6380, 0.1740
0.6380, 0.1740
0.6335, 0.1740
0.6335, 0.1740
0.6335, 0.1740
0.6335, 0.1740
0.6335, 0.1740
0.6290, 0.1740
0.6290, 0.1740
0.6290, 0.1740
0.6290, 0.1740
0.6290, 0.1740
0.6290, 0.1740
0.6244, 0.1740
0.6244, 0.1740
0.6244, 0.1714
0.6244, 0.1714
0.6244, 0.1714
0.6244, 0.1714
0.6244, 0.1714
0.6244, 0.1714
0.6244, 0.1714
0.6244, 0.1714
0.6199, 0.1714
0.6199, 0.1714
0.6199, 0.1714
0.6199, 0.1688
0.6199, 0.1688
0.6154, 0.1688
0.6154, 0.1688
0.6154, 0.1688
0.6154, 0.1688
0.6154, 0.1688
0.6154, 0.1688
0.6154, 0.1688
0.6154, 0.1688
0.6154, 0.1688
0.6154, 0.1688
0.6154, 0.1688
0.6109, 0.1688
0.6109, 0.1688
0.6109, 0.1688
0.6109, 0.1688
0.6109, 0.1688
0.6109, 0.1688
0.6109, 0.1688
0.6109, 0.1688
0.6063, 0.1688
0.6063, 0.1688
0.6063, 0.1688
0.6063, 0.1688
0.6063, 0.1688
0.6018, 0.1688
0.6018, 0.1688
0.6018, 0.1688
0.6018, 0.1662
0.6018, 0.1662
0.6018, 0.1662
0.6018, 0.1662
0.6018, 0.1662
0.6018, 0.1662
0.6018, 0.1662
0.6018, 0.1662
0.6018, 0.1662
0.6018, 0.1662
0.6018, 0.1662
0.6018, 0.1662
0.6018, 0.1662
0.5973, 0.1662
0.5973, 0.1662
0.5973, 0.1662
0.5973, 0.1636
0.5973, 0.1636
0.5928, 0.1636
0.5928, 0.1636
0.5928, 0.1636
0.5928, 0.1636
0.5928, 0.1636
0.5928, 0.1636
0.5928, 0.1636
0.5928, 0.1636
0.5928, 0.1636
0.5928, 0.1636
0.5928, 0.1636
0.5928, 0.1610
0.5928, 0.1610
0.5928, 0.1610
0.5928, 0.1610
0.5928, 0.1610
0.5928, 0.1610
0.5882, 0.1610
0.5882, 0.1610
0.5882, 0.1610
0.5882, 0.1610
0.5882, 0.1610
0.5837, 0.1610
0.5837, 0.1610
0.5837, 0.1610
0.5837, 0.1610
0.5837, 0.1610
0.5792, 0.1610
0.5792, 0.1610
0.5792, 0.1584
0.5792, 0.1584
0.5792, 0.1584
0.5792, 0.1584
0.5792, 0.1584
0.5792, 0.1584
0.5792, 0.1584
0.5792, 0.1584
0.5747, 0.1584
0.5747, 0.1584
0.5747, 0.1584
0.5747, 0.1558
0.5747, 0.1558
0.5747, 0.1558
0.5747, 0.1558
0.5747, 0.1558
0.5701, 0.1558
0.5701, 0.1558
0.5701, 0.1558
0.5701, 0.1558
0.5701, 0.1558
0.5701, 0.1558
0.5701, 0.1558
0.5701, 0.1558
0.5701, 0.1558
0.5701, 0.1558
0.5701, 0.1558
0.5701, 0.1558
0.5701, 0.1558
0.5701, 0.1558
0.5701, 0.1558
0.5701, 0.1558
0.5656, 0.1532
0.5656, 0.1532
0.5656, 0.1532
0.5656, 0.1532
0.5656, 0.1532
0.5611, 0.1532
0.5611, 0.1532
0.5611, 0.1506
0.5611, 0.1506
0.5611, 0.1506
0.5611, 0.1506
0.5611, 0.1506
0.5566, 0.1506
0.5566, 0.1506
0.5566, 0.1506
0.5566, 0.1481
0.5566, 0.1481
0.5566, 0.1481
0.5566, 0.1481
0.5566, 0.1481
0.5566, 0.1481
0.5566, 0.1481
0.5566, 0.1481
0.5566, 0.1481
0.5566, 0.1481
0.5566, 0.1481
0.5566, 0.1481
0.5566, 0.1481
0.5520, 0.1481
0.5520, 0.1481
0.5520, 0.1481
0.5520, 0.1481
0.5520, 0.1481
0.5520, 0.1455
0.5520, 0.1455
0.5520, 0.1455
0.5520, 0.1455
0.5520, 0.1455
0.5520, 0.1455
0.5475, 0.1455
0.5475, 0.1455
0.5475, 0.1429
0.5475, 0.1429
0.5475, 0.1429
0.5475, 0.1429
0.5475, 0.1429
0.5475, 0.1429
0.5475, 0.1429
0.5475, 0.1429
0.5475, 0.1429
0.5475, 0.1429
0.5475, 0.1429
0.5475, 0.1429
0.5475, 0.1429
0.5430, 0.1429
0.5430, 0.1429
0.5430, 0.1429
0.5430, 0.1429
0.5430, 0.1429
0.5430, 0.1429
0.5430, 0.1429
0.5430, 0.1429
0.5430, 0.1403
0.5430, 0.1403
0.5385, 0.1403
0.5385, 0.1403
0.5385, 0.1403
0.5385, 0.1403
0.5385, 0.1403
0.5385, 0.1377
0.5385, 0.1377
0.5385, 0.1377
0.5385, 0.1377
0.5385, 0.1377
0.5385, 0.1377
0.5385, 0.1377
0.5385, 0.1377
0.5385, 0.1377
0.5385, 0.1377
0.5385, 0.1377
0.5385, 0.1377
0.5385, 0.1377
0.5385, 0.1377
0.5385, 0.1377
0.5385, 0.1377
0.5385, 0.1377
0.5339, 0.1377
0.5339, 0.1377
0.5339, 0.1377
0.5339, 0.1377
0.5339, 0.1351
0.5339, 0.1351
0.5339, 0.1351
0.5339, 0.1351
0.5339, 0.1351
0.5339, 0.1351
0.5339, 0.1351
0.5339, 0.1351
0.5339, 0.1351
0.5339, 0.1351
0.5339, 0.1351
0.5339, 0.1325
0.5339, 0.1325
0.5339, 0.1325
0.5339, 0.1325
0.5339, 0.1325
0.5339, 0.1325
0.5339, 0.1325
0.5339, 0.1325
0.5339, 0.1299
0.5339, 0.1299
0.5339, 0.1299
0.5339, 0.1299
0.5339, 0.1299
0.5339, 0.1299
0.5339, 0.1299
0.5339, 0.1299
0.5339, 0.1299
0.5339, 0.1299
0.5339, 0.1273
0.5339, 0.1273
0.5339, 0.1273
0.5339, 0.1273
0.5339, 0.1247
0.5339, 0.1247
0.5339, 0.1247
0.5385, 0.1247
0.5385, 0.1247
0.5385, 0.1247
0.5385, 0.1247
0.5430, 0.1247
0.5430, 0.1247
0.5430, 0.1247
0.5430, 0.1221
0.5430, 0.1221
0.5430, 0.1221
0.5430, 0.1221
0.5430, 0.1221
0.5430, 0.1221
0.5430, 0.1221
0.5430, 0.1221
0.5430, 0.1195
0.5430, 0.1195
0.5475, 0.1195
0.5475, 0.1195
0.5475, 0.1195
0.5475, 0.1195
0.5475, 0.1195
0.5520, 0.1195
0.5520, 0.1195
0.5520, 0.1195
0.5520, 0.1195
0.5520, 0.1169
0.5520, 0.1169
0.5520, 0.1169
0.5520, 0.1169
0.5520, 0.1169
0.5566, 0.1169
0.5566, 0.1169
0.5566, 0.1169
0.5611, 0.1169
0.5611, 0.1169
0.5611, 0.1169
0.5611, 0.1169
0.5611, 0.1169
0.5656, 0.1169
0.5656, 0.1169
0.5656, 0.1169
0.5656, 0.1169
0.5656, 0.1169
0.5701, 0.1143
0.5701, 0.1143
0.5701, 0.1143
0.5747, 0.1143
0.5747, 0.1143
0.5747, 0.1143
0.5747, 0.1143
0.5747, 0.1143
0.5792, 0.1117
0.5792, 0.1117
0.5837, 0.1117
0.5837, 0.1117
0.5837, 0.1117
0.5837, 0.1117
0.5837, 0.1117
0.5882, 0.1117
0.5882, 0.1117
0.5882, 0.1117
0.5882, 0.1117
0.5882, 0.1117
0.5882, 0.1117
0.5882, 0.1117
0.5882, 0.1117
0.5882, 0.1117
0.5882, 0.1117
0.5882, 0.1117
0.5882, 0.1117
0.5882, 0.1117
0.5882, 0.1117
0.5882, 0.1117
0.5928, 0.1117
0.5928, 0.1117
0.5928, 0.1117
0.5928, 0.1117
0.5928, 0.1117
0.5973, 0.1117
0.5973, 0.1117
0.5973, 0.1091
0.5973, 0.1091
0.5973, 0.1091
0.6018, 0.1091
0.6018, 0.1091
0.6063, 0.1091
0.6063, 0.1091
0.6109, 0.1065
0.6109, 0.1065
0.6109, 0.1065
0.6109, 0.1065
0.6109, 0.1065
0.6154, 0.1065
0.6154, 0.1065
0.6154, 0.1065
0.6154, 0.1065
0.6154, 0.1065
0.6199, 0.1039
0.6199, 0.1039
0.6199, 0.1039
0.6199, 0.1039
0.6199, 0.1039
0.6199, 0.1039
0.6199, 0.1039
0.6199, 0.1039
0.6199, 0.1039
0.6199, 0.1039
0.6244, 0.1039
0.6244, 0.1039
0.6244, 0.1039
0.6244, 0.1039
0.6244, 0.1039
0.6244, 0.1039
0.6290, 0.1039
0.6290, 0.1039
0.6335, 0.1013
0.6335, 0.1013
0.6335, 0.1013
0.6335, 0.1013
0.6335, 0.1013
0.6335, 0.1013
0.6335, 0.1013
0.6335, 0.0987
0.6335, 0.0987
0.6335, 0.0987
0.6380, 0.0987
0.6380, 0.0987
0.6380, 0.0987
0.6380, 0.0987
0.6380, 0.0987
0.6425, 0.0987
0.6425, 0.0987
0.6425, 0.0987
0.6425, 0.0987
0.6425, 0.0987
0.6425, 0.0987
0.6425, 0.0987
0.6425, 0.0987
0.6425, 0.0987
0.6425, 0.0987
0.6425, 0.0987
0.6425, 0.0987
0.6425, 0.0987
0.6425, 0.0987
0.6425, 0.0987
0.6425, 0.0987
0.6425, 0.0987
0.6425, 0.0987
0.6425, 0.0987
0.6425, 0.0987
0.6471, 0.0987
0.6471, 0.0987
0.6471, 0.0987
0.6471, 0.0961
0.6471, 0.0961
0.6471, 0.0961
0.6471, 0.0961
0.6471, 0.0961
0.6516, 0.0961
0.6516, 0.0961
0.6516, 0.0961
0.6516, 0.0961
0.6561, 0.0961
0.6561, 0.0961
0.6561, 0.0961
0.6561, 0.0935
0.6561, 0.0935
0.6561, 0.0935
0.6561, 0.0935
0.6561, 0.0935
0.6561, 0.0935
0.6561, 0.0935
0.6561, 0.0935
0.6561, 0.0935
0.6561, 0.0935
0.6561, 0.0935
0.6561, 0.0935
0.6561, 0.0935
0.6561, 0.0935
0.6561, 0.0935
0.6561, 0.0935
0.6561, 0.0935
0.6561, 0.0909
0.6561, 0.0909
0.6561, 0.0909
0.6561, 0.0909
0.6561, 0.0909
0.6561, 0.0909
0.6561, 0.0909
0.6561, 0.0909
0.6561, 0.0909
0.6561, 0.0909
0.6561, 0.0909
0.6561, 0.0909
0.6561, 0.0909
0.6561, 0.0909
0.6561, 0.0909
0.6606, 0.0909
0.6606, 0.0909
0.6606, 0.0909
0.6606, 0.0909
0.6606, 0.0909
0.6606, 0.0909
0.6606, 0.0909
0.6606, 0.0909
0.6606, 0.0909
0.6606, 0.0909
0.6606, 0.0909
0.6606, 0.0909
0.6606, 0.0909
0.6606, 0.0909
0.6606, 0.0909
0.6606, 0.0909
0.6606, 0.0909
0.6606, 0.0909
0.6606, 0.0909
0.6606, 0.0909
0.6606, 0.0909
0.6606, 0.0883
0.6606, 0.0883
0.6606, 0.0883
0.6606, 0.0883
0.6606, 0.0883
0.6606, 0.0883
0.6606, 0.0883
0.6606, 0.0857
0.6606, 0.0857
0.6606, 0.0857
0.6606, 0.0857
0.6606, 0.0857
0.6606, 0.0857
0.6606, 0.0857
0.6606, 0.0831
0.6606, 0.0831
0.6606, 0.0831
0.6606, 0.0831
0.6606, 0.0831
0.6606, 0.0831
0.6606, 0.0831
0.6606, 0.0831
0.6606, 0.0805
0.6606, 0.0805
0.6606, 0.0805
0.6606, 0.0805
0.6606, 0.0805
0.6606, 0.0779
0.6606, 0.0779
0.6561, 0.0779
0.6561, 0.0779
0.6561, 0.0779
0.6561, 0.0779
0.6561, 0.0779
0.6561, 0.0779
0.6561, 0.0779
0.6516, 0.0753
0.6516, 0.0753
0.6516, 0.0753
0.6516, 0.0753
0.6516, 0.0753
0.6471, 0.0727
0.6471, 0.0727
0.6471, 0.0727
0.6471, 0.0727
0.6471, 0.0727
0.6471, 0.0727
0.6471, 0.0727
0.6471, 0.0727
0.6471, 0.0727
0.6471, 0.0727
0.6425, 0.0701
0.6425, 0.0701
0.6425, 0.0701
0.6425, 0.0701
0.6380, 0.0675
0.6380, 0.0675
0.6380, 0.0675
0.6380, 0.0675
0.6380, 0.0675
0.6380, 0.0649
0.6380, 0.0649
0.6380, 0.0649
0.6380, 0.0649
0.6380, 0.0649
0.6380, 0.0649
0.6380, 0.0649
0.6380, 0.0649
0.6335, 0.0649
0.6335, 0.0649
0.6335, 0.0649
0.6335, 0.0649
0.6290, 0.0649
0.6290, 0.0649
0.6290, 0.0623
0.6290, 0.0623
0.6290, 0.0623
0.6290, 0.0623
0.6290, 0.0623
0.6244, 0.0597
0.6244, 0.0597
0.6244, 0.0597
0.6244, 0.0597
0.6244, 0.0597
0.6244, 0.0597
0.6244, 0.0597
0.6244, 0.0597
0.6244, 0.0597
0.6244, 0.0597
0.6199, 0.0571
0.6199, 0.0571
0.6199, 0.0571
0.6199, 0.0571
0.6154, 0.0545
0.6154, 0.0545
0.6154, 0.0545
0.6154, 0.0545
0.6154, 0.0545
0.6154, 0.0545
0.6154, 0.0545
0.6109, 0.0519
0.6109, 0.0519
0.6063, 0.0494
0.6063, 0.0494
0.6063, 0.0468
0.6063, 0.0468
0.6063, 0.0468
0.6018, 0.0468
0.6018, 0.0468
0.6018, 0.0468
0.6018, 0.0468
0.6018, 0.0442
0.6018, 0.0442
0.6018, 0.0442
0.6018, 0.0442
0.6018, 0.0442
0.5973, 0.0416
0.5973, 0.0416
0.5973, 0.0416
0.5973, 0.0416
0.5973, 0.0416
0.5973, 0.0416
0.5973, 0.0416
0.5928, 0.0416
0.5928, 0.0416
0.5928, 0.0416
0.5928, 0.0416
0.5928, 0.0416
0.5928, 0.0390
0.5928, 0.0390
0.5882, 0.0390
0.5882, 0.0390
0.5882, 0.0364
0.5882, 0.0364
0.5882, 0.0364
0.5837, 0.0364
0.5837, 0.0364
0.5792, 0.0338
0.5792, 0.0338
0.5792, 0.0338
0.5792, 0.0338
0.5792, 0.0338
0.5792, 0.0338
0.5792, 0.0338
0.5747, 0.0338
0.5747, 0.0338
0.5747, 0.0338
0.5701, 0.0312
0.5701, 0.0312
0.5701, 0.0312
0.5701, 0.0312
0.5701, 0.0286
0.5701, 0.0286
0.5656, 0.0286
0.5656, 0.0286
0.5656, 0.0286
0.5611, 0.0286
0.5611, 0.0286
0.5611, 0.0286
0.5611, 0.0286
0.5566, 0.0286
0.5566, 0.0286
0.5566, 0.0286
0.5566, 0.0260
0.5566, 0.0260
0.5566, 0.0260
0.5566, 0.0260
0.5520, 0.0234
0.5520, 0.0234
0.5520, 0.0234
0.5475, 0.0234
0.5475, 0.0234
0.5475, 0.0208
0.5475, 0.0208
0.5475, 0.0208
0.5475, 0.0208
0.5430, 0.0208
0.5430, 0.0208
0.5430, 0.0208
0.5339, 0.0182
0.5339, 0.0182
0.5339, 0.0182
0.5339, 0.0182
0.5294, 0.0156
0.5294, 0.0156
0.5294, 0.0156
0.5249, 0.0156
0.5249, 0.0156
0.5204, 0.0156
0.5204, 0.0156
0.5204, 0.0130
0.5204, 0.0130
0.5158, 0.0104
0.5158, 0.0104
0.5158, 0.0104
0.5113, 0.0104
0.5113, 0.0104
0.5113, 0.0078
0.5113, 0.0078
0.5113, 0.0078
0.5113, 0.0078
0.5113, 0.0078
0.5068, 0.0078
0.5068, 0.0078
0.5023, 0.0052
0.5023, 0.0052
0.5023, 0.0026
0.5023, 0.0026
0.5023, 0.0026
0.5023, 0.0026
0.5023, 0.0026
0.4977, 0.0026
0.4977, 0.0026
0.4977, 0.0026
0.4977, 0.0026
0.4977, 0.0026
0.4977, 0.0026
0.4977, 0.0026
0.4932, 0.0026
0.4932, 0.0026
0.4932, 0.0026
0.4932, 0.0026
0.4932, 0.0026
0.4932, 0.0026
0.4932, 0.0026
0.4932, 0.0000
0.4932, 0.0000
0.4932, 0.0000
0.4932, 0.0000
0.4932, 0.0000
0.4932, 0.0000
0.4932, 0.0000
0.4932, 0.0000
0.4932, 0.0000
0.4932, 0.0000
0.4932, 0.0000
0.4932, 0.0000
0.4932, 0.0000
0.4932, 0.0000
0.4932, 0.0000
0.4932, 0.0000
0.4932, 0.0000
0.4932, 0.0000
0.4932, 0.0000
0.4932, 0.0000
0.4932, 0.0000
0.4932, 0.0000
0.4932, 0.0000
0.4932, 0.0000
0.4932, 0.0000
0.4932, 0.0000
0.4932, 0.0000
0.4887, 0.0000
0.4887, 0.0000
0.4887, 0.0000
0.4887, 0.0000
0.4887, 0.0000
0.4887, 0.0000
0.4887, 0.0000
0.4887, 0.0026
0.0000, 1.0000
0.0000, 1.0000
0.0000, 1.0000
0.0000, 1.0000
0.0000, 1.0000
0.0000, 1.0000
0.0000, 1.0000
0.0000, 1.0000
0.0000, 1.0000
0.0000, 1.0000
0.0000, 1.0000
0.0000, 1.0000
0.0000, 1.0000
0.0000, 1.0000
0.0000, 1.0000
0.0000, 1.0000
0.0000, 1.0000
0.0000, 1.0000
0.0000, 1.0000
0.0000, 1.0000
0.0000, 1.0000
0.0000, 1.0000
0.0000, 1.0000
0.0000, 1.0000
0.0000, 1.0000
0.0000, 1.0000
0.0000, 1.0000
0.0000, 1.0000
0.0000, 1.0000
0.0000, 1.0000
0.0000, 1.0000
0.0000, 1.0000
0.0000, 1.0000
