0.0802, 0.3255
0.0802, 0.3255
0.0802, 0.3255
0.0802, 0.3255
0.0802, 0.3255
0.0802, 0.3255
0.0802, 0.3255
0.0802, 0.3255
0.0802, 0.3255
0.0802, 0.3255
0.0802, 0.3255
0.0802, 0.3255
0.0802, 0.3255
0.0802, 0.3255
0.0802, 0.3255
0.0802, 0.3255
0.0802, 0.3255
0.0802, 0.3255
0.0802, 0.3255
0.0802, 0.3255
0.0802, 0.3255
0.0802, 0.3255
0.0802, 0.3255
0.0802, 0.3255
0.0802, 0.3255
0.0802, 0.3255
0.0802, 0.3255
0.0802, 0.3255
0.0802, 0.3255
0.0802, 0.3255
0.0802, 0.3255
0.0802, 0.3255
0.0802, 0.3255
0.0802, 0.3255
0.0802, 0.3255
0.0802, 0.3255
0.0802, 0.3255
0.0802, 0.3255
0.0802, 0.3255
0.0802, 0.3255
0.0802, 0.3255
0.0802, 0.3255
0.0802, 0.3255
0.0802, 0.3255
0.0802, 0.3255
0.0802, 0.3255
0.0802, 0.3255
0.0802, 0.3255
0.0802, 0.3255
0.0802, 0.3255
0.0802, 0.3255
0.0802, 0.3255
0.0802, 0.3255
0.0802, 0.3255
0.0802, 0.3255
0.0802, 0.3255
0.0802, 0.3255
0.0802, 0.3255
0.0802, 0.3255
0.0802, 0.3255
0.0802, 0.3255
0.0802, 0.3255
0.0802, 0.3255
0.0802, 0.3255
0.0802, 0.3255
0.0802, 0.3255
0.0802, 0.3255
0.0802, 0.3255
0.0802, 0.3255
0.0802, 0.3255
0.0802, 0.3255
0.0802, 0.3255
0.0802, 0.3255
0.0802, 0.3255
0.0802, 0.3255
0.0802, 0.3255
0.0849, 0.3255
0.0849, 0.3255
0.0849, 0.3255
0.0849, 0.3255
0.0849, 0.3255
0.0849, 0.3255
0.0849, 0.3255
0.0849, 0.3255
0.0849, 0.3255
0.0849, 0.3255
0.0849, 0.3255
0.0849, 0.3255
0.0849, 0.3255
0.0849, 0.3255
0.0849, 0.3255
0.0849, 0.3255
0.0849, 0.3255
0.0849, 0.3255
0.0849, 0.3255
0.0849, 0.3255
0.0849, 0.3255
0.0849, 0.3255
0.0849, 0.3255
0.0896, 0.3255
0.0896, 0.3255
0.0896, 0.3255
0.0896, 0.3255
0.0896, 0.3229
0.0896, 0.3229
0.0896, 0.3229
0.0896, 0.3229
0.0943, 0.3229
0.0943, 0.3229
0.0943, 0.3229
0.0943, 0.3229
0.0943, 0.3229
0.0943, 0.3229
0.0943, 0.3229
0.0943, 0.3229
0.0943, 0.3229
0.0991, 0.3229
0.0991, 0.3229
0.0991, 0.3229
0.1038, 0.3229
0.1038, 0.3229
0.1038, 0.3229
0.1038, 0.3229
0.1038, 0.3229
0.1038, 0.3229
0.1038, 0.3229
0.1038, 0.3229
0.1038, 0.3229
0.1038, 0.3229
0.1038, 0.3229
0.1038, 0.3229
0.1038, 0.3229
0.1085, 0.3229
0.1085, 0.3229
0.1085, 0.3229
0.1085, 0.3229
0.1085, 0.3229
0.1085, 0.3229
0.1085, 0.3229
0.1085, 0.3229
0.1085, 0.3229
0.1085, 0.3229
0.1085, 0.3229
0.1085, 0.3229
0.1085, 0.3229
0.1085, 0.3229
0.1085, 0.3229
0.1085, 0.3229
0.1085, 0.3229
0.1085, 0.3229
0.1085, 0.3229
0.1085, 0.3229
0.1085, 0.3229
0.1085, 0.3229
0.1085, 0.3229
0.1132, 0.3203
0.1132, 0.3203
0.1132, 0.3203
0.1132, 0.3203
0.1132, 0.3203
0.1132, 0.3203
0.1132, 0.3203
0.1132, 0.3203
0.1132, 0.3203
0.1179, 0.3203
0.1179, 0.3203
0.1179, 0.3203
0.1179, 0.3203
0.1179, 0.3177
0.1179, 0.3177
0.1179, 0.3177
0.1179, 0.3177
0.1179, 0.3177
0.1179, 0.3177
0.1179, 0.3177
0.1179, 0.3177
0.1179, 0.3177
0.1226, 0.3177
0.1226, 0.3177
0.1226, 0.3177
0.1226, 0.3177
0.1226, 0.3177
0.1226, 0.3177
0.1226, 0.3177
0.1226, 0.3177
0.1274, 0.3151
0.1274, 0.3151
0.1274, 0.3151
0.1274, 0.3151
0.1321, 0.3151
0.1321, 0.3151
0.1321, 0.3151
0.1321, 0.3151
0.1321, 0.3151
0.1321, 0.3151
0.1321, 0.3151
0.1321, 0.3151
0.1321, 0.3151
0.1321, 0.3151
0.1321, 0.3151
0.1321, 0.3151
0.1321, 0.3151
0.1321, 0.3151
0.1321, 0.3151
0.1321, 0.3151
0.1321, 0.3151
0.1321, 0.3151
0.1321, 0.3151
0.1321, 0.3151
0.1321, 0.3151
0.1321, 0.3151
0.1368, 0.3151
0.1368, 0.3151
0.1368, 0.3151
0.1368, 0.3151
0.1368, 0.3125
0.1368, 0.3125
0.1368, 0.3125
0.1368, 0.3125
0.1368, 0.3125
0.1368, 0.3125
0.1368, 0.3125
0.1368, 0.3125
0.1415, 0.3125
0.1415, 0.3125
0.1415, 0.3125
0.1415, 0.3125
0.1415, 0.3125
0.1415, 0.3125
0.1415, 0.3125
0.1415, 0.3125
0.1415, 0.3125
0.1415, 0.3099
0.1415, 0.3099
0.1415, 0.3099
0.1415, 0.3099
0.1415, 0.3099
0.1415, 0.3099
0.1415, 0.3099
0.1415, 0.3099
0.1415, 0.3099
0.1415, 0.3099
0.1415, 0.3099
0.1415, 0.3099
0.1415, 0.3099
0.1415, 0.3099
0.1415, 0.3099
0.1415, 0.3099
0.1415, 0.3099
0.1462, 0.3099
0.1462, 0.3099
0.1462, 0.3099
0.1462, 0.3099
0.1462, 0.3099
0.1462, 0.3099
0.1462, 0.3099
0.1462, 0.3099
0.1509, 0.3073
0.1509, 0.3073
0.1509, 0.3073
0.1509, 0.3073
0.1509, 0.3073
0.1509, 0.3073
0.1509, 0.3073
0.1509, 0.3073
0.1509, 0.3073
0.1509, 0.3073
0.1509, 0.3073
0.1509, 0.3073
0.1509, 0.3073
0.1557, 0.3073
0.1557, 0.3073
0.1557, 0.3073
0.1557, 0.3073
0.1557, 0.3047
0.1557, 0.3047
0.1557, 0.3047
0.1557, 0.3047
0.1557, 0.3047
0.1557, 0.3047
0.1557, 0.3047
0.1557, 0.3047
0.1557, 0.3047
0.1557, 0.3047
0.1557, 0.3047
0.1557, 0.3047
0.1557, 0.3047
0.1557, 0.3021
0.1557, 0.3021
0.1557, 0.3021
0.1604, 0.3021
0.1604, 0.3021
0.1604, 0.3021
0.1604, 0.3021
0.1604, 0.3021
0.1604, 0.3021
0.1604, 0.3021
0.1604, 0.3021
0.1604, 0.3021
0.1604, 0.3021
0.1604, 0.3021
0.1604, 0.3021
0.1604, 0.3021
0.1651, 0.3021
0.1651, 0.3021
0.1651, 0.3021
0.1651, 0.3021
0.1651, 0.3021
0.1651, 0.3021
0.1651, 0.3021
0.1651, 0.3021
0.1651, 0.3021
0.1651, 0.3021
0.1651, 0.3021
0.1651, 0.3021
0.1651, 0.3021
0.1651, 0.2995
0.1651, 0.2995
0.1651, 0.2995
0.1651, 0.2995
0.1651, 0.2995
0.1651, 0.2995
0.1651, 0.2995
0.1651, 0.2995
0.1698, 0.2969
0.1698, 0.2969
0.1698, 0.2969
0.1745, 0.2969
0.1745, 0.2969
0.1745, 0.2969
0.1745, 0.2969
0.1745, 0.2969
0.1745, 0.2969
0.1745, 0.2969
0.1745, 0.2969
0.1792, 0.2969
0.1792, 0.2969
0.1792, 0.2969
0.1792, 0.2969
0.1792, 0.2969
0.1792, 0.2969
0.1792, 0.2969
0.1792, 0.2969
0.1840, 0.2969
0.1840, 0.2969
0.1840, 0.2969
0.1840, 0.2969
0.1840, 0.2969
0.1840, 0.2969
0.1840, 0.2969
0.1887, 0.2969
0.1887, 0.2969
0.1887, 0.2969
0.1887, 0.2969
0.1887, 0.2943
0.1887, 0.2943
0.1887, 0.2943
0.1887, 0.2943
0.1887, 0.2943
0.1887, 0.2943
0.1887, 0.2943
0.1887, 0.2943
0.1887, 0.2943
0.1887, 0.2943
0.1887, 0.2943
0.1887, 0.2943
0.1887, 0.2943
0.1887, 0.2943
0.1887, 0.2943
0.1887, 0.2943
0.1887, 0.2943
0.1934, 0.2943
0.1934, 0.2943
0.1934, 0.2943
0.1934, 0.2943
0.1981, 0.2917
0.1981, 0.2917
0.1981, 0.2917
0.1981, 0.2917
0.1981, 0.2917
0.1981, 0.2917
0.1981, 0.2917
0.1981, 0.2917
0.1981, 0.2917
0.1981, 0.2917
0.1981, 0.2917
0.1981, 0.2917
0.1981, 0.2917
0.1981, 0.2917
0.1981, 0.2917
0.1981, 0.2917
0.2028, 0.2891
0.2028, 0.2891
0.2028, 0.2891
0.2028, 0.2891
0.2028, 0.2891
0.2028, 0.2891
0.2028, 0.2891
0.2028, 0.2891
0.2075, 0.2891
0.2075, 0.2891
0.2075, 0.2891
0.2075, 0.2891
0.2075, 0.2891
0.2075, 0.2891
0.2075, 0.2891
0.2075, 0.2891
0.2123, 0.2891
0.2123, 0.2891
0.2123, 0.2891
0.2123, 0.2891
0.2123, 0.2891
0.2123, 0.2891
0.2123, 0.2891
0.2123, 0.2891
0.2123, 0.2891
0.2123, 0.2891
0.2123, 0.2891
0.2123, 0.2891
0.2123, 0.2891
0.2170, 0.2891
0.2170, 0.2891
0.2170, 0.2891
0.2170, 0.2891
0.2170, 0.2891
0.2170, 0.2891
0.2170, 0.2891
0.2170, 0.2891
0.2217, 0.2891
0.2217, 0.2891
0.2217, 0.2891
0.2217, 0.2891
0.2217, 0.2891
0.2217, 0.2891
0.2217, 0.2891
0.2217, 0.2891
0.2217, 0.2865
0.2217, 0.2865
0.2217, 0.2865
0.2217, 0.2865
0.2264, 0.2865
0.2264, 0.2865
0.2264, 0.2865
0.2264, 0.2865
0.2264, 0.2865
0.2264, 0.2865
0.2264, 0.2865
0.2264, 0.2865
0.2264, 0.2865
0.2264, 0.2865
0.2264, 0.2865
0.2264, 0.2865
0.2264, 0.2865
0.2264, 0.2865
0.2264, 0.2865
0.2264, 0.2865
0.2311, 0.2865
0.2311, 0.2865
0.2311, 0.2865
0.2311, 0.2865
0.2358, 0.2865
0.2358, 0.2865
0.2358, 0.2865
0.2358, 0.2865
0.2358, 0.2865
0.2358, 0.2865
0.2358, 0.2865
0.2358, 0.2865
0.2358, 0.2865
0.2358, 0.2865
0.2358, 0.2865
0.2358, 0.2865
0.2358, 0.2839
0.2358, 0.2839
0.2358, 0.2839
0.2358, 0.2839
0.2406, 0.2839
0.2406, 0.2839
0.2406, 0.2839
0.2406, 0.2839
0.2453, 0.2839
0.2453, 0.2839
0.2453, 0.2839
0.2453, 0.2839
0.2453, 0.2839
0.2453, 0.2839
0.2453, 0.2839
0.2453, 0.2839
0.2453, 0.2839
0.2453, 0.2839
0.2453, 0.2839
0.2500, 0.2839
0.2500, 0.2839
0.2500, 0.2839
0.2500, 0.2839
0.2547, 0.2839
0.2547, 0.2839
0.2547, 0.2839
0.2547, 0.2839
0.2594, 0.2839
0.2594, 0.2839
0.2594, 0.2839
0.2594, 0.2839
0.2594, 0.2839
0.2594, 0.2839
0.2594, 0.2839
0.2594, 0.2839
0.2642, 0.2839
0.2642, 0.2839
0.2642, 0.2839
0.2689, 0.2839
0.2689, 0.2839
0.2689, 0.2839
0.2689, 0.2839
0.2689, 0.2839
0.2689, 0.2839
0.2689, 0.2839
0.2689, 0.2839
0.2689, 0.2839
0.2689, 0.2839
0.2689, 0.2839
0.2689, 0.2839
0.2736, 0.2839
0.2736, 0.2839
0.2736, 0.2839
0.2736, 0.2839
0.2783, 0.2839
0.2783, 0.2839
0.2783, 0.2839
0.2830, 0.2839
0.2830, 0.2839
0.2830, 0.2839
0.2830, 0.2839
0.2830, 0.2839
0.2830, 0.2839
0.2830, 0.2839
0.2830, 0.2839
0.2877, 0.2839
0.2877, 0.2839
0.2877, 0.2839
0.2877, 0.2839
0.2925, 0.2839
0.2925, 0.2839
0.2925, 0.2839
0.2925, 0.2839
0.2925, 0.2839
0.2925, 0.2839
0.2925, 0.2839
0.3019, 0.2839
0.3019, 0.2839
0.3019, 0.2839
0.3019, 0.2839
0.3066, 0.2839
0.3066, 0.2839
0.3066, 0.2839
0.3066, 0.2839
0.3066, 0.2839
0.3066, 0.2839
0.3066, 0.2839
0.3066, 0.2839
0.3113, 0.2839
0.3113, 0.2839
0.3113, 0.2839
0.3160, 0.2839
0.3160, 0.2839
0.3160, 0.2839
0.3160, 0.2839
0.3160, 0.2839
0.3160, 0.2839
0.3160, 0.2839
0.3160, 0.2839
0.3160, 0.2839
0.3160, 0.2839
0.3160, 0.2839
0.3160, 0.2839
0.3208, 0.2839
0.3208, 0.2839
0.3208, 0.2839
0.3255, 0.2839
0.3255, 0.2839
0.3255, 0.2839
0.3255, 0.2839
0.3255, 0.2839
0.3255, 0.2839
0.3255, 0.2839
0.3255, 0.2839
0.3302, 0.2839
0.3302, 0.2839
0.3302, 0.2839
0.3302, 0.2839
0.3302, 0.2839
0.3302, 0.2839
0.3302, 0.2839
0.3349, 0.2839
0.3349, 0.2839
0.3349, 0.2839
0.3349, 0.2839
0.3396, 0.2865
0.3396, 0.2865
0.3396, 0.2865
0.3396, 0.2865
0.3396, 0.2865
0.3396, 0.2865
0.3396, 0.2865
0.3443, 0.2865
0.3443, 0.2865
0.3443, 0.2865
0.3443, 0.2865
0.3491, 0.2865
0.3491, 0.2865
0.3491, 0.2865
0.3538, 0.2865
0.3538, 0.2865
0.3538, 0.2865
0.3538, 0.2865
0.3538, 0.2865
0.3538, 0.2865
0.3538, 0.2865
0.3538, 0.2865
0.3585, 0.2865
0.3585, 0.2865
0.3585, 0.2865
0.3585, 0.2865
0.3632, 0.2865
0.3632, 0.2865
0.3632, 0.2865
0.3632, 0.2865
0.3632, 0.2865
0.3632, 0.2865
0.3632, 0.2865
0.3632, 0.2865
0.3632, 0.2865
0.3632, 0.2865
0.3679, 0.2865
0.3679, 0.2865
0.3679, 0.2865
0.3679, 0.2865
0.3726, 0.2865
0.3726, 0.2865
0.3726, 0.2865
0.3726, 0.2865
0.3774, 0.2891
0.3774, 0.2891
0.3774, 0.2891
0.3774, 0.2891
0.3774, 0.2891
0.3774, 0.2891
0.3774, 0.2891
0.3821, 0.2891
0.3821, 0.2891
0.3821, 0.2891
0.3821, 0.2917
0.3821, 0.2917
0.3821, 0.2917
0.3821, 0.2917
0.3868, 0.2917
0.3868, 0.2917
0.3868, 0.2917
0.3868, 0.2917
0.3868, 0.2917
0.3868, 0.2917
0.3868, 0.2917
0.3915, 0.2917
0.3915, 0.2917
0.3915, 0.2917
0.3915, 0.2917
0.3962, 0.2943
0.3962, 0.2943
0.3962, 0.2943
0.3962, 0.2943
0.4009, 0.2943
0.4009, 0.2943
0.4009, 0.2943
0.4009, 0.2943
0.4009, 0.2943
0.4009, 0.2943
0.4009, 0.2943
0.4009, 0.2943
0.4009, 0.2943
0.4009, 0.2943
0.4009, 0.2943
0.4057, 0.2943
0.4057, 0.2943
0.4057, 0.2943
0.4104, 0.2943
0.4104, 0.2943
0.4104, 0.2943
0.4104, 0.2943
0.4104, 0.2943
0.4104, 0.2943
0.4104, 0.2943
0.4104, 0.2943
0.4104, 0.2943
0.4104, 0.2943
0.4104, 0.2943
0.4104, 0.2943
0.4151, 0.2969
0.4151, 0.2969
0.4151, 0.2969
0.4198, 0.2969
0.4198, 0.2969
0.4198, 0.2969
0.4198, 0.2969
0.4245, 0.2969
0.4245, 0.2969
0.4245, 0.2969
0.4245, 0.2969
0.4245, 0.2969
0.4245, 0.2969
0.4245, 0.2969
0.4245, 0.2995
0.4245, 0.2995
0.4245, 0.2995
0.4245, 0.2995
0.4292, 0.2995
0.4292, 0.2995
0.4292, 0.2995
0.4340, 0.2995
0.4340, 0.2995
0.4340, 0.2995
0.4340, 0.2995
0.4340, 0.2995
0.4340, 0.2995
0.4340, 0.2995
0.4340, 0.2995
0.4340, 0.2995
0.4340, 0.2995
0.4387, 0.2995
0.4387, 0.2995
0.4387, 0.2995
0.4387, 0.2995
0.4434, 0.2995
0.4434, 0.2995
0.4434, 0.2995
0.4434, 0.3021
0.4434, 0.3021
0.4434, 0.3021
0.4434, 0.3021
0.4481, 0.3021
0.4481, 0.3021
0.4481, 0.3021
0.4528, 0.3021
0.4528, 0.3021
0.4528, 0.3021
0.4528, 0.3047
0.4528, 0.3047
0.4528, 0.3047
0.4528, 0.3047
0.4575, 0.3047
0.4575, 0.3047
0.4575, 0.3047
0.4575, 0.3047
0.4575, 0.3047
0.4575, 0.3047
0.4575, 0.3047
0.4575, 0.3047
0.4575, 0.3047
0.4575, 0.3047
0.4575, 0.3047
0.4623, 0.3073
0.4623, 0.3073
0.4623, 0.3073
0.4623, 0.3073
0.4623, 0.3073
0.4623, 0.3073
0.4623, 0.3073
0.4623, 0.3073
0.4670, 0.3073
0.4670, 0.3073
0.4670, 0.3073
0.4670, 0.3073
0.4670, 0.3073
0.4670, 0.3073
0.4670, 0.3073
0.4717, 0.3073
0.4717, 0.3073
0.4717, 0.3073
0.4764, 0.3073
0.4764, 0.3073
0.4764, 0.3073
0.4764, 0.3073
0.4764, 0.3073
0.4764, 0.3073
0.4764, 0.3073
0.4764, 0.3073
0.4811, 0.3073
0.4811, 0.3073
0.4811, 0.3073
0.4811, 0.3073
0.4811, 0.3073
0.4811, 0.3073
0.4811, 0.3073
0.4811, 0.3099
0.4811, 0.3099
0.4811, 0.3099
0.4811, 0.3099
0.4858, 0.3099
0.4858, 0.3099
0.4858, 0.3099
0.4858, 0.3099
0.4858, 0.3099
0.4858, 0.3099
0.4906, 0.3125
0.4906, 0.3125
0.4906, 0.3125
0.4906, 0.3125
0.4906, 0.3125
0.4906, 0.3125
0.4906, 0.3125
0.4906, 0.3125
0.4906, 0.3125
0.4906, 0.3125
0.4906, 0.3125
0.4906, 0.3125
0.4953, 0.3125
0.4953, 0.3125
0.5000, 0.3125
0.5000, 0.3125
0.5000, 0.3125
0.5000, 0.3125
0.5000, 0.3125
0.5000, 0.3125
0.5000, 0.3125
0.5047, 0.3151
0.5047, 0.3151
0.5047, 0.3151
0.5047, 0.3151
0.5047, 0.3151
0.5047, 0.3151
0.5047, 0.3151
0.5047, 0.3151
0.5094, 0.3151
0.5094, 0.3151
0.5094, 0.3151
0.5094, 0.3151
0.5094, 0.3151
0.5094, 0.3151
0.5094, 0.3151
0.5142, 0.3177
0.5142, 0.3177
0.5142, 0.3177
0.5142, 0.3177
0.5142, 0.3177
0.5142, 0.3177
0.5142, 0.3177
0.5142, 0.3177
0.5142, 0.3177
0.5142, 0.3177
0.5142, 0.3177
0.5189, 0.3203
0.5189, 0.3203
0.5189, 0.3203
0.5236, 0.3203
0.5236, 0.3203
0.5236, 0.3203
0.5236, 0.3203
0.5236, 0.3203
0.5236, 0.3203
0.5236, 0.3203
0.5283, 0.3203
0.5283, 0.3203
0.5283, 0.3203
0.5283, 0.3203
0.5283, 0.3203
0.5283, 0.3203
0.5283, 0.3203
0.5330, 0.3229
0.5330, 0.3229
0.5330, 0.3229
0.5330, 0.3229
0.5377, 0.3229
0.5377, 0.3229
0.5377, 0.3229
0.5377, 0.3255
0.5377, 0.3255
0.5377, 0.3255
0.5377, 0.3255
0.5377, 0.3255
0.5377, 0.3255
0.5377, 0.3255
0.5425, 0.3255
0.5425, 0.3255
0.5425, 0.3255
0.5425, 0.3255
0.5472, 0.3255
0.5472, 0.3255
0.5472, 0.3255
0.5519, 0.3255
0.5519, 0.3255
0.5519, 0.3255
0.5519, 0.3255
0.5519, 0.3281
0.5519, 0.3281
0.5519, 0.3281
0.5519, 0.3281
0.5519, 0.3281
0.5519, 0.3281
0.5519, 0.3281
0.5566, 0.3281
0.5566, 0.3281
0.5566, 0.3281
0.5613, 0.3307
0.5613, 0.3307
0.5613, 0.3307
0.5613, 0.3307
0.5613, 0.3307
0.5613, 0.3307
0.5613, 0.3307
0.5613, 0.3307
0.5613, 0.3307
0.5613, 0.3307
0.5613, 0.3307
0.5660, 0.3307
0.5660, 0.3307
0.5660, 0.3307
0.5708, 0.3333
0.5708, 0.3333
0.5708, 0.3333
0.5708, 0.3333
0.5708, 0.3333
0.5708, 0.3333
0.5755, 0.3333
0.5755, 0.3333
0.5755, 0.3333
0.5755, 0.3359
0.5755, 0.3359
0.5755, 0.3359
0.5755, 0.3359
0.5802, 0.3359
0.5802, 0.3359
0.5802, 0.3359
0.5802, 0.3359
0.5802, 0.3359
0.5802, 0.3359
0.5802, 0.3359
0.5849, 0.3385
0.5849, 0.3385
0.5849, 0.3385
0.5849, 0.3385
0.5849, 0.3385
0.5849, 0.3385
0.5849, 0.3385
0.5849, 0.3385
0.5849, 0.3385
0.5849, 0.3385
0.5849, 0.3385
0.5849, 0.3385
0.5849, 0.3385
0.5849, 0.3385
0.5849, 0.3385
0.5896, 0.3385
0.5896, 0.3385
0.5896, 0.3385
0.5943, 0.3385
0.5943, 0.3385
0.5943, 0.3385
0.5943, 0.3385
0.5943, 0.3385
0.5943, 0.3385
0.5943, 0.3385
0.5943, 0.3411
0.5943, 0.3411
0.5943, 0.3411
0.5991, 0.3411
0.5991, 0.3411
0.5991, 0.3411
0.5991, 0.3411
0.6038, 0.3438
0.6038, 0.3438
0.6038, 0.3438
0.6085, 0.3438
0.6085, 0.3438
0.6085, 0.3438
0.6085, 0.3438
0.6085, 0.3438
0.6085, 0.3438
0.6085, 0.3438
0.6085, 0.3438
0.6085, 0.3438
0.6085, 0.3438
0.6085, 0.3438
0.6132, 0.3464
0.6132, 0.3464
0.6132, 0.3464
0.6132, 0.3464
0.6132, 0.3464
0.6132, 0.3464
0.6132, 0.3464
0.6179, 0.3464
0.6179, 0.3464
0.6179, 0.3464
0.6179, 0.3464
0.6179, 0.3464
0.6179, 0.3464
0.6179, 0.3490
0.6179, 0.3490
0.6179, 0.3490
0.6179, 0.3490
0.6179, 0.3490
0.6179, 0.3490
0.6179, 0.3490
0.6226, 0.3490
0.6226, 0.3490
0.6226, 0.3490
0.6226, 0.3490
0.6274, 0.3490
0.6274, 0.3490
0.6274, 0.3490
0.6274, 0.3516
0.6274, 0.3516
0.6274, 0.3516
0.6321, 0.3516
0.6321, 0.3516
0.6321, 0.3516
0.6321, 0.3516
0.6321, 0.3516
0.6321, 0.3516
0.6321, 0.3516
0.6368, 0.3516
0.6368, 0.3516
0.6368, 0.3516
0.6368, 0.3516
0.6368, 0.3516
0.6368, 0.3516
0.6368, 0.3516
0.6415, 0.3516
0.6415, 0.3516
0.6415, 0.3516
0.6415, 0.3516
0.6415, 0.3516
0.6415, 0.3516
0.6415, 0.3516
0.6462, 0.3542
0.6462, 0.3542
0.6462, 0.3542
0.6509, 0.3542
0.6509, 0.3542
0.6509, 0.3542
0.6509, 0.3542
0.6557, 0.3542
0.6557, 0.3542
0.6557, 0.3542
0.6557, 0.3542
0.6557, 0.3542
0.6557, 0.3542
0.6557, 0.3542
0.6557, 0.3542
0.6557, 0.3542
0.6557, 0.3542
0.6604, 0.3542
0.6604, 0.3542
0.6604, 0.3542
0.6651, 0.3568
0.6651, 0.3568
0.6651, 0.3568
0.6651, 0.3568
0.6651, 0.3568
0.6651, 0.3568
0.6651, 0.3568
0.6698, 0.3568
0.6698, 0.3568
0.6698, 0.3568
0.6698, 0.3568
0.6698, 0.3568
0.6698, 0.3568
0.6745, 0.3568
0.6745, 0.3568
0.6745, 0.3568
0.6745, 0.3568
0.6792, 0.3568
0.6792, 0.3568
0.6792, 0.3568
0.6792, 0.3568
0.6792, 0.3568
0.6792, 0.3568
0.6792, 0.3568
0.6792, 0.3568
0.6792, 0.3568
0.6792, 0.3568
0.6840, 0.3568
0.6840, 0.3568
0.6840, 0.3568
0.6887, 0.3568
0.6887, 0.3568
0.6887, 0.3568
0.6887, 0.3568
0.6887, 0.3568
0.6887, 0.3568
0.6887, 0.3568
0.6934, 0.3594
0.6934, 0.3594
0.6934, 0.3594
0.6981, 0.3594
0.6981, 0.3594
0.6981, 0.3594
0.6981, 0.3594
0.7028, 0.3594
0.7028, 0.3594
0.7028, 0.3594
0.7028, 0.3594
0.7028, 0.3594
0.7028, 0.3594
0.7028, 0.3594
0.7028, 0.3594
0.7028, 0.3594
0.7028, 0.3594
0.7075, 0.3620
0.7075, 0.3620
0.7075, 0.3620
0.7123, 0.3620
0.7123, 0.3620
0.7123, 0.3620
0.7123, 0.3620
0.7123, 0.3620
0.7123, 0.3620
0.7123, 0.3620
0.7123, 0.3620
0.7123, 0.3620
0.7123, 0.3620
0.7170, 0.3620
0.7170, 0.3620
0.7170, 0.3620
0.7170, 0.3620
0.7217, 0.3620
0.7217, 0.3620
0.7217, 0.3620
0.7264, 0.3646
0.7264, 0.3646
0.7264, 0.3646
0.7264, 0.3646
0.7264, 0.3646
0.7264, 0.3646
0.7264, 0.3646
0.7311, 0.3646
0.7311, 0.3646
0.7311, 0.3646
0.7358, 0.3646
0.7358, 0.3646
0.7358, 0.3646
0.7358, 0.3646
0.7358, 0.3646
0.7358, 0.3646
0.7358, 0.3646
0.7358, 0.3646
0.7358, 0.3646
0.7358, 0.3646
0.7358, 0.3646
0.7406, 0.3646
0.7406, 0.3646
0.7406, 0.3646
0.7453, 0.3646
0.7453, 0.3646
0.7453, 0.3646
0.7453, 0.3646
0.7453, 0.3646
0.7453, 0.3646
0.7453, 0.3646
0.7453, 0.3646
0.7453, 0.3646
0.7453, 0.3646
0.7500, 0.3646
0.7500, 0.3646
0.7500, 0.3646
0.7500, 0.3646
0.7500, 0.3646
0.7500, 0.3646
0.7500, 0.3646
0.7500, 0.3646
0.7500, 0.3646
0.7500, 0.3646
0.7547, 0.3646
0.7547, 0.3646
0.7547, 0.3646
0.7594, 0.3646
0.7594, 0.3646
0.7594, 0.3646
0.7594, 0.3646
0.7594, 0.3646
0.7594, 0.3646
0.7594, 0.3646
0.7594, 0.3646
0.7594, 0.3646
0.7594, 0.3646
0.7642, 0.3646
0.7642, 0.3646
0.7642, 0.3646
0.7642, 0.3646
0.7689, 0.3646
0.7689, 0.3646
0.7689, 0.3646
0.7689, 0.3672
0.7689, 0.3672
0.7689, 0.3672
0.7689, 0.3672
0.7689, 0.3672
0.7689, 0.3672
0.7689, 0.3672
0.7736, 0.3672
0.7736, 0.3672
0.7736, 0.3672
0.7736, 0.3672
0.7736, 0.3672
0.7736, 0.3672
0.7736, 0.3672
0.7736, 0.3672
0.7736, 0.3672
0.7736, 0.3672
0.7783, 0.3672
0.7783, 0.3672
0.7783, 0.3672
0.7783, 0.3672
0.7783, 0.3672
0.7783, 0.3672
0.7830, 0.3672
0.7830, 0.3672
0.7830, 0.3672
0.7830, 0.3672
0.7830, 0.3672
0.7830, 0.3672
0.7830, 0.3672
0.7830, 0.3672
0.7830, 0.3672
0.7830, 0.3672
0.7877, 0.3672
0.7877, 0.3672
0.7877, 0.3672
0.7877, 0.3672
0.7925, 0.3672
0.7925, 0.3672
0.7925, 0.3672
0.7925, 0.3672
0.7925, 0.3672
0.7925, 0.3672
0.7972, 0.3672
0.7972, 0.3672
0.7972, 0.3672
0.7972, 0.3672
0.7972, 0.3672
0.7972, 0.3672
0.7972, 0.3672
0.8019, 0.3672
0.8019, 0.3672
0.8019, 0.3672
0.8066, 0.3672
0.8066, 0.3672
0.8066, 0.3672
0.8066, 0.3672
0.8066, 0.3672
0.8066, 0.3672
0.8113, 0.3672
0.8113, 0.3672
0.8113, 0.3672
0.8160, 0.3672
0.8160, 0.3672
0.8160, 0.3672
0.8160, 0.3672
0.8160, 0.3672
0.8160, 0.3672
0.8160, 0.3672
0.8160, 0.3672
0.8160, 0.3672
0.8160, 0.3672
0.8208, 0.3672
0.8208, 0.3672
0.8208, 0.3672
0.8255, 0.3672
0.8255, 0.3672
0.8255, 0.3672
0.8302, 0.3672
0.8302, 0.3672
0.8302, 0.3672
0.8302, 0.3672
0.8302, 0.3672
0.8302, 0.3672
0.8349, 0.3672
0.8349, 0.3672
0.8349, 0.3672
0.8396, 0.3672
0.8396, 0.3672
0.8396, 0.3672
0.8396, 0.3672
0.8396, 0.3672
0.8396, 0.3672
0.8396, 0.3672
0.8443, 0.3672
0.8443, 0.3672
0.8443, 0.3672
0.8491, 0.3672
0.8491, 0.3672
0.8491, 0.3672
0.8538, 0.3672
0.8538, 0.3672
0.8538, 0.3672
0.8538, 0.3672
0.8538, 0.3672
0.8538, 0.3672
0.8538, 0.3672
0.8538, 0.3672
0.8538, 0.3672
0.8538, 0.3672
0.8585, 0.3672
0.8585, 0.3672
0.8585, 0.3672
0.8585, 0.3672
0.8632, 0.3672
0.8632, 0.3672
0.8632, 0.3672
0.8632, 0.3672
0.8632, 0.3672
0.8632, 0.3672
0.8632, 0.3672
0.8632, 0.3672
0.8632, 0.3672
0.8632, 0.3672
0.8632, 0.3672
0.8632, 0.3672
0.8632, 0.3672
0.8679, 0.3672
0.8679, 0.3672
0.8679, 0.3672
0.8679, 0.3672
0.8679, 0.3672
0.8679, 0.3672
0.8726, 0.3672
0.8726, 0.3672
0.8726, 0.3672
0.8774, 0.3672
0.8774, 0.3672
0.8774, 0.3672
0.8774, 0.3672
0.8774, 0.3672
0.8774, 0.3672
0.8774, 0.3672
0.8774, 0.3672
0.8774, 0.3672
0.8774, 0.3672
0.8821, 0.3672
0.8821, 0.3672
0.8821, 0.3672
0.8868, 0.3672
0.8868, 0.3672
0.8868, 0.3672
0.8868, 0.3672
0.8868, 0.3672
0.8868, 0.3672
0.8915, 0.3672
0.8915, 0.3672
0.8915, 0.3672
0.8915, 0.3672
0.8915, 0.3672
0.8915, 0.3672
0.8915, 0.3672
0.8962, 0.3672
0.8962, 0.3672
0.8962, 0.3672
0.8962, 0.3672
0.8962, 0.3672
0.8962, 0.3672
0.8962, 0.3672
0.8962, 0.3672
0.8962, 0.3672
0.8962, 0.3672
0.9009, 0.3646
0.9009, 0.3646
0.9009, 0.3646
0.9009, 0.3646
0.9057, 0.3646
0.9057, 0.3646
0.9057, 0.3646
0.9057, 0.3646
0.9057, 0.3646
0.9057, 0.3646
0.9104, 0.3646
0.9104, 0.3646
0.9104, 0.3646
0.9104, 0.3646
0.9104, 0.3646
0.9104, 0.3646
0.9104, 0.3620
0.9104, 0.3620
0.9104, 0.3620
0.9151, 0.3620
0.9151, 0.3620
0.9151, 0.3620
0.9245, 0.3620
0.9245, 0.3620
0.9245, 0.3620
0.9245, 0.3620
0.9245, 0.3620
0.9245, 0.3620
0.9245, 0.3620
0.9292, 0.3620
0.9292, 0.3620
0.9292, 0.3620
0.9340, 0.3594
0.9340, 0.3594
0.9340, 0.3594
0.9340, 0.3594
0.9340, 0.3594
0.9340, 0.3594
0.9340, 0.3594
0.9340, 0.3594
0.9340, 0.3594
0.9340, 0.3594
0.9387, 0.3594
0.9387, 0.3594
0.9387, 0.3594
0.9387, 0.3594
0.9387, 0.3594
0.9387, 0.3594
0.9434, 0.3594
0.9434, 0.3594
0.9434, 0.3594
0.9434, 0.3594
0.9434, 0.3594
0.9434, 0.3594
0.9481, 0.3594
0.9481, 0.3594
0.9481, 0.3594
0.9481, 0.3594
0.9481, 0.3594
0.9481, 0.3594
0.9481, 0.3594
0.9481, 0.3594
0.9481, 0.3594
0.9481, 0.3594
0.9481, 0.3594
0.9481, 0.3594
0.9481, 0.3594
0.9481, 0.3594
0.9481, 0.3594
0.9481, 0.3594
0.9528, 0.3568
0.9528, 0.3568
0.9528, 0.3568
0.9528, 0.3568
0.9528, 0.3568
0.9528, 0.3568
0.9575, 0.3568
0.9575, 0.3568
0.9575, 0.3568
0.9575, 0.3568
0.9575, 0.3568
0.9575, 0.3568
0.9575, 0.3568
0.9623, 0.3542
0.9623, 0.3542
0.9670, 0.3542
0.9670, 0.3542
0.9670, 0.3542
0.9670, 0.3542
0.9670, 0.3542
0.9670, 0.3542
0.9670, 0.3542
0.9717, 0.3542
0.9717, 0.3542
0.9717, 0.3542
0.9717, 0.3542
0.9717, 0.3542
0.9717, 0.3542
0.9717, 0.3542
0.9717, 0.3542
0.9717, 0.3542
0.9764, 0.3542
0.9764, 0.3542
0.9764, 0.3542
0.9764, 0.3542
0.9764, 0.3542
0.9764, 0.3542
0.9811, 0.3542
0.9811, 0.3542
0.9811, 0.3542
0.9811, 0.3516
0.9811, 0.3516
0.9811, 0.3516
0.9811, 0.3516
0.9811, 0.3516
0.9811, 0.3516
0.9811, 0.3516
0.9811, 0.3516
0.9811, 0.3516
0.9811, 0.3516
0.9811, 0.3516
0.9811, 0.3516
0.9811, 0.3516
0.9858, 0.3490
0.9858, 0.3490
0.9858, 0.3490
0.9858, 0.3490
0.9858, 0.3490
0.9858, 0.3490
0.9906, 0.3490
0.9906, 0.3490
0.9906, 0.3490
0.9906, 0.3490
0.9906, 0.3490
0.9906, 0.3490
0.9906, 0.3490
0.9906, 0.3464
0.9906, 0.3464
0.9953, 0.3464
0.9953, 0.3464
0.9953, 0.3464
0.9953, 0.3464
0.9953, 0.3464
0.9953, 0.3464
0.9953, 0.3464
0.9953, 0.3464
0.9953, 0.3464
0.9953, 0.3464
0.9953, 0.3464
0.9953, 0.3464
0.9953, 0.3464
0.9953, 0.3464
0.9953, 0.3464
0.9953, 0.3464
0.9953, 0.3464
0.9953, 0.3464
0.9953, 0.3464
0.9953, 0.3464
0.9953, 0.3464
0.9953, 0.3464
0.9953, 0.3464
0.9953, 0.3464
0.9953, 0.3464
0.9953, 0.3464
0.9953, 0.3464
0.9953, 0.3464
0.9953, 0.3464
0.9953, 0.3464
0.9953, 0.3464
0.9953, 0.3464
0.9953, 0.3464
0.9953, 0.3464
0.9953, 0.3464
0.9953, 0.3464
0.9953, 0.3464
0.9953, 0.3464
0.9953, 0.3464
0.9953, 0.3464
1.0000, 0.3464
1.0000, 0.3464
1.0000, 0.3464
1.0000, 0.3464
1.0000, 0.3464
1.0000, 0.3464
1.0000, 0.3438
0.5943, 0.3385
0.5943, 0.3385
0.5943, 0.3385
0.5943, 0.3385
0.5943, 0.3385
0.5943, 0.3385
0.5943, 0.3385
0.5943, 0.3385
0.5943, 0.3385
0.5943, 0.3385
0.5943, 0.3385
0.5943, 0.3385
0.5943, 0.3385
0.5943, 0.3385
0.5943, 0.3385
0.5943, 0.3385
0.5943, 0.3385
0.5943, 0.3385
0.5943, 0.3385
0.5943, 0.3385
0.5943, 0.3385
0.5943, 0.3385
0.5943, 0.3385
0.5943, 0.3385
0.5943, 0.3385
0.5943, 0.3385
0.5943, 0.3385
0.5943, 0.3385
0.5943, 0.3385
0.5943, 0.3385
0.5943, 0.3385
0.5943, 0.3385
0.5943, 0.3385
0.5943, 0.3385
0.5943, 0.3385
0.5943, 0.3385
0.5943, 0.3385
0.5943, 0.3385
0.5943, 0.3385
0.5943, 0.3385
0.5943, 0.3385
0.5943, 0.3385
0.5943, 0.3385
0.5943, 0.3385
0.5943, 0.3385
0.5943, 0.3385
0.5943, 0.3385
0.5943, 0.3385
0.5943, 0.3385
0.5943, 0.3385
0.5943, 0.3385
0.5943, 0.3385
0.5943, 0.3385
0.5943, 0.3385
0.5943, 0.3385
0.5943, 0.3385
0.5943, 0.3385
0.5943, 0.3385
0.5943, 0.3385
0.5896, 0.3385
0.5896, 0.3385
0.5896, 0.3385
0.5896, 0.3385
0.5896, 0.3385
0.5896, 0.3385
0.5896, 0.3385
0.5896, 0.3385
0.5896, 0.3385
0.5896, 0.3385
0.5896, 0.3385
0.5896, 0.3385
0.5896, 0.3385
0.5896, 0.3385
0.5896, 0.3385
0.5896, 0.3385
0.5896, 0.3385
0.5896, 0.3385
0.5896, 0.3385
0.5896, 0.3385
0.5896, 0.3385
0.5849, 0.3385
0.5849, 0.3385
0.5849, 0.3385
0.5849, 0.3385
0.5849, 0.3385
0.5849, 0.3385
0.5849, 0.3385
0.5849, 0.3385
0.5849, 0.3385
0.5849, 0.3385
0.5849, 0.3385
0.5849, 0.3385
0.5849, 0.3385
0.5849, 0.3385
0.5849, 0.3385
0.5849, 0.3385
0.5849, 0.3385
0.5849, 0.3385
0.5849, 0.3385
0.5849, 0.3385
0.5849, 0.3385
0.5849, 0.3359
0.5849, 0.3359
0.5849, 0.3359
0.5849, 0.3359
0.5802, 0.3359
0.5802, 0.3359
0.5802, 0.3359
0.5802, 0.3359
0.5802, 0.3333
0.5802, 0.3333
0.5802, 0.3333
0.5802, 0.3333
0.5802, 0.3333
0.5802, 0.3307
0.5802, 0.3307
0.5802, 0.3307
0.5802, 0.3307
0.5755, 0.3307
0.5755, 0.3307
0.5755, 0.3307
0.5755, 0.3307
0.5755, 0.3307
0.5755, 0.3307
0.5755, 0.3307
0.5755, 0.3307
0.5755, 0.3281
0.5755, 0.3281
0.5755, 0.3281
0.5755, 0.3281
0.5755, 0.3255
0.5755, 0.3255
0.5755, 0.3255
0.5755, 0.3255
0.5708, 0.3255
0.5708, 0.3255
0.5708, 0.3255
0.5708, 0.3255
0.5708, 0.3255
0.5708, 0.3255
0.5708, 0.3255
0.5708, 0.3255
0.5708, 0.3255
0.5660, 0.3229
0.5660, 0.3229
0.5660, 0.3229
0.5660, 0.3229
0.5660, 0.3229
0.5660, 0.3229
0.5660, 0.3229
0.5660, 0.3229
0.5660, 0.3203
0.5660, 0.3203
0.5660, 0.3203
0.5660, 0.3203
0.5660, 0.3203
0.5660, 0.3203
0.5660, 0.3203
0.5660, 0.3203
0.5660, 0.3203
0.5660, 0.3203
0.5660, 0.3203
0.5660, 0.3203
0.5660, 0.3203
0.5660, 0.3203
0.5660, 0.3203
0.5660, 0.3203
0.5660, 0.3203
0.5660, 0.3203
0.5660, 0.3203
0.5660, 0.3203
0.5660, 0.3203
0.5660, 0.3203
0.5660, 0.3203
0.5660, 0.3203
0.5660, 0.3203
0.5660, 0.3203
0.5660, 0.3203
0.5660, 0.3203
0.5660, 0.3203
0.5660, 0.3203
0.5660, 0.3203
0.5660, 0.3203
0.5660, 0.3203
0.5660, 0.3203
0.5660, 0.3177
0.5660, 0.3177
0.5660, 0.3177
0.5660, 0.3177
0.5660, 0.3177
0.5660, 0.3177
0.5660, 0.3177
0.5660, 0.3177
0.5660, 0.3177
0.5613, 0.3177
0.5613, 0.3177
0.5613, 0.3177
0.5613, 0.3151
0.5613, 0.3151
0.5613, 0.3151
0.5613, 0.3151
0.5566, 0.3125
0.5566, 0.3125
0.5566, 0.3125
0.5566, 0.3125
0.5566, 0.3125
0.5566, 0.3125
0.5566, 0.3125
0.5566, 0.3125
0.5566, 0.3125
0.5519, 0.3125
0.5519, 0.3125
0.5519, 0.3125
0.5519, 0.3125
0.5519, 0.3125
0.5519, 0.3125
0.5519, 0.3125
0.5519, 0.3125
0.5519, 0.3099
0.5519, 0.3099
0.5519, 0.3099
0.5519, 0.3099
0.5519, 0.3099
0.5519, 0.3099
0.5519, 0.3099
0.5519, 0.3099
0.5519, 0.3073
0.5519, 0.3073
0.5519, 0.3073
0.5519, 0.3073
0.5519, 0.3073
0.5519, 0.3073
0.5519, 0.3073
0.5519, 0.3073
0.5519, 0.3073
0.5519, 0.3073
0.5519, 0.3073
0.5519, 0.3073
0.5519, 0.3073
0.5519, 0.3073
0.5519, 0.3073
0.5519, 0.3073
0.5519, 0.3073
0.5519, 0.3073
0.5519, 0.3073
0.5519, 0.3073
0.5519, 0.3073
0.5519, 0.3073
0.5519, 0.3073
0.5519, 0.3073
0.5519, 0.3073
0.5519, 0.3073
0.5472, 0.3073
0.5472, 0.3073
0.5472, 0.3073
0.5472, 0.3073
0.5472, 0.3047
0.5472, 0.3047
0.5472, 0.3047
0.5472, 0.3047
0.5472, 0.3047
0.5472, 0.3047
0.5472, 0.3047
0.5472, 0.3047
0.5472, 0.3047
0.5472, 0.3047
0.5472, 0.3047
0.5472, 0.3047
0.5472, 0.3047
0.5472, 0.3021
0.5472, 0.3021
0.5472, 0.3021
0.5472, 0.3021
0.5425, 0.3021
0.5425, 0.3021
0.5425, 0.3021
0.5425, 0.2995
0.5425, 0.2995
0.5425, 0.2995
0.5425, 0.2995
0.5425, 0.2995
0.5425, 0.2995
0.5425, 0.2995
0.5425, 0.2995
0.5425, 0.2995
0.5425, 0.2995
0.5425, 0.2995
0.5425, 0.2995
0.5425, 0.2995
0.5425, 0.2995
0.5425, 0.2995
0.5425, 0.2995
0.5425, 0.2995
0.5425, 0.2995
0.5425, 0.2995
0.5425, 0.2995
0.5425, 0.2995
0.5425, 0.2995
0.5425, 0.2995
0.5425, 0.2995
0.5425, 0.2995
0.5425, 0.2969
0.5425, 0.2969
0.5425, 0.2969
0.5425, 0.2969
0.5425, 0.2969
0.5425, 0.2969
0.5425, 0.2969
0.5425, 0.2969
0.5425, 0.2969
0.5425, 0.2969
0.5425, 0.2969
0.5425, 0.2969
0.5425, 0.2969
0.5425, 0.2969
0.5425, 0.2969
0.5425, 0.2969
0.5425, 0.2969
0.5425, 0.2943
0.5425, 0.2943
0.5425, 0.2943
0.5425, 0.2943
0.5425, 0.2943
0.5425, 0.2943
0.5425, 0.2943
0.5425, 0.2943
0.5425, 0.2943
0.5425, 0.2943
0.5425, 0.2943
0.5425, 0.2943
0.5425, 0.2943
0.5425, 0.2943
0.5425, 0.2943
0.5425, 0.2943
0.5425, 0.2943
0.5425, 0.2943
0.5425, 0.2943
0.5425, 0.2943
0.5425, 0.2943
0.5425, 0.2917
0.5425, 0.2917
0.5425, 0.2917
0.5377, 0.2917
0.5377, 0.2917
0.5377, 0.2917
0.5377, 0.2917
0.5377, 0.2891
0.5377, 0.2891
0.5377, 0.2891
0.5377, 0.2891
0.5377, 0.2891
0.5377, 0.2891
0.5377, 0.2891
0.5377, 0.2891
0.5377, 0.2891
0.5377, 0.2891
0.5377, 0.2891
0.5377, 0.2891
0.5377, 0.2865
0.5377, 0.2865
0.5377, 0.2865
0.5377, 0.2865
0.5377, 0.2865
0.5377, 0.2865
0.5377, 0.2865
0.5377, 0.2865
0.5377, 0.2865
0.5377, 0.2865
0.5377, 0.2865
0.5377, 0.2865
0.5377, 0.2865
0.5377, 0.2865
0.5377, 0.2865
0.5377, 0.2865
0.5377, 0.2865
0.5377, 0.2865
0.5377, 0.2865
0.5377, 0.2865
0.5377, 0.2865
0.5330, 0.2865
0.5330, 0.2865
0.5330, 0.2865
0.5330, 0.2865
0.5330, 0.2865
0.5330, 0.2865
0.5330, 0.2865
0.5330, 0.2865
0.5330, 0.2865
0.5330, 0.2865
0.5330, 0.2865
0.5330, 0.2865
0.5330, 0.2839
0.5330, 0.2839
0.5330, 0.2839
0.5330, 0.2839
0.5330, 0.2839
0.5330, 0.2839
0.5330, 0.2839
0.5330, 0.2839
0.5330, 0.2812
0.5330, 0.2812
0.5330, 0.2812
0.5330, 0.2812
0.5330, 0.2812
0.5330, 0.2812
0.5330, 0.2812
0.5330, 0.2812
0.5330, 0.2812
0.5330, 0.2812
0.5330, 0.2812
0.5283, 0.2812
0.5283, 0.2812
0.5283, 0.2812
0.5283, 0.2812
0.5283, 0.2786
0.5283, 0.2786
0.5283, 0.2786
0.5283, 0.2786
0.5283, 0.2786
0.5283, 0.2786
0.5283, 0.2786
0.5283, 0.2786
0.5283, 0.2786
0.5283, 0.2786
0.5283, 0.2786
0.5283, 0.2786
0.5283, 0.2760
0.5283, 0.2760
0.5283, 0.2760
0.5283, 0.2760
0.5283, 0.2760
0.5283, 0.2760
0.5283, 0.2760
0.5283, 0.2760
0.5283, 0.2760
0.5283, 0.2760
0.5283, 0.2760
0.5283, 0.2760
0.5283, 0.2734
0.5283, 0.2734
0.5283, 0.2734
0.5283, 0.2734
0.5283, 0.2734
0.5283, 0.2734
0.5283, 0.2734
0.5283, 0.2734
0.5283, 0.2734
0.5283, 0.2734
0.5283, 0.2734
0.5283, 0.2734
0.5283, 0.2734
0.5283, 0.2734
0.5283, 0.2734
0.5283, 0.2708
0.5283, 0.2708
0.5283, 0.2708
0.5283, 0.2708
0.5283, 0.2708
0.5283, 0.2708
0.5283, 0.2708
0.5283, 0.2708
0.5283, 0.2682
0.5283, 0.2682
0.5283, 0.2682
0.5283, 0.2682
0.5283, 0.2682
0.5283, 0.2682
0.5283, 0.2682
0.5283, 0.2682
0.5283, 0.2682
0.5283, 0.2682
0.5283, 0.2682
0.5283, 0.2682
0.5283, 0.2682
0.5283, 0.2682
0.5283, 0.2682
0.5283, 0.2682
0.5283, 0.2682
0.5283, 0.2682
0.5283, 0.2682
0.5283, 0.2682
0.5283, 0.2656
0.5283, 0.2656
0.5283, 0.2656
0.5283, 0.2656
0.5283, 0.2656
0.5283, 0.2656
0.5283, 0.2656
0.5283, 0.2656
0.5283, 0.2656
0.5283, 0.2656
0.5283, 0.2656
0.5283, 0.2656
0.5283, 0.2630
0.5283, 0.2630
0.5283, 0.2630
0.5283, 0.2630
0.5283, 0.2630
0.5283, 0.2630
0.5283, 0.2630
0.5283, 0.2630
0.5283, 0.2604
0.5283, 0.2604
0.5283, 0.2604
0.5283, 0.2604
0.5283, 0.2604
0.5283, 0.2604
0.5283, 0.2604
0.5283, 0.2604
0.5283, 0.2604
0.5283, 0.2604
0.5283, 0.2604
0.5283, 0.2604
0.5283, 0.2604
0.5283, 0.2604
0.5283, 0.2604
0.5283, 0.2604
0.5283, 0.2578
0.5283, 0.2578
0.5283, 0.2578
0.5283, 0.2578
0.5283, 0.2578
0.5283, 0.2578
0.5283, 0.2578
0.5283, 0.2578
0.5283, 0.2552
0.5283, 0.2552
0.5283, 0.2552
0.5283, 0.2552
0.5283, 0.2552
0.5283, 0.2552
0.5283, 0.2552
0.5283, 0.2552
0.5283, 0.2552
0.5283, 0.2552
0.5283, 0.2552
0.5283, 0.2552
0.5283, 0.2552
0.5283, 0.2552
0.5283, 0.2552
0.5283, 0.2526
0.5283, 0.2526
0.5283, 0.2526
0.5283, 0.2526
0.5283, 0.2526
0.5283, 0.2526
0.5283, 0.2526
0.5283, 0.2500
0.5283, 0.2500
0.5283, 0.2500
0.5283, 0.2500
0.5283, 0.2500
0.5283, 0.2500
0.5283, 0.2500
0.5283, 0.2500
0.5283, 0.2474
0.5283, 0.2474
0.5283, 0.2474
0.5283, 0.2474
0.5283, 0.2474
0.5283, 0.2474
0.5283, 0.2474
0.5283, 0.2474
0.5283, 0.2474
0.5283, 0.2474
0.5283, 0.2474
0.5283, 0.2474
0.5283, 0.2474
0.5283, 0.2474
0.5283, 0.2474
0.5283, 0.2474
0.5283, 0.2448
0.5283, 0.2448
0.5283, 0.2448
0.5283, 0.2448
0.5283, 0.2448
0.5283, 0.2448
0.5283, 0.2448
0.5283, 0.2448
0.5283, 0.2448
0.5283, 0.2448
0.5283, 0.2448
0.5283, 0.2422
0.5283, 0.2422
0.5283, 0.2422
0.5283, 0.2422
0.5283, 0.2422
0.5283, 0.2422
0.5283, 0.2422
0.5283, 0.2422
0.5283, 0.2422
0.5283, 0.2422
0.5283, 0.2422
0.5283, 0.2422
0.5283, 0.2422
0.5283, 0.2422
0.5283, 0.2422
0.5283, 0.2422
0.5283, 0.2422
0.5283, 0.2422
0.5283, 0.2422
0.5283, 0.2422
0.5283, 0.2422
0.5283, 0.2422
0.5283, 0.2422
0.5283, 0.2396
0.5283, 0.2396
0.5283, 0.2396
0.5283, 0.2396
0.5283, 0.2396
0.5283, 0.2396
0.5283, 0.2396
0.5283, 0.2396
0.5283, 0.2370
0.5283, 0.2370
0.5283, 0.2370
0.5283, 0.2370
0.5283, 0.2370
0.5283, 0.2370
0.5283, 0.2370
0.5283, 0.2370
0.5283, 0.2370
0.5283, 0.2370
0.5283, 0.2370
0.5283, 0.2370
0.5283, 0.2370
0.5283, 0.2370
0.5283, 0.2370
0.5283, 0.2370
0.5283, 0.2370
0.5283, 0.2370
0.5283, 0.2370
0.5283, 0.2344
0.5283, 0.2344
0.5283, 0.2344
0.5283, 0.2344
0.5283, 0.2344
0.5283, 0.2344
0.5283, 0.2344
0.5283, 0.2344
0.5283, 0.2344
0.5283, 0.2344
0.5283, 0.2344
0.5283, 0.2344
0.5283, 0.2344
0.5283, 0.2344
0.5283, 0.2344
0.5283, 0.2318
0.5283, 0.2318
0.5283, 0.2318
0.5283, 0.2318
0.5283, 0.2318
0.5283, 0.2318
0.5283, 0.2318
0.5283, 0.2318
0.5283, 0.2318
0.5283, 0.2318
0.5283, 0.2318
0.5283, 0.2318
0.5283, 0.2318
0.5283, 0.2318
0.5283, 0.2318
0.5283, 0.2318
0.5283, 0.2292
0.5283, 0.2292
0.5283, 0.2292
0.5283, 0.2292
0.5283, 0.2292
0.5283, 0.2292
0.5283, 0.2292
0.5283, 0.2292
0.5283, 0.2292
0.5283, 0.2292
0.5283, 0.2292
0.5283, 0.2292
0.5283, 0.2292
0.5283, 0.2292
0.5283, 0.2292
0.5283, 0.2292
0.5283, 0.2292
0.5283, 0.2292
0.5283, 0.2292
0.5330, 0.2292
0.5330, 0.2292
0.5330, 0.2292
0.5330, 0.2266
0.5330, 0.2266
0.5330, 0.2266
0.5330, 0.2266
0.5330, 0.2266
0.5330, 0.2266
0.5330, 0.2266
0.5330, 0.2266
0.5330, 0.2266
0.5330, 0.2266
0.5330, 0.2266
0.5377, 0.2240
0.5377, 0.2240
0.5377, 0.2240
0.5377, 0.2240
0.5377, 0.2240
0.5377, 0.2240
0.5377, 0.2240
0.5377, 0.2240
0.5377, 0.2240
0.5377, 0.2240
0.5377, 0.2240
0.5377, 0.2240
0.5377, 0.2240
0.5377, 0.2240
0.5377, 0.2240
0.5377, 0.2240
0.5377, 0.2240
0.5377, 0.2240
0.5377, 0.2240
0.5377, 0.2240
0.5377, 0.2240
0.5377, 0.2240
0.5377, 0.2240
0.5377, 0.2240
0.5377, 0.2240
0.5377, 0.2240
0.5377, 0.2240
0.5377, 0.2214
0.5377, 0.2214
0.5425, 0.2214
0.5425, 0.2214
0.5425, 0.2188
0.5472, 0.2161
0.5472, 0.2161
0.5472, 0.2161
0.5472, 0.2161
0.5472, 0.2161
0.5472, 0.2161
0.5472, 0.2161
0.5472, 0.2161
0.5472, 0.2161
0.5519, 0.2161
0.5519, 0.2161
0.5519, 0.2161
0.5519, 0.2161
0.5519, 0.2161
0.5519, 0.2161
0.5519, 0.2161
0.5519, 0.2161
0.5519, 0.2161
0.5519, 0.2161
0.5519, 0.2161
0.5566, 0.2161
0.5566, 0.2161
0.5566, 0.2161
0.5566, 0.2161
0.5566, 0.2161
0.5566, 0.2161
0.5566, 0.2161
0.5613, 0.2135
0.5613, 0.2135
0.5613, 0.2135
0.5613, 0.2135
0.5613, 0.2135
0.5613, 0.2135
0.5613, 0.2135
0.5613, 0.2135
0.5613, 0.2135
0.5613, 0.2135
0.5613, 0.2135
0.5613, 0.2135
0.5613, 0.2135
0.5613, 0.2135
0.5660, 0.2109
0.5660, 0.2109
0.5660, 0.2109
0.5660, 0.2109
0.5660, 0.2109
0.5660, 0.2109
0.5660, 0.2109
0.5660, 0.2109
0.5660, 0.2109
0.5660, 0.2109
0.5660, 0.2109
0.5660, 0.2109
0.5708, 0.2109
0.5708, 0.2109
0.5708, 0.2109
0.5708, 0.2109
0.5708, 0.2109
0.5708, 0.2109
0.5708, 0.2109
0.5708, 0.2109
0.5708, 0.2109
0.5708, 0.2109
0.5755, 0.2109
0.5755, 0.2109
0.5755, 0.2109
0.5755, 0.2109
0.5802, 0.2109
0.5802, 0.2109
0.5802, 0.2109
0.5802, 0.2109
0.5802, 0.2109
0.5802, 0.2109
0.5802, 0.2109
0.5802, 0.2109
0.5802, 0.2109
0.5802, 0.2109
0.5849, 0.2109
0.5849, 0.2109
0.5849, 0.2109
0.5849, 0.2109
0.5849, 0.2083
0.5849, 0.2083
0.5849, 0.2083
0.5849, 0.2083
0.5849, 0.2083
0.5849, 0.2083
0.5849, 0.2083
0.5896, 0.2083
0.5896, 0.2083
0.5896, 0.2083
0.5896, 0.2083
0.5896, 0.2083
0.5896, 0.2083
0.5896, 0.2083
0.5896, 0.2083
0.5896, 0.2083
0.5896, 0.2083
0.5896, 0.2083
0.5943, 0.2083
0.5943, 0.2083
0.5943, 0.2083
0.5943, 0.2057
0.5943, 0.2057
0.5943, 0.2057
0.5943, 0.2057
0.5943, 0.2057
0.5943, 0.2057
0.5943, 0.2057
0.5943, 0.2057
0.5943, 0.2057
0.5943, 0.2057
0.5943, 0.2057
0.5991, 0.2057
0.5991, 0.2057
0.5991, 0.2057
0.5991, 0.2057
0.5991, 0.2057
0.5991, 0.2057
0.5991, 0.2057
0.6038, 0.2031
0.6038, 0.2031
0.6038, 0.2031
0.6038, 0.2031
0.6038, 0.2031
0.6038, 0.2031
0.6085, 0.2031
0.6085, 0.2031
0.6085, 0.2031
0.6132, 0.2031
0.6132, 0.2031
0.6132, 0.2031
0.6132, 0.2031
0.6132, 0.2031
0.6132, 0.2031
0.6132, 0.2031
0.6179, 0.2005
0.6179, 0.2005
0.6179, 0.2005
0.6179, 0.2005
0.6179, 0.2005
0.6179, 0.2005
0.6179, 0.2005
0.6179, 0.2005
0.6226, 0.2005
0.6226, 0.2005
0.6226, 0.2005
0.6226, 0.2005
0.6226, 0.2005
0.6226, 0.2005
0.6226, 0.2005
0.6274, 0.2005
0.6274, 0.2005
0.6274, 0.2005
0.6274, 0.1979
0.6274, 0.1979
0.6274, 0.1979
0.6274, 0.1979
0.6274, 0.1979
0.6274, 0.1979
0.6274, 0.1979
0.6274, 0.1979
0.6274, 0.1979
0.6274, 0.1979
0.6274, 0.1979
0.6274, 0.1979
0.6274, 0.1979
0.6274, 0.1979
0.6274, 0.1979
0.6274, 0.1979
0.6274, 0.1979
0.6274, 0.1979
0.6274, 0.1979
0.6274, 0.1979
0.6274, 0.1979
0.6274, 0.1979
0.6274, 0.1979
0.6274, 0.1979
0.6274, 0.1979
0.6274, 0.1979
0.6274, 0.1979
0.6274, 0.1979
0.6274, 0.1979
0.6274, 0.1979
0.6274, 0.1979
0.6274, 0.1979
0.6274, 0.1979
0.6274, 0.1979
0.6274, 0.1979
0.6274, 0.1979
0.6274, 0.1979
0.6274, 0.1979
0.6274, 0.1953
0.6274, 0.1953
0.6274, 0.1953
0.6274, 0.1953
0.6274, 0.1953
0.6274, 0.1953
0.6274, 0.1953
0.6274, 0.1953
0.6274, 0.1953
0.6274, 0.1953
0.6274, 0.1953
0.6274, 0.1927
0.6274, 0.1927
0.6274, 0.1927
0.6274, 0.1927
0.6274, 0.1927
0.6274, 0.1927
0.6274, 0.1927
0.6274, 0.1927
0.6274, 0.1901
0.6274, 0.1901
0.6274, 0.1901
0.6274, 0.1901
0.6274, 0.1901
0.6274, 0.1901
0.6274, 0.1901
0.6274, 0.1901
0.6274, 0.1901
0.6274, 0.1901
0.6274, 0.1901
0.6274, 0.1901
0.6274, 0.1901
0.6274, 0.1901
0.6274, 0.1901
0.6274, 0.1901
0.6274, 0.1901
0.6274, 0.1901
0.6274, 0.1901
0.6274, 0.1901
0.6274, 0.1901
0.6274, 0.1901
0.6274, 0.1875
0.6274, 0.1875
0.6274, 0.1875
0.6274, 0.1875
0.6274, 0.1875
0.6274, 0.1875
0.6274, 0.1875
0.6274, 0.1875
0.6274, 0.1849
0.6274, 0.1849
0.6274, 0.1849
0.6274, 0.1849
0.6274, 0.1849
0.6274, 0.1849
0.6274, 0.1849
0.6274, 0.1849
0.6274, 0.1849
0.6274, 0.1849
0.6274, 0.1849
0.6274, 0.1823
0.6274, 0.1823
0.6274, 0.1823
0.6274, 0.1823
0.6274, 0.1823
0.6274, 0.1823
0.6274, 0.1823
0.6274, 0.1823
0.6274, 0.1823
0.6274, 0.1797
0.6274, 0.1797
0.6274, 0.1797
0.6226, 0.1797
0.6226, 0.1797
0.6226, 0.1797
0.6226, 0.1797
0.6226, 0.1797
0.6226, 0.1797
0.6226, 0.1797
0.6226, 0.1771
0.6226, 0.1771
0.6226, 0.1771
0.6226, 0.1771
0.6226, 0.1771
0.6226, 0.1771
0.6226, 0.1771
0.6226, 0.1771
0.6226, 0.1771
0.6226, 0.1771
0.6226, 0.1771
0.6226, 0.1771
0.6179, 0.1771
0.6179, 0.1771
0.6179, 0.1771
0.6179, 0.1771
0.6179, 0.1771
0.6179, 0.1771
0.6179, 0.1771
0.6179, 0.1771
0.6132, 0.1745
0.6132, 0.1745
0.6132, 0.1745
0.6132, 0.1745
0.6132, 0.1745
0.6132, 0.1745
0.6132, 0.1745
0.6132, 0.1745
0.6132, 0.1745
0.6132, 0.1745
0.6132, 0.1745
0.6085, 0.1745
0.6085, 0.1745
0.6085, 0.1745
0.6085, 0.1719
0.6085, 0.1719
0.6085, 0.1719
0.6085, 0.1719
0.6085, 0.1719
0.6085, 0.1719
0.6085, 0.1719
0.6085, 0.1719
0.6085, 0.1719
0.6085, 0.1719
0.6085, 0.1719
0.6038, 0.1719
0.6038, 0.1719
0.6038, 0.1719
0.6038, 0.1719
0.6038, 0.1719
0.6038, 0.1719
0.6038, 0.1719
0.6038, 0.1719
0.5991, 0.1719
0.5991, 0.1719
0.5991, 0.1693
0.5991, 0.1693
0.5991, 0.1693
0.5991, 0.1693
0.5991, 0.1693
0.5991, 0.1693
0.5991, 0.1693
0.5991, 0.1693
0.5943, 0.1667
0.5943, 0.1667
0.5943, 0.1667
0.5943, 0.1667
0.5943, 0.1667
0.5943, 0.1667
0.5896, 0.1667
0.5896, 0.1667
0.5896, 0.1641
0.5896, 0.1641
0.5896, 0.1641
0.5896, 0.1641
0.5896, 0.1641
0.5849, 0.1641
0.5849, 0.1641
0.5849, 0.1641
0.5849, 0.1641
0.5849, 0.1641
0.5849, 0.1641
0.5849, 0.1641
0.5849, 0.1641
0.5849, 0.1641
0.5849, 0.1641
0.5849, 0.1641
0.5849, 0.1641
0.5849, 0.1641
0.5849, 0.1641
0.5849, 0.1641
0.5849, 0.1641
0.5849, 0.1641
0.5802, 0.1615
0.5802, 0.1615
0.5802, 0.1615
0.5802, 0.1615
0.5802, 0.1615
0.5802, 0.1615
0.5802, 0.1615
0.5802, 0.1615
0.5802, 0.1615
0.5802, 0.1615
0.5802, 0.1615
0.5755, 0.1615
0.5755, 0.1615
0.5755, 0.1589
0.5755, 0.1589
0.5755, 0.1589
0.5755, 0.1589
0.5755, 0.1589
0.5755, 0.1589
0.5755, 0.1589
0.5755, 0.1589
0.5755, 0.1589
0.5755, 0.1589
0.5755, 0.1589
0.5755, 0.1589
0.5755, 0.1589
0.5755, 0.1589
0.5755, 0.1589
0.5755, 0.1589
0.5755, 0.1589
0.5755, 0.1589
0.5755, 0.1589
0.5755, 0.1589
0.5755, 0.1589
0.5755, 0.1589
0.5755, 0.1589
0.5708, 0.1589
0.5708, 0.1589
0.5708, 0.1589
0.5708, 0.1589
0.5708, 0.1589
0.5708, 0.1563
0.5708, 0.1563
0.5708, 0.1563
0.5708, 0.1563
0.5708, 0.1563
0.5660, 0.1563
0.5660, 0.1563
0.5660, 0.1563
0.5660, 0.1563
0.5660, 0.1563
0.5660, 0.1536
0.5660, 0.1536
0.5660, 0.1536
0.5660, 0.1536
0.5660, 0.1536
0.5660, 0.1536
0.5660, 0.1536
0.5660, 0.1536
0.5660, 0.1536
0.5660, 0.1536
0.5613, 0.1536
0.5613, 0.1536
0.5613, 0.1536
0.5613, 0.1536
0.5613, 0.1536
0.5613, 0.1536
0.5613, 0.1510
0.5613, 0.1510
0.5566, 0.1510
0.5566, 0.1510
0.5566, 0.1510
0.5566, 0.1510
0.5566, 0.1510
0.5566, 0.1510
0.5566, 0.1510
0.5566, 0.1510
0.5519, 0.1484
0.5519, 0.1484
0.5519, 0.1484
0.5519, 0.1484
0.5519, 0.1484
0.5519, 0.1484
0.5519, 0.1484
0.5519, 0.1484
0.5519, 0.1484
0.5519, 0.1484
0.5519, 0.1484
0.5519, 0.1458
0.5519, 0.1458
0.5519, 0.1458
0.5519, 0.1458
0.5519, 0.1458
0.5472, 0.1458
0.5472, 0.1458
0.5472, 0.1458
0.5472, 0.1458
0.5472, 0.1458
0.5472, 0.1458
0.5472, 0.1458
0.5472, 0.1458
0.5425, 0.1458
0.5425, 0.1458
0.5425, 0.1458
0.5425, 0.1458
0.5425, 0.1458
0.5425, 0.1432
0.5425, 0.1432
0.5425, 0.1432
0.5425, 0.1432
0.5425, 0.1432
0.5425, 0.1432
0.5425, 0.1432
0.5425, 0.1432
0.5425, 0.1432
0.5425, 0.1432
0.5377, 0.1432
0.5377, 0.1432
0.5377, 0.1406
0.5377, 0.1406
0.5377, 0.1406
0.5377, 0.1406
0.5377, 0.1406
0.5377, 0.1406
0.5330, 0.1406
0.5330, 0.1406
0.5330, 0.1406
0.5330, 0.1406
0.5330, 0.1406
0.5330, 0.1406
0.5330, 0.1406
0.5283, 0.1406
0.5283, 0.1406
0.5283, 0.1406
0.5283, 0.1380
0.5283, 0.1380
0.5283, 0.1380
0.5283, 0.1380
0.5283, 0.1380
0.5283, 0.1380
0.5283, 0.1380
0.5283, 0.1380
0.5283, 0.1380
0.5283, 0.1380
0.5283, 0.1380
0.5283, 0.1380
0.5283, 0.1380
0.5283, 0.1354
0.5283, 0.1354
0.5283, 0.1354
0.5283, 0.1354
0.5283, 0.1354
0.5283, 0.1354
0.5283, 0.1354
0.5283, 0.1354
0.5236, 0.1328
0.5236, 0.1328
0.5236, 0.1328
0.5236, 0.1328
0.5236, 0.1328
0.5236, 0.1328
0.5236, 0.1328
0.5236, 0.1328
0.5236, 0.1328
0.5236, 0.1328
0.5236, 0.1328
0.5236, 0.1328
0.5236, 0.1328
0.5236, 0.1302
0.5236, 0.1302
0.5236, 0.1302
0.5236, 0.1302
0.5236, 0.1302
0.5236, 0.1276
0.5236, 0.1276
0.5236, 0.1276
0.5236, 0.1276
0.5236, 0.1276
0.5236, 0.1276
0.5236, 0.1276
0.5236, 0.1276
0.5236, 0.1276
0.5236, 0.1276
0.5236, 0.1276
0.5236, 0.1276
0.5236, 0.1276
0.5236, 0.1276
0.5236, 0.1276
0.5236, 0.1276
0.5236, 0.1276
0.5236, 0.1276
0.5236, 0.1276
0.5236, 0.1276
0.5236, 0.1276
0.5236, 0.1276
0.5236, 0.1250
0.5236, 0.1250
0.5236, 0.1250
0.5236, 0.1250
0.5236, 0.1250
0.5236, 0.1250
0.5236, 0.1250
0.5236, 0.1250
0.5236, 0.1250
0.5236, 0.1250
0.5236, 0.1224
0.5236, 0.1224
0.5236, 0.1224
0.5236, 0.1224
0.5236, 0.1224
0.5236, 0.1224
0.5236, 0.1224
0.5236, 0.1224
0.5236, 0.1224
0.5236, 0.1224
0.5236, 0.1224
0.5236, 0.1224
0.5236, 0.1224
0.5236, 0.1224
0.5236, 0.1224
0.5236, 0.1224
0.5236, 0.1198
0.5236, 0.1198
0.5236, 0.1198
0.5236, 0.1198
0.5236, 0.1198
0.5236, 0.1198
0.5236, 0.1198
0.5236, 0.1198
0.5236, 0.1198
0.5236, 0.1198
0.5283, 0.1198
0.5283, 0.1198
0.5283, 0.1198
0.5283, 0.1198
0.5283, 0.1198
0.5330, 0.1198
0.5330, 0.1198
0.5330, 0.1198
0.5330, 0.1198
0.5330, 0.1198
0.5330, 0.1172
0.5330, 0.1172
0.5330, 0.1172
0.5330, 0.1172
0.5330, 0.1172
0.5377, 0.1172
0.5377, 0.1172
0.5377, 0.1172
0.5377, 0.1172
0.5377, 0.1172
0.5377, 0.1146
0.5377, 0.1146
0.5377, 0.1146
0.5377, 0.1146
0.5377, 0.1146
0.5377, 0.1146
0.5377, 0.1146
0.5377, 0.1146
0.5377, 0.1146
0.5377, 0.1146
0.5377, 0.1146
0.5377, 0.1146
0.5377, 0.1146
0.5377, 0.1146
0.5377, 0.1146
0.5377, 0.1146
0.5377, 0.1146
0.5377, 0.1146
0.5377, 0.1146
0.5377, 0.1146
0.5377, 0.1146
0.5377, 0.1146
0.5377, 0.1146
0.5377, 0.1146
0.5377, 0.1146
0.5377, 0.1146
0.5377, 0.1146
0.5377, 0.1146
0.5377, 0.1146
0.5377, 0.1146
0.5377, 0.1146
0.5377, 0.1146
0.5377, 0.1146
0.5377, 0.1146
0.5377, 0.1146
0.5377, 0.1146
0.5377, 0.1146
0.5377, 0.1146
0.5377, 0.1146
0.5377, 0.1146
0.5377, 0.1146
0.5377, 0.1146
0.5377, 0.1146
0.5377, 0.1146
0.5377, 0.1146
0.5377, 0.1146
0.5377, 0.1146
0.5377, 0.1146
0.5377, 0.1146
0.5377, 0.1146
0.5377, 0.1146
0.5377, 0.1146
0.5377, 0.1146
0.5377, 0.1146
0.5377, 0.1146
0.5377, 0.1146
0.5377, 0.1146
0.5377, 0.1146
0.5377, 0.1146
0.5377, 0.1146
0.5377, 0.1146
0.5377, 0.1146
0.5377, 0.1146
0.5377, 0.1146
0.5377, 0.1146
0.5377, 0.1146
0.5377, 0.1146
0.5377, 0.1146
0.5377, 0.1146
0.5377, 0.1146
0.5377, 0.1146
0.5377, 0.1146
0.5377, 0.1146
0.5377, 0.1146
0.5377, 0.1146
0.5377, 0.1146
0.5377, 0.1146
0.5377, 0.1146
0.5377, 0.1146
0.5377, 0.1146
0.5377, 0.1146
0.5377, 0.1146
0.5377, 0.1146
0.5377, 0.1146
0.5377, 0.1146
0.5377, 0.1146
0.5377, 0.1146
0.5377, 0.1146
0.5377, 0.1146
0.5377, 0.1146
0.5377, 0.1146
0.5377, 0.1146
0.5377, 0.1146
0.5377, 0.1146
0.5377, 0.1146
0.5377, 0.1146
0.5377, 0.1146
0.5377, 0.1146
0.5377, 0.1146
0.5377, 0.1146
0.5377, 0.1146
0.5377, 0.1146
0.5377, 0.1146
0.5377, 0.1146
0.5377, 0.1146
0.5377, 0.1146
0.5377, 0.1146
0.5377, 0.1146
0.5377, 0.1146
0.5377, 0.1146
0.5377, 0.1146
0.5377, 0.1146
0.5377, 0.1146
0.5377, 0.1146
0.5377, 0.1146
0.5377, 0.1146
0.5377, 0.1146
0.5377, 0.1146
0.5377, 0.1146
0.5377, 0.1146
0.5377, 0.1146
0.5377, 0.1146
0.5377, 0.1146
0.5377, 0.1146
0.5377, 0.1146
0.5377, 0.1146
0.5377, 0.1146
0.5377, 0.1146
0.5377, 0.1146
0.5377, 0.1146
0.5377, 0.1146
0.5377, 0.1146
0.5377, 0.1146
0.5377, 0.1146
0.5377, 0.1146
0.5377, 0.1146
0.5377, 0.1146
0.5377, 0.1146
0.5377, 0.1146
0.5377, 0.1146
0.5377, 0.1146
0.5377, 0.1146
0.5377, 0.1146
0.5377, 0.1146
0.5377, 0.1146
0.5377, 0.1146
0.5377, 0.1146
0.5377, 0.1146
0.5377, 0.1146
0.5377, 0.1146
0.5377, 0.1146
0.5377, 0.1146
0.5377, 0.1146
0.5377, 0.1146
0.5377, 0.1146
0.5377, 0.1146
0.5377, 0.1146
0.5377, 0.1146
0.5377, 0.1146
0.5377, 0.1146
0.5377, 0.1146
0.5377, 0.1146
0.5377, 0.1146
0.5377, 0.1146
0.5377, 0.1146
0.5377, 0.1146
0.5377, 0.1146
0.5377, 0.1146
0.5377, 0.1146
0.5377, 0.1146
0.5377, 0.1146
0.5377, 0.1146
0.5377, 0.1146
0.5377, 0.1146
0.5377, 0.1146
0.5377, 0.1146
0.5377, 0.1146
0.5425, 0.1146
0.5425, 0.1146
0.5425, 0.1146
0.5425, 0.1146
0.5425, 0.1146
0.5425, 0.1146
0.5425, 0.1146
0.5425, 0.1146
0.5425, 0.1146
0.5425, 0.1146
0.5425, 0.1146
0.5425, 0.1146
0.5425, 0.1146
0.5425, 0.1146
0.5425, 0.1146
0.5425, 0.1146
0.5425, 0.1146
0.5425, 0.1146
0.5425, 0.1146
0.5425, 0.1146
0.5425, 0.1146
0.5425, 0.1146
0.5425, 0.1146
0.5425, 0.1146
0.5425, 0.1146
0.5425, 0.1146
0.5425, 0.1146
0.5425, 0.1146
0.5425, 0.1146
0.5425, 0.1146
0.5425, 0.1146
0.5425, 0.1146
0.5425, 0.1146
0.5425, 0.1146
0.5425, 0.1146
0.5425, 0.1146
0.5425, 0.1146
0.5425, 0.1146
0.5425, 0.1146
0.5425, 0.1146
0.5425, 0.1146
0.5425, 0.1146
0.5425, 0.1146
0.5425, 0.1146
0.5425, 0.1146
0.5425, 0.1146
0.5425, 0.1146
0.5425, 0.1146
0.5425, 0.1146
0.5425, 0.1146
0.5425, 0.1146
0.5425, 0.1146
0.5425, 0.1146
0.5425, 0.1146
0.5425, 0.1146
0.5425, 0.1146
0.5425, 0.1146
0.5425, 0.1146
0.5425, 0.1146
0.5425, 0.1146
0.5425, 0.1146
0.5425, 0.1146
0.5425, 0.1146
0.5425, 0.1146
0.5425, 0.1146
0.5425, 0.1146
0.5425, 0.1146
0.5425, 0.1146
0.5425, 0.1146
0.5425, 0.1146
0.5425, 0.1146
0.5425, 0.1146
0.5425, 0.1146
0.5425, 0.1146
0.5425, 0.1146
0.5425, 0.1146
0.5425, 0.1146
0.5425, 0.1146
0.5425, 0.1146
0.5425, 0.1146
0.5425, 0.1146
0.5425, 0.1146
0.5425, 0.1146
0.5425, 0.1146
0.5425, 0.1146
0.5425, 0.1146
0.5425, 0.1146
0.5425, 0.1146
0.5425, 0.1146
0.5425, 0.1146
0.5425, 0.1146
0.5425, 0.1146
0.5425, 0.1146
0.5425, 0.1146
0.5425, 0.1146
0.5425, 0.1146
0.5425, 0.1146
0.5425, 0.1146
0.5425, 0.1146
0.5425, 0.1146
0.5425, 0.1146
0.5425, 0.1146
0.5425, 0.1146
0.5425, 0.1146
0.5425, 0.1146
0.5425, 0.1146
0.5425, 0.1146
0.5425, 0.1146
0.5425, 0.1146
0.5425, 0.1146
0.5425, 0.1146
0.5425, 0.1146
0.5425, 0.1146
0.5472, 0.1146
0.5472, 0.1146
0.5472, 0.1146
0.5472, 0.1146
0.5472, 0.1146
0.5472, 0.1146
0.5472, 0.1146
0.5472, 0.1146
0.5472, 0.1146
0.5472, 0.1146
0.5472, 0.1146
0.5472, 0.1146
0.5472, 0.1146
0.5472, 0.1146
0.5472, 0.1146
0.5472, 0.1146
0.5472, 0.1146
0.5472, 0.1146
0.5472, 0.1146
0.5472, 0.1146
0.5519, 0.1146
0.5519, 0.1146
0.5519, 0.1146
0.5519, 0.1146
0.5519, 0.1146
0.5519, 0.1146
0.5519, 0.1146
0.5519, 0.1146
0.5519, 0.1146
0.5519, 0.1146
0.5566, 0.1146
0.5566, 0.1146
0.5566, 0.1146
0.5566, 0.1146
0.5566, 0.1146
0.5566, 0.1146
0.5566, 0.1146
0.5566, 0.1146
0.5566, 0.1146
0.5566, 0.1146
0.5566, 0.1146
0.5566, 0.1146
0.5566, 0.1146
0.5566, 0.1146
0.5566, 0.1146
0.5566, 0.1146
0.5566, 0.1146
0.5566, 0.1146
0.5566, 0.1146
0.5566, 0.1146
0.5566, 0.1146
0.5566, 0.1146
0.5613, 0.1146
0.5613, 0.1146
0.5613, 0.1146
0.5613, 0.1146
0.5613, 0.1146
0.5613, 0.1146
0.5613, 0.1146
0.5613, 0.1146
0.5613, 0.1146
0.5613, 0.1146
0.5613, 0.1146
0.5613, 0.1146
0.5613, 0.1146
0.5613, 0.1146
0.5613, 0.1146
0.5613, 0.1146
0.5613, 0.1146
0.5613, 0.1146
0.5613, 0.1146
0.5613, 0.1146
0.5613, 0.1146
0.5613, 0.1146
0.5613, 0.1146
0.5613, 0.1146
0.5613, 0.1146
0.5613, 0.1146
0.5613, 0.1146
0.5613, 0.1146
0.5613, 0.1146
0.5613, 0.1146
0.5613, 0.1146
0.5613, 0.1146
0.5613, 0.1146
0.5613, 0.1146
0.5613, 0.1146
0.5613, 0.1146
0.5613, 0.1146
0.5613, 0.1146
0.5613, 0.1146
0.5613, 0.1146
0.5613, 0.1146
0.5613, 0.1146
0.5613, 0.1146
0.5613, 0.1146
0.5613, 0.1146
0.5613, 0.1146
0.5613, 0.1146
0.5613, 0.1146
0.5613, 0.1146
0.5613, 0.1146
0.5613, 0.1146
0.5613, 0.1146
0.5613, 0.1146
0.5613, 0.1146
0.5613, 0.1146
0.5613, 0.1146
0.5613, 0.1146
0.5613, 0.1146
0.5613, 0.1146
0.5613, 0.1146
0.5613, 0.1146
0.5613, 0.1146
0.5613, 0.1146
0.5613, 0.1146
0.5613, 0.1146
0.5613, 0.1146
0.5613, 0.1146
0.5613, 0.1146
0.5613, 0.1146
0.5613, 0.1146
0.5613, 0.1146
0.5613, 0.1146
0.5613, 0.1146
0.5613, 0.1146
0.5613, 0.1146
0.5613, 0.1146
0.5613, 0.1146
0.5660, 0.1146
0.5660, 0.1146
0.5660, 0.1146
0.5660, 0.1146
0.5660, 0.1146
0.5660, 0.1146
0.5660, 0.1146
0.5660, 0.1146
0.5708, 0.1146
0.5708, 0.1146
0.5708, 0.1146
0.5708, 0.1146
0.5708, 0.1146
0.5708, 0.1146
0.5708, 0.1146
0.5708, 0.1146
0.5708, 0.1146
0.5755, 0.1146
0.5755, 0.1146
0.5755, 0.1146
0.5755, 0.1146
0.5755, 0.1120
0.5755, 0.1120
0.5802, 0.1120
0.5802, 0.1120
0.5802, 0.1120
0.5802, 0.1120
0.5802, 0.1120
0.5802, 0.1120
0.5802, 0.1120
0.5802, 0.1120
0.5802, 0.1120
0.5802, 0.1120
0.5802, 0.1094
0.5802, 0.1094
0.5849, 0.1094
0.5849, 0.1094
0.5849, 0.1094
0.5849, 0.1094
0.5849, 0.1094
0.5896, 0.1094
0.5896, 0.1094
0.5896, 0.1094
0.5896, 0.1094
0.5896, 0.1094
0.5896, 0.1068
0.5896, 0.1068
0.5896, 0.1068
0.5896, 0.1068
0.5943, 0.1068
0.5943, 0.1068
0.5943, 0.1068
0.5943, 0.1068
0.5943, 0.1068
0.5943, 0.1068
0.5943, 0.1068
0.5943, 0.1068
0.5943, 0.1068
0.5943, 0.1068
0.5943, 0.1068
0.5943, 0.1068
0.5943, 0.1068
0.5943, 0.1068
0.5943, 0.1068
0.5943, 0.1068
0.5943, 0.1068
0.5943, 0.1068
0.5943, 0.1068
0.5943, 0.1068
0.5943, 0.1068
0.5943, 0.1068
0.5943, 0.1068
0.5943, 0.1068
0.5943, 0.1068
0.5943, 0.1068
0.5943, 0.1068
0.5943, 0.1068
0.5943, 0.1068
0.5943, 0.1068
0.5943, 0.1068
0.5943, 0.1068
0.5943, 0.1068
0.5943, 0.1068
0.5943, 0.1068
0.5943, 0.1068
0.5943, 0.1068
0.5943, 0.1068
0.5943, 0.1068
0.5943, 0.1068
0.5943, 0.1068
0.5943, 0.1068
0.5943, 0.1068
0.5943, 0.1068
0.5943, 0.1068
0.5943, 0.1068
0.5943, 0.1068
0.5943, 0.1068
0.5943, 0.1068
0.5943, 0.1068
0.5943, 0.1068
0.5943, 0.1068
0.5943, 0.1068
0.5943, 0.1068
0.5943, 0.1068
0.5943, 0.1068
0.5943, 0.1068
0.5943, 0.1068
0.5943, 0.1068
0.5943, 0.1068
0.5943, 0.1068
0.5943, 0.1068
0.5943, 0.1068
0.5943, 0.1068
0.5943, 0.1068
0.5943, 0.1068
0.5943, 0.1068
0.5943, 0.1068
0.5943, 0.1068
0.5943, 0.1068
0.5943, 0.1068
0.5943, 0.1068
0.5943, 0.1068
0.5943, 0.1068
0.5943, 0.1068
0.5943, 0.1068
0.5943, 0.1068
0.5943, 0.1068
0.5943, 0.1068
0.5943, 0.1068
0.5943, 0.1068
0.5943, 0.1068
0.5943, 0.1068
0.5943, 0.1068
0.5943, 0.1068
0.5943, 0.1068
0.5943, 0.1068
0.5943, 0.1068
0.5943, 0.1068
0.5943, 0.1068
0.5943, 0.1068
0.5943, 0.1068
0.5943, 0.1068
0.5943, 0.1068
0.5943, 0.1068
0.5943, 0.1068
0.5943, 0.1068
0.5943, 0.1068
0.5943, 0.1068
0.5943, 0.1068
0.5943, 0.1068
0.5943, 0.1068
0.5943, 0.1068
0.5943, 0.1068
0.5943, 0.1068
0.5943, 0.1068
0.5943, 0.1068
0.5943, 0.1068
0.5943, 0.1068
0.5943, 0.1068
0.5943, 0.1068
0.5943, 0.1068
0.5943, 0.1068
0.5943, 0.1068
0.5943, 0.1068
0.5943, 0.1068
0.5943, 0.1068
0.5943, 0.1068
0.5943, 0.1068
0.5943, 0.1068
0.5943, 0.1068
0.5943, 0.1068
0.5943, 0.1068
0.5943, 0.1068
0.5943, 0.1068
0.5943, 0.1068
0.5943, 0.1068
0.5943, 0.1068
0.5943, 0.1068
0.5943, 0.1068
0.5943, 0.1068
0.5943, 0.1068
0.5943, 0.1068
0.5943, 0.1068
0.5943, 0.1068
0.5943, 0.1068
0.5943, 0.1068
0.5943, 0.1068
0.5943, 0.1068
0.5943, 0.1068
0.5943, 0.1068
0.5943, 0.1068
0.5943, 0.1068
0.5943, 0.1068
0.5943, 0.1068
0.5991, 0.1068
0.5991, 0.1068
0.5991, 0.1068
0.5991, 0.1068
0.5991, 0.1068
0.5991, 0.1068
0.5991, 0.1068
0.5991, 0.1068
0.5991, 0.1068
0.5991, 0.1068
0.5991, 0.1068
0.5991, 0.1068
0.5991, 0.1068
0.5991, 0.1068
0.5991, 0.1068
0.5991, 0.1068
0.5991, 0.1068
0.5991, 0.1068
0.5991, 0.1068
0.6038, 0.1068
0.6038, 0.1068
0.6038, 0.1068
0.6038, 0.1068
0.6038, 0.1068
0.6038, 0.1042
0.6038, 0.1042
0.6038, 0.1042
0.6038, 0.1042
0.6038, 0.1042
0.6038, 0.1042
0.6038, 0.1042
0.6038, 0.1042
0.6038, 0.1042
0.6038, 0.1042
0.6038, 0.1042
0.6038, 0.1042
0.6038, 0.1042
0.6038, 0.1042
0.6038, 0.1042
0.6038, 0.1042
0.6038, 0.1042
0.6038, 0.1042
0.6038, 0.1042
0.6038, 0.1042
0.6038, 0.1042
0.6038, 0.1042
0.6038, 0.1042
0.6038, 0.1042
0.6038, 0.1042
0.6038, 0.1042
0.6038, 0.1042
0.6038, 0.1042
0.6038, 0.1042
0.6038, 0.1042
0.6038, 0.1042
0.6038, 0.1042
0.6038, 0.1042
0.6038, 0.1042
0.6038, 0.1042
0.6038, 0.1042
0.6038, 0.1042
0.6038, 0.1042
0.6038, 0.1042
0.6038, 0.1042
0.6038, 0.1042
0.6038, 0.1042
0.6038, 0.1042
0.6038, 0.1042
0.6038, 0.1042
0.6038, 0.1042
0.6038, 0.1042
0.6038, 0.1042
0.6038, 0.1042
0.6038, 0.1042
0.6038, 0.1042
0.6038, 0.1042
0.6038, 0.1042
0.6038, 0.1042
0.6038, 0.1042
0.6038, 0.1042
0.6038, 0.1042
0.6038, 0.1042
0.6038, 0.1042
0.6038, 0.1042
0.6038, 0.1042
0.6038, 0.1042
0.6038, 0.1042
0.6038, 0.1042
0.6038, 0.1042
0.6038, 0.1042
0.6038, 0.1042
0.6038, 0.1042
0.6038, 0.1042
0.6038, 0.1042
0.6038, 0.1042
0.6038, 0.1042
0.6038, 0.1042
0.6038, 0.1042
0.6038, 0.1042
0.6038, 0.1042
0.6038, 0.1042
0.6038, 0.1042
0.6038, 0.1042
0.6038, 0.1042
0.6038, 0.1042
0.6038, 0.1042
0.6038, 0.1042
0.6038, 0.1042
0.6085, 0.1042
0.6085, 0.1042
0.6085, 0.1042
0.6085, 0.1042
0.6085, 0.1042
0.6085, 0.1042
0.6085, 0.1042
0.6132, 0.1042
0.6132, 0.1042
0.6132, 0.1016
0.6132, 0.1016
0.6132, 0.1016
0.6132, 0.1016
0.6132, 0.1016
0.6132, 0.1016
0.6132, 0.1016
0.6132, 0.1016
0.6132, 0.1016
0.6179, 0.1016
0.6179, 0.1016
0.6179, 0.1016
0.6179, 0.1016
0.6179, 0.1016
0.6179, 0.1016
0.6179, 0.1016
0.6179, 0.1016
0.6179, 0.1016
0.6179, 0.1016
0.6179, 0.1016
0.6179, 0.1016
0.6179, 0.1016
0.6179, 0.1016
0.6179, 0.1016
0.6179, 0.1016
0.6179, 0.1016
0.6179, 0.1016
0.6179, 0.1016
0.6179, 0.1016
0.6179, 0.1016
0.6179, 0.1016
0.6179, 0.1016
0.6179, 0.1016
0.6179, 0.1016
0.6179, 0.1016
0.6179, 0.1016
0.6179, 0.1016
0.6179, 0.1016
0.6226, 0.1016
0.6226, 0.1016
0.6226, 0.0990
0.6226, 0.0990
0.6226, 0.0990
0.6226, 0.0990
0.6226, 0.0990
0.6226, 0.0990
0.6226, 0.0990
0.6226, 0.0990
0.6226, 0.0990
0.6226, 0.0990
0.6226, 0.0990
0.6226, 0.0990
0.6226, 0.0990
0.6226, 0.0990
0.6226, 0.0990
0.6226, 0.0990
0.6226, 0.0990
0.6226, 0.0990
0.6226, 0.0990
0.6226, 0.0990
0.6226, 0.0990
0.6226, 0.0990
0.6226, 0.0990
0.6226, 0.0990
0.6226, 0.0990
0.6226, 0.0990
0.6226, 0.0990
0.6226, 0.0990
0.6226, 0.0990
0.6226, 0.0990
0.6226, 0.0990
0.6226, 0.0990
0.6226, 0.0990
0.6226, 0.0990
0.6226, 0.0990
0.6226, 0.0990
0.6226, 0.0990
0.6226, 0.0990
0.6226, 0.0990
0.6226, 0.0990
0.6226, 0.0990
0.6226, 0.0990
0.6226, 0.0990
0.6226, 0.0964
0.6226, 0.0964
0.6274, 0.0964
0.6274, 0.0964
0.6274, 0.0938
0.6274, 0.0938
0.6274, 0.0938
0.6274, 0.0938
0.6274, 0.0938
0.6274, 0.0938
0.6274, 0.0938
0.6274, 0.0911
0.6274, 0.0911
0.6274, 0.0885
0.6274, 0.0885
0.6274, 0.0885
0.6274, 0.0885
0.6274, 0.0885
0.6274, 0.0885
0.6274, 0.0885
0.6274, 0.0885
0.6274, 0.0885
0.6274, 0.0885
0.6274, 0.0885
0.6274, 0.0885
0.6274, 0.0885
0.6274, 0.0885
0.6274, 0.0859
0.6274, 0.0859
0.6274, 0.0859
0.6274, 0.0859
0.6274, 0.0833
0.6274, 0.0833
0.6274, 0.0833
0.6274, 0.0833
0.6274, 0.0833
0.6274, 0.0807
0.6274, 0.0807
0.6274, 0.0807
0.6274, 0.0807
0.6274, 0.0807
0.6274, 0.0807
0.6274, 0.0807
0.6274, 0.0807
0.6274, 0.0807
0.6274, 0.0807
0.6274, 0.0807
0.6274, 0.0807
0.6274, 0.0807
0.6274, 0.0807
0.6274, 0.0807
0.6274, 0.0807
0.6274, 0.0781
0.6274, 0.0781
0.6274, 0.0781
0.6274, 0.0781
0.6274, 0.0755
0.6274, 0.0755
0.6274, 0.0755
0.6274, 0.0755
0.6274, 0.0755
0.6274, 0.0755
0.6274, 0.0755
0.6274, 0.0755
0.6274, 0.0755
0.6274, 0.0729
0.6274, 0.0729
0.6274, 0.0729
0.6274, 0.0729
0.6274, 0.0703
0.6274, 0.0703
0.6274, 0.0703
0.6274, 0.0703
0.6274, 0.0703
0.6274, 0.0703
0.6274, 0.0703
0.6274, 0.0703
0.6274, 0.0703
0.6274, 0.0703
0.6274, 0.0703
0.6226, 0.0703
0.6226, 0.0703
0.6226, 0.0677
0.6226, 0.0677
0.6226, 0.0677
0.6226, 0.0677
0.6226, 0.0677
0.6226, 0.0677
0.6226, 0.0677
0.6226, 0.0651
0.6226, 0.0651
0.6226, 0.0651
0.6226, 0.0651
0.6226, 0.0651
0.6226, 0.0651
0.6226, 0.0651
0.6179, 0.0625
0.6179, 0.0625
0.6179, 0.0625
0.6179, 0.0625
0.6179, 0.0625
0.6179, 0.0625
0.6132, 0.0625
0.6132, 0.0625
0.6132, 0.0625
0.6132, 0.0625
0.6132, 0.0625
0.6085, 0.0599
0.6085, 0.0599
0.6085, 0.0599
0.6085, 0.0599
0.6085, 0.0599
0.6085, 0.0599
0.6085, 0.0573
0.6085, 0.0573
0.6085, 0.0573
0.6085, 0.0573
0.6085, 0.0573
0.6038, 0.0573
0.6038, 0.0573
0.6038, 0.0573
0.6038, 0.0573
0.5991, 0.0573
0.5991, 0.0573
0.5991, 0.0547
0.5991, 0.0547
0.5991, 0.0547
0.5991, 0.0547
0.5943, 0.0547
0.5943, 0.0547
0.5896, 0.0521
0.5896, 0.0521
0.5849, 0.0495
0.5849, 0.0495
0.5849, 0.0495
0.5849, 0.0495
0.5849, 0.0495
0.5802, 0.0495
0.5802, 0.0495
0.5755, 0.0495
0.5755, 0.0495
0.5755, 0.0495
0.5755, 0.0495
0.5755, 0.0469
0.5755, 0.0469
0.5755, 0.0469
0.5755, 0.0469
0.5755, 0.0469
0.5755, 0.0469
0.5708, 0.0469
0.5708, 0.0469
0.5708, 0.0443
0.5708, 0.0443
0.5660, 0.0443
0.5660, 0.0443
0.5660, 0.0443
0.5660, 0.0443
0.5660, 0.0443
0.5660, 0.0443
0.5660, 0.0443
0.5613, 0.0443
0.5613, 0.0443
0.5613, 0.0417
0.5613, 0.0417
0.5566, 0.0417
0.5566, 0.0417
0.5519, 0.0391
0.5519, 0.0391
0.5519, 0.0391
0.5519, 0.0391
0.5472, 0.0391
0.5472, 0.0391
0.5425, 0.0365
0.5425, 0.0365
0.5425, 0.0365
0.5425, 0.0365
0.5425, 0.0365
0.5425, 0.0365
0.5425, 0.0365
0.5377, 0.0365
0.5377, 0.0365
0.5377, 0.0339
0.5377, 0.0339
0.5330, 0.0339
0.5330, 0.0339
0.5283, 0.0313
0.5283, 0.0313
0.5283, 0.0313
0.5283, 0.0313
0.5283, 0.0313
0.5236, 0.0313
0.5236, 0.0313
0.5189, 0.0286
0.5189, 0.0286
0.5189, 0.0260
0.5189, 0.0260
0.5142, 0.0260
0.5142, 0.0260
0.5094, 0.0234
0.5094, 0.0234
0.5047, 0.0234
0.5047, 0.0234
0.5047, 0.0234
0.5047, 0.0234
0.5047, 0.0208
0.5047, 0.0208
0.4953, 0.0182
0.4953, 0.0182
0.4906, 0.0182
0.4906, 0.0182
0.4906, 0.0182
0.4906, 0.0182
0.4906, 0.0156
0.4906, 0.0156
0.4858, 0.0130
0.4858, 0.0130
0.4858, 0.0130
0.4811, 0.0130
0.4811, 0.0130
0.4811, 0.0104
0.4811, 0.0104
0.4764, 0.0104
0.4670, 0.0078
0.4670, 0.0078
0.4670, 0.0078
0.4670, 0.0052
0.4670, 0.0052
0.4670, 0.0026
0.4670, 0.0026
0.4623, 0.0026
0.4623, 0.0026
0.4575, 0.0026
0.4575, 0.0026
0.4528, 0.0026
0.4528, 0.0026
0.4528, 0.0000
0.4528, 0.0000
0.4528, 0.0000
0.4528, 0.0000
0.4528, 0.0000
0.4528, 0.0000
0.4528, 0.0000
0.4528, 0.0000
0.4528, 0.0000
0.4528, 0.0000
0.4528, 0.0000
0.4528, 0.0000
0.4528, 0.0000
0.4528, 0.0000
0.4528, 0.0000
0.4528, 0.0000
0.4528, 0.0000
0.4528, 0.0000
0.4528, 0.0000
0.4528, 0.0000
0.4528, 0.0000
0.4528, 0.0000
0.4528, 0.0000
0.4528, 0.0000
0.4528, 0.0000
0.4528, 0.0000
0.4528, 0.0000
0.4528, 0.0052
0.4528, 0.0052
0.4528, 0.0078
0.4528, 0.0078
0.4528, 0.0078
0.4528, 0.0104
0.0000, 1.0000
0.0000, 1.0000
0.0000, 1.0000
0.0000, 1.0000
0.0000, 1.0000
0.0000, 1.0000
0.0000, 1.0000
0.0000, 1.0000
0.0000, 1.0000
0.0000, 1.0000
0.0000, 1.0000
0.0000, 1.0000
0.0000, 1.0000
0.0000, 1.0000
0.0000, 1.0000
0.0000, 1.0000
0.0000, 1.0000
0.0000, 1.0000
0.0000, 1.0000
0.0000, 1.0000
0.0000, 1.0000
0.0000, 1.0000
0.0000, 1.0000
0.0000, 1.0000
0.0000, 1.0000
0.0000, 1.0000
0.0000, 1.0000
0.0000, 1.0000
0.0000, 1.0000
0.0000, 1.0000
0.0000, 1.0000
0.0000, 1.0000
0.0000, 1.0000
0.0000, 1.0000
0.0000, 1.0000
0.0000, 1.0000
0.0000, 1.0000
0.0000, 1.0000
0.0000, 1.0000
0.0000, 1.0000
