0.1036, 0.2768
0.1036, 0.2768
0.1036, 0.2768
0.1036, 0.2768
0.1036, 0.2768
0.1036, 0.2768
0.1036, 0.2768
0.1036, 0.2768
0.1036, 0.2768
0.1036, 0.2768
0.1036, 0.2768
0.1036, 0.2768
0.1036, 0.2768
0.1036, 0.2768
0.1036, 0.2768
0.1036, 0.2768
0.1036, 0.2768
0.1036, 0.2768
0.1036, 0.2768
0.1036, 0.2768
0.1036, 0.2768
0.1036, 0.2768
0.1036, 0.2768
0.1036, 0.2768
0.1036, 0.2768
0.1036, 0.2768
0.1036, 0.2768
0.1036, 0.2768
0.1036, 0.2768
0.1036, 0.2768
0.1036, 0.2768
0.1036, 0.2768
0.1036, 0.2768
0.1036, 0.2768
0.1036, 0.2768
0.1036, 0.2768
0.1036, 0.2768
0.1036, 0.2768
0.1036, 0.2768
0.1036, 0.2768
0.1036, 0.2768
0.1036, 0.2768
0.1036, 0.2768
0.1036, 0.2768
0.1036, 0.2768
0.1036, 0.2768
0.1036, 0.2768
0.1036, 0.2768
0.1036, 0.2768
0.1036, 0.2768
0.1036, 0.2768
0.1036, 0.2768
0.1036, 0.2768
0.1036, 0.2768
0.1036, 0.2768
0.1036, 0.2768
0.1036, 0.2768
0.1036, 0.2768
0.1036, 0.2768
0.1036, 0.2768
0.1036, 0.2768
0.1036, 0.2768
0.1036, 0.2768
0.1036, 0.2768
0.1036, 0.2768
0.1036, 0.2768
0.1036, 0.2768
0.1036, 0.2768
0.1036, 0.2768
0.1036, 0.2768
0.1036, 0.2768
0.1036, 0.2768
0.1036, 0.2768
0.1036, 0.2768
0.1036, 0.2768
0.1036, 0.2768
0.1036, 0.2768
0.1036, 0.2768
0.1036, 0.2768
0.1036, 0.2768
0.1036, 0.2768
0.1036, 0.2768
0.1036, 0.2768
0.1036, 0.2768
0.1036, 0.2768
0.1036, 0.2768
0.1036, 0.2768
0.1036, 0.2768
0.1036, 0.2768
0.1036, 0.2768
0.1036, 0.2768
0.1036, 0.2768
0.1036, 0.2768
0.1036, 0.2768
0.1036, 0.2768
0.1036, 0.2768
0.1036, 0.2768
0.1036, 0.2768
0.1036, 0.2768
0.1036, 0.2768
0.1036, 0.2768
0.1036, 0.2768
0.1036, 0.2768
0.1036, 0.2768
0.1076, 0.2768
0.1076, 0.2768
0.1076, 0.2768
0.1116, 0.2768
0.1116, 0.2768
0.1116, 0.2768
0.1116, 0.2768
0.1116, 0.2768
0.1116, 0.2768
0.1116, 0.2768
0.1116, 0.2768
0.1116, 0.2768
0.1116, 0.2768
0.1116, 0.2768
0.1116, 0.2768
0.1116, 0.2768
0.1155, 0.2768
0.1155, 0.2768
0.1155, 0.2768
0.1155, 0.2768
0.1195, 0.2768
0.1195, 0.2768
0.1195, 0.2768
0.1195, 0.2768
0.1195, 0.2768
0.1195, 0.2768
0.1195, 0.2768
0.1195, 0.2768
0.1195, 0.2768
0.1195, 0.2768
0.1195, 0.2768
0.1195, 0.2768
0.1195, 0.2768
0.1235, 0.2768
0.1235, 0.2768
0.1235, 0.2768
0.1235, 0.2768
0.1235, 0.2768
0.1235, 0.2768
0.1235, 0.2768
0.1235, 0.2768
0.1275, 0.2768
0.1275, 0.2768
0.1275, 0.2768
0.1275, 0.2768
0.1275, 0.2768
0.1275, 0.2768
0.1275, 0.2768
0.1275, 0.2768
0.1275, 0.2768
0.1315, 0.2768
0.1315, 0.2768
0.1315, 0.2768
0.1315, 0.2768
0.1315, 0.2768
0.1315, 0.2768
0.1315, 0.2768
0.1315, 0.2768
0.1315, 0.2768
0.1315, 0.2768
0.1315, 0.2768
0.1315, 0.2768
0.1315, 0.2768
0.1355, 0.2768
0.1355, 0.2768
0.1355, 0.2768
0.1355, 0.2768
0.1394, 0.2768
0.1394, 0.2768
0.1394, 0.2768
0.1394, 0.2768
0.1394, 0.2768
0.1394, 0.2768
0.1394, 0.2768
0.1394, 0.2768
0.1394, 0.2768
0.1394, 0.2768
0.1394, 0.2768
0.1394, 0.2768
0.1394, 0.2768
0.1434, 0.2742
0.1434, 0.2742
0.1434, 0.2742
0.1434, 0.2742
0.1474, 0.2742
0.1474, 0.2742
0.1474, 0.2742
0.1474, 0.2742
0.1514, 0.2742
0.1514, 0.2742
0.1514, 0.2742
0.1514, 0.2742
0.1514, 0.2742
0.1514, 0.2742
0.1514, 0.2742
0.1514, 0.2742
0.1514, 0.2742
0.1554, 0.2742
0.1554, 0.2742
0.1554, 0.2742
0.1554, 0.2742
0.1554, 0.2742
0.1554, 0.2742
0.1554, 0.2742
0.1554, 0.2742
0.1594, 0.2742
0.1594, 0.2742
0.1594, 0.2742
0.1594, 0.2742
0.1594, 0.2742
0.1594, 0.2742
0.1594, 0.2742
0.1594, 0.2742
0.1594, 0.2742
0.1594, 0.2742
0.1594, 0.2742
0.1594, 0.2742
0.1594, 0.2742
0.1633, 0.2742
0.1633, 0.2742
0.1633, 0.2742
0.1633, 0.2742
0.1633, 0.2742
0.1633, 0.2742
0.1633, 0.2742
0.1633, 0.2742
0.1633, 0.2742
0.1633, 0.2742
0.1633, 0.2742
0.1633, 0.2742
0.1633, 0.2742
0.1673, 0.2742
0.1673, 0.2742
0.1673, 0.2742
0.1673, 0.2742
0.1673, 0.2742
0.1673, 0.2742
0.1673, 0.2742
0.1673, 0.2742
0.1713, 0.2742
0.1713, 0.2742
0.1713, 0.2742
0.1713, 0.2742
0.1713, 0.2742
0.1713, 0.2742
0.1713, 0.2742
0.1713, 0.2742
0.1713, 0.2742
0.1713, 0.2742
0.1713, 0.2742
0.1713, 0.2742
0.1753, 0.2742
0.1753, 0.2742
0.1753, 0.2742
0.1753, 0.2742
0.1753, 0.2742
0.1753, 0.2742
0.1753, 0.2742
0.1753, 0.2742
0.1753, 0.2742
0.1793, 0.2742
0.1793, 0.2742
0.1793, 0.2742
0.1793, 0.2742
0.1793, 0.2742
0.1793, 0.2742
0.1793, 0.2742
0.1793, 0.2742
0.1793, 0.2742
0.1793, 0.2742
0.1793, 0.2742
0.1793, 0.2742
0.1833, 0.2742
0.1833, 0.2742
0.1833, 0.2742
0.1833, 0.2742
0.1873, 0.2742
0.1873, 0.2742
0.1873, 0.2742
0.1873, 0.2742
0.1912, 0.2742
0.1912, 0.2742
0.1912, 0.2742
0.1912, 0.2742
0.1912, 0.2742
0.1912, 0.2742
0.1912, 0.2742
0.1912, 0.2742
0.1912, 0.2742
0.1912, 0.2742
0.1912, 0.2742
0.1912, 0.2742
0.1952, 0.2742
0.1952, 0.2742
0.1952, 0.2742
0.1952, 0.2742
0.1952, 0.2742
0.1952, 0.2742
0.1952, 0.2742
0.1952, 0.2742
0.1952, 0.2742
0.1992, 0.2742
0.1992, 0.2742
0.1992, 0.2742
0.1992, 0.2742
0.1992, 0.2742
0.1992, 0.2742
0.1992, 0.2742
0.1992, 0.2742
0.1992, 0.2742
0.1992, 0.2742
0.1992, 0.2742
0.1992, 0.2742
0.1992, 0.2742
0.1992, 0.2742
0.1992, 0.2742
0.1992, 0.2742
0.1992, 0.2742
0.2032, 0.2742
0.2032, 0.2742
0.2032, 0.2742
0.2032, 0.2742
0.2032, 0.2742
0.2032, 0.2742
0.2032, 0.2742
0.2072, 0.2742
0.2072, 0.2742
0.2072, 0.2742
0.2072, 0.2742
0.2072, 0.2742
0.2072, 0.2742
0.2072, 0.2742
0.2072, 0.2742
0.2072, 0.2742
0.2072, 0.2742
0.2072, 0.2742
0.2072, 0.2742
0.2112, 0.2742
0.2112, 0.2742
0.2112, 0.2742
0.2112, 0.2742
0.2112, 0.2742
0.2112, 0.2742
0.2112, 0.2742
0.2112, 0.2742
0.2151, 0.2742
0.2151, 0.2742
0.2151, 0.2742
0.2151, 0.2742
0.2151, 0.2742
0.2151, 0.2742
0.2151, 0.2742
0.2151, 0.2742
0.2151, 0.2742
0.2191, 0.2742
0.2191, 0.2742
0.2191, 0.2742
0.2191, 0.2742
0.2191, 0.2742
0.2191, 0.2742
0.2191, 0.2742
0.2191, 0.2742
0.2191, 0.2742
0.2191, 0.2742
0.2191, 0.2742
0.2191, 0.2742
0.2231, 0.2742
0.2231, 0.2742
0.2231, 0.2742
0.2271, 0.2742
0.2271, 0.2742
0.2271, 0.2742
0.2271, 0.2742
0.2271, 0.2742
0.2271, 0.2742
0.2271, 0.2742
0.2271, 0.2742
0.2271, 0.2742
0.2271, 0.2742
0.2271, 0.2742
0.2271, 0.2742
0.2311, 0.2742
0.2311, 0.2742
0.2311, 0.2742
0.2351, 0.2742
0.2351, 0.2742
0.2351, 0.2742
0.2351, 0.2742
0.2351, 0.2742
0.2351, 0.2742
0.2351, 0.2742
0.2351, 0.2742
0.2351, 0.2742
0.2390, 0.2742
0.2390, 0.2742
0.2390, 0.2742
0.2390, 0.2742
0.2390, 0.2742
0.2390, 0.2742
0.2390, 0.2742
0.2390, 0.2742
0.2390, 0.2742
0.2390, 0.2742
0.2390, 0.2742
0.2390, 0.2742
0.2430, 0.2742
0.2430, 0.2742
0.2430, 0.2742
0.2430, 0.2742
0.2470, 0.2742
0.2470, 0.2742
0.2470, 0.2742
0.2470, 0.2742
0.2470, 0.2742
0.2470, 0.2742
0.2470, 0.2742
0.2470, 0.2742
0.2470, 0.2742
0.2470, 0.2742
0.2470, 0.2742
0.2470, 0.2742
0.2510, 0.2742
0.2510, 0.2742
0.2510, 0.2742
0.2510, 0.2742
0.2550, 0.2742
0.2550, 0.2742
0.2550, 0.2742
0.2550, 0.2742
0.2590, 0.2742
0.2590, 0.2742
0.2590, 0.2742
0.2590, 0.2742
0.2590, 0.2742
0.2590, 0.2742
0.2590, 0.2742
0.2590, 0.2742
0.2590, 0.2742
0.2590, 0.2742
0.2590, 0.2742
0.2590, 0.2742
0.2590, 0.2742
0.2590, 0.2742
0.2590, 0.2742
0.2590, 0.2742
0.2629, 0.2742
0.2629, 0.2742
0.2629, 0.2742
0.2629, 0.2742
0.2669, 0.2742
0.2669, 0.2742
0.2669, 0.2742
0.2669, 0.2742
0.2669, 0.2715
0.2669, 0.2715
0.2669, 0.2715
0.2669, 0.2715
0.2669, 0.2715
0.2669, 0.2715
0.2669, 0.2715
0.2669, 0.2715
0.2709, 0.2715
0.2709, 0.2715
0.2709, 0.2715
0.2709, 0.2715
0.2709, 0.2715
0.2709, 0.2715
0.2709, 0.2715
0.2749, 0.2715
0.2749, 0.2715
0.2749, 0.2715
0.2749, 0.2715
0.2749, 0.2715
0.2749, 0.2715
0.2749, 0.2715
0.2749, 0.2715
0.2789, 0.2715
0.2789, 0.2715
0.2789, 0.2715
0.2789, 0.2715
0.2789, 0.2715
0.2789, 0.2715
0.2789, 0.2715
0.2789, 0.2715
0.2789, 0.2715
0.2789, 0.2715
0.2789, 0.2715
0.2789, 0.2715
0.2789, 0.2715
0.2789, 0.2715
0.2789, 0.2715
0.2789, 0.2715
0.2789, 0.2715
0.2789, 0.2715
0.2789, 0.2715
0.2789, 0.2715
0.2789, 0.2715
0.2789, 0.2715
0.2789, 0.2715
0.2789, 0.2715
0.2789, 0.2715
0.2789, 0.2715
0.2789, 0.2715
0.2789, 0.2715
0.2789, 0.2715
0.2789, 0.2715
0.2789, 0.2715
0.2789, 0.2715
0.2789, 0.2715
0.2789, 0.2715
0.2789, 0.2715
0.2789, 0.2715
0.2789, 0.2715
0.2789, 0.2715
0.2789, 0.2715
0.2789, 0.2715
0.2789, 0.2715
0.2789, 0.2715
0.2789, 0.2715
0.2789, 0.2715
0.2829, 0.2715
0.2829, 0.2715
0.2829, 0.2715
0.2829, 0.2715
0.2829, 0.2715
0.2829, 0.2715
0.2829, 0.2715
0.2829, 0.2715
0.2829, 0.2715
0.2829, 0.2715
0.2829, 0.2715
0.2829, 0.2715
0.2829, 0.2689
0.2829, 0.2689
0.2829, 0.2689
0.2829, 0.2689
0.2829, 0.2689
0.2829, 0.2689
0.2829, 0.2689
0.2829, 0.2689
0.2869, 0.2689
0.2869, 0.2689
0.2869, 0.2689
0.2869, 0.2663
0.2869, 0.2663
0.2869, 0.2663
0.2869, 0.2663
0.2869, 0.2663
0.2869, 0.2663
0.2869, 0.2663
0.2869, 0.2663
0.2869, 0.2663
0.2869, 0.2663
0.2869, 0.2663
0.2869, 0.2663
0.2869, 0.2663
0.2869, 0.2663
0.2869, 0.2663
0.2869, 0.2663
0.2869, 0.2637
0.2869, 0.2637
0.2869, 0.2637
0.2869, 0.2637
0.2869, 0.2637
0.2869, 0.2637
0.2869, 0.2637
0.2869, 0.2637
0.2869, 0.2611
0.2869, 0.2611
0.2869, 0.2611
0.2869, 0.2611
0.2869, 0.2585
0.2869, 0.2585
0.2869, 0.2585
0.2869, 0.2585
0.2869, 0.2585
0.2869, 0.2585
0.2869, 0.2585
0.2869, 0.2585
0.2869, 0.2585
0.2869, 0.2585
0.2869, 0.2585
0.2869, 0.2559
0.2869, 0.2559
0.2869, 0.2559
0.2869, 0.2559
0.2869, 0.2559
0.2869, 0.2559
0.2869, 0.2559
0.2869, 0.2559
0.2869, 0.2533
0.2869, 0.2533
0.2869, 0.2533
0.2869, 0.2533
0.2869, 0.2533
0.2869, 0.2533
0.2869, 0.2533
0.2869, 0.2533
0.2869, 0.2507
0.2869, 0.2507
0.2869, 0.2507
0.2869, 0.2507
0.2869, 0.2507
0.2869, 0.2507
0.2869, 0.2507
0.2869, 0.2480
0.2869, 0.2480
0.2869, 0.2480
0.2869, 0.2454
0.2869, 0.2454
0.2869, 0.2454
0.2869, 0.2454
0.2869, 0.2454
0.2869, 0.2454
0.2869, 0.2454
0.2869, 0.2454
0.2869, 0.2454
0.2869, 0.2454
0.2869, 0.2454
0.2869, 0.2454
0.2869, 0.2454
0.2869, 0.2454
0.2869, 0.2454
0.2869, 0.2454
0.2869, 0.2428
0.2869, 0.2428
0.2869, 0.2428
0.2869, 0.2428
0.2869, 0.2428
0.2869, 0.2428
0.2869, 0.2428
0.2869, 0.2402
0.2869, 0.2402
0.2869, 0.2402
0.2869, 0.2402
0.2869, 0.2402
0.2869, 0.2402
0.2869, 0.2402
0.2869, 0.2402
0.2869, 0.2402
0.2869, 0.2402
0.2869, 0.2402
0.2869, 0.2402
0.2869, 0.2402
0.2869, 0.2402
0.2869, 0.2402
0.2869, 0.2402
0.2869, 0.2376
0.2869, 0.2376
0.2869, 0.2376
0.2869, 0.2376
0.2869, 0.2376
0.2869, 0.2376
0.2869, 0.2376
0.2869, 0.2376
0.2869, 0.2350
0.2869, 0.2350
0.2869, 0.2350
0.2869, 0.2350
0.2869, 0.2350
0.2869, 0.2350
0.2869, 0.2350
0.2869, 0.2324
0.2869, 0.2324
0.2869, 0.2324
0.2869, 0.2324
0.2869, 0.2324
0.2869, 0.2324
0.2869, 0.2324
0.2869, 0.2324
0.2869, 0.2324
0.2869, 0.2324
0.2869, 0.2324
0.2869, 0.2324
0.2869, 0.2324
0.2869, 0.2324
0.2869, 0.2324
0.2869, 0.2324
0.2869, 0.2298
0.2869, 0.2298
0.2869, 0.2298
0.2869, 0.2298
0.2869, 0.2298
0.2869, 0.2298
0.2869, 0.2298
0.2869, 0.2272
0.2869, 0.2272
0.2869, 0.2272
0.2869, 0.2272
0.2869, 0.2272
0.2869, 0.2272
0.2869, 0.2272
0.2869, 0.2272
0.2869, 0.2272
0.2869, 0.2272
0.2869, 0.2272
0.2869, 0.2272
0.2869, 0.2272
0.2869, 0.2272
0.2869, 0.2272
0.2869, 0.2272
0.2869, 0.2272
0.2869, 0.2272
0.2869, 0.2272
0.2869, 0.2245
0.2869, 0.2245
0.2869, 0.2245
0.2869, 0.2219
0.2869, 0.2219
0.2869, 0.2219
0.2869, 0.2219
0.2869, 0.2219
0.2869, 0.2219
0.2869, 0.2219
0.2869, 0.2219
0.2869, 0.2219
0.2869, 0.2219
0.2869, 0.2219
0.2869, 0.2219
0.2869, 0.2219
0.2869, 0.2219
0.2869, 0.2219
0.2869, 0.2219
0.2869, 0.2193
0.2869, 0.2193
0.2869, 0.2193
0.2869, 0.2193
0.2869, 0.2193
0.2869, 0.2193
0.2869, 0.2193
0.2869, 0.2167
0.2869, 0.2167
0.2869, 0.2167
0.2869, 0.2167
0.2869, 0.2167
0.2869, 0.2167
0.2869, 0.2167
0.2869, 0.2167
0.2869, 0.2141
0.2869, 0.2141
0.2869, 0.2141
0.2869, 0.2141
0.2869, 0.2141
0.2869, 0.2141
0.2869, 0.2141
0.2869, 0.2141
0.2869, 0.2141
0.2869, 0.2141
0.2869, 0.2141
0.2869, 0.2115
0.2869, 0.2115
0.2869, 0.2115
0.2869, 0.2115
0.2869, 0.2115
0.2869, 0.2115
0.2869, 0.2115
0.2869, 0.2089
0.2869, 0.2089
0.2869, 0.2089
0.2869, 0.2089
0.2869, 0.2089
0.2869, 0.2089
0.2869, 0.2089
0.2869, 0.2089
0.2869, 0.2089
0.2869, 0.2089
0.2869, 0.2089
0.2869, 0.2089
0.2869, 0.2063
0.2869, 0.2063
0.2869, 0.2063
0.2869, 0.2063
0.2869, 0.2063
0.2869, 0.2063
0.2869, 0.2063
0.2869, 0.2037
0.2869, 0.2037
0.2869, 0.2037
0.2869, 0.2037
0.2869, 0.2037
0.2869, 0.2037
0.2869, 0.2037
0.2869, 0.2037
0.2869, 0.2010
0.2869, 0.2010
0.2869, 0.2010
0.2869, 0.2010
0.2869, 0.2010
0.2869, 0.2010
0.2869, 0.2010
0.2869, 0.2010
0.2869, 0.2010
0.2869, 0.2010
0.2869, 0.2010
0.2869, 0.2010
0.2869, 0.2010
0.2869, 0.2010
0.2869, 0.2010
0.2869, 0.2010
0.2869, 0.2010
0.2869, 0.2010
0.2869, 0.2010
0.2869, 0.1984
0.2869, 0.1984
0.2869, 0.1984
0.2869, 0.1984
0.2869, 0.1984
0.2869, 0.1984
0.2869, 0.1984
0.2869, 0.1958
0.2869, 0.1958
0.2869, 0.1958
0.2869, 0.1958
0.2869, 0.1958
0.2869, 0.1958
0.2869, 0.1958
0.2869, 0.1958
0.2869, 0.1958
0.2869, 0.1958
0.2869, 0.1958
0.2869, 0.1958
0.2869, 0.1958
0.2869, 0.1958
0.2869, 0.1958
0.2869, 0.1932
0.2869, 0.1932
0.2869, 0.1932
0.2869, 0.1932
0.2869, 0.1932
0.2869, 0.1932
0.2869, 0.1932
0.2869, 0.1906
0.2869, 0.1906
0.2869, 0.1906
0.2869, 0.1906
0.2869, 0.1906
0.2869, 0.1906
0.2869, 0.1906
0.2869, 0.1906
0.2869, 0.1906
0.2869, 0.1906
0.2869, 0.1906
0.2869, 0.1906
0.2869, 0.1906
0.2869, 0.1906
0.2869, 0.1906
0.2869, 0.1906
0.2869, 0.1906
0.2869, 0.1906
0.2869, 0.1906
0.2869, 0.1906
0.2869, 0.1906
0.2869, 0.1906
0.2869, 0.1906
0.2869, 0.1906
0.2869, 0.1906
0.2869, 0.1906
0.2869, 0.1906
0.2869, 0.1906
0.2869, 0.1906
0.2869, 0.1906
0.2869, 0.1906
0.2869, 0.1906
0.2869, 0.1906
0.2869, 0.1906
0.2869, 0.1906
0.2869, 0.1906
0.2869, 0.1906
0.2869, 0.1906
0.2869, 0.1906
0.2869, 0.1906
0.2869, 0.1906
0.2869, 0.1906
0.2869, 0.1906
0.2869, 0.1906
0.2869, 0.1906
0.2869, 0.1906
0.2869, 0.1906
0.2869, 0.1906
0.2869, 0.1906
0.2869, 0.1906
0.2869, 0.1906
0.2869, 0.1906
0.2869, 0.1906
0.2869, 0.1906
0.2869, 0.1906
0.2869, 0.1906
0.2869, 0.1906
0.2869, 0.1906
0.2869, 0.1906
0.2869, 0.1906
0.2869, 0.1906
0.2869, 0.1906
0.2869, 0.1906
0.2869, 0.1906
0.2869, 0.1906
0.2869, 0.1906
0.2869, 0.1906
0.2869, 0.1906
0.2869, 0.1906
0.2869, 0.1906
0.2869, 0.1906
0.2869, 0.1906
0.2869, 0.1906
0.2869, 0.1906
0.2869, 0.1906
0.2869, 0.1906
0.2869, 0.1906
0.2869, 0.1906
0.2869, 0.1906
0.2869, 0.1906
0.2869, 0.1906
0.2869, 0.1906
0.2869, 0.1906
0.2869, 0.1906
0.2869, 0.1906
0.2869, 0.1906
0.2869, 0.1906
0.2869, 0.1906
0.2869, 0.1906
0.2869, 0.1906
0.2869, 0.1906
0.2869, 0.1906
0.2869, 0.1906
0.2869, 0.1906
0.2869, 0.1906
0.2869, 0.1906
0.2869, 0.1906
0.2869, 0.1906
0.2869, 0.1906
0.2869, 0.1906
0.2869, 0.1906
0.2869, 0.1906
0.2869, 0.1906
0.2869, 0.1880
0.2869, 0.1880
0.2869, 0.1880
0.2869, 0.1880
0.2869, 0.1880
0.2869, 0.1880
0.2869, 0.1828
0.2869, 0.1828
0.2869, 0.1828
0.2869, 0.1828
0.2869, 0.1828
0.2869, 0.1828
0.2869, 0.1802
0.2869, 0.1802
0.2869, 0.1802
0.2869, 0.1802
0.2869, 0.1802
0.2869, 0.1802
0.2869, 0.1775
0.2869, 0.1775
0.2869, 0.1775
0.2869, 0.1775
0.2869, 0.1775
0.2869, 0.1775
0.2869, 0.1775
0.2869, 0.1749
0.2869, 0.1749
0.2869, 0.1749
0.2869, 0.1749
0.2869, 0.1749
0.2869, 0.1749
0.2869, 0.1749
0.2869, 0.1749
0.2869, 0.1749
0.2869, 0.1749
0.2869, 0.1749
0.2869, 0.1749
0.2869, 0.1749
0.2869, 0.1749
0.2869, 0.1749
0.2869, 0.1723
0.2869, 0.1723
0.2869, 0.1723
0.2869, 0.1723
0.2869, 0.1723
0.2869, 0.1723
0.2869, 0.1723
0.2869, 0.1697
0.2869, 0.1697
0.2869, 0.1697
0.2829, 0.1697
0.2829, 0.1697
0.2829, 0.1697
0.2829, 0.1697
0.2829, 0.1697
0.2829, 0.1697
0.2829, 0.1697
0.2829, 0.1697
0.2829, 0.1697
0.2829, 0.1697
0.2829, 0.1697
0.2829, 0.1671
0.2829, 0.1671
0.2829, 0.1671
0.2829, 0.1671
0.2829, 0.1645
0.2829, 0.1645
0.2829, 0.1645
0.2829, 0.1645
0.2829, 0.1645
0.2829, 0.1645
0.2829, 0.1645
0.2829, 0.1645
0.2829, 0.1645
0.2829, 0.1645
0.2829, 0.1619
0.2829, 0.1619
0.2829, 0.1619
0.2829, 0.1619
0.2829, 0.1619
0.2829, 0.1619
0.2829, 0.1619
0.2829, 0.1619
0.2829, 0.1619
0.2829, 0.1619
0.2829, 0.1619
0.2829, 0.1619
0.2829, 0.1619
0.2829, 0.1619
0.2829, 0.1619
0.2829, 0.1593
0.2829, 0.1593
0.2829, 0.1593
0.2829, 0.1593
0.2829, 0.1593
0.2829, 0.1593
0.2829, 0.1593
0.2829, 0.1593
0.2829, 0.1593
0.2829, 0.1567
0.2829, 0.1567
0.2829, 0.1567
0.2829, 0.1567
0.2829, 0.1567
0.2829, 0.1567
0.2829, 0.1567
0.2829, 0.1567
0.2829, 0.1567
0.2829, 0.1567
0.2829, 0.1567
0.2829, 0.1567
0.2829, 0.1567
0.2829, 0.1567
0.2789, 0.1540
0.2789, 0.1540
0.2789, 0.1540
0.2789, 0.1540
0.2789, 0.1540
0.2789, 0.1540
0.2789, 0.1540
0.2789, 0.1514
0.2789, 0.1514
0.2789, 0.1514
0.2789, 0.1514
0.2789, 0.1514
0.2789, 0.1514
0.2789, 0.1514
0.2789, 0.1488
0.2789, 0.1488
0.2789, 0.1488
0.2789, 0.1488
0.2789, 0.1488
0.2789, 0.1488
0.2789, 0.1488
0.2749, 0.1488
0.2749, 0.1488
0.2749, 0.1488
0.2749, 0.1462
0.2749, 0.1462
0.2749, 0.1462
0.2749, 0.1462
0.2749, 0.1462
0.2749, 0.1462
0.2749, 0.1462
0.2749, 0.1462
0.2749, 0.1462
0.2749, 0.1462
0.2749, 0.1462
0.2749, 0.1436
0.2749, 0.1436
0.2749, 0.1436
0.2749, 0.1436
0.2749, 0.1436
0.2749, 0.1436
0.2749, 0.1436
0.2749, 0.1436
0.2749, 0.1436
0.2749, 0.1436
0.2749, 0.1436
0.2749, 0.1436
0.2749, 0.1436
0.2749, 0.1436
0.2749, 0.1436
0.2749, 0.1436
0.2749, 0.1436
0.2749, 0.1436
0.2749, 0.1436
0.2749, 0.1436
0.2749, 0.1436
0.2749, 0.1410
0.2749, 0.1410
0.2749, 0.1410
0.2749, 0.1384
0.2749, 0.1384
0.2749, 0.1384
0.2709, 0.1384
0.2709, 0.1384
0.2709, 0.1384
0.2709, 0.1384
0.2709, 0.1384
0.2709, 0.1384
0.2709, 0.1384
0.2709, 0.1384
0.2709, 0.1384
0.2709, 0.1384
0.2709, 0.1384
0.2709, 0.1358
0.2709, 0.1358
0.2709, 0.1358
0.2709, 0.1358
0.2709, 0.1358
0.2709, 0.1358
0.2709, 0.1358
0.2709, 0.1332
0.2709, 0.1332
0.2709, 0.1332
0.2709, 0.1332
0.2709, 0.1332
0.2709, 0.1332
0.2709, 0.1332
0.2709, 0.1305
0.2709, 0.1305
0.2709, 0.1305
0.2709, 0.1305
0.2709, 0.1305
0.2709, 0.1305
0.2709, 0.1305
0.2709, 0.1305
0.2709, 0.1305
0.2709, 0.1305
0.2709, 0.1279
0.2709, 0.1279
0.2709, 0.1279
0.2709, 0.1279
0.2709, 0.1279
0.2709, 0.1279
0.2709, 0.1253
0.2709, 0.1253
0.2709, 0.1253
0.2709, 0.1253
0.2709, 0.1253
0.2709, 0.1253
0.2709, 0.1253
0.2709, 0.1253
0.2709, 0.1253
0.2709, 0.1253
0.2709, 0.1253
0.2709, 0.1227
0.2709, 0.1227
0.2709, 0.1227
0.2709, 0.1227
0.2709, 0.1227
0.2709, 0.1227
0.2709, 0.1227
0.2709, 0.1201
0.2709, 0.1201
0.2709, 0.1201
0.2709, 0.1201
0.2709, 0.1201
0.2709, 0.1201
0.2709, 0.1175
0.2709, 0.1175
0.2709, 0.1175
0.2709, 0.1175
0.2709, 0.1175
0.2709, 0.1175
0.2709, 0.1175
0.2709, 0.1149
0.2709, 0.1149
0.2709, 0.1149
0.2709, 0.1123
0.2709, 0.1123
0.2709, 0.1123
0.2709, 0.1123
0.2709, 0.1123
0.2709, 0.1123
0.2709, 0.1123
0.2709, 0.1097
0.2709, 0.1097
0.2709, 0.1097
0.2709, 0.1070
0.2709, 0.1070
0.2709, 0.1070
0.2709, 0.1044
0.2709, 0.1044
0.2709, 0.1044
0.2709, 0.1044
0.2709, 0.1044
0.2709, 0.1044
0.2709, 0.1044
0.2709, 0.1018
0.2709, 0.1018
0.2709, 0.1018
0.2709, 0.1018
0.2709, 0.1018
0.2709, 0.1018
0.2709, 0.1018
0.2709, 0.0992
0.2709, 0.0992
0.2709, 0.0992
0.2709, 0.0992
0.2709, 0.0992
0.2709, 0.0992
0.2709, 0.0992
0.2709, 0.0966
0.2709, 0.0966
0.2709, 0.0966
0.2709, 0.0966
0.2709, 0.0966
0.2709, 0.0966
0.2709, 0.0940
0.2709, 0.0940
0.2709, 0.0940
0.2709, 0.0914
0.2709, 0.0914
0.2709, 0.0914
0.2709, 0.0914
0.2709, 0.0914
0.2709, 0.0914
0.2709, 0.0914
0.2709, 0.0914
0.2709, 0.0914
0.2709, 0.0914
0.2709, 0.0888
0.2709, 0.0888
0.2709, 0.0888
0.2709, 0.0888
0.2709, 0.0888
0.2709, 0.0888
0.2709, 0.0888
0.2709, 0.0862
0.2709, 0.0862
0.2709, 0.0862
0.2709, 0.0862
0.2709, 0.0862
0.2709, 0.0862
0.2709, 0.0862
0.2709, 0.0862
0.2709, 0.0862
0.2709, 0.0862
0.2709, 0.0836
0.2709, 0.0836
0.2709, 0.0836
0.2709, 0.0836
0.2709, 0.0836
0.2709, 0.0836
0.2709, 0.0836
0.2709, 0.0809
0.2709, 0.0809
0.2709, 0.0809
0.2709, 0.0809
0.2709, 0.0809
0.2709, 0.0809
0.2709, 0.0783
0.2709, 0.0783
0.2709, 0.0783
0.2709, 0.0783
0.2709, 0.0783
0.2709, 0.0783
0.2709, 0.0757
0.2709, 0.0757
0.2709, 0.0757
0.2709, 0.0731
0.2709, 0.0731
0.2709, 0.0731
0.2709, 0.0731
0.2709, 0.0731
0.2709, 0.0731
0.2709, 0.0731
0.2709, 0.0731
0.2709, 0.0731
0.2709, 0.0731
0.2709, 0.0731
0.2709, 0.0731
0.2709, 0.0731
0.2709, 0.0731
0.2709, 0.0705
0.2709, 0.0705
0.2709, 0.0705
0.2709, 0.0705
0.2709, 0.0705
0.2709, 0.0705
0.2709, 0.0705
0.2749, 0.0679
0.2749, 0.0679
0.2749, 0.0679
0.2749, 0.0679
0.2749, 0.0679
0.2749, 0.0679
0.2749, 0.0653
0.2749, 0.0653
0.2749, 0.0653
0.2749, 0.0653
0.2749, 0.0653
0.2749, 0.0653
0.2749, 0.0653
0.2749, 0.0653
0.2749, 0.0653
0.2749, 0.0653
0.2749, 0.0627
0.2749, 0.0627
0.2749, 0.0627
0.2749, 0.0601
0.2749, 0.0601
0.2749, 0.0601
0.2789, 0.0601
0.2789, 0.0601
0.2789, 0.0601
0.2789, 0.0601
0.2789, 0.0601
0.2789, 0.0601
0.2789, 0.0601
0.2789, 0.0574
0.2789, 0.0574
0.2789, 0.0574
0.2789, 0.0548
0.2789, 0.0548
0.2789, 0.0548
0.2789, 0.0548
0.2789, 0.0548
0.2789, 0.0548
0.2789, 0.0548
0.2789, 0.0548
0.2789, 0.0548
0.2789, 0.0548
0.2789, 0.0522
0.2789, 0.0522
0.2789, 0.0522
0.2789, 0.0522
0.2789, 0.0522
0.2789, 0.0522
0.2789, 0.0496
0.2789, 0.0496
0.2789, 0.0496
0.2789, 0.0470
0.2789, 0.0470
0.2789, 0.0470
0.2789, 0.0470
0.2789, 0.0470
0.2789, 0.0470
0.2829, 0.0470
0.2829, 0.0470
0.2829, 0.0470
0.2829, 0.0470
0.2829, 0.0470
0.2829, 0.0470
0.2829, 0.0444
0.2829, 0.0444
0.2829, 0.0418
0.2829, 0.0418
0.2829, 0.0418
0.2829, 0.0418
0.2829, 0.0418
0.2829, 0.0418
0.2829, 0.0418
0.2829, 0.0418
0.2829, 0.0418
0.2829, 0.0418
0.2829, 0.0418
0.2869, 0.0418
0.2869, 0.0418
0.2869, 0.0418
0.2869, 0.0392
0.2869, 0.0392
0.2869, 0.0392
0.2869, 0.0392
0.2869, 0.0392
0.2869, 0.0392
0.2869, 0.0366
0.2869, 0.0366
0.2869, 0.0366
0.2869, 0.0366
0.2869, 0.0366
0.2869, 0.0366
0.2869, 0.0366
0.2869, 0.0339
0.2869, 0.0339
0.2869, 0.0339
0.2869, 0.0339
0.2869, 0.0339
0.2869, 0.0339
0.2869, 0.0339
0.2869, 0.0339
0.2869, 0.0339
0.2869, 0.0313
0.2869, 0.0313
0.2869, 0.0313
0.2869, 0.0313
0.2869, 0.0313
0.2869, 0.0313
0.2869, 0.0313
0.2908, 0.0287
0.2908, 0.0287
0.2908, 0.0287
0.2908, 0.0287
0.2908, 0.0287
0.2908, 0.0287
0.2908, 0.0287
0.2908, 0.0287
0.2908, 0.0287
0.2908, 0.0287
0.2908, 0.0287
0.2908, 0.0287
0.2908, 0.0287
0.2908, 0.0287
0.2908, 0.0287
0.2908, 0.0287
0.2948, 0.0261
0.2948, 0.0261
0.2948, 0.0261
0.2948, 0.0261
0.2948, 0.0261
0.2948, 0.0261
0.2948, 0.0261
0.2948, 0.0261
0.2948, 0.0261
0.2948, 0.0261
0.2948, 0.0235
0.2948, 0.0235
0.2948, 0.0235
0.2948, 0.0235
0.2948, 0.0235
0.2948, 0.0235
0.2988, 0.0235
0.2988, 0.0235
0.2988, 0.0235
0.2988, 0.0209
0.2988, 0.0209
0.2988, 0.0209
0.2988, 0.0209
0.2988, 0.0209
0.2988, 0.0209
0.2988, 0.0209
0.2988, 0.0209
0.2988, 0.0209
0.2988, 0.0209
0.2988, 0.0209
0.2988, 0.0209
0.2988, 0.0209
0.2988, 0.0209
0.2988, 0.0209
0.2988, 0.0209
0.2988, 0.0209
0.2988, 0.0209
0.2988, 0.0183
0.2988, 0.0183
0.2988, 0.0183
0.2988, 0.0183
0.2988, 0.0183
0.2988, 0.0183
0.2988, 0.0183
0.2988, 0.0183
0.3028, 0.0183
0.3028, 0.0183
0.3028, 0.0183
0.3028, 0.0157
0.3028, 0.0157
0.3028, 0.0157
0.3028, 0.0157
0.3028, 0.0157
0.3028, 0.0157
0.3068, 0.0157
0.3068, 0.0157
0.3068, 0.0157
0.3068, 0.0157
0.3068, 0.0157
0.3068, 0.0157
0.3068, 0.0157
0.3068, 0.0157
0.3068, 0.0157
0.3068, 0.0157
0.3068, 0.0157
0.3068, 0.0157
0.3068, 0.0157
0.3068, 0.0157
0.3068, 0.0157
0.3068, 0.0157
0.3068, 0.0157
0.3068, 0.0131
0.3068, 0.0131
0.3068, 0.0131
0.3068, 0.0131
0.3068, 0.0131
0.3068, 0.0131
0.3068, 0.0131
0.3068, 0.0131
0.3068, 0.0131
0.3068, 0.0131
0.3068, 0.0131
0.3068, 0.0131
0.3068, 0.0131
0.3108, 0.0131
0.3108, 0.0131
0.3108, 0.0131
0.3108, 0.0104
0.3108, 0.0104
0.3108, 0.0104
0.3108, 0.0104
0.3108, 0.0104
0.3108, 0.0104
0.3147, 0.0104
0.3147, 0.0104
0.3147, 0.0104
0.3147, 0.0078
0.3147, 0.0078
0.3147, 0.0078
0.3147, 0.0078
0.3147, 0.0078
0.3147, 0.0078
0.3187, 0.0078
0.3187, 0.0078
0.3187, 0.0078
0.3187, 0.0078
0.3187, 0.0078
0.3187, 0.0078
0.3187, 0.0078
0.3187, 0.0078
0.3187, 0.0078
0.3187, 0.0078
0.3187, 0.0078
0.3187, 0.0078
0.3187, 0.0078
0.3187, 0.0078
0.3187, 0.0078
0.3187, 0.0078
0.3187, 0.0078
0.3187, 0.0078
0.3187, 0.0078
0.3187, 0.0078
0.3187, 0.0078
0.3187, 0.0078
0.3187, 0.0078
0.3187, 0.0078
0.3227, 0.0078
0.3227, 0.0078
0.3227, 0.0052
0.3227, 0.0052
0.3227, 0.0052
0.3227, 0.0052
0.3227, 0.0052
0.3227, 0.0052
0.3227, 0.0052
0.3267, 0.0052
0.3267, 0.0052
0.3267, 0.0052
0.3267, 0.0052
0.3267, 0.0052
0.3267, 0.0052
0.3267, 0.0026
0.3267, 0.0026
0.3267, 0.0026
0.3267, 0.0026
0.3267, 0.0026
0.3267, 0.0026
0.3307, 0.0026
0.3307, 0.0026
0.3307, 0.0026
0.3307, 0.0026
0.3307, 0.0026
0.3307, 0.0026
0.3347, 0.0026
0.3347, 0.0026
0.3347, 0.0026
0.3347, 0.0026
0.3347, 0.0026
0.3347, 0.0026
0.3347, 0.0026
0.3347, 0.0026
0.3347, 0.0026
0.3347, 0.0026
0.3347, 0.0026
0.3347, 0.0026
0.3347, 0.0026
0.3347, 0.0026
0.3386, 0.0026
0.3386, 0.0026
0.3386, 0.0026
0.3386, 0.0026
0.3386, 0.0026
0.3386, 0.0026
0.3426, 0.0026
0.3426, 0.0026
0.3426, 0.0026
0.3426, 0.0000
0.3426, 0.0000
0.3426, 0.0000
0.3466, 0.0000
0.3466, 0.0000
0.3466, 0.0000
0.3466, 0.0000
0.3466, 0.0000
0.3466, 0.0000
0.3466, 0.0000
0.3466, 0.0000
0.3466, 0.0000
0.3466, 0.0000
0.3466, 0.0000
0.3466, 0.0000
0.3466, 0.0000
0.3506, 0.0000
0.3506, 0.0000
0.3506, 0.0000
0.3506, 0.0000
0.3506, 0.0000
0.3506, 0.0000
0.3546, 0.0000
0.3546, 0.0000
0.3546, 0.0000
0.3546, 0.0000
0.3546, 0.0000
0.3546, 0.0000
0.3586, 0.0000
0.3586, 0.0000
0.3586, 0.0000
0.3586, 0.0000
0.3586, 0.0000
0.3586, 0.0000
0.3625, 0.0000
0.3625, 0.0000
0.3625, 0.0000
0.3625, 0.0000
0.3625, 0.0000
0.3625, 0.0000
0.3665, 0.0000
0.3665, 0.0000
0.3665, 0.0000
0.3665, 0.0000
0.3665, 0.0000
0.3665, 0.0000
0.3665, 0.0000
0.3665, 0.0000
0.3665, 0.0000
0.3705, 0.0000
0.3705, 0.0000
0.3705, 0.0000
0.3745, 0.0000
0.3745, 0.0000
0.3745, 0.0000
0.3745, 0.0000
0.3745, 0.0000
0.3745, 0.0000
0.3745, 0.0000
0.3745, 0.0000
0.3745, 0.0000
0.3745, 0.0000
0.3785, 0.0000
0.3785, 0.0000
0.3785, 0.0000
0.3785, 0.0000
0.3785, 0.0000
0.3785, 0.0000
0.3825, 0.0000
0.3825, 0.0000
0.3865, 0.0000
0.3865, 0.0000
0.3865, 0.0000
0.3865, 0.0000
0.3865, 0.0000
0.3865, 0.0000
0.3865, 0.0000
0.3865, 0.0000
0.3865, 0.0000
0.3865, 0.0000
0.3865, 0.0000
0.3865, 0.0000
0.3865, 0.0000
0.3904, 0.0000
0.3904, 0.0000
0.3904, 0.0000
0.3944, 0.0000
0.3944, 0.0000
0.3944, 0.0000
0.3944, 0.0000
0.3944, 0.0000
0.3944, 0.0000
0.3944, 0.0000
0.3944, 0.0000
0.3944, 0.0000
0.3944, 0.0000
0.3944, 0.0000
0.3944, 0.0000
0.3984, 0.0000
0.3984, 0.0000
0.3984, 0.0000
0.3984, 0.0000
0.3984, 0.0000
0.3984, 0.0000
0.4024, 0.0000
0.4024, 0.0000
0.4024, 0.0000
0.4024, 0.0000
0.4024, 0.0000
0.4024, 0.0000
0.4064, 0.0000
0.4064, 0.0000
0.4064, 0.0000
0.4064, 0.0000
0.4064, 0.0000
0.4064, 0.0000
0.4064, 0.0000
0.4064, 0.0000
0.4064, 0.0000
0.4064, 0.0000
0.4104, 0.0000
0.4104, 0.0000
0.4104, 0.0000
0.4104, 0.0000
0.4104, 0.0000
0.4104, 0.0000
0.4143, 0.0000
0.4143, 0.0000
0.4143, 0.0000
0.4143, 0.0000
0.4143, 0.0000
0.4143, 0.0000
0.4143, 0.0026
0.4143, 0.0026
0.4143, 0.0026
0.4183, 0.0026
0.4183, 0.0026
0.4183, 0.0026
0.4183, 0.0026
0.4183, 0.0026
0.4183, 0.0026
0.4223, 0.0052
0.4223, 0.0052
0.4223, 0.0052
0.4263, 0.0052
0.4263, 0.0052
0.4263, 0.0052
0.4263, 0.0052
0.4263, 0.0052
0.4263, 0.0052
0.4263, 0.0052
0.4263, 0.0052
0.4263, 0.0052
0.4263, 0.0052
0.4263, 0.0052
0.4303, 0.0078
0.4303, 0.0078
0.4303, 0.0078
0.4343, 0.0078
0.4343, 0.0078
0.4343, 0.0078
0.4343, 0.0078
0.4343, 0.0078
0.4343, 0.0078
0.4343, 0.0104
0.4343, 0.0104
0.4343, 0.0104
0.4382, 0.0104
0.4382, 0.0104
0.4382, 0.0104
0.4382, 0.0131
0.4382, 0.0131
0.4382, 0.0131
0.4422, 0.0131
0.4422, 0.0131
0.4422, 0.0131
0.4422, 0.0131
0.4422, 0.0131
0.4422, 0.0131
0.4462, 0.0131
0.4462, 0.0131
0.4462, 0.0131
0.4462, 0.0157
0.4462, 0.0157
0.4462, 0.0157
0.4462, 0.0157
0.4462, 0.0157
0.4462, 0.0183
0.4462, 0.0183
0.4462, 0.0183
0.4502, 0.0183
0.4502, 0.0183
0.4502, 0.0183
0.4502, 0.0183
0.4502, 0.0183
0.4502, 0.0183
0.4542, 0.0183
0.4542, 0.0183
0.4542, 0.0183
0.4542, 0.0183
0.4542, 0.0183
0.4542, 0.0183
0.4542, 0.0209
0.4542, 0.0209
0.4542, 0.0209
0.4542, 0.0209
0.4542, 0.0209
0.4542, 0.0209
0.4542, 0.0209
0.4542, 0.0209
0.4542, 0.0209
0.4542, 0.0209
0.4582, 0.0235
0.4582, 0.0235
0.4582, 0.0261
0.4582, 0.0261
0.4582, 0.0261
0.4622, 0.0261
0.4622, 0.0261
0.4622, 0.0261
0.4622, 0.0261
0.4622, 0.0261
0.4622, 0.0261
0.4661, 0.0287
0.4661, 0.0287
0.4661, 0.0287
0.4661, 0.0287
0.4661, 0.0287
0.4661, 0.0287
0.4701, 0.0313
0.4701, 0.0313
0.4701, 0.0313
0.4701, 0.0313
0.4701, 0.0313
0.4701, 0.0313
0.4701, 0.0313
0.4701, 0.0313
0.4741, 0.0313
0.4741, 0.0313
0.4741, 0.0313
0.4741, 0.0313
0.4741, 0.0313
0.4741, 0.0313
0.4741, 0.0339
0.4741, 0.0339
0.4741, 0.0339
0.4741, 0.0339
0.4741, 0.0339
0.4741, 0.0339
0.4741, 0.0366
0.4741, 0.0366
0.4741, 0.0366
0.4781, 0.0366
0.4781, 0.0366
0.4781, 0.0366
0.4781, 0.0392
0.4781, 0.0392
0.4821, 0.0392
0.4821, 0.0392
0.4821, 0.0392
0.4821, 0.0392
0.4821, 0.0392
0.4821, 0.0392
0.4821, 0.0418
0.4821, 0.0418
0.4821, 0.0418
0.4861, 0.0444
0.4861, 0.0444
0.4861, 0.0444
0.4861, 0.0444
0.4861, 0.0444
0.4861, 0.0444
0.4900, 0.0444
0.4900, 0.0444
0.4900, 0.0444
0.4900, 0.0470
0.4900, 0.0470
0.4900, 0.0470
0.4940, 0.0496
0.4940, 0.0496
0.4940, 0.0496
0.4940, 0.0522
0.4940, 0.0522
0.4940, 0.0522
0.4940, 0.0522
0.4940, 0.0522
0.4940, 0.0522
0.4980, 0.0522
0.4980, 0.0522
0.4980, 0.0522
0.4980, 0.0548
0.4980, 0.0548
0.4980, 0.0548
0.5020, 0.0548
0.5020, 0.0548
0.5020, 0.0574
0.5020, 0.0574
0.5020, 0.0574
0.5020, 0.0574
0.5020, 0.0574
0.5020, 0.0574
0.5020, 0.0574
0.5020, 0.0574
0.5020, 0.0574
0.5020, 0.0601
0.5020, 0.0601
0.5020, 0.0601
0.5060, 0.0601
0.5060, 0.0601
0.5060, 0.0601
0.5060, 0.0627
0.5060, 0.0627
0.5060, 0.0627
0.5100, 0.0627
0.5100, 0.0627
0.5100, 0.0627
0.5100, 0.0627
0.5100, 0.0627
0.5100, 0.0627
0.5139, 0.0653
0.5139, 0.0653
0.5139, 0.0679
0.5139, 0.0679
0.5139, 0.0679
0.5139, 0.0679
0.5139, 0.0679
0.5139, 0.0679
0.5139, 0.0679
0.5139, 0.0679
0.5139, 0.0679
0.5139, 0.0679
0.5139, 0.0705
0.5139, 0.0705
0.5179, 0.0705
0.5179, 0.0705
0.5179, 0.0705
0.5179, 0.0705
0.5179, 0.0705
0.5179, 0.0705
0.5179, 0.0705
0.5179, 0.0705
0.5179, 0.0705
0.5219, 0.0731
0.5219, 0.0731
0.5219, 0.0731
0.5219, 0.0731
0.5219, 0.0731
0.5219, 0.0731
0.5219, 0.0757
0.5219, 0.0757
0.5219, 0.0757
0.5219, 0.0757
0.5219, 0.0757
0.5219, 0.0757
0.5259, 0.0757
0.5259, 0.0757
0.5259, 0.0757
0.5299, 0.0783
0.5299, 0.0783
0.5299, 0.0783
0.5299, 0.0809
0.5299, 0.0809
0.5299, 0.0809
0.5339, 0.0836
0.5339, 0.0836
0.5339, 0.0836
0.5339, 0.0836
0.5339, 0.0836
0.5339, 0.0836
0.5339, 0.0836
0.5339, 0.0836
0.5339, 0.0836
0.5339, 0.0836
0.5339, 0.0836
0.5339, 0.0836
0.5378, 0.0836
0.5378, 0.0836
0.5378, 0.0862
0.5378, 0.0862
0.5378, 0.0862
0.5378, 0.0862
0.5378, 0.0862
0.5378, 0.0862
0.5418, 0.0888
0.5418, 0.0888
0.5418, 0.0888
0.5418, 0.0888
0.5418, 0.0888
0.5418, 0.0888
0.5418, 0.0888
0.5418, 0.0888
0.5418, 0.0888
0.5418, 0.0914
0.5418, 0.0914
0.5418, 0.0914
0.5458, 0.0914
0.5458, 0.0914
0.5458, 0.0914
0.5458, 0.0940
0.5458, 0.0940
0.5458, 0.0940
0.5498, 0.0966
0.5498, 0.0966
0.5538, 0.0966
0.5538, 0.0966
0.5538, 0.0966
0.5538, 0.0966
0.5538, 0.0966
0.5538, 0.0966
0.5538, 0.0992
0.5538, 0.0992
0.5538, 0.0992
0.5538, 0.0992
0.5538, 0.0992
0.5538, 0.0992
0.5538, 0.1018
0.5538, 0.1018
0.5538, 0.1018
0.5578, 0.1018
0.5578, 0.1018
0.5618, 0.1018
0.5618, 0.1018
0.5618, 0.1018
0.5618, 0.1044
0.5618, 0.1044
0.5618, 0.1044
0.5618, 0.1070
0.5618, 0.1070
0.5618, 0.1070
0.5618, 0.1097
0.5618, 0.1097
0.5618, 0.1097
0.5657, 0.1097
0.5657, 0.1097
0.5657, 0.1097
0.5657, 0.1097
0.5657, 0.1097
0.5697, 0.1123
0.5697, 0.1123
0.5697, 0.1123
0.5697, 0.1149
0.5697, 0.1149
0.5697, 0.1149
0.5737, 0.1149
0.5737, 0.1149
0.5737, 0.1149
0.5737, 0.1149
0.5737, 0.1149
0.5737, 0.1149
0.5737, 0.1149
0.5737, 0.1149
0.5737, 0.1149
0.5737, 0.1149
0.5737, 0.1149
0.5737, 0.1149
0.5737, 0.1175
0.5737, 0.1175
0.5777, 0.1175
0.5777, 0.1175
0.5777, 0.1175
0.5777, 0.1201
0.5777, 0.1201
0.5777, 0.1201
0.5777, 0.1201
0.5777, 0.1201
0.5777, 0.1201
0.5817, 0.1227
0.5817, 0.1227
0.5817, 0.1227
0.5817, 0.1227
0.5817, 0.1227
0.5817, 0.1227
0.5817, 0.1227
0.5817, 0.1227
0.5817, 0.1253
0.5817, 0.1253
0.5817, 0.1253
0.5817, 0.1253
0.5817, 0.1253
0.5817, 0.1253
0.5857, 0.1279
0.5857, 0.1279
0.5857, 0.1279
0.5857, 0.1279
0.5857, 0.1279
0.5857, 0.1279
0.5896, 0.1305
0.5896, 0.1305
0.5896, 0.1305
0.5896, 0.1305
0.5896, 0.1305
0.5896, 0.1332
0.5896, 0.1332
0.5896, 0.1332
0.5896, 0.1358
0.5896, 0.1358
0.5896, 0.1358
0.5896, 0.1358
0.5896, 0.1358
0.5896, 0.1358
0.5936, 0.1358
0.5936, 0.1358
0.5936, 0.1358
0.5936, 0.1384
0.5936, 0.1384
0.5936, 0.1384
0.5936, 0.1384
0.5936, 0.1384
0.5976, 0.1384
0.5976, 0.1384
0.5976, 0.1384
0.5976, 0.1410
0.5976, 0.1410
0.5976, 0.1410
0.5976, 0.1410
0.5976, 0.1410
0.5976, 0.1410
0.6016, 0.1410
0.6016, 0.1410
0.6016, 0.1410
0.6016, 0.1410
0.6016, 0.1436
0.6016, 0.1436
0.6016, 0.1436
0.6016, 0.1436
0.6016, 0.1436
0.6016, 0.1436
0.6016, 0.1462
0.6016, 0.1462
0.6016, 0.1462
0.6016, 0.1462
0.6016, 0.1462
0.6056, 0.1462
0.6056, 0.1462
0.6056, 0.1462
0.6056, 0.1462
0.6056, 0.1462
0.6056, 0.1462
0.6056, 0.1488
0.6056, 0.1488
0.6096, 0.1488
0.6096, 0.1488
0.6096, 0.1488
0.6096, 0.1514
0.6096, 0.1514
0.6096, 0.1514
0.6096, 0.1514
0.6096, 0.1514
0.6096, 0.1514
0.6096, 0.1540
0.6096, 0.1540
0.6096, 0.1540
0.6096, 0.1540
0.6096, 0.1540
0.6135, 0.1540
0.6135, 0.1540
0.6135, 0.1540
0.6135, 0.1567
0.6135, 0.1567
0.6135, 0.1567
0.6175, 0.1567
0.6175, 0.1567
0.6175, 0.1567
0.6175, 0.1593
0.6175, 0.1593
0.6175, 0.1593
0.6175, 0.1593
0.6175, 0.1593
0.6215, 0.1593
0.6215, 0.1593
0.6215, 0.1593
0.6215, 0.1593
0.6215, 0.1593
0.6215, 0.1593
0.6215, 0.1619
0.6215, 0.1619
0.6215, 0.1619
0.6215, 0.1619
0.6215, 0.1619
0.6215, 0.1645
0.6215, 0.1645
0.6215, 0.1645
0.6255, 0.1671
0.6255, 0.1671
0.6255, 0.1671
0.6255, 0.1671
0.6255, 0.1671
0.6255, 0.1671
0.6255, 0.1671
0.6255, 0.1671
0.6295, 0.1697
0.6295, 0.1697
0.6295, 0.1723
0.6295, 0.1723
0.6295, 0.1723
0.6295, 0.1723
0.6295, 0.1723
0.6295, 0.1723
0.6295, 0.1723
0.6295, 0.1723
0.6335, 0.1749
0.6335, 0.1749
0.6335, 0.1749
0.6335, 0.1749
0.6335, 0.1749
0.6335, 0.1749
0.6375, 0.1775
0.6375, 0.1775
0.6375, 0.1775
0.6375, 0.1802
0.6375, 0.1802
0.6375, 0.1802
0.6375, 0.1802
0.6375, 0.1802
0.6414, 0.1802
0.6414, 0.1802
0.6414, 0.1802
0.6414, 0.1828
0.6414, 0.1828
0.6414, 0.1854
0.6414, 0.1854
0.6414, 0.1854
0.6414, 0.1854
0.6414, 0.1854
0.6414, 0.1854
0.6454, 0.1854
0.6454, 0.1854
0.6454, 0.1854
0.6454, 0.1880
0.6454, 0.1880
0.6454, 0.1880
0.6454, 0.1906
0.6454, 0.1906
0.6494, 0.1906
0.6494, 0.1906
0.6494, 0.1906
0.6494, 0.1932
0.6494, 0.1932
0.6494, 0.1932
0.6494, 0.1932
0.6494, 0.1932
0.6494, 0.1932
0.6494, 0.1958
0.6494, 0.1958
0.6494, 0.1984
0.6494, 0.1984
0.6494, 0.1984
0.6534, 0.1984
0.6534, 0.1984
0.6534, 0.1984
0.6534, 0.1984
0.6534, 0.1984
0.6574, 0.2010
0.6574, 0.2010
0.6574, 0.2037
0.6574, 0.2037
0.6574, 0.2037
0.6574, 0.2037
0.6574, 0.2037
0.6574, 0.2037
0.6614, 0.2063
0.6614, 0.2063
0.6614, 0.2063
0.6614, 0.2063
0.6614, 0.2063
0.6614, 0.2089
0.6614, 0.2089
0.6614, 0.2089
0.6614, 0.2115
0.6614, 0.2115
0.6653, 0.2115
0.6653, 0.2115
0.6653, 0.2115
0.6653, 0.2141
0.6653, 0.2141
0.6653, 0.2141
0.6653, 0.2141
0.6653, 0.2141
0.6653, 0.2141
0.6693, 0.2167
0.6693, 0.2167
0.6693, 0.2193
0.6693, 0.2193
0.6693, 0.2193
0.6693, 0.2193
0.6693, 0.2193
0.6693, 0.2193
0.6693, 0.2193
0.6693, 0.2193
0.6693, 0.2193
0.6693, 0.2219
0.6693, 0.2219
0.6693, 0.2219
0.6693, 0.2219
0.6693, 0.2219
0.6733, 0.2245
0.6733, 0.2245
0.6733, 0.2245
0.6733, 0.2245
0.6733, 0.2245
0.6733, 0.2245
0.6773, 0.2272
0.6773, 0.2272
0.6773, 0.2298
0.6773, 0.2298
0.6813, 0.2298
0.6813, 0.2298
0.6813, 0.2298
0.6813, 0.2298
0.6813, 0.2298
0.6813, 0.2324
0.6813, 0.2324
0.6813, 0.2350
0.6813, 0.2350
0.6813, 0.2350
0.6813, 0.2350
0.6813, 0.2350
0.6813, 0.2376
0.6813, 0.2376
0.6813, 0.2376
0.6853, 0.2376
0.6853, 0.2376
0.6853, 0.2376
0.6853, 0.2376
0.6853, 0.2376
0.6853, 0.2402
0.6853, 0.2402
0.6853, 0.2402
0.6892, 0.2402
0.6892, 0.2402
0.6892, 0.2428
0.6892, 0.2428
0.6892, 0.2428
0.6892, 0.2428
0.6892, 0.2428
0.6892, 0.2428
0.6892, 0.2428
0.6892, 0.2428
0.6892, 0.2428
0.6892, 0.2454
0.6892, 0.2454
0.6932, 0.2480
0.6932, 0.2480
0.6932, 0.2480
0.6932, 0.2480
0.6932, 0.2480
0.6932, 0.2480
0.6972, 0.2507
0.6972, 0.2507
0.6972, 0.2507
0.6972, 0.2507
0.6972, 0.2507
0.6972, 0.2507
0.6972, 0.2507
0.6972, 0.2507
0.7012, 0.2533
0.7012, 0.2533
0.7012, 0.2533
0.7012, 0.2559
0.7012, 0.2559
0.7012, 0.2559
0.7012, 0.2559
0.7012, 0.2559
0.7012, 0.2559
0.7012, 0.2559
0.7012, 0.2559
0.7012, 0.2559
0.7012, 0.2559
0.7012, 0.2559
0.7012, 0.2585
0.7012, 0.2585
0.7052, 0.2585
0.7052, 0.2585
0.7052, 0.2585
0.7052, 0.2611
0.7052, 0.2611
0.7052, 0.2637
0.7052, 0.2637
0.7052, 0.2637
0.7092, 0.2637
0.7092, 0.2637
0.7092, 0.2637
0.7092, 0.2637
0.7092, 0.2637
0.7092, 0.2663
0.7092, 0.2663
0.7092, 0.2663
0.7092, 0.2663
0.7092, 0.2663
0.7092, 0.2689
0.7092, 0.2689
0.7092, 0.2689
0.7131, 0.2689
0.7131, 0.2689
0.7131, 0.2689
0.7131, 0.2689
0.7131, 0.2689
0.7131, 0.2689
0.7131, 0.2689
0.7131, 0.2689
0.7131, 0.2715
0.7131, 0.2715
0.7131, 0.2715
0.7171, 0.2715
0.7171, 0.2715
0.7171, 0.2742
0.7171, 0.2742
0.7171, 0.2742
0.7211, 0.2768
0.7211, 0.2768
0.7211, 0.2768
0.7211, 0.2768
0.7211, 0.2768
0.7211, 0.2768
0.7211, 0.2768
0.7211, 0.2768
0.7211, 0.2768
0.7211, 0.2768
0.7211, 0.2768
0.7211, 0.2794
0.7211, 0.2794
0.7211, 0.2820
0.7211, 0.2820
0.7211, 0.2820
0.7251, 0.2820
0.7251, 0.2820
0.7251, 0.2820
0.7251, 0.2820
0.7251, 0.2820
0.7291, 0.2846
0.7291, 0.2846
0.7291, 0.2846
0.7291, 0.2846
0.7291, 0.2872
0.7291, 0.2872
0.7291, 0.2872
0.7291, 0.2872
0.7291, 0.2872
0.7291, 0.2898
0.7291, 0.2898
0.7291, 0.2898
0.7291, 0.2898
0.7331, 0.2898
0.7331, 0.2898
0.7331, 0.2898
0.7331, 0.2898
0.7371, 0.2924
0.7371, 0.2924
0.7371, 0.2924
0.7371, 0.2924
0.7371, 0.2950
0.7371, 0.2950
0.7371, 0.2950
0.7371, 0.2950
0.7371, 0.2950
0.7371, 0.2950
0.7371, 0.2950
0.7371, 0.2950
0.7371, 0.2950
0.7410, 0.2977
0.7410, 0.2977
0.7410, 0.2977
0.7410, 0.2977
0.7410, 0.2977
0.7450, 0.3003
0.7450, 0.3003
0.7450, 0.3003
0.7450, 0.3003
0.7450, 0.3029
0.7450, 0.3029
0.7450, 0.3029
0.7490, 0.3029
0.7490, 0.3029
0.7490, 0.3029
0.7490, 0.3029
0.7490, 0.3029
0.7490, 0.3029
0.7490, 0.3055
0.7490, 0.3055
0.7490, 0.3055
0.7490, 0.3055
0.7490, 0.3055
0.7530, 0.3081
0.7530, 0.3081
0.7530, 0.3081
0.7530, 0.3081
0.7530, 0.3081
0.7530, 0.3081
0.7570, 0.3081
0.7570, 0.3081
0.7570, 0.3081
0.7570, 0.3081
0.7570, 0.3081
0.7570, 0.3107
0.7570, 0.3107
0.7570, 0.3107
0.7570, 0.3107
0.7570, 0.3133
0.7570, 0.3133
0.7570, 0.3133
0.7570, 0.3133
0.7610, 0.3133
0.7610, 0.3133
0.7610, 0.3133
0.7610, 0.3133
0.7610, 0.3133
0.7610, 0.3133
0.7649, 0.3133
0.7649, 0.3133
0.7649, 0.3133
0.7649, 0.3159
0.7649, 0.3159
0.7689, 0.3159
0.7689, 0.3159
0.7689, 0.3185
0.7689, 0.3185
0.7689, 0.3185
0.7689, 0.3185
0.7689, 0.3211
0.7689, 0.3211
0.7689, 0.3211
0.7689, 0.3211
0.7689, 0.3211
0.7689, 0.3211
0.7689, 0.3211
0.7729, 0.3211
0.7729, 0.3211
0.7729, 0.3211
0.7729, 0.3211
0.7729, 0.3238
0.7729, 0.3238
0.7729, 0.3238
0.7729, 0.3238
0.7769, 0.3264
0.7769, 0.3264
0.7769, 0.3264
0.7769, 0.3264
0.7769, 0.3264
0.7769, 0.3264
0.7769, 0.3264
0.7769, 0.3264
0.7769, 0.3264
0.7769, 0.3264
0.7769, 0.3290
0.7769, 0.3290
0.7809, 0.3290
0.7809, 0.3290
0.7809, 0.3290
0.7809, 0.3290
0.7809, 0.3316
0.7809, 0.3316
0.7849, 0.3316
0.7849, 0.3316
0.7849, 0.3342
0.7849, 0.3342
0.7849, 0.3342
0.7849, 0.3342
0.7888, 0.3342
0.7888, 0.3342
0.7888, 0.3342
0.7888, 0.3342
0.7888, 0.3342
0.7888, 0.3342
0.7888, 0.3342
0.7888, 0.3368
0.7888, 0.3368
0.7888, 0.3368
0.7888, 0.3368
0.7928, 0.3394
0.7928, 0.3394
0.7928, 0.3394
0.7928, 0.3394
0.7928, 0.3394
0.7968, 0.3394
0.7968, 0.3394
0.7968, 0.3394
0.7968, 0.3394
0.7968, 0.3394
0.7968, 0.3394
0.7968, 0.3394
0.7968, 0.3420
0.7968, 0.3420
0.7968, 0.3420
0.7968, 0.3420
0.7968, 0.3420
0.7968, 0.3420
0.8008, 0.3420
0.8008, 0.3420
0.8008, 0.3446
0.8008, 0.3446
0.8008, 0.3446
0.8008, 0.3446
0.8048, 0.3446
0.8048, 0.3446
0.8048, 0.3446
0.8048, 0.3473
0.8048, 0.3473
0.8088, 0.3473
0.8088, 0.3473
0.8088, 0.3473
0.8088, 0.3473
0.8088, 0.3473
0.8088, 0.3473
0.8088, 0.3473
0.8088, 0.3473
0.8127, 0.3473
0.8127, 0.3473
0.8127, 0.3473
0.8127, 0.3473
0.8127, 0.3473
0.8127, 0.3499
0.8127, 0.3499
0.8127, 0.3499
0.8167, 0.3499
0.8167, 0.3499
0.8167, 0.3499
0.8167, 0.3499
0.8167, 0.3499
0.8207, 0.3525
0.8207, 0.3525
0.8207, 0.3525
0.8207, 0.3525
0.8247, 0.3525
0.8247, 0.3525
0.8247, 0.3525
0.8247, 0.3525
0.8287, 0.3525
0.8287, 0.3525
0.8287, 0.3525
0.8287, 0.3525
0.8287, 0.3551
0.8287, 0.3551
0.8287, 0.3551
0.8287, 0.3551
0.8287, 0.3551
0.8327, 0.3551
0.8327, 0.3551
0.8327, 0.3551
0.8327, 0.3551
0.8367, 0.3551
0.8367, 0.3551
0.8367, 0.3577
0.8367, 0.3577
0.8367, 0.3577
0.8367, 0.3577
0.8367, 0.3577
0.8367, 0.3577
0.8367, 0.3577
0.8367, 0.3577
0.8367, 0.3577
0.8406, 0.3577
0.8406, 0.3577
0.8406, 0.3603
0.8406, 0.3603
0.8406, 0.3603
0.8406, 0.3603
0.8446, 0.3603
0.8446, 0.3603
0.8446, 0.3603
0.8446, 0.3603
0.8446, 0.3603
0.8446, 0.3603
0.8486, 0.3603
0.8486, 0.3603
0.8486, 0.3603
0.8486, 0.3603
0.8486, 0.3603
0.8486, 0.3603
0.8486, 0.3603
0.8486, 0.3603
0.8486, 0.3603
0.8526, 0.3603
0.8526, 0.3603
0.8526, 0.3603
0.8526, 0.3603
0.8526, 0.3603
0.8526, 0.3603
0.8566, 0.3603
0.8566, 0.3603
0.8566, 0.3603
0.8566, 0.3603
0.8566, 0.3603
0.8566, 0.3629
0.8606, 0.3629
0.8606, 0.3629
0.8606, 0.3629
0.8645, 0.3629
0.8645, 0.3629
0.8645, 0.3629
0.8645, 0.3629
0.8645, 0.3629
0.8645, 0.3629
0.8645, 0.3629
0.8645, 0.3629
0.8645, 0.3629
0.8645, 0.3629
0.8645, 0.3629
0.8685, 0.3629
0.8685, 0.3629
0.8685, 0.3629
0.8685, 0.3629
0.8685, 0.3629
0.8685, 0.3629
0.8685, 0.3629
0.8685, 0.3629
0.8685, 0.3629
0.8685, 0.3629
0.8685, 0.3629
0.8685, 0.3629
0.8685, 0.3629
0.8725, 0.3629
0.8725, 0.3629
0.8765, 0.3629
0.8765, 0.3629
0.8765, 0.3629
0.8765, 0.3629
0.8765, 0.3629
0.8805, 0.3629
0.8805, 0.3629
0.8805, 0.3629
0.8805, 0.3629
0.8805, 0.3629
0.8845, 0.3629
0.8845, 0.3629
0.8845, 0.3629
0.8845, 0.3629
0.8845, 0.3629
0.8845, 0.3629
0.8884, 0.3629
0.8884, 0.3629
0.8884, 0.3629
0.8884, 0.3629
0.8924, 0.3629
0.8924, 0.3629
0.8924, 0.3629
0.8924, 0.3629
0.8924, 0.3629
0.8964, 0.3629
0.8964, 0.3629
0.8964, 0.3629
0.8964, 0.3629
0.8964, 0.3629
0.8964, 0.3629
0.9004, 0.3629
0.9004, 0.3629
0.9004, 0.3629
0.9004, 0.3629
0.9044, 0.3629
0.9044, 0.3629
0.9044, 0.3629
0.9044, 0.3629
0.9044, 0.3629
0.9044, 0.3629
0.9044, 0.3629
0.9044, 0.3629
0.9044, 0.3629
0.9044, 0.3629
0.9044, 0.3629
0.9084, 0.3629
0.9084, 0.3629
0.9084, 0.3629
0.9084, 0.3629
0.9124, 0.3629
0.9124, 0.3629
0.9124, 0.3629
0.9124, 0.3629
0.9163, 0.3629
0.9163, 0.3629
0.9163, 0.3629
0.9163, 0.3629
0.9163, 0.3629
0.9163, 0.3629
0.9163, 0.3629
0.9163, 0.3629
0.9163, 0.3629
0.9203, 0.3629
0.9203, 0.3629
0.9203, 0.3629
0.9203, 0.3629
0.9243, 0.3603
0.9243, 0.3603
0.9243, 0.3603
0.9243, 0.3603
0.9243, 0.3603
0.9243, 0.3603
0.9243, 0.3603
0.9243, 0.3603
0.9243, 0.3603
0.9243, 0.3603
0.9243, 0.3603
0.9283, 0.3603
0.9283, 0.3603
0.9283, 0.3577
0.9283, 0.3577
0.9283, 0.3577
0.9283, 0.3577
0.9283, 0.3577
0.9323, 0.3577
0.9323, 0.3577
0.9363, 0.3577
0.9363, 0.3577
0.9363, 0.3551
0.9363, 0.3551
0.9363, 0.3551
0.9363, 0.3551
0.9363, 0.3551
0.9363, 0.3551
0.9402, 0.3551
0.9402, 0.3551
0.9442, 0.3551
0.9442, 0.3551
0.9442, 0.3551
0.9442, 0.3551
0.9442, 0.3551
0.9442, 0.3525
0.9442, 0.3525
0.9442, 0.3525
0.9442, 0.3525
0.9482, 0.3525
0.9482, 0.3525
0.9482, 0.3499
0.9482, 0.3499
0.9482, 0.3499
0.9482, 0.3499
0.9522, 0.3499
0.9522, 0.3499
0.9522, 0.3499
0.9522, 0.3499
0.9522, 0.3499
0.9522, 0.3499
0.9562, 0.3499
0.9562, 0.3499
0.9562, 0.3499
0.9562, 0.3499
0.9562, 0.3499
0.9562, 0.3499
0.9562, 0.3499
0.9562, 0.3473
0.9562, 0.3473
0.9562, 0.3473
0.9562, 0.3473
0.9602, 0.3446
0.9602, 0.3446
0.9602, 0.3446
0.9602, 0.3446
0.9641, 0.3446
0.9641, 0.3446
0.9641, 0.3446
0.9641, 0.3446
0.9641, 0.3446
0.9641, 0.3420
0.9641, 0.3420
0.9641, 0.3420
0.9641, 0.3420
0.9641, 0.3420
0.9641, 0.3420
0.9641, 0.3420
0.9641, 0.3420
0.9641, 0.3420
0.9641, 0.3420
0.9681, 0.3420
0.9681, 0.3420
0.9681, 0.3394
0.9681, 0.3394
0.9721, 0.3368
0.9721, 0.3368
0.9721, 0.3368
0.9721, 0.3368
0.9721, 0.3368
0.9761, 0.3368
0.9761, 0.3368
0.9761, 0.3368
0.9761, 0.3368
0.9761, 0.3368
0.9761, 0.3368
0.9761, 0.3342
0.9761, 0.3342
0.9761, 0.3342
0.9761, 0.3342
0.9761, 0.3342
0.9761, 0.3342
0.9761, 0.3316
0.9761, 0.3316
0.9761, 0.3316
0.9761, 0.3316
0.9761, 0.3316
0.9801, 0.3316
0.9801, 0.3316
0.9801, 0.3290
0.9801, 0.3290
0.9801, 0.3290
0.9801, 0.3290
0.9841, 0.3290
0.9841, 0.3290
0.9841, 0.3290
0.9841, 0.3290
0.9841, 0.3290
0.9841, 0.3290
0.9841, 0.3290
0.9841, 0.3290
0.9841, 0.3290
0.9841, 0.3290
0.9841, 0.3264
0.9841, 0.3264
0.9841, 0.3264
0.9841, 0.3264
0.9841, 0.3264
0.9841, 0.3264
0.9841, 0.3264
0.9841, 0.3264
0.9841, 0.3264
0.9880, 0.3238
0.9880, 0.3238
0.9880, 0.3238
0.9880, 0.3238
0.9880, 0.3238
0.9880, 0.3238
0.9880, 0.3238
0.9880, 0.3238
0.9880, 0.3238
0.9880, 0.3238
0.9880, 0.3238
0.9880, 0.3238
0.9880, 0.3238
0.9920, 0.3238
0.9920, 0.3238
0.9920, 0.3238
0.9920, 0.3238
0.9920, 0.3238
0.9920, 0.3238
0.9920, 0.3238
0.9920, 0.3238
0.9920, 0.3238
0.9920, 0.3238
0.9920, 0.3238
0.9920, 0.3238
0.9920, 0.3238
0.9920, 0.3238
0.9920, 0.3238
0.9920, 0.3238
0.9920, 0.3238
0.9920, 0.3211
0.9920, 0.3211
0.9920, 0.3211
0.9920, 0.3211
0.9920, 0.3211
0.9920, 0.3211
0.9920, 0.3211
0.9920, 0.3211
0.9920, 0.3211
0.9920, 0.3211
0.9920, 0.3211
0.9920, 0.3211
0.9920, 0.3211
0.9920, 0.3185
0.9920, 0.3185
0.9920, 0.3185
0.9920, 0.3185
0.9920, 0.3185
0.9920, 0.3185
0.9920, 0.3185
0.9920, 0.3185
0.9920, 0.3185
0.9920, 0.3185
0.9920, 0.3185
0.9920, 0.3185
0.9920, 0.3185
0.9920, 0.3185
0.9920, 0.3185
0.9920, 0.3185
0.9920, 0.3185
0.9920, 0.3185
0.9920, 0.3185
0.9920, 0.3185
0.9920, 0.3185
0.9920, 0.3185
0.9920, 0.3185
0.9960, 0.3185
0.9960, 0.3185
0.9960, 0.3159
0.9960, 0.3159
0.9960, 0.3159
0.9960, 0.3159
0.9960, 0.3159
0.9960, 0.3159
0.9960, 0.3159
0.9960, 0.3159
0.9960, 0.3159
0.9960, 0.3159
0.9960, 0.3159
0.9960, 0.3159
0.9960, 0.3159
0.9960, 0.3159
0.9960, 0.3159
0.9960, 0.3159
0.9960, 0.3159
0.9960, 0.3159
0.9960, 0.3159
0.9960, 0.3159
1.0000, 0.3159
1.0000, 0.3159
1.0000, 0.3159
1.0000, 0.3159
1.0000, 0.3159
1.0000, 0.3159
1.0000, 0.3159
1.0000, 0.3159
1.0000, 0.3159
1.0000, 0.3159
1.0000, 0.3159
1.0000, 0.3159
1.0000, 0.3159
1.0000, 0.3159
1.0000, 0.3159
1.0000, 0.3159
1.0000, 0.3159
1.0000, 0.3159
1.0000, 0.3159
1.0000, 0.3159
1.0000, 0.3159
1.0000, 0.3159
1.0000, 0.3159
1.0000, 0.3159
1.0000, 0.3159
1.0000, 0.3159
1.0000, 0.3159
1.0000, 0.3159
1.0000, 0.3159
1.0000, 0.3159
1.0000, 0.3159
0.2829, 0.1932
0.2829, 0.1932
0.2829, 0.1932
0.2829, 0.1932
0.2829, 0.1932
0.2829, 0.1932
0.2829, 0.1932
0.2829, 0.1932
0.2829, 0.1932
0.2829, 0.1932
0.2829, 0.1932
0.2829, 0.1932
0.2829, 0.1932
0.2829, 0.1932
0.2829, 0.1932
0.2829, 0.1932
0.2829, 0.1932
0.2829, 0.1958
0.2829, 0.1958
0.2829, 0.1958
0.2829, 0.1958
0.2829, 0.1958
0.2829, 0.1958
0.2829, 0.1958
0.2829, 0.1958
0.2829, 0.1958
0.2829, 0.1958
0.2829, 0.1958
0.2829, 0.1958
0.2829, 0.1958
0.2829, 0.1958
0.2829, 0.1958
0.2829, 0.1958
0.2829, 0.1958
0.2829, 0.1958
0.2829, 0.1958
0.2829, 0.1958
0.2829, 0.1958
0.2829, 0.1958
0.2829, 0.1958
0.2829, 0.1958
0.2829, 0.1958
0.2829, 0.1958
0.2829, 0.1958
0.2829, 0.1958
0.2829, 0.1958
0.2829, 0.1958
0.2829, 0.1958
0.2829, 0.1958
0.2829, 0.1958
0.2829, 0.1958
0.2829, 0.1958
0.2829, 0.1958
0.2829, 0.1958
0.2869, 0.1958
0.2869, 0.1958
0.2869, 0.1958
0.2869, 0.1984
0.2869, 0.1984
0.2869, 0.1984
0.2869, 0.1984
0.2869, 0.1984
0.2869, 0.1984
0.2869, 0.1984
0.2908, 0.1984
0.2908, 0.1984
0.2908, 0.1984
0.2908, 0.2010
0.2908, 0.2010
0.2908, 0.2010
0.2908, 0.2010
0.2908, 0.2010
0.2908, 0.2010
0.2908, 0.2010
0.2908, 0.2010
0.2908, 0.2010
0.2908, 0.2010
0.2908, 0.2010
0.2908, 0.2010
0.2908, 0.2010
0.2948, 0.2010
0.2948, 0.2010
0.2948, 0.2010
0.2948, 0.2010
0.2948, 0.2010
0.2948, 0.2010
0.2948, 0.2010
0.2988, 0.2010
0.2988, 0.2010
0.2988, 0.2010
0.2988, 0.2037
0.2988, 0.2037
0.2988, 0.2037
0.3028, 0.2037
0.3028, 0.2037
0.3028, 0.2037
0.3028, 0.2037
0.3028, 0.2037
0.3028, 0.2037
0.3028, 0.2037
0.3028, 0.2037
0.3028, 0.2037
0.3028, 0.2037
0.3028, 0.2037
0.3028, 0.2037
0.3028, 0.2037
0.3068, 0.2063
0.3068, 0.2063
0.3068, 0.2063
0.3068, 0.2063
0.3068, 0.2063
0.3068, 0.2063
0.3068, 0.2063
0.3068, 0.2063
0.3068, 0.2063
0.3108, 0.2063
0.3108, 0.2063
0.3108, 0.2063
0.3108, 0.2063
0.3108, 0.2063
0.3108, 0.2063
0.3108, 0.2063
0.3108, 0.2063
0.3108, 0.2063
0.3108, 0.2063
0.3147, 0.2063
0.3147, 0.2063
0.3147, 0.2063
0.3187, 0.2063
0.3187, 0.2063
0.3187, 0.2063
0.3187, 0.2063
0.3187, 0.2063
0.3187, 0.2063
0.3187, 0.2063
0.3187, 0.2063
0.3187, 0.2063
0.3187, 0.2063
0.3227, 0.2089
0.3227, 0.2089
0.3227, 0.2089
0.3227, 0.2089
0.3227, 0.2089
0.3227, 0.2089
0.3267, 0.2089
0.3267, 0.2089
0.3267, 0.2089
0.3307, 0.2089
0.3307, 0.2089
0.3307, 0.2089
0.3307, 0.2089
0.3307, 0.2089
0.3307, 0.2089
0.3307, 0.2089
0.3307, 0.2089
0.3307, 0.2089
0.3307, 0.2089
0.3347, 0.2089
0.3347, 0.2089
0.3347, 0.2089
0.3386, 0.2089
0.3386, 0.2089
0.3386, 0.2089
0.3386, 0.2089
0.3386, 0.2089
0.3386, 0.2089
0.3386, 0.2089
0.3386, 0.2089
0.3386, 0.2089
0.3426, 0.2089
0.3426, 0.2089
0.3426, 0.2089
0.3466, 0.2089
0.3466, 0.2089
0.3466, 0.2089
0.3506, 0.2089
0.3506, 0.2089
0.3506, 0.2089
0.3506, 0.2089
0.3506, 0.2089
0.3506, 0.2089
0.3506, 0.2089
0.3506, 0.2089
0.3506, 0.2089
0.3506, 0.2089
0.3546, 0.2089
0.3546, 0.2089
0.3546, 0.2089
0.3546, 0.2089
0.3546, 0.2089
0.3546, 0.2089
0.3586, 0.2089
0.3586, 0.2089
0.3586, 0.2089
0.3586, 0.2089
0.3586, 0.2089
0.3586, 0.2089
0.3586, 0.2089
0.3586, 0.2089
0.3586, 0.2089
0.3586, 0.2089
0.3586, 0.2089
0.3586, 0.2089
0.3625, 0.2089
0.3625, 0.2089
0.3625, 0.2089
0.3625, 0.2089
0.3625, 0.2089
0.3625, 0.2089
0.3625, 0.2089
0.3665, 0.2089
0.3665, 0.2089
0.3705, 0.2089
0.3705, 0.2089
0.3705, 0.2089
0.3705, 0.2089
0.3705, 0.2089
0.3705, 0.2089
0.3745, 0.2089
0.3745, 0.2089
0.3745, 0.2089
0.3785, 0.2089
0.3785, 0.2089
0.3785, 0.2089
0.3785, 0.2089
0.3785, 0.2089
0.3785, 0.2089
0.3785, 0.2089
0.3785, 0.2089
0.3785, 0.2089
0.3785, 0.2089
0.3825, 0.2089
0.3825, 0.2089
0.3825, 0.2089
0.3865, 0.2089
0.3865, 0.2089
0.3865, 0.2089
0.3865, 0.2089
0.3865, 0.2089
0.3865, 0.2089
0.3904, 0.2089
0.3904, 0.2089
0.3904, 0.2089
0.3904, 0.2089
0.3904, 0.2089
0.3904, 0.2089
0.3904, 0.2089
0.3904, 0.2089
0.3904, 0.2089
0.3944, 0.2089
0.3944, 0.2089
0.3944, 0.2089
0.3944, 0.2089
0.3944, 0.2089
0.3944, 0.2089
0.3944, 0.2089
0.3984, 0.2089
0.3984, 0.2089
0.3984, 0.2089
0.3984, 0.2089
0.3984, 0.2089
0.3984, 0.2089
0.4024, 0.2089
0.4024, 0.2089
0.4024, 0.2089
0.4064, 0.2089
0.4064, 0.2089
0.4064, 0.2089
0.4064, 0.2089
0.4064, 0.2089
0.4064, 0.2089
0.4104, 0.2089
0.4104, 0.2089
0.4104, 0.2089
0.4104, 0.2089
0.4104, 0.2089
0.4143, 0.2089
0.4143, 0.2089
0.4143, 0.2089
0.4183, 0.2089
0.4183, 0.2089
0.4183, 0.2089
0.4183, 0.2089
0.4183, 0.2089
0.4183, 0.2089
0.4223, 0.2089
0.4223, 0.2089
0.4223, 0.2089
0.4263, 0.2089
0.4263, 0.2089
0.4263, 0.2089
0.4303, 0.2115
0.4303, 0.2115
0.4303, 0.2115
0.4303, 0.2115
0.4303, 0.2115
0.4303, 0.2115
0.4303, 0.2115
0.4303, 0.2115
0.4303, 0.2115
0.4343, 0.2115
0.4343, 0.2115
0.4343, 0.2115
0.4382, 0.2115
0.4382, 0.2115
0.4382, 0.2115
0.4382, 0.2115
0.4382, 0.2115
0.4382, 0.2115
0.4382, 0.2115
0.4382, 0.2115
0.4422, 0.2115
0.4422, 0.2115
0.4422, 0.2115
0.4462, 0.2115
0.4462, 0.2115
0.4462, 0.2115
0.4462, 0.2115
0.4462, 0.2115
0.4462, 0.2115
0.4462, 0.2115
0.4462, 0.2115
0.4462, 0.2115
0.4462, 0.2115
0.4502, 0.2115
0.4502, 0.2115
0.4502, 0.2115
0.4542, 0.2115
0.4542, 0.2115
0.4542, 0.2115
0.4582, 0.2115
0.4582, 0.2115
0.4582, 0.2115
0.4582, 0.2115
0.4582, 0.2115
0.4622, 0.2115
0.4622, 0.2115
0.4622, 0.2115
0.4622, 0.2115
0.4622, 0.2115
0.4622, 0.2115
0.4622, 0.2115
0.4661, 0.2115
0.4661, 0.2115
0.4661, 0.2115
0.4661, 0.2115
0.4661, 0.2115
0.4661, 0.2115
0.4701, 0.2115
0.4701, 0.2115
0.4701, 0.2115
0.4701, 0.2115
0.4701, 0.2115
0.4701, 0.2115
0.4741, 0.2115
0.4741, 0.2115
0.4741, 0.2115
0.4781, 0.2115
0.4781, 0.2115
0.4781, 0.2115
0.4781, 0.2115
0.4781, 0.2115
0.4781, 0.2115
0.4821, 0.2115
0.4821, 0.2115
0.4821, 0.2115
0.4861, 0.2115
0.4861, 0.2115
0.4861, 0.2115
0.4861, 0.2115
0.4861, 0.2115
0.4861, 0.2115
0.4861, 0.2115
0.4861, 0.2115
0.4861, 0.2115
0.4900, 0.2115
0.4900, 0.2115
0.4900, 0.2115
0.4940, 0.2115
0.4940, 0.2115
0.4940, 0.2115
0.4940, 0.2115
0.4940, 0.2115
0.4940, 0.2115
0.4980, 0.2115
0.4980, 0.2115
0.4980, 0.2115
0.4980, 0.2115
0.4980, 0.2115
0.4980, 0.2115
0.4980, 0.2115
0.4980, 0.2115
0.4980, 0.2115
0.5020, 0.2115
0.5020, 0.2115
0.5020, 0.2115
0.5020, 0.2115
0.5020, 0.2115
0.5020, 0.2115
0.5060, 0.2115
0.5060, 0.2115
0.5060, 0.2115
0.5060, 0.2115
0.5060, 0.2115
0.5060, 0.2115
0.5100, 0.2115
0.5100, 0.2115
0.5100, 0.2115
0.5139, 0.2115
0.5139, 0.2115
0.5139, 0.2115
0.5179, 0.2089
0.5179, 0.2089
0.5179, 0.2089
0.5179, 0.2089
0.5179, 0.2089
0.5179, 0.2089
0.5179, 0.2089
0.5179, 0.2089
0.5179, 0.2089
0.5219, 0.2089
0.5219, 0.2089
0.5219, 0.2089
0.5259, 0.2089
0.5259, 0.2089
0.5259, 0.2089
0.5259, 0.2089
0.5259, 0.2089
0.5259, 0.2089
0.5259, 0.2089
0.5259, 0.2089
0.5259, 0.2089
0.5299, 0.2063
0.5299, 0.2063
0.5299, 0.2063
0.5339, 0.2063
0.5339, 0.2063
0.5378, 0.2063
0.5378, 0.2063
0.5378, 0.2063
0.5378, 0.2063
0.5378, 0.2063
0.5378, 0.2063
0.5378, 0.2063
0.5378, 0.2063
0.5378, 0.2063
0.5418, 0.2063
0.5418, 0.2063
0.5418, 0.2063
0.5418, 0.2037
0.5418, 0.2037
0.5418, 0.2037
0.5458, 0.2037
0.5458, 0.2037
0.5458, 0.2037
0.5458, 0.2037
0.5458, 0.2037
0.5458, 0.2037
0.5458, 0.2037
0.5458, 0.2037
0.5458, 0.2037
0.5458, 0.2037
0.5458, 0.2037
0.5458, 0.2037
0.5498, 0.2037
0.5498, 0.2037
0.5498, 0.2037
0.5498, 0.2037
0.5498, 0.2037
0.5498, 0.2037
0.5538, 0.2037
0.5538, 0.2037
0.5538, 0.2037
0.5578, 0.2037
0.5578, 0.2037
0.5578, 0.2037
0.5578, 0.2037
0.5578, 0.2037
0.5578, 0.2037
0.5618, 0.2010
0.5618, 0.2010
0.5618, 0.2010
0.5618, 0.2010
0.5618, 0.2010
0.5618, 0.2010
0.5657, 0.2010
0.5657, 0.2010
0.5657, 0.2010
0.5657, 0.1984
0.5657, 0.1984
0.5657, 0.1984
0.5697, 0.1984
0.5697, 0.1984
0.5697, 0.1984
0.5697, 0.1984
0.5697, 0.1984
0.5697, 0.1984
0.5737, 0.1984
0.5737, 0.1984
0.5737, 0.1984
0.5737, 0.1984
0.5737, 0.1984
0.5737, 0.1984
0.5737, 0.1984
0.5737, 0.1984
0.5737, 0.1984
0.5737, 0.1984
0.5737, 0.1984
0.5737, 0.1984
0.5737, 0.1984
0.5737, 0.1984
0.5737, 0.1984
0.5737, 0.1984
0.5737, 0.1984
0.5737, 0.1984
0.5737, 0.1984
0.5737, 0.1984
0.5737, 0.1984
0.5777, 0.1984
0.5777, 0.1984
0.5777, 0.1984
0.5777, 0.1958
0.5777, 0.1958
0.5777, 0.1958
0.5817, 0.1958
0.5817, 0.1958
0.5817, 0.1958
0.5857, 0.1958
0.5857, 0.1958
0.5857, 0.1932
0.5857, 0.1932
0.5857, 0.1932
0.5857, 0.1932
0.5857, 0.1932
0.5857, 0.1932
0.5896, 0.1906
0.5896, 0.1906
0.5896, 0.1906
0.5936, 0.1906
0.5936, 0.1906
0.5936, 0.1906
0.5936, 0.1906
0.5936, 0.1906
0.5936, 0.1906
0.5936, 0.1906
0.5936, 0.1906
0.5936, 0.1906
0.5936, 0.1906
0.5936, 0.1906
0.5936, 0.1906
0.5936, 0.1906
0.5936, 0.1906
0.5936, 0.1906
0.5976, 0.1906
0.5976, 0.1906
0.5976, 0.1906
0.5976, 0.1906
0.5976, 0.1906
0.5976, 0.1906
0.5976, 0.1906
0.5976, 0.1906
0.5976, 0.1906
0.5976, 0.1906
0.5976, 0.1906
0.5976, 0.1906
0.5976, 0.1906
0.5976, 0.1906
0.5976, 0.1906
0.5976, 0.1906
0.5976, 0.1906
0.5976, 0.1906
0.5976, 0.1906
0.5976, 0.1906
0.5976, 0.1906
0.5976, 0.1906
0.5976, 0.1906
0.5976, 0.1906
0.6016, 0.1906
0.6016, 0.1906
0.6016, 0.1906
0.6016, 0.1906
0.6016, 0.1906
0.6016, 0.1906
0.6016, 0.1880
0.6016, 0.1880
0.6016, 0.1880
0.6016, 0.1880
0.6016, 0.1880
0.6016, 0.1880
0.6016, 0.1880
0.6016, 0.1880
0.6016, 0.1880
0.6016, 0.1880
0.6016, 0.1880
0.6016, 0.1880
0.6016, 0.1880
0.6016, 0.1880
0.6016, 0.1880
0.6016, 0.1880
0.6016, 0.1880
0.6016, 0.1880
0.6016, 0.1880
0.6016, 0.1880
0.6016, 0.1880
0.6016, 0.1880
0.6016, 0.1880
0.6016, 0.1880
0.6016, 0.1880
0.6016, 0.1880
0.6016, 0.1880
0.6056, 0.1880
0.6056, 0.1880
0.6056, 0.1880
0.6056, 0.1880
0.6056, 0.1880
0.6056, 0.1880
0.6056, 0.1880
0.6056, 0.1880
0.6056, 0.1880
0.6056, 0.1880
0.6056, 0.1880
0.6056, 0.1880
0.6056, 0.1880
0.6056, 0.1880
0.6056, 0.1880
0.6056, 0.1880
0.6056, 0.1880
0.6056, 0.1880
0.6056, 0.1854
0.6056, 0.1854
0.6096, 0.1854
0.6096, 0.1854
0.6096, 0.1854
0.6096, 0.1854
0.6096, 0.1854
0.6096, 0.1854
0.6096, 0.1854
0.6096, 0.1854
0.6096, 0.1854
0.6135, 0.1854
0.6135, 0.1854
0.6135, 0.1854
0.6135, 0.1854
0.6135, 0.1854
0.6135, 0.1854
0.6135, 0.1854
0.6135, 0.1854
0.6135, 0.1854
0.6135, 0.1854
0.6135, 0.1854
0.6135, 0.1854
0.6135, 0.1854
0.6135, 0.1854
0.6135, 0.1854
0.6135, 0.1854
0.6135, 0.1854
0.6135, 0.1854
0.6135, 0.1854
0.6135, 0.1854
0.6135, 0.1854
0.6135, 0.1854
0.6135, 0.1854
0.6175, 0.1854
0.6175, 0.1854
0.6175, 0.1854
0.6175, 0.1854
0.6175, 0.1854
0.6175, 0.1854
0.6175, 0.1854
0.6175, 0.1854
0.6175, 0.1854
0.6175, 0.1854
0.6175, 0.1854
0.6175, 0.1854
0.6175, 0.1854
0.6175, 0.1854
0.6175, 0.1854
0.6175, 0.1854
0.6175, 0.1854
0.6175, 0.1854
0.6175, 0.1854
0.6175, 0.1854
0.6175, 0.1854
0.6175, 0.1854
0.6175, 0.1854
0.6175, 0.1854
0.6175, 0.1854
0.6175, 0.1854
0.6215, 0.1854
0.6215, 0.1854
0.6215, 0.1854
0.6215, 0.1854
0.6215, 0.1854
0.6215, 0.1854
0.6215, 0.1854
0.6215, 0.1854
0.6215, 0.1854
0.6215, 0.1854
0.6215, 0.1854
0.6215, 0.1854
0.6215, 0.1854
0.6215, 0.1854
0.6215, 0.1854
0.6215, 0.1854
0.6215, 0.1854
0.6215, 0.1854
0.6215, 0.1854
0.6215, 0.1854
0.6215, 0.1854
0.6215, 0.1854
0.6215, 0.1854
0.6215, 0.1854
0.6215, 0.1854
0.6215, 0.1854
0.6215, 0.1854
0.6215, 0.1854
0.6215, 0.1854
0.6215, 0.1854
0.6215, 0.1854
0.6215, 0.1854
0.6215, 0.1854
0.6215, 0.1828
0.6215, 0.1828
0.6215, 0.1828
0.6215, 0.1828
0.6215, 0.1828
0.6215, 0.1828
0.6215, 0.1828
0.6215, 0.1828
0.6215, 0.1828
0.6215, 0.1828
0.6215, 0.1828
0.6215, 0.1828
0.6215, 0.1828
0.6215, 0.1828
0.6215, 0.1828
0.6215, 0.1828
0.6215, 0.1828
0.6215, 0.1828
0.6215, 0.1828
0.6215, 0.1828
0.6215, 0.1828
0.6215, 0.1828
0.6215, 0.1828
0.6215, 0.1828
0.6215, 0.1828
0.6215, 0.1828
0.6215, 0.1828
0.6255, 0.1828
0.6255, 0.1828
0.6255, 0.1828
0.6255, 0.1828
0.6255, 0.1828
0.6255, 0.1828
0.6255, 0.1828
0.6255, 0.1828
0.6255, 0.1828
0.6255, 0.1828
0.6255, 0.1828
0.6255, 0.1828
0.6255, 0.1828
0.6255, 0.1828
0.6255, 0.1828
0.6255, 0.1828
0.6255, 0.1828
0.6255, 0.1828
0.6255, 0.1828
0.6255, 0.1828
0.6255, 0.1828
0.6255, 0.1828
0.6255, 0.1828
0.6255, 0.1828
0.6255, 0.1828
0.6255, 0.1828
0.6255, 0.1828
0.6255, 0.1828
0.6255, 0.1828
0.6255, 0.1828
0.6255, 0.1828
0.6255, 0.1828
0.6255, 0.1828
0.6255, 0.1828
0.6255, 0.1828
0.6255, 0.1802
0.6255, 0.1802
0.6255, 0.1802
0.6255, 0.1802
0.6255, 0.1802
0.6255, 0.1802
0.6255, 0.1802
0.6255, 0.1802
0.6255, 0.1802
0.6255, 0.1802
0.6255, 0.1802
0.6255, 0.1802
0.6295, 0.1802
0.6295, 0.1802
0.6295, 0.1802
0.6295, 0.1802
0.6295, 0.1802
0.6295, 0.1802
0.6295, 0.1802
0.6295, 0.1802
0.6295, 0.1802
0.6295, 0.1802
0.6295, 0.1802
0.6295, 0.1802
0.6295, 0.1802
0.6295, 0.1802
0.6295, 0.1802
0.6295, 0.1802
0.6295, 0.1802
0.6295, 0.1802
0.6295, 0.1802
0.6295, 0.1802
0.6295, 0.1775
0.6295, 0.1775
0.6295, 0.1775
0.6335, 0.1775
0.6335, 0.1775
0.6335, 0.1775
0.6335, 0.1775
0.6335, 0.1775
0.6335, 0.1775
0.6335, 0.1775
0.6335, 0.1775
0.6335, 0.1775
0.6335, 0.1775
0.6335, 0.1775
0.6335, 0.1775
0.6335, 0.1775
0.6335, 0.1775
0.6335, 0.1775
0.6335, 0.1775
0.6335, 0.1775
0.6335, 0.1775
0.6335, 0.1775
0.6335, 0.1775
0.6335, 0.1775
0.6335, 0.1775
0.6335, 0.1775
0.6335, 0.1775
0.6335, 0.1775
0.6335, 0.1775
0.6335, 0.1775
0.6335, 0.1775
0.6335, 0.1775
0.6335, 0.1775
0.6335, 0.1775
0.6335, 0.1775
0.6335, 0.1775
0.6335, 0.1775
0.6335, 0.1775
0.6335, 0.1775
0.6335, 0.1775
0.6335, 0.1775
0.6335, 0.1775
0.6335, 0.1775
0.6335, 0.1775
0.6335, 0.1775
0.6335, 0.1775
0.6335, 0.1775
0.6335, 0.1775
0.6335, 0.1775
0.6335, 0.1775
0.6335, 0.1775
0.6335, 0.1775
0.6335, 0.1775
0.6335, 0.1775
0.6335, 0.1775
0.6335, 0.1775
0.6335, 0.1775
0.6335, 0.1775
0.6335, 0.1775
0.6335, 0.1775
0.6335, 0.1775
0.0000, 1.0000
0.0000, 1.0000
0.0000, 1.0000
0.0000, 1.0000
0.0000, 1.0000
0.0000, 1.0000
0.0000, 1.0000
0.0000, 1.0000
0.0000, 1.0000
0.0000, 1.0000
0.0000, 1.0000
0.0000, 1.0000
0.0000, 1.0000
0.0000, 1.0000
0.0000, 1.0000
0.0000, 1.0000
0.0000, 1.0000
0.0000, 1.0000
0.0000, 1.0000
0.0000, 1.0000
0.0000, 1.0000
0.0000, 1.0000
0.0000, 1.0000
0.0000, 1.0000
0.0000, 1.0000
0.0000, 1.0000
0.0000, 1.0000
0.0000, 1.0000
0.0000, 1.0000
0.0000, 1.0000
0.0000, 1.0000
0.0000, 1.0000
0.0000, 1.0000
0.0000, 1.0000
0.0000, 1.0000
0.0000, 1.0000
0.0000, 1.0000
0.0000, 1.0000
0.0000, 1.0000
