1.0000, 0.3158
1.0000, 0.3158
1.0000, 0.3158
1.0000, 0.3158
1.0000, 0.3158
1.0000, 0.3158
1.0000, 0.3158
1.0000, 0.3158
1.0000, 0.3158
1.0000, 0.3158
1.0000, 0.3158
1.0000, 0.3158
1.0000, 0.3158
1.0000, 0.3158
1.0000, 0.3158
1.0000, 0.3158
1.0000, 0.3158
1.0000, 0.3158
1.0000, 0.3158
1.0000, 0.3158
1.0000, 0.3158
1.0000, 0.3158
1.0000, 0.3158
1.0000, 0.3158
1.0000, 0.3158
1.0000, 0.3158
1.0000, 0.3158
1.0000, 0.3158
1.0000, 0.3158
1.0000, 0.3158
1.0000, 0.3158
1.0000, 0.3158
1.0000, 0.3158
1.0000, 0.3158
1.0000, 0.3158
1.0000, 0.3158
1.0000, 0.3158
1.0000, 0.3158
1.0000, 0.3158
1.0000, 0.3158
1.0000, 0.3158
1.0000, 0.3158
1.0000, 0.3158
1.0000, 0.3158
1.0000, 0.3158
1.0000, 0.3158
1.0000, 0.3158
1.0000, 0.3158
1.0000, 0.3158
1.0000, 0.3158
1.0000, 0.3158
1.0000, 0.3158
1.0000, 0.3158
1.0000, 0.3158
1.0000, 0.3158
1.0000, 0.3158
1.0000, 0.3158
1.0000, 0.3184
1.0000, 0.3184
1.0000, 0.3184
1.0000, 0.3184
0.9960, 0.3211
0.9960, 0.3211
0.9960, 0.3211
0.9960, 0.3211
0.9960, 0.3211
0.9960, 0.3211
0.9960, 0.3211
0.9960, 0.3211
0.9960, 0.3211
0.9919, 0.3237
0.9919, 0.3237
0.9919, 0.3237
0.9919, 0.3237
0.9919, 0.3263
0.9919, 0.3263
0.9919, 0.3263
0.9919, 0.3263
0.9919, 0.3263
0.9919, 0.3263
0.9919, 0.3263
0.9919, 0.3263
0.9919, 0.3263
0.9879, 0.3289
0.9879, 0.3289
0.9879, 0.3289
0.9879, 0.3289
0.9879, 0.3289
0.9879, 0.3289
0.9879, 0.3289
0.9879, 0.3289
0.9838, 0.3289
0.9838, 0.3289
0.9838, 0.3289
0.9838, 0.3289
0.9838, 0.3316
0.9838, 0.3316
0.9838, 0.3316
0.9838, 0.3316
0.9838, 0.3316
0.9838, 0.3316
0.9838, 0.3316
0.9838, 0.3316
0.9838, 0.3342
0.9838, 0.3342
0.9838, 0.3342
0.9838, 0.3342
0.9838, 0.3342
0.9838, 0.3342
0.9838, 0.3342
0.9838, 0.3342
0.9838, 0.3342
0.9798, 0.3342
0.9798, 0.3342
0.9798, 0.3342
0.9798, 0.3342
0.9798, 0.3342
0.9798, 0.3342
0.9798, 0.3342
0.9798, 0.3342
0.9798, 0.3342
0.9798, 0.3342
0.9798, 0.3368
0.9798, 0.3368
0.9798, 0.3368
0.9798, 0.3368
0.9757, 0.3368
0.9757, 0.3368
0.9757, 0.3368
0.9757, 0.3368
0.9757, 0.3368
0.9757, 0.3368
0.9757, 0.3368
0.9757, 0.3368
0.9757, 0.3368
0.9757, 0.3395
0.9757, 0.3395
0.9757, 0.3395
0.9757, 0.3395
0.9717, 0.3395
0.9717, 0.3395
0.9717, 0.3395
0.9717, 0.3395
0.9717, 0.3421
0.9717, 0.3421
0.9717, 0.3421
0.9717, 0.3421
0.9717, 0.3421
0.9717, 0.3421
0.9717, 0.3421
0.9717, 0.3421
0.9717, 0.3421
0.9717, 0.3421
0.9717, 0.3421
0.9717, 0.3421
0.9717, 0.3421
0.9717, 0.3421
0.9717, 0.3421
0.9717, 0.3421
0.9717, 0.3421
0.9717, 0.3421
0.9717, 0.3421
0.9717, 0.3421
0.9717, 0.3421
0.9676, 0.3421
0.9676, 0.3421
0.9676, 0.3421
0.9676, 0.3421
0.9676, 0.3421
0.9676, 0.3421
0.9676, 0.3421
0.9676, 0.3421
0.9676, 0.3421
0.9676, 0.3421
0.9676, 0.3421
0.9676, 0.3421
0.9676, 0.3421
0.9636, 0.3447
0.9636, 0.3447
0.9636, 0.3447
0.9636, 0.3447
0.9636, 0.3447
0.9636, 0.3447
0.9636, 0.3447
0.9636, 0.3447
0.9636, 0.3447
0.9636, 0.3447
0.9636, 0.3447
0.9636, 0.3447
0.9636, 0.3447
0.9636, 0.3447
0.9636, 0.3474
0.9636, 0.3474
0.9636, 0.3474
0.9636, 0.3474
0.9636, 0.3474
0.9636, 0.3474
0.9636, 0.3474
0.9636, 0.3474
0.9636, 0.3474
0.9595, 0.3474
0.9595, 0.3474
0.9595, 0.3474
0.9555, 0.3474
0.9555, 0.3474
0.9555, 0.3474
0.9555, 0.3474
0.9555, 0.3474
0.9514, 0.3500
0.9514, 0.3500
0.9514, 0.3500
0.9514, 0.3500
0.9514, 0.3500
0.9514, 0.3500
0.9514, 0.3500
0.9514, 0.3500
0.9514, 0.3526
0.9514, 0.3526
0.9514, 0.3526
0.9514, 0.3526
0.9474, 0.3526
0.9474, 0.3526
0.9474, 0.3526
0.9474, 0.3526
0.9474, 0.3526
0.9474, 0.3526
0.9474, 0.3526
0.9474, 0.3526
0.9433, 0.3526
0.9433, 0.3526
0.9433, 0.3526
0.9433, 0.3526
0.9433, 0.3553
0.9433, 0.3553
0.9433, 0.3553
0.9433, 0.3553
0.9433, 0.3553
0.9433, 0.3553
0.9433, 0.3553
0.9433, 0.3553
0.9433, 0.3553
0.9393, 0.3553
0.9393, 0.3553
0.9393, 0.3553
0.9393, 0.3553
0.9393, 0.3553
0.9393, 0.3553
0.9393, 0.3553
0.9393, 0.3553
0.9393, 0.3553
0.9352, 0.3553
0.9352, 0.3553
0.9352, 0.3553
0.9352, 0.3553
0.9352, 0.3553
0.9352, 0.3553
0.9352, 0.3553
0.9312, 0.3553
0.9312, 0.3553
0.9312, 0.3553
0.9312, 0.3553
0.9312, 0.3553
0.9312, 0.3553
0.9312, 0.3553
0.9271, 0.3579
0.9271, 0.3579
0.9271, 0.3579
0.9271, 0.3579
0.9271, 0.3579
0.9271, 0.3579
0.9271, 0.3579
0.9271, 0.3579
0.9231, 0.3579
0.9231, 0.3579
0.9231, 0.3579
0.9231, 0.3579
0.9231, 0.3579
0.9231, 0.3579
0.9231, 0.3579
0.9231, 0.3579
0.9231, 0.3579
0.9231, 0.3579
0.9231, 0.3579
0.9231, 0.3579
0.9231, 0.3579
0.9190, 0.3579
0.9190, 0.3579
0.9190, 0.3579
0.9190, 0.3579
0.9190, 0.3605
0.9190, 0.3605
0.9190, 0.3605
0.9190, 0.3605
0.9190, 0.3605
0.9190, 0.3605
0.9190, 0.3605
0.9190, 0.3605
0.9150, 0.3605
0.9150, 0.3605
0.9150, 0.3605
0.9150, 0.3605
0.9150, 0.3605
0.9150, 0.3605
0.9150, 0.3605
0.9150, 0.3605
0.9109, 0.3605
0.9109, 0.3605
0.9109, 0.3605
0.9109, 0.3605
0.9109, 0.3605
0.9109, 0.3605
0.9109, 0.3605
0.9109, 0.3605
0.9109, 0.3605
0.9109, 0.3605
0.9109, 0.3605
0.9109, 0.3605
0.9069, 0.3605
0.9069, 0.3605
0.9069, 0.3605
0.9069, 0.3605
0.9028, 0.3605
0.9028, 0.3605
0.9028, 0.3605
0.9028, 0.3605
0.9028, 0.3605
0.9028, 0.3605
0.9028, 0.3605
0.9028, 0.3605
0.9028, 0.3605
0.9028, 0.3605
0.9028, 0.3605
0.9028, 0.3605
0.9028, 0.3605
0.9028, 0.3605
0.9028, 0.3605
0.9028, 0.3605
0.9028, 0.3605
0.8988, 0.3605
0.8988, 0.3605
0.8988, 0.3605
0.8988, 0.3605
0.8988, 0.3605
0.8988, 0.3605
0.8988, 0.3605
0.8988, 0.3605
0.8947, 0.3605
0.8947, 0.3605
0.8947, 0.3605
0.8947, 0.3605
0.8907, 0.3605
0.8907, 0.3605
0.8907, 0.3605
0.8907, 0.3605
0.8907, 0.3605
0.8907, 0.3605
0.8907, 0.3605
0.8866, 0.3605
0.8866, 0.3605
0.8866, 0.3605
0.8826, 0.3605
0.8826, 0.3605
0.8826, 0.3605
0.8826, 0.3605
0.8826, 0.3605
0.8826, 0.3605
0.8826, 0.3605
0.8826, 0.3605
0.8826, 0.3605
0.8826, 0.3605
0.8826, 0.3605
0.8826, 0.3605
0.8785, 0.3605
0.8785, 0.3605
0.8785, 0.3605
0.8745, 0.3605
0.8745, 0.3605
0.8745, 0.3605
0.8745, 0.3605
0.8745, 0.3605
0.8745, 0.3605
0.8745, 0.3605
0.8745, 0.3605
0.8745, 0.3605
0.8745, 0.3605
0.8745, 0.3605
0.8745, 0.3605
0.8745, 0.3605
0.8745, 0.3605
0.8704, 0.3605
0.8704, 0.3605
0.8704, 0.3605
0.8704, 0.3605
0.8704, 0.3579
0.8704, 0.3579
0.8704, 0.3579
0.8664, 0.3579
0.8664, 0.3579
0.8664, 0.3579
0.8664, 0.3579
0.8623, 0.3579
0.8623, 0.3579
0.8623, 0.3579
0.8623, 0.3579
0.8623, 0.3579
0.8623, 0.3579
0.8623, 0.3579
0.8623, 0.3579
0.8623, 0.3579
0.8623, 0.3579
0.8623, 0.3579
0.8623, 0.3579
0.8583, 0.3579
0.8583, 0.3579
0.8583, 0.3579
0.8583, 0.3579
0.8583, 0.3553
0.8583, 0.3553
0.8583, 0.3553
0.8543, 0.3553
0.8543, 0.3553
0.8543, 0.3553
0.8543, 0.3553
0.8543, 0.3553
0.8543, 0.3553
0.8543, 0.3553
0.8543, 0.3553
0.8502, 0.3526
0.8502, 0.3526
0.8502, 0.3526
0.8502, 0.3526
0.8502, 0.3526
0.8502, 0.3526
0.8502, 0.3526
0.8502, 0.3526
0.8462, 0.3526
0.8462, 0.3526
0.8462, 0.3526
0.8421, 0.3500
0.8421, 0.3500
0.8421, 0.3500
0.8421, 0.3500
0.8421, 0.3500
0.8421, 0.3500
0.8421, 0.3500
0.8421, 0.3500
0.8421, 0.3500
0.8421, 0.3500
0.8421, 0.3500
0.8421, 0.3500
0.8421, 0.3500
0.8381, 0.3500
0.8381, 0.3500
0.8381, 0.3500
0.8381, 0.3474
0.8381, 0.3474
0.8381, 0.3474
0.8381, 0.3474
0.8340, 0.3474
0.8340, 0.3474
0.8340, 0.3474
0.8340, 0.3474
0.8340, 0.3474
0.8340, 0.3474
0.8340, 0.3474
0.8340, 0.3474
0.8340, 0.3447
0.8340, 0.3447
0.8340, 0.3447
0.8300, 0.3447
0.8300, 0.3447
0.8300, 0.3447
0.8300, 0.3447
0.8300, 0.3447
0.8300, 0.3447
0.8300, 0.3447
0.8300, 0.3447
0.8259, 0.3447
0.8259, 0.3447
0.8259, 0.3447
0.8259, 0.3421
0.8259, 0.3421
0.8259, 0.3421
0.8259, 0.3421
0.8219, 0.3421
0.8219, 0.3421
0.8219, 0.3421
0.8219, 0.3421
0.8219, 0.3421
0.8219, 0.3421
0.8219, 0.3421
0.8219, 0.3421
0.8219, 0.3395
0.8219, 0.3395
0.8219, 0.3395
0.8219, 0.3395
0.8178, 0.3395
0.8178, 0.3395
0.8178, 0.3395
0.8178, 0.3368
0.8178, 0.3368
0.8178, 0.3368
0.8178, 0.3368
0.8138, 0.3368
0.8138, 0.3368
0.8138, 0.3368
0.8138, 0.3368
0.8138, 0.3368
0.8138, 0.3368
0.8138, 0.3368
0.8138, 0.3368
0.8138, 0.3368
0.8138, 0.3368
0.8138, 0.3368
0.8138, 0.3368
0.8097, 0.3342
0.8097, 0.3342
0.8097, 0.3342
0.8097, 0.3342
0.8097, 0.3342
0.8097, 0.3342
0.8097, 0.3342
0.8097, 0.3342
0.8057, 0.3316
0.8057, 0.3316
0.8057, 0.3316
0.8057, 0.3316
0.8057, 0.3316
0.8057, 0.3316
0.8057, 0.3316
0.8016, 0.3316
0.8016, 0.3316
0.8016, 0.3316
0.8016, 0.3316
0.8016, 0.3316
0.8016, 0.3316
0.8016, 0.3316
0.8016, 0.3289
0.8016, 0.3289
0.8016, 0.3289
0.8016, 0.3289
0.7976, 0.3289
0.7976, 0.3289
0.7976, 0.3289
0.7935, 0.3263
0.7935, 0.3263
0.7935, 0.3263
0.7935, 0.3263
0.7935, 0.3263
0.7935, 0.3263
0.7935, 0.3263
0.7935, 0.3263
0.7935, 0.3237
0.7935, 0.3237
0.7935, 0.3237
0.7935, 0.3237
0.7935, 0.3237
0.7935, 0.3237
0.7935, 0.3237
0.7895, 0.3237
0.7895, 0.3237
0.7895, 0.3237
0.7854, 0.3211
0.7854, 0.3211
0.7854, 0.3211
0.7854, 0.3211
0.7854, 0.3211
0.7854, 0.3211
0.7854, 0.3211
0.7854, 0.3211
0.7814, 0.3184
0.7814, 0.3184
0.7814, 0.3184
0.7814, 0.3184
0.7814, 0.3184
0.7814, 0.3184
0.7814, 0.3184
0.7814, 0.3184
0.7814, 0.3184
0.7814, 0.3184
0.7814, 0.3184
0.7814, 0.3184
0.7814, 0.3184
0.7814, 0.3184
0.7814, 0.3184
0.7773, 0.3158
0.7773, 0.3158
0.7773, 0.3158
0.7773, 0.3158
0.7773, 0.3158
0.7773, 0.3158
0.7773, 0.3158
0.7773, 0.3158
0.7733, 0.3132
0.7733, 0.3132
0.7733, 0.3132
0.7733, 0.3132
0.7733, 0.3132
0.7733, 0.3132
0.7733, 0.3132
0.7733, 0.3105
0.7733, 0.3105
0.7733, 0.3105
0.7733, 0.3105
0.7733, 0.3105
0.7733, 0.3105
0.7733, 0.3105
0.7733, 0.3105
0.7692, 0.3105
0.7692, 0.3105
0.7692, 0.3105
0.7692, 0.3105
0.7692, 0.3105
0.7692, 0.3105
0.7692, 0.3105
0.7652, 0.3079
0.7652, 0.3079
0.7652, 0.3079
0.7652, 0.3079
0.7652, 0.3079
0.7652, 0.3079
0.7652, 0.3079
0.7652, 0.3079
0.7611, 0.3053
0.7611, 0.3053
0.7611, 0.3053
0.7611, 0.3053
0.7611, 0.3053
0.7611, 0.3053
0.7611, 0.3053
0.7611, 0.3053
0.7611, 0.3053
0.7611, 0.3053
0.7611, 0.3053
0.7611, 0.3053
0.7611, 0.3053
0.7611, 0.3053
0.7611, 0.3053
0.7611, 0.3053
0.7611, 0.3053
0.7611, 0.3053
0.7611, 0.3053
0.7571, 0.3026
0.7571, 0.3026
0.7571, 0.3026
0.7571, 0.3026
0.7571, 0.3026
0.7571, 0.3026
0.7571, 0.3026
0.7571, 0.3026
0.7571, 0.3026
0.7571, 0.3026
0.7571, 0.3026
0.7571, 0.3026
0.7530, 0.3000
0.7530, 0.3000
0.7530, 0.3000
0.7530, 0.3000
0.7530, 0.3000
0.7530, 0.3000
0.7530, 0.3000
0.7530, 0.3000
0.7530, 0.2974
0.7530, 0.2974
0.7530, 0.2974
0.7530, 0.2974
0.7530, 0.2974
0.7530, 0.2974
0.7530, 0.2974
0.7490, 0.2974
0.7490, 0.2974
0.7490, 0.2974
0.7490, 0.2974
0.7490, 0.2947
0.7490, 0.2947
0.7490, 0.2947
0.7449, 0.2947
0.7449, 0.2947
0.7449, 0.2947
0.7449, 0.2947
0.7449, 0.2921
0.7449, 0.2921
0.7449, 0.2921
0.7449, 0.2921
0.7449, 0.2921
0.7449, 0.2921
0.7449, 0.2921
0.7449, 0.2921
0.7449, 0.2921
0.7449, 0.2921
0.7449, 0.2921
0.7449, 0.2921
0.7449, 0.2921
0.7409, 0.2895
0.7409, 0.2895
0.7409, 0.2895
0.7409, 0.2895
0.7409, 0.2895
0.7409, 0.2895
0.7409, 0.2895
0.7368, 0.2868
0.7368, 0.2868
0.7368, 0.2868
0.7368, 0.2868
0.7368, 0.2868
0.7368, 0.2868
0.7368, 0.2842
0.7368, 0.2842
0.7368, 0.2842
0.7328, 0.2842
0.7328, 0.2842
0.7328, 0.2842
0.7328, 0.2842
0.7328, 0.2842
0.7328, 0.2842
0.7328, 0.2842
0.7328, 0.2816
0.7328, 0.2816
0.7328, 0.2816
0.7328, 0.2816
0.7328, 0.2816
0.7328, 0.2816
0.7328, 0.2816
0.7328, 0.2816
0.7287, 0.2789
0.7287, 0.2789
0.7287, 0.2789
0.7287, 0.2789
0.7287, 0.2789
0.7287, 0.2789
0.7287, 0.2789
0.7247, 0.2789
0.7247, 0.2789
0.7247, 0.2789
0.7247, 0.2763
0.7247, 0.2763
0.7247, 0.2763
0.7247, 0.2763
0.7247, 0.2763
0.7247, 0.2763
0.7247, 0.2763
0.7247, 0.2763
0.7247, 0.2737
0.7247, 0.2737
0.7247, 0.2737
0.7247, 0.2737
0.7247, 0.2737
0.7247, 0.2737
0.7247, 0.2737
0.7206, 0.2737
0.7206, 0.2737
0.7206, 0.2737
0.7206, 0.2711
0.7206, 0.2711
0.7206, 0.2711
0.7206, 0.2711
0.7166, 0.2684
0.7166, 0.2684
0.7166, 0.2684
0.7166, 0.2658
0.7166, 0.2658
0.7166, 0.2658
0.7166, 0.2658
0.7126, 0.2658
0.7126, 0.2658
0.7126, 0.2658
0.7126, 0.2658
0.7126, 0.2658
0.7126, 0.2658
0.7126, 0.2658
0.7126, 0.2632
0.7126, 0.2632
0.7126, 0.2632
0.7126, 0.2632
0.7126, 0.2632
0.7126, 0.2632
0.7126, 0.2632
0.7126, 0.2605
0.7126, 0.2605
0.7126, 0.2605
0.7126, 0.2605
0.7126, 0.2605
0.7126, 0.2605
0.7126, 0.2605
0.7126, 0.2605
0.7085, 0.2605
0.7085, 0.2605
0.7085, 0.2605
0.7085, 0.2605
0.7085, 0.2605
0.7085, 0.2605
0.7085, 0.2605
0.7085, 0.2579
0.7085, 0.2579
0.7085, 0.2579
0.7045, 0.2579
0.7045, 0.2579
0.7045, 0.2579
0.7045, 0.2579
0.7045, 0.2553
0.7045, 0.2553
0.7045, 0.2553
0.7045, 0.2526
0.7045, 0.2526
0.7045, 0.2526
0.7045, 0.2526
0.7045, 0.2526
0.7045, 0.2526
0.7045, 0.2526
0.7045, 0.2526
0.7045, 0.2526
0.7045, 0.2526
0.7045, 0.2526
0.7045, 0.2526
0.7004, 0.2526
0.7004, 0.2526
0.7004, 0.2526
0.7004, 0.2500
0.7004, 0.2500
0.7004, 0.2500
0.7004, 0.2474
0.7004, 0.2474
0.7004, 0.2474
0.7004, 0.2474
0.6964, 0.2474
0.6964, 0.2474
0.6964, 0.2474
0.6964, 0.2474
0.6964, 0.2474
0.6964, 0.2474
0.6964, 0.2474
0.6923, 0.2447
0.6923, 0.2447
0.6923, 0.2447
0.6923, 0.2421
0.6923, 0.2421
0.6923, 0.2421
0.6923, 0.2421
0.6923, 0.2421
0.6923, 0.2421
0.6923, 0.2421
0.6923, 0.2395
0.6923, 0.2395
0.6923, 0.2395
0.6923, 0.2395
0.6923, 0.2395
0.6923, 0.2395
0.6923, 0.2395
0.6883, 0.2395
0.6883, 0.2395
0.6883, 0.2395
0.6883, 0.2395
0.6883, 0.2368
0.6883, 0.2368
0.6883, 0.2368
0.6883, 0.2368
0.6883, 0.2368
0.6883, 0.2368
0.6883, 0.2368
0.6842, 0.2342
0.6842, 0.2342
0.6842, 0.2342
0.6842, 0.2342
0.6842, 0.2342
0.6842, 0.2342
0.6842, 0.2342
0.6842, 0.2342
0.6842, 0.2342
0.6842, 0.2342
0.6842, 0.2342
0.6842, 0.2316
0.6842, 0.2316
0.6842, 0.2316
0.6842, 0.2289
0.6842, 0.2289
0.6842, 0.2289
0.6802, 0.2289
0.6802, 0.2289
0.6802, 0.2289
0.6802, 0.2289
0.6802, 0.2263
0.6802, 0.2263
0.6802, 0.2263
0.6802, 0.2263
0.6802, 0.2263
0.6802, 0.2263
0.6802, 0.2263
0.6761, 0.2237
0.6761, 0.2237
0.6761, 0.2237
0.6761, 0.2237
0.6761, 0.2237
0.6761, 0.2237
0.6761, 0.2237
0.6721, 0.2211
0.6721, 0.2211
0.6721, 0.2211
0.6721, 0.2211
0.6721, 0.2211
0.6721, 0.2211
0.6721, 0.2211
0.6721, 0.2211
0.6721, 0.2211
0.6721, 0.2211
0.6721, 0.2211
0.6721, 0.2184
0.6721, 0.2184
0.6721, 0.2184
0.6721, 0.2184
0.6721, 0.2184
0.6721, 0.2184
0.6721, 0.2184
0.6721, 0.2158
0.6721, 0.2158
0.6721, 0.2158
0.6721, 0.2158
0.6721, 0.2158
0.6721, 0.2158
0.6721, 0.2158
0.6680, 0.2158
0.6680, 0.2158
0.6680, 0.2158
0.6680, 0.2158
0.6680, 0.2132
0.6680, 0.2132
0.6680, 0.2132
0.6680, 0.2132
0.6680, 0.2132
0.6680, 0.2132
0.6680, 0.2132
0.6640, 0.2132
0.6640, 0.2132
0.6640, 0.2132
0.6640, 0.2132
0.6640, 0.2132
0.6640, 0.2132
0.6640, 0.2132
0.6640, 0.2132
0.6640, 0.2132
0.6640, 0.2132
0.6640, 0.2132
0.6640, 0.2105
0.6640, 0.2105
0.6640, 0.2105
0.6640, 0.2105
0.6640, 0.2105
0.6640, 0.2105
0.6640, 0.2105
0.6640, 0.2079
0.6640, 0.2079
0.6640, 0.2079
0.6640, 0.2079
0.6640, 0.2079
0.6640, 0.2079
0.6599, 0.2079
0.6599, 0.2079
0.6599, 0.2079
0.6599, 0.2079
0.6599, 0.2079
0.6599, 0.2079
0.6599, 0.2079
0.6599, 0.2053
0.6599, 0.2053
0.6599, 0.2053
0.6599, 0.2053
0.6559, 0.2053
0.6559, 0.2053
0.6559, 0.2053
0.6559, 0.2053
0.6559, 0.2053
0.6559, 0.2053
0.6559, 0.2053
0.6559, 0.2026
0.6559, 0.2026
0.6559, 0.2026
0.6559, 0.2026
0.6559, 0.2026
0.6559, 0.2026
0.6518, 0.2026
0.6518, 0.2026
0.6518, 0.2026
0.6518, 0.2000
0.6518, 0.2000
0.6518, 0.2000
0.6518, 0.2000
0.6518, 0.2000
0.6518, 0.2000
0.6518, 0.2000
0.6518, 0.2000
0.6518, 0.2000
0.6518, 0.2000
0.6518, 0.2000
0.6518, 0.2000
0.6518, 0.2000
0.6518, 0.1974
0.6518, 0.1974
0.6518, 0.1974
0.6518, 0.1974
0.6518, 0.1974
0.6518, 0.1974
0.6518, 0.1974
0.6478, 0.1947
0.6478, 0.1947
0.6478, 0.1947
0.6478, 0.1947
0.6478, 0.1947
0.6478, 0.1947
0.6478, 0.1947
0.6478, 0.1947
0.6478, 0.1947
0.6478, 0.1947
0.6437, 0.1947
0.6437, 0.1947
0.6437, 0.1947
0.6437, 0.1947
0.6437, 0.1947
0.6437, 0.1947
0.6437, 0.1947
0.6437, 0.1921
0.6437, 0.1921
0.6437, 0.1921
0.6437, 0.1921
0.6437, 0.1921
0.6437, 0.1921
0.6437, 0.1921
0.6437, 0.1895
0.6437, 0.1895
0.6437, 0.1895
0.6437, 0.1895
0.6437, 0.1895
0.6437, 0.1895
0.6437, 0.1895
0.6397, 0.1895
0.6397, 0.1895
0.6397, 0.1895
0.6397, 0.1895
0.6397, 0.1895
0.6397, 0.1895
0.6397, 0.1868
0.6397, 0.1868
0.6397, 0.1868
0.6397, 0.1868
0.6397, 0.1868
0.6397, 0.1868
0.6397, 0.1868
0.6356, 0.1842
0.6356, 0.1842
0.6356, 0.1842
0.6356, 0.1842
0.6356, 0.1842
0.6356, 0.1842
0.6356, 0.1842
0.6356, 0.1816
0.6356, 0.1816
0.6356, 0.1816
0.6316, 0.1816
0.6316, 0.1816
0.6316, 0.1816
0.6316, 0.1816
0.6316, 0.1816
0.6316, 0.1816
0.6316, 0.1816
0.6316, 0.1789
0.6316, 0.1789
0.6316, 0.1789
0.6316, 0.1789
0.6316, 0.1789
0.6316, 0.1789
0.6316, 0.1789
0.6316, 0.1763
0.6316, 0.1763
0.6316, 0.1763
0.6275, 0.1763
0.6275, 0.1763
0.6275, 0.1763
0.6275, 0.1763
0.6275, 0.1763
0.6275, 0.1763
0.6275, 0.1763
0.6275, 0.1737
0.6275, 0.1737
0.6275, 0.1737
0.6235, 0.1737
0.6235, 0.1737
0.6235, 0.1737
0.6235, 0.1711
0.6235, 0.1711
0.6235, 0.1711
0.6235, 0.1684
0.6235, 0.1684
0.6235, 0.1684
0.6235, 0.1684
0.6235, 0.1684
0.6235, 0.1684
0.6235, 0.1684
0.6194, 0.1684
0.6194, 0.1684
0.6194, 0.1684
0.6194, 0.1658
0.6194, 0.1658
0.6194, 0.1658
0.6194, 0.1658
0.6194, 0.1658
0.6194, 0.1658
0.6194, 0.1658
0.6154, 0.1632
0.6154, 0.1632
0.6154, 0.1632
0.6154, 0.1632
0.6154, 0.1632
0.6154, 0.1632
0.6154, 0.1632
0.6154, 0.1632
0.6154, 0.1632
0.6154, 0.1632
0.6154, 0.1605
0.6154, 0.1605
0.6154, 0.1605
0.6113, 0.1605
0.6113, 0.1605
0.6113, 0.1605
0.6113, 0.1579
0.6113, 0.1579
0.6113, 0.1579
0.6113, 0.1579
0.6113, 0.1579
0.6113, 0.1579
0.6113, 0.1579
0.6073, 0.1553
0.6073, 0.1553
0.6073, 0.1553
0.6073, 0.1553
0.6073, 0.1553
0.6073, 0.1553
0.6073, 0.1553
0.6032, 0.1553
0.6032, 0.1553
0.6032, 0.1553
0.6032, 0.1526
0.6032, 0.1526
0.6032, 0.1526
0.6032, 0.1526
0.6032, 0.1526
0.6032, 0.1526
0.6032, 0.1526
0.6032, 0.1526
0.6032, 0.1526
0.6032, 0.1526
0.6032, 0.1500
0.6032, 0.1500
0.6032, 0.1500
0.6032, 0.1500
0.6032, 0.1500
0.6032, 0.1500
0.6032, 0.1500
0.6032, 0.1500
0.6032, 0.1500
0.6032, 0.1500
0.6032, 0.1500
0.5992, 0.1500
0.5992, 0.1500
0.5992, 0.1500
0.5992, 0.1500
0.5992, 0.1500
0.5992, 0.1500
0.5992, 0.1500
0.5992, 0.1500
0.5992, 0.1500
0.5992, 0.1500
0.5992, 0.1474
0.5992, 0.1474
0.5992, 0.1474
0.5951, 0.1474
0.5951, 0.1474
0.5951, 0.1474
0.5951, 0.1474
0.5951, 0.1474
0.5951, 0.1474
0.5951, 0.1474
0.5951, 0.1447
0.5951, 0.1447
0.5951, 0.1447
0.5951, 0.1447
0.5951, 0.1447
0.5951, 0.1447
0.5951, 0.1447
0.5951, 0.1447
0.5951, 0.1447
0.5951, 0.1447
0.5951, 0.1447
0.5951, 0.1447
0.5951, 0.1447
0.5951, 0.1421
0.5951, 0.1421
0.5951, 0.1421
0.5951, 0.1421
0.5951, 0.1421
0.5951, 0.1421
0.5951, 0.1421
0.5951, 0.1421
0.5951, 0.1421
0.5951, 0.1421
0.5951, 0.1421
0.5951, 0.1421
0.5951, 0.1421
0.5951, 0.1421
0.5951, 0.1421
0.5911, 0.1421
0.5911, 0.1421
0.5911, 0.1421
0.5911, 0.1421
0.5911, 0.1421
0.5911, 0.1421
0.5911, 0.1421
0.5911, 0.1421
0.5911, 0.1421
0.5911, 0.1421
0.5911, 0.1421
0.5911, 0.1421
0.5911, 0.1421
0.5911, 0.1421
0.5911, 0.1421
0.5911, 0.1421
0.5911, 0.1395
0.5911, 0.1395
0.5911, 0.1395
0.5911, 0.1395
0.5870, 0.1395
0.5870, 0.1395
0.5870, 0.1395
0.5870, 0.1395
0.5870, 0.1395
0.5870, 0.1395
0.5870, 0.1395
0.5870, 0.1395
0.5870, 0.1395
0.5870, 0.1395
0.5870, 0.1368
0.5870, 0.1368
0.5870, 0.1368
0.5870, 0.1368
0.5870, 0.1368
0.5870, 0.1368
0.5870, 0.1368
0.5870, 0.1368
0.5870, 0.1368
0.5870, 0.1368
0.5830, 0.1368
0.5830, 0.1368
0.5830, 0.1368
0.5830, 0.1368
0.5830, 0.1368
0.5830, 0.1368
0.5830, 0.1368
0.5830, 0.1368
0.5830, 0.1368
0.5830, 0.1368
0.5830, 0.1368
0.5830, 0.1368
0.5830, 0.1368
0.5830, 0.1368
0.5830, 0.1368
0.5830, 0.1368
0.5830, 0.1368
0.5830, 0.1342
0.5830, 0.1342
0.5830, 0.1342
0.5830, 0.1342
0.5830, 0.1342
0.5830, 0.1342
0.5830, 0.1342
0.5830, 0.1342
0.5830, 0.1342
0.5830, 0.1342
0.5830, 0.1316
0.5830, 0.1316
0.5830, 0.1316
0.5830, 0.1316
0.5830, 0.1316
0.5830, 0.1316
0.5789, 0.1289
0.5789, 0.1289
0.5789, 0.1289
0.5789, 0.1289
0.5789, 0.1289
0.5789, 0.1289
0.5789, 0.1289
0.5789, 0.1289
0.5789, 0.1289
0.5789, 0.1289
0.5789, 0.1289
0.5749, 0.1289
0.5749, 0.1289
0.5749, 0.1263
0.5749, 0.1263
0.5749, 0.1263
0.5749, 0.1263
0.5749, 0.1263
0.5749, 0.1263
0.5749, 0.1237
0.5749, 0.1237
0.5749, 0.1237
0.5749, 0.1237
0.5749, 0.1237
0.5749, 0.1237
0.5749, 0.1237
0.5709, 0.1237
0.5709, 0.1237
0.5709, 0.1237
0.5709, 0.1211
0.5709, 0.1211
0.5709, 0.1211
0.5709, 0.1184
0.5709, 0.1184
0.5709, 0.1184
0.5668, 0.1184
0.5668, 0.1184
0.5668, 0.1184
0.5668, 0.1158
0.5668, 0.1158
0.5668, 0.1158
0.5668, 0.1158
0.5668, 0.1158
0.5668, 0.1158
0.5668, 0.1158
0.5628, 0.1158
0.5628, 0.1158
0.5628, 0.1158
0.5628, 0.1132
0.5628, 0.1132
0.5628, 0.1132
0.5628, 0.1105
0.5628, 0.1105
0.5628, 0.1105
0.5628, 0.1105
0.5628, 0.1105
0.5628, 0.1105
0.5628, 0.1105
0.5628, 0.1105
0.5628, 0.1105
0.5587, 0.1079
0.5587, 0.1079
0.5587, 0.1079
0.5587, 0.1079
0.5587, 0.1079
0.5587, 0.1079
0.5587, 0.1079
0.5587, 0.1053
0.5587, 0.1053
0.5587, 0.1053
0.5547, 0.1053
0.5547, 0.1053
0.5547, 0.1053
0.5547, 0.1053
0.5547, 0.1053
0.5547, 0.1053
0.5547, 0.1026
0.5547, 0.1026
0.5547, 0.1026
0.5547, 0.1026
0.5547, 0.1026
0.5547, 0.1026
0.5547, 0.1026
0.5547, 0.1000
0.5547, 0.1000
0.5547, 0.1000
0.5506, 0.1000
0.5506, 0.1000
0.5506, 0.1000
0.5506, 0.0974
0.5506, 0.0974
0.5506, 0.0974
0.5506, 0.0974
0.5506, 0.0974
0.5506, 0.0974
0.5466, 0.0947
0.5466, 0.0947
0.5466, 0.0947
0.5466, 0.0947
0.5466, 0.0947
0.5466, 0.0947
0.5466, 0.0947
0.5425, 0.0921
0.5425, 0.0921
0.5425, 0.0921
0.5425, 0.0921
0.5425, 0.0921
0.5425, 0.0921
0.5425, 0.0921
0.5425, 0.0921
0.5425, 0.0921
0.5425, 0.0921
0.5425, 0.0895
0.5425, 0.0895
0.5425, 0.0895
0.5425, 0.0895
0.5425, 0.0895
0.5425, 0.0895
0.5425, 0.0868
0.5425, 0.0868
0.5425, 0.0868
0.5385, 0.0868
0.5385, 0.0868
0.5385, 0.0868
0.5385, 0.0842
0.5385, 0.0842
0.5385, 0.0842
0.5385, 0.0842
0.5385, 0.0842
0.5385, 0.0842
0.5385, 0.0842
0.5385, 0.0842
0.5385, 0.0842
0.5385, 0.0842
0.5344, 0.0842
0.5344, 0.0842
0.5344, 0.0842
0.5344, 0.0816
0.5344, 0.0816
0.5344, 0.0816
0.5344, 0.0816
0.5344, 0.0816
0.5344, 0.0816
0.5344, 0.0789
0.5344, 0.0789
0.5344, 0.0789
0.5344, 0.0789
0.5344, 0.0789
0.5344, 0.0789
0.5304, 0.0789
0.5304, 0.0789
0.5304, 0.0789
0.5304, 0.0763
0.5304, 0.0763
0.5304, 0.0763
0.5304, 0.0737
0.5304, 0.0737
0.5304, 0.0737
0.5263, 0.0737
0.5263, 0.0737
0.5263, 0.0737
0.5263, 0.0737
0.5263, 0.0737
0.5263, 0.0737
0.5263, 0.0737
0.5263, 0.0711
0.5263, 0.0711
0.5263, 0.0711
0.5263, 0.0711
0.5263, 0.0711
0.5263, 0.0711
0.5223, 0.0711
0.5223, 0.0711
0.5223, 0.0711
0.5223, 0.0684
0.5223, 0.0684
0.5223, 0.0684
0.5223, 0.0684
0.5223, 0.0684
0.5223, 0.0684
0.5223, 0.0658
0.5223, 0.0658
0.5223, 0.0658
0.5223, 0.0658
0.5223, 0.0658
0.5223, 0.0658
0.5223, 0.0658
0.5223, 0.0658
0.5223, 0.0658
0.5223, 0.0658
0.5182, 0.0658
0.5182, 0.0658
0.5182, 0.0658
0.5182, 0.0632
0.5182, 0.0632
0.5182, 0.0632
0.5142, 0.0605
0.5142, 0.0605
0.5142, 0.0605
0.5142, 0.0579
0.5142, 0.0579
0.5142, 0.0579
0.5142, 0.0579
0.5142, 0.0579
0.5142, 0.0579
0.5142, 0.0579
0.5142, 0.0553
0.5142, 0.0553
0.5142, 0.0553
0.5101, 0.0553
0.5101, 0.0553
0.5101, 0.0553
0.5101, 0.0526
0.5101, 0.0526
0.5101, 0.0526
0.5061, 0.0526
0.5061, 0.0526
0.5061, 0.0526
0.5061, 0.0526
0.5061, 0.0526
0.5061, 0.0526
0.5061, 0.0500
0.5061, 0.0500
0.5061, 0.0500
0.5020, 0.0474
0.5020, 0.0474
0.5020, 0.0474
0.5020, 0.0474
0.5020, 0.0474
0.5020, 0.0474
0.5020, 0.0474
0.5020, 0.0447
0.5020, 0.0447
0.5020, 0.0447
0.5020, 0.0447
0.5020, 0.0447
0.5020, 0.0447
0.5020, 0.0447
0.5020, 0.0447
0.5020, 0.0447
0.4980, 0.0447
0.4980, 0.0447
0.4980, 0.0447
0.4980, 0.0421
0.4980, 0.0421
0.4980, 0.0421
0.4980, 0.0421
0.4980, 0.0421
0.4980, 0.0421
0.4939, 0.0395
0.4939, 0.0395
0.4939, 0.0395
0.4939, 0.0395
0.4939, 0.0395
0.4939, 0.0395
0.4939, 0.0395
0.4939, 0.0395
0.4939, 0.0395
0.4939, 0.0395
0.4939, 0.0395
0.4939, 0.0395
0.4939, 0.0395
0.4939, 0.0368
0.4939, 0.0368
0.4939, 0.0368
0.4899, 0.0368
0.4899, 0.0368
0.4899, 0.0368
0.4899, 0.0342
0.4899, 0.0342
0.4899, 0.0342
0.4858, 0.0342
0.4858, 0.0342
0.4858, 0.0342
0.4858, 0.0316
0.4858, 0.0316
0.4858, 0.0316
0.4858, 0.0316
0.4858, 0.0316
0.4858, 0.0316
0.4858, 0.0316
0.4858, 0.0316
0.4858, 0.0316
0.4858, 0.0316
0.4858, 0.0316
0.4858, 0.0316
0.4858, 0.0316
0.4818, 0.0316
0.4818, 0.0316
0.4818, 0.0316
0.4818, 0.0316
0.4818, 0.0316
0.4777, 0.0289
0.4777, 0.0289
0.4777, 0.0289
0.4737, 0.0289
0.4737, 0.0289
0.4737, 0.0289
0.4737, 0.0289
0.4737, 0.0289
0.4737, 0.0289
0.4737, 0.0289
0.4737, 0.0263
0.4737, 0.0263
0.4737, 0.0263
0.4737, 0.0263
0.4737, 0.0263
0.4737, 0.0263
0.4696, 0.0263
0.4696, 0.0263
0.4696, 0.0263
0.4696, 0.0263
0.4696, 0.0263
0.4696, 0.0263
0.4696, 0.0263
0.4696, 0.0263
0.4696, 0.0263
0.4696, 0.0263
0.4656, 0.0263
0.4656, 0.0263
0.4656, 0.0263
0.4656, 0.0263
0.4656, 0.0263
0.4656, 0.0263
0.4656, 0.0237
0.4656, 0.0237
0.4656, 0.0237
0.4656, 0.0237
0.4656, 0.0237
0.4656, 0.0237
0.4615, 0.0237
0.4615, 0.0237
0.4615, 0.0237
0.4615, 0.0237
0.4615, 0.0237
0.4615, 0.0237
0.4575, 0.0211
0.4575, 0.0211
0.4575, 0.0211
0.4575, 0.0211
0.4575, 0.0211
0.4575, 0.0211
0.4575, 0.0211
0.4534, 0.0211
0.4534, 0.0211
0.4534, 0.0211
0.4534, 0.0211
0.4534, 0.0211
0.4534, 0.0211
0.4534, 0.0211
0.4534, 0.0211
0.4534, 0.0211
0.4534, 0.0211
0.4534, 0.0211
0.4534, 0.0211
0.4534, 0.0211
0.4494, 0.0211
0.4494, 0.0211
0.4494, 0.0211
0.4453, 0.0211
0.4453, 0.0211
0.4453, 0.0211
0.4453, 0.0184
0.4453, 0.0184
0.4453, 0.0184
0.4453, 0.0184
0.4453, 0.0184
0.4453, 0.0184
0.4413, 0.0184
0.4413, 0.0184
0.4413, 0.0184
0.4372, 0.0184
0.4372, 0.0184
0.4372, 0.0184
0.4372, 0.0184
0.4372, 0.0184
0.4372, 0.0184
0.4332, 0.0158
0.4332, 0.0158
0.4332, 0.0158
0.4332, 0.0158
0.4332, 0.0158
0.4332, 0.0158
0.4332, 0.0158
0.4332, 0.0158
0.4332, 0.0158
0.4291, 0.0158
0.4291, 0.0158
0.4291, 0.0158
0.4291, 0.0132
0.4291, 0.0132
0.4291, 0.0132
0.4251, 0.0132
0.4251, 0.0132
0.4251, 0.0132
0.4251, 0.0132
0.4251, 0.0132
0.4251, 0.0132
0.4211, 0.0132
0.4211, 0.0132
0.4211, 0.0132
0.4170, 0.0132
0.4170, 0.0132
0.4170, 0.0132
0.4170, 0.0132
0.4170, 0.0132
0.4170, 0.0132
0.4130, 0.0105
0.4130, 0.0105
0.4130, 0.0105
0.4130, 0.0105
0.4130, 0.0105
0.4130, 0.0105
0.4130, 0.0105
0.4130, 0.0105
0.4130, 0.0105
0.4089, 0.0105
0.4089, 0.0105
0.4089, 0.0105
0.4089, 0.0079
0.4089, 0.0079
0.4089, 0.0079
0.4049, 0.0079
0.4049, 0.0079
0.4049, 0.0079
0.4049, 0.0079
0.4049, 0.0079
0.4049, 0.0079
0.4049, 0.0079
0.4049, 0.0079
0.4049, 0.0079
0.4008, 0.0079
0.4008, 0.0079
0.4008, 0.0079
0.4008, 0.0079
0.4008, 0.0079
0.4008, 0.0079
0.3968, 0.0079
0.3968, 0.0079
0.3968, 0.0079
0.3927, 0.0079
0.3927, 0.0079
0.3927, 0.0079
0.3927, 0.0053
0.3927, 0.0053
0.3927, 0.0053
0.3887, 0.0053
0.3887, 0.0053
0.3887, 0.0053
0.3887, 0.0053
0.3887, 0.0053
0.3846, 0.0053
0.3846, 0.0053
0.3846, 0.0053
0.3846, 0.0026
0.3846, 0.0026
0.3846, 0.0026
0.3846, 0.0026
0.3846, 0.0026
0.3846, 0.0026
0.3846, 0.0026
0.3846, 0.0026
0.3846, 0.0026
0.3846, 0.0026
0.3806, 0.0026
0.3806, 0.0026
0.3806, 0.0026
0.3765, 0.0026
0.3765, 0.0026
0.3765, 0.0026
0.3725, 0.0000
0.3725, 0.0000
0.3725, 0.0000
0.3725, 0.0000
0.3725, 0.0000
0.3725, 0.0000
0.3725, 0.0000
0.3725, 0.0000
0.3725, 0.0000
0.3684, 0.0000
0.3684, 0.0000
0.3684, 0.0000
0.3684, 0.0000
0.3684, 0.0000
0.3684, 0.0000
0.3644, 0.0000
0.3644, 0.0000
0.3644, 0.0000
0.3644, 0.0000
0.3644, 0.0000
0.3644, 0.0000
0.3644, 0.0000
0.3644, 0.0000
0.3644, 0.0000
0.3603, 0.0000
0.3603, 0.0000
0.3603, 0.0000
0.3563, 0.0000
0.3563, 0.0000
0.3563, 0.0000
0.3563, 0.0000
0.3563, 0.0000
0.3563, 0.0000
0.3522, 0.0000
0.3522, 0.0000
0.3522, 0.0000
0.3482, 0.0000
0.3482, 0.0000
0.3482, 0.0000
0.3482, 0.0000
0.3482, 0.0000
0.3482, 0.0000
0.3441, 0.0000
0.3441, 0.0000
0.3441, 0.0000
0.3441, 0.0000
0.3441, 0.0000
0.3441, 0.0000
0.3401, 0.0000
0.3401, 0.0000
0.3401, 0.0000
0.3401, 0.0000
0.3401, 0.0000
0.3401, 0.0000
0.3360, 0.0000
0.3360, 0.0000
0.3360, 0.0000
0.3360, 0.0000
0.3360, 0.0000
0.3320, 0.0000
0.3320, 0.0000
0.3320, 0.0000
0.3320, 0.0000
0.3320, 0.0000
0.3320, 0.0000
0.3279, 0.0000
0.3279, 0.0000
0.3279, 0.0000
0.3239, 0.0000
0.3239, 0.0000
0.3239, 0.0000
0.3239, 0.0000
0.3239, 0.0000
0.3239, 0.0000
0.3239, 0.0000
0.3239, 0.0000
0.3239, 0.0000
0.3198, 0.0000
0.3198, 0.0000
0.3198, 0.0000
0.3158, 0.0000
0.3158, 0.0000
0.3158, 0.0000
0.3158, 0.0026
0.3158, 0.0026
0.3158, 0.0026
0.3158, 0.0026
0.3158, 0.0026
0.3158, 0.0026
0.3117, 0.0026
0.3117, 0.0026
0.3117, 0.0026
0.3077, 0.0053
0.3077, 0.0053
0.3077, 0.0053
0.3036, 0.0053
0.3036, 0.0053
0.3036, 0.0053
0.3036, 0.0053
0.3036, 0.0053
0.3036, 0.0053
0.3036, 0.0053
0.3036, 0.0053
0.3036, 0.0053
0.2996, 0.0053
0.2996, 0.0053
0.2996, 0.0053
0.2996, 0.0079
0.2996, 0.0079
0.2996, 0.0079
0.2955, 0.0079
0.2955, 0.0079
0.2955, 0.0079
0.2955, 0.0105
0.2955, 0.0105
0.2955, 0.0105
0.2955, 0.0105
0.2955, 0.0105
0.2955, 0.0105
0.2915, 0.0105
0.2915, 0.0105
0.2915, 0.0105
0.2915, 0.0105
0.2915, 0.0105
0.2915, 0.0105
0.2915, 0.0132
0.2915, 0.0132
0.2874, 0.0132
0.2874, 0.0132
0.2874, 0.0132
0.2874, 0.0158
0.2874, 0.0158
0.2874, 0.0158
0.2834, 0.0184
0.2834, 0.0184
0.2834, 0.0184
0.2834, 0.0184
0.2834, 0.0184
0.2834, 0.0184
0.2834, 0.0184
0.2834, 0.0184
0.2834, 0.0184
0.2834, 0.0211
0.2834, 0.0211
0.2834, 0.0211
0.2834, 0.0211
0.2834, 0.0211
0.2834, 0.0211
0.2794, 0.0237
0.2794, 0.0237
0.2794, 0.0237
0.2794, 0.0237
0.2794, 0.0237
0.2794, 0.0237
0.2794, 0.0263
0.2794, 0.0263
0.2753, 0.0289
0.2753, 0.0289
0.2753, 0.0289
0.2753, 0.0289
0.2753, 0.0289
0.2753, 0.0289
0.2753, 0.0289
0.2753, 0.0289
0.2753, 0.0289
0.2753, 0.0316
0.2753, 0.0316
0.2753, 0.0316
0.2753, 0.0316
0.2753, 0.0316
0.2753, 0.0316
0.2753, 0.0342
0.2753, 0.0342
0.2753, 0.0342
0.2753, 0.0368
0.2753, 0.0368
0.2753, 0.0368
0.2713, 0.0368
0.2713, 0.0368
0.2713, 0.0368
0.2713, 0.0368
0.2713, 0.0368
0.2713, 0.0395
0.2713, 0.0395
0.2713, 0.0395
0.2713, 0.0421
0.2713, 0.0421
0.2713, 0.0421
0.2713, 0.0421
0.2713, 0.0421
0.2713, 0.0421
0.2672, 0.0447
0.2672, 0.0447
0.2672, 0.0447
0.2672, 0.0474
0.2672, 0.0474
0.2672, 0.0474
0.2672, 0.0474
0.2672, 0.0474
0.2672, 0.0500
0.2672, 0.0500
0.2672, 0.0500
0.2672, 0.0500
0.2672, 0.0500
0.2672, 0.0500
0.2672, 0.0500
0.2672, 0.0500
0.2672, 0.0500
0.2672, 0.0526
0.2672, 0.0526
0.2672, 0.0553
0.2672, 0.0553
0.2672, 0.0553
0.2672, 0.0553
0.2672, 0.0553
0.2672, 0.0553
0.2672, 0.0553
0.2672, 0.0553
0.2672, 0.0553
0.2672, 0.0553
0.2632, 0.0579
0.2632, 0.0579
0.2632, 0.0605
0.2632, 0.0605
0.2632, 0.0605
0.2632, 0.0632
0.2632, 0.0632
0.2632, 0.0632
0.2632, 0.0632
0.2632, 0.0632
0.2632, 0.0632
0.2632, 0.0658
0.2632, 0.0658
0.2632, 0.0658
0.2632, 0.0658
0.2632, 0.0658
0.2632, 0.0684
0.2632, 0.0684
0.2632, 0.0684
0.2632, 0.0684
0.2632, 0.0684
0.2632, 0.0684
0.2632, 0.0684
0.2632, 0.0684
0.2632, 0.0684
0.2632, 0.0711
0.2632, 0.0711
0.2632, 0.0711
0.2632, 0.0737
0.2632, 0.0737
0.2632, 0.0737
0.2632, 0.0763
0.2632, 0.0763
0.2632, 0.0763
0.2632, 0.0763
0.2632, 0.0763
0.2632, 0.0763
0.2632, 0.0763
0.2632, 0.0763
0.2632, 0.0763
0.2632, 0.0789
0.2632, 0.0789
0.2632, 0.0816
0.2632, 0.0816
0.2632, 0.0816
0.2632, 0.0816
0.2632, 0.0816
0.2632, 0.0816
0.2632, 0.0816
0.2632, 0.0816
0.2632, 0.0816
0.2591, 0.0842
0.2591, 0.0842
0.2591, 0.0868
0.2591, 0.0868
0.2591, 0.0868
0.2591, 0.0895
0.2591, 0.0895
0.2591, 0.0895
0.2591, 0.0895
0.2591, 0.0895
0.2591, 0.0895
0.2591, 0.0895
0.2591, 0.0895
0.2591, 0.0895
0.2591, 0.0921
0.2591, 0.0921
0.2591, 0.0921
0.2591, 0.0947
0.2591, 0.0947
0.2591, 0.0947
0.2591, 0.0947
0.2591, 0.0947
0.2591, 0.0947
0.2591, 0.0947
0.2591, 0.0947
0.2591, 0.0974
0.2591, 0.0974
0.2591, 0.0974
0.2591, 0.1000
0.2591, 0.1000
0.2591, 0.1000
0.2591, 0.1026
0.2591, 0.1026
0.2591, 0.1026
0.2591, 0.1026
0.2591, 0.1026
0.2591, 0.1053
0.2591, 0.1053
0.2591, 0.1053
0.2591, 0.1079
0.2591, 0.1079
0.2591, 0.1079
0.2591, 0.1079
0.2591, 0.1079
0.2591, 0.1079
0.2591, 0.1105
0.2591, 0.1105
0.2591, 0.1105
0.2591, 0.1132
0.2591, 0.1132
0.2591, 0.1132
0.2591, 0.1132
0.2591, 0.1132
0.2591, 0.1132
0.2591, 0.1132
0.2591, 0.1132
0.2591, 0.1132
0.2591, 0.1158
0.2591, 0.1158
0.2591, 0.1158
0.2591, 0.1184
0.2591, 0.1184
0.2591, 0.1184
0.2591, 0.1184
0.2591, 0.1184
0.2591, 0.1211
0.2591, 0.1211
0.2591, 0.1211
0.2591, 0.1211
0.2591, 0.1211
0.2591, 0.1211
0.2591, 0.1211
0.2591, 0.1211
0.2591, 0.1237
0.2591, 0.1237
0.2591, 0.1237
0.2591, 0.1263
0.2591, 0.1263
0.2591, 0.1263
0.2591, 0.1263
0.2591, 0.1263
0.2591, 0.1289
0.2591, 0.1289
0.2591, 0.1289
0.2591, 0.1316
0.2591, 0.1316
0.2591, 0.1316
0.2591, 0.1316
0.2591, 0.1316
0.2591, 0.1316
0.2632, 0.1342
0.2632, 0.1342
0.2632, 0.1342
0.2632, 0.1342
0.2632, 0.1342
0.2632, 0.1342
0.2632, 0.1342
0.2632, 0.1342
0.2632, 0.1342
0.2632, 0.1368
0.2632, 0.1368
0.2632, 0.1368
0.2632, 0.1368
0.2632, 0.1368
0.2632, 0.1368
0.2632, 0.1395
0.2632, 0.1395
0.2672, 0.1395
0.2672, 0.1395
0.2672, 0.1395
0.2672, 0.1395
0.2672, 0.1395
0.2672, 0.1395
0.2672, 0.1421
0.2672, 0.1421
0.2672, 0.1447
0.2672, 0.1447
0.2672, 0.1447
0.2672, 0.1474
0.2672, 0.1474
0.2672, 0.1474
0.2713, 0.1474
0.2713, 0.1474
0.2713, 0.1474
0.2713, 0.1500
0.2713, 0.1500
0.2713, 0.1526
0.2713, 0.1526
0.2713, 0.1526
0.2713, 0.1526
0.2713, 0.1526
0.2713, 0.1526
0.2713, 0.1526
0.2713, 0.1526
0.2713, 0.1526
0.2713, 0.1553
0.2713, 0.1553
0.2713, 0.1553
0.2713, 0.1579
0.2713, 0.1579
0.2713, 0.1605
0.2713, 0.1605
0.2753, 0.1605
0.2753, 0.1605
0.2753, 0.1605
0.2753, 0.1605
0.2753, 0.1632
0.2753, 0.1632
0.2753, 0.1658
0.2794, 0.1658
0.2794, 0.1684
0.2794, 0.1711
0.2794, 0.1763
0.2794, 0.1763
0.2834, 0.1789
0.2834, 0.1789
0.2834, 0.1789
0.2834, 0.1789
0.2834, 0.1789
0.2834, 0.1789
0.2834, 0.1789
0.2834, 0.1789
0.2834, 0.1816
0.2834, 0.1816
0.2834, 0.1816
0.2834, 0.1816
0.2834, 0.1816
0.2834, 0.1816
0.2834, 0.1842
0.2834, 0.1842
0.2874, 0.1868
0.2874, 0.1868
0.2874, 0.1868
0.2874, 0.1868
0.2874, 0.1868
0.2874, 0.1868
0.2874, 0.1868
0.2874, 0.1868
0.2874, 0.1868
0.2874, 0.1868
0.2874, 0.1868
0.2874, 0.1868
0.2874, 0.1895
0.2874, 0.1895
0.2874, 0.1895
0.2874, 0.1921
0.2874, 0.1921
0.2874, 0.1921
0.2874, 0.1921
0.2874, 0.1921
0.2915, 0.1947
0.2915, 0.1947
0.2915, 0.1947
0.2915, 0.1974
0.2915, 0.1974
0.2915, 0.1974
0.2915, 0.1974
0.2915, 0.1974
0.2915, 0.1974
0.2915, 0.1974
0.2915, 0.1974
0.2915, 0.2000
0.2915, 0.2000
0.2915, 0.2000
0.2915, 0.2026
0.2915, 0.2026
0.2915, 0.2026
0.2915, 0.2026
0.2915, 0.2026
0.2915, 0.2053
0.2915, 0.2053
0.2915, 0.2053
0.2915, 0.2053
0.2915, 0.2053
0.2915, 0.2053
0.2915, 0.2053
0.2915, 0.2053
0.2915, 0.2053
0.2915, 0.2079
0.2915, 0.2079
0.2915, 0.2079
0.2915, 0.2105
0.2915, 0.2105
0.2915, 0.2105
0.2915, 0.2105
0.2915, 0.2105
0.2915, 0.2132
0.2915, 0.2132
0.2915, 0.2132
0.2915, 0.2158
0.2915, 0.2158
0.2915, 0.2184
0.2915, 0.2184
0.2915, 0.2184
0.2915, 0.2184
0.2915, 0.2184
0.2915, 0.2184
0.2915, 0.2184
0.2915, 0.2184
0.2915, 0.2211
0.2915, 0.2211
0.2915, 0.2211
0.2915, 0.2237
0.2915, 0.2237
0.2915, 0.2237
0.2915, 0.2237
0.2915, 0.2237
0.2915, 0.2263
0.2915, 0.2263
0.2915, 0.2263
0.2915, 0.2289
0.2915, 0.2289
0.2915, 0.2289
0.2915, 0.2316
0.2915, 0.2316
0.2915, 0.2316
0.2915, 0.2316
0.2915, 0.2316
0.2915, 0.2342
0.2915, 0.2342
0.2915, 0.2342
0.2915, 0.2368
0.2915, 0.2368
0.2915, 0.2368
0.2915, 0.2368
0.2915, 0.2368
0.2915, 0.2368
0.2915, 0.2368
0.2915, 0.2368
0.2915, 0.2395
0.2915, 0.2395
0.2915, 0.2395
0.2915, 0.2395
0.2915, 0.2395
0.2915, 0.2421
0.2915, 0.2421
0.2915, 0.2421
0.2915, 0.2447
0.2915, 0.2447
0.2915, 0.2447
0.2915, 0.2447
0.2915, 0.2447
0.2915, 0.2447
0.2915, 0.2474
0.2915, 0.2474
0.2915, 0.2474
0.2915, 0.2474
0.2915, 0.2474
0.2915, 0.2500
0.2915, 0.2500
0.2915, 0.2500
0.2874, 0.2500
0.2874, 0.2500
0.2874, 0.2500
0.2874, 0.2526
0.2874, 0.2526
0.2874, 0.2553
0.2874, 0.2553
0.2874, 0.2579
0.2874, 0.2579
0.2874, 0.2579
0.2874, 0.2579
0.2874, 0.2579
0.2874, 0.2579
0.2874, 0.2605
0.2874, 0.2605
0.2874, 0.2605
0.2874, 0.2632
0.2874, 0.2632
0.2874, 0.2632
0.2874, 0.2632
0.2874, 0.2632
0.2874, 0.2632
0.2874, 0.2632
0.2874, 0.2632
0.2874, 0.2658
0.2874, 0.2658
0.2874, 0.2658
0.2874, 0.2658
0.2874, 0.2658
0.2874, 0.2658
0.2874, 0.2658
0.2874, 0.2658
0.2874, 0.2658
0.2874, 0.2658
0.2874, 0.2658
0.2874, 0.2658
0.2874, 0.2658
0.2874, 0.2658
0.2874, 0.2658
0.2874, 0.2658
0.2874, 0.2658
0.2834, 0.2684
0.2834, 0.2684
0.2834, 0.2684
0.2834, 0.2684
0.2834, 0.2684
0.2834, 0.2711
0.2834, 0.2711
0.2834, 0.2711
0.2834, 0.2711
0.2834, 0.2711
0.2834, 0.2711
0.2834, 0.2711
0.2834, 0.2711
0.2834, 0.2711
0.2834, 0.2711
0.2834, 0.2711
0.2834, 0.2711
0.2834, 0.2711
0.2834, 0.2711
0.2834, 0.2711
0.2834, 0.2711
0.2834, 0.2711
0.2834, 0.2711
0.2834, 0.2711
0.2834, 0.2711
0.2834, 0.2711
0.2834, 0.2711
0.2834, 0.2711
0.2834, 0.2711
0.2834, 0.2711
0.2834, 0.2711
0.2834, 0.2711
0.2834, 0.2711
0.2834, 0.2711
0.2834, 0.2711
0.2834, 0.2711
0.2834, 0.2711
0.2834, 0.2711
0.2834, 0.2711
0.2834, 0.2711
0.2834, 0.2711
0.2834, 0.2711
0.2834, 0.2711
0.2834, 0.2711
0.2834, 0.2711
0.2834, 0.2711
0.2834, 0.2711
0.2834, 0.2711
0.2834, 0.2711
0.2834, 0.2711
0.2834, 0.2711
0.2834, 0.2711
0.2834, 0.2711
0.2834, 0.2711
0.2834, 0.2711
0.2834, 0.2711
0.2834, 0.2711
0.2834, 0.2711
0.2834, 0.2711
0.2834, 0.2711
0.2834, 0.2711
0.2834, 0.2711
0.2834, 0.2711
0.2834, 0.2711
0.2834, 0.2711
0.2834, 0.2711
0.2794, 0.2711
0.2794, 0.2711
0.2794, 0.2711
0.2794, 0.2711
0.2794, 0.2711
0.2753, 0.2711
0.2753, 0.2711
0.2753, 0.2711
0.2753, 0.2711
0.2753, 0.2711
0.2713, 0.2711
0.2713, 0.2711
0.2632, 0.2711
0.2632, 0.2711
0.2632, 0.2711
0.2632, 0.2711
0.2551, 0.2711
0.2551, 0.2711
0.2510, 0.2711
0.2510, 0.2711
0.2470, 0.2711
0.2470, 0.2711
0.2470, 0.2711
0.2389, 0.2711
0.2389, 0.2711
0.2389, 0.2711
0.2389, 0.2711
0.2348, 0.2711
0.2348, 0.2711
0.2267, 0.2711
0.2267, 0.2711
0.2267, 0.2711
0.2267, 0.2711
0.2227, 0.2711
0.2227, 0.2711
0.2227, 0.2711
0.2186, 0.2711
0.2186, 0.2711
0.2186, 0.2711
0.2186, 0.2711
0.2146, 0.2711
0.2146, 0.2711
0.2105, 0.2711
0.2105, 0.2711
0.2065, 0.2711
0.2065, 0.2711
0.2024, 0.2711
0.2024, 0.2711
0.2024, 0.2711
0.1984, 0.2711
0.1984, 0.2711
0.1943, 0.2711
0.1943, 0.2711
0.1903, 0.2711
0.1903, 0.2711
0.1862, 0.2711
0.1862, 0.2711
0.1822, 0.2711
0.1822, 0.2711
0.1781, 0.2737
0.1781, 0.2737
0.1741, 0.2737
0.1741, 0.2737
0.1741, 0.2737
0.1741, 0.2737
0.1741, 0.2737
0.1700, 0.2737
0.1700, 0.2737
0.1660, 0.2737
0.1660, 0.2737
0.1619, 0.2737
0.1619, 0.2737
0.1579, 0.2737
0.1579, 0.2737
0.1498, 0.2763
0.1498, 0.2763
0.1498, 0.2763
0.1498, 0.2763
0.1498, 0.2763
0.1457, 0.2763
0.1457, 0.2763
0.1457, 0.2763
0.1457, 0.2763
0.1457, 0.2763
0.1457, 0.2763
0.1457, 0.2763
0.1457, 0.2763
0.1417, 0.2763
0.1417, 0.2763
0.1417, 0.2763
0.1417, 0.2763
0.1417, 0.2763
0.1417, 0.2763
0.1417, 0.2763
0.1417, 0.2763
0.1417, 0.2763
0.1377, 0.2763
0.1377, 0.2763
0.1377, 0.2763
0.1377, 0.2763
0.1377, 0.2763
0.1336, 0.2763
0.1336, 0.2763
0.1296, 0.2763
0.1296, 0.2763
0.1296, 0.2763
0.1296, 0.2763
0.1255, 0.2763
0.1255, 0.2763
0.1255, 0.2763
0.1255, 0.2763
0.1255, 0.2763
0.1215, 0.2763
0.1215, 0.2763
0.1215, 0.2763
0.1215, 0.2763
0.1215, 0.2763
0.1215, 0.2763
0.1215, 0.2763
0.1215, 0.2763
0.1215, 0.2763
0.1215, 0.2763
0.1215, 0.2763
0.1215, 0.2763
0.1215, 0.2763
0.1215, 0.2763
0.1215, 0.2763
0.1215, 0.2763
0.1215, 0.2763
0.1215, 0.2763
0.1215, 0.2763
0.1215, 0.2763
0.1215, 0.2763
0.1215, 0.2763
0.1215, 0.2763
0.1215, 0.2763
0.1215, 0.2763
0.1215, 0.2763
0.1215, 0.2763
0.1215, 0.2763
0.1215, 0.2763
0.1215, 0.2763
0.1215, 0.2763
0.1215, 0.2763
0.1215, 0.2763
0.1215, 0.2763
0.1215, 0.2763
0.1215, 0.2763
0.1174, 0.2763
0.1174, 0.2763
0.1134, 0.2763
0.1134, 0.2763
0.1134, 0.2763
0.1134, 0.2763
0.1093, 0.2763
0.1093, 0.2763
0.1093, 0.2763
0.1093, 0.2763
0.1093, 0.2763
0.1093, 0.2763
0.1093, 0.2763
0.1053, 0.2763
0.1053, 0.2763
0.1053, 0.2763
0.1053, 0.2763
0.1012, 0.2763
0.1012, 0.2763
0.1012, 0.2763
0.1012, 0.2763
0.1012, 0.2763
0.1012, 0.2763
0.1012, 0.2763
0.1012, 0.2763
0.1012, 0.2763
0.0972, 0.2763
0.0972, 0.2763
0.0972, 0.2763
0.0972, 0.2763
0.0931, 0.2763
0.0931, 0.2763
0.0891, 0.2763
0.0891, 0.2763
0.0891, 0.2763
0.0891, 0.2763
0.0891, 0.2763
0.0891, 0.2763
0.0891, 0.2763
0.0891, 0.2763
0.0891, 0.2763
0.0891, 0.2763
0.0891, 0.2763
0.0891, 0.2763
0.0891, 0.2763
0.0891, 0.2763
0.0891, 0.2763
0.0891, 0.2763
0.0891, 0.2763
0.0891, 0.2763
0.0891, 0.2763
0.0891, 0.2763
0.0891, 0.2763
0.0891, 0.2763
0.0891, 0.2763
0.0891, 0.2763
0.0891, 0.2763
0.0891, 0.2763
0.0891, 0.2763
0.0891, 0.2763
0.0891, 0.2763
0.0891, 0.2763
0.0891, 0.2763
0.0891, 0.2763
0.0891, 0.2763
0.0891, 0.2763
0.0891, 0.2763
0.0891, 0.2763
0.0891, 0.2763
0.0891, 0.2763
0.2672, 0.1895
0.2672, 0.1895
0.2672, 0.1895
0.2672, 0.1895
0.2672, 0.1895
0.2672, 0.1895
0.2672, 0.1895
0.2672, 0.1895
0.2672, 0.1895
0.2672, 0.1895
0.2672, 0.1895
0.2672, 0.1895
0.2672, 0.1895
0.2632, 0.1895
0.2632, 0.1895
0.2632, 0.1895
0.2632, 0.1895
0.2632, 0.1895
0.2632, 0.1895
0.2632, 0.1895
0.2632, 0.1895
0.2632, 0.1895
0.2632, 0.1895
0.2632, 0.1895
0.2632, 0.1895
0.2632, 0.1895
0.2632, 0.1895
0.2632, 0.1895
0.2632, 0.1895
0.2632, 0.1895
0.2632, 0.1895
0.2632, 0.1895
0.2632, 0.1895
0.2632, 0.1895
0.2632, 0.1895
0.2632, 0.1895
0.2632, 0.1895
0.2632, 0.1895
0.2632, 0.1895
0.2632, 0.1895
0.2632, 0.1895
0.2632, 0.1895
0.2632, 0.1895
0.2632, 0.1895
0.2632, 0.1895
0.2632, 0.1895
0.2632, 0.1895
0.2632, 0.1895
0.2632, 0.1895
0.2632, 0.1895
0.2632, 0.1895
0.2632, 0.1895
0.2632, 0.1895
0.2632, 0.1895
0.2632, 0.1895
0.2632, 0.1895
0.2632, 0.1895
0.2632, 0.1895
0.2632, 0.1895
0.2632, 0.1895
0.2632, 0.1895
0.2632, 0.1895
0.2632, 0.1895
0.2632, 0.1895
0.2632, 0.1895
0.2632, 0.1895
0.2632, 0.1895
0.2632, 0.1895
0.2632, 0.1895
0.2632, 0.1895
0.2632, 0.1895
0.2632, 0.1895
0.2632, 0.1895
0.2632, 0.1895
0.2632, 0.1895
0.2632, 0.1895
0.2632, 0.1895
0.2632, 0.1895
0.2632, 0.1895
0.2632, 0.1895
0.2632, 0.1895
0.2632, 0.1895
0.2632, 0.1895
0.2632, 0.1895
0.2632, 0.1895
0.2632, 0.1895
0.2632, 0.1895
0.2632, 0.1895
0.2632, 0.1895
0.2632, 0.1895
0.2632, 0.1895
0.2632, 0.1895
0.2632, 0.1895
0.2632, 0.1895
0.2632, 0.1895
0.2632, 0.1895
0.2632, 0.1895
0.2632, 0.1895
0.2632, 0.1895
0.2632, 0.1895
0.2632, 0.1895
0.2632, 0.1895
0.2632, 0.1895
0.2632, 0.1895
0.2672, 0.1895
0.2672, 0.1895
0.2672, 0.1895
0.2713, 0.1921
0.2713, 0.1921
0.2713, 0.1921
0.2713, 0.1921
0.2713, 0.1921
0.2713, 0.1921
0.2753, 0.1921
0.2753, 0.1921
0.2753, 0.1921
0.2753, 0.1921
0.2753, 0.1921
0.2753, 0.1921
0.2794, 0.1921
0.2794, 0.1921
0.2794, 0.1921
0.2834, 0.1947
0.2834, 0.1947
0.2834, 0.1947
0.2834, 0.1947
0.2834, 0.1947
0.2834, 0.1947
0.2834, 0.1947
0.2834, 0.1947
0.2834, 0.1947
0.2874, 0.1947
0.2874, 0.1947
0.2874, 0.1947
0.2874, 0.1947
0.2874, 0.1947
0.2874, 0.1947
0.2874, 0.1947
0.2874, 0.1947
0.2874, 0.1947
0.2874, 0.1947
0.2915, 0.1947
0.2915, 0.1947
0.2915, 0.1947
0.2915, 0.1947
0.2915, 0.1947
0.2915, 0.1947
0.2955, 0.1947
0.2955, 0.1947
0.2955, 0.1947
0.2955, 0.1947
0.2955, 0.1947
0.2955, 0.1947
0.2955, 0.1947
0.2955, 0.1947
0.2955, 0.1947
0.2996, 0.1947
0.2996, 0.1947
0.2996, 0.1947
0.3036, 0.1974
0.3036, 0.1974
0.3036, 0.1974
0.3036, 0.1974
0.3036, 0.1974
0.3036, 0.1974
0.3036, 0.1974
0.3036, 0.1974
0.3036, 0.1974
0.3077, 0.1974
0.3077, 0.1974
0.3077, 0.1974
0.3077, 0.1974
0.3077, 0.1974
0.3077, 0.1974
0.3077, 0.1974
0.3117, 0.1974
0.3117, 0.1974
0.3117, 0.1974
0.3117, 0.1974
0.3117, 0.1974
0.3117, 0.1974
0.3158, 0.1974
0.3158, 0.1974
0.3158, 0.1974
0.3158, 0.1974
0.3158, 0.1974
0.3158, 0.1974
0.3158, 0.2000
0.3158, 0.2000
0.3158, 0.2000
0.3198, 0.2000
0.3198, 0.2000
0.3198, 0.2000
0.3239, 0.2000
0.3239, 0.2000
0.3239, 0.2000
0.3239, 0.2000
0.3239, 0.2000
0.3239, 0.2000
0.3279, 0.2000
0.3279, 0.2000
0.3279, 0.2000
0.3320, 0.2000
0.3320, 0.2000
0.3320, 0.2000
0.3320, 0.2000
0.3320, 0.2000
0.3320, 0.2000
0.3360, 0.2000
0.3360, 0.2000
0.3360, 0.2000
0.3360, 0.2000
0.3360, 0.2000
0.3360, 0.2000
0.3401, 0.2000
0.3401, 0.2000
0.3401, 0.2000
0.3401, 0.2000
0.3401, 0.2000
0.3401, 0.2000
0.3441, 0.2000
0.3441, 0.2000
0.3441, 0.2000
0.3441, 0.2000
0.3441, 0.2000
0.3441, 0.2000
0.3441, 0.2000
0.3482, 0.2000
0.3482, 0.2000
0.3482, 0.2000
0.3482, 0.2000
0.3482, 0.2000
0.3482, 0.2000
0.3522, 0.2000
0.3522, 0.2000
0.3522, 0.2000
0.3522, 0.2000
0.3522, 0.2000
0.3522, 0.2000
0.3563, 0.2000
0.3563, 0.2000
0.3563, 0.2000
0.3603, 0.2000
0.3603, 0.2000
0.3603, 0.2000
0.3644, 0.2000
0.3644, 0.2000
0.3644, 0.2000
0.3644, 0.2000
0.3644, 0.2000
0.3644, 0.2000
0.3684, 0.2000
0.3684, 0.2000
0.3684, 0.2000
0.3765, 0.2000
0.3765, 0.2000
0.3765, 0.2000
0.3765, 0.2000
0.3765, 0.2000
0.3765, 0.2000
0.3765, 0.2000
0.3806, 0.2000
0.3806, 0.2000
0.3806, 0.2000
0.3846, 0.2000
0.3846, 0.2000
0.3846, 0.2000
0.3846, 0.2000
0.3846, 0.2000
0.3846, 0.2000
0.3846, 0.2000
0.3846, 0.2000
0.3846, 0.2000
0.3887, 0.2000
0.3887, 0.2000
0.3887, 0.2000
0.3927, 0.2000
0.3927, 0.2000
0.3927, 0.2000
0.3927, 0.2000
0.3927, 0.2000
0.3927, 0.2000
0.3968, 0.2000
0.3968, 0.2000
0.3968, 0.2000
0.3968, 0.2000
0.3968, 0.2000
0.3968, 0.2000
0.4008, 0.2000
0.4008, 0.2000
0.4008, 0.2000
0.4049, 0.2000
0.4049, 0.2000
0.4049, 0.2000
0.4089, 0.2000
0.4089, 0.2000
0.4089, 0.2000
0.4130, 0.2000
0.4130, 0.2000
0.4130, 0.2000
0.4170, 0.2000
0.4170, 0.2000
0.4211, 0.2000
0.4211, 0.2000
0.4211, 0.2000
0.4251, 0.2000
0.4251, 0.2000
0.4251, 0.2000
0.4291, 0.2000
0.4291, 0.2000
0.4291, 0.2000
0.4291, 0.2000
0.4291, 0.2000
0.4291, 0.2000
0.4332, 0.2000
0.4332, 0.2000
0.4332, 0.2000
0.4332, 0.2000
0.4332, 0.2000
0.4332, 0.2000
0.4372, 0.1974
0.4372, 0.1974
0.4372, 0.1974
0.4372, 0.1974
0.4372, 0.1974
0.4372, 0.1974
0.4372, 0.1974
0.4413, 0.1974
0.4413, 0.1974
0.4413, 0.1974
0.4453, 0.1974
0.4453, 0.1974
0.4453, 0.1974
0.4453, 0.1974
0.4453, 0.1974
0.4494, 0.1974
0.4494, 0.1974
0.4494, 0.1974
0.4534, 0.1974
0.4534, 0.1974
0.4534, 0.1974
0.4575, 0.1974
0.4575, 0.1974
0.4575, 0.1974
0.4615, 0.1974
0.4615, 0.1974
0.4615, 0.1974
0.4656, 0.1974
0.4656, 0.1974
0.4656, 0.1974
0.4696, 0.1974
0.4696, 0.1974
0.4696, 0.1974
0.4737, 0.1974
0.4737, 0.1974
0.4777, 0.1974
0.4777, 0.1974
0.4777, 0.1974
0.4818, 0.1947
0.4818, 0.1947
0.4818, 0.1947
0.4858, 0.1947
0.4858, 0.1947
0.4858, 0.1947
0.4899, 0.1947
0.4899, 0.1947
0.4899, 0.1947
0.4899, 0.1947
0.4899, 0.1947
0.4899, 0.1947
0.4939, 0.1947
0.4939, 0.1947
0.4939, 0.1947
0.4939, 0.1947
0.4939, 0.1947
0.4939, 0.1947
0.4939, 0.1947
0.4939, 0.1947
0.5101, 0.1921
0.5101, 0.1921
0.5101, 0.1921
0.5142, 0.1921
0.5142, 0.1921
0.5182, 0.1895
0.5182, 0.1895
0.5182, 0.1895
0.5223, 0.1895
0.5223, 0.1895
0.5223, 0.1895
0.5304, 0.1868
0.5304, 0.1868
0.5304, 0.1868
0.5304, 0.1868
0.5304, 0.1868
0.5304, 0.1868
0.5344, 0.1868
0.5344, 0.1868
0.5344, 0.1868
0.5385, 0.1868
0.5385, 0.1868
0.5385, 0.1868
0.5385, 0.1868
0.5385, 0.1868
0.5385, 0.1868
0.5425, 0.1868
0.5425, 0.1868
0.5425, 0.1868
0.5466, 0.1868
0.5466, 0.1868
0.5466, 0.1868
0.5506, 0.1842
0.5506, 0.1842
0.5506, 0.1842
0.5506, 0.1842
0.5506, 0.1842
0.5506, 0.1842
0.5547, 0.1842
0.5547, 0.1842
0.5547, 0.1842
0.5587, 0.1816
0.5587, 0.1816
0.5587, 0.1816
0.5587, 0.1816
0.5587, 0.1816
0.5587, 0.1816
0.5587, 0.1816
0.5587, 0.1816
0.5587, 0.1816
0.5628, 0.1816
0.5628, 0.1816
0.5628, 0.1816
0.5628, 0.1816
0.5628, 0.1816
0.5668, 0.1816
0.5668, 0.1816
0.5668, 0.1816
0.5709, 0.1816
0.5709, 0.1816
0.5709, 0.1816
0.5709, 0.1816
0.5709, 0.1816
0.5709, 0.1816
0.5749, 0.1789
0.5749, 0.1789
0.5749, 0.1789
0.5789, 0.1789
0.5789, 0.1789
0.5789, 0.1789
0.5789, 0.1789
0.5789, 0.1789
0.5830, 0.1763
0.5830, 0.1763
0.5830, 0.1763
0.5870, 0.1763
0.5870, 0.1763
0.5870, 0.1763
0.5911, 0.1763
0.5911, 0.1763
0.5911, 0.1763
0.5911, 0.1737
0.5911, 0.1737
0.5911, 0.1737
0.5951, 0.1737
0.5951, 0.1737
0.5951, 0.1737
0.5992, 0.1737
0.5992, 0.1737
0.5992, 0.1737
0.5992, 0.1737
0.5992, 0.1737
0.6073, 0.1737
0.6073, 0.1737
0.6073, 0.1737
0.6113, 0.1711
0.6113, 0.1711
0.6113, 0.1711
0.6113, 0.1711
0.6113, 0.1711
0.6113, 0.1711
0.6154, 0.1711
0.6154, 0.1711
0.6154, 0.1711
0.6154, 0.1684
0.6154, 0.1684
0.6154, 0.1684
0.6194, 0.1684
0.6194, 0.1684
0.6194, 0.1684
0.6194, 0.1684
0.6194, 0.1684
0.6194, 0.1684
0.6194, 0.1684
0.6194, 0.1684
0.6194, 0.1684
0.6194, 0.1684
0.6194, 0.1684
0.6194, 0.1684
0.6194, 0.1684
0.6194, 0.1684
0.6194, 0.1684
0.6194, 0.1684
0.6194, 0.1684
0.6194, 0.1684
0.6194, 0.1684
0.6194, 0.1684
0.6194, 0.1684
0.6194, 0.1684
0.6194, 0.1684
0.6194, 0.1684
0.6194, 0.1684
0.6194, 0.1684
0.6194, 0.1684
0.6194, 0.1684
0.6194, 0.1684
0.6194, 0.1684
0.6194, 0.1684
0.6194, 0.1684
0.6194, 0.1684
0.6194, 0.1684
0.6194, 0.1684
0.6194, 0.1684
0.6194, 0.1684
0.6194, 0.1684
0.6194, 0.1684
0.6194, 0.1684
0.6194, 0.1684
0.6194, 0.1684
0.6194, 0.1684
0.6194, 0.1684
0.6194, 0.1684
0.6194, 0.1684
0.6194, 0.1684
0.6194, 0.1684
0.6194, 0.1684
0.6194, 0.1684
0.6194, 0.1684
0.6194, 0.1684
0.6194, 0.1684
0.6194, 0.1684
0.6194, 0.1684
0.6194, 0.1684
0.6194, 0.1684
0.6194, 0.1684
0.6194, 0.1684
0.6194, 0.1684
0.6194, 0.1684
0.6194, 0.1684
0.6194, 0.1684
0.6194, 0.1684
0.6194, 0.1684
0.6194, 0.1684
0.6194, 0.1684
0.6194, 0.1684
0.6194, 0.1684
0.6194, 0.1684
0.6194, 0.1684
0.6194, 0.1684
0.6194, 0.1684
0.6194, 0.1684
0.6194, 0.1684
0.0000, 1.0000
0.0000, 1.0000
0.0000, 1.0000
0.0000, 1.0000
0.0000, 1.0000
0.0000, 1.0000
0.0000, 1.0000
0.0000, 1.0000
0.0000, 1.0000
0.0000, 1.0000
0.0000, 1.0000
0.0000, 1.0000
0.0000, 1.0000
0.0000, 1.0000
0.0000, 1.0000
0.0000, 1.0000
0.0000, 1.0000
0.0000, 1.0000
0.0000, 1.0000
0.0000, 1.0000
0.0000, 1.0000
0.0000, 1.0000
0.0000, 1.0000
0.0000, 1.0000
0.0000, 1.0000
0.0000, 1.0000
0.0000, 1.0000
0.0000, 1.0000
0.0000, 1.0000
0.0000, 1.0000
0.0000, 1.0000
0.0000, 1.0000
0.0000, 1.0000
0.0000, 1.0000
0.0000, 1.0000
0.0000, 1.0000
0.0000, 1.0000
0.0000, 1.0000
0.0000, 1.0000
0.0000, 1.0000
0.0000, 1.0000
