0.1559, 0.2784
0.1559, 0.2784
0.1559, 0.2784
0.1559, 0.2784
0.1559, 0.2784
0.1559, 0.2784
0.1559, 0.2784
0.1559, 0.2784
0.1559, 0.2784
0.1559, 0.2784
0.1559, 0.2784
0.1559, 0.2784
0.1559, 0.2784
0.1559, 0.2784
0.1559, 0.2784
0.1559, 0.2784
0.1559, 0.2784
0.1559, 0.2784
0.1559, 0.2784
0.1559, 0.2784
0.1559, 0.2784
0.1559, 0.2784
0.1559, 0.2784
0.1559, 0.2784
0.1559, 0.2784
0.1559, 0.2784
0.1559, 0.2784
0.1597, 0.2784
0.1597, 0.2784
0.1597, 0.2784
0.1597, 0.2784
0.1597, 0.2784
0.1597, 0.2784
0.1597, 0.2784
0.1597, 0.2784
0.1597, 0.2784
0.1597, 0.2784
0.1597, 0.2784
0.1597, 0.2784
0.1597, 0.2784
0.1597, 0.2784
0.1597, 0.2784
0.1597, 0.2784
0.1597, 0.2784
0.1597, 0.2784
0.1635, 0.2784
0.1635, 0.2784
0.1635, 0.2784
0.1635, 0.2784
0.1673, 0.2784
0.1673, 0.2784
0.1673, 0.2784
0.1673, 0.2784
0.1673, 0.2784
0.1711, 0.2784
0.1711, 0.2784
0.1711, 0.2784
0.1711, 0.2784
0.1711, 0.2784
0.1711, 0.2784
0.1711, 0.2784
0.1711, 0.2784
0.1787, 0.2784
0.1787, 0.2784
0.1787, 0.2784
0.1787, 0.2784
0.1825, 0.2784
0.1825, 0.2784
0.1825, 0.2784
0.1825, 0.2784
0.1825, 0.2784
0.1863, 0.2784
0.1863, 0.2784
0.1863, 0.2784
0.1863, 0.2784
0.1901, 0.2784
0.1901, 0.2784
0.1901, 0.2784
0.1901, 0.2784
0.1939, 0.2784
0.1939, 0.2784
0.1939, 0.2784
0.1977, 0.2784
0.1977, 0.2784
0.1977, 0.2784
0.1977, 0.2784
0.2015, 0.2784
0.2015, 0.2784
0.2015, 0.2784
0.2015, 0.2784
0.2053, 0.2784
0.2053, 0.2784
0.2053, 0.2784
0.2053, 0.2784
0.2091, 0.2784
0.2091, 0.2784
0.2091, 0.2784
0.2091, 0.2784
0.2129, 0.2784
0.2129, 0.2784
0.2129, 0.2784
0.2129, 0.2784
0.2129, 0.2784
0.2129, 0.2784
0.2129, 0.2784
0.2129, 0.2784
0.2129, 0.2784
0.2167, 0.2784
0.2167, 0.2784
0.2167, 0.2784
0.2167, 0.2784
0.2205, 0.2784
0.2205, 0.2784
0.2205, 0.2784
0.2205, 0.2784
0.2205, 0.2784
0.2205, 0.2784
0.2205, 0.2784
0.2205, 0.2784
0.2205, 0.2784
0.2243, 0.2784
0.2243, 0.2784
0.2243, 0.2784
0.2243, 0.2784
0.2281, 0.2784
0.2281, 0.2784
0.2281, 0.2784
0.2281, 0.2784
0.2319, 0.2784
0.2319, 0.2784
0.2319, 0.2784
0.2319, 0.2784
0.2319, 0.2784
0.2319, 0.2784
0.2319, 0.2784
0.2319, 0.2784
0.2319, 0.2784
0.2357, 0.2784
0.2357, 0.2784
0.2357, 0.2784
0.2395, 0.2784
0.2395, 0.2784
0.2395, 0.2784
0.2395, 0.2784
0.2433, 0.2784
0.2433, 0.2784
0.2433, 0.2784
0.2433, 0.2784
0.2433, 0.2784
0.2471, 0.2784
0.2471, 0.2784
0.2471, 0.2784
0.2471, 0.2784
0.2510, 0.2784
0.2510, 0.2784
0.2510, 0.2784
0.2510, 0.2784
0.2510, 0.2784
0.2510, 0.2784
0.2510, 0.2784
0.2510, 0.2784
0.2510, 0.2784
0.2510, 0.2784
0.2510, 0.2784
0.2510, 0.2784
0.2510, 0.2784
0.2548, 0.2784
0.2548, 0.2784
0.2548, 0.2784
0.2548, 0.2784
0.2586, 0.2784
0.2586, 0.2784
0.2586, 0.2784
0.2586, 0.2784
0.2586, 0.2784
0.2586, 0.2784
0.2586, 0.2784
0.2586, 0.2784
0.2586, 0.2784
0.2586, 0.2784
0.2586, 0.2784
0.2586, 0.2784
0.2586, 0.2784
0.2624, 0.2784
0.2624, 0.2784
0.2624, 0.2784
0.2624, 0.2784
0.2662, 0.2784
0.2662, 0.2784
0.2662, 0.2784
0.2662, 0.2784
0.2662, 0.2784
0.2662, 0.2784
0.2662, 0.2784
0.2662, 0.2784
0.2700, 0.2784
0.2700, 0.2784
0.2700, 0.2784
0.2700, 0.2784
0.2700, 0.2784
0.2700, 0.2784
0.2700, 0.2784
0.2700, 0.2784
0.2700, 0.2784
0.2700, 0.2784
0.2700, 0.2784
0.2700, 0.2784
0.2700, 0.2784
0.2738, 0.2784
0.2738, 0.2784
0.2738, 0.2784
0.2738, 0.2784
0.2738, 0.2784
0.2738, 0.2784
0.2738, 0.2784
0.2738, 0.2784
0.2776, 0.2784
0.2776, 0.2784
0.2776, 0.2784
0.2776, 0.2784
0.2776, 0.2784
0.2776, 0.2784
0.2776, 0.2784
0.2776, 0.2784
0.2776, 0.2784
0.2776, 0.2784
0.2776, 0.2784
0.2776, 0.2784
0.2776, 0.2784
0.2776, 0.2784
0.2776, 0.2784
0.2776, 0.2784
0.2776, 0.2784
0.2776, 0.2784
0.2776, 0.2784
0.2776, 0.2784
0.2776, 0.2784
0.2814, 0.2784
0.2814, 0.2784
0.2814, 0.2784
0.2814, 0.2784
0.2852, 0.2784
0.2852, 0.2784
0.2852, 0.2784
0.2852, 0.2784
0.2890, 0.2784
0.2890, 0.2784
0.2890, 0.2784
0.2890, 0.2784
0.2890, 0.2784
0.2890, 0.2784
0.2890, 0.2784
0.2890, 0.2784
0.2890, 0.2784
0.2890, 0.2784
0.2890, 0.2784
0.2890, 0.2784
0.2890, 0.2784
0.2928, 0.2784
0.2928, 0.2784
0.2928, 0.2784
0.2928, 0.2784
0.2928, 0.2784
0.2928, 0.2784
0.2928, 0.2784
0.2928, 0.2784
0.2966, 0.2784
0.2966, 0.2784
0.2966, 0.2784
0.2966, 0.2784
0.2966, 0.2758
0.2966, 0.2758
0.2966, 0.2758
0.2966, 0.2758
0.2966, 0.2758
0.2966, 0.2758
0.2966, 0.2758
0.2966, 0.2758
0.2966, 0.2758
0.2966, 0.2758
0.2966, 0.2758
0.2966, 0.2758
0.2966, 0.2758
0.3004, 0.2758
0.3004, 0.2758
0.3004, 0.2758
0.3004, 0.2758
0.3004, 0.2758
0.3004, 0.2758
0.3004, 0.2758
0.3004, 0.2758
0.3004, 0.2758
0.3004, 0.2758
0.3004, 0.2758
0.3004, 0.2758
0.3004, 0.2758
0.3042, 0.2758
0.3042, 0.2758
0.3042, 0.2758
0.3042, 0.2758
0.3080, 0.2732
0.3080, 0.2732
0.3080, 0.2732
0.3080, 0.2732
0.3080, 0.2732
0.3080, 0.2732
0.3080, 0.2732
0.3080, 0.2732
0.3080, 0.2706
0.3080, 0.2706
0.3080, 0.2706
0.3080, 0.2706
0.3118, 0.2706
0.3118, 0.2706
0.3118, 0.2706
0.3118, 0.2680
0.3118, 0.2680
0.3118, 0.2680
0.3118, 0.2680
0.3118, 0.2680
0.3156, 0.2680
0.3156, 0.2680
0.3156, 0.2680
0.3156, 0.2680
0.3156, 0.2680
0.3156, 0.2680
0.3156, 0.2680
0.3156, 0.2680
0.3156, 0.2680
0.3156, 0.2680
0.3156, 0.2680
0.3156, 0.2680
0.3156, 0.2680
0.3156, 0.2680
0.3156, 0.2680
0.3156, 0.2680
0.3156, 0.2655
0.3156, 0.2655
0.3156, 0.2655
0.3194, 0.2655
0.3194, 0.2655
0.3194, 0.2655
0.3194, 0.2655
0.3194, 0.2629
0.3194, 0.2629
0.3194, 0.2629
0.3194, 0.2629
0.3194, 0.2629
0.3194, 0.2629
0.3194, 0.2629
0.3194, 0.2629
0.3194, 0.2629
0.3194, 0.2629
0.3194, 0.2629
0.3194, 0.2629
0.3194, 0.2629
0.3232, 0.2603
0.3232, 0.2603
0.3232, 0.2603
0.3232, 0.2603
0.3232, 0.2577
0.3232, 0.2577
0.3232, 0.2577
0.3232, 0.2577
0.3232, 0.2552
0.3232, 0.2552
0.3232, 0.2552
0.3232, 0.2552
0.3270, 0.2552
0.3270, 0.2552
0.3270, 0.2552
0.3270, 0.2526
0.3270, 0.2526
0.3270, 0.2526
0.3270, 0.2526
0.3270, 0.2500
0.3270, 0.2500
0.3270, 0.2500
0.3270, 0.2500
0.3270, 0.2500
0.3270, 0.2500
0.3270, 0.2500
0.3270, 0.2500
0.3270, 0.2474
0.3270, 0.2474
0.3270, 0.2474
0.3270, 0.2474
0.3270, 0.2448
0.3270, 0.2448
0.3270, 0.2448
0.3270, 0.2448
0.3308, 0.2423
0.3308, 0.2423
0.3308, 0.2423
0.3308, 0.2423
0.3308, 0.2423
0.3308, 0.2423
0.3308, 0.2423
0.3308, 0.2423
0.3308, 0.2397
0.3308, 0.2397
0.3308, 0.2397
0.3308, 0.2397
0.3308, 0.2371
0.3308, 0.2371
0.3308, 0.2371
0.3308, 0.2371
0.3308, 0.2371
0.3308, 0.2371
0.3308, 0.2371
0.3308, 0.2371
0.3308, 0.2345
0.3308, 0.2345
0.3308, 0.2345
0.3308, 0.2345
0.3308, 0.2320
0.3308, 0.2320
0.3308, 0.2320
0.3308, 0.2320
0.3308, 0.2294
0.3308, 0.2294
0.3308, 0.2294
0.3308, 0.2294
0.3308, 0.2294
0.3308, 0.2294
0.3308, 0.2294
0.3308, 0.2294
0.3308, 0.2268
0.3308, 0.2268
0.3308, 0.2268
0.3308, 0.2268
0.3308, 0.2242
0.3308, 0.2242
0.3308, 0.2242
0.3308, 0.2242
0.3308, 0.2242
0.3308, 0.2242
0.3308, 0.2242
0.3308, 0.2242
0.3308, 0.2242
0.3308, 0.2242
0.3308, 0.2242
0.3308, 0.2242
0.3308, 0.2216
0.3308, 0.2216
0.3308, 0.2216
0.3308, 0.2216
0.3308, 0.2191
0.3308, 0.2191
0.3308, 0.2191
0.3308, 0.2191
0.3308, 0.2191
0.3308, 0.2191
0.3308, 0.2191
0.3308, 0.2165
0.3308, 0.2165
0.3308, 0.2165
0.3308, 0.2165
0.3308, 0.2165
0.3308, 0.2165
0.3308, 0.2165
0.3308, 0.2165
0.3308, 0.2139
0.3308, 0.2139
0.3308, 0.2139
0.3308, 0.2139
0.3308, 0.2113
0.3308, 0.2113
0.3308, 0.2113
0.3308, 0.2113
0.3308, 0.2113
0.3308, 0.2113
0.3308, 0.2113
0.3308, 0.2113
0.3308, 0.2088
0.3308, 0.2088
0.3308, 0.2088
0.3308, 0.2088
0.3308, 0.2062
0.3308, 0.2062
0.3308, 0.2062
0.3308, 0.2062
0.3308, 0.2062
0.3308, 0.2062
0.3308, 0.2062
0.3308, 0.2036
0.3308, 0.2036
0.3308, 0.2036
0.3308, 0.2036
0.3308, 0.2036
0.3308, 0.2036
0.3308, 0.2036
0.3308, 0.2036
0.3308, 0.2036
0.3308, 0.1985
0.3308, 0.1985
0.3308, 0.1985
0.3308, 0.1985
0.3308, 0.1985
0.3308, 0.1985
0.3308, 0.1985
0.3308, 0.1985
0.3308, 0.1959
0.3308, 0.1959
0.3308, 0.1959
0.3270, 0.1933
0.3270, 0.1933
0.3270, 0.1933
0.3270, 0.1933
0.3270, 0.1907
0.3270, 0.1907
0.3270, 0.1907
0.3270, 0.1907
0.3270, 0.1907
0.3270, 0.1907
0.3270, 0.1907
0.3270, 0.1881
0.3270, 0.1881
0.3270, 0.1881
0.3270, 0.1881
0.3270, 0.1881
0.3270, 0.1881
0.3270, 0.1881
0.3270, 0.1881
0.3270, 0.1856
0.3270, 0.1856
0.3270, 0.1856
0.3270, 0.1856
0.3270, 0.1856
0.3270, 0.1856
0.3270, 0.1856
0.3270, 0.1856
0.3270, 0.1856
0.3270, 0.1856
0.3270, 0.1856
0.3270, 0.1856
0.3270, 0.1830
0.3270, 0.1830
0.3270, 0.1830
0.3270, 0.1830
0.3270, 0.1804
0.3270, 0.1804
0.3270, 0.1804
0.3270, 0.1804
0.3270, 0.1804
0.3270, 0.1804
0.3270, 0.1804
0.3270, 0.1804
0.3232, 0.1778
0.3232, 0.1778
0.3232, 0.1778
0.3232, 0.1778
0.3232, 0.1778
0.3232, 0.1778
0.3232, 0.1778
0.3232, 0.1778
0.3232, 0.1778
0.3232, 0.1778
0.3232, 0.1778
0.3232, 0.1753
0.3232, 0.1753
0.3232, 0.1753
0.3232, 0.1753
0.3232, 0.1727
0.3232, 0.1727
0.3232, 0.1727
0.3232, 0.1727
0.3232, 0.1727
0.3232, 0.1727
0.3232, 0.1727
0.3232, 0.1727
0.3232, 0.1727
0.3232, 0.1727
0.3232, 0.1727
0.3232, 0.1727
0.3194, 0.1701
0.3194, 0.1701
0.3194, 0.1701
0.3194, 0.1701
0.3194, 0.1675
0.3194, 0.1675
0.3194, 0.1675
0.3194, 0.1675
0.3194, 0.1675
0.3194, 0.1675
0.3194, 0.1675
0.3194, 0.1649
0.3194, 0.1649
0.3194, 0.1649
0.3194, 0.1649
0.3194, 0.1649
0.3194, 0.1649
0.3194, 0.1649
0.3194, 0.1649
0.3194, 0.1624
0.3194, 0.1624
0.3194, 0.1624
0.3194, 0.1624
0.3194, 0.1624
0.3194, 0.1624
0.3194, 0.1624
0.3194, 0.1598
0.3194, 0.1598
0.3194, 0.1598
0.3194, 0.1598
0.3194, 0.1598
0.3194, 0.1598
0.3194, 0.1598
0.3194, 0.1598
0.3194, 0.1572
0.3194, 0.1572
0.3194, 0.1572
0.3194, 0.1546
0.3194, 0.1546
0.3194, 0.1546
0.3194, 0.1546
0.3156, 0.1546
0.3156, 0.1546
0.3156, 0.1546
0.3156, 0.1546
0.3156, 0.1521
0.3156, 0.1521
0.3156, 0.1521
0.3156, 0.1521
0.3156, 0.1521
0.3156, 0.1521
0.3156, 0.1521
0.3156, 0.1521
0.3156, 0.1521
0.3156, 0.1521
0.3156, 0.1521
0.3156, 0.1495
0.3156, 0.1495
0.3156, 0.1495
0.3156, 0.1495
0.3156, 0.1495
0.3156, 0.1495
0.3156, 0.1495
0.3156, 0.1495
0.3118, 0.1469
0.3118, 0.1469
0.3118, 0.1469
0.3118, 0.1469
0.3118, 0.1469
0.3118, 0.1469
0.3118, 0.1469
0.3118, 0.1469
0.3118, 0.1469
0.3118, 0.1469
0.3118, 0.1469
0.3118, 0.1469
0.3118, 0.1469
0.3118, 0.1469
0.3118, 0.1469
0.3118, 0.1443
0.3118, 0.1443
0.3118, 0.1443
0.3118, 0.1443
0.3118, 0.1443
0.3118, 0.1443
0.3118, 0.1443
0.3118, 0.1443
0.3118, 0.1418
0.3118, 0.1418
0.3118, 0.1418
0.3118, 0.1418
0.3118, 0.1418
0.3118, 0.1418
0.3118, 0.1418
0.3118, 0.1418
0.3118, 0.1392
0.3118, 0.1392
0.3118, 0.1392
0.3118, 0.1392
0.3118, 0.1392
0.3118, 0.1392
0.3118, 0.1392
0.3118, 0.1392
0.3118, 0.1392
0.3118, 0.1392
0.3118, 0.1366
0.3118, 0.1366
0.3118, 0.1366
0.3118, 0.1366
0.3118, 0.1340
0.3118, 0.1340
0.3118, 0.1340
0.3118, 0.1340
0.3118, 0.1340
0.3118, 0.1340
0.3118, 0.1340
0.3118, 0.1340
0.3118, 0.1340
0.3118, 0.1340
0.3118, 0.1340
0.3118, 0.1314
0.3118, 0.1314
0.3118, 0.1314
0.3118, 0.1314
0.3118, 0.1289
0.3118, 0.1289
0.3118, 0.1289
0.3118, 0.1289
0.3118, 0.1289
0.3118, 0.1289
0.3118, 0.1289
0.3118, 0.1289
0.3118, 0.1263
0.3118, 0.1263
0.3118, 0.1263
0.3118, 0.1263
0.3118, 0.1263
0.3118, 0.1263
0.3118, 0.1263
0.3080, 0.1237
0.3080, 0.1237
0.3080, 0.1237
0.3080, 0.1237
0.3080, 0.1237
0.3080, 0.1237
0.3080, 0.1237
0.3080, 0.1237
0.3080, 0.1211
0.3080, 0.1211
0.3080, 0.1211
0.3080, 0.1211
0.3080, 0.1211
0.3080, 0.1211
0.3080, 0.1211
0.3080, 0.1211
0.3080, 0.1211
0.3080, 0.1211
0.3080, 0.1211
0.3080, 0.1186
0.3080, 0.1186
0.3080, 0.1186
0.3080, 0.1160
0.3080, 0.1160
0.3080, 0.1160
0.3080, 0.1160
0.3080, 0.1160
0.3080, 0.1160
0.3080, 0.1160
0.3080, 0.1160
0.3080, 0.1160
0.3080, 0.1160
0.3080, 0.1160
0.3080, 0.1160
0.3080, 0.1134
0.3080, 0.1134
0.3080, 0.1134
0.3080, 0.1134
0.3080, 0.1134
0.3080, 0.1134
0.3080, 0.1134
0.3080, 0.1134
0.3080, 0.1108
0.3080, 0.1108
0.3080, 0.1108
0.3080, 0.1082
0.3080, 0.1082
0.3080, 0.1082
0.3080, 0.1082
0.3080, 0.1082
0.3080, 0.1082
0.3080, 0.1082
0.3080, 0.1082
0.3080, 0.1082
0.3080, 0.1082
0.3080, 0.1082
0.3080, 0.1057
0.3080, 0.1057
0.3080, 0.1057
0.3080, 0.1057
0.3080, 0.1031
0.3080, 0.1031
0.3080, 0.1031
0.3080, 0.1031
0.3080, 0.1031
0.3080, 0.1031
0.3080, 0.1031
0.3080, 0.1031
0.3080, 0.1031
0.3080, 0.1031
0.3080, 0.1031
0.3080, 0.1005
0.3080, 0.1005
0.3080, 0.1005
0.3080, 0.1005
0.3080, 0.1005
0.3080, 0.1005
0.3080, 0.1005
0.3080, 0.0979
0.3080, 0.0979
0.3080, 0.0979
0.3080, 0.0979
0.3080, 0.0954
0.3080, 0.0954
0.3080, 0.0954
0.3080, 0.0954
0.3080, 0.0954
0.3080, 0.0954
0.3080, 0.0954
0.3080, 0.0954
0.3080, 0.0954
0.3080, 0.0954
0.3080, 0.0954
0.3080, 0.0928
0.3080, 0.0928
0.3080, 0.0928
0.3080, 0.0902
0.3080, 0.0902
0.3080, 0.0902
0.3080, 0.0902
0.3080, 0.0902
0.3080, 0.0902
0.3080, 0.0902
0.3080, 0.0902
0.3080, 0.0902
0.3080, 0.0902
0.3080, 0.0902
0.3080, 0.0876
0.3080, 0.0876
0.3080, 0.0876
0.3080, 0.0876
0.3080, 0.0851
0.3080, 0.0851
0.3080, 0.0851
0.3080, 0.0851
0.3080, 0.0851
0.3080, 0.0851
0.3080, 0.0851
0.3080, 0.0825
0.3080, 0.0825
0.3080, 0.0825
0.3080, 0.0825
0.3080, 0.0825
0.3080, 0.0825
0.3080, 0.0825
0.3080, 0.0799
0.3080, 0.0799
0.3080, 0.0799
0.3080, 0.0799
0.3080, 0.0773
0.3080, 0.0773
0.3080, 0.0773
0.3080, 0.0773
0.3080, 0.0773
0.3080, 0.0773
0.3080, 0.0773
0.3080, 0.0747
0.3080, 0.0747
0.3080, 0.0747
0.3080, 0.0747
0.3080, 0.0696
0.3080, 0.0696
0.3080, 0.0696
0.3080, 0.0696
0.3080, 0.0696
0.3080, 0.0696
0.3080, 0.0696
0.3080, 0.0670
0.3080, 0.0670
0.3080, 0.0670
0.3080, 0.0670
0.3080, 0.0670
0.3080, 0.0670
0.3080, 0.0670
0.3080, 0.0644
0.3080, 0.0644
0.3080, 0.0644
0.3080, 0.0644
0.3080, 0.0644
0.3080, 0.0644
0.3080, 0.0644
0.3080, 0.0644
0.3080, 0.0644
0.3080, 0.0644
0.3080, 0.0619
0.3080, 0.0619
0.3080, 0.0619
0.3080, 0.0593
0.3080, 0.0593
0.3080, 0.0593
0.3080, 0.0593
0.3080, 0.0567
0.3080, 0.0567
0.3080, 0.0567
0.3080, 0.0567
0.3080, 0.0567
0.3080, 0.0567
0.3080, 0.0567
0.3118, 0.0541
0.3118, 0.0541
0.3118, 0.0541
0.3118, 0.0515
0.3118, 0.0515
0.3118, 0.0515
0.3118, 0.0515
0.3118, 0.0515
0.3118, 0.0515
0.3118, 0.0515
0.3118, 0.0515
0.3156, 0.0515
0.3156, 0.0515
0.3156, 0.0515
0.3156, 0.0515
0.3156, 0.0515
0.3156, 0.0515
0.3156, 0.0515
0.3156, 0.0490
0.3156, 0.0490
0.3156, 0.0490
0.3156, 0.0490
0.3156, 0.0490
0.3156, 0.0490
0.3156, 0.0464
0.3156, 0.0464
0.3156, 0.0464
0.3156, 0.0464
0.3156, 0.0464
0.3156, 0.0464
0.3156, 0.0464
0.3156, 0.0438
0.3156, 0.0438
0.3156, 0.0438
0.3156, 0.0438
0.3156, 0.0438
0.3156, 0.0438
0.3156, 0.0438
0.3156, 0.0438
0.3194, 0.0438
0.3194, 0.0438
0.3194, 0.0438
0.3194, 0.0412
0.3194, 0.0412
0.3194, 0.0412
0.3194, 0.0387
0.3194, 0.0387
0.3194, 0.0387
0.3194, 0.0387
0.3232, 0.0387
0.3232, 0.0387
0.3232, 0.0387
0.3232, 0.0387
0.3232, 0.0387
0.3232, 0.0387
0.3232, 0.0387
0.3232, 0.0361
0.3232, 0.0361
0.3232, 0.0361
0.3232, 0.0361
0.3232, 0.0361
0.3232, 0.0361
0.3232, 0.0361
0.3232, 0.0335
0.3232, 0.0335
0.3232, 0.0335
0.3232, 0.0335
0.3232, 0.0335
0.3232, 0.0335
0.3232, 0.0335
0.3232, 0.0309
0.3232, 0.0309
0.3232, 0.0309
0.3270, 0.0309
0.3270, 0.0309
0.3270, 0.0309
0.3270, 0.0309
0.3270, 0.0309
0.3270, 0.0309
0.3270, 0.0309
0.3270, 0.0309
0.3270, 0.0309
0.3270, 0.0309
0.3270, 0.0309
0.3308, 0.0284
0.3308, 0.0284
0.3308, 0.0284
0.3308, 0.0258
0.3308, 0.0258
0.3308, 0.0258
0.3308, 0.0258
0.3308, 0.0258
0.3308, 0.0258
0.3308, 0.0258
0.3308, 0.0258
0.3346, 0.0258
0.3346, 0.0258
0.3346, 0.0258
0.3346, 0.0232
0.3346, 0.0232
0.3346, 0.0232
0.3346, 0.0232
0.3346, 0.0232
0.3346, 0.0232
0.3346, 0.0232
0.3346, 0.0206
0.3346, 0.0206
0.3346, 0.0206
0.3346, 0.0206
0.3346, 0.0206
0.3346, 0.0206
0.3346, 0.0206
0.3346, 0.0206
0.3346, 0.0206
0.3346, 0.0206
0.3346, 0.0180
0.3346, 0.0180
0.3346, 0.0180
0.3346, 0.0180
0.3384, 0.0180
0.3384, 0.0180
0.3384, 0.0180
0.3384, 0.0180
0.3384, 0.0180
0.3384, 0.0180
0.3384, 0.0180
0.3384, 0.0180
0.3384, 0.0180
0.3384, 0.0180
0.3384, 0.0180
0.3384, 0.0180
0.3384, 0.0180
0.3384, 0.0180
0.3422, 0.0155
0.3422, 0.0155
0.3422, 0.0155
0.3422, 0.0155
0.3422, 0.0155
0.3422, 0.0155
0.3422, 0.0129
0.3422, 0.0129
0.3422, 0.0129
0.3422, 0.0129
0.3422, 0.0129
0.3422, 0.0129
0.3422, 0.0129
0.3422, 0.0129
0.3422, 0.0129
0.3422, 0.0129
0.3460, 0.0129
0.3460, 0.0129
0.3460, 0.0129
0.3460, 0.0129
0.3460, 0.0129
0.3460, 0.0129
0.3460, 0.0129
0.3460, 0.0103
0.3460, 0.0103
0.3460, 0.0103
0.3498, 0.0103
0.3498, 0.0103
0.3498, 0.0103
0.3498, 0.0103
0.3498, 0.0103
0.3498, 0.0103
0.3498, 0.0103
0.3498, 0.0077
0.3498, 0.0077
0.3498, 0.0077
0.3498, 0.0077
0.3498, 0.0077
0.3498, 0.0077
0.3498, 0.0077
0.3536, 0.0077
0.3536, 0.0077
0.3536, 0.0077
0.3536, 0.0077
0.3536, 0.0077
0.3536, 0.0077
0.3536, 0.0077
0.3536, 0.0052
0.3536, 0.0052
0.3536, 0.0052
0.3536, 0.0052
0.3536, 0.0052
0.3536, 0.0052
0.3536, 0.0052
0.3536, 0.0052
0.3536, 0.0052
0.3536, 0.0052
0.3536, 0.0052
0.3574, 0.0052
0.3574, 0.0052
0.3574, 0.0052
0.3574, 0.0052
0.3574, 0.0052
0.3574, 0.0052
0.3574, 0.0052
0.3612, 0.0052
0.3612, 0.0052
0.3612, 0.0052
0.3612, 0.0052
0.3612, 0.0052
0.3612, 0.0052
0.3612, 0.0052
0.3612, 0.0052
0.3612, 0.0052
0.3612, 0.0026
0.3612, 0.0026
0.3612, 0.0026
0.3612, 0.0026
0.3650, 0.0026
0.3650, 0.0026
0.3650, 0.0026
0.3650, 0.0026
0.3650, 0.0026
0.3650, 0.0026
0.3650, 0.0026
0.3650, 0.0026
0.3650, 0.0026
0.3650, 0.0026
0.3688, 0.0026
0.3688, 0.0026
0.3688, 0.0026
0.3688, 0.0026
0.3688, 0.0026
0.3688, 0.0026
0.3688, 0.0026
0.3726, 0.0026
0.3726, 0.0026
0.3726, 0.0026
0.3726, 0.0000
0.3726, 0.0000
0.3726, 0.0000
0.3726, 0.0000
0.3726, 0.0000
0.3726, 0.0000
0.3726, 0.0000
0.3726, 0.0000
0.3726, 0.0000
0.3726, 0.0000
0.3764, 0.0000
0.3764, 0.0000
0.3764, 0.0000
0.3764, 0.0000
0.3764, 0.0000
0.3764, 0.0000
0.3802, 0.0000
0.3802, 0.0000
0.3802, 0.0000
0.3802, 0.0000
0.3802, 0.0000
0.3802, 0.0000
0.3802, 0.0000
0.3802, 0.0000
0.3802, 0.0000
0.3802, 0.0000
0.3802, 0.0000
0.3802, 0.0000
0.3802, 0.0000
0.3802, 0.0000
0.3802, 0.0000
0.3840, 0.0000
0.3840, 0.0000
0.3840, 0.0000
0.3878, 0.0000
0.3878, 0.0000
0.3878, 0.0000
0.3878, 0.0000
0.3878, 0.0000
0.3878, 0.0000
0.3878, 0.0000
0.3916, 0.0000
0.3916, 0.0000
0.3916, 0.0000
0.3916, 0.0000
0.3916, 0.0000
0.3916, 0.0000
0.3916, 0.0000
0.3916, 0.0000
0.3916, 0.0000
0.3916, 0.0000
0.3916, 0.0000
0.3916, 0.0000
0.3916, 0.0000
0.3954, 0.0000
0.3954, 0.0000
0.3954, 0.0000
0.3954, 0.0000
0.3954, 0.0000
0.3954, 0.0000
0.3954, 0.0000
0.3992, 0.0000
0.3992, 0.0000
0.3992, 0.0000
0.3992, 0.0000
0.3992, 0.0000
0.3992, 0.0000
0.4030, 0.0000
0.4030, 0.0026
0.4068, 0.0026
0.4106, 0.0026
0.4106, 0.0026
0.4144, 0.0052
0.4144, 0.0052
0.4144, 0.0052
0.4183, 0.0052
0.4183, 0.0052
0.4183, 0.0052
0.4183, 0.0077
0.4183, 0.0077
0.4183, 0.0077
0.4183, 0.0077
0.4183, 0.0077
0.4183, 0.0077
0.4183, 0.0077
0.4183, 0.0077
0.4183, 0.0077
0.4221, 0.0077
0.4221, 0.0077
0.4221, 0.0077
0.4221, 0.0103
0.4221, 0.0103
0.4221, 0.0103
0.4221, 0.0103
0.4221, 0.0103
0.4259, 0.0103
0.4259, 0.0103
0.4259, 0.0103
0.4259, 0.0103
0.4259, 0.0103
0.4259, 0.0103
0.4297, 0.0103
0.4297, 0.0103
0.4297, 0.0103
0.4297, 0.0103
0.4297, 0.0103
0.4297, 0.0103
0.4297, 0.0103
0.4297, 0.0103
0.4297, 0.0129
0.4297, 0.0129
0.4335, 0.0129
0.4335, 0.0129
0.4335, 0.0129
0.4373, 0.0129
0.4373, 0.0129
0.4373, 0.0129
0.4373, 0.0155
0.4373, 0.0155
0.4373, 0.0155
0.4373, 0.0155
0.4373, 0.0155
0.4373, 0.0155
0.4373, 0.0155
0.4373, 0.0155
0.4411, 0.0155
0.4411, 0.0155
0.4411, 0.0155
0.4411, 0.0155
0.4411, 0.0155
0.4449, 0.0155
0.4449, 0.0155
0.4449, 0.0155
0.4449, 0.0155
0.4449, 0.0155
0.4449, 0.0155
0.4449, 0.0155
0.4449, 0.0155
0.4449, 0.0180
0.4449, 0.0180
0.4449, 0.0180
0.4487, 0.0180
0.4487, 0.0180
0.4487, 0.0180
0.4487, 0.0206
0.4487, 0.0206
0.4487, 0.0206
0.4525, 0.0206
0.4525, 0.0206
0.4563, 0.0206
0.4563, 0.0206
0.4563, 0.0206
0.4563, 0.0232
0.4563, 0.0232
0.4563, 0.0232
0.4563, 0.0232
0.4563, 0.0232
0.4563, 0.0232
0.4563, 0.0232
0.4563, 0.0232
0.4601, 0.0232
0.4601, 0.0232
0.4601, 0.0232
0.4601, 0.0232
0.4601, 0.0232
0.4639, 0.0232
0.4639, 0.0232
0.4639, 0.0232
0.4639, 0.0258
0.4639, 0.0258
0.4639, 0.0258
0.4639, 0.0258
0.4639, 0.0258
0.4677, 0.0284
0.4677, 0.0284
0.4677, 0.0284
0.4677, 0.0284
0.4715, 0.0284
0.4715, 0.0284
0.4715, 0.0284
0.4715, 0.0284
0.4715, 0.0284
0.4753, 0.0309
0.4753, 0.0309
0.4753, 0.0309
0.4753, 0.0309
0.4753, 0.0309
0.4753, 0.0309
0.4753, 0.0309
0.4753, 0.0309
0.4753, 0.0309
0.4791, 0.0335
0.4791, 0.0335
0.4829, 0.0335
0.4829, 0.0335
0.4829, 0.0335
0.4829, 0.0361
0.4829, 0.0361
0.4829, 0.0361
0.4829, 0.0361
0.4829, 0.0361
0.4829, 0.0361
0.4829, 0.0361
0.4829, 0.0361
0.4867, 0.0387
0.4867, 0.0387
0.4905, 0.0387
0.4905, 0.0387
0.4905, 0.0387
0.4905, 0.0412
0.4905, 0.0412
0.4943, 0.0412
0.4943, 0.0412
0.4943, 0.0412
0.4943, 0.0412
0.4943, 0.0412
0.4943, 0.0412
0.4943, 0.0412
0.4943, 0.0412
0.4943, 0.0412
0.4981, 0.0438
0.4981, 0.0438
0.4981, 0.0438
0.5019, 0.0438
0.5019, 0.0438
0.5019, 0.0464
0.5019, 0.0464
0.5019, 0.0464
0.5019, 0.0490
0.5019, 0.0490
0.5019, 0.0490
0.5057, 0.0490
0.5057, 0.0490
0.5057, 0.0490
0.5057, 0.0490
0.5057, 0.0490
0.5095, 0.0515
0.5095, 0.0515
0.5095, 0.0515
0.5133, 0.0541
0.5133, 0.0541
0.5133, 0.0541
0.5133, 0.0541
0.5133, 0.0541
0.5133, 0.0541
0.5133, 0.0541
0.5133, 0.0541
0.5171, 0.0567
0.5171, 0.0567
0.5171, 0.0567
0.5209, 0.0593
0.5209, 0.0593
0.5209, 0.0593
0.5209, 0.0593
0.5209, 0.0593
0.5209, 0.0619
0.5209, 0.0619
0.5209, 0.0619
0.5247, 0.0619
0.5247, 0.0619
0.5247, 0.0619
0.5247, 0.0619
0.5247, 0.0619
0.5285, 0.0644
0.5285, 0.0644
0.5323, 0.0644
0.5323, 0.0644
0.5323, 0.0644
0.5323, 0.0670
0.5323, 0.0670
0.5323, 0.0670
0.5323, 0.0670
0.5323, 0.0670
0.5361, 0.0696
0.5361, 0.0696
0.5361, 0.0696
0.5361, 0.0696
0.5361, 0.0696
0.5399, 0.0722
0.5399, 0.0722
0.5399, 0.0722
0.5399, 0.0722
0.5399, 0.0722
0.5399, 0.0747
0.5399, 0.0747
0.5399, 0.0747
0.5437, 0.0773
0.5437, 0.0773
0.5437, 0.0773
0.5475, 0.0799
0.5475, 0.0799
0.5475, 0.0799
0.5475, 0.0799
0.5475, 0.0799
0.5513, 0.0825
0.5513, 0.0825
0.5513, 0.0825
0.5513, 0.0825
0.5513, 0.0825
0.5513, 0.0825
0.5513, 0.0851
0.5513, 0.0851
0.5513, 0.0851
0.5551, 0.0851
0.5551, 0.0851
0.5551, 0.0851
0.5551, 0.0851
0.5551, 0.0851
0.5589, 0.0876
0.5589, 0.0876
0.5589, 0.0876
0.5589, 0.0902
0.5589, 0.0902
0.5589, 0.0902
0.5589, 0.0902
0.5589, 0.0902
0.5589, 0.0928
0.5589, 0.0928
0.5589, 0.0928
0.5627, 0.0928
0.5627, 0.0928
0.5627, 0.0954
0.5627, 0.0954
0.5627, 0.0954
0.5665, 0.0979
0.5665, 0.0979
0.5665, 0.0979
0.5665, 0.0979
0.5665, 0.0979
0.5665, 0.0979
0.5665, 0.0979
0.5665, 0.0979
0.5665, 0.1005
0.5665, 0.1005
0.5665, 0.1005
0.5703, 0.1031
0.5703, 0.1031
0.5703, 0.1057
0.5703, 0.1057
0.5703, 0.1057
0.5741, 0.1057
0.5741, 0.1057
0.5779, 0.1057
0.5779, 0.1057
0.5779, 0.1057
0.5779, 0.1082
0.5779, 0.1082
0.5779, 0.1108
0.5779, 0.1108
0.5779, 0.1108
0.5779, 0.1108
0.5779, 0.1108
0.5779, 0.1108
0.5817, 0.1134
0.5817, 0.1134
0.5817, 0.1160
0.5817, 0.1160
0.5817, 0.1160
0.5856, 0.1186
0.5856, 0.1186
0.5856, 0.1186
0.5856, 0.1186
0.5856, 0.1186
0.5856, 0.1186
0.5856, 0.1186
0.5856, 0.1186
0.5856, 0.1211
0.5856, 0.1211
0.5856, 0.1211
0.5856, 0.1211
0.5856, 0.1211
0.5856, 0.1211
0.5894, 0.1237
0.5894, 0.1237
0.5894, 0.1237
0.5894, 0.1237
0.5894, 0.1237
0.5932, 0.1237
0.5932, 0.1237
0.5932, 0.1263
0.5932, 0.1263
0.5932, 0.1263
0.5970, 0.1289
0.5970, 0.1289
0.5970, 0.1314
0.5970, 0.1314
0.5970, 0.1314
0.5970, 0.1314
0.5970, 0.1314
0.5970, 0.1314
0.5970, 0.1340
0.5970, 0.1340
0.5970, 0.1340
0.5970, 0.1340
0.5970, 0.1340
0.6008, 0.1366
0.6008, 0.1366
0.6008, 0.1366
0.6008, 0.1366
0.6008, 0.1366
0.6008, 0.1366
0.6046, 0.1366
0.6046, 0.1366
0.6046, 0.1392
0.6046, 0.1392
0.6046, 0.1392
0.6046, 0.1392
0.6046, 0.1392
0.6046, 0.1418
0.6046, 0.1418
0.6046, 0.1418
0.6046, 0.1418
0.6046, 0.1418
0.6046, 0.1418
0.6084, 0.1443
0.6084, 0.1443
0.6084, 0.1443
0.6084, 0.1443
0.6084, 0.1443
0.6084, 0.1443
0.6122, 0.1469
0.6122, 0.1469
0.6160, 0.1469
0.6160, 0.1469
0.6160, 0.1469
0.6160, 0.1495
0.6160, 0.1495
0.6160, 0.1495
0.6160, 0.1495
0.6160, 0.1495
0.6160, 0.1495
0.6160, 0.1521
0.6160, 0.1521
0.6198, 0.1546
0.6198, 0.1546
0.6198, 0.1546
0.6198, 0.1546
0.6198, 0.1546
0.6198, 0.1546
0.6236, 0.1572
0.6236, 0.1572
0.6236, 0.1598
0.6236, 0.1598
0.6236, 0.1598
0.6236, 0.1624
0.6236, 0.1624
0.6236, 0.1624
0.6236, 0.1624
0.6236, 0.1624
0.6274, 0.1624
0.6274, 0.1624
0.6274, 0.1624
0.6312, 0.1649
0.6312, 0.1649
0.6312, 0.1675
0.6312, 0.1675
0.6312, 0.1675
0.6350, 0.1675
0.6350, 0.1675
0.6350, 0.1675
0.6350, 0.1701
0.6350, 0.1701
0.6350, 0.1727
0.6350, 0.1727
0.6350, 0.1727
0.6388, 0.1753
0.6388, 0.1753
0.6388, 0.1753
0.6426, 0.1753
0.6426, 0.1753
0.6426, 0.1778
0.6426, 0.1778
0.6426, 0.1778
0.6426, 0.1778
0.6426, 0.1778
0.6426, 0.1778
0.6464, 0.1804
0.6464, 0.1804
0.6502, 0.1804
0.6502, 0.1804
0.6502, 0.1804
0.6502, 0.1830
0.6502, 0.1830
0.6540, 0.1856
0.6540, 0.1856
0.6540, 0.1856
0.6540, 0.1881
0.6540, 0.1881
0.6540, 0.1881
0.6540, 0.1881
0.6540, 0.1881
0.6540, 0.1907
0.6540, 0.1907
0.6578, 0.1907
0.6578, 0.1907
0.6578, 0.1907
0.6616, 0.1933
0.6616, 0.1933
0.6616, 0.1933
0.6616, 0.1933
0.6616, 0.1933
0.6616, 0.1933
0.6616, 0.1959
0.6616, 0.1959
0.6654, 0.1985
0.6654, 0.1985
0.6654, 0.1985
0.6692, 0.2010
0.6692, 0.2010
0.6692, 0.2010
0.6692, 0.2010
0.6692, 0.2010
0.6730, 0.2036
0.6730, 0.2036
0.6730, 0.2036
0.6730, 0.2062
0.6730, 0.2062
0.6730, 0.2062
0.6730, 0.2062
0.6730, 0.2062
0.6730, 0.2062
0.6768, 0.2088
0.6768, 0.2088
0.6768, 0.2088
0.6806, 0.2088
0.6806, 0.2088
0.6806, 0.2088
0.6806, 0.2113
0.6806, 0.2113
0.6806, 0.2139
0.6806, 0.2139
0.6844, 0.2139
0.6844, 0.2139
0.6844, 0.2165
0.6844, 0.2165
0.6844, 0.2165
0.6882, 0.2191
0.6882, 0.2191
0.6882, 0.2191
0.6882, 0.2191
0.6882, 0.2191
0.6882, 0.2191
0.6920, 0.2216
0.6920, 0.2216
0.6958, 0.2242
0.6958, 0.2242
0.6958, 0.2242
0.6958, 0.2268
0.6958, 0.2268
0.6996, 0.2268
0.6996, 0.2268
0.6996, 0.2268
0.6996, 0.2294
0.6996, 0.2294
0.6996, 0.2294
0.7034, 0.2294
0.7034, 0.2294
0.7034, 0.2294
0.7034, 0.2320
0.7034, 0.2320
0.7072, 0.2320
0.7072, 0.2320
0.7072, 0.2320
0.7072, 0.2345
0.7072, 0.2345
0.7072, 0.2345
0.7110, 0.2371
0.7110, 0.2371
0.7110, 0.2371
0.7148, 0.2371
0.7148, 0.2371
0.7148, 0.2371
0.7148, 0.2397
0.7148, 0.2397
0.7148, 0.2397
0.7186, 0.2423
0.7186, 0.2423
0.7186, 0.2448
0.7186, 0.2448
0.7186, 0.2448
0.7224, 0.2448
0.7224, 0.2448
0.7224, 0.2448
0.7224, 0.2474
0.7224, 0.2474
0.7262, 0.2500
0.7262, 0.2500
0.7262, 0.2500
0.7262, 0.2500
0.7262, 0.2500
0.7300, 0.2526
0.7300, 0.2526
0.7300, 0.2526
0.7338, 0.2552
0.7338, 0.2552
0.7338, 0.2552
0.7376, 0.2577
0.7376, 0.2577
0.7376, 0.2603
0.7376, 0.2603
0.7376, 0.2603
0.7376, 0.2629
0.7376, 0.2629
0.7414, 0.2655
0.7414, 0.2655
0.7414, 0.2655
0.7452, 0.2655
0.7452, 0.2655
0.7452, 0.2655
0.7452, 0.2680
0.7452, 0.2680
0.7452, 0.2680
0.7490, 0.2706
0.7490, 0.2706
0.7490, 0.2706
0.7490, 0.2706
0.7490, 0.2706
0.7490, 0.2706
0.7529, 0.2732
0.7529, 0.2732
0.7529, 0.2732
0.7529, 0.2758
0.7529, 0.2758
0.7529, 0.2758
0.7567, 0.2784
0.7567, 0.2784
0.7567, 0.2784
0.7567, 0.2784
0.7567, 0.2784
0.7567, 0.2784
0.7567, 0.2809
0.7567, 0.2809
0.7605, 0.2861
0.7605, 0.2861
0.7605, 0.2861
0.7605, 0.2861
0.7605, 0.2861
0.7605, 0.2861
0.7643, 0.2887
0.7643, 0.2887
0.7643, 0.2887
0.7643, 0.2912
0.7643, 0.2912
0.7643, 0.2912
0.7643, 0.2912
0.7643, 0.2912
0.7643, 0.2912
0.7681, 0.2938
0.7681, 0.2938
0.7681, 0.2938
0.7719, 0.2964
0.7719, 0.2964
0.7719, 0.2964
0.7719, 0.2964
0.7719, 0.2964
0.7757, 0.2990
0.7757, 0.2990
0.7757, 0.2990
0.7757, 0.3015
0.7757, 0.3015
0.7757, 0.3015
0.7757, 0.3041
0.7757, 0.3041
0.7757, 0.3041
0.7757, 0.3041
0.7757, 0.3041
0.7795, 0.3041
0.7795, 0.3041
0.7795, 0.3041
0.7795, 0.3067
0.7795, 0.3067
0.7795, 0.3067
0.7833, 0.3093
0.7833, 0.3093
0.7833, 0.3093
0.7833, 0.3093
0.7833, 0.3093
0.7833, 0.3119
0.7833, 0.3119
0.7871, 0.3144
0.7871, 0.3144
0.7871, 0.3170
0.7871, 0.3170
0.7871, 0.3170
0.7909, 0.3170
0.7909, 0.3170
0.7947, 0.3196
0.7947, 0.3196
0.7947, 0.3222
0.7947, 0.3222
0.7947, 0.3222
0.7985, 0.3222
0.7985, 0.3222
0.8023, 0.3247
0.8023, 0.3247
0.8023, 0.3247
0.8023, 0.3273
0.8023, 0.3273
0.8023, 0.3299
0.8023, 0.3299
0.8023, 0.3299
0.8061, 0.3299
0.8061, 0.3299
0.8061, 0.3299
0.8099, 0.3325
0.8099, 0.3325
0.8099, 0.3325
0.8099, 0.3325
0.8099, 0.3325
0.8137, 0.3351
0.8137, 0.3351
0.8137, 0.3351
0.8137, 0.3351
0.8137, 0.3351
0.8137, 0.3351
0.8137, 0.3351
0.8175, 0.3376
0.8175, 0.3376
0.8213, 0.3402
0.8213, 0.3402
0.8213, 0.3402
0.8213, 0.3428
0.8213, 0.3428
0.8251, 0.3428
0.8251, 0.3428
0.8251, 0.3428
0.8289, 0.3428
0.8289, 0.3428
0.8289, 0.3428
0.8327, 0.3454
0.8327, 0.3454
0.8327, 0.3454
0.8327, 0.3479
0.8327, 0.3479
0.8327, 0.3479
0.8365, 0.3479
0.8365, 0.3479
0.8365, 0.3479
0.8441, 0.3479
0.8441, 0.3479
0.8441, 0.3479
0.8441, 0.3479
0.8441, 0.3479
0.8517, 0.3505
0.8517, 0.3505
0.8555, 0.3505
0.8555, 0.3505
0.8555, 0.3505
0.8555, 0.3531
0.8555, 0.3531
0.8555, 0.3531
0.8631, 0.3531
0.8631, 0.3531
0.8631, 0.3531
0.8631, 0.3531
0.8631, 0.3531
0.8669, 0.3531
0.8669, 0.3531
0.8669, 0.3531
0.8745, 0.3557
0.8745, 0.3557
0.8745, 0.3557
0.8745, 0.3557
0.8745, 0.3557
0.8745, 0.3557
0.8783, 0.3557
0.8783, 0.3557
0.8783, 0.3557
0.8821, 0.3557
0.8821, 0.3557
0.8821, 0.3557
0.8859, 0.3557
0.8859, 0.3557
0.8859, 0.3557
0.8897, 0.3557
0.8897, 0.3557
0.8973, 0.3557
0.8973, 0.3557
0.8973, 0.3557
0.8973, 0.3557
0.8973, 0.3557
0.8973, 0.3557
0.9011, 0.3557
0.9011, 0.3557
0.9011, 0.3557
0.9049, 0.3557
0.9049, 0.3557
0.9049, 0.3557
0.9049, 0.3557
0.9049, 0.3557
0.9049, 0.3557
0.9087, 0.3557
0.9087, 0.3557
0.9087, 0.3557
0.9163, 0.3557
0.9163, 0.3557
0.9163, 0.3557
0.9163, 0.3557
0.9163, 0.3557
0.9163, 0.3557
0.9202, 0.3557
0.9202, 0.3557
0.9202, 0.3557
0.9278, 0.3557
0.9278, 0.3557
0.9278, 0.3557
0.9278, 0.3557
0.9278, 0.3557
0.9354, 0.3557
0.9354, 0.3557
0.9354, 0.3557
0.9430, 0.3531
0.9430, 0.3531
0.9430, 0.3531
0.9430, 0.3531
0.9430, 0.3531
0.9430, 0.3531
0.9506, 0.3505
0.9506, 0.3505
0.9506, 0.3505
0.9544, 0.3505
0.9544, 0.3505
0.9544, 0.3505
0.9544, 0.3505
0.9544, 0.3505
0.9582, 0.3505
0.9582, 0.3505
0.9582, 0.3505
0.9620, 0.3505
0.9620, 0.3505
0.9620, 0.3505
0.9620, 0.3479
0.9620, 0.3479
0.9620, 0.3479
0.9658, 0.3479
0.9658, 0.3479
0.9658, 0.3479
0.9696, 0.3454
0.9696, 0.3454
0.9734, 0.3454
0.9734, 0.3454
0.9734, 0.3454
0.9734, 0.3428
0.9734, 0.3428
0.9734, 0.3428
0.9734, 0.3428
0.9734, 0.3428
0.9734, 0.3428
0.9772, 0.3428
0.9772, 0.3428
0.9772, 0.3428
0.9772, 0.3402
0.9772, 0.3402
0.9810, 0.3402
0.9810, 0.3402
0.9810, 0.3402
0.9810, 0.3376
0.9810, 0.3376
0.9810, 0.3376
0.9810, 0.3376
0.9810, 0.3376
0.9810, 0.3376
0.9848, 0.3376
0.9848, 0.3376
0.9848, 0.3376
0.9848, 0.3376
0.9848, 0.3376
0.9848, 0.3376
0.9886, 0.3351
0.9886, 0.3351
0.9886, 0.3325
0.9886, 0.3325
0.9886, 0.3325
0.9886, 0.3325
0.9886, 0.3325
0.9886, 0.3325
0.9924, 0.3299
0.9924, 0.3299
0.9924, 0.3273
0.9924, 0.3273
0.9924, 0.3273
0.9924, 0.3247
0.9924, 0.3247
0.9924, 0.3247
0.9924, 0.3222
0.9924, 0.3222
0.9924, 0.3222
0.9924, 0.3170
0.9924, 0.3170
0.9924, 0.3170
0.9962, 0.3144
0.9962, 0.3144
0.9962, 0.3144
0.9962, 0.3144
0.9962, 0.3144
0.9962, 0.3119
0.9962, 0.3119
0.9962, 0.3119
1.0000, 0.3093
1.0000, 0.3093
1.0000, 0.3093
1.0000, 0.3093
1.0000, 0.3093
1.0000, 0.3093
1.0000, 0.3093
1.0000, 0.3093
1.0000, 0.3093
1.0000, 0.3093
1.0000, 0.3093
1.0000, 0.3093
1.0000, 0.3093
1.0000, 0.3093
1.0000, 0.3093
1.0000, 0.3093
1.0000, 0.3093
1.0000, 0.3093
1.0000, 0.3093
1.0000, 0.3093
1.0000, 0.3093
1.0000, 0.3093
1.0000, 0.3093
1.0000, 0.3093
1.0000, 0.3093
1.0000, 0.3093
1.0000, 0.3093
1.0000, 0.3093
1.0000, 0.3093
1.0000, 0.3093
1.0000, 0.3093
1.0000, 0.3093
1.0000, 0.3093
1.0000, 0.3093
1.0000, 0.3093
1.0000, 0.3093
1.0000, 0.3093
0.3346, 0.1985
0.3346, 0.1985
0.3346, 0.1985
0.3346, 0.1985
0.3346, 0.1985
0.3346, 0.1985
0.3346, 0.1985
0.3346, 0.1985
0.3346, 0.1985
0.3346, 0.1985
0.3346, 0.1985
0.3346, 0.1985
0.3346, 0.1985
0.3346, 0.1985
0.3346, 0.1985
0.3346, 0.1985
0.3346, 0.1985
0.3346, 0.1985
0.3346, 0.1985
0.3346, 0.1985
0.3346, 0.1985
0.3346, 0.1985
0.3346, 0.1985
0.3346, 0.1985
0.3346, 0.1985
0.3346, 0.1985
0.3346, 0.1985
0.3346, 0.1985
0.3346, 0.1985
0.3346, 0.1985
0.3346, 0.1985
0.3346, 0.1985
0.3346, 0.1985
0.3346, 0.1985
0.3346, 0.1985
0.3346, 0.1985
0.3346, 0.1985
0.3346, 0.1985
0.3346, 0.1985
0.3346, 0.1985
0.3346, 0.1985
0.3346, 0.1985
0.3346, 0.1985
0.3346, 0.1985
0.3346, 0.1985
0.3346, 0.1985
0.3346, 0.1985
0.3346, 0.1985
0.3346, 0.1985
0.3346, 0.1985
0.3346, 0.1985
0.3346, 0.1985
0.3346, 0.1985
0.3346, 0.1985
0.3346, 0.1985
0.3346, 0.1985
0.3346, 0.1985
0.3346, 0.1985
0.3346, 0.1985
0.3346, 0.1985
0.3346, 0.1985
0.3346, 0.1985
0.3346, 0.1985
0.3384, 0.1985
0.3384, 0.1985
0.3384, 0.1985
0.3384, 0.1985
0.3422, 0.1985
0.3422, 0.1985
0.3422, 0.1985
0.3422, 0.1985
0.3460, 0.1985
0.3460, 0.1985
0.3460, 0.1985
0.3460, 0.1985
0.3498, 0.2010
0.3498, 0.2010
0.3498, 0.2010
0.3498, 0.2010
0.3536, 0.2036
0.3536, 0.2036
0.3536, 0.2036
0.3536, 0.2036
0.3612, 0.2036
0.3612, 0.2036
0.3612, 0.2036
0.3612, 0.2036
0.3650, 0.2062
0.3650, 0.2062
0.3650, 0.2062
0.3650, 0.2062
0.3764, 0.2062
0.3764, 0.2062
0.3764, 0.2062
0.3764, 0.2062
0.3840, 0.2088
0.3840, 0.2088
0.3840, 0.2088
0.3840, 0.2088
0.3878, 0.2088
0.3878, 0.2088
0.3878, 0.2088
0.3878, 0.2088
0.3992, 0.2113
0.3992, 0.2113
0.3992, 0.2113
0.3992, 0.2113
0.4068, 0.2113
0.4068, 0.2113
0.4068, 0.2113
0.4068, 0.2113
0.4106, 0.2113
0.4106, 0.2113
0.4106, 0.2113
0.4106, 0.2113
0.4183, 0.2113
0.4183, 0.2113
0.4183, 0.2113
0.4183, 0.2113
0.4259, 0.2113
0.4259, 0.2113
0.4259, 0.2113
0.4259, 0.2113
0.4297, 0.2113
0.4297, 0.2113
0.4297, 0.2113
0.4297, 0.2113
0.4373, 0.2113
0.4373, 0.2113
0.4373, 0.2113
0.4373, 0.2113
0.4411, 0.2113
0.4411, 0.2113
0.4411, 0.2113
0.4411, 0.2113
0.4487, 0.2113
0.4487, 0.2113
0.4487, 0.2113
0.4487, 0.2113
0.4563, 0.2113
0.4563, 0.2113
0.4563, 0.2113
0.4563, 0.2113
0.4601, 0.2113
0.4601, 0.2113
0.4601, 0.2113
0.4601, 0.2113
0.4677, 0.2113
0.4677, 0.2113
0.4677, 0.2113
0.4677, 0.2113
0.4715, 0.2113
0.4715, 0.2113
0.4715, 0.2113
0.4715, 0.2113
0.4829, 0.2113
0.4829, 0.2113
0.4829, 0.2113
0.4829, 0.2113
0.4905, 0.2113
0.4905, 0.2113
0.4905, 0.2113
0.4905, 0.2113
0.4943, 0.2113
0.4943, 0.2113
0.4943, 0.2113
0.4943, 0.2113
0.4943, 0.2113
0.5057, 0.2113
0.5057, 0.2113
0.5057, 0.2113
0.5057, 0.2113
0.5133, 0.2113
0.5133, 0.2113
0.5133, 0.2113
0.5133, 0.2113
0.5171, 0.2088
0.5171, 0.2088
0.5171, 0.2088
0.5171, 0.2088
0.5247, 0.2088
0.5247, 0.2088
0.5247, 0.2088
0.5247, 0.2088
0.5323, 0.2062
0.5323, 0.2062
0.5323, 0.2062
0.5323, 0.2062
0.5361, 0.2062
0.5361, 0.2062
0.5361, 0.2062
0.5399, 0.2062
0.5399, 0.2062
0.5399, 0.2062
0.5399, 0.2062
0.5475, 0.2036
0.5475, 0.2036
0.5475, 0.2036
0.5475, 0.2036
0.5475, 0.2036
0.5475, 0.2036
0.5475, 0.2036
0.5475, 0.2036
0.5513, 0.2010
0.5513, 0.2010
0.5513, 0.2010
0.5513, 0.2010
0.5589, 0.2010
0.5589, 0.2010
0.5589, 0.2010
0.5589, 0.2010
0.5589, 0.2010
0.5589, 0.2010
0.5589, 0.2010
0.5589, 0.2010
0.5627, 0.2010
0.5627, 0.2010
0.5627, 0.2010
0.5627, 0.2010
0.5703, 0.1985
0.5703, 0.1985
0.5703, 0.1985
0.5703, 0.1985
0.5703, 0.1985
0.5703, 0.1985
0.5703, 0.1985
0.5703, 0.1985
0.5779, 0.1959
0.5779, 0.1959
0.5779, 0.1959
0.5779, 0.1959
0.5817, 0.1959
0.5817, 0.1959
0.5817, 0.1959
0.5817, 0.1959
0.5856, 0.1933
0.5856, 0.1933
0.5856, 0.1933
0.5856, 0.1933
0.5932, 0.1933
0.5932, 0.1933
0.5932, 0.1933
0.5932, 0.1933
0.5932, 0.1933
0.5932, 0.1933
0.5932, 0.1933
0.5970, 0.1907
0.5970, 0.1907
0.5970, 0.1907
0.5970, 0.1907
0.6008, 0.1881
0.6008, 0.1881
0.6008, 0.1881
0.6008, 0.1881
0.6046, 0.1881
0.6046, 0.1881
0.6046, 0.1881
0.6046, 0.1881
0.6046, 0.1881
0.6046, 0.1881
0.6046, 0.1881
0.6046, 0.1881
0.6046, 0.1881
0.6046, 0.1881
0.6046, 0.1881
0.6046, 0.1881
0.6046, 0.1881
0.6046, 0.1856
0.6046, 0.1856
0.6046, 0.1856
0.6046, 0.1856
0.6084, 0.1856
0.6084, 0.1856
0.6084, 0.1856
0.6084, 0.1856
0.6084, 0.1856
0.6084, 0.1856
0.6084, 0.1856
0.6084, 0.1856
0.6084, 0.1856
0.6084, 0.1856
0.6084, 0.1856
0.6084, 0.1856
0.6084, 0.1830
0.6084, 0.1830
0.6084, 0.1830
0.6084, 0.1830
0.6122, 0.1830
0.6122, 0.1830
0.6122, 0.1830
0.6122, 0.1830
0.6122, 0.1830
0.6122, 0.1830
0.6122, 0.1830
0.6122, 0.1830
0.6122, 0.1830
0.6122, 0.1830
0.6122, 0.1830
0.6122, 0.1830
0.6122, 0.1830
0.6122, 0.1830
0.6122, 0.1830
0.6122, 0.1830
0.6122, 0.1830
0.6122, 0.1830
0.6122, 0.1830
0.6122, 0.1830
0.6122, 0.1830
0.6122, 0.1830
0.6122, 0.1830
0.6122, 0.1830
0.6122, 0.1830
0.6122, 0.1830
0.6122, 0.1830
0.6122, 0.1830
0.6122, 0.1830
0.6122, 0.1830
0.6122, 0.1830
0.6122, 0.1830
0.6122, 0.1830
0.6122, 0.1830
0.6122, 0.1830
0.6122, 0.1830
0.6122, 0.1830
0.6122, 0.1830
0.6122, 0.1830
0.6122, 0.1830
0.6122, 0.1830
0.6122, 0.1830
0.6122, 0.1830
0.6122, 0.1830
0.6122, 0.1830
0.6122, 0.1830
0.6122, 0.1830
0.6122, 0.1830
0.6122, 0.1830
0.6122, 0.1830
0.6122, 0.1830
0.6122, 0.1830
0.6122, 0.1830
0.6122, 0.1830
0.6122, 0.1830
0.6122, 0.1830
0.6122, 0.1830
0.6122, 0.1830
0.6122, 0.1830
0.6122, 0.1830
0.6122, 0.1830
0.6122, 0.1830
0.6122, 0.1830
0.6122, 0.1830
0.6122, 0.1830
0.6122, 0.1830
0.6122, 0.1830
0.6122, 0.1830
0.6122, 0.1830
0.6122, 0.1830
0.6122, 0.1830
0.6122, 0.1830
0.6122, 0.1830
0.6122, 0.1830
0.6122, 0.1830
0.6122, 0.1830
0.6122, 0.1830
0.6122, 0.1830
0.6122, 0.1830
0.6122, 0.1830
0.6122, 0.1830
0.6122, 0.1830
0.6122, 0.1830
0.6122, 0.1830
0.6122, 0.1830
0.6122, 0.1830
0.6122, 0.1830
0.6122, 0.1830
0.6122, 0.1830
0.6122, 0.1830
0.6122, 0.1830
0.6122, 0.1830
0.6122, 0.1830
0.6122, 0.1830
0.6122, 0.1830
0.6122, 0.1830
0.6122, 0.1830
0.0000, 1.0000
0.0000, 1.0000
0.0000, 1.0000
0.0000, 1.0000
0.0000, 1.0000
0.0000, 1.0000
0.0000, 1.0000
0.0000, 1.0000
0.0000, 1.0000
0.0000, 1.0000
0.0000, 1.0000
0.0000, 1.0000
0.0000, 1.0000
0.0000, 1.0000
0.0000, 1.0000
0.0000, 1.0000
0.0000, 1.0000
0.0000, 1.0000
0.0000, 1.0000
0.0000, 1.0000
0.0000, 1.0000
0.0000, 1.0000
0.0000, 1.0000
0.0000, 1.0000
0.0000, 1.0000
0.0000, 1.0000
0.0000, 1.0000
0.0000, 1.0000
0.0000, 1.0000
0.0000, 1.0000
0.0000, 1.0000
