0.1623, 0.2723
0.1623, 0.2723
0.1623, 0.2723
0.1623, 0.2723
0.1623, 0.2723
0.1623, 0.2723
0.1623, 0.2723
0.1623, 0.2723
0.1623, 0.2723
0.1623, 0.2723
0.1623, 0.2723
0.1623, 0.2723
0.1623, 0.2723
0.1623, 0.2723
0.1623, 0.2723
0.1623, 0.2723
0.1623, 0.2723
0.1623, 0.2723
0.1623, 0.2723
0.1623, 0.2723
0.1623, 0.2723
0.1623, 0.2723
0.1623, 0.2723
0.1623, 0.2723
0.1623, 0.2723
0.1623, 0.2723
0.1623, 0.2723
0.1623, 0.2723
0.1623, 0.2723
0.1623, 0.2723
0.1623, 0.2723
0.1623, 0.2723
0.1623, 0.2723
0.1623, 0.2723
0.1623, 0.2723
0.1623, 0.2723
0.1623, 0.2723
0.1623, 0.2723
0.1623, 0.2723
0.1623, 0.2723
0.1623, 0.2723
0.1623, 0.2723
0.1623, 0.2723
0.1623, 0.2723
0.1623, 0.2723
0.1623, 0.2723
0.1623, 0.2723
0.1623, 0.2723
0.1623, 0.2723
0.1623, 0.2723
0.1623, 0.2723
0.1623, 0.2723
0.1623, 0.2723
0.1623, 0.2723
0.1623, 0.2723
0.1660, 0.2723
0.1660, 0.2723
0.1660, 0.2723
0.1660, 0.2723
0.1660, 0.2723
0.1660, 0.2723
0.1660, 0.2723
0.1660, 0.2723
0.1660, 0.2723
0.1660, 0.2723
0.1660, 0.2723
0.1660, 0.2723
0.1660, 0.2723
0.1660, 0.2723
0.1698, 0.2723
0.1698, 0.2723
0.1698, 0.2723
0.1698, 0.2723
0.1736, 0.2723
0.1736, 0.2723
0.1736, 0.2723
0.1736, 0.2723
0.1774, 0.2723
0.1774, 0.2723
0.1774, 0.2723
0.1774, 0.2723
0.1774, 0.2723
0.1774, 0.2723
0.1774, 0.2723
0.1774, 0.2723
0.1774, 0.2723
0.1811, 0.2723
0.1811, 0.2723
0.1811, 0.2723
0.1811, 0.2723
0.1811, 0.2723
0.1811, 0.2723
0.1811, 0.2723
0.1811, 0.2723
0.1811, 0.2723
0.1849, 0.2723
0.1849, 0.2723
0.1849, 0.2723
0.1849, 0.2723
0.1849, 0.2723
0.1849, 0.2723
0.1849, 0.2723
0.1849, 0.2723
0.1887, 0.2723
0.1887, 0.2723
0.1887, 0.2723
0.1887, 0.2723
0.1887, 0.2723
0.1925, 0.2723
0.1925, 0.2723
0.1925, 0.2723
0.1925, 0.2723
0.1925, 0.2723
0.1925, 0.2723
0.1925, 0.2723
0.1925, 0.2723
0.1925, 0.2723
0.1925, 0.2723
0.1925, 0.2723
0.1925, 0.2723
0.1925, 0.2723
0.1962, 0.2723
0.1962, 0.2723
0.1962, 0.2723
0.1962, 0.2723
0.2000, 0.2723
0.2000, 0.2723
0.2000, 0.2723
0.2000, 0.2723
0.2000, 0.2723
0.2000, 0.2723
0.2000, 0.2723
0.2000, 0.2723
0.2000, 0.2723
0.2038, 0.2723
0.2038, 0.2723
0.2038, 0.2723
0.2038, 0.2723
0.2038, 0.2723
0.2038, 0.2723
0.2038, 0.2723
0.2038, 0.2723
0.2075, 0.2723
0.2075, 0.2723
0.2075, 0.2723
0.2075, 0.2723
0.2075, 0.2723
0.2075, 0.2723
0.2075, 0.2723
0.2075, 0.2723
0.2113, 0.2723
0.2113, 0.2723
0.2113, 0.2723
0.2113, 0.2723
0.2113, 0.2723
0.2113, 0.2723
0.2113, 0.2723
0.2113, 0.2723
0.2113, 0.2723
0.2113, 0.2723
0.2113, 0.2723
0.2113, 0.2723
0.2113, 0.2723
0.2113, 0.2723
0.2151, 0.2723
0.2151, 0.2723
0.2151, 0.2723
0.2189, 0.2723
0.2189, 0.2723
0.2189, 0.2723
0.2189, 0.2723
0.2189, 0.2723
0.2189, 0.2723
0.2189, 0.2723
0.2189, 0.2723
0.2189, 0.2723
0.2226, 0.2723
0.2226, 0.2723
0.2226, 0.2723
0.2226, 0.2723
0.2226, 0.2723
0.2226, 0.2723
0.2226, 0.2723
0.2226, 0.2723
0.2226, 0.2723
0.2226, 0.2723
0.2226, 0.2723
0.2226, 0.2723
0.2226, 0.2723
0.2226, 0.2723
0.2226, 0.2723
0.2226, 0.2723
0.2226, 0.2723
0.2226, 0.2723
0.2264, 0.2723
0.2264, 0.2723
0.2264, 0.2723
0.2264, 0.2723
0.2264, 0.2723
0.2264, 0.2723
0.2264, 0.2723
0.2264, 0.2723
0.2302, 0.2723
0.2302, 0.2723
0.2302, 0.2723
0.2302, 0.2723
0.2302, 0.2723
0.2302, 0.2723
0.2302, 0.2723
0.2302, 0.2723
0.2302, 0.2723
0.2302, 0.2723
0.2302, 0.2723
0.2302, 0.2723
0.2302, 0.2723
0.2340, 0.2723
0.2340, 0.2723
0.2340, 0.2723
0.2340, 0.2723
0.2340, 0.2723
0.2340, 0.2723
0.2340, 0.2723
0.2340, 0.2723
0.2340, 0.2723
0.2377, 0.2723
0.2377, 0.2723
0.2377, 0.2723
0.2377, 0.2723
0.2415, 0.2723
0.2415, 0.2723
0.2415, 0.2723
0.2415, 0.2723
0.2415, 0.2723
0.2415, 0.2723
0.2415, 0.2723
0.2415, 0.2723
0.2415, 0.2723
0.2415, 0.2723
0.2415, 0.2723
0.2415, 0.2723
0.2415, 0.2723
0.2415, 0.2723
0.2415, 0.2723
0.2415, 0.2723
0.2415, 0.2723
0.2453, 0.2723
0.2453, 0.2723
0.2453, 0.2723
0.2491, 0.2723
0.2491, 0.2723
0.2491, 0.2723
0.2491, 0.2723
0.2491, 0.2723
0.2491, 0.2723
0.2491, 0.2723
0.2491, 0.2723
0.2491, 0.2723
0.2491, 0.2723
0.2491, 0.2723
0.2491, 0.2723
0.2491, 0.2723
0.2528, 0.2723
0.2528, 0.2723
0.2528, 0.2723
0.2528, 0.2723
0.2566, 0.2723
0.2566, 0.2723
0.2566, 0.2723
0.2566, 0.2723
0.2604, 0.2723
0.2604, 0.2723
0.2604, 0.2723
0.2604, 0.2723
0.2604, 0.2723
0.2604, 0.2723
0.2604, 0.2723
0.2604, 0.2723
0.2604, 0.2723
0.2604, 0.2723
0.2604, 0.2723
0.2604, 0.2723
0.2642, 0.2723
0.2642, 0.2723
0.2642, 0.2723
0.2642, 0.2723
0.2679, 0.2723
0.2679, 0.2723
0.2679, 0.2723
0.2679, 0.2723
0.2679, 0.2723
0.2679, 0.2723
0.2679, 0.2723
0.2679, 0.2723
0.2679, 0.2723
0.2679, 0.2723
0.2679, 0.2723
0.2679, 0.2723
0.2679, 0.2723
0.2717, 0.2723
0.2717, 0.2723
0.2717, 0.2723
0.2755, 0.2723
0.2755, 0.2723
0.2755, 0.2723
0.2755, 0.2723
0.2792, 0.2723
0.2792, 0.2723
0.2792, 0.2723
0.2792, 0.2723
0.2792, 0.2723
0.2792, 0.2723
0.2792, 0.2723
0.2792, 0.2723
0.2792, 0.2723
0.2792, 0.2723
0.2792, 0.2723
0.2792, 0.2723
0.2830, 0.2723
0.2830, 0.2723
0.2830, 0.2723
0.2830, 0.2723
0.2830, 0.2723
0.2830, 0.2723
0.2868, 0.2723
0.2868, 0.2723
0.2868, 0.2723
0.2868, 0.2723
0.2868, 0.2696
0.2868, 0.2696
0.2868, 0.2696
0.2868, 0.2696
0.2906, 0.2696
0.2906, 0.2696
0.2906, 0.2696
0.2906, 0.2696
0.2943, 0.2696
0.2943, 0.2696
0.2943, 0.2696
0.2943, 0.2696
0.2981, 0.2696
0.2981, 0.2696
0.2981, 0.2696
0.2981, 0.2696
0.2981, 0.2696
0.2981, 0.2696
0.2981, 0.2696
0.2981, 0.2696
0.3019, 0.2696
0.3019, 0.2696
0.3019, 0.2696
0.3057, 0.2670
0.3057, 0.2670
0.3057, 0.2670
0.3057, 0.2670
0.3057, 0.2670
0.3057, 0.2670
0.3057, 0.2670
0.3057, 0.2670
0.3057, 0.2670
0.3057, 0.2670
0.3057, 0.2670
0.3057, 0.2670
0.3057, 0.2670
0.3094, 0.2670
0.3094, 0.2670
0.3094, 0.2670
0.3094, 0.2670
0.3094, 0.2670
0.3094, 0.2670
0.3094, 0.2670
0.3094, 0.2670
0.3094, 0.2670
0.3094, 0.2670
0.3094, 0.2670
0.3094, 0.2670
0.3132, 0.2670
0.3132, 0.2670
0.3132, 0.2670
0.3132, 0.2670
0.3132, 0.2670
0.3132, 0.2670
0.3132, 0.2670
0.3132, 0.2670
0.3132, 0.2670
0.3132, 0.2670
0.3132, 0.2670
0.3132, 0.2670
0.3132, 0.2670
0.3132, 0.2670
0.3132, 0.2670
0.3132, 0.2670
0.3132, 0.2670
0.3132, 0.2670
0.3132, 0.2670
0.3132, 0.2670
0.3132, 0.2670
0.3132, 0.2670
0.3132, 0.2670
0.3132, 0.2670
0.3132, 0.2670
0.3132, 0.2670
0.3132, 0.2670
0.3132, 0.2670
0.3170, 0.2670
0.3170, 0.2670
0.3170, 0.2670
0.3170, 0.2670
0.3170, 0.2670
0.3170, 0.2670
0.3170, 0.2670
0.3170, 0.2670
0.3170, 0.2670
0.3170, 0.2670
0.3170, 0.2670
0.3170, 0.2670
0.3170, 0.2670
0.3170, 0.2644
0.3170, 0.2644
0.3170, 0.2644
0.3170, 0.2644
0.3208, 0.2644
0.3208, 0.2644
0.3208, 0.2644
0.3208, 0.2644
0.3208, 0.2644
0.3208, 0.2644
0.3208, 0.2644
0.3208, 0.2644
0.3208, 0.2644
0.3208, 0.2644
0.3208, 0.2644
0.3208, 0.2644
0.3208, 0.2644
0.3208, 0.2644
0.3208, 0.2644
0.3208, 0.2644
0.3208, 0.2618
0.3208, 0.2618
0.3208, 0.2618
0.3208, 0.2618
0.3208, 0.2618
0.3208, 0.2618
0.3208, 0.2618
0.3208, 0.2618
0.3245, 0.2592
0.3245, 0.2592
0.3245, 0.2592
0.3245, 0.2592
0.3245, 0.2592
0.3245, 0.2592
0.3245, 0.2592
0.3245, 0.2592
0.3245, 0.2592
0.3245, 0.2592
0.3245, 0.2592
0.3245, 0.2592
0.3245, 0.2592
0.3245, 0.2592
0.3245, 0.2592
0.3245, 0.2565
0.3245, 0.2565
0.3245, 0.2565
0.3245, 0.2565
0.3245, 0.2565
0.3245, 0.2565
0.3245, 0.2565
0.3245, 0.2565
0.3245, 0.2539
0.3245, 0.2539
0.3245, 0.2539
0.3245, 0.2539
0.3245, 0.2539
0.3245, 0.2539
0.3245, 0.2539
0.3245, 0.2539
0.3245, 0.2539
0.3245, 0.2539
0.3245, 0.2539
0.3245, 0.2539
0.3245, 0.2539
0.3245, 0.2539
0.3245, 0.2539
0.3245, 0.2539
0.3245, 0.2539
0.3283, 0.2539
0.3283, 0.2539
0.3283, 0.2539
0.3283, 0.2539
0.3283, 0.2513
0.3283, 0.2513
0.3283, 0.2513
0.3283, 0.2513
0.3283, 0.2513
0.3283, 0.2513
0.3283, 0.2513
0.3283, 0.2513
0.3283, 0.2487
0.3283, 0.2487
0.3283, 0.2487
0.3283, 0.2461
0.3283, 0.2461
0.3283, 0.2461
0.3283, 0.2461
0.3283, 0.2461
0.3283, 0.2461
0.3283, 0.2461
0.3283, 0.2461
0.3283, 0.2461
0.3283, 0.2461
0.3283, 0.2461
0.3283, 0.2461
0.3283, 0.2435
0.3283, 0.2435
0.3283, 0.2435
0.3283, 0.2435
0.3283, 0.2435
0.3283, 0.2435
0.3283, 0.2435
0.3283, 0.2435
0.3283, 0.2408
0.3283, 0.2408
0.3283, 0.2408
0.3283, 0.2408
0.3283, 0.2408
0.3283, 0.2408
0.3283, 0.2408
0.3283, 0.2408
0.3283, 0.2408
0.3283, 0.2408
0.3283, 0.2408
0.3283, 0.2408
0.3283, 0.2382
0.3283, 0.2382
0.3283, 0.2382
0.3283, 0.2382
0.3283, 0.2382
0.3283, 0.2382
0.3283, 0.2382
0.3283, 0.2382
0.3283, 0.2356
0.3283, 0.2356
0.3283, 0.2356
0.3283, 0.2356
0.3283, 0.2356
0.3283, 0.2356
0.3283, 0.2356
0.3283, 0.2356
0.3283, 0.2330
0.3283, 0.2330
0.3283, 0.2330
0.3283, 0.2330
0.3283, 0.2330
0.3283, 0.2330
0.3283, 0.2330
0.3283, 0.2330
0.3283, 0.2330
0.3283, 0.2330
0.3283, 0.2330
0.3283, 0.2304
0.3283, 0.2304
0.3283, 0.2304
0.3283, 0.2304
0.3283, 0.2304
0.3283, 0.2304
0.3283, 0.2304
0.3283, 0.2304
0.3283, 0.2277
0.3283, 0.2277
0.3283, 0.2277
0.3283, 0.2277
0.3283, 0.2277
0.3283, 0.2277
0.3283, 0.2277
0.3283, 0.2277
0.3283, 0.2277
0.3283, 0.2277
0.3283, 0.2277
0.3283, 0.2277
0.3283, 0.2277
0.3283, 0.2277
0.3283, 0.2277
0.3283, 0.2277
0.3283, 0.2251
0.3283, 0.2251
0.3283, 0.2251
0.3283, 0.2251
0.3283, 0.2225
0.3283, 0.2225
0.3283, 0.2225
0.3283, 0.2225
0.3283, 0.2225
0.3283, 0.2225
0.3283, 0.2225
0.3283, 0.2225
0.3283, 0.2199
0.3283, 0.2199
0.3283, 0.2199
0.3283, 0.2199
0.3283, 0.2199
0.3283, 0.2199
0.3283, 0.2199
0.3283, 0.2199
0.3283, 0.2199
0.3283, 0.2199
0.3283, 0.2199
0.3283, 0.2173
0.3283, 0.2173
0.3283, 0.2173
0.3283, 0.2173
0.3283, 0.2173
0.3283, 0.2173
0.3283, 0.2173
0.3283, 0.2147
0.3283, 0.2147
0.3283, 0.2147
0.3283, 0.2147
0.3283, 0.2147
0.3283, 0.2147
0.3283, 0.2147
0.3283, 0.2147
0.3283, 0.2147
0.3283, 0.2147
0.3283, 0.2147
0.3283, 0.2147
0.3283, 0.2120
0.3283, 0.2120
0.3283, 0.2120
0.3283, 0.2120
0.3283, 0.2094
0.3283, 0.2094
0.3283, 0.2094
0.3283, 0.2094
0.3283, 0.2094
0.3283, 0.2094
0.3283, 0.2094
0.3283, 0.2094
0.3283, 0.2094
0.3283, 0.2094
0.3283, 0.2094
0.3283, 0.2094
0.3283, 0.2068
0.3283, 0.2068
0.3283, 0.2068
0.3283, 0.2042
0.3283, 0.2042
0.3283, 0.2042
0.3283, 0.2042
0.3283, 0.2042
0.3283, 0.2042
0.3283, 0.2042
0.3283, 0.2016
0.3283, 0.2016
0.3283, 0.2016
0.3283, 0.2016
0.3283, 0.2016
0.3283, 0.2016
0.3283, 0.2016
0.3283, 0.2016
0.3283, 0.1990
0.3283, 0.1990
0.3283, 0.1990
0.3283, 0.1963
0.3283, 0.1963
0.3283, 0.1963
0.3283, 0.1963
0.3283, 0.1963
0.3283, 0.1963
0.3283, 0.1963
0.3283, 0.1963
0.3283, 0.1963
0.3283, 0.1963
0.3283, 0.1963
0.3283, 0.1937
0.3283, 0.1937
0.3283, 0.1937
0.3283, 0.1937
0.3283, 0.1937
0.3283, 0.1937
0.3283, 0.1937
0.3283, 0.1937
0.3283, 0.1911
0.3283, 0.1911
0.3283, 0.1911
0.3283, 0.1911
0.3283, 0.1911
0.3283, 0.1911
0.3283, 0.1911
0.3283, 0.1885
0.3283, 0.1885
0.3283, 0.1885
0.3283, 0.1885
0.3283, 0.1885
0.3283, 0.1885
0.3283, 0.1885
0.3283, 0.1885
0.3245, 0.1885
0.3245, 0.1885
0.3245, 0.1885
0.3245, 0.1885
0.3245, 0.1885
0.3245, 0.1885
0.3245, 0.1885
0.3245, 0.1859
0.3245, 0.1859
0.3245, 0.1859
0.3245, 0.1859
0.3245, 0.1859
0.3245, 0.1859
0.3245, 0.1859
0.3245, 0.1859
0.3245, 0.1832
0.3245, 0.1832
0.3245, 0.1832
0.3245, 0.1832
0.3245, 0.1832
0.3245, 0.1832
0.3245, 0.1832
0.3245, 0.1832
0.3245, 0.1832
0.3245, 0.1832
0.3245, 0.1832
0.3245, 0.1832
0.3245, 0.1832
0.3245, 0.1832
0.3245, 0.1832
0.3208, 0.1806
0.3208, 0.1806
0.3208, 0.1806
0.3208, 0.1806
0.3208, 0.1780
0.3208, 0.1780
0.3208, 0.1780
0.3208, 0.1754
0.3208, 0.1754
0.3208, 0.1754
0.3208, 0.1754
0.3208, 0.1754
0.3208, 0.1754
0.3208, 0.1754
0.3208, 0.1754
0.3208, 0.1754
0.3208, 0.1754
0.3208, 0.1754
0.3208, 0.1754
0.3208, 0.1754
0.3208, 0.1754
0.3208, 0.1754
0.3208, 0.1754
0.3208, 0.1754
0.3208, 0.1754
0.3208, 0.1754
0.3208, 0.1754
0.3208, 0.1728
0.3208, 0.1728
0.3208, 0.1728
0.3208, 0.1728
0.3208, 0.1728
0.3208, 0.1728
0.3208, 0.1728
0.3208, 0.1728
0.3208, 0.1728
0.3208, 0.1728
0.3170, 0.1702
0.3170, 0.1702
0.3170, 0.1702
0.3170, 0.1702
0.3170, 0.1702
0.3170, 0.1702
0.3170, 0.1702
0.3170, 0.1702
0.3170, 0.1702
0.3170, 0.1702
0.3170, 0.1702
0.3170, 0.1702
0.3170, 0.1702
0.3170, 0.1702
0.3170, 0.1702
0.3170, 0.1675
0.3170, 0.1675
0.3170, 0.1675
0.3170, 0.1675
0.3170, 0.1675
0.3170, 0.1675
0.3170, 0.1675
0.3170, 0.1675
0.3170, 0.1675
0.3170, 0.1675
0.3170, 0.1675
0.3170, 0.1649
0.3170, 0.1649
0.3170, 0.1649
0.3170, 0.1649
0.3170, 0.1649
0.3170, 0.1649
0.3170, 0.1649
0.3170, 0.1649
0.3170, 0.1649
0.3170, 0.1649
0.3170, 0.1649
0.3170, 0.1623
0.3170, 0.1623
0.3170, 0.1623
0.3170, 0.1623
0.3170, 0.1623
0.3170, 0.1623
0.3170, 0.1623
0.3170, 0.1623
0.3170, 0.1623
0.3170, 0.1623
0.3170, 0.1623
0.3170, 0.1623
0.3170, 0.1623
0.3170, 0.1597
0.3170, 0.1597
0.3170, 0.1597
0.3170, 0.1597
0.3170, 0.1597
0.3170, 0.1597
0.3170, 0.1597
0.3170, 0.1597
0.3170, 0.1571
0.3170, 0.1571
0.3170, 0.1571
0.3170, 0.1571
0.3170, 0.1571
0.3170, 0.1571
0.3170, 0.1571
0.3170, 0.1571
0.3170, 0.1571
0.3170, 0.1571
0.3170, 0.1571
0.3170, 0.1545
0.3170, 0.1545
0.3170, 0.1545
0.3170, 0.1545
0.3170, 0.1545
0.3170, 0.1545
0.3170, 0.1545
0.3170, 0.1518
0.3170, 0.1518
0.3170, 0.1518
0.3170, 0.1518
0.3170, 0.1518
0.3170, 0.1518
0.3170, 0.1518
0.3170, 0.1518
0.3170, 0.1518
0.3170, 0.1518
0.3170, 0.1518
0.3170, 0.1492
0.3170, 0.1492
0.3170, 0.1492
0.3170, 0.1492
0.3170, 0.1492
0.3170, 0.1492
0.3170, 0.1492
0.3170, 0.1492
0.3170, 0.1492
0.3170, 0.1492
0.3170, 0.1492
0.3170, 0.1466
0.3170, 0.1466
0.3170, 0.1466
0.3170, 0.1466
0.3170, 0.1466
0.3170, 0.1466
0.3170, 0.1466
0.3170, 0.1466
0.3170, 0.1440
0.3170, 0.1440
0.3170, 0.1440
0.3170, 0.1440
0.3170, 0.1440
0.3170, 0.1440
0.3170, 0.1440
0.3170, 0.1414
0.3170, 0.1414
0.3170, 0.1414
0.3170, 0.1414
0.3170, 0.1414
0.3170, 0.1414
0.3170, 0.1414
0.3170, 0.1387
0.3170, 0.1387
0.3170, 0.1387
0.3170, 0.1361
0.3170, 0.1361
0.3170, 0.1361
0.3170, 0.1361
0.3170, 0.1361
0.3170, 0.1361
0.3170, 0.1361
0.3170, 0.1335
0.3170, 0.1335
0.3170, 0.1335
0.3170, 0.1335
0.3170, 0.1309
0.3170, 0.1309
0.3170, 0.1309
0.3170, 0.1309
0.3170, 0.1309
0.3170, 0.1309
0.3170, 0.1309
0.3170, 0.1283
0.3170, 0.1283
0.3170, 0.1283
0.3170, 0.1257
0.3170, 0.1257
0.3170, 0.1257
0.3170, 0.1257
0.3170, 0.1257
0.3170, 0.1257
0.3170, 0.1257
0.3170, 0.1257
0.3170, 0.1230
0.3170, 0.1230
0.3170, 0.1230
0.3170, 0.1204
0.3170, 0.1204
0.3170, 0.1204
0.3170, 0.1178
0.3170, 0.1178
0.3170, 0.1178
0.3170, 0.1178
0.3170, 0.1178
0.3170, 0.1178
0.3170, 0.1178
0.3170, 0.1178
0.3170, 0.1178
0.3170, 0.1178
0.3170, 0.1178
0.3170, 0.1152
0.3170, 0.1152
0.3170, 0.1152
0.3170, 0.1126
0.3170, 0.1126
0.3170, 0.1126
0.3170, 0.1126
0.3170, 0.1126
0.3170, 0.1126
0.3170, 0.1126
0.3170, 0.1126
0.3170, 0.1126
0.3170, 0.1126
0.3170, 0.1126
0.3170, 0.1099
0.3170, 0.1099
0.3170, 0.1099
0.3170, 0.1099
0.3170, 0.1073
0.3170, 0.1073
0.3170, 0.1073
0.3170, 0.1047
0.3170, 0.1047
0.3170, 0.1047
0.3170, 0.1047
0.3170, 0.1047
0.3170, 0.1047
0.3170, 0.1047
0.3170, 0.1047
0.3170, 0.1021
0.3170, 0.1021
0.3170, 0.1021
0.3170, 0.0995
0.3170, 0.0995
0.3170, 0.0995
0.3170, 0.0995
0.3170, 0.0995
0.3170, 0.0995
0.3170, 0.0995
0.3170, 0.0969
0.3170, 0.0969
0.3170, 0.0969
0.3170, 0.0942
0.3170, 0.0942
0.3170, 0.0942
0.3170, 0.0942
0.3170, 0.0942
0.3170, 0.0942
0.3170, 0.0942
0.3170, 0.0916
0.3170, 0.0916
0.3170, 0.0916
0.3170, 0.0916
0.3170, 0.0916
0.3170, 0.0916
0.3170, 0.0916
0.3170, 0.0916
0.3170, 0.0890
0.3170, 0.0890
0.3170, 0.0864
0.3170, 0.0864
0.3170, 0.0864
0.3170, 0.0864
0.3170, 0.0864
0.3170, 0.0864
0.3170, 0.0864
0.3170, 0.0838
0.3170, 0.0838
0.3170, 0.0838
0.3170, 0.0838
0.3208, 0.0812
0.3208, 0.0812
0.3208, 0.0812
0.3208, 0.0785
0.3208, 0.0785
0.3208, 0.0785
0.3208, 0.0785
0.3208, 0.0785
0.3208, 0.0785
0.3208, 0.0785
0.3208, 0.0759
0.3208, 0.0759
0.3208, 0.0759
0.3208, 0.0759
0.3208, 0.0733
0.3208, 0.0733
0.3208, 0.0733
0.3208, 0.0733
0.3208, 0.0733
0.3208, 0.0733
0.3208, 0.0733
0.3208, 0.0733
0.3208, 0.0733
0.3208, 0.0733
0.3208, 0.0707
0.3208, 0.0707
0.3208, 0.0707
0.3208, 0.0707
0.3208, 0.0707
0.3208, 0.0707
0.3208, 0.0707
0.3208, 0.0681
0.3208, 0.0681
0.3208, 0.0681
0.3208, 0.0654
0.3208, 0.0654
0.3208, 0.0654
0.3208, 0.0654
0.3208, 0.0654
0.3208, 0.0654
0.3208, 0.0654
0.3208, 0.0654
0.3245, 0.0628
0.3245, 0.0628
0.3245, 0.0628
0.3245, 0.0628
0.3245, 0.0628
0.3245, 0.0628
0.3245, 0.0628
0.3245, 0.0602
0.3245, 0.0602
0.3245, 0.0602
0.3245, 0.0602
0.3245, 0.0602
0.3245, 0.0602
0.3245, 0.0602
0.3245, 0.0576
0.3245, 0.0576
0.3245, 0.0576
0.3245, 0.0550
0.3245, 0.0550
0.3245, 0.0550
0.3245, 0.0550
0.3245, 0.0550
0.3245, 0.0550
0.3245, 0.0550
0.3245, 0.0524
0.3245, 0.0524
0.3245, 0.0524
0.3245, 0.0524
0.3245, 0.0524
0.3245, 0.0524
0.3245, 0.0524
0.3245, 0.0524
0.3245, 0.0524
0.3245, 0.0524
0.3245, 0.0524
0.3245, 0.0524
0.3245, 0.0524
0.3245, 0.0524
0.3245, 0.0497
0.3245, 0.0497
0.3245, 0.0497
0.3245, 0.0497
0.3245, 0.0497
0.3245, 0.0497
0.3245, 0.0497
0.3245, 0.0471
0.3245, 0.0471
0.3245, 0.0471
0.3245, 0.0471
0.3245, 0.0471
0.3245, 0.0471
0.3245, 0.0471
0.3245, 0.0471
0.3245, 0.0471
0.3245, 0.0471
0.3245, 0.0445
0.3245, 0.0445
0.3245, 0.0445
0.3283, 0.0445
0.3283, 0.0445
0.3283, 0.0445
0.3283, 0.0419
0.3283, 0.0419
0.3283, 0.0419
0.3283, 0.0419
0.3283, 0.0419
0.3283, 0.0419
0.3283, 0.0419
0.3283, 0.0419
0.3283, 0.0419
0.3283, 0.0419
0.3283, 0.0419
0.3283, 0.0419
0.3283, 0.0419
0.3283, 0.0419
0.3283, 0.0393
0.3283, 0.0393
0.3283, 0.0393
0.3283, 0.0393
0.3283, 0.0366
0.3283, 0.0366
0.3283, 0.0366
0.3321, 0.0366
0.3321, 0.0366
0.3321, 0.0366
0.3321, 0.0340
0.3321, 0.0340
0.3321, 0.0340
0.3321, 0.0340
0.3321, 0.0340
0.3321, 0.0340
0.3321, 0.0340
0.3321, 0.0340
0.3321, 0.0340
0.3321, 0.0340
0.3321, 0.0340
0.3321, 0.0340
0.3321, 0.0340
0.3321, 0.0340
0.3321, 0.0340
0.3321, 0.0340
0.3321, 0.0340
0.3321, 0.0340
0.3321, 0.0314
0.3321, 0.0314
0.3321, 0.0314
0.3321, 0.0314
0.3321, 0.0314
0.3321, 0.0314
0.3321, 0.0288
0.3321, 0.0288
0.3321, 0.0288
0.3321, 0.0288
0.3321, 0.0288
0.3321, 0.0288
0.3321, 0.0288
0.3321, 0.0288
0.3321, 0.0288
0.3321, 0.0288
0.3321, 0.0288
0.3321, 0.0288
0.3321, 0.0288
0.3321, 0.0288
0.3358, 0.0262
0.3358, 0.0262
0.3358, 0.0262
0.3358, 0.0262
0.3358, 0.0262
0.3358, 0.0262
0.3358, 0.0236
0.3358, 0.0236
0.3358, 0.0236
0.3358, 0.0236
0.3358, 0.0236
0.3358, 0.0236
0.3358, 0.0236
0.3396, 0.0236
0.3396, 0.0236
0.3396, 0.0236
0.3396, 0.0209
0.3396, 0.0209
0.3396, 0.0209
0.3396, 0.0209
0.3396, 0.0209
0.3396, 0.0209
0.3396, 0.0209
0.3396, 0.0209
0.3396, 0.0209
0.3396, 0.0209
0.3396, 0.0209
0.3396, 0.0209
0.3396, 0.0209
0.3396, 0.0209
0.3434, 0.0209
0.3434, 0.0209
0.3434, 0.0209
0.3434, 0.0183
0.3434, 0.0183
0.3434, 0.0183
0.3434, 0.0183
0.3434, 0.0183
0.3434, 0.0183
0.3434, 0.0183
0.3434, 0.0183
0.3434, 0.0183
0.3434, 0.0183
0.3434, 0.0157
0.3434, 0.0157
0.3434, 0.0157
0.3434, 0.0157
0.3434, 0.0157
0.3434, 0.0157
0.3434, 0.0157
0.3434, 0.0157
0.3434, 0.0157
0.3434, 0.0157
0.3434, 0.0157
0.3434, 0.0157
0.3434, 0.0157
0.3434, 0.0157
0.3472, 0.0157
0.3472, 0.0157
0.3472, 0.0157
0.3472, 0.0131
0.3472, 0.0131
0.3472, 0.0131
0.3472, 0.0131
0.3472, 0.0131
0.3472, 0.0131
0.3472, 0.0131
0.3472, 0.0131
0.3472, 0.0131
0.3472, 0.0131
0.3509, 0.0105
0.3509, 0.0105
0.3509, 0.0105
0.3509, 0.0105
0.3509, 0.0105
0.3509, 0.0105
0.3509, 0.0105
0.3509, 0.0105
0.3509, 0.0105
0.3509, 0.0105
0.3509, 0.0105
0.3509, 0.0105
0.3509, 0.0105
0.3509, 0.0079
0.3509, 0.0079
0.3509, 0.0079
0.3509, 0.0079
0.3509, 0.0079
0.3509, 0.0079
0.3547, 0.0079
0.3547, 0.0079
0.3547, 0.0079
0.3547, 0.0079
0.3547, 0.0079
0.3547, 0.0079
0.3547, 0.0079
0.3585, 0.0079
0.3585, 0.0079
0.3585, 0.0079
0.3585, 0.0079
0.3585, 0.0079
0.3585, 0.0079
0.3585, 0.0079
0.3623, 0.0052
0.3623, 0.0052
0.3623, 0.0052
0.3623, 0.0052
0.3623, 0.0052
0.3623, 0.0052
0.3623, 0.0052
0.3623, 0.0052
0.3623, 0.0052
0.3623, 0.0052
0.3623, 0.0052
0.3623, 0.0052
0.3623, 0.0052
0.3660, 0.0052
0.3660, 0.0052
0.3660, 0.0052
0.3660, 0.0026
0.3660, 0.0026
0.3660, 0.0026
0.3660, 0.0026
0.3698, 0.0026
0.3698, 0.0026
0.3698, 0.0026
0.3698, 0.0026
0.3698, 0.0026
0.3698, 0.0026
0.3698, 0.0026
0.3698, 0.0026
0.3698, 0.0026
0.3698, 0.0026
0.3736, 0.0026
0.3736, 0.0026
0.3736, 0.0026
0.3774, 0.0026
0.3774, 0.0026
0.3774, 0.0026
0.3774, 0.0026
0.3774, 0.0026
0.3774, 0.0026
0.3774, 0.0026
0.3811, 0.0026
0.3811, 0.0026
0.3811, 0.0026
0.3811, 0.0026
0.3811, 0.0026
0.3811, 0.0026
0.3811, 0.0000
0.3811, 0.0000
0.3811, 0.0000
0.3849, 0.0000
0.3849, 0.0000
0.3849, 0.0000
0.3887, 0.0000
0.3887, 0.0000
0.3887, 0.0000
0.3887, 0.0000
0.3887, 0.0000
0.3887, 0.0000
0.3887, 0.0000
0.3887, 0.0000
0.3887, 0.0000
0.3887, 0.0000
0.3925, 0.0000
0.3925, 0.0000
0.3925, 0.0000
0.3962, 0.0000
0.3962, 0.0000
0.3962, 0.0000
0.4000, 0.0000
0.4000, 0.0000
0.4000, 0.0000
0.4000, 0.0000
0.4000, 0.0000
0.4000, 0.0000
0.4000, 0.0000
0.4000, 0.0000
0.4000, 0.0000
0.4000, 0.0000
0.4000, 0.0000
0.4038, 0.0000
0.4038, 0.0000
0.4038, 0.0000
0.4075, 0.0000
0.4075, 0.0000
0.4075, 0.0000
0.4075, 0.0000
0.4075, 0.0000
0.4075, 0.0000
0.4075, 0.0000
0.4075, 0.0000
0.4075, 0.0000
0.4075, 0.0000
0.4113, 0.0000
0.4113, 0.0000
0.4113, 0.0000
0.4151, 0.0000
0.4151, 0.0000
0.4151, 0.0000
0.4151, 0.0000
0.4151, 0.0000
0.4151, 0.0000
0.4189, 0.0000
0.4189, 0.0000
0.4189, 0.0000
0.4189, 0.0000
0.4189, 0.0000
0.4189, 0.0000
0.4189, 0.0000
0.4189, 0.0000
0.4189, 0.0000
0.4189, 0.0000
0.4226, 0.0000
0.4226, 0.0000
0.4226, 0.0000
0.4264, 0.0000
0.4264, 0.0000
0.4264, 0.0000
0.4264, 0.0000
0.4264, 0.0000
0.4264, 0.0000
0.4264, 0.0000
0.4264, 0.0000
0.4264, 0.0000
0.4264, 0.0000
0.4302, 0.0000
0.4302, 0.0000
0.4302, 0.0000
0.4340, 0.0000
0.4340, 0.0000
0.4340, 0.0000
0.4340, 0.0000
0.4340, 0.0000
0.4340, 0.0000
0.4340, 0.0000
0.4340, 0.0000
0.4340, 0.0000
0.4377, 0.0000
0.4377, 0.0000
0.4377, 0.0000
0.4415, 0.0000
0.4415, 0.0000
0.4415, 0.0000
0.4453, 0.0000
0.4453, 0.0000
0.4453, 0.0000
0.4453, 0.0000
0.4453, 0.0000
0.4453, 0.0000
0.4453, 0.0000
0.4491, 0.0000
0.4491, 0.0000
0.4491, 0.0000
0.4528, 0.0000
0.4528, 0.0000
0.4528, 0.0000
0.4528, 0.0000
0.4528, 0.0000
0.4528, 0.0000
0.4528, 0.0000
0.4528, 0.0000
0.4528, 0.0000
0.4528, 0.0000
0.4566, 0.0000
0.4566, 0.0000
0.4566, 0.0000
0.4604, 0.0000
0.4604, 0.0000
0.4642, 0.0000
0.4642, 0.0000
0.4642, 0.0000
0.4642, 0.0026
0.4642, 0.0026
0.4642, 0.0026
0.4679, 0.0026
0.4679, 0.0026
0.4679, 0.0026
0.4717, 0.0052
0.4717, 0.0052
0.4717, 0.0052
0.4717, 0.0052
0.4717, 0.0052
0.4717, 0.0052
0.4717, 0.0052
0.4755, 0.0052
0.4755, 0.0052
0.4755, 0.0052
0.4792, 0.0079
0.4792, 0.0079
0.4792, 0.0079
0.4830, 0.0079
0.4830, 0.0079
0.4830, 0.0079
0.4830, 0.0105
0.4830, 0.0105
0.4830, 0.0105
0.4830, 0.0105
0.4830, 0.0105
0.4830, 0.0105
0.4868, 0.0131
0.4868, 0.0131
0.4868, 0.0131
0.4868, 0.0131
0.4868, 0.0131
0.4868, 0.0131
0.4868, 0.0131
0.4906, 0.0131
0.4906, 0.0131
0.4906, 0.0131
0.4906, 0.0131
0.4906, 0.0131
0.4906, 0.0131
0.4906, 0.0157
0.4906, 0.0157
0.4906, 0.0157
0.4943, 0.0157
0.4943, 0.0157
0.4943, 0.0157
0.4943, 0.0183
0.4943, 0.0183
0.4943, 0.0183
0.4981, 0.0183
0.4981, 0.0183
0.4981, 0.0183
0.4981, 0.0183
0.4981, 0.0183
0.4981, 0.0183
0.5019, 0.0183
0.5019, 0.0183
0.5019, 0.0183
0.5019, 0.0209
0.5019, 0.0209
0.5019, 0.0209
0.5019, 0.0236
0.5019, 0.0236
0.5019, 0.0236
0.5057, 0.0236
0.5057, 0.0236
0.5057, 0.0236
0.5057, 0.0262
0.5057, 0.0262
0.5057, 0.0262
0.5094, 0.0262
0.5094, 0.0262
0.5094, 0.0262
0.5094, 0.0262
0.5094, 0.0262
0.5094, 0.0262
0.5132, 0.0288
0.5132, 0.0288
0.5132, 0.0288
0.5132, 0.0314
0.5132, 0.0314
0.5132, 0.0314
0.5170, 0.0314
0.5170, 0.0314
0.5170, 0.0314
0.5170, 0.0314
0.5170, 0.0314
0.5170, 0.0314
0.5208, 0.0340
0.5208, 0.0340
0.5208, 0.0340
0.5208, 0.0340
0.5208, 0.0340
0.5208, 0.0340
0.5208, 0.0366
0.5208, 0.0366
0.5208, 0.0366
0.5208, 0.0366
0.5208, 0.0366
0.5208, 0.0366
0.5245, 0.0393
0.5245, 0.0393
0.5245, 0.0393
0.5245, 0.0393
0.5245, 0.0393
0.5245, 0.0393
0.5245, 0.0393
0.5283, 0.0393
0.5283, 0.0393
0.5283, 0.0393
0.5283, 0.0393
0.5283, 0.0393
0.5283, 0.0393
0.5283, 0.0419
0.5283, 0.0419
0.5283, 0.0419
0.5283, 0.0419
0.5283, 0.0419
0.5283, 0.0419
0.5321, 0.0445
0.5321, 0.0445
0.5321, 0.0445
0.5321, 0.0445
0.5321, 0.0445
0.5321, 0.0445
0.5321, 0.0445
0.5358, 0.0445
0.5358, 0.0445
0.5358, 0.0445
0.5358, 0.0471
0.5358, 0.0471
0.5358, 0.0471
0.5396, 0.0471
0.5396, 0.0471
0.5396, 0.0471
0.5396, 0.0497
0.5396, 0.0497
0.5396, 0.0497
0.5396, 0.0497
0.5396, 0.0497
0.5396, 0.0497
0.5396, 0.0497
0.5396, 0.0497
0.5396, 0.0497
0.5396, 0.0524
0.5396, 0.0524
0.5396, 0.0524
0.5434, 0.0524
0.5434, 0.0524
0.5434, 0.0524
0.5434, 0.0550
0.5434, 0.0550
0.5434, 0.0550
0.5472, 0.0576
0.5472, 0.0576
0.5472, 0.0576
0.5472, 0.0576
0.5472, 0.0576
0.5472, 0.0576
0.5472, 0.0576
0.5472, 0.0576
0.5472, 0.0576
0.5472, 0.0602
0.5472, 0.0602
0.5472, 0.0602
0.5509, 0.0628
0.5509, 0.0628
0.5509, 0.0628
0.5509, 0.0628
0.5509, 0.0628
0.5509, 0.0628
0.5547, 0.0628
0.5547, 0.0628
0.5547, 0.0628
0.5547, 0.0654
0.5547, 0.0654
0.5547, 0.0654
0.5547, 0.0654
0.5547, 0.0654
0.5547, 0.0654
0.5547, 0.0654
0.5547, 0.0681
0.5547, 0.0681
0.5547, 0.0681
0.5585, 0.0707
0.5585, 0.0707
0.5585, 0.0707
0.5585, 0.0707
0.5585, 0.0707
0.5585, 0.0707
0.5623, 0.0707
0.5623, 0.0707
0.5623, 0.0707
0.5623, 0.0733
0.5623, 0.0733
0.5660, 0.0759
0.5660, 0.0759
0.5660, 0.0759
0.5660, 0.0759
0.5660, 0.0759
0.5660, 0.0759
0.5660, 0.0785
0.5660, 0.0785
0.5660, 0.0785
0.5698, 0.0812
0.5698, 0.0812
0.5698, 0.0812
0.5698, 0.0812
0.5698, 0.0812
0.5698, 0.0812
0.5736, 0.0838
0.5736, 0.0838
0.5736, 0.0838
0.5736, 0.0838
0.5736, 0.0838
0.5736, 0.0838
0.5736, 0.0838
0.5736, 0.0838
0.5736, 0.0838
0.5736, 0.0864
0.5736, 0.0864
0.5736, 0.0864
0.5736, 0.0864
0.5736, 0.0864
0.5736, 0.0864
0.5736, 0.0864
0.5774, 0.0890
0.5774, 0.0890
0.5774, 0.0890
0.5774, 0.0890
0.5774, 0.0890
0.5774, 0.0890
0.5811, 0.0890
0.5811, 0.0890
0.5811, 0.0890
0.5849, 0.0916
0.5849, 0.0916
0.5849, 0.0916
0.5849, 0.0942
0.5849, 0.0942
0.5849, 0.0942
0.5849, 0.0942
0.5849, 0.0942
0.5849, 0.0942
0.5849, 0.0969
0.5849, 0.0969
0.5887, 0.0969
0.5887, 0.0969
0.5887, 0.0969
0.5887, 0.0969
0.5887, 0.0969
0.5887, 0.0969
0.5887, 0.0969
0.5887, 0.0995
0.5887, 0.0995
0.5925, 0.1021
0.5925, 0.1021
0.5925, 0.1021
0.5925, 0.1021
0.5925, 0.1021
0.5925, 0.1021
0.5925, 0.1021
0.5925, 0.1021
0.5925, 0.1021
0.5925, 0.1021
0.5962, 0.1047
0.5962, 0.1047
0.5962, 0.1047
0.5962, 0.1047
0.5962, 0.1047
0.5962, 0.1047
0.6000, 0.1073
0.6000, 0.1073
0.6000, 0.1073
0.6000, 0.1099
0.6000, 0.1099
0.6000, 0.1099
0.6038, 0.1099
0.6038, 0.1099
0.6038, 0.1099
0.6038, 0.1099
0.6038, 0.1099
0.6038, 0.1099
0.6038, 0.1126
0.6038, 0.1126
0.6038, 0.1126
0.6075, 0.1152
0.6075, 0.1152
0.6075, 0.1152
0.6075, 0.1152
0.6075, 0.1152
0.6075, 0.1152
0.6113, 0.1152
0.6113, 0.1152
0.6113, 0.1152
0.6113, 0.1178
0.6113, 0.1178
0.6113, 0.1178
0.6113, 0.1178
0.6113, 0.1178
0.6113, 0.1178
0.6113, 0.1204
0.6113, 0.1204
0.6113, 0.1204
0.6151, 0.1230
0.6151, 0.1230
0.6151, 0.1230
0.6151, 0.1230
0.6151, 0.1230
0.6151, 0.1230
0.6189, 0.1230
0.6189, 0.1230
0.6189, 0.1230
0.6189, 0.1257
0.6189, 0.1257
0.6226, 0.1283
0.6226, 0.1283
0.6226, 0.1283
0.6226, 0.1283
0.6226, 0.1283
0.6226, 0.1283
0.6226, 0.1283
0.6226, 0.1283
0.6226, 0.1283
0.6226, 0.1283
0.6226, 0.1283
0.6226, 0.1283
0.6226, 0.1283
0.6264, 0.1309
0.6264, 0.1309
0.6264, 0.1309
0.6264, 0.1309
0.6264, 0.1309
0.6264, 0.1309
0.6264, 0.1309
0.6264, 0.1309
0.6264, 0.1309
0.6264, 0.1335
0.6264, 0.1335
0.6264, 0.1335
0.6302, 0.1335
0.6302, 0.1335
0.6302, 0.1335
0.6302, 0.1335
0.6302, 0.1335
0.6302, 0.1335
0.6302, 0.1361
0.6302, 0.1361
0.6302, 0.1361
0.6302, 0.1387
0.6302, 0.1387
0.6302, 0.1387
0.6340, 0.1414
0.6340, 0.1414
0.6377, 0.1414
0.6377, 0.1414
0.6377, 0.1414
0.6377, 0.1414
0.6377, 0.1414
0.6377, 0.1414
0.6415, 0.1440
0.6415, 0.1440
0.6415, 0.1440
0.6415, 0.1440
0.6415, 0.1440
0.6415, 0.1440
0.6415, 0.1466
0.6415, 0.1466
0.6415, 0.1466
0.6415, 0.1466
0.6415, 0.1466
0.6415, 0.1466
0.6415, 0.1466
0.6415, 0.1466
0.6415, 0.1466
0.6453, 0.1492
0.6453, 0.1492
0.6453, 0.1492
0.6453, 0.1492
0.6453, 0.1492
0.6453, 0.1492
0.6491, 0.1518
0.6491, 0.1518
0.6491, 0.1545
0.6491, 0.1545
0.6491, 0.1545
0.6491, 0.1545
0.6491, 0.1545
0.6491, 0.1571
0.6491, 0.1571
0.6491, 0.1571
0.6491, 0.1571
0.6491, 0.1571
0.6528, 0.1597
0.6528, 0.1597
0.6528, 0.1597
0.6528, 0.1597
0.6528, 0.1597
0.6528, 0.1597
0.6528, 0.1597
0.6528, 0.1597
0.6528, 0.1597
0.6566, 0.1623
0.6566, 0.1623
0.6566, 0.1623
0.6566, 0.1623
0.6566, 0.1623
0.6604, 0.1649
0.6604, 0.1649
0.6604, 0.1649
0.6604, 0.1649
0.6604, 0.1649
0.6604, 0.1649
0.6604, 0.1675
0.6604, 0.1675
0.6604, 0.1675
0.6604, 0.1675
0.6604, 0.1675
0.6604, 0.1675
0.6604, 0.1675
0.6604, 0.1675
0.6604, 0.1675
0.6604, 0.1702
0.6604, 0.1702
0.6642, 0.1728
0.6642, 0.1728
0.6642, 0.1728
0.6642, 0.1728
0.6642, 0.1728
0.6642, 0.1728
0.6642, 0.1728
0.6679, 0.1728
0.6679, 0.1728
0.6679, 0.1754
0.6679, 0.1754
0.6679, 0.1754
0.6679, 0.1780
0.6679, 0.1780
0.6679, 0.1780
0.6679, 0.1780
0.6679, 0.1780
0.6679, 0.1780
0.6679, 0.1780
0.6679, 0.1806
0.6679, 0.1806
0.6679, 0.1806
0.6679, 0.1806
0.6679, 0.1806
0.6679, 0.1806
0.6679, 0.1806
0.6679, 0.1806
0.6717, 0.1832
0.6717, 0.1832
0.6717, 0.1832
0.6717, 0.1832
0.6717, 0.1832
0.6717, 0.1859
0.6755, 0.1859
0.6755, 0.1885
0.6755, 0.1885
0.6755, 0.1885
0.6755, 0.1911
0.6755, 0.1937
0.6792, 0.1963
0.6792, 0.1963
0.6830, 0.1990
0.6830, 0.1990
0.6830, 0.1990
0.6830, 0.1990
0.6830, 0.1990
0.6830, 0.1990
0.6830, 0.1990
0.6830, 0.1990
0.6830, 0.2016
0.6830, 0.2016
0.6830, 0.2016
0.6868, 0.2016
0.6868, 0.2016
0.6868, 0.2016
0.6868, 0.2042
0.6868, 0.2042
0.6868, 0.2068
0.6868, 0.2068
0.6868, 0.2068
0.6868, 0.2068
0.6868, 0.2068
0.6868, 0.2068
0.6868, 0.2068
0.6868, 0.2068
0.6868, 0.2068
0.6868, 0.2094
0.6868, 0.2094
0.6868, 0.2094
0.6906, 0.2120
0.6906, 0.2120
0.6906, 0.2120
0.6906, 0.2120
0.6906, 0.2120
0.6906, 0.2120
0.6943, 0.2147
0.6943, 0.2147
0.6943, 0.2147
0.6943, 0.2173
0.6943, 0.2173
0.6943, 0.2173
0.6943, 0.2173
0.6943, 0.2173
0.6943, 0.2173
0.6943, 0.2173
0.6943, 0.2173
0.6943, 0.2199
0.6943, 0.2199
0.6943, 0.2199
0.6981, 0.2225
0.6981, 0.2225
0.6981, 0.2225
0.6981, 0.2251
0.6981, 0.2251
0.7019, 0.2251
0.7019, 0.2251
0.7019, 0.2251
0.7019, 0.2251
0.7019, 0.2251
0.7019, 0.2251
0.7019, 0.2277
0.7019, 0.2277
0.7019, 0.2277
0.7057, 0.2304
0.7057, 0.2304
0.7057, 0.2304
0.7057, 0.2304
0.7057, 0.2304
0.7057, 0.2304
0.7057, 0.2330
0.7057, 0.2330
0.7057, 0.2330
0.7057, 0.2356
0.7057, 0.2356
0.7057, 0.2356
0.7094, 0.2382
0.7094, 0.2382
0.7094, 0.2382
0.7094, 0.2382
0.7094, 0.2382
0.7094, 0.2408
0.7094, 0.2408
0.7094, 0.2408
0.7132, 0.2408
0.7132, 0.2408
0.7132, 0.2435
0.7132, 0.2435
0.7132, 0.2435
0.7132, 0.2435
0.7132, 0.2435
0.7132, 0.2435
0.7132, 0.2461
0.7132, 0.2461
0.7132, 0.2461
0.7132, 0.2487
0.7132, 0.2487
0.7132, 0.2487
0.7170, 0.2513
0.7170, 0.2513
0.7170, 0.2513
0.7170, 0.2513
0.7170, 0.2513
0.7208, 0.2539
0.7208, 0.2539
0.7208, 0.2539
0.7208, 0.2565
0.7208, 0.2565
0.7208, 0.2565
0.7245, 0.2565
0.7245, 0.2565
0.7245, 0.2565
0.7245, 0.2565
0.7245, 0.2565
0.7245, 0.2592
0.7245, 0.2592
0.7245, 0.2592
0.7245, 0.2592
0.7245, 0.2592
0.7245, 0.2592
0.7245, 0.2618
0.7245, 0.2618
0.7245, 0.2618
0.7245, 0.2618
0.7245, 0.2618
0.7245, 0.2618
0.7245, 0.2644
0.7245, 0.2644
0.7245, 0.2644
0.7283, 0.2644
0.7283, 0.2644
0.7283, 0.2644
0.7283, 0.2644
0.7283, 0.2644
0.7283, 0.2644
0.7283, 0.2644
0.7283, 0.2644
0.7283, 0.2644
0.7321, 0.2670
0.7321, 0.2670
0.7321, 0.2696
0.7321, 0.2696
0.7321, 0.2696
0.7321, 0.2696
0.7321, 0.2696
0.7321, 0.2696
0.7321, 0.2696
0.7321, 0.2696
0.7321, 0.2696
0.7321, 0.2723
0.7321, 0.2723
0.7321, 0.2723
0.7358, 0.2723
0.7358, 0.2723
0.7358, 0.2749
0.7358, 0.2749
0.7358, 0.2749
0.7358, 0.2749
0.7358, 0.2749
0.7358, 0.2749
0.7396, 0.2775
0.7396, 0.2775
0.7396, 0.2775
0.7396, 0.2775
0.7396, 0.2775
0.7396, 0.2775
0.7396, 0.2775
0.7396, 0.2775
0.7396, 0.2775
0.7434, 0.2801
0.7434, 0.2801
0.7434, 0.2801
0.7434, 0.2801
0.7434, 0.2801
0.7434, 0.2801
0.7434, 0.2827
0.7434, 0.2827
0.7434, 0.2827
0.7434, 0.2827
0.7434, 0.2827
0.7434, 0.2827
0.7434, 0.2827
0.7434, 0.2827
0.7434, 0.2827
0.7472, 0.2853
0.7472, 0.2853
0.7472, 0.2880
0.7472, 0.2880
0.7472, 0.2880
0.7509, 0.2880
0.7509, 0.2880
0.7509, 0.2906
0.7509, 0.2906
0.7509, 0.2906
0.7509, 0.2906
0.7509, 0.2906
0.7509, 0.2932
0.7509, 0.2932
0.7509, 0.2932
0.7547, 0.2932
0.7547, 0.2932
0.7547, 0.2932
0.7547, 0.2958
0.7547, 0.2958
0.7547, 0.2958
0.7547, 0.2958
0.7547, 0.2958
0.7547, 0.2958
0.7585, 0.2958
0.7585, 0.2958
0.7585, 0.2984
0.7585, 0.2984
0.7585, 0.2984
0.7585, 0.3010
0.7585, 0.3010
0.7585, 0.3010
0.7623, 0.3010
0.7623, 0.3010
0.7623, 0.3010
0.7623, 0.3010
0.7623, 0.3010
0.7623, 0.3037
0.7623, 0.3037
0.7623, 0.3037
0.7623, 0.3037
0.7623, 0.3037
0.7623, 0.3063
0.7623, 0.3063
0.7623, 0.3063
0.7660, 0.3063
0.7660, 0.3063
0.7660, 0.3063
0.7660, 0.3089
0.7660, 0.3089
0.7660, 0.3089
0.7660, 0.3089
0.7660, 0.3089
0.7698, 0.3089
0.7698, 0.3089
0.7698, 0.3089
0.7698, 0.3115
0.7698, 0.3115
0.7698, 0.3115
0.7698, 0.3141
0.7698, 0.3141
0.7736, 0.3141
0.7736, 0.3141
0.7736, 0.3141
0.7736, 0.3141
0.7736, 0.3141
0.7736, 0.3141
0.7774, 0.3168
0.7774, 0.3168
0.7774, 0.3168
0.7774, 0.3168
0.7774, 0.3168
0.7811, 0.3194
0.7811, 0.3194
0.7811, 0.3194
0.7811, 0.3194
0.7811, 0.3194
0.7811, 0.3194
0.7811, 0.3220
0.7811, 0.3220
0.7811, 0.3220
0.7811, 0.3220
0.7811, 0.3220
0.7811, 0.3220
0.7811, 0.3220
0.7811, 0.3220
0.7849, 0.3220
0.7849, 0.3220
0.7849, 0.3220
0.7849, 0.3246
0.7849, 0.3246
0.7849, 0.3246
0.7887, 0.3272
0.7887, 0.3272
0.7887, 0.3272
0.7887, 0.3272
0.7887, 0.3272
0.7925, 0.3272
0.7925, 0.3272
0.7925, 0.3272
0.7962, 0.3298
0.7962, 0.3298
0.7962, 0.3298
0.7962, 0.3325
0.7962, 0.3325
0.7962, 0.3351
0.7962, 0.3351
0.8000, 0.3351
0.8000, 0.3351
0.8000, 0.3351
0.8000, 0.3351
0.8000, 0.3351
0.8000, 0.3351
0.8038, 0.3377
0.8038, 0.3377
0.8075, 0.3377
0.8075, 0.3377
0.8075, 0.3377
0.8075, 0.3403
0.8075, 0.3403
0.8075, 0.3403
0.8075, 0.3403
0.8075, 0.3403
0.8075, 0.3403
0.8075, 0.3403
0.8075, 0.3403
0.8113, 0.3403
0.8113, 0.3403
0.8113, 0.3403
0.8151, 0.3429
0.8151, 0.3429
0.8151, 0.3429
0.8151, 0.3429
0.8151, 0.3429
0.8151, 0.3455
0.8151, 0.3455
0.8151, 0.3455
0.8189, 0.3455
0.8189, 0.3455
0.8226, 0.3482
0.8226, 0.3482
0.8226, 0.3482
0.8226, 0.3482
0.8226, 0.3482
0.8226, 0.3482
0.8226, 0.3482
0.8226, 0.3482
0.8226, 0.3482
0.8264, 0.3482
0.8264, 0.3482
0.8264, 0.3482
0.8264, 0.3482
0.8264, 0.3482
0.8264, 0.3508
0.8264, 0.3508
0.8264, 0.3508
0.8264, 0.3508
0.8264, 0.3508
0.8264, 0.3508
0.8302, 0.3508
0.8302, 0.3508
0.8302, 0.3508
0.8340, 0.3534
0.8340, 0.3534
0.8340, 0.3534
0.8340, 0.3534
0.8340, 0.3534
0.8340, 0.3534
0.8340, 0.3534
0.8340, 0.3534
0.8377, 0.3534
0.8377, 0.3534
0.8377, 0.3534
0.8415, 0.3560
0.8415, 0.3560
0.8415, 0.3560
0.8453, 0.3560
0.8453, 0.3560
0.8453, 0.3560
0.8453, 0.3560
0.8453, 0.3560
0.8491, 0.3586
0.8491, 0.3586
0.8491, 0.3586
0.8491, 0.3586
0.8491, 0.3586
0.8491, 0.3586
0.8528, 0.3586
0.8528, 0.3586
0.8528, 0.3586
0.8528, 0.3586
0.8528, 0.3586
0.8566, 0.3586
0.8566, 0.3586
0.8566, 0.3586
0.8566, 0.3613
0.8566, 0.3613
0.8604, 0.3613
0.8604, 0.3613
0.8604, 0.3613
0.8642, 0.3613
0.8642, 0.3613
0.8642, 0.3613
0.8642, 0.3613
0.8642, 0.3613
0.8679, 0.3613
0.8679, 0.3613
0.8717, 0.3613
0.8717, 0.3613
0.8717, 0.3613
0.8717, 0.3613
0.8717, 0.3613
0.8717, 0.3613
0.8755, 0.3613
0.8755, 0.3613
0.8792, 0.3613
0.8792, 0.3613
0.8792, 0.3613
0.8830, 0.3613
0.8830, 0.3613
0.8868, 0.3613
0.8868, 0.3613
0.8868, 0.3613
0.8906, 0.3613
0.8906, 0.3613
0.8906, 0.3613
0.8906, 0.3613
0.8906, 0.3613
0.8906, 0.3613
0.8943, 0.3613
0.8943, 0.3613
0.8981, 0.3613
0.8981, 0.3613
0.8981, 0.3613
0.9019, 0.3613
0.9019, 0.3613
0.9019, 0.3613
0.9019, 0.3613
0.9019, 0.3613
0.9057, 0.3613
0.9057, 0.3613
0.9057, 0.3613
0.9094, 0.3586
0.9094, 0.3586
0.9094, 0.3586
0.9094, 0.3586
0.9132, 0.3560
0.9132, 0.3560
0.9132, 0.3560
0.9208, 0.3560
0.9208, 0.3560
0.9208, 0.3560
0.9208, 0.3560
0.9208, 0.3560
0.9245, 0.3560
0.9245, 0.3560
0.9245, 0.3560
0.9283, 0.3560
0.9283, 0.3560
0.9321, 0.3534
0.9321, 0.3534
0.9321, 0.3534
0.9321, 0.3534
0.9321, 0.3534
0.9321, 0.3534
0.9358, 0.3508
0.9358, 0.3508
0.9358, 0.3508
0.9396, 0.3508
0.9396, 0.3508
0.9396, 0.3508
0.9396, 0.3508
0.9396, 0.3508
0.9434, 0.3482
0.9434, 0.3482
0.9472, 0.3482
0.9472, 0.3482
0.9472, 0.3482
0.9472, 0.3455
0.9472, 0.3455
0.9509, 0.3455
0.9509, 0.3455
0.9509, 0.3455
0.9547, 0.3429
0.9547, 0.3429
0.9547, 0.3429
0.9585, 0.3429
0.9585, 0.3429
0.9585, 0.3429
0.9585, 0.3429
0.9585, 0.3429
0.9585, 0.3403
0.9585, 0.3403
0.9585, 0.3403
0.9623, 0.3377
0.9623, 0.3377
0.9623, 0.3377
0.9660, 0.3377
0.9660, 0.3377
0.9660, 0.3377
0.9660, 0.3377
0.9660, 0.3377
0.9660, 0.3351
0.9660, 0.3351
0.9660, 0.3351
0.9698, 0.3325
0.9698, 0.3325
0.9736, 0.3325
0.9736, 0.3325
0.9736, 0.3325
0.9774, 0.3298
0.9774, 0.3298
0.9811, 0.3298
0.9811, 0.3298
0.9811, 0.3298
0.9849, 0.3272
0.9849, 0.3272
0.9849, 0.3272
0.9849, 0.3272
0.9849, 0.3272
0.9887, 0.3246
0.9887, 0.3246
0.9887, 0.3246
0.9887, 0.3246
0.9887, 0.3246
0.9887, 0.3246
0.9887, 0.3246
0.9887, 0.3246
0.9887, 0.3246
0.9887, 0.3246
0.9887, 0.3246
0.9887, 0.3246
0.9925, 0.3220
0.9925, 0.3220
0.9962, 0.3194
0.9962, 0.3194
0.9962, 0.3194
0.9962, 0.3194
0.9962, 0.3194
0.9962, 0.3194
0.9962, 0.3168
0.9962, 0.3168
0.9962, 0.3168
0.9962, 0.3168
0.9962, 0.3168
0.9962, 0.3168
0.9962, 0.3168
0.9962, 0.3168
0.9962, 0.3168
1.0000, 0.3168
1.0000, 0.3168
1.0000, 0.3168
1.0000, 0.3168
1.0000, 0.3168
1.0000, 0.3168
1.0000, 0.3168
1.0000, 0.3168
1.0000, 0.3168
1.0000, 0.3168
1.0000, 0.3168
1.0000, 0.3168
1.0000, 0.3168
1.0000, 0.3168
1.0000, 0.3168
1.0000, 0.3168
1.0000, 0.3168
1.0000, 0.3168
1.0000, 0.3168
1.0000, 0.3141
1.0000, 0.3141
1.0000, 0.3141
1.0000, 0.3141
1.0000, 0.3141
1.0000, 0.3141
1.0000, 0.3141
1.0000, 0.3141
1.0000, 0.3141
1.0000, 0.3141
1.0000, 0.3141
1.0000, 0.3141
1.0000, 0.3141
0.3245, 0.1885
0.3245, 0.1885
0.3245, 0.1885
0.3245, 0.1885
0.3245, 0.1885
0.3245, 0.1885
0.3245, 0.1885
0.3245, 0.1885
0.3245, 0.1885
0.3245, 0.1885
0.3245, 0.1885
0.3245, 0.1885
0.3245, 0.1885
0.3245, 0.1885
0.3245, 0.1885
0.3245, 0.1885
0.3245, 0.1885
0.3245, 0.1885
0.3245, 0.1885
0.3245, 0.1885
0.3245, 0.1885
0.3245, 0.1885
0.3245, 0.1885
0.3245, 0.1885
0.3245, 0.1885
0.3245, 0.1885
0.3245, 0.1885
0.3245, 0.1885
0.3245, 0.1885
0.3245, 0.1885
0.3245, 0.1885
0.3245, 0.1885
0.3245, 0.1885
0.3245, 0.1885
0.3245, 0.1885
0.3245, 0.1885
0.3245, 0.1885
0.3245, 0.1885
0.3245, 0.1885
0.3245, 0.1885
0.3245, 0.1885
0.3245, 0.1885
0.3245, 0.1885
0.3245, 0.1885
0.3245, 0.1885
0.3245, 0.1885
0.3245, 0.1885
0.3245, 0.1885
0.3245, 0.1885
0.3245, 0.1885
0.3245, 0.1885
0.3283, 0.1911
0.3283, 0.1911
0.3283, 0.1911
0.3321, 0.1911
0.3321, 0.1911
0.3321, 0.1911
0.3321, 0.1911
0.3358, 0.1937
0.3358, 0.1937
0.3358, 0.1937
0.3396, 0.1937
0.3396, 0.1937
0.3396, 0.1937
0.3434, 0.1937
0.3434, 0.1937
0.3434, 0.1937
0.3472, 0.1937
0.3472, 0.1937
0.3472, 0.1937
0.3509, 0.1963
0.3509, 0.1963
0.3509, 0.1963
0.3585, 0.1963
0.3585, 0.1963
0.3585, 0.1963
0.3585, 0.1963
0.3585, 0.1963
0.3585, 0.1963
0.3660, 0.1963
0.3660, 0.1963
0.3660, 0.1963
0.3660, 0.1963
0.3660, 0.1990
0.3660, 0.1990
0.3660, 0.1990
0.3736, 0.1990
0.3736, 0.1990
0.3736, 0.1990
0.3774, 0.1990
0.3774, 0.1990
0.3774, 0.1990
0.3774, 0.1990
0.3774, 0.1990
0.3774, 0.1990
0.3811, 0.1990
0.3811, 0.1990
0.3811, 0.1990
0.3849, 0.1990
0.3849, 0.1990
0.3849, 0.1990
0.3887, 0.1990
0.3887, 0.1990
0.3887, 0.1990
0.3887, 0.1990
0.3887, 0.1990
0.3887, 0.1990
0.3887, 0.1990
0.3887, 0.1990
0.3887, 0.1990
0.3925, 0.1990
0.3925, 0.1990
0.3925, 0.1990
0.3925, 0.1990
0.3962, 0.1990
0.3962, 0.1990
0.3962, 0.1990
0.3962, 0.1990
0.3962, 0.1990
0.3962, 0.1990
0.4000, 0.1990
0.4000, 0.1990
0.4000, 0.1990
0.4075, 0.1990
0.4075, 0.1990
0.4075, 0.1990
0.4113, 0.1990
0.4113, 0.1990
0.4113, 0.1990
0.4151, 0.1990
0.4151, 0.1990
0.4151, 0.1990
0.4189, 0.1990
0.4189, 0.1990
0.4189, 0.1990
0.4226, 0.1990
0.4226, 0.1990
0.4226, 0.1990
0.4302, 0.1990
0.4302, 0.1990
0.4302, 0.1990
0.4302, 0.1990
0.4302, 0.1990
0.4302, 0.1990
0.4340, 0.1990
0.4340, 0.1990
0.4340, 0.1990
0.4377, 0.1990
0.4377, 0.1990
0.4377, 0.1990
0.4377, 0.1990
0.4377, 0.1990
0.4377, 0.1990
0.4377, 0.1990
0.4415, 0.1990
0.4415, 0.1990
0.4415, 0.1990
0.4415, 0.1990
0.4415, 0.1990
0.4415, 0.1990
0.4453, 0.1990
0.4453, 0.1990
0.4453, 0.1990
0.4491, 0.1990
0.4491, 0.1990
0.4491, 0.1990
0.4491, 0.1990
0.4491, 0.1990
0.4491, 0.1990
0.4528, 0.1990
0.4528, 0.1990
0.4528, 0.1990
0.4566, 0.1990
0.4566, 0.1990
0.4566, 0.1990
0.4566, 0.1990
0.4604, 0.1990
0.4604, 0.1990
0.4604, 0.1990
0.4679, 0.1990
0.4679, 0.1990
0.4755, 0.1990
0.4755, 0.1990
0.4755, 0.1990
0.4830, 0.1990
0.4830, 0.1990
0.4830, 0.1990
0.4830, 0.1990
0.4906, 0.1990
0.4906, 0.1990
0.4906, 0.1990
0.4981, 0.1990
0.4981, 0.1990
0.5019, 0.1990
0.5019, 0.1990
0.5019, 0.1990
0.5094, 0.1990
0.5094, 0.1990
0.5094, 0.1990
0.5132, 0.1990
0.5132, 0.1990
0.5208, 0.1990
0.5208, 0.1990
0.5208, 0.1990
0.5245, 0.1963
0.5245, 0.1963
0.5245, 0.1963
0.5283, 0.1963
0.5283, 0.1963
0.5283, 0.1963
0.5321, 0.1963
0.5321, 0.1963
0.5321, 0.1963
0.5358, 0.1937
0.5358, 0.1937
0.5358, 0.1937
0.5396, 0.1937
0.5396, 0.1937
0.5396, 0.1937
0.5434, 0.1937
0.5434, 0.1937
0.5434, 0.1937
0.5472, 0.1937
0.5472, 0.1937
0.5472, 0.1937
0.5509, 0.1937
0.5509, 0.1937
0.5509, 0.1937
0.5585, 0.1937
0.5585, 0.1937
0.5585, 0.1937
0.5623, 0.1911
0.5623, 0.1911
0.5623, 0.1911
0.5660, 0.1911
0.5660, 0.1911
0.5660, 0.1911
0.5736, 0.1911
0.5736, 0.1911
0.5736, 0.1911
0.5774, 0.1885
0.5774, 0.1885
0.5774, 0.1885
0.5849, 0.1859
0.5849, 0.1859
0.5849, 0.1859
0.5925, 0.1859
0.5925, 0.1859
0.5925, 0.1859
0.6000, 0.1832
0.6000, 0.1832
0.6000, 0.1832
0.6075, 0.1832
0.6075, 0.1832
0.6151, 0.1806
0.6151, 0.1806
0.6151, 0.1806
0.6189, 0.1806
0.6189, 0.1806
0.6189, 0.1806
0.6264, 0.1780
0.6264, 0.1780
0.6264, 0.1780
0.6302, 0.1780
0.6302, 0.1780
0.6302, 0.1780
0.6302, 0.1780
0.6302, 0.1780
0.6302, 0.1780
0.6377, 0.1780
0.6377, 0.1780
0.6377, 0.1780
0.6415, 0.1780
0.6415, 0.1780
0.6415, 0.1780
0.6415, 0.1754
0.6415, 0.1754
0.6491, 0.1754
0.6491, 0.1754
0.6491, 0.1754
0.6528, 0.1754
0.6528, 0.1754
0.6528, 0.1754
0.6528, 0.1728
0.6528, 0.1728
0.6528, 0.1728
0.6528, 0.1728
0.6528, 0.1728
0.6528, 0.1728
0.6528, 0.1728
0.6566, 0.1702
0.6566, 0.1702
0.6566, 0.1702
0.6604, 0.1702
0.6604, 0.1702
0.6604, 0.1702
0.6604, 0.1702
0.6604, 0.1702
0.6604, 0.1702
0.6604, 0.1702
0.6604, 0.1702
0.6604, 0.1702
0.6604, 0.1702
0.6604, 0.1702
0.6604, 0.1702
0.6604, 0.1702
0.6604, 0.1702
0.6604, 0.1702
0.6604, 0.1702
0.6604, 0.1702
0.6604, 0.1702
0.6604, 0.1702
0.6604, 0.1702
0.6604, 0.1702
0.6604, 0.1702
0.6604, 0.1702
0.6604, 0.1702
0.6604, 0.1702
0.6604, 0.1702
0.6604, 0.1702
0.6604, 0.1702
0.6604, 0.1702
0.6604, 0.1702
0.6604, 0.1702
0.6604, 0.1702
0.6604, 0.1702
0.6604, 0.1702
0.6604, 0.1702
0.6604, 0.1702
0.6604, 0.1702
0.6604, 0.1702
0.6604, 0.1702
0.6604, 0.1702
0.6604, 0.1702
0.6604, 0.1702
0.6604, 0.1702
0.6604, 0.1702
0.6604, 0.1702
0.6604, 0.1702
0.6604, 0.1702
0.6604, 0.1702
0.0000, 1.0000
0.0000, 1.0000
0.0000, 1.0000
0.0000, 1.0000
0.0000, 1.0000
0.0000, 1.0000
0.0000, 1.0000
0.0000, 1.0000
0.0000, 1.0000
0.0000, 1.0000
0.0000, 1.0000
0.0000, 1.0000
0.0000, 1.0000
0.0000, 1.0000
0.0000, 1.0000
0.0000, 1.0000
0.0000, 1.0000
0.0000, 1.0000
0.0000, 1.0000
0.0000, 1.0000
0.0000, 1.0000
0.0000, 1.0000
0.0000, 1.0000
0.0000, 1.0000
0.0000, 1.0000
0.0000, 1.0000
0.0000, 1.0000
0.0000, 1.0000
0.0000, 1.0000
0.0000, 1.0000
0.0000, 1.0000
0.0000, 1.0000
0.0000, 1.0000
0.0000, 1.0000
0.0000, 1.0000
0.0000, 1.0000
0.0000, 1.0000
0.0000, 1.0000
0.0000, 1.0000
0.0000, 1.0000
0.0000, 1.0000
0.0000, 1.0000
0.0000, 1.0000
0.0000, 1.0000
