0.0045, 0.2794
0.0045, 0.2794
0.0045, 0.2794
0.0045, 0.2794
0.0045, 0.2794
0.0045, 0.2794
0.0045, 0.2794
0.0045, 0.2794
0.0045, 0.2794
0.0045, 0.2794
0.0045, 0.2794
0.0045, 0.2794
0.0045, 0.2794
0.0045, 0.2794
0.0045, 0.2794
0.0045, 0.2794
0.0045, 0.2794
0.0045, 0.2794
0.0045, 0.2794
0.0045, 0.2794
0.0045, 0.2794
0.0045, 0.2794
0.0045, 0.2794
0.0045, 0.2794
0.0045, 0.2794
0.0045, 0.2794
0.0045, 0.2794
0.0045, 0.2794
0.0045, 0.2794
0.0045, 0.2794
0.0045, 0.2794
0.0045, 0.2794
0.0045, 0.2794
0.0045, 0.2794
0.0045, 0.2794
0.0045, 0.2794
0.0045, 0.2794
0.0045, 0.2794
0.0045, 0.2794
0.0045, 0.2794
0.0045, 0.2794
0.0045, 0.2794
0.0045, 0.2794
0.0045, 0.2794
0.0045, 0.2794
0.0045, 0.2794
0.0045, 0.2794
0.0045, 0.2794
0.0090, 0.2794
0.0090, 0.2794
0.0090, 0.2794
0.0090, 0.2794
0.0135, 0.2794
0.0135, 0.2794
0.0135, 0.2794
0.0179, 0.2794
0.0179, 0.2794
0.0179, 0.2794
0.0224, 0.2794
0.0224, 0.2794
0.0224, 0.2794
0.0269, 0.2794
0.0269, 0.2794
0.0269, 0.2794
0.0359, 0.2794
0.0359, 0.2794
0.0359, 0.2794
0.0359, 0.2794
0.0359, 0.2794
0.0359, 0.2794
0.0359, 0.2794
0.0448, 0.2794
0.0448, 0.2794
0.0448, 0.2794
0.0493, 0.2794
0.0493, 0.2794
0.0493, 0.2794
0.0493, 0.2794
0.0538, 0.2794
0.0538, 0.2794
0.0538, 0.2794
0.0583, 0.2794
0.0583, 0.2794
0.0583, 0.2794
0.0583, 0.2794
0.0583, 0.2794
0.0583, 0.2794
0.0583, 0.2794
0.0628, 0.2794
0.0628, 0.2794
0.0628, 0.2794
0.0673, 0.2794
0.0673, 0.2794
0.0673, 0.2794
0.0717, 0.2794
0.0717, 0.2794
0.0717, 0.2794
0.0717, 0.2794
0.0717, 0.2794
0.0717, 0.2794
0.0717, 0.2794
0.0807, 0.2794
0.0807, 0.2794
0.0807, 0.2794
0.0807, 0.2794
0.0852, 0.2794
0.0852, 0.2794
0.0852, 0.2794
0.0852, 0.2794
0.0852, 0.2794
0.0852, 0.2794
0.0852, 0.2794
0.0852, 0.2794
0.0852, 0.2794
0.0942, 0.2794
0.0942, 0.2794
0.0942, 0.2794
0.0942, 0.2794
0.0942, 0.2794
0.0942, 0.2794
0.0942, 0.2794
0.0942, 0.2794
0.0942, 0.2794
0.0987, 0.2794
0.0987, 0.2794
0.0987, 0.2794
0.1031, 0.2794
0.1031, 0.2794
0.1031, 0.2794
0.1031, 0.2794
0.1076, 0.2794
0.1076, 0.2794
0.1076, 0.2794
0.1076, 0.2794
0.1076, 0.2794
0.1076, 0.2794
0.1076, 0.2794
0.1076, 0.2794
0.1076, 0.2794
0.1121, 0.2794
0.1121, 0.2794
0.1121, 0.2794
0.1121, 0.2794
0.1166, 0.2794
0.1166, 0.2794
0.1166, 0.2794
0.1166, 0.2794
0.1166, 0.2794
0.1166, 0.2794
0.1166, 0.2794
0.1166, 0.2794
0.1166, 0.2794
0.1211, 0.2794
0.1211, 0.2794
0.1211, 0.2794
0.1211, 0.2794
0.1211, 0.2794
0.1211, 0.2794
0.1211, 0.2794
0.1211, 0.2794
0.1256, 0.2794
0.1256, 0.2794
0.1256, 0.2794
0.1256, 0.2794
0.1256, 0.2794
0.1300, 0.2794
0.1300, 0.2794
0.1300, 0.2794
0.1300, 0.2794
0.1300, 0.2794
0.1300, 0.2794
0.1300, 0.2794
0.1300, 0.2794
0.1300, 0.2794
0.1300, 0.2794
0.1300, 0.2794
0.1300, 0.2794
0.1345, 0.2794
0.1345, 0.2794
0.1345, 0.2794
0.1345, 0.2794
0.1390, 0.2794
0.1390, 0.2794
0.1390, 0.2794
0.1390, 0.2794
0.1390, 0.2794
0.1390, 0.2794
0.1390, 0.2794
0.1390, 0.2794
0.1390, 0.2794
0.1390, 0.2794
0.1390, 0.2794
0.1390, 0.2794
0.1390, 0.2794
0.1435, 0.2794
0.1435, 0.2794
0.1435, 0.2794
0.1435, 0.2794
0.1480, 0.2794
0.1480, 0.2794
0.1480, 0.2794
0.1480, 0.2794
0.1525, 0.2794
0.1525, 0.2794
0.1525, 0.2794
0.1525, 0.2794
0.1525, 0.2794
0.1525, 0.2794
0.1525, 0.2794
0.1525, 0.2794
0.1525, 0.2794
0.1525, 0.2794
0.1525, 0.2794
0.1525, 0.2794
0.1525, 0.2794
0.1570, 0.2794
0.1570, 0.2794
0.1570, 0.2794
0.1570, 0.2794
0.1614, 0.2794
0.1614, 0.2794
0.1614, 0.2794
0.1614, 0.2794
0.1614, 0.2794
0.1614, 0.2794
0.1614, 0.2794
0.1614, 0.2794
0.1614, 0.2794
0.1614, 0.2794
0.1614, 0.2794
0.1614, 0.2794
0.1614, 0.2794
0.1659, 0.2794
0.1659, 0.2794
0.1659, 0.2794
0.1659, 0.2794
0.1704, 0.2794
0.1704, 0.2794
0.1704, 0.2794
0.1704, 0.2794
0.1749, 0.2794
0.1749, 0.2794
0.1749, 0.2794
0.1749, 0.2794
0.1749, 0.2794
0.1749, 0.2794
0.1749, 0.2794
0.1749, 0.2794
0.1749, 0.2794
0.1749, 0.2794
0.1749, 0.2794
0.1749, 0.2794
0.1749, 0.2794
0.1749, 0.2794
0.1749, 0.2794
0.1749, 0.2794
0.1749, 0.2794
0.1794, 0.2794
0.1794, 0.2794
0.1794, 0.2794
0.1794, 0.2794
0.1794, 0.2794
0.1794, 0.2794
0.1794, 0.2794
0.1794, 0.2794
0.1839, 0.2794
0.1839, 0.2794
0.1839, 0.2794
0.1839, 0.2794
0.1839, 0.2794
0.1839, 0.2794
0.1839, 0.2794
0.1839, 0.2794
0.1839, 0.2794
0.1839, 0.2794
0.1839, 0.2794
0.1839, 0.2794
0.1839, 0.2794
0.1883, 0.2794
0.1883, 0.2794
0.1883, 0.2794
0.1883, 0.2794
0.1883, 0.2794
0.1883, 0.2794
0.1883, 0.2794
0.1883, 0.2794
0.1928, 0.2794
0.1928, 0.2794
0.1928, 0.2794
0.1928, 0.2768
0.1928, 0.2768
0.1928, 0.2768
0.1928, 0.2768
0.1973, 0.2768
0.1973, 0.2768
0.1973, 0.2768
0.1973, 0.2768
0.1973, 0.2768
0.1973, 0.2768
0.1973, 0.2768
0.1973, 0.2768
0.1973, 0.2768
0.1973, 0.2768
0.1973, 0.2768
0.1973, 0.2768
0.1973, 0.2768
0.1973, 0.2768
0.1973, 0.2768
0.1973, 0.2768
0.1973, 0.2768
0.1973, 0.2768
0.1973, 0.2768
0.1973, 0.2768
0.1973, 0.2768
0.2018, 0.2768
0.2018, 0.2768
0.2018, 0.2768
0.2018, 0.2768
0.2018, 0.2768
0.2018, 0.2768
0.2018, 0.2768
0.2018, 0.2768
0.2018, 0.2768
0.2018, 0.2768
0.2018, 0.2768
0.2018, 0.2768
0.2018, 0.2768
0.2018, 0.2768
0.2018, 0.2768
0.2018, 0.2768
0.2018, 0.2768
0.2018, 0.2768
0.2018, 0.2768
0.2018, 0.2768
0.2018, 0.2768
0.2018, 0.2768
0.2018, 0.2768
0.2018, 0.2768
0.2018, 0.2768
0.2018, 0.2768
0.2018, 0.2768
0.2018, 0.2768
0.2018, 0.2768
0.2018, 0.2768
0.2018, 0.2768
0.2018, 0.2768
0.2018, 0.2768
0.2018, 0.2768
0.2018, 0.2768
0.2018, 0.2742
0.2018, 0.2742
0.2018, 0.2742
0.2018, 0.2742
0.2063, 0.2742
0.2063, 0.2742
0.2063, 0.2742
0.2063, 0.2715
0.2063, 0.2715
0.2063, 0.2715
0.2063, 0.2715
0.2063, 0.2715
0.2063, 0.2715
0.2063, 0.2715
0.2063, 0.2715
0.2063, 0.2715
0.2063, 0.2715
0.2063, 0.2715
0.2063, 0.2715
0.2063, 0.2689
0.2063, 0.2689
0.2063, 0.2689
0.2063, 0.2689
0.2063, 0.2689
0.2063, 0.2689
0.2063, 0.2689
0.2063, 0.2689
0.2063, 0.2689
0.2063, 0.2663
0.2063, 0.2663
0.2063, 0.2663
0.2063, 0.2663
0.2063, 0.2663
0.2063, 0.2663
0.2063, 0.2663
0.2063, 0.2663
0.2063, 0.2637
0.2063, 0.2637
0.2063, 0.2637
0.2063, 0.2637
0.2063, 0.2637
0.2063, 0.2637
0.2063, 0.2637
0.2063, 0.2637
0.2063, 0.2637
0.2063, 0.2637
0.2063, 0.2637
0.2063, 0.2637
0.2063, 0.2611
0.2063, 0.2611
0.2063, 0.2611
0.2063, 0.2611
0.2063, 0.2585
0.2063, 0.2585
0.2063, 0.2585
0.2063, 0.2585
0.2063, 0.2585
0.2063, 0.2585
0.2063, 0.2585
0.2063, 0.2585
0.2063, 0.2585
0.2063, 0.2585
0.2063, 0.2585
0.2063, 0.2585
0.2063, 0.2559
0.2063, 0.2559
0.2063, 0.2559
0.2063, 0.2559
0.2063, 0.2533
0.2063, 0.2533
0.2063, 0.2533
0.2063, 0.2533
0.2063, 0.2533
0.2063, 0.2533
0.2063, 0.2533
0.2063, 0.2533
0.2063, 0.2507
0.2063, 0.2507
0.2063, 0.2507
0.2063, 0.2507
0.2063, 0.2507
0.2063, 0.2507
0.2063, 0.2507
0.2063, 0.2507
0.2063, 0.2507
0.2063, 0.2507
0.2063, 0.2507
0.2063, 0.2507
0.2063, 0.2480
0.2063, 0.2480
0.2063, 0.2480
0.2063, 0.2480
0.2063, 0.2480
0.2063, 0.2480
0.2063, 0.2480
0.2063, 0.2480
0.2063, 0.2454
0.2063, 0.2454
0.2063, 0.2454
0.2063, 0.2454
0.2063, 0.2454
0.2063, 0.2454
0.2063, 0.2454
0.2063, 0.2454
0.2063, 0.2454
0.2063, 0.2454
0.2063, 0.2454
0.2063, 0.2454
0.2063, 0.2454
0.2063, 0.2454
0.2063, 0.2454
0.2063, 0.2454
0.2063, 0.2428
0.2063, 0.2428
0.2063, 0.2428
0.2063, 0.2402
0.2063, 0.2402
0.2063, 0.2402
0.2063, 0.2402
0.2063, 0.2402
0.2063, 0.2376
0.2063, 0.2376
0.2063, 0.2376
0.2063, 0.2376
0.2063, 0.2376
0.2063, 0.2376
0.2063, 0.2376
0.2063, 0.2376
0.2063, 0.2376
0.2063, 0.2376
0.2063, 0.2350
0.2063, 0.2350
0.2063, 0.2350
0.2063, 0.2350
0.2063, 0.2324
0.2063, 0.2324
0.2063, 0.2324
0.2063, 0.2324
0.2063, 0.2324
0.2063, 0.2324
0.2063, 0.2324
0.2063, 0.2324
0.2063, 0.2324
0.2063, 0.2324
0.2063, 0.2324
0.2063, 0.2324
0.2063, 0.2298
0.2063, 0.2298
0.2063, 0.2298
0.2063, 0.2298
0.2063, 0.2298
0.2063, 0.2298
0.2063, 0.2298
0.2063, 0.2298
0.2063, 0.2272
0.2063, 0.2272
0.2063, 0.2272
0.2063, 0.2272
0.2063, 0.2272
0.2063, 0.2272
0.2063, 0.2272
0.2063, 0.2272
0.2063, 0.2245
0.2063, 0.2245
0.2063, 0.2245
0.2063, 0.2245
0.2063, 0.2245
0.2063, 0.2245
0.2063, 0.2245
0.2063, 0.2245
0.2063, 0.2245
0.2063, 0.2245
0.2063, 0.2245
0.2063, 0.2245
0.2063, 0.2245
0.2063, 0.2245
0.2063, 0.2245
0.2063, 0.2245
0.2063, 0.2219
0.2063, 0.2219
0.2063, 0.2219
0.2063, 0.2219
0.2063, 0.2219
0.2063, 0.2219
0.2063, 0.2219
0.2063, 0.2219
0.2063, 0.2193
0.2063, 0.2193
0.2063, 0.2193
0.2063, 0.2193
0.2063, 0.2193
0.2063, 0.2193
0.2063, 0.2193
0.2018, 0.2193
0.2018, 0.2193
0.2018, 0.2193
0.2018, 0.2193
0.2018, 0.2193
0.2018, 0.2193
0.2018, 0.2193
0.2018, 0.2193
0.2018, 0.2167
0.2018, 0.2167
0.2018, 0.2167
0.2018, 0.2167
0.2018, 0.2167
0.2018, 0.2167
0.2018, 0.2167
0.2018, 0.2141
0.2018, 0.2141
0.2018, 0.2141
0.2018, 0.2141
0.2018, 0.2141
0.2018, 0.2141
0.2018, 0.2141
0.2018, 0.2141
0.2018, 0.2115
0.2018, 0.2115
0.2018, 0.2115
0.2018, 0.2115
0.2018, 0.2115
0.2018, 0.2115
0.2018, 0.2115
0.2018, 0.2115
0.1973, 0.2115
0.1973, 0.2115
0.1973, 0.2115
0.1973, 0.2115
0.1973, 0.2115
0.1973, 0.2115
0.1973, 0.2115
0.1973, 0.2115
0.1973, 0.2089
0.1973, 0.2089
0.1973, 0.2089
0.1973, 0.2089
0.1973, 0.2063
0.1973, 0.2063
0.1973, 0.2063
0.1973, 0.2063
0.1973, 0.2063
0.1973, 0.2063
0.1973, 0.2063
0.1973, 0.2063
0.1973, 0.2063
0.1973, 0.2063
0.1973, 0.2063
0.1973, 0.2063
0.1973, 0.2063
0.1973, 0.2063
0.1973, 0.2063
0.1973, 0.2037
0.1973, 0.2037
0.1973, 0.2037
0.1973, 0.2037
0.1973, 0.2037
0.1973, 0.2037
0.1973, 0.2037
0.1973, 0.2037
0.1973, 0.2010
0.1973, 0.2010
0.1973, 0.2010
0.1973, 0.1984
0.1973, 0.1984
0.1973, 0.1984
0.1973, 0.1984
0.1973, 0.1984
0.1973, 0.1984
0.1973, 0.1984
0.1973, 0.1984
0.1973, 0.1984
0.1973, 0.1984
0.1973, 0.1984
0.1973, 0.1984
0.1973, 0.1958
0.1973, 0.1958
0.1973, 0.1958
0.1973, 0.1958
0.1973, 0.1958
0.1973, 0.1958
0.1973, 0.1958
0.1973, 0.1958
0.1973, 0.1932
0.1973, 0.1932
0.1973, 0.1932
0.1973, 0.1932
0.1928, 0.1932
0.1928, 0.1932
0.1928, 0.1932
0.1928, 0.1932
0.1928, 0.1932
0.1928, 0.1932
0.1928, 0.1932
0.1928, 0.1932
0.1928, 0.1906
0.1928, 0.1906
0.1928, 0.1906
0.1928, 0.1906
0.1928, 0.1906
0.1928, 0.1906
0.1928, 0.1906
0.1928, 0.1880
0.1928, 0.1880
0.1928, 0.1880
0.1928, 0.1880
0.1928, 0.1880
0.1928, 0.1880
0.1928, 0.1880
0.1928, 0.1880
0.1928, 0.1880
0.1928, 0.1880
0.1928, 0.1880
0.1928, 0.1880
0.1928, 0.1880
0.1928, 0.1880
0.1928, 0.1880
0.1928, 0.1880
0.1928, 0.1880
0.1928, 0.1880
0.1928, 0.1880
0.1928, 0.1854
0.1928, 0.1854
0.1928, 0.1854
0.1928, 0.1854
0.1928, 0.1854
0.1928, 0.1854
0.1928, 0.1854
0.1928, 0.1828
0.1928, 0.1828
0.1928, 0.1828
0.1928, 0.1828
0.1928, 0.1828
0.1928, 0.1828
0.1928, 0.1828
0.1928, 0.1802
0.1928, 0.1802
0.1928, 0.1802
0.1928, 0.1802
0.1928, 0.1802
0.1928, 0.1802
0.1928, 0.1802
0.1928, 0.1802
0.1928, 0.1802
0.1928, 0.1802
0.1928, 0.1802
0.1928, 0.1802
0.1928, 0.1802
0.1928, 0.1802
0.1928, 0.1802
0.1928, 0.1802
0.1928, 0.1775
0.1928, 0.1775
0.1928, 0.1775
0.1928, 0.1775
0.1928, 0.1775
0.1928, 0.1775
0.1928, 0.1775
0.1928, 0.1749
0.1928, 0.1749
0.1928, 0.1749
0.1928, 0.1749
0.1928, 0.1749
0.1928, 0.1749
0.1928, 0.1749
0.1928, 0.1749
0.1928, 0.1749
0.1928, 0.1749
0.1928, 0.1749
0.1883, 0.1749
0.1883, 0.1749
0.1883, 0.1749
0.1883, 0.1749
0.1883, 0.1723
0.1883, 0.1723
0.1883, 0.1723
0.1883, 0.1723
0.1883, 0.1723
0.1883, 0.1723
0.1883, 0.1723
0.1883, 0.1697
0.1883, 0.1697
0.1883, 0.1697
0.1883, 0.1697
0.1883, 0.1697
0.1883, 0.1697
0.1883, 0.1697
0.1883, 0.1697
0.1883, 0.1671
0.1883, 0.1671
0.1883, 0.1671
0.1883, 0.1671
0.1883, 0.1671
0.1883, 0.1671
0.1883, 0.1671
0.1883, 0.1671
0.1883, 0.1671
0.1883, 0.1671
0.1883, 0.1671
0.1883, 0.1645
0.1883, 0.1645
0.1883, 0.1645
0.1883, 0.1645
0.1883, 0.1645
0.1883, 0.1645
0.1883, 0.1645
0.1883, 0.1619
0.1883, 0.1619
0.1883, 0.1619
0.1883, 0.1619
0.1883, 0.1619
0.1883, 0.1619
0.1883, 0.1619
0.1883, 0.1619
0.1883, 0.1619
0.1883, 0.1619
0.1883, 0.1619
0.1883, 0.1593
0.1883, 0.1593
0.1883, 0.1593
0.1883, 0.1567
0.1883, 0.1567
0.1883, 0.1567
0.1883, 0.1567
0.1883, 0.1567
0.1883, 0.1567
0.1883, 0.1567
0.1883, 0.1567
0.1883, 0.1540
0.1883, 0.1540
0.1883, 0.1540
0.1883, 0.1540
0.1883, 0.1540
0.1883, 0.1540
0.1883, 0.1540
0.1883, 0.1540
0.1883, 0.1540
0.1883, 0.1540
0.1883, 0.1540
0.1883, 0.1540
0.1883, 0.1514
0.1883, 0.1514
0.1883, 0.1514
0.1883, 0.1488
0.1883, 0.1488
0.1883, 0.1488
0.1883, 0.1488
0.1883, 0.1488
0.1883, 0.1488
0.1883, 0.1488
0.1883, 0.1488
0.1883, 0.1488
0.1883, 0.1488
0.1883, 0.1488
0.1883, 0.1462
0.1883, 0.1462
0.1883, 0.1462
0.1883, 0.1462
0.1883, 0.1462
0.1883, 0.1462
0.1883, 0.1462
0.1883, 0.1462
0.1883, 0.1436
0.1883, 0.1436
0.1883, 0.1436
0.1883, 0.1410
0.1883, 0.1410
0.1883, 0.1410
0.1883, 0.1410
0.1883, 0.1410
0.1883, 0.1410
0.1883, 0.1410
0.1883, 0.1410
0.1883, 0.1410
0.1883, 0.1410
0.1883, 0.1410
0.1883, 0.1384
0.1883, 0.1384
0.1883, 0.1384
0.1883, 0.1384
0.1883, 0.1384
0.1883, 0.1384
0.1883, 0.1384
0.1883, 0.1384
0.1883, 0.1358
0.1883, 0.1358
0.1883, 0.1358
0.1883, 0.1358
0.1883, 0.1358
0.1883, 0.1358
0.1883, 0.1358
0.1883, 0.1358
0.1883, 0.1358
0.1883, 0.1358
0.1883, 0.1358
0.1883, 0.1332
0.1883, 0.1332
0.1883, 0.1332
0.1883, 0.1332
0.1883, 0.1332
0.1883, 0.1332
0.1883, 0.1332
0.1883, 0.1305
0.1883, 0.1305
0.1883, 0.1305
0.1883, 0.1305
0.1883, 0.1305
0.1883, 0.1305
0.1883, 0.1305
0.1883, 0.1305
0.1883, 0.1279
0.1883, 0.1279
0.1883, 0.1279
0.1883, 0.1279
0.1883, 0.1279
0.1883, 0.1279
0.1883, 0.1279
0.1883, 0.1279
0.1883, 0.1279
0.1883, 0.1279
0.1883, 0.1279
0.1883, 0.1253
0.1883, 0.1253
0.1883, 0.1253
0.1883, 0.1253
0.1883, 0.1253
0.1883, 0.1253
0.1883, 0.1253
0.1883, 0.1227
0.1883, 0.1227
0.1883, 0.1227
0.1883, 0.1227
0.1883, 0.1227
0.1883, 0.1227
0.1883, 0.1227
0.1883, 0.1227
0.1883, 0.1227
0.1883, 0.1227
0.1883, 0.1227
0.1883, 0.1201
0.1883, 0.1201
0.1883, 0.1201
0.1883, 0.1175
0.1883, 0.1175
0.1883, 0.1175
0.1883, 0.1175
0.1883, 0.1175
0.1883, 0.1175
0.1883, 0.1175
0.1883, 0.1149
0.1883, 0.1149
0.1883, 0.1149
0.1883, 0.1149
0.1883, 0.1149
0.1883, 0.1149
0.1883, 0.1149
0.1883, 0.1149
0.1883, 0.1149
0.1883, 0.1149
0.1883, 0.1149
0.1883, 0.1123
0.1883, 0.1123
0.1883, 0.1123
0.1883, 0.1123
0.1883, 0.1097
0.1883, 0.1097
0.1883, 0.1097
0.1883, 0.1097
0.1883, 0.1097
0.1883, 0.1097
0.1883, 0.1097
0.1883, 0.1097
0.1883, 0.1097
0.1883, 0.1097
0.1883, 0.1097
0.1883, 0.1070
0.1883, 0.1070
0.1883, 0.1070
0.1883, 0.1070
0.1883, 0.1070
0.1883, 0.1070
0.1883, 0.1070
0.1883, 0.1044
0.1883, 0.1044
0.1883, 0.1044
0.1883, 0.1044
0.1883, 0.1044
0.1883, 0.1044
0.1883, 0.1044
0.1883, 0.1044
0.1883, 0.1044
0.1883, 0.1018
0.1883, 0.1018
0.1883, 0.1018
0.1883, 0.1018
0.1883, 0.1018
0.1883, 0.1018
0.1883, 0.1018
0.1883, 0.0992
0.1883, 0.0992
0.1883, 0.0992
0.1883, 0.0966
0.1883, 0.0966
0.1883, 0.0966
0.1883, 0.0966
0.1883, 0.0966
0.1883, 0.0966
0.1883, 0.0966
0.1883, 0.0966
0.1883, 0.0966
0.1883, 0.0966
0.1883, 0.0966
0.1883, 0.0940
0.1883, 0.0940
0.1883, 0.0940
0.1883, 0.0914
0.1883, 0.0914
0.1883, 0.0914
0.1883, 0.0914
0.1883, 0.0914
0.1883, 0.0914
0.1883, 0.0914
0.1883, 0.0914
0.1883, 0.0888
0.1883, 0.0888
0.1883, 0.0888
0.1883, 0.0862
0.1883, 0.0862
0.1883, 0.0862
0.1883, 0.0862
0.1883, 0.0862
0.1883, 0.0862
0.1883, 0.0862
0.1883, 0.0836
0.1883, 0.0836
0.1883, 0.0836
0.1883, 0.0836
0.1883, 0.0836
0.1883, 0.0836
0.1883, 0.0836
0.1883, 0.0809
0.1883, 0.0809
0.1883, 0.0809
0.1883, 0.0783
0.1883, 0.0783
0.1883, 0.0783
0.1883, 0.0783
0.1883, 0.0783
0.1883, 0.0783
0.1883, 0.0783
0.1883, 0.0783
0.1883, 0.0783
0.1883, 0.0783
0.1883, 0.0757
0.1883, 0.0757
0.1883, 0.0757
0.1883, 0.0757
0.1883, 0.0757
0.1883, 0.0757
0.1883, 0.0757
0.1883, 0.0731
0.1883, 0.0731
0.1883, 0.0731
0.1883, 0.0731
0.1883, 0.0705
0.1883, 0.0705
0.1883, 0.0705
0.1883, 0.0705
0.1883, 0.0705
0.1883, 0.0705
0.1883, 0.0705
0.1883, 0.0705
0.1883, 0.0705
0.1883, 0.0705
0.1883, 0.0679
0.1883, 0.0679
0.1883, 0.0679
0.1883, 0.0653
0.1883, 0.0653
0.1883, 0.0653
0.1883, 0.0653
0.1883, 0.0653
0.1883, 0.0653
0.1883, 0.0653
0.1883, 0.0653
0.1883, 0.0653
0.1883, 0.0653
0.1883, 0.0653
0.1883, 0.0627
0.1883, 0.0627
0.1883, 0.0627
0.1883, 0.0627
0.1883, 0.0627
0.1883, 0.0627
0.1883, 0.0627
0.1883, 0.0601
0.1883, 0.0601
0.1883, 0.0601
0.1883, 0.0601
0.1883, 0.0601
0.1883, 0.0601
0.1883, 0.0601
0.1883, 0.0574
0.1883, 0.0574
0.1883, 0.0574
0.1883, 0.0574
0.1883, 0.0574
0.1883, 0.0574
0.1883, 0.0574
0.1883, 0.0574
0.1883, 0.0574
0.1883, 0.0574
0.1883, 0.0574
0.1928, 0.0574
0.1928, 0.0574
0.1928, 0.0548
0.1928, 0.0548
0.1928, 0.0548
0.1928, 0.0548
0.1928, 0.0522
0.1928, 0.0522
0.1928, 0.0522
0.1928, 0.0522
0.1928, 0.0522
0.1928, 0.0522
0.1928, 0.0522
0.1928, 0.0522
0.1928, 0.0522
0.1928, 0.0522
0.1928, 0.0496
0.1928, 0.0496
0.1928, 0.0496
0.1928, 0.0496
0.1928, 0.0496
0.1928, 0.0496
0.1928, 0.0496
0.1928, 0.0496
0.1928, 0.0496
0.1928, 0.0496
0.1928, 0.0496
0.1928, 0.0470
0.1928, 0.0470
0.1928, 0.0470
0.1928, 0.0470
0.1928, 0.0470
0.1928, 0.0470
0.1928, 0.0470
0.1928, 0.0444
0.1928, 0.0444
0.1928, 0.0444
0.1928, 0.0444
0.1928, 0.0444
0.1928, 0.0444
0.1928, 0.0444
0.1928, 0.0444
0.1928, 0.0444
0.1928, 0.0444
0.1928, 0.0444
0.1928, 0.0444
0.1928, 0.0444
0.1928, 0.0444
0.1928, 0.0444
0.1928, 0.0444
0.1973, 0.0418
0.1973, 0.0418
0.1973, 0.0418
0.1973, 0.0418
0.1973, 0.0418
0.1973, 0.0418
0.1973, 0.0418
0.1973, 0.0392
0.1973, 0.0392
0.1973, 0.0392
0.1973, 0.0392
0.1973, 0.0392
0.1973, 0.0392
0.1973, 0.0392
0.1973, 0.0392
0.1973, 0.0392
0.1973, 0.0392
0.1973, 0.0392
0.1973, 0.0392
0.1973, 0.0392
0.1973, 0.0392
0.1973, 0.0392
0.1973, 0.0392
0.1973, 0.0392
0.1973, 0.0392
0.2018, 0.0392
0.2018, 0.0392
0.2018, 0.0392
0.2018, 0.0392
0.2018, 0.0392
0.2018, 0.0392
0.2018, 0.0392
0.2018, 0.0366
0.2018, 0.0366
0.2018, 0.0366
0.2018, 0.0366
0.2018, 0.0366
0.2018, 0.0366
0.2018, 0.0366
0.2018, 0.0366
0.2018, 0.0366
0.2018, 0.0366
0.2018, 0.0366
0.2018, 0.0366
0.2018, 0.0366
0.2018, 0.0366
0.2018, 0.0339
0.2018, 0.0339
0.2018, 0.0339
0.2018, 0.0339
0.2018, 0.0339
0.2018, 0.0339
0.2018, 0.0339
0.2063, 0.0339
0.2063, 0.0339
0.2063, 0.0339
0.2063, 0.0313
0.2063, 0.0313
0.2063, 0.0313
0.2063, 0.0313
0.2063, 0.0313
0.2063, 0.0313
0.2063, 0.0313
0.2063, 0.0313
0.2063, 0.0313
0.2063, 0.0313
0.2063, 0.0313
0.2063, 0.0313
0.2063, 0.0313
0.2063, 0.0313
0.2063, 0.0313
0.2063, 0.0313
0.2063, 0.0313
0.2063, 0.0313
0.2063, 0.0313
0.2063, 0.0313
0.2063, 0.0313
0.2063, 0.0313
0.2063, 0.0313
0.2063, 0.0313
0.2063, 0.0313
0.2063, 0.0313
0.2063, 0.0313
0.2063, 0.0313
0.2063, 0.0313
0.2063, 0.0313
0.2063, 0.0313
0.2063, 0.0313
0.2063, 0.0313
0.2063, 0.0313
0.2063, 0.0313
0.2063, 0.0287
0.2063, 0.0287
0.2063, 0.0287
0.2063, 0.0287
0.2063, 0.0287
0.2063, 0.0287
0.2063, 0.0287
0.2108, 0.0287
0.2108, 0.0287
0.2108, 0.0287
0.2108, 0.0261
0.2108, 0.0261
0.2108, 0.0261
0.2108, 0.0261
0.2108, 0.0261
0.2108, 0.0261
0.2108, 0.0261
0.2108, 0.0261
0.2108, 0.0261
0.2108, 0.0261
0.2152, 0.0261
0.2152, 0.0261
0.2152, 0.0261
0.2152, 0.0261
0.2152, 0.0261
0.2152, 0.0261
0.2152, 0.0261
0.2152, 0.0235
0.2152, 0.0235
0.2152, 0.0235
0.2152, 0.0235
0.2152, 0.0235
0.2152, 0.0235
0.2152, 0.0235
0.2152, 0.0235
0.2152, 0.0235
0.2152, 0.0235
0.2152, 0.0235
0.2152, 0.0235
0.2152, 0.0235
0.2152, 0.0235
0.2152, 0.0235
0.2152, 0.0235
0.2152, 0.0235
0.2152, 0.0209
0.2152, 0.0209
0.2152, 0.0209
0.2152, 0.0209
0.2152, 0.0209
0.2152, 0.0209
0.2152, 0.0209
0.2152, 0.0209
0.2152, 0.0209
0.2152, 0.0209
0.2152, 0.0209
0.2152, 0.0209
0.2152, 0.0209
0.2152, 0.0209
0.2152, 0.0209
0.2152, 0.0209
0.2152, 0.0209
0.2197, 0.0209
0.2197, 0.0209
0.2197, 0.0209
0.2197, 0.0183
0.2197, 0.0183
0.2197, 0.0183
0.2197, 0.0183
0.2197, 0.0183
0.2197, 0.0183
0.2197, 0.0183
0.2197, 0.0157
0.2197, 0.0157
0.2197, 0.0157
0.2197, 0.0157
0.2197, 0.0157
0.2197, 0.0157
0.2197, 0.0157
0.2242, 0.0157
0.2242, 0.0157
0.2242, 0.0157
0.2242, 0.0157
0.2242, 0.0157
0.2242, 0.0157
0.2242, 0.0131
0.2242, 0.0131
0.2242, 0.0131
0.2242, 0.0131
0.2242, 0.0131
0.2242, 0.0131
0.2242, 0.0131
0.2242, 0.0131
0.2242, 0.0131
0.2242, 0.0131
0.2242, 0.0131
0.2242, 0.0131
0.2242, 0.0131
0.2242, 0.0131
0.2287, 0.0131
0.2287, 0.0131
0.2287, 0.0131
0.2287, 0.0131
0.2287, 0.0131
0.2287, 0.0131
0.2287, 0.0131
0.2287, 0.0131
0.2287, 0.0131
0.2287, 0.0131
0.2287, 0.0131
0.2287, 0.0131
0.2287, 0.0131
0.2287, 0.0131
0.2287, 0.0131
0.2287, 0.0131
0.2287, 0.0131
0.2287, 0.0131
0.2287, 0.0131
0.2287, 0.0131
0.2287, 0.0131
0.2287, 0.0131
0.2287, 0.0131
0.2287, 0.0131
0.2287, 0.0131
0.2287, 0.0131
0.2287, 0.0131
0.2287, 0.0131
0.2287, 0.0131
0.2287, 0.0131
0.2287, 0.0131
0.2287, 0.0131
0.2287, 0.0131
0.2287, 0.0131
0.2287, 0.0104
0.2287, 0.0104
0.2287, 0.0104
0.2287, 0.0104
0.2287, 0.0104
0.2287, 0.0104
0.2287, 0.0104
0.2287, 0.0104
0.2287, 0.0104
0.2287, 0.0104
0.2287, 0.0104
0.2287, 0.0104
0.2287, 0.0104
0.2287, 0.0104
0.2332, 0.0104
0.2332, 0.0104
0.2332, 0.0104
0.2332, 0.0078
0.2332, 0.0078
0.2332, 0.0078
0.2332, 0.0078
0.2332, 0.0078
0.2332, 0.0078
0.2377, 0.0078
0.2377, 0.0078
0.2377, 0.0078
0.2377, 0.0078
0.2377, 0.0078
0.2377, 0.0078
0.2377, 0.0078
0.2377, 0.0078
0.2377, 0.0078
0.2377, 0.0078
0.2377, 0.0078
0.2377, 0.0078
0.2377, 0.0078
0.2377, 0.0078
0.2377, 0.0078
0.2377, 0.0078
0.2377, 0.0078
0.2377, 0.0078
0.2377, 0.0078
0.2377, 0.0078
0.2377, 0.0078
0.2377, 0.0078
0.2422, 0.0078
0.2422, 0.0078
0.2422, 0.0078
0.2422, 0.0078
0.2422, 0.0078
0.2422, 0.0078
0.2422, 0.0078
0.2422, 0.0078
0.2422, 0.0078
0.2422, 0.0078
0.2422, 0.0078
0.2422, 0.0078
0.2422, 0.0078
0.2466, 0.0078
0.2466, 0.0078
0.2466, 0.0078
0.2466, 0.0052
0.2466, 0.0052
0.2466, 0.0052
0.2466, 0.0052
0.2466, 0.0052
0.2466, 0.0052
0.2466, 0.0052
0.2511, 0.0052
0.2511, 0.0052
0.2511, 0.0052
0.2511, 0.0052
0.2511, 0.0052
0.2511, 0.0052
0.2511, 0.0052
0.2511, 0.0052
0.2511, 0.0052
0.2511, 0.0052
0.2511, 0.0026
0.2511, 0.0026
0.2511, 0.0026
0.2511, 0.0026
0.2511, 0.0026
0.2511, 0.0026
0.2511, 0.0026
0.2511, 0.0026
0.2511, 0.0026
0.2511, 0.0026
0.2556, 0.0026
0.2556, 0.0026
0.2556, 0.0026
0.2556, 0.0026
0.2556, 0.0026
0.2556, 0.0026
0.2601, 0.0026
0.2601, 0.0026
0.2601, 0.0026
0.2601, 0.0026
0.2601, 0.0026
0.2601, 0.0026
0.2601, 0.0026
0.2601, 0.0026
0.2601, 0.0026
0.2601, 0.0026
0.2601, 0.0026
0.2601, 0.0026
0.2601, 0.0026
0.2601, 0.0026
0.2601, 0.0026
0.2601, 0.0026
0.2601, 0.0026
0.2601, 0.0026
0.2601, 0.0026
0.2601, 0.0026
0.2646, 0.0000
0.2646, 0.0000
0.2646, 0.0000
0.2646, 0.0000
0.2646, 0.0000
0.2646, 0.0000
0.2691, 0.0000
0.2691, 0.0000
0.2691, 0.0000
0.2691, 0.0000
0.2691, 0.0000
0.2691, 0.0000
0.2691, 0.0000
0.2691, 0.0000
0.2691, 0.0000
0.2691, 0.0000
0.2735, 0.0000
0.2735, 0.0000
0.2735, 0.0000
0.2735, 0.0000
0.2735, 0.0000
0.2735, 0.0000
0.2735, 0.0000
0.2735, 0.0000
0.2735, 0.0000
0.2735, 0.0000
0.2735, 0.0000
0.2735, 0.0000
0.2735, 0.0000
0.2735, 0.0000
0.2735, 0.0000
0.2735, 0.0000
0.2735, 0.0000
0.2735, 0.0000
0.2735, 0.0000
0.2780, 0.0000
0.2780, 0.0000
0.2780, 0.0000
0.2780, 0.0000
0.2780, 0.0000
0.2780, 0.0000
0.2780, 0.0000
0.2780, 0.0000
0.2780, 0.0000
0.2780, 0.0000
0.2825, 0.0000
0.2825, 0.0000
0.2825, 0.0000
0.2825, 0.0000
0.2825, 0.0000
0.2825, 0.0000
0.2825, 0.0000
0.2825, 0.0000
0.2825, 0.0000
0.2825, 0.0000
0.2825, 0.0000
0.2825, 0.0000
0.2825, 0.0000
0.2825, 0.0000
0.2825, 0.0000
0.2825, 0.0000
0.2825, 0.0000
0.2870, 0.0000
0.2870, 0.0000
0.2870, 0.0000
0.2870, 0.0000
0.2870, 0.0000
0.2870, 0.0000
0.2915, 0.0000
0.2915, 0.0000
0.2915, 0.0000
0.2915, 0.0000
0.2915, 0.0000
0.2915, 0.0000
0.2915, 0.0000
0.2960, 0.0000
0.2960, 0.0000
0.2960, 0.0000
0.2960, 0.0000
0.2960, 0.0000
0.2960, 0.0000
0.2960, 0.0000
0.2960, 0.0000
0.2960, 0.0000
0.2960, 0.0000
0.2960, 0.0000
0.2960, 0.0000
0.3004, 0.0000
0.3004, 0.0000
0.3004, 0.0000
0.3004, 0.0000
0.3004, 0.0000
0.3004, 0.0000
0.3004, 0.0000
0.3004, 0.0000
0.3004, 0.0000
0.3004, 0.0000
0.3049, 0.0000
0.3049, 0.0000
0.3049, 0.0000
0.3049, 0.0000
0.3049, 0.0000
0.3049, 0.0000
0.3049, 0.0000
0.3049, 0.0000
0.3049, 0.0000
0.3049, 0.0000
0.3094, 0.0000
0.3094, 0.0000
0.3094, 0.0000
0.3139, 0.0000
0.3139, 0.0000
0.3139, 0.0000
0.3139, 0.0000
0.3139, 0.0000
0.3139, 0.0000
0.3139, 0.0000
0.3139, 0.0000
0.3139, 0.0000
0.3184, 0.0000
0.3184, 0.0000
0.3184, 0.0000
0.3184, 0.0000
0.3184, 0.0000
0.3184, 0.0000
0.3184, 0.0000
0.3184, 0.0000
0.3184, 0.0000
0.3184, 0.0000
0.3184, 0.0000
0.3184, 0.0000
0.3184, 0.0000
0.3229, 0.0026
0.3229, 0.0026
0.3229, 0.0026
0.3229, 0.0026
0.3229, 0.0026
0.3229, 0.0026
0.3229, 0.0026
0.3274, 0.0026
0.3274, 0.0026
0.3274, 0.0026
0.3274, 0.0026
0.3274, 0.0026
0.3274, 0.0026
0.3274, 0.0052
0.3274, 0.0052
0.3274, 0.0052
0.3274, 0.0052
0.3274, 0.0052
0.3274, 0.0052
0.3318, 0.0052
0.3318, 0.0052
0.3318, 0.0052
0.3318, 0.0052
0.3318, 0.0052
0.3318, 0.0052
0.3363, 0.0052
0.3363, 0.0052
0.3363, 0.0052
0.3363, 0.0052
0.3363, 0.0052
0.3363, 0.0052
0.3363, 0.0052
0.3363, 0.0052
0.3363, 0.0052
0.3363, 0.0052
0.3363, 0.0052
0.3363, 0.0052
0.3408, 0.0052
0.3408, 0.0052
0.3408, 0.0052
0.3408, 0.0078
0.3408, 0.0078
0.3408, 0.0078
0.3453, 0.0078
0.3453, 0.0078
0.3453, 0.0078
0.3453, 0.0078
0.3453, 0.0078
0.3453, 0.0078
0.3453, 0.0078
0.3498, 0.0104
0.3498, 0.0104
0.3498, 0.0104
0.3498, 0.0104
0.3498, 0.0104
0.3498, 0.0104
0.3498, 0.0104
0.3498, 0.0104
0.3498, 0.0104
0.3543, 0.0104
0.3543, 0.0104
0.3543, 0.0104
0.3543, 0.0104
0.3543, 0.0104
0.3543, 0.0104
0.3543, 0.0104
0.3587, 0.0104
0.3587, 0.0104
0.3587, 0.0104
0.3587, 0.0104
0.3587, 0.0104
0.3587, 0.0104
0.3587, 0.0131
0.3587, 0.0131
0.3587, 0.0131
0.3587, 0.0131
0.3587, 0.0131
0.3587, 0.0131
0.3587, 0.0131
0.3587, 0.0131
0.3587, 0.0131
0.3632, 0.0131
0.3632, 0.0131
0.3632, 0.0131
0.3632, 0.0157
0.3632, 0.0157
0.3632, 0.0157
0.3677, 0.0157
0.3677, 0.0157
0.3677, 0.0157
0.3722, 0.0183
0.3722, 0.0183
0.3722, 0.0183
0.3722, 0.0183
0.3722, 0.0183
0.3722, 0.0183
0.3722, 0.0183
0.3722, 0.0183
0.3722, 0.0183
0.3767, 0.0183
0.3767, 0.0183
0.3767, 0.0183
0.3767, 0.0183
0.3767, 0.0183
0.3767, 0.0183
0.3812, 0.0209
0.3812, 0.0209
0.3812, 0.0209
0.3812, 0.0209
0.3812, 0.0209
0.3812, 0.0209
0.3812, 0.0235
0.3812, 0.0235
0.3812, 0.0235
0.3812, 0.0235
0.3812, 0.0235
0.3812, 0.0235
0.3812, 0.0235
0.3857, 0.0235
0.3857, 0.0235
0.3857, 0.0235
0.3857, 0.0235
0.3857, 0.0235
0.3857, 0.0235
0.3901, 0.0235
0.3901, 0.0235
0.3901, 0.0235
0.3901, 0.0235
0.3901, 0.0235
0.3901, 0.0235
0.3901, 0.0235
0.3901, 0.0235
0.3901, 0.0235
0.3946, 0.0261
0.3946, 0.0261
0.3946, 0.0261
0.3946, 0.0261
0.3946, 0.0261
0.3946, 0.0261
0.3946, 0.0261
0.3946, 0.0261
0.3946, 0.0261
0.3946, 0.0261
0.3946, 0.0287
0.3946, 0.0287
0.3991, 0.0287
0.3991, 0.0287
0.3991, 0.0287
0.3991, 0.0287
0.3991, 0.0287
0.3991, 0.0287
0.3991, 0.0287
0.4036, 0.0287
0.4036, 0.0287
0.4036, 0.0287
0.4036, 0.0287
0.4036, 0.0287
0.4036, 0.0287
0.4036, 0.0287
0.4036, 0.0287
0.4036, 0.0287
0.4036, 0.0313
0.4036, 0.0313
0.4036, 0.0313
0.4081, 0.0313
0.4081, 0.0313
0.4081, 0.0313
0.4081, 0.0313
0.4081, 0.0313
0.4081, 0.0313
0.4126, 0.0313
0.4126, 0.0313
0.4126, 0.0313
0.4126, 0.0339
0.4126, 0.0339
0.4126, 0.0339
0.4126, 0.0339
0.4126, 0.0339
0.4126, 0.0339
0.4170, 0.0339
0.4170, 0.0339
0.4170, 0.0339
0.4170, 0.0339
0.4170, 0.0339
0.4170, 0.0339
0.4170, 0.0366
0.4170, 0.0366
0.4170, 0.0366
0.4170, 0.0366
0.4170, 0.0366
0.4170, 0.0366
0.4215, 0.0366
0.4215, 0.0366
0.4215, 0.0366
0.4215, 0.0366
0.4215, 0.0366
0.4215, 0.0366
0.4260, 0.0366
0.4260, 0.0366
0.4260, 0.0366
0.4260, 0.0366
0.4260, 0.0366
0.4260, 0.0366
0.4260, 0.0392
0.4260, 0.0392
0.4260, 0.0392
0.4260, 0.0392
0.4260, 0.0392
0.4260, 0.0392
0.4305, 0.0418
0.4305, 0.0418
0.4305, 0.0418
0.4305, 0.0418
0.4305, 0.0418
0.4305, 0.0418
0.4350, 0.0418
0.4350, 0.0418
0.4350, 0.0418
0.4350, 0.0418
0.4350, 0.0418
0.4350, 0.0418
0.4395, 0.0418
0.4395, 0.0418
0.4395, 0.0418
0.4395, 0.0418
0.4395, 0.0418
0.4395, 0.0418
0.4395, 0.0444
0.4395, 0.0444
0.4395, 0.0444
0.4395, 0.0444
0.4395, 0.0444
0.4395, 0.0444
0.4439, 0.0470
0.4439, 0.0470
0.4439, 0.0470
0.4439, 0.0470
0.4439, 0.0470
0.4439, 0.0470
0.4484, 0.0496
0.4484, 0.0496
0.4484, 0.0496
0.4484, 0.0496
0.4484, 0.0496
0.4484, 0.0496
0.4484, 0.0496
0.4484, 0.0496
0.4484, 0.0496
0.4484, 0.0496
0.4484, 0.0496
0.4484, 0.0496
0.4529, 0.0522
0.4529, 0.0522
0.4529, 0.0522
0.4529, 0.0522
0.4529, 0.0522
0.4529, 0.0522
0.4574, 0.0522
0.4574, 0.0522
0.4574, 0.0522
0.4574, 0.0548
0.4574, 0.0548
0.4574, 0.0548
0.4619, 0.0548
0.4619, 0.0548
0.4619, 0.0548
0.4619, 0.0548
0.4619, 0.0548
0.4619, 0.0548
0.4619, 0.0548
0.4619, 0.0548
0.4619, 0.0548
0.4619, 0.0574
0.4619, 0.0574
0.4619, 0.0574
0.4619, 0.0574
0.4619, 0.0574
0.4619, 0.0574
0.4664, 0.0574
0.4664, 0.0574
0.4664, 0.0574
0.4664, 0.0601
0.4664, 0.0601
0.4664, 0.0601
0.4709, 0.0601
0.4709, 0.0601
0.4709, 0.0601
0.4709, 0.0627
0.4709, 0.0627
0.4709, 0.0627
0.4709, 0.0627
0.4709, 0.0627
0.4709, 0.0627
0.4709, 0.0627
0.4709, 0.0627
0.4709, 0.0627
0.4753, 0.0627
0.4753, 0.0627
0.4753, 0.0627
0.4753, 0.0653
0.4753, 0.0653
0.4753, 0.0653
0.4753, 0.0653
0.4753, 0.0653
0.4753, 0.0653
0.4798, 0.0679
0.4798, 0.0679
0.4798, 0.0679
0.4798, 0.0679
0.4798, 0.0679
0.4798, 0.0679
0.4798, 0.0679
0.4798, 0.0679
0.4798, 0.0679
0.4798, 0.0679
0.4798, 0.0679
0.4798, 0.0679
0.4798, 0.0679
0.4798, 0.0679
0.4798, 0.0679
0.4798, 0.0679
0.4798, 0.0679
0.4798, 0.0679
0.4798, 0.0679
0.4843, 0.0705
0.4843, 0.0705
0.4843, 0.0705
0.4843, 0.0705
0.4843, 0.0705
0.4843, 0.0705
0.4888, 0.0731
0.4888, 0.0731
0.4888, 0.0731
0.4888, 0.0731
0.4888, 0.0731
0.4933, 0.0757
0.4933, 0.0757
0.4933, 0.0757
0.4933, 0.0757
0.4933, 0.0757
0.4933, 0.0757
0.4933, 0.0757
0.4933, 0.0757
0.4933, 0.0757
0.4933, 0.0757
0.4933, 0.0757
0.4933, 0.0757
0.4933, 0.0757
0.4933, 0.0783
0.4933, 0.0783
0.4933, 0.0783
0.4933, 0.0783
0.4933, 0.0783
0.4933, 0.0809
0.4933, 0.0809
0.4933, 0.0809
0.4978, 0.0809
0.4978, 0.0809
0.4978, 0.0809
0.4978, 0.0809
0.4978, 0.0809
0.4978, 0.0809
0.4978, 0.0809
0.4978, 0.0809
0.4978, 0.0809
0.5022, 0.0809
0.5022, 0.0809
0.5022, 0.0809
0.5022, 0.0836
0.5022, 0.0836
0.5022, 0.0836
0.5022, 0.0862
0.5022, 0.0862
0.5022, 0.0862
0.5022, 0.0862
0.5022, 0.0862
0.5022, 0.0888
0.5022, 0.0888
0.5022, 0.0888
0.5067, 0.0888
0.5067, 0.0888
0.5067, 0.0888
0.5067, 0.0888
0.5067, 0.0888
0.5067, 0.0888
0.5067, 0.0888
0.5067, 0.0888
0.5067, 0.0888
0.5112, 0.0914
0.5112, 0.0914
0.5112, 0.0914
0.5112, 0.0914
0.5112, 0.0914
0.5112, 0.0914
0.5112, 0.0940
0.5112, 0.0940
0.5112, 0.0940
0.5112, 0.0940
0.5112, 0.0940
0.5112, 0.0940
0.5157, 0.0940
0.5157, 0.0940
0.5157, 0.0940
0.5157, 0.0940
0.5157, 0.0940
0.5157, 0.0940
0.5157, 0.0966
0.5157, 0.0966
0.5157, 0.0992
0.5157, 0.0992
0.5157, 0.0992
0.5157, 0.0992
0.5157, 0.0992
0.5157, 0.0992
0.5202, 0.1018
0.5202, 0.1018
0.5202, 0.1018
0.5202, 0.1018
0.5202, 0.1018
0.5202, 0.1018
0.5202, 0.1018
0.5202, 0.1018
0.5202, 0.1018
0.5247, 0.1044
0.5247, 0.1044
0.5247, 0.1044
0.5247, 0.1044
0.5247, 0.1044
0.5247, 0.1044
0.5247, 0.1070
0.5247, 0.1070
0.5247, 0.1070
0.5247, 0.1070
0.5247, 0.1070
0.5247, 0.1070
0.5247, 0.1070
0.5247, 0.1070
0.5247, 0.1097
0.5247, 0.1097
0.5247, 0.1097
0.5291, 0.1097
0.5291, 0.1097
0.5291, 0.1097
0.5291, 0.1123
0.5291, 0.1123
0.5291, 0.1123
0.5336, 0.1123
0.5336, 0.1123
0.5336, 0.1149
0.5336, 0.1149
0.5336, 0.1149
0.5381, 0.1175
0.5381, 0.1175
0.5381, 0.1175
0.5381, 0.1175
0.5381, 0.1175
0.5381, 0.1175
0.5381, 0.1201
0.5381, 0.1201
0.5381, 0.1201
0.5381, 0.1201
0.5381, 0.1201
0.5381, 0.1201
0.5426, 0.1227
0.5426, 0.1227
0.5426, 0.1227
0.5426, 0.1227
0.5426, 0.1227
0.5426, 0.1227
0.5426, 0.1253
0.5426, 0.1253
0.5426, 0.1253
0.5471, 0.1253
0.5471, 0.1253
0.5471, 0.1253
0.5471, 0.1253
0.5471, 0.1253
0.5471, 0.1253
0.5471, 0.1279
0.5471, 0.1279
0.5471, 0.1305
0.5471, 0.1305
0.5471, 0.1305
0.5471, 0.1332
0.5471, 0.1332
0.5471, 0.1332
0.5516, 0.1332
0.5516, 0.1332
0.5516, 0.1332
0.5516, 0.1332
0.5516, 0.1332
0.5516, 0.1332
0.5516, 0.1358
0.5516, 0.1358
0.5561, 0.1358
0.5561, 0.1358
0.5561, 0.1358
0.5561, 0.1384
0.5561, 0.1384
0.5561, 0.1384
0.5561, 0.1384
0.5561, 0.1384
0.5561, 0.1384
0.5605, 0.1384
0.5605, 0.1384
0.5605, 0.1410
0.5605, 0.1410
0.5605, 0.1436
0.5605, 0.1436
0.5605, 0.1462
0.5650, 0.1462
0.5650, 0.1462
0.5695, 0.1488
0.5695, 0.1488
0.5695, 0.1488
0.5695, 0.1488
0.5695, 0.1488
0.5695, 0.1488
0.5695, 0.1514
0.5695, 0.1514
0.5695, 0.1514
0.5695, 0.1514
0.5695, 0.1514
0.5695, 0.1514
0.5740, 0.1514
0.5740, 0.1514
0.5740, 0.1540
0.5740, 0.1540
0.5740, 0.1540
0.5740, 0.1567
0.5740, 0.1567
0.5740, 0.1567
0.5785, 0.1567
0.5785, 0.1567
0.5785, 0.1567
0.5785, 0.1567
0.5785, 0.1567
0.5785, 0.1593
0.5785, 0.1593
0.5785, 0.1593
0.5785, 0.1593
0.5785, 0.1593
0.5830, 0.1593
0.5830, 0.1593
0.5830, 0.1593
0.5830, 0.1593
0.5830, 0.1593
0.5830, 0.1593
0.5830, 0.1619
0.5830, 0.1619
0.5830, 0.1619
0.5830, 0.1645
0.5830, 0.1645
0.5830, 0.1645
0.5830, 0.1645
0.5830, 0.1645
0.5874, 0.1645
0.5874, 0.1645
0.5874, 0.1645
0.5874, 0.1671
0.5874, 0.1671
0.5919, 0.1697
0.5919, 0.1697
0.5919, 0.1697
0.5919, 0.1697
0.5919, 0.1697
0.5919, 0.1697
0.5919, 0.1723
0.5919, 0.1723
0.5919, 0.1723
0.5919, 0.1723
0.5919, 0.1723
0.5919, 0.1723
0.5919, 0.1723
0.5919, 0.1723
0.5964, 0.1749
0.5964, 0.1749
0.5964, 0.1749
0.5964, 0.1749
0.5964, 0.1749
0.5964, 0.1775
0.5964, 0.1775
0.5964, 0.1775
0.6009, 0.1775
0.6009, 0.1775
0.6009, 0.1775
0.6009, 0.1775
0.6009, 0.1775
0.6009, 0.1775
0.6009, 0.1802
0.6009, 0.1802
0.6054, 0.1802
0.6054, 0.1802
0.6054, 0.1802
0.6054, 0.1828
0.6054, 0.1828
0.6054, 0.1828
0.6054, 0.1854
0.6054, 0.1854
0.6054, 0.1854
0.6054, 0.1854
0.6054, 0.1854
0.6054, 0.1854
0.6054, 0.1854
0.6054, 0.1854
0.6099, 0.1880
0.6099, 0.1880
0.6099, 0.1880
0.6099, 0.1906
0.6099, 0.1906
0.6143, 0.1906
0.6143, 0.1906
0.6143, 0.1906
0.6143, 0.1906
0.6143, 0.1906
0.6143, 0.1906
0.6143, 0.1906
0.6143, 0.1906
0.6143, 0.1906
0.6143, 0.1932
0.6143, 0.1932
0.6143, 0.1932
0.6143, 0.1932
0.6143, 0.1932
0.6143, 0.1958
0.6143, 0.1958
0.6143, 0.1958
0.6143, 0.1958
0.6143, 0.1958
0.6143, 0.1958
0.6188, 0.1958
0.6188, 0.1958
0.6188, 0.1958
0.6188, 0.1958
0.6188, 0.1958
0.6188, 0.1958
0.6188, 0.1958
0.6188, 0.1958
0.6188, 0.1958
0.6188, 0.1984
0.6188, 0.1984
0.6233, 0.1984
0.6233, 0.1984
0.6233, 0.1984
0.6233, 0.2010
0.6233, 0.2010
0.6233, 0.2037
0.6233, 0.2037
0.6233, 0.2037
0.6233, 0.2037
0.6233, 0.2037
0.6233, 0.2037
0.6233, 0.2037
0.6233, 0.2037
0.6233, 0.2037
0.6233, 0.2037
0.6233, 0.2037
0.6233, 0.2037
0.6278, 0.2063
0.6278, 0.2063
0.6278, 0.2063
0.6278, 0.2063
0.6278, 0.2063
0.6278, 0.2089
0.6278, 0.2089
0.6278, 0.2089
0.6323, 0.2089
0.6323, 0.2089
0.6323, 0.2089
0.6323, 0.2089
0.6323, 0.2089
0.6323, 0.2089
0.6323, 0.2089
0.6323, 0.2089
0.6323, 0.2089
0.6323, 0.2089
0.6368, 0.2115
0.6368, 0.2115
0.6368, 0.2141
0.6368, 0.2141
0.6368, 0.2141
0.6368, 0.2141
0.6368, 0.2141
0.6368, 0.2167
0.6368, 0.2167
0.6368, 0.2167
0.6368, 0.2167
0.6368, 0.2167
0.6368, 0.2167
0.6368, 0.2167
0.6368, 0.2167
0.6368, 0.2167
0.6368, 0.2167
0.6368, 0.2167
0.6413, 0.2193
0.6413, 0.2193
0.6413, 0.2193
0.6413, 0.2193
0.6413, 0.2193
0.6413, 0.2193
0.6413, 0.2219
0.6413, 0.2219
0.6413, 0.2219
0.6457, 0.2219
0.6457, 0.2219
0.6457, 0.2219
0.6457, 0.2219
0.6457, 0.2219
0.6457, 0.2245
0.6457, 0.2245
0.6457, 0.2245
0.6457, 0.2245
0.6457, 0.2245
0.6457, 0.2272
0.6457, 0.2272
0.6457, 0.2272
0.6457, 0.2272
0.6457, 0.2272
0.6457, 0.2272
0.6502, 0.2298
0.6502, 0.2298
0.6502, 0.2298
0.6502, 0.2298
0.6502, 0.2298
0.6502, 0.2298
0.6547, 0.2324
0.6547, 0.2324
0.6547, 0.2324
0.6547, 0.2324
0.6547, 0.2324
0.6547, 0.2350
0.6547, 0.2350
0.6547, 0.2350
0.6592, 0.2350
0.6592, 0.2350
0.6592, 0.2350
0.6592, 0.2350
0.6592, 0.2350
0.6592, 0.2350
0.6592, 0.2350
0.6592, 0.2350
0.6592, 0.2376
0.6592, 0.2376
0.6592, 0.2402
0.6592, 0.2402
0.6592, 0.2402
0.6637, 0.2402
0.6637, 0.2402
0.6637, 0.2428
0.6637, 0.2428
0.6637, 0.2428
0.6637, 0.2428
0.6637, 0.2428
0.6637, 0.2428
0.6682, 0.2454
0.6682, 0.2454
0.6682, 0.2454
0.6682, 0.2454
0.6682, 0.2454
0.6682, 0.2480
0.6682, 0.2480
0.6682, 0.2480
0.6682, 0.2480
0.6682, 0.2480
0.6682, 0.2480
0.6682, 0.2480
0.6682, 0.2480
0.6682, 0.2480
0.6726, 0.2507
0.6726, 0.2507
0.6726, 0.2533
0.6726, 0.2533
0.6726, 0.2533
0.6771, 0.2533
0.6771, 0.2533
0.6771, 0.2533
0.6771, 0.2559
0.6771, 0.2559
0.6816, 0.2559
0.6816, 0.2559
0.6816, 0.2559
0.6816, 0.2585
0.6816, 0.2585
0.6816, 0.2585
0.6816, 0.2611
0.6816, 0.2611
0.6861, 0.2611
0.6861, 0.2611
0.6861, 0.2611
0.6861, 0.2637
0.6861, 0.2637
0.6906, 0.2663
0.6906, 0.2663
0.6906, 0.2663
0.6906, 0.2663
0.6906, 0.2663
0.6906, 0.2663
0.6906, 0.2689
0.6906, 0.2689
0.6906, 0.2689
0.6906, 0.2689
0.6906, 0.2689
0.6906, 0.2715
0.6906, 0.2715
0.6906, 0.2715
0.6951, 0.2715
0.6951, 0.2715
0.6951, 0.2742
0.6951, 0.2742
0.6951, 0.2742
0.6951, 0.2742
0.6951, 0.2742
0.6951, 0.2742
0.6996, 0.2768
0.6996, 0.2768
0.6996, 0.2794
0.6996, 0.2794
0.6996, 0.2794
0.7040, 0.2794
0.7040, 0.2794
0.7040, 0.2794
0.7040, 0.2794
0.7040, 0.2794
0.7040, 0.2794
0.7040, 0.2820
0.7040, 0.2820
0.7040, 0.2846
0.7040, 0.2846
0.7040, 0.2846
0.7085, 0.2872
0.7085, 0.2872
0.7085, 0.2872
0.7085, 0.2872
0.7085, 0.2872
0.7085, 0.2872
0.7085, 0.2872
0.7085, 0.2872
0.7130, 0.2898
0.7130, 0.2898
0.7130, 0.2898
0.7130, 0.2898
0.7130, 0.2898
0.7130, 0.2898
0.7130, 0.2924
0.7130, 0.2924
0.7130, 0.2924
0.7130, 0.2924
0.7130, 0.2924
0.7130, 0.2924
0.7130, 0.2924
0.7175, 0.2950
0.7175, 0.2950
0.7175, 0.2977
0.7175, 0.2977
0.7220, 0.3003
0.7220, 0.3003
0.7220, 0.3003
0.7220, 0.3003
0.7220, 0.3029
0.7220, 0.3029
0.7265, 0.3029
0.7265, 0.3029
0.7265, 0.3055
0.7265, 0.3055
0.7265, 0.3055
0.7265, 0.3055
0.7265, 0.3055
0.7265, 0.3055
0.7265, 0.3055
0.7265, 0.3055
0.7265, 0.3055
0.7265, 0.3055
0.7265, 0.3081
0.7265, 0.3081
0.7309, 0.3107
0.7309, 0.3107
0.7309, 0.3107
0.7354, 0.3133
0.7354, 0.3133
0.7354, 0.3133
0.7354, 0.3133
0.7354, 0.3159
0.7354, 0.3159
0.7354, 0.3159
0.7354, 0.3159
0.7354, 0.3159
0.7354, 0.3185
0.7354, 0.3185
0.7354, 0.3185
0.7354, 0.3185
0.7354, 0.3185
0.7354, 0.3185
0.7354, 0.3185
0.7399, 0.3185
0.7399, 0.3185
0.7399, 0.3185
0.7399, 0.3185
0.7399, 0.3211
0.7399, 0.3211
0.7399, 0.3211
0.7399, 0.3211
0.7444, 0.3238
0.7444, 0.3238
0.7444, 0.3238
0.7444, 0.3238
0.7444, 0.3238
0.7444, 0.3264
0.7444, 0.3264
0.7489, 0.3264
0.7489, 0.3264
0.7489, 0.3264
0.7489, 0.3264
0.7489, 0.3264
0.7489, 0.3264
0.7489, 0.3290
0.7489, 0.3290
0.7489, 0.3290
0.7489, 0.3290
0.7489, 0.3290
0.7534, 0.3316
0.7534, 0.3316
0.7534, 0.3316
0.7534, 0.3316
0.7534, 0.3316
0.7534, 0.3316
0.7578, 0.3316
0.7578, 0.3316
0.7578, 0.3316
0.7578, 0.3342
0.7578, 0.3342
0.7578, 0.3342
0.7578, 0.3342
0.7578, 0.3368
0.7578, 0.3368
0.7578, 0.3368
0.7578, 0.3368
0.7623, 0.3368
0.7623, 0.3368
0.7623, 0.3394
0.7623, 0.3394
0.7623, 0.3394
0.7623, 0.3394
0.7623, 0.3394
0.7668, 0.3394
0.7668, 0.3394
0.7668, 0.3394
0.7668, 0.3394
0.7668, 0.3394
0.7668, 0.3394
0.7668, 0.3394
0.7668, 0.3394
0.7668, 0.3394
0.7668, 0.3394
0.7668, 0.3394
0.7668, 0.3394
0.7668, 0.3394
0.7668, 0.3420
0.7668, 0.3420
0.7668, 0.3420
0.7668, 0.3420
0.7713, 0.3420
0.7713, 0.3420
0.7713, 0.3446
0.7713, 0.3446
0.7713, 0.3446
0.7713, 0.3446
0.7713, 0.3446
0.7758, 0.3446
0.7758, 0.3446
0.7758, 0.3446
0.7758, 0.3446
0.7758, 0.3446
0.7758, 0.3446
0.7758, 0.3446
0.7758, 0.3446
0.7803, 0.3446
0.7803, 0.3446
0.7803, 0.3446
0.7803, 0.3446
0.7803, 0.3446
0.7803, 0.3473
0.7803, 0.3473
0.7803, 0.3473
0.7803, 0.3473
0.7803, 0.3473
0.7803, 0.3473
0.7803, 0.3473
0.7803, 0.3473
0.7803, 0.3473
0.7848, 0.3499
0.7848, 0.3499
0.7848, 0.3499
0.7848, 0.3499
0.7892, 0.3525
0.7892, 0.3525
0.7892, 0.3525
0.7892, 0.3525
0.7892, 0.3525
0.7892, 0.3525
0.7892, 0.3525
0.7892, 0.3525
0.7892, 0.3525
0.7937, 0.3525
0.7937, 0.3525
0.7937, 0.3525
0.7937, 0.3525
0.7982, 0.3551
0.7982, 0.3551
0.7982, 0.3551
0.7982, 0.3551
0.7982, 0.3551
0.7982, 0.3551
0.7982, 0.3551
0.8027, 0.3551
0.8027, 0.3551
0.8027, 0.3551
0.8027, 0.3551
0.8027, 0.3577
0.8027, 0.3577
0.8027, 0.3577
0.8027, 0.3577
0.8027, 0.3577
0.8027, 0.3577
0.8027, 0.3577
0.8072, 0.3577
0.8072, 0.3577
0.8072, 0.3577
0.8072, 0.3577
0.8117, 0.3577
0.8117, 0.3577
0.8117, 0.3577
0.8117, 0.3577
0.8117, 0.3577
0.8117, 0.3577
0.8117, 0.3603
0.8117, 0.3603
0.8161, 0.3603
0.8161, 0.3603
0.8161, 0.3603
0.8161, 0.3603
0.8206, 0.3603
0.8206, 0.3603
0.8206, 0.3603
0.8206, 0.3603
0.8251, 0.3629
0.8251, 0.3629
0.8251, 0.3629
0.8251, 0.3629
0.8251, 0.3629
0.8251, 0.3629
0.8251, 0.3629
0.8296, 0.3629
0.8296, 0.3629
0.8341, 0.3629
0.8341, 0.3629
0.8341, 0.3629
0.8341, 0.3629
0.8341, 0.3629
0.8341, 0.3629
0.8341, 0.3629
0.8386, 0.3629
0.8386, 0.3629
0.8430, 0.3629
0.8430, 0.3629
0.8430, 0.3629
0.8430, 0.3629
0.8475, 0.3629
0.8475, 0.3629
0.8475, 0.3629
0.8475, 0.3629
0.8475, 0.3629
0.8475, 0.3629
0.8475, 0.3629
0.8475, 0.3629
0.8475, 0.3629
0.8475, 0.3629
0.8475, 0.3629
0.8520, 0.3629
0.8520, 0.3629
0.8520, 0.3629
0.8520, 0.3629
0.8520, 0.3629
0.8565, 0.3629
0.8565, 0.3629
0.8565, 0.3629
0.8565, 0.3629
0.8565, 0.3629
0.8565, 0.3629
0.8610, 0.3629
0.8610, 0.3629
0.8655, 0.3629
0.8655, 0.3629
0.8700, 0.3629
0.8700, 0.3629
0.8700, 0.3629
0.8700, 0.3629
0.8744, 0.3629
0.8744, 0.3629
0.8789, 0.3629
0.8789, 0.3629
0.8789, 0.3629
0.8789, 0.3629
0.8789, 0.3629
0.8834, 0.3629
0.8834, 0.3629
0.8879, 0.3629
0.8879, 0.3629
0.8924, 0.3629
0.8924, 0.3629
0.8924, 0.3629
0.8924, 0.3629
0.8924, 0.3629
0.8924, 0.3629
0.8924, 0.3629
0.8969, 0.3629
0.8969, 0.3629
0.9013, 0.3629
0.9013, 0.3629
0.9013, 0.3629
0.9013, 0.3629
0.9058, 0.3629
0.9058, 0.3629
0.9058, 0.3603
0.9103, 0.3603
0.9103, 0.3603
0.9103, 0.3603
0.9103, 0.3603
0.9103, 0.3603
0.9103, 0.3603
0.9103, 0.3603
0.9103, 0.3603
0.9103, 0.3603
0.9148, 0.3603
0.9148, 0.3603
0.9193, 0.3603
0.9193, 0.3603
0.9193, 0.3603
0.9193, 0.3603
0.9193, 0.3603
0.9238, 0.3577
0.9238, 0.3577
0.9238, 0.3577
0.9238, 0.3577
0.9283, 0.3577
0.9283, 0.3577
0.9327, 0.3551
0.9327, 0.3551
0.9327, 0.3551
0.9327, 0.3551
0.9327, 0.3551
0.9327, 0.3551
0.9372, 0.3551
0.9372, 0.3551
0.9372, 0.3551
0.9372, 0.3551
0.9417, 0.3525
0.9417, 0.3525
0.9462, 0.3525
0.9462, 0.3525
0.9462, 0.3525
0.9462, 0.3525
0.9462, 0.3525
0.9462, 0.3499
0.9462, 0.3499
0.9462, 0.3499
0.9462, 0.3499
0.9507, 0.3473
0.9507, 0.3473
0.9507, 0.3473
0.9507, 0.3473
0.9552, 0.3473
0.9552, 0.3473
0.9552, 0.3473
0.9552, 0.3473
0.9596, 0.3446
0.9596, 0.3446
0.9596, 0.3420
0.9596, 0.3420
0.9641, 0.3420
0.9641, 0.3420
0.9686, 0.3420
0.9686, 0.3420
0.9686, 0.3394
0.9686, 0.3394
0.9686, 0.3368
0.9686, 0.3368
0.9731, 0.3342
0.9731, 0.3342
0.9776, 0.3342
0.9776, 0.3342
0.9776, 0.3342
0.9776, 0.3316
0.9821, 0.3316
0.9821, 0.3316
0.9865, 0.3290
0.9865, 0.3290
0.9910, 0.3290
0.9910, 0.3290
0.9910, 0.3290
0.9910, 0.3264
0.9955, 0.3238
0.9955, 0.3238
0.9955, 0.3238
0.9955, 0.3238
0.9955, 0.3238
1.0000, 0.3211
1.0000, 0.3211
1.0000, 0.3211
1.0000, 0.3211
1.0000, 0.3211
1.0000, 0.3211
1.0000, 0.3211
1.0000, 0.3211
1.0000, 0.3211
1.0000, 0.3211
1.0000, 0.3211
1.0000, 0.3211
1.0000, 0.3211
1.0000, 0.3211
1.0000, 0.3211
1.0000, 0.3211
1.0000, 0.3211
1.0000, 0.3211
1.0000, 0.3211
1.0000, 0.3211
1.0000, 0.3211
1.0000, 0.3211
1.0000, 0.3211
1.0000, 0.3211
1.0000, 0.3211
1.0000, 0.3211
1.0000, 0.3211
1.0000, 0.3211
1.0000, 0.3211
1.0000, 0.3211
1.0000, 0.3211
1.0000, 0.3211
1.0000, 0.3211
1.0000, 0.3211
1.0000, 0.3211
1.0000, 0.3211
1.0000, 0.3211
1.0000, 0.3211
1.0000, 0.3211
1.0000, 0.3211
1.0000, 0.3211
1.0000, 0.3211
1.0000, 0.3211
1.0000, 0.3185
1.0000, 0.3185
1.0000, 0.3159
1.0000, 0.3159
1.0000, 0.3159
1.0000, 0.3159
1.0000, 0.3159
1.0000, 0.3159
1.0000, 0.3159
1.0000, 0.3133
0.2063, 0.2010
0.2063, 0.2010
0.2063, 0.2010
0.2063, 0.2010
0.2063, 0.2010
0.2063, 0.2010
0.2063, 0.2010
0.2063, 0.2010
0.2063, 0.2010
0.2063, 0.2010
0.2063, 0.2010
0.2063, 0.2010
0.2063, 0.2010
0.2063, 0.2010
0.2063, 0.2010
0.2063, 0.2010
0.2063, 0.2010
0.2063, 0.2010
0.2063, 0.2010
0.2063, 0.2010
0.2063, 0.2010
0.2063, 0.2010
0.2063, 0.2010
0.2063, 0.2010
0.2063, 0.2010
0.2063, 0.2010
0.2063, 0.2010
0.2063, 0.2010
0.2063, 0.2010
0.2063, 0.2010
0.2063, 0.2010
0.2063, 0.2010
0.2063, 0.2010
0.2063, 0.2010
0.2063, 0.2010
0.2063, 0.2010
0.2063, 0.2010
0.2063, 0.2010
0.2063, 0.2010
0.2063, 0.2010
0.2063, 0.2010
0.2063, 0.2010
0.2063, 0.2010
0.2063, 0.2010
0.2063, 0.2010
0.2063, 0.2010
0.2063, 0.2010
0.2063, 0.2010
0.2063, 0.2010
0.2063, 0.2010
0.2063, 0.2037
0.2063, 0.2037
0.2063, 0.2037
0.2108, 0.2037
0.2108, 0.2037
0.2108, 0.2037
0.2152, 0.2037
0.2152, 0.2037
0.2152, 0.2037
0.2152, 0.2063
0.2152, 0.2063
0.2152, 0.2063
0.2152, 0.2063
0.2152, 0.2063
0.2152, 0.2063
0.2152, 0.2063
0.2197, 0.2089
0.2197, 0.2089
0.2197, 0.2089
0.2242, 0.2089
0.2242, 0.2089
0.2242, 0.2089
0.2242, 0.2089
0.2242, 0.2089
0.2242, 0.2089
0.2287, 0.2089
0.2287, 0.2089
0.2287, 0.2089
0.2377, 0.2089
0.2377, 0.2089
0.2377, 0.2089
0.2377, 0.2089
0.2377, 0.2089
0.2377, 0.2089
0.2422, 0.2089
0.2422, 0.2089
0.2422, 0.2089
0.2466, 0.2089
0.2466, 0.2089
0.2466, 0.2089
0.2511, 0.2115
0.2511, 0.2115
0.2511, 0.2115
0.2556, 0.2115
0.2556, 0.2115
0.2556, 0.2115
0.2601, 0.2115
0.2601, 0.2115
0.2601, 0.2115
0.2646, 0.2115
0.2646, 0.2115
0.2646, 0.2115
0.2691, 0.2115
0.2691, 0.2115
0.2691, 0.2115
0.2691, 0.2115
0.2735, 0.2115
0.2735, 0.2115
0.2735, 0.2115
0.2780, 0.2141
0.2780, 0.2141
0.2780, 0.2141
0.2870, 0.2141
0.2870, 0.2141
0.2870, 0.2141
0.2915, 0.2141
0.2915, 0.2141
0.2960, 0.2141
0.2960, 0.2141
0.2960, 0.2141
0.3049, 0.2141
0.3049, 0.2141
0.3049, 0.2141
0.3049, 0.2141
0.3049, 0.2141
0.3049, 0.2141
0.3094, 0.2141
0.3094, 0.2141
0.3094, 0.2141
0.3184, 0.2141
0.3184, 0.2141
0.3184, 0.2141
0.3184, 0.2141
0.3184, 0.2141
0.3184, 0.2141
0.3184, 0.2141
0.3229, 0.2141
0.3229, 0.2141
0.3229, 0.2141
0.3274, 0.2141
0.3274, 0.2141
0.3274, 0.2141
0.3318, 0.2141
0.3318, 0.2141
0.3318, 0.2141
0.3363, 0.2141
0.3363, 0.2141
0.3363, 0.2141
0.3408, 0.2141
0.3408, 0.2141
0.3408, 0.2141
0.3408, 0.2141
0.3408, 0.2141
0.3408, 0.2141
0.3498, 0.2141
0.3498, 0.2141
0.3498, 0.2141
0.3543, 0.2141
0.3543, 0.2141
0.3543, 0.2141
0.3587, 0.2141
0.3587, 0.2141
0.3587, 0.2141
0.3632, 0.2141
0.3632, 0.2141
0.3632, 0.2141
0.3677, 0.2141
0.3677, 0.2141
0.3677, 0.2141
0.3767, 0.2141
0.3767, 0.2141
0.3767, 0.2141
0.3812, 0.2141
0.3812, 0.2141
0.3812, 0.2141
0.3857, 0.2141
0.3857, 0.2141
0.3857, 0.2141
0.3946, 0.2141
0.3946, 0.2141
0.3946, 0.2141
0.3991, 0.2141
0.3991, 0.2141
0.3991, 0.2141
0.4081, 0.2141
0.4081, 0.2141
0.4081, 0.2141
0.4170, 0.2141
0.4170, 0.2141
0.4170, 0.2141
0.4215, 0.2141
0.4215, 0.2141
0.4215, 0.2141
0.4260, 0.2115
0.4260, 0.2115
0.4260, 0.2115
0.4350, 0.2115
0.4350, 0.2115
0.4350, 0.2115
0.4395, 0.2115
0.4395, 0.2115
0.4395, 0.2115
0.4439, 0.2115
0.4439, 0.2115
0.4439, 0.2115
0.4484, 0.2115
0.4484, 0.2115
0.4574, 0.2089
0.4574, 0.2089
0.4574, 0.2089
0.4619, 0.2089
0.4619, 0.2089
0.4619, 0.2089
0.4664, 0.2063
0.4664, 0.2063
0.4664, 0.2063
0.4753, 0.2037
0.4753, 0.2037
0.4753, 0.2037
0.4798, 0.2037
0.4798, 0.2037
0.4798, 0.2037
0.4843, 0.2010
0.4843, 0.2010
0.4843, 0.2010
0.4933, 0.2010
0.4933, 0.2010
0.4933, 0.2010
0.5067, 0.1984
0.5067, 0.1984
0.5067, 0.1984
0.5112, 0.1984
0.5112, 0.1984
0.5112, 0.1984
0.5202, 0.1984
0.5202, 0.1984
0.5291, 0.1984
0.5291, 0.1984
0.5291, 0.1984
0.5291, 0.1984
0.5291, 0.1958
0.5291, 0.1958
0.5381, 0.1958
0.5381, 0.1958
0.5381, 0.1958
0.5426, 0.1932
0.5426, 0.1932
0.5426, 0.1932
0.5471, 0.1932
0.5471, 0.1932
0.5471, 0.1932
0.5516, 0.1932
0.5516, 0.1932
0.5516, 0.1932
0.5516, 0.1906
0.5516, 0.1906
0.5516, 0.1906
0.5516, 0.1906
0.5516, 0.1906
0.5516, 0.1906
0.5561, 0.1906
0.5561, 0.1906
0.5561, 0.1906
0.5561, 0.1906
0.5561, 0.1906
0.5561, 0.1906
0.5605, 0.1906
0.5605, 0.1906
0.5605, 0.1906
0.5650, 0.1906
0.5650, 0.1906
0.5650, 0.1906
0.5650, 0.1906
0.5650, 0.1906
0.5650, 0.1906
0.5650, 0.1906
0.5650, 0.1906
0.5650, 0.1906
0.5650, 0.1906
0.5695, 0.1880
0.5695, 0.1880
0.5695, 0.1880
0.5695, 0.1880
0.5695, 0.1880
0.5695, 0.1880
0.5740, 0.1880
0.5740, 0.1880
0.5740, 0.1880
0.5740, 0.1854
0.5740, 0.1854
0.5740, 0.1854
0.5740, 0.1854
0.5740, 0.1854
0.5740, 0.1854
0.5785, 0.1854
0.5785, 0.1854
0.5830, 0.1854
0.5830, 0.1854
0.5830, 0.1854
0.5830, 0.1828
0.5830, 0.1828
0.5830, 0.1828
0.5874, 0.1828
0.5874, 0.1828
0.5874, 0.1828
0.5874, 0.1828
0.5874, 0.1828
0.5874, 0.1828
0.5874, 0.1802
0.5874, 0.1802
0.5874, 0.1802
0.5874, 0.1802
0.5874, 0.1802
0.5874, 0.1802
0.5874, 0.1775
0.5874, 0.1775
0.5874, 0.1775
0.5874, 0.1775
0.5874, 0.1775
0.5874, 0.1775
0.5874, 0.1775
0.5874, 0.1775
0.5874, 0.1775
0.5874, 0.1775
0.5919, 0.1775
0.5919, 0.1775
0.5919, 0.1775
0.5919, 0.1775
0.5919, 0.1775
0.5919, 0.1775
0.5919, 0.1775
0.5919, 0.1775
0.5919, 0.1775
0.5919, 0.1775
0.5919, 0.1775
0.5919, 0.1775
0.5919, 0.1775
0.5919, 0.1775
0.5919, 0.1775
0.5919, 0.1775
0.5919, 0.1775
0.5919, 0.1775
0.5919, 0.1775
0.5919, 0.1775
0.5919, 0.1775
0.5919, 0.1775
0.5919, 0.1775
0.5919, 0.1775
0.5919, 0.1775
0.5919, 0.1775
0.5919, 0.1775
0.5919, 0.1775
0.5919, 0.1775
0.5919, 0.1775
0.5919, 0.1775
0.5919, 0.1775
0.5919, 0.1775
0.5919, 0.1775
0.5919, 0.1775
0.5919, 0.1775
0.5919, 0.1775
0.5919, 0.1775
0.5919, 0.1775
0.5919, 0.1775
0.5919, 0.1775
0.5919, 0.1775
0.5919, 0.1775
0.5919, 0.1775
0.5919, 0.1775
0.5919, 0.1775
0.5919, 0.1775
0.5919, 0.1775
0.0000, 1.0000
0.0000, 1.0000
0.0000, 1.0000
0.0000, 1.0000
0.0000, 1.0000
0.0000, 1.0000
0.0000, 1.0000
0.0000, 1.0000
0.0000, 1.0000
0.0000, 1.0000
0.0000, 1.0000
0.0000, 1.0000
0.0000, 1.0000
0.0000, 1.0000
0.0000, 1.0000
0.0000, 1.0000
0.0000, 1.0000
0.0000, 1.0000
0.0000, 1.0000
0.0000, 1.0000
0.0000, 1.0000
0.0000, 1.0000
0.0000, 1.0000
0.0000, 1.0000
0.0000, 1.0000
0.0000, 1.0000
0.0000, 1.0000
0.0000, 1.0000
0.0000, 1.0000
0.0000, 1.0000
