0.3303, 0.0420
0.3303, 0.0420
0.3303, 0.0420
0.3303, 0.0420
0.3303, 0.0420
0.3303, 0.0420
0.3303, 0.0420
0.3303, 0.0420
0.3303, 0.0420
0.3303, 0.0420
0.3303, 0.0420
0.3303, 0.0420
0.3303, 0.0420
0.3303, 0.0420
0.3303, 0.0420
0.3303, 0.0420
0.3303, 0.0420
0.3303, 0.0420
0.3303, 0.0420
0.3303, 0.0420
0.3303, 0.0420
0.3303, 0.0420
0.3303, 0.0420
0.3303, 0.0420
0.3303, 0.0420
0.3303, 0.0420
0.3303, 0.0420
0.3303, 0.0420
0.3303, 0.0420
0.3303, 0.0420
0.3303, 0.0420
0.3303, 0.0420
0.3303, 0.0420
0.3303, 0.0420
0.3303, 0.0420
0.3303, 0.0420
0.3303, 0.0420
0.3303, 0.0420
0.3303, 0.0420
0.3303, 0.0420
0.3303, 0.0420
0.3303, 0.0420
0.3303, 0.0420
0.3303, 0.0420
0.3303, 0.0420
0.3303, 0.0420
0.3303, 0.0444
0.3303, 0.0444
0.3303, 0.0444
0.3303, 0.0444
0.3303, 0.0444
0.3303, 0.0444
0.3303, 0.0444
0.3303, 0.0444
0.3303, 0.0444
0.3303, 0.0444
0.3303, 0.0444
0.3303, 0.0444
0.3303, 0.0444
0.3303, 0.0444
0.3303, 0.0444
0.3303, 0.0444
0.3303, 0.0444
0.3303, 0.0444
0.3258, 0.0469
0.3258, 0.0469
0.3258, 0.0469
0.3258, 0.0469
0.3258, 0.0469
0.3258, 0.0469
0.3258, 0.0469
0.3258, 0.0469
0.3258, 0.0469
0.3258, 0.0469
0.3258, 0.0469
0.3258, 0.0469
0.3258, 0.0469
0.3258, 0.0469
0.3258, 0.0469
0.3258, 0.0469
0.3258, 0.0469
0.3258, 0.0494
0.3258, 0.0494
0.3258, 0.0494
0.3258, 0.0494
0.3213, 0.0519
0.3213, 0.0519
0.3213, 0.0519
0.3213, 0.0519
0.3213, 0.0519
0.3213, 0.0519
0.3213, 0.0519
0.3213, 0.0519
0.3213, 0.0519
0.3213, 0.0519
0.3213, 0.0519
0.3213, 0.0519
0.3213, 0.0519
0.3213, 0.0519
0.3213, 0.0519
0.3213, 0.0519
0.3213, 0.0519
0.3213, 0.0519
0.3213, 0.0519
0.3213, 0.0543
0.3213, 0.0543
0.3213, 0.0543
0.3213, 0.0543
0.3213, 0.0543
0.3213, 0.0543
0.3213, 0.0543
0.3213, 0.0543
0.3213, 0.0568
0.3213, 0.0568
0.3213, 0.0568
0.3213, 0.0568
0.3213, 0.0568
0.3213, 0.0568
0.3213, 0.0568
0.3213, 0.0568
0.3213, 0.0568
0.3213, 0.0568
0.3213, 0.0568
0.3213, 0.0568
0.3213, 0.0568
0.3213, 0.0593
0.3213, 0.0593
0.3213, 0.0593
0.3213, 0.0593
0.3213, 0.0593
0.3213, 0.0593
0.3213, 0.0593
0.3213, 0.0593
0.3213, 0.0617
0.3213, 0.0617
0.3213, 0.0617
0.3213, 0.0617
0.3213, 0.0642
0.3213, 0.0642
0.3213, 0.0642
0.3213, 0.0642
0.3213, 0.0642
0.3213, 0.0642
0.3213, 0.0642
0.3213, 0.0642
0.3213, 0.0642
0.3213, 0.0642
0.3213, 0.0642
0.3213, 0.0642
0.3213, 0.0642
0.3213, 0.0667
0.3213, 0.0667
0.3213, 0.0667
0.3213, 0.0667
0.3213, 0.0667
0.3167, 0.0667
0.3167, 0.0667
0.3167, 0.0667
0.3167, 0.0667
0.3167, 0.0667
0.3167, 0.0667
0.3167, 0.0667
0.3167, 0.0667
0.3167, 0.0691
0.3167, 0.0691
0.3167, 0.0691
0.3167, 0.0691
0.3167, 0.0691
0.3167, 0.0691
0.3167, 0.0691
0.3167, 0.0691
0.3167, 0.0691
0.3167, 0.0691
0.3167, 0.0691
0.3167, 0.0691
0.3167, 0.0691
0.3167, 0.0716
0.3167, 0.0716
0.3167, 0.0716
0.3167, 0.0716
0.3167, 0.0741
0.3167, 0.0741
0.3167, 0.0741
0.3167, 0.0741
0.3122, 0.0741
0.3122, 0.0741
0.3122, 0.0741
0.3122, 0.0741
0.3122, 0.0765
0.3122, 0.0765
0.3122, 0.0765
0.3122, 0.0765
0.3122, 0.0765
0.3122, 0.0765
0.3122, 0.0765
0.3122, 0.0765
0.3122, 0.0765
0.3122, 0.0765
0.3122, 0.0765
0.3122, 0.0765
0.3122, 0.0790
0.3122, 0.0790
0.3122, 0.0790
0.3122, 0.0790
0.3122, 0.0815
0.3122, 0.0815
0.3122, 0.0815
0.3122, 0.0815
0.3122, 0.0815
0.3122, 0.0815
0.3122, 0.0815
0.3122, 0.0815
0.3122, 0.0815
0.3122, 0.0815
0.3122, 0.0815
0.3122, 0.0815
0.3122, 0.0815
0.3122, 0.0840
0.3122, 0.0840
0.3122, 0.0840
0.3122, 0.0840
0.3077, 0.0864
0.3077, 0.0864
0.3077, 0.0864
0.3077, 0.0864
0.3077, 0.0889
0.3077, 0.0889
0.3077, 0.0889
0.3077, 0.0889
0.3077, 0.0889
0.3077, 0.0889
0.3077, 0.0889
0.3077, 0.0889
0.3077, 0.0889
0.3077, 0.0889
0.3077, 0.0889
0.3077, 0.0889
0.3077, 0.0889
0.3077, 0.0914
0.3077, 0.0914
0.3077, 0.0914
0.3077, 0.0914
0.3077, 0.0938
0.3077, 0.0938
0.3077, 0.0938
0.3077, 0.0938
0.3077, 0.0938
0.3077, 0.0938
0.3077, 0.0938
0.3077, 0.0938
0.3077, 0.0938
0.3077, 0.0938
0.3077, 0.0938
0.3077, 0.0938
0.3077, 0.0938
0.3077, 0.0963
0.3077, 0.0963
0.3077, 0.0963
0.3077, 0.0963
0.3077, 0.0988
0.3077, 0.0988
0.3077, 0.0988
0.3077, 0.0988
0.3077, 0.1012
0.3077, 0.1012
0.3077, 0.1012
0.3077, 0.1012
0.3077, 0.1012
0.3077, 0.1012
0.3077, 0.1012
0.3077, 0.1012
0.3077, 0.1037
0.3077, 0.1037
0.3077, 0.1037
0.3077, 0.1037
0.3032, 0.1062
0.3032, 0.1062
0.3032, 0.1062
0.3032, 0.1062
0.3032, 0.1062
0.3032, 0.1062
0.3032, 0.1062
0.3032, 0.1062
0.3032, 0.1062
0.3032, 0.1062
0.3032, 0.1062
0.3032, 0.1062
0.3032, 0.1062
0.3032, 0.1086
0.3032, 0.1086
0.3032, 0.1086
0.3032, 0.1086
0.3032, 0.1111
0.3032, 0.1111
0.3032, 0.1111
0.3032, 0.1111
0.3032, 0.1111
0.3032, 0.1111
0.3032, 0.1111
0.3032, 0.1111
0.2986, 0.1136
0.2986, 0.1136
0.2986, 0.1136
0.2986, 0.1136
0.2986, 0.1136
0.2986, 0.1136
0.2986, 0.1136
0.2986, 0.1136
0.2986, 0.1160
0.2986, 0.1160
0.2986, 0.1160
0.2986, 0.1160
0.2986, 0.1185
0.2986, 0.1185
0.2986, 0.1185
0.2986, 0.1185
0.2986, 0.1185
0.2986, 0.1185
0.2986, 0.1185
0.2986, 0.1185
0.2986, 0.1185
0.2986, 0.1185
0.2986, 0.1185
0.2986, 0.1185
0.2986, 0.1210
0.2986, 0.1210
0.2986, 0.1210
0.2986, 0.1210
0.2986, 0.1235
0.2986, 0.1235
0.2986, 0.1235
0.2986, 0.1235
0.2986, 0.1259
0.2986, 0.1259
0.2986, 0.1259
0.2986, 0.1259
0.2986, 0.1259
0.2986, 0.1259
0.2986, 0.1259
0.2986, 0.1284
0.2986, 0.1284
0.2986, 0.1284
0.2986, 0.1284
0.2986, 0.1309
0.2986, 0.1309
0.2986, 0.1309
0.2986, 0.1309
0.2986, 0.1309
0.2986, 0.1309
0.2986, 0.1309
0.2986, 0.1309
0.2986, 0.1333
0.2986, 0.1333
0.2986, 0.1333
0.2986, 0.1333
0.2986, 0.1333
0.2986, 0.1333
0.2986, 0.1333
0.2986, 0.1333
0.2986, 0.1333
0.2986, 0.1358
0.2986, 0.1358
0.2986, 0.1358
0.2986, 0.1358
0.2986, 0.1358
0.2986, 0.1358
0.2986, 0.1358
0.2986, 0.1358
0.2986, 0.1383
0.2986, 0.1383
0.2986, 0.1383
0.2986, 0.1383
0.2986, 0.1383
0.2986, 0.1383
0.2986, 0.1383
0.2986, 0.1383
0.2986, 0.1407
0.2986, 0.1407
0.2986, 0.1407
0.2986, 0.1407
0.2986, 0.1432
0.2986, 0.1432
0.2986, 0.1432
0.2986, 0.1432
0.2986, 0.1432
0.2986, 0.1432
0.2986, 0.1432
0.2986, 0.1432
0.2986, 0.1457
0.2986, 0.1457
0.2986, 0.1457
0.2986, 0.1481
0.2986, 0.1481
0.2986, 0.1481
0.2986, 0.1481
0.2986, 0.1481
0.2986, 0.1481
0.2986, 0.1481
0.2986, 0.1481
0.2986, 0.1506
0.2986, 0.1506
0.2986, 0.1506
0.2986, 0.1506
0.2986, 0.1531
0.2986, 0.1531
0.2986, 0.1531
0.2986, 0.1531
0.2986, 0.1531
0.2986, 0.1531
0.2986, 0.1531
0.2986, 0.1531
0.2986, 0.1556
0.2986, 0.1556
0.2986, 0.1556
0.2986, 0.1556
0.2986, 0.1556
0.2986, 0.1556
0.2986, 0.1556
0.2986, 0.1556
0.2986, 0.1556
0.2986, 0.1556
0.2986, 0.1556
0.2986, 0.1556
0.2986, 0.1580
0.2986, 0.1580
0.2986, 0.1580
0.2986, 0.1580
0.2986, 0.1605
0.2986, 0.1605
0.2986, 0.1605
0.2986, 0.1630
0.2986, 0.1630
0.2986, 0.1630
0.2986, 0.1630
0.2986, 0.1654
0.2986, 0.1654
0.2986, 0.1654
0.2986, 0.1654
0.2986, 0.1679
0.2986, 0.1679
0.2986, 0.1679
0.2986, 0.1679
0.2986, 0.1679
0.2986, 0.1679
0.2986, 0.1679
0.2986, 0.1728
0.2986, 0.1728
0.2986, 0.1728
0.2986, 0.1728
0.2986, 0.1753
0.2986, 0.1753
0.2986, 0.1753
0.2986, 0.1753
0.2986, 0.1753
0.2986, 0.1753
0.2986, 0.1753
0.2986, 0.1753
0.2986, 0.1753
0.2986, 0.1753
0.2986, 0.1753
0.2986, 0.1753
0.2986, 0.1778
0.2986, 0.1778
0.2986, 0.1778
0.2986, 0.1802
0.2986, 0.1802
0.2986, 0.1802
0.2986, 0.1802
0.2986, 0.1802
0.2986, 0.1802
0.2986, 0.1802
0.2986, 0.1802
0.2986, 0.1827
0.2986, 0.1827
0.2986, 0.1827
0.2986, 0.1827
0.2986, 0.1852
0.2986, 0.1852
0.2986, 0.1852
0.2986, 0.1877
0.2986, 0.1877
0.2986, 0.1877
0.2986, 0.1877
0.2986, 0.1877
0.2986, 0.1877
0.2986, 0.1877
0.2986, 0.1877
0.2986, 0.1901
0.2986, 0.1901
0.2986, 0.1901
0.2986, 0.1901
0.2986, 0.1926
0.2986, 0.1926
0.2986, 0.1926
0.2986, 0.1926
0.2986, 0.1926
0.2986, 0.1926
0.2986, 0.1926
0.2986, 0.1951
0.2986, 0.1951
0.2986, 0.1951
0.2986, 0.1951
0.2986, 0.1975
0.2986, 0.1975
0.2986, 0.1975
0.2986, 0.2000
0.2986, 0.2000
0.2986, 0.2000
0.2986, 0.2000
0.2986, 0.2000
0.2986, 0.2000
0.2986, 0.2000
0.2986, 0.2000
0.2986, 0.2025
0.2986, 0.2025
0.2986, 0.2025
0.2986, 0.2025
0.2986, 0.2049
0.2986, 0.2049
0.2986, 0.2049
0.2986, 0.2049
0.2986, 0.2049
0.2986, 0.2049
0.2986, 0.2049
0.2986, 0.2049
0.2986, 0.2074
0.2986, 0.2074
0.2986, 0.2074
0.2986, 0.2074
0.2986, 0.2074
0.2986, 0.2074
0.2986, 0.2074
0.2986, 0.2074
0.2986, 0.2099
0.2986, 0.2099
0.2986, 0.2099
0.2986, 0.2123
0.2986, 0.2123
0.2986, 0.2123
0.2986, 0.2123
0.2986, 0.2123
0.2986, 0.2123
0.2986, 0.2123
0.2986, 0.2123
0.2986, 0.2123
0.2986, 0.2123
0.2986, 0.2123
0.2986, 0.2123
0.2986, 0.2148
0.2986, 0.2148
0.2986, 0.2148
0.2986, 0.2173
0.2986, 0.2173
0.2986, 0.2173
0.2986, 0.2173
0.2986, 0.2173
0.2986, 0.2173
0.2986, 0.2173
0.2986, 0.2173
0.2986, 0.2173
0.2986, 0.2173
0.2986, 0.2173
0.2986, 0.2173
0.2986, 0.2198
0.2986, 0.2198
0.2986, 0.2198
0.2986, 0.2198
0.2986, 0.2222
0.2986, 0.2222
0.2986, 0.2222
0.2986, 0.2247
0.2986, 0.2247
0.2986, 0.2247
0.2986, 0.2247
0.2986, 0.2247
0.2986, 0.2247
0.2986, 0.2247
0.2986, 0.2272
0.2986, 0.2272
0.2986, 0.2272
0.2986, 0.2272
0.3032, 0.2296
0.3032, 0.2296
0.3032, 0.2296
0.3032, 0.2296
0.3032, 0.2296
0.3032, 0.2296
0.3032, 0.2296
0.3032, 0.2321
0.3032, 0.2321
0.3032, 0.2321
0.3032, 0.2321
0.3032, 0.2321
0.3032, 0.2321
0.3032, 0.2321
0.3032, 0.2321
0.3032, 0.2346
0.3032, 0.2346
0.3032, 0.2346
0.3032, 0.2346
0.3032, 0.2346
0.3032, 0.2346
0.3032, 0.2346
0.3032, 0.2346
0.3032, 0.2346
0.3032, 0.2346
0.3032, 0.2346
0.3032, 0.2346
0.3032, 0.2370
0.3032, 0.2370
0.3032, 0.2370
0.3032, 0.2395
0.3032, 0.2395
0.3032, 0.2395
0.3032, 0.2395
0.3032, 0.2395
0.3032, 0.2395
0.3032, 0.2395
0.3032, 0.2395
0.3077, 0.2420
0.3077, 0.2420
0.3077, 0.2420
0.3077, 0.2420
0.3077, 0.2420
0.3077, 0.2420
0.3077, 0.2420
0.3077, 0.2420
0.3077, 0.2420
0.3077, 0.2420
0.3077, 0.2444
0.3077, 0.2444
0.3077, 0.2444
0.3077, 0.2444
0.3122, 0.2469
0.3122, 0.2469
0.3122, 0.2469
0.3122, 0.2469
0.3122, 0.2469
0.3122, 0.2469
0.3122, 0.2469
0.3122, 0.2469
0.3122, 0.2469
0.3122, 0.2469
0.3122, 0.2469
0.3167, 0.2494
0.3167, 0.2494
0.3167, 0.2494
0.3167, 0.2494
0.3167, 0.2519
0.3167, 0.2519
0.3167, 0.2519
0.3167, 0.2519
0.3167, 0.2519
0.3167, 0.2519
0.3167, 0.2519
0.3167, 0.2519
0.3167, 0.2543
0.3167, 0.2543
0.3167, 0.2543
0.3167, 0.2543
0.3167, 0.2543
0.3167, 0.2543
0.3167, 0.2543
0.3167, 0.2543
0.3167, 0.2543
0.3167, 0.2543
0.3167, 0.2543
0.3213, 0.2568
0.3213, 0.2568
0.3213, 0.2568
0.3213, 0.2593
0.3213, 0.2593
0.3213, 0.2593
0.3213, 0.2593
0.3213, 0.2593
0.3213, 0.2593
0.3213, 0.2593
0.3258, 0.2593
0.3258, 0.2593
0.3258, 0.2593
0.3258, 0.2593
0.3258, 0.2593
0.3258, 0.2593
0.3258, 0.2593
0.3258, 0.2617
0.3258, 0.2617
0.3258, 0.2617
0.3258, 0.2617
0.3258, 0.2642
0.3258, 0.2642
0.3258, 0.2642
0.3258, 0.2642
0.3258, 0.2642
0.3258, 0.2642
0.3258, 0.2642
0.3303, 0.2667
0.3303, 0.2667
0.3303, 0.2667
0.3303, 0.2667
0.3303, 0.2667
0.3303, 0.2667
0.3303, 0.2667
0.3303, 0.2667
0.3303, 0.2667
0.3303, 0.2667
0.3303, 0.2667
0.3303, 0.2667
0.3348, 0.2691
0.3348, 0.2691
0.3348, 0.2691
0.3348, 0.2716
0.3348, 0.2716
0.3348, 0.2716
0.3348, 0.2716
0.3394, 0.2716
0.3394, 0.2716
0.3394, 0.2716
0.3394, 0.2716
0.3394, 0.2716
0.3394, 0.2716
0.3394, 0.2716
0.3394, 0.2741
0.3394, 0.2741
0.3394, 0.2741
0.3394, 0.2765
0.3394, 0.2765
0.3394, 0.2765
0.3394, 0.2765
0.3439, 0.2790
0.3439, 0.2790
0.3439, 0.2790
0.3439, 0.2790
0.3439, 0.2790
0.3439, 0.2790
0.3439, 0.2790
0.3484, 0.2790
0.3484, 0.2790
0.3484, 0.2790
0.3484, 0.2790
0.3484, 0.2815
0.3484, 0.2815
0.3484, 0.2815
0.3484, 0.2840
0.3484, 0.2840
0.3484, 0.2840
0.3484, 0.2840
0.3484, 0.2840
0.3484, 0.2840
0.3484, 0.2840
0.3529, 0.2840
0.3529, 0.2840
0.3529, 0.2840
0.3529, 0.2864
0.3529, 0.2864
0.3529, 0.2864
0.3529, 0.2864
0.3575, 0.2889
0.3575, 0.2889
0.3575, 0.2889
0.3575, 0.2889
0.3620, 0.2914
0.3620, 0.2914
0.3620, 0.2914
0.3620, 0.2914
0.3620, 0.2914
0.3620, 0.2914
0.3620, 0.2914
0.3620, 0.2914
0.3620, 0.2914
0.3620, 0.2914
0.3620, 0.2938
0.3620, 0.2938
0.3620, 0.2938
0.3665, 0.2963
0.3665, 0.2963
0.3665, 0.2963
0.3665, 0.2963
0.3665, 0.2963
0.3665, 0.2963
0.3665, 0.2963
0.3665, 0.2963
0.3665, 0.2963
0.3665, 0.2963
0.3710, 0.2963
0.3710, 0.2963
0.3710, 0.2963
0.3710, 0.2963
0.3710, 0.2988
0.3710, 0.2988
0.3710, 0.2988
0.3710, 0.2988
0.3710, 0.2988
0.3710, 0.2988
0.3710, 0.2988
0.3710, 0.3012
0.3710, 0.3012
0.3710, 0.3012
0.3710, 0.3012
0.3710, 0.3012
0.3710, 0.3012
0.3710, 0.3012
0.3710, 0.3012
0.3756, 0.3037
0.3756, 0.3037
0.3756, 0.3037
0.3756, 0.3037
0.3756, 0.3037
0.3756, 0.3037
0.3756, 0.3037
0.3801, 0.3037
0.3801, 0.3037
0.3801, 0.3037
0.3846, 0.3062
0.3846, 0.3062
0.3846, 0.3062
0.3846, 0.3062
0.3846, 0.3086
0.3846, 0.3086
0.3846, 0.3086
0.3846, 0.3086
0.3846, 0.3086
0.3846, 0.3086
0.3846, 0.3086
0.3846, 0.3086
0.3846, 0.3086
0.3846, 0.3086
0.3846, 0.3086
0.3891, 0.3086
0.3891, 0.3086
0.3891, 0.3086
0.3891, 0.3111
0.3891, 0.3111
0.3891, 0.3111
0.3937, 0.3111
0.3937, 0.3111
0.3937, 0.3111
0.3937, 0.3111
0.3937, 0.3136
0.3937, 0.3136
0.3937, 0.3136
0.3937, 0.3136
0.3937, 0.3136
0.3937, 0.3136
0.3937, 0.3136
0.3937, 0.3160
0.3937, 0.3160
0.3937, 0.3160
0.3937, 0.3160
0.3937, 0.3160
0.3937, 0.3160
0.3937, 0.3160
0.3982, 0.3160
0.3982, 0.3160
0.3982, 0.3160
0.4027, 0.3185
0.4027, 0.3185
0.4027, 0.3185
0.4027, 0.3185
0.4027, 0.3185
0.4027, 0.3185
0.4027, 0.3185
0.4072, 0.3210
0.4072, 0.3210
0.4072, 0.3210
0.4072, 0.3210
0.4072, 0.3210
0.4072, 0.3210
0.4072, 0.3210
0.4072, 0.3210
0.4072, 0.3210
0.4072, 0.3210
0.4118, 0.3210
0.4118, 0.3210
0.4118, 0.3210
0.4118, 0.3235
0.4118, 0.3235
0.4118, 0.3235
0.4118, 0.3235
0.4163, 0.3235
0.4163, 0.3235
0.4163, 0.3235
0.4163, 0.3259
0.4163, 0.3259
0.4163, 0.3259
0.4163, 0.3259
0.4163, 0.3259
0.4163, 0.3259
0.4163, 0.3259
0.4163, 0.3259
0.4163, 0.3259
0.4163, 0.3259
0.4163, 0.3259
0.4208, 0.3259
0.4208, 0.3259
0.4208, 0.3259
0.4208, 0.3284
0.4208, 0.3284
0.4208, 0.3284
0.4208, 0.3284
0.4208, 0.3284
0.4208, 0.3284
0.4208, 0.3284
0.4253, 0.3309
0.4253, 0.3309
0.4253, 0.3309
0.4253, 0.3309
0.4253, 0.3309
0.4253, 0.3309
0.4253, 0.3309
0.4299, 0.3333
0.4299, 0.3333
0.4299, 0.3333
0.4299, 0.3333
0.4299, 0.3333
0.4299, 0.3333
0.4299, 0.3333
0.4299, 0.3333
0.4299, 0.3333
0.4299, 0.3333
0.4299, 0.3333
0.4299, 0.3333
0.4299, 0.3333
0.4344, 0.3333
0.4344, 0.3333
0.4344, 0.3333
0.4344, 0.3358
0.4344, 0.3358
0.4344, 0.3358
0.4344, 0.3358
0.4389, 0.3383
0.4389, 0.3383
0.4389, 0.3383
0.4389, 0.3383
0.4389, 0.3383
0.4389, 0.3383
0.4389, 0.3383
0.4389, 0.3383
0.4389, 0.3383
0.4389, 0.3383
0.4389, 0.3383
0.4389, 0.3383
0.4389, 0.3383
0.4389, 0.3383
0.4434, 0.3383
0.4434, 0.3383
0.4434, 0.3383
0.4434, 0.3407
0.4434, 0.3407
0.4434, 0.3407
0.4480, 0.3432
0.4480, 0.3432
0.4480, 0.3432
0.4480, 0.3432
0.4480, 0.3432
0.4480, 0.3432
0.4480, 0.3432
0.4480, 0.3457
0.4480, 0.3457
0.4480, 0.3457
0.4525, 0.3457
0.4525, 0.3457
0.4525, 0.3457
0.4525, 0.3457
0.4525, 0.3457
0.4525, 0.3457
0.4525, 0.3457
0.4525, 0.3457
0.4525, 0.3457
0.4525, 0.3457
0.4525, 0.3457
0.4570, 0.3457
0.4570, 0.3457
0.4570, 0.3457
0.4570, 0.3481
0.4570, 0.3481
0.4570, 0.3481
0.4615, 0.3481
0.4615, 0.3481
0.4615, 0.3481
0.4615, 0.3481
0.4615, 0.3506
0.4615, 0.3506
0.4615, 0.3506
0.4615, 0.3506
0.4615, 0.3506
0.4615, 0.3506
0.4615, 0.3506
0.4615, 0.3506
0.4615, 0.3506
0.4661, 0.3506
0.4661, 0.3506
0.4661, 0.3506
0.4661, 0.3506
0.4661, 0.3506
0.4661, 0.3506
0.4661, 0.3506
0.4706, 0.3531
0.4706, 0.3531
0.4706, 0.3531
0.4706, 0.3531
0.4706, 0.3531
0.4706, 0.3531
0.4706, 0.3531
0.4706, 0.3556
0.4706, 0.3556
0.4706, 0.3556
0.4706, 0.3556
0.4706, 0.3556
0.4706, 0.3556
0.4706, 0.3556
0.4751, 0.3580
0.4751, 0.3580
0.4751, 0.3580
0.4796, 0.3580
0.4796, 0.3580
0.4796, 0.3580
0.4796, 0.3580
0.4796, 0.3580
0.4796, 0.3580
0.4796, 0.3580
0.4796, 0.3580
0.4796, 0.3580
0.4796, 0.3580
0.4796, 0.3580
0.4842, 0.3605
0.4842, 0.3605
0.4842, 0.3605
0.4842, 0.3605
0.4842, 0.3605
0.4842, 0.3605
0.4842, 0.3605
0.4842, 0.3605
0.4842, 0.3605
0.4842, 0.3605
0.4842, 0.3630
0.4842, 0.3630
0.4842, 0.3630
0.4887, 0.3630
0.4887, 0.3630
0.4887, 0.3630
0.4932, 0.3630
0.4932, 0.3630
0.4932, 0.3630
0.4932, 0.3630
0.4932, 0.3630
0.4932, 0.3630
0.4932, 0.3630
0.4932, 0.3630
0.4932, 0.3630
0.4932, 0.3630
0.4932, 0.3630
0.4932, 0.3654
0.4932, 0.3654
0.4932, 0.3654
0.4977, 0.3654
0.4977, 0.3654
0.4977, 0.3654
0.5023, 0.3654
0.5023, 0.3654
0.5023, 0.3654
0.5023, 0.3679
0.5023, 0.3679
0.5023, 0.3679
0.5023, 0.3679
0.5068, 0.3679
0.5068, 0.3679
0.5068, 0.3679
0.5068, 0.3679
0.5068, 0.3679
0.5068, 0.3679
0.5068, 0.3704
0.5068, 0.3704
0.5068, 0.3704
0.5068, 0.3704
0.5068, 0.3704
0.5068, 0.3704
0.5068, 0.3704
0.5113, 0.3704
0.5113, 0.3704
0.5113, 0.3704
0.5158, 0.3704
0.5158, 0.3704
0.5158, 0.3704
0.5158, 0.3704
0.5158, 0.3704
0.5158, 0.3704
0.5158, 0.3704
0.5158, 0.3704
0.5158, 0.3728
0.5158, 0.3728
0.5158, 0.3728
0.5204, 0.3728
0.5204, 0.3728
0.5204, 0.3728
0.5249, 0.3728
0.5249, 0.3728
0.5249, 0.3728
0.5294, 0.3753
0.5294, 0.3753
0.5294, 0.3753
0.5294, 0.3753
0.5294, 0.3753
0.5294, 0.3753
0.5339, 0.3753
0.5339, 0.3753
0.5339, 0.3753
0.5339, 0.3753
0.5385, 0.3753
0.5385, 0.3753
0.5385, 0.3753
0.5385, 0.3753
0.5385, 0.3753
0.5385, 0.3753
0.5385, 0.3753
0.5385, 0.3753
0.5385, 0.3753
0.5430, 0.3753
0.5430, 0.3753
0.5430, 0.3753
0.5430, 0.3753
0.5430, 0.3753
0.5430, 0.3753
0.5430, 0.3753
0.5475, 0.3778
0.5475, 0.3778
0.5475, 0.3778
0.5520, 0.3778
0.5520, 0.3778
0.5520, 0.3778
0.5520, 0.3778
0.5520, 0.3778
0.5520, 0.3778
0.5520, 0.3778
0.5520, 0.3778
0.5520, 0.3778
0.5520, 0.3778
0.5520, 0.3778
0.5566, 0.3778
0.5566, 0.3778
0.5566, 0.3778
0.5611, 0.3802
0.5611, 0.3802
0.5611, 0.3802
0.5611, 0.3802
0.5611, 0.3802
0.5611, 0.3802
0.5611, 0.3802
0.5656, 0.3802
0.5656, 0.3802
0.5656, 0.3802
0.5701, 0.3802
0.5701, 0.3802
0.5701, 0.3802
0.5747, 0.3802
0.5747, 0.3802
0.5747, 0.3802
0.5747, 0.3802
0.5747, 0.3802
0.5747, 0.3802
0.5747, 0.3802
0.5792, 0.3802
0.5792, 0.3802
0.5792, 0.3802
0.5837, 0.3827
0.5837, 0.3827
0.5837, 0.3827
0.5837, 0.3827
0.5837, 0.3827
0.5837, 0.3827
0.5882, 0.3827
0.5882, 0.3827
0.5882, 0.3827
0.5928, 0.3827
0.5928, 0.3827
0.5928, 0.3827
0.5928, 0.3827
0.5928, 0.3827
0.5928, 0.3827
0.5928, 0.3827
0.5928, 0.3827
0.5928, 0.3827
0.5928, 0.3827
0.5928, 0.3827
0.5973, 0.3827
0.5973, 0.3827
0.5973, 0.3827
0.5973, 0.3827
0.5973, 0.3827
0.5973, 0.3827
0.5973, 0.3827
0.5973, 0.3827
0.5973, 0.3827
0.5973, 0.3827
0.6018, 0.3827
0.6018, 0.3827
0.6018, 0.3827
0.6018, 0.3827
0.6018, 0.3827
0.6018, 0.3827
0.6063, 0.3827
0.6063, 0.3827
0.6063, 0.3827
0.6063, 0.3827
0.6063, 0.3827
0.6063, 0.3827
0.6063, 0.3827
0.6063, 0.3827
0.6063, 0.3827
0.6063, 0.3827
0.6063, 0.3827
0.6063, 0.3827
0.6063, 0.3827
0.6063, 0.3827
0.6109, 0.3827
0.6109, 0.3827
0.6109, 0.3827
0.6109, 0.3827
0.6109, 0.3827
0.6109, 0.3827
0.6109, 0.3827
0.6154, 0.3827
0.6154, 0.3827
0.6154, 0.3827
0.6154, 0.3827
0.6154, 0.3827
0.6154, 0.3827
0.6154, 0.3827
0.6154, 0.3827
0.6154, 0.3827
0.6154, 0.3827
0.6154, 0.3827
0.6154, 0.3827
0.6154, 0.3827
0.6154, 0.3827
0.6154, 0.3827
0.6154, 0.3827
0.6154, 0.3827
0.6199, 0.3827
0.6199, 0.3827
0.6199, 0.3827
0.6199, 0.3827
0.6199, 0.3827
0.6199, 0.3827
0.6244, 0.3827
0.6244, 0.3827
0.6244, 0.3827
0.6244, 0.3827
0.6244, 0.3827
0.6244, 0.3827
0.6244, 0.3827
0.6290, 0.3827
0.6290, 0.3827
0.6290, 0.3827
0.6290, 0.3827
0.6290, 0.3827
0.6290, 0.3827
0.6290, 0.3827
0.6335, 0.3827
0.6335, 0.3827
0.6380, 0.3827
0.6380, 0.3827
0.6380, 0.3827
0.6380, 0.3827
0.6380, 0.3827
0.6380, 0.3827
0.6425, 0.3827
0.6425, 0.3827
0.6425, 0.3827
0.6425, 0.3827
0.6425, 0.3827
0.6425, 0.3827
0.6425, 0.3827
0.6471, 0.3827
0.6471, 0.3827
0.6471, 0.3827
0.6516, 0.3827
0.6516, 0.3827
0.6516, 0.3827
0.6516, 0.3827
0.6516, 0.3827
0.6516, 0.3827
0.6516, 0.3827
0.6516, 0.3827
0.6516, 0.3827
0.6516, 0.3827
0.6516, 0.3827
0.6516, 0.3827
0.6516, 0.3827
0.6516, 0.3827
0.6516, 0.3827
0.6516, 0.3827
0.6516, 0.3827
0.6516, 0.3827
0.6516, 0.3827
0.6516, 0.3827
0.6561, 0.3827
0.6561, 0.3827
0.6561, 0.3827
0.6561, 0.3827
0.6561, 0.3827
0.6561, 0.3827
0.6561, 0.3827
0.6561, 0.3827
0.6561, 0.3827
0.6561, 0.3827
0.6561, 0.3827
0.6606, 0.3827
0.6606, 0.3827
0.6606, 0.3827
0.6606, 0.3827
0.6606, 0.3827
0.6606, 0.3827
0.6606, 0.3827
0.6606, 0.3827
0.6606, 0.3827
0.6606, 0.3827
0.6606, 0.3827
0.6606, 0.3827
0.6606, 0.3827
0.6606, 0.3827
0.6652, 0.3827
0.6652, 0.3827
0.6652, 0.3827
0.6652, 0.3827
0.6697, 0.3827
0.6697, 0.3827
0.6697, 0.3827
0.6697, 0.3827
0.6697, 0.3827
0.6697, 0.3827
0.6742, 0.3827
0.6742, 0.3827
0.6742, 0.3827
0.6742, 0.3827
0.6742, 0.3827
0.6742, 0.3827
0.6742, 0.3827
0.6742, 0.3827
0.6742, 0.3827
0.6742, 0.3827
0.6787, 0.3827
0.6787, 0.3827
0.6787, 0.3827
0.6787, 0.3827
0.6787, 0.3827
0.6787, 0.3827
0.6787, 0.3827
0.6787, 0.3827
0.6787, 0.3827
0.6787, 0.3827
0.6833, 0.3827
0.6833, 0.3827
0.6833, 0.3827
0.6833, 0.3827
0.6833, 0.3827
0.6833, 0.3827
0.6833, 0.3827
0.6833, 0.3827
0.6833, 0.3827
0.6833, 0.3827
0.6833, 0.3827
0.6833, 0.3827
0.6833, 0.3827
0.6878, 0.3827
0.6878, 0.3827
0.6878, 0.3827
0.6878, 0.3827
0.6878, 0.3827
0.6878, 0.3827
0.6878, 0.3827
0.6923, 0.3827
0.6923, 0.3827
0.6923, 0.3827
0.6968, 0.3827
0.6968, 0.3827
0.6968, 0.3827
0.6968, 0.3827
0.6968, 0.3827
0.6968, 0.3827
0.6968, 0.3827
0.6968, 0.3827
0.6968, 0.3827
0.6968, 0.3827
0.6968, 0.3827
0.6968, 0.3827
0.6968, 0.3827
0.7014, 0.3827
0.7014, 0.3827
0.7014, 0.3827
0.7014, 0.3827
0.7014, 0.3827
0.7014, 0.3827
0.7014, 0.3827
0.7059, 0.3827
0.7059, 0.3827
0.7059, 0.3827
0.7059, 0.3827
0.7059, 0.3827
0.7059, 0.3827
0.7059, 0.3827
0.7059, 0.3827
0.7059, 0.3827
0.7149, 0.3827
0.7149, 0.3827
0.7149, 0.3827
0.7195, 0.3827
0.7195, 0.3827
0.7195, 0.3827
0.7195, 0.3827
0.7195, 0.3827
0.7195, 0.3827
0.7195, 0.3827
0.7240, 0.3827
0.7240, 0.3827
0.7240, 0.3827
0.7285, 0.3827
0.7285, 0.3827
0.7285, 0.3827
0.7285, 0.3827
0.7285, 0.3827
0.7285, 0.3827
0.7330, 0.3827
0.7330, 0.3827
0.7330, 0.3827
0.7330, 0.3827
0.7330, 0.3827
0.7330, 0.3827
0.7376, 0.3827
0.7376, 0.3827
0.7376, 0.3827
0.7376, 0.3827
0.7376, 0.3827
0.7376, 0.3827
0.7376, 0.3827
0.7376, 0.3827
0.7376, 0.3827
0.7376, 0.3827
0.7421, 0.3827
0.7421, 0.3827
0.7421, 0.3827
0.7421, 0.3827
0.7421, 0.3827
0.7421, 0.3827
0.7421, 0.3827
0.7421, 0.3827
0.7421, 0.3827
0.7421, 0.3827
0.7421, 0.3827
0.7421, 0.3827
0.7421, 0.3827
0.7421, 0.3827
0.7421, 0.3827
0.7421, 0.3827
0.7421, 0.3827
0.7421, 0.3827
0.7421, 0.3827
0.7421, 0.3827
0.7421, 0.3827
0.7421, 0.3827
0.7421, 0.3827
0.7466, 0.3827
0.7466, 0.3827
0.7466, 0.3827
0.7511, 0.3802
0.7511, 0.3802
0.7511, 0.3802
0.7511, 0.3802
0.7511, 0.3802
0.7511, 0.3802
0.7511, 0.3802
0.7511, 0.3802
0.7511, 0.3802
0.7511, 0.3802
0.7557, 0.3802
0.7557, 0.3802
0.7557, 0.3802
0.7602, 0.3802
0.7602, 0.3802
0.7602, 0.3802
0.7647, 0.3802
0.7647, 0.3802
0.7647, 0.3802
0.7647, 0.3802
0.7647, 0.3802
0.7647, 0.3802
0.7692, 0.3802
0.7692, 0.3802
0.7692, 0.3802
0.7692, 0.3778
0.7692, 0.3778
0.7692, 0.3778
0.7738, 0.3778
0.7738, 0.3778
0.7738, 0.3778
0.7738, 0.3778
0.7738, 0.3778
0.7738, 0.3778
0.7738, 0.3778
0.7738, 0.3778
0.7738, 0.3778
0.7738, 0.3778
0.7738, 0.3778
0.7738, 0.3778
0.7738, 0.3778
0.7738, 0.3778
0.7738, 0.3778
0.7738, 0.3778
0.7738, 0.3778
0.7738, 0.3778
0.7738, 0.3778
0.7738, 0.3778
0.7738, 0.3778
0.7738, 0.3778
0.7738, 0.3778
0.7738, 0.3778
0.7738, 0.3778
0.7738, 0.3778
0.7738, 0.3778
0.7738, 0.3778
0.7738, 0.3778
0.7783, 0.3778
0.7783, 0.3778
0.7783, 0.3778
0.7783, 0.3778
0.7783, 0.3778
0.7783, 0.3778
0.7828, 0.3778
0.7828, 0.3778
0.7828, 0.3778
0.7828, 0.3778
0.7828, 0.3778
0.7828, 0.3778
0.7828, 0.3778
0.7873, 0.3778
0.7873, 0.3778
0.7873, 0.3778
0.7873, 0.3778
0.7873, 0.3778
0.7873, 0.3778
0.7873, 0.3778
0.7873, 0.3778
0.7873, 0.3778
0.7873, 0.3778
0.7873, 0.3778
0.7873, 0.3778
0.7873, 0.3778
0.7873, 0.3778
0.7873, 0.3778
0.7873, 0.3778
0.7919, 0.3778
0.7919, 0.3778
0.7919, 0.3778
0.7919, 0.3753
0.7919, 0.3753
0.7919, 0.3753
0.7919, 0.3753
0.7919, 0.3753
0.7919, 0.3753
0.7919, 0.3753
0.7964, 0.3753
0.7964, 0.3753
0.7964, 0.3753
0.7964, 0.3753
0.7964, 0.3753
0.7964, 0.3753
0.7964, 0.3753
0.7964, 0.3753
0.7964, 0.3753
0.7964, 0.3753
0.7964, 0.3753
0.7964, 0.3753
0.7964, 0.3753
0.7964, 0.3753
0.7964, 0.3753
0.7964, 0.3753
0.7964, 0.3753
0.7964, 0.3753
0.7964, 0.3728
0.7964, 0.3728
0.7964, 0.3728
0.8009, 0.3728
0.8009, 0.3728
0.8009, 0.3728
0.8009, 0.3728
0.8009, 0.3728
0.8009, 0.3728
0.8009, 0.3728
0.8009, 0.3728
0.8009, 0.3728
0.8054, 0.3728
0.8054, 0.3728
0.8054, 0.3728
0.8054, 0.3728
0.8054, 0.3728
0.8054, 0.3728
0.8100, 0.3728
0.8100, 0.3728
0.8100, 0.3728
0.8100, 0.3728
0.8100, 0.3728
0.8100, 0.3728
0.8100, 0.3728
0.8100, 0.3728
0.8100, 0.3728
0.8145, 0.3728
0.8145, 0.3728
0.8145, 0.3728
0.8190, 0.3704
0.8190, 0.3704
0.8190, 0.3704
0.8190, 0.3704
0.8190, 0.3704
0.8190, 0.3704
0.8190, 0.3704
0.8190, 0.3704
0.8190, 0.3704
0.8190, 0.3704
0.8190, 0.3704
0.8190, 0.3704
0.8190, 0.3704
0.8190, 0.3704
0.8190, 0.3704
0.8190, 0.3704
0.8235, 0.3679
0.8235, 0.3679
0.8235, 0.3679
0.8235, 0.3679
0.8235, 0.3679
0.8235, 0.3679
0.8281, 0.3679
0.8281, 0.3679
0.8281, 0.3679
0.8281, 0.3679
0.8281, 0.3679
0.8281, 0.3679
0.8281, 0.3679
0.8281, 0.3679
0.8281, 0.3679
0.8281, 0.3654
0.8281, 0.3654
0.8281, 0.3654
0.8326, 0.3654
0.8326, 0.3654
0.8326, 0.3654
0.8371, 0.3654
0.8371, 0.3654
0.8371, 0.3654
0.8371, 0.3654
0.8371, 0.3654
0.8371, 0.3654
0.8416, 0.3654
0.8416, 0.3654
0.8416, 0.3654
0.8416, 0.3654
0.8416, 0.3654
0.8416, 0.3654
0.8416, 0.3654
0.8416, 0.3654
0.8416, 0.3654
0.8416, 0.3654
0.8416, 0.3654
0.8416, 0.3654
0.8416, 0.3654
0.8416, 0.3654
0.8416, 0.3654
0.8416, 0.3654
0.8416, 0.3654
0.8416, 0.3654
0.8416, 0.3654
0.8416, 0.3654
0.8416, 0.3654
0.8416, 0.3654
0.8462, 0.3630
0.8462, 0.3630
0.8462, 0.3630
0.8462, 0.3630
0.8462, 0.3630
0.8462, 0.3630
0.8462, 0.3630
0.8462, 0.3630
0.8507, 0.3630
0.8507, 0.3630
0.8507, 0.3630
0.8507, 0.3605
0.8507, 0.3605
0.8507, 0.3605
0.8507, 0.3605
0.8507, 0.3605
0.8507, 0.3605
0.8507, 0.3605
0.8507, 0.3605
0.8507, 0.3605
0.8507, 0.3605
0.8507, 0.3605
0.8507, 0.3605
0.8507, 0.3605
0.8552, 0.3605
0.8552, 0.3605
0.8552, 0.3605
0.8552, 0.3605
0.8552, 0.3605
0.8552, 0.3605
0.8552, 0.3605
0.8597, 0.3580
0.8597, 0.3580
0.8597, 0.3580
0.8597, 0.3580
0.8597, 0.3580
0.8597, 0.3580
0.8597, 0.3580
0.8597, 0.3580
0.8597, 0.3580
0.8643, 0.3556
0.8643, 0.3556
0.8643, 0.3556
0.8643, 0.3556
0.8643, 0.3556
0.8643, 0.3556
0.8643, 0.3556
0.8643, 0.3556
0.8643, 0.3556
0.8643, 0.3531
0.8643, 0.3531
0.8643, 0.3531
0.8643, 0.3531
0.8643, 0.3531
0.8643, 0.3531
0.8688, 0.3531
0.8688, 0.3531
0.8688, 0.3531
0.8688, 0.3531
0.8688, 0.3531
0.8688, 0.3531
0.8688, 0.3531
0.8688, 0.3531
0.8688, 0.3531
0.8733, 0.3531
0.8733, 0.3531
0.8733, 0.3531
0.8733, 0.3506
0.8733, 0.3506
0.8733, 0.3506
0.8733, 0.3506
0.8733, 0.3506
0.8733, 0.3506
0.8733, 0.3506
0.8733, 0.3506
0.8733, 0.3506
0.8733, 0.3481
0.8733, 0.3481
0.8733, 0.3481
0.8778, 0.3481
0.8778, 0.3481
0.8778, 0.3481
0.8778, 0.3481
0.8778, 0.3481
0.8778, 0.3481
0.8778, 0.3481
0.8778, 0.3481
0.8778, 0.3481
0.8778, 0.3481
0.8778, 0.3481
0.8778, 0.3481
0.8824, 0.3481
0.8824, 0.3481
0.8824, 0.3481
0.8824, 0.3457
0.8824, 0.3457
0.8824, 0.3457
0.8824, 0.3457
0.8824, 0.3457
0.8824, 0.3457
0.8869, 0.3457
0.8869, 0.3457
0.8869, 0.3457
0.8869, 0.3432
0.8869, 0.3432
0.8869, 0.3432
0.8869, 0.3432
0.8869, 0.3432
0.8869, 0.3432
0.8869, 0.3407
0.8869, 0.3407
0.8869, 0.3407
0.8869, 0.3407
0.8869, 0.3407
0.8869, 0.3407
0.8914, 0.3407
0.8914, 0.3407
0.8914, 0.3407
0.8914, 0.3407
0.8914, 0.3407
0.8914, 0.3407
0.8914, 0.3407
0.8914, 0.3407
0.8914, 0.3407
0.8914, 0.3407
0.8914, 0.3407
0.8914, 0.3407
0.8959, 0.3383
0.8959, 0.3383
0.8959, 0.3383
0.8959, 0.3383
0.8959, 0.3383
0.8959, 0.3383
0.8959, 0.3383
0.8959, 0.3383
0.8959, 0.3383
0.8959, 0.3358
0.8959, 0.3358
0.8959, 0.3358
0.8959, 0.3358
0.8959, 0.3358
0.8959, 0.3358
0.8959, 0.3358
0.8959, 0.3358
0.8959, 0.3358
0.8959, 0.3358
0.8959, 0.3358
0.8959, 0.3358
0.9005, 0.3358
0.9005, 0.3358
0.9005, 0.3358
0.9005, 0.3358
0.9005, 0.3358
0.9005, 0.3358
0.9005, 0.3333
0.9005, 0.3333
0.9005, 0.3333
0.9050, 0.3333
0.9050, 0.3333
0.9050, 0.3333
0.9050, 0.3333
0.9050, 0.3333
0.9050, 0.3333
0.9050, 0.3309
0.9050, 0.3309
0.9050, 0.3309
0.9095, 0.3309
0.9095, 0.3309
0.9095, 0.3309
0.9095, 0.3309
0.9095, 0.3309
0.9095, 0.3309
0.9095, 0.3284
0.9095, 0.3284
0.9095, 0.3284
0.9095, 0.3284
0.9095, 0.3284
0.9095, 0.3284
0.9095, 0.3284
0.9095, 0.3284
0.9095, 0.3284
0.9095, 0.3284
0.9095, 0.3284
0.9095, 0.3284
0.9095, 0.3284
0.9095, 0.3284
0.9095, 0.3284
0.9095, 0.3284
0.9095, 0.3284
0.9095, 0.3284
0.9140, 0.3284
0.9140, 0.3284
0.9140, 0.3284
0.9140, 0.3284
0.9140, 0.3284
0.9140, 0.3284
0.9140, 0.3259
0.9140, 0.3259
0.9140, 0.3259
0.9140, 0.3259
0.9140, 0.3259
0.9140, 0.3259
0.9140, 0.3259
0.9140, 0.3259
0.9140, 0.3259
0.9186, 0.3259
0.9186, 0.3259
0.9186, 0.3259
0.9186, 0.3235
0.9186, 0.3235
0.9186, 0.3235
0.9186, 0.3235
0.9186, 0.3235
0.9186, 0.3235
0.9186, 0.3235
0.9186, 0.3235
0.9186, 0.3235
0.9186, 0.3235
0.9186, 0.3235
0.9186, 0.3235
0.9186, 0.3235
0.9186, 0.3235
0.9186, 0.3235
0.9231, 0.3210
0.9231, 0.3210
0.9231, 0.3210
0.9231, 0.3210
0.9231, 0.3210
0.9231, 0.3210
0.9231, 0.3210
0.9231, 0.3210
0.9231, 0.3210
0.9276, 0.3185
0.9276, 0.3185
0.9276, 0.3185
0.9276, 0.3185
0.9276, 0.3185
0.9276, 0.3185
0.9276, 0.3185
0.9276, 0.3185
0.9276, 0.3185
0.9276, 0.3185
0.9276, 0.3185
0.9276, 0.3185
0.9276, 0.3185
0.9321, 0.3185
0.9321, 0.3185
0.9321, 0.3185
0.9321, 0.3185
0.9321, 0.3185
0.9321, 0.3185
0.9321, 0.3160
0.9321, 0.3160
0.9321, 0.3160
0.9321, 0.3160
0.9321, 0.3160
0.9321, 0.3160
0.9321, 0.3136
0.9321, 0.3136
0.9321, 0.3136
0.9321, 0.3136
0.9321, 0.3136
0.9321, 0.3136
0.9321, 0.3136
0.9321, 0.3136
0.9321, 0.3136
0.9367, 0.3111
0.9367, 0.3111
0.9367, 0.3111
0.9367, 0.3111
0.9367, 0.3111
0.9367, 0.3111
0.9367, 0.3111
0.9367, 0.3111
0.9412, 0.3111
0.9412, 0.3111
0.9412, 0.3086
0.9412, 0.3086
0.9412, 0.3086
0.9412, 0.3086
0.9412, 0.3086
0.9412, 0.3086
0.9412, 0.3086
0.9412, 0.3086
0.9412, 0.3086
0.9412, 0.3086
0.9412, 0.3086
0.9412, 0.3086
0.9412, 0.3062
0.9412, 0.3062
0.9412, 0.3062
0.9412, 0.3062
0.9412, 0.3062
0.9412, 0.3062
0.9412, 0.3062
0.9412, 0.3062
0.9412, 0.3062
0.9412, 0.3062
0.9412, 0.3062
0.9412, 0.3062
0.9457, 0.3037
0.9457, 0.3037
0.9457, 0.3037
0.9457, 0.3037
0.9457, 0.3037
0.9457, 0.3037
0.9457, 0.3012
0.9457, 0.3012
0.9457, 0.2988
0.9457, 0.2988
0.9457, 0.2988
0.9502, 0.2988
0.9502, 0.2988
0.9502, 0.2988
0.9502, 0.2988
0.9502, 0.2988
0.9502, 0.2988
0.9502, 0.2988
0.9502, 0.2988
0.9502, 0.2988
0.9502, 0.2963
0.9502, 0.2963
0.9502, 0.2963
0.9548, 0.2963
0.9548, 0.2963
0.9548, 0.2938
0.9548, 0.2938
0.9548, 0.2938
0.9548, 0.2938
0.9548, 0.2938
0.9548, 0.2938
0.9548, 0.2938
0.9548, 0.2938
0.9548, 0.2938
0.9548, 0.2938
0.9548, 0.2938
0.9548, 0.2938
0.9548, 0.2938
0.9548, 0.2914
0.9548, 0.2914
0.9548, 0.2914
0.9548, 0.2914
0.9548, 0.2914
0.9548, 0.2914
0.9548, 0.2889
0.9548, 0.2889
0.9548, 0.2889
0.9548, 0.2889
0.9548, 0.2889
0.9548, 0.2864
0.9548, 0.2864
0.9548, 0.2864
0.9548, 0.2864
0.9548, 0.2864
0.9548, 0.2864
0.9548, 0.2864
0.9548, 0.2864
0.9548, 0.2864
0.9593, 0.2840
0.9593, 0.2840
0.9593, 0.2840
0.9593, 0.2840
0.9593, 0.2840
0.9593, 0.2815
0.9593, 0.2815
0.9593, 0.2815
0.9593, 0.2815
0.9593, 0.2815
0.9593, 0.2815
0.9593, 0.2815
0.9593, 0.2815
0.9593, 0.2815
0.9593, 0.2815
0.9593, 0.2790
0.9638, 0.2790
0.9638, 0.2790
0.9638, 0.2765
0.9638, 0.2741
0.9638, 0.2741
0.9638, 0.2741
0.9638, 0.2741
0.9638, 0.2741
0.9638, 0.2741
0.9638, 0.2741
0.9638, 0.2741
0.9638, 0.2716
0.9638, 0.2716
0.9638, 0.2716
0.9638, 0.2716
0.9638, 0.2716
0.9638, 0.2691
0.9638, 0.2691
0.9638, 0.2691
0.9638, 0.2691
0.9638, 0.2691
0.9638, 0.2691
0.9638, 0.2691
0.9638, 0.2691
0.9638, 0.2691
0.9638, 0.2691
0.9638, 0.2691
0.9638, 0.2691
0.9638, 0.2667
0.9638, 0.2667
0.9638, 0.2667
0.9638, 0.2667
0.9638, 0.2667
0.9638, 0.2667
0.9638, 0.2667
0.9638, 0.2667
0.9638, 0.2667
0.9638, 0.2642
0.9638, 0.2642
0.9683, 0.2642
0.9683, 0.2642
0.9683, 0.2642
0.9683, 0.2617
0.9683, 0.2617
0.9683, 0.2617
0.9683, 0.2617
0.9683, 0.2617
0.9683, 0.2617
0.9683, 0.2617
0.9683, 0.2617
0.9683, 0.2617
0.9683, 0.2617
0.9683, 0.2617
0.9683, 0.2617
0.9683, 0.2593
0.9683, 0.2593
0.9729, 0.2568
0.9729, 0.2568
0.9729, 0.2568
0.9729, 0.2568
0.9729, 0.2568
0.9729, 0.2568
0.9729, 0.2568
0.9729, 0.2568
0.9729, 0.2568
0.9729, 0.2568
0.9729, 0.2568
0.9729, 0.2543
0.9729, 0.2543
0.9729, 0.2543
0.9729, 0.2543
0.9729, 0.2543
0.9729, 0.2543
0.9729, 0.2519
0.9729, 0.2519
0.9729, 0.2519
0.9729, 0.2519
0.9729, 0.2519
0.9729, 0.2519
0.9729, 0.2494
0.9729, 0.2494
0.9729, 0.2494
0.9729, 0.2494
0.9729, 0.2494
0.9729, 0.2494
0.9729, 0.2494
0.9729, 0.2494
0.9729, 0.2494
0.9729, 0.2494
0.9729, 0.2494
0.9729, 0.2469
0.9729, 0.2469
0.9729, 0.2469
0.9729, 0.2469
0.9729, 0.2469
0.9774, 0.2444
0.9774, 0.2444
0.9774, 0.2444
0.9774, 0.2444
0.9774, 0.2444
0.9774, 0.2444
0.9774, 0.2420
0.9774, 0.2420
0.9774, 0.2420
0.9774, 0.2420
0.9774, 0.2420
0.9774, 0.2420
0.9774, 0.2395
0.9774, 0.2395
0.9774, 0.2370
0.9774, 0.2370
0.9774, 0.2370
0.9774, 0.2370
0.9774, 0.2370
0.9774, 0.2370
0.9819, 0.2370
0.9819, 0.2370
0.9819, 0.2370
0.9819, 0.2370
0.9819, 0.2370
0.9819, 0.2370
0.9819, 0.2346
0.9819, 0.2346
0.9819, 0.2346
0.9819, 0.2346
0.9819, 0.2346
0.9819, 0.2321
0.9819, 0.2321
0.9819, 0.2321
0.9819, 0.2321
0.9819, 0.2321
0.9819, 0.2321
0.9819, 0.2321
0.9819, 0.2321
0.9819, 0.2321
0.9819, 0.2296
0.9819, 0.2296
0.9819, 0.2272
0.9819, 0.2272
0.9819, 0.2272
0.9864, 0.2272
0.9864, 0.2272
0.9864, 0.2272
0.9864, 0.2272
0.9864, 0.2272
0.9864, 0.2247
0.9864, 0.2247
0.9864, 0.2247
0.9864, 0.2247
0.9864, 0.2247
0.9864, 0.2247
0.9864, 0.2222
0.9864, 0.2222
0.9864, 0.2198
0.9864, 0.2198
0.9864, 0.2198
0.9864, 0.2198
0.9864, 0.2198
0.9864, 0.2198
0.9864, 0.2198
0.9864, 0.2198
0.9864, 0.2198
0.9864, 0.2198
0.9864, 0.2198
0.9864, 0.2198
0.9864, 0.2173
0.9864, 0.2173
0.9864, 0.2148
0.9864, 0.2148
0.9864, 0.2148
0.9864, 0.2148
0.9864, 0.2148
0.9864, 0.2148
0.9864, 0.2148
0.9864, 0.2148
0.9864, 0.2148
0.9864, 0.2148
0.9864, 0.2148
0.9864, 0.2148
0.9864, 0.2123
0.9864, 0.2123
0.9910, 0.2123
0.9910, 0.2123
0.9910, 0.2099
0.9910, 0.2099
0.9910, 0.2099
0.9910, 0.2099
0.9910, 0.2099
0.9910, 0.2099
0.9910, 0.2099
0.9910, 0.2099
0.9910, 0.2099
0.9910, 0.2074
0.9910, 0.2074
0.9910, 0.2074
0.9910, 0.2074
0.9910, 0.2074
0.9910, 0.2074
0.9910, 0.2074
0.9910, 0.2074
0.9910, 0.2074
0.9910, 0.2074
0.9910, 0.2074
0.9910, 0.2049
0.9910, 0.2049
0.9910, 0.2049
0.9910, 0.2049
0.9910, 0.2049
0.9910, 0.2049
0.9910, 0.2025
0.9910, 0.2025
0.9910, 0.2025
0.9910, 0.2025
0.9910, 0.2025
0.9910, 0.2025
0.9955, 0.2025
0.9955, 0.2025
0.9955, 0.2000
0.9955, 0.2000
0.9955, 0.2000
0.9955, 0.2000
0.9955, 0.2000
0.9955, 0.2000
0.9955, 0.1975
0.9955, 0.1975
0.9955, 0.1975
0.9955, 0.1975
0.9955, 0.1975
0.9955, 0.1975
0.9955, 0.1951
0.9955, 0.1951
0.9955, 0.1951
0.9955, 0.1951
0.9955, 0.1951
0.9955, 0.1951
0.9955, 0.1951
0.9955, 0.1951
0.9955, 0.1951
0.9955, 0.1951
0.9955, 0.1951
0.9955, 0.1926
0.9955, 0.1926
0.9955, 0.1901
0.9955, 0.1901
0.9955, 0.1901
0.9955, 0.1901
0.9955, 0.1901
0.9955, 0.1901
0.9955, 0.1901
0.9955, 0.1901
0.9955, 0.1901
0.9955, 0.1877
0.9955, 0.1877
0.9955, 0.1877
0.9955, 0.1852
0.9955, 0.1852
0.9955, 0.1827
0.9955, 0.1827
0.9955, 0.1827
0.9955, 0.1827
0.9955, 0.1827
1.0000, 0.1827
1.0000, 0.1827
1.0000, 0.1827
1.0000, 0.1802
1.0000, 0.1802
1.0000, 0.1778
1.0000, 0.1778
1.0000, 0.1778
1.0000, 0.1778
1.0000, 0.1778
1.0000, 0.1778
1.0000, 0.1753
1.0000, 0.1753
1.0000, 0.1753
1.0000, 0.1753
1.0000, 0.1753
1.0000, 0.1728
1.0000, 0.1728
1.0000, 0.1728
1.0000, 0.1704
1.0000, 0.1704
1.0000, 0.1704
1.0000, 0.1704
1.0000, 0.1704
1.0000, 0.1704
1.0000, 0.1704
1.0000, 0.1704
1.0000, 0.1679
1.0000, 0.1679
1.0000, 0.1679
1.0000, 0.1654
1.0000, 0.1654
1.0000, 0.1654
1.0000, 0.1654
1.0000, 0.1654
1.0000, 0.1630
1.0000, 0.1630
1.0000, 0.1605
1.0000, 0.1605
1.0000, 0.1605
1.0000, 0.1580
1.0000, 0.1580
1.0000, 0.1580
1.0000, 0.1580
1.0000, 0.1580
1.0000, 0.1556
1.0000, 0.1556
1.0000, 0.1556
1.0000, 0.1556
1.0000, 0.1556
1.0000, 0.1556
1.0000, 0.1531
1.0000, 0.1531
1.0000, 0.1531
1.0000, 0.1531
1.0000, 0.1531
1.0000, 0.1531
1.0000, 0.1531
1.0000, 0.1506
1.0000, 0.1506
1.0000, 0.1506
1.0000, 0.1481
1.0000, 0.1481
1.0000, 0.1481
1.0000, 0.1481
1.0000, 0.1481
1.0000, 0.1481
1.0000, 0.1481
1.0000, 0.1481
1.0000, 0.1457
1.0000, 0.1457
1.0000, 0.1432
1.0000, 0.1432
1.0000, 0.1432
1.0000, 0.1407
1.0000, 0.1407
1.0000, 0.1407
1.0000, 0.1383
1.0000, 0.1383
1.0000, 0.1358
1.0000, 0.1358
1.0000, 0.1358
1.0000, 0.1358
1.0000, 0.1358
1.0000, 0.1333
1.0000, 0.1333
1.0000, 0.1333
1.0000, 0.1333
1.0000, 0.1333
1.0000, 0.1333
1.0000, 0.1309
1.0000, 0.1309
1.0000, 0.1284
1.0000, 0.1284
1.0000, 0.1284
1.0000, 0.1284
1.0000, 0.1284
1.0000, 0.1284
1.0000, 0.1259
1.0000, 0.1259
1.0000, 0.1235
1.0000, 0.1235
1.0000, 0.1235
1.0000, 0.1235
1.0000, 0.1235
1.0000, 0.1235
1.0000, 0.1210
1.0000, 0.1210
1.0000, 0.1210
1.0000, 0.1210
1.0000, 0.1210
1.0000, 0.1160
1.0000, 0.1160
1.0000, 0.1160
1.0000, 0.1160
1.0000, 0.1160
1.0000, 0.1136
1.0000, 0.1136
1.0000, 0.1136
1.0000, 0.1136
1.0000, 0.1136
1.0000, 0.1111
1.0000, 0.1111
0.9955, 0.1086
0.9955, 0.1086
0.9955, 0.1086
0.9955, 0.1086
0.9955, 0.1086
0.9955, 0.1086
0.9955, 0.1086
0.9955, 0.1086
0.9955, 0.1086
0.9955, 0.1062
0.9955, 0.1062
0.9955, 0.1037
0.9955, 0.1037
0.9955, 0.1037
0.9955, 0.1037
0.9955, 0.1037
0.9955, 0.1037
0.9955, 0.1037
0.9955, 0.1012
0.9955, 0.1012
0.9955, 0.0988
0.9955, 0.0988
0.9910, 0.0988
0.9910, 0.0988
0.9910, 0.0963
0.9910, 0.0963
0.9910, 0.0963
0.9910, 0.0963
0.9910, 0.0963
0.9910, 0.0963
0.9910, 0.0963
0.9910, 0.0938
0.9910, 0.0938
0.9910, 0.0914
0.9910, 0.0914
0.9910, 0.0914
0.9910, 0.0914
0.9910, 0.0914
0.9910, 0.0914
0.9910, 0.0914
0.9910, 0.0889
0.9910, 0.0889
0.9910, 0.0889
0.9910, 0.0889
0.9910, 0.0864
0.9910, 0.0864
0.9910, 0.0840
0.9910, 0.0840
0.9910, 0.0840
0.9910, 0.0840
0.9910, 0.0840
0.9910, 0.0840
0.9910, 0.0840
0.9910, 0.0815
0.9910, 0.0815
0.9864, 0.0790
0.9864, 0.0790
0.9864, 0.0790
0.9864, 0.0790
0.9864, 0.0765
0.9864, 0.0765
0.9864, 0.0741
0.9864, 0.0741
0.9864, 0.0741
0.9819, 0.0716
0.9819, 0.0716
0.9819, 0.0716
0.9819, 0.0716
0.9819, 0.0691
0.9819, 0.0691
0.9819, 0.0691
0.9819, 0.0691
0.9819, 0.0667
0.9819, 0.0667
0.9774, 0.0667
0.9774, 0.0667
0.9774, 0.0617
0.9774, 0.0617
0.9774, 0.0593
0.9774, 0.0593
0.9774, 0.0593
0.9774, 0.0593
0.9774, 0.0593
0.9774, 0.0568
0.9774, 0.0568
0.9729, 0.0519
0.9729, 0.0519
0.9729, 0.0519
0.9729, 0.0519
0.9729, 0.0494
0.9729, 0.0494
0.9683, 0.0469
0.9683, 0.0469
0.9683, 0.0469
0.9683, 0.0469
0.9683, 0.0469
0.9638, 0.0444
0.9638, 0.0444
0.9638, 0.0444
0.9638, 0.0444
0.9638, 0.0420
0.9638, 0.0420
0.9638, 0.0420
0.9638, 0.0420
0.9638, 0.0420
0.9638, 0.0420
0.9638, 0.0420
0.9638, 0.0420
0.9638, 0.0420
0.9638, 0.0420
0.9638, 0.0420
0.9638, 0.0395
0.9638, 0.0395
0.9638, 0.0395
0.9638, 0.0395
0.9638, 0.0395
0.9638, 0.0395
0.9638, 0.0395
0.9638, 0.0395
0.9638, 0.0395
0.9638, 0.0395
0.9638, 0.0395
0.9638, 0.0395
0.9638, 0.0395
0.9638, 0.0395
0.9638, 0.0395
0.9638, 0.0395
0.9638, 0.0395
0.9638, 0.0395
0.9638, 0.0395
0.9638, 0.0395
0.9638, 0.0395
0.9638, 0.0395
0.9638, 0.0395
0.9638, 0.0395
0.9638, 0.0395
0.9638, 0.0395
0.9638, 0.0395
0.9638, 0.0395
0.9638, 0.0395
0.9638, 0.0395
0.9638, 0.0395
0.9638, 0.0395
0.9638, 0.0395
0.9638, 0.0395
0.9638, 0.0395
0.9638, 0.0395
0.9638, 0.0395
0.9638, 0.0395
0.9638, 0.0395
0.9638, 0.0395
0.9638, 0.0395
0.9638, 0.0395
0.9638, 0.0395
0.6380, 0.3778
0.6380, 0.3778
0.6380, 0.3778
0.6380, 0.3778
0.6380, 0.3778
0.6380, 0.3778
0.6380, 0.3778
0.6380, 0.3778
0.6380, 0.3778
0.6380, 0.3778
0.6380, 0.3778
0.6380, 0.3778
0.6380, 0.3778
0.6380, 0.3778
0.6380, 0.3778
0.6380, 0.3778
0.6380, 0.3778
0.6380, 0.3778
0.6380, 0.3778
0.6380, 0.3778
0.6380, 0.3778
0.6380, 0.3778
0.6380, 0.3778
0.6380, 0.3778
0.6380, 0.3778
0.6380, 0.3778
0.6380, 0.3778
0.6380, 0.3778
0.6380, 0.3778
0.6380, 0.3778
0.6380, 0.3778
0.6380, 0.3778
0.6380, 0.3778
0.6380, 0.3778
0.6380, 0.3778
0.6380, 0.3778
0.6380, 0.3778
0.6380, 0.3778
0.6380, 0.3778
0.6380, 0.3778
0.6380, 0.3778
0.6380, 0.3778
0.6380, 0.3778
0.6380, 0.3778
0.6380, 0.3778
0.6380, 0.3778
0.6380, 0.3778
0.6380, 0.3778
0.6380, 0.3778
0.6380, 0.3778
0.6380, 0.3778
0.6380, 0.3778
0.6380, 0.3778
0.6380, 0.3778
0.6380, 0.3778
0.6380, 0.3778
0.6380, 0.3778
0.6380, 0.3778
0.6380, 0.3778
0.6380, 0.3778
0.6380, 0.3778
0.6380, 0.3778
0.6380, 0.3778
0.6380, 0.3753
0.6380, 0.3753
0.6380, 0.3753
0.6380, 0.3753
0.6380, 0.3753
0.6380, 0.3753
0.6380, 0.3753
0.6380, 0.3753
0.6380, 0.3753
0.6380, 0.3753
0.6380, 0.3753
0.6380, 0.3753
0.6380, 0.3753
0.6380, 0.3753
0.6380, 0.3753
0.6380, 0.3753
0.6380, 0.3728
0.6380, 0.3728
0.6380, 0.3728
0.6380, 0.3728
0.6380, 0.3728
0.6380, 0.3728
0.6380, 0.3728
0.6380, 0.3704
0.6380, 0.3704
0.6380, 0.3704
0.6380, 0.3704
0.6380, 0.3704
0.6380, 0.3679
0.6380, 0.3679
0.6380, 0.3679
0.6380, 0.3679
0.6380, 0.3679
0.6380, 0.3679
0.6380, 0.3679
0.6380, 0.3679
0.6380, 0.3679
0.6380, 0.3679
0.6380, 0.3679
0.6380, 0.3679
0.6380, 0.3679
0.6380, 0.3654
0.6380, 0.3654
0.6380, 0.3654
0.6380, 0.3654
0.6380, 0.3654
0.6380, 0.3654
0.6380, 0.3630
0.6380, 0.3630
0.6380, 0.3630
0.6380, 0.3630
0.6380, 0.3630
0.6380, 0.3630
0.6380, 0.3630
0.6380, 0.3630
0.6380, 0.3630
0.6380, 0.3630
0.6380, 0.3630
0.6380, 0.3630
0.6380, 0.3630
0.6380, 0.3630
0.6380, 0.3630
0.6380, 0.3630
0.6380, 0.3605
0.6380, 0.3605
0.6380, 0.3605
0.6380, 0.3605
0.6380, 0.3605
0.6380, 0.3605
0.6380, 0.3605
0.6380, 0.3605
0.6380, 0.3605
0.6380, 0.3580
0.6380, 0.3580
0.6380, 0.3580
0.6380, 0.3580
0.6380, 0.3580
0.6380, 0.3580
0.6380, 0.3580
0.6380, 0.3580
0.6380, 0.3580
0.6380, 0.3580
0.6380, 0.3556
0.6380, 0.3556
0.6380, 0.3556
0.6380, 0.3556
0.6380, 0.3556
0.6380, 0.3556
0.6380, 0.3556
0.6380, 0.3556
0.6380, 0.3556
0.6380, 0.3556
0.6380, 0.3556
0.6380, 0.3556
0.6380, 0.3556
0.6380, 0.3531
0.6380, 0.3531
0.6380, 0.3531
0.6380, 0.3506
0.6380, 0.3506
0.6380, 0.3506
0.6380, 0.3506
0.6380, 0.3506
0.6380, 0.3506
0.6380, 0.3506
0.6380, 0.3506
0.6380, 0.3506
0.6380, 0.3506
0.6380, 0.3506
0.6380, 0.3506
0.6380, 0.3506
0.6380, 0.3506
0.6380, 0.3506
0.6380, 0.3506
0.6380, 0.3506
0.6380, 0.3506
0.6380, 0.3481
0.6380, 0.3481
0.6380, 0.3481
0.6380, 0.3481
0.6380, 0.3481
0.6380, 0.3481
0.6380, 0.3457
0.6380, 0.3457
0.6380, 0.3457
0.6380, 0.3457
0.6380, 0.3457
0.6380, 0.3457
0.6380, 0.3457
0.6380, 0.3432
0.6380, 0.3432
0.6380, 0.3432
0.6380, 0.3432
0.6380, 0.3432
0.6380, 0.3432
0.6380, 0.3432
0.6380, 0.3432
0.6380, 0.3432
0.6380, 0.3432
0.6380, 0.3432
0.6380, 0.3432
0.6380, 0.3432
0.6380, 0.3407
0.6380, 0.3407
0.6380, 0.3407
0.6380, 0.3407
0.6380, 0.3407
0.6380, 0.3407
0.6380, 0.3383
0.6380, 0.3383
0.6380, 0.3383
0.6380, 0.3383
0.6380, 0.3383
0.6380, 0.3383
0.6380, 0.3383
0.6380, 0.3383
0.6380, 0.3383
0.6380, 0.3383
0.6380, 0.3383
0.6380, 0.3383
0.6380, 0.3383
0.6380, 0.3383
0.6380, 0.3383
0.6380, 0.3383
0.6380, 0.3383
0.6380, 0.3383
0.6380, 0.3383
0.6380, 0.3383
0.6380, 0.3383
0.6380, 0.3383
0.6380, 0.3383
0.6380, 0.3383
0.6380, 0.3383
0.6380, 0.3383
0.6380, 0.3358
0.6380, 0.3358
0.6380, 0.3358
0.6380, 0.3358
0.6380, 0.3358
0.6380, 0.3358
0.6380, 0.3358
0.6380, 0.3358
0.6380, 0.3358
0.6380, 0.3333
0.6380, 0.3333
0.6380, 0.3333
0.6380, 0.3333
0.6380, 0.3333
0.6380, 0.3333
0.6380, 0.3333
0.6380, 0.3333
0.6380, 0.3333
0.6380, 0.3309
0.6380, 0.3309
0.6380, 0.3309
0.6380, 0.3309
0.6380, 0.3309
0.6380, 0.3309
0.6380, 0.3309
0.6380, 0.3309
0.6380, 0.3309
0.6380, 0.3309
0.6380, 0.3309
0.6380, 0.3309
0.6380, 0.3309
0.6425, 0.3309
0.6425, 0.3309
0.6425, 0.3309
0.6425, 0.3309
0.6425, 0.3309
0.6425, 0.3309
0.6425, 0.3309
0.6425, 0.3309
0.6425, 0.3309
0.6425, 0.3309
0.6425, 0.3309
0.6425, 0.3309
0.6425, 0.3309
0.6425, 0.3309
0.6425, 0.3309
0.6425, 0.3309
0.6425, 0.3284
0.6425, 0.3284
0.6425, 0.3284
0.6425, 0.3284
0.6425, 0.3284
0.6425, 0.3284
0.6425, 0.3284
0.6425, 0.3284
0.6425, 0.3284
0.6425, 0.3284
0.6425, 0.3259
0.6425, 0.3259
0.6425, 0.3259
0.6425, 0.3259
0.6425, 0.3259
0.6425, 0.3259
0.6471, 0.3259
0.6471, 0.3259
0.6471, 0.3259
0.6471, 0.3259
0.6471, 0.3259
0.6471, 0.3259
0.6471, 0.3259
0.6471, 0.3259
0.6471, 0.3259
0.6471, 0.3259
0.6471, 0.3259
0.6471, 0.3259
0.6516, 0.3259
0.6516, 0.3259
0.6516, 0.3259
0.6516, 0.3259
0.6516, 0.3259
0.6516, 0.3259
0.6516, 0.3259
0.6516, 0.3235
0.6516, 0.3235
0.6516, 0.3235
0.6516, 0.3235
0.6516, 0.3235
0.6516, 0.3235
0.6561, 0.3235
0.6561, 0.3235
0.6561, 0.3235
0.6561, 0.3235
0.6561, 0.3235
0.6561, 0.3235
0.6561, 0.3210
0.6561, 0.3210
0.6561, 0.3210
0.6561, 0.3210
0.6561, 0.3210
0.6561, 0.3210
0.6561, 0.3210
0.6561, 0.3210
0.6561, 0.3210
0.6561, 0.3210
0.6561, 0.3210
0.6561, 0.3210
0.6561, 0.3210
0.6561, 0.3210
0.6561, 0.3210
0.6561, 0.3210
0.6561, 0.3185
0.6561, 0.3185
0.6606, 0.3185
0.6606, 0.3185
0.6606, 0.3185
0.6606, 0.3185
0.6606, 0.3185
0.6606, 0.3185
0.6606, 0.3185
0.6606, 0.3185
0.6606, 0.3185
0.6652, 0.3185
0.6652, 0.3185
0.6652, 0.3185
0.6652, 0.3185
0.6652, 0.3185
0.6652, 0.3185
0.6652, 0.3185
0.6652, 0.3185
0.6652, 0.3185
0.6652, 0.3160
0.6652, 0.3160
0.6652, 0.3160
0.6652, 0.3160
0.6652, 0.3160
0.6652, 0.3160
0.6652, 0.3160
0.6697, 0.3160
0.6697, 0.3160
0.6697, 0.3160
0.6697, 0.3160
0.6697, 0.3160
0.6697, 0.3160
0.6697, 0.3160
0.6697, 0.3160
0.6697, 0.3160
0.6697, 0.3136
0.6697, 0.3136
0.6697, 0.3136
0.6742, 0.3136
0.6742, 0.3136
0.6742, 0.3136
0.6742, 0.3136
0.6742, 0.3136
0.6742, 0.3136
0.6787, 0.3136
0.6787, 0.3136
0.6787, 0.3136
0.6787, 0.3136
0.6787, 0.3136
0.6787, 0.3136
0.6787, 0.3136
0.6787, 0.3136
0.6787, 0.3136
0.6787, 0.3136
0.6787, 0.3136
0.6787, 0.3136
0.6787, 0.3136
0.6787, 0.3136
0.6787, 0.3136
0.6833, 0.3111
0.6833, 0.3111
0.6833, 0.3111
0.6833, 0.3111
0.6833, 0.3111
0.6833, 0.3111
0.6878, 0.3111
0.6878, 0.3111
0.6878, 0.3111
0.6878, 0.3086
0.6878, 0.3086
0.6878, 0.3086
0.6878, 0.3086
0.6878, 0.3086
0.6878, 0.3086
0.6878, 0.3086
0.6878, 0.3086
0.6878, 0.3086
0.6923, 0.3062
0.6923, 0.3062
0.6923, 0.3062
0.6968, 0.3062
0.6968, 0.3062
0.6968, 0.3062
0.6968, 0.3062
0.6968, 0.3062
0.6968, 0.3062
0.7014, 0.3062
0.7014, 0.3062
0.7014, 0.3062
0.7014, 0.3062
0.7014, 0.3062
0.7014, 0.3062
0.7014, 0.3037
0.7014, 0.3037
0.7014, 0.3037
0.7014, 0.3037
0.7014, 0.3037
0.7014, 0.3037
0.7014, 0.3037
0.7014, 0.3037
0.7014, 0.3037
0.7059, 0.3037
0.7059, 0.3037
0.7059, 0.3037
0.7059, 0.3012
0.7059, 0.3012
0.7059, 0.3012
0.7059, 0.3012
0.7059, 0.3012
0.7104, 0.3012
0.7104, 0.3012
0.7104, 0.3012
0.7104, 0.3012
0.7104, 0.3012
0.7104, 0.3012
0.7104, 0.3012
0.7104, 0.3012
0.7104, 0.3012
0.7104, 0.3012
0.7104, 0.3012
0.7104, 0.3012
0.7104, 0.3012
0.7104, 0.3012
0.7104, 0.3012
0.7104, 0.3012
0.7104, 0.3012
0.7104, 0.3012
0.7104, 0.3012
0.7104, 0.2988
0.7104, 0.2988
0.7104, 0.2988
0.7104, 0.2988
0.7104, 0.2988
0.7104, 0.2988
0.7104, 0.2988
0.7104, 0.2988
0.7104, 0.2988
0.7104, 0.2988
0.7104, 0.2988
0.7104, 0.2988
0.7149, 0.2988
0.7149, 0.2988
0.7149, 0.2988
0.7149, 0.2988
0.7149, 0.2988
0.7149, 0.2988
0.7149, 0.2988
0.7149, 0.2988
0.7149, 0.2988
0.7149, 0.2963
0.7149, 0.2963
0.7149, 0.2963
0.7149, 0.2963
0.7149, 0.2963
0.7149, 0.2963
0.7149, 0.2963
0.7149, 0.2963
0.7149, 0.2963
0.7149, 0.2963
0.7149, 0.2963
0.7149, 0.2963
0.7149, 0.2963
0.7149, 0.2963
0.7149, 0.2963
0.7149, 0.2963
0.7149, 0.2963
0.7149, 0.2963
0.7149, 0.2963
0.7149, 0.2963
0.7149, 0.2963
0.7149, 0.2963
0.7149, 0.2963
0.7149, 0.2963
0.7149, 0.2963
0.7149, 0.2963
0.7149, 0.2963
0.7149, 0.2963
0.7149, 0.2963
0.7149, 0.2963
0.7149, 0.2938
0.7149, 0.2938
0.7149, 0.2938
0.7149, 0.2938
0.7149, 0.2938
0.7149, 0.2938
0.7149, 0.2938
0.7149, 0.2938
0.7149, 0.2938
0.7149, 0.2914
0.7149, 0.2914
0.7149, 0.2914
0.7149, 0.2914
0.7149, 0.2914
0.7149, 0.2914
0.7149, 0.2914
0.7149, 0.2914
0.7149, 0.2914
0.7149, 0.2914
0.7149, 0.2914
0.7149, 0.2914
0.7149, 0.2889
0.7149, 0.2889
0.7149, 0.2889
0.7149, 0.2889
0.7149, 0.2889
0.7149, 0.2889
0.7149, 0.2889
0.7149, 0.2889
0.7149, 0.2889
0.7149, 0.2864
0.7149, 0.2864
0.7149, 0.2864
0.7149, 0.2864
0.7149, 0.2864
0.7149, 0.2864
0.7149, 0.2864
0.7149, 0.2864
0.7149, 0.2864
0.7149, 0.2840
0.7149, 0.2840
0.7149, 0.2840
0.7149, 0.2840
0.7149, 0.2840
0.7149, 0.2840
0.7149, 0.2840
0.7149, 0.2840
0.7149, 0.2840
0.7149, 0.2840
0.7149, 0.2840
0.7149, 0.2840
0.7149, 0.2840
0.7149, 0.2840
0.7149, 0.2840
0.7149, 0.2815
0.7149, 0.2815
0.7149, 0.2815
0.7149, 0.2815
0.7149, 0.2815
0.7149, 0.2815
0.7149, 0.2815
0.7149, 0.2815
0.7149, 0.2815
0.7149, 0.2790
0.7149, 0.2790
0.7149, 0.2790
0.7149, 0.2790
0.7149, 0.2790
0.7149, 0.2790
0.7149, 0.2765
0.7149, 0.2765
0.7149, 0.2765
0.7149, 0.2765
0.7149, 0.2765
0.7149, 0.2765
0.7149, 0.2765
0.7149, 0.2765
0.7149, 0.2765
0.7149, 0.2765
0.7149, 0.2765
0.7149, 0.2765
0.7149, 0.2741
0.7149, 0.2741
0.7104, 0.2741
0.7104, 0.2741
0.7104, 0.2741
0.7104, 0.2716
0.7104, 0.2716
0.7104, 0.2716
0.7104, 0.2716
0.7104, 0.2716
0.7104, 0.2716
0.7104, 0.2716
0.7104, 0.2716
0.7104, 0.2716
0.7059, 0.2716
0.7059, 0.2716
0.7059, 0.2716
0.7059, 0.2716
0.7059, 0.2716
0.7059, 0.2716
0.7059, 0.2716
0.7059, 0.2716
0.7059, 0.2716
0.7059, 0.2691
0.7059, 0.2691
0.7059, 0.2691
0.7059, 0.2691
0.7059, 0.2691
0.7014, 0.2691
0.7014, 0.2691
0.7014, 0.2691
0.7014, 0.2667
0.7014, 0.2667
0.6968, 0.2667
0.6968, 0.2667
0.6968, 0.2667
0.6968, 0.2642
0.6968, 0.2642
0.6968, 0.2642
0.6923, 0.2642
0.6923, 0.2642
0.6923, 0.2642
0.6923, 0.2642
0.6923, 0.2642
0.6923, 0.2642
0.6923, 0.2642
0.6923, 0.2642
0.6923, 0.2642
0.6923, 0.2642
0.6923, 0.2642
0.6878, 0.2642
0.6878, 0.2642
0.6878, 0.2642
0.6878, 0.2642
0.6878, 0.2642
0.6878, 0.2642
0.6833, 0.2642
0.6833, 0.2642
0.6833, 0.2642
0.6833, 0.2642
0.6833, 0.2642
0.6833, 0.2642
0.6833, 0.2617
0.6833, 0.2617
0.6833, 0.2617
0.6833, 0.2617
0.6833, 0.2617
0.6833, 0.2617
0.6833, 0.2617
0.6833, 0.2617
0.6787, 0.2617
0.6787, 0.2617
0.6787, 0.2617
0.6787, 0.2593
0.6787, 0.2593
0.6787, 0.2593
0.6742, 0.2593
0.6742, 0.2593
0.6697, 0.2593
0.6697, 0.2593
0.6697, 0.2593
0.6697, 0.2593
0.6697, 0.2593
0.6697, 0.2593
0.6697, 0.2593
0.6697, 0.2593
0.6697, 0.2593
0.6697, 0.2593
0.6697, 0.2593
0.6697, 0.2593
0.6652, 0.2593
0.6652, 0.2593
0.6652, 0.2593
0.6652, 0.2593
0.6652, 0.2593
0.6652, 0.2593
0.6652, 0.2593
0.6652, 0.2593
0.6652, 0.2593
0.6606, 0.2593
0.6606, 0.2593
0.6606, 0.2593
0.6606, 0.2593
0.6606, 0.2593
0.6606, 0.2593
0.6606, 0.2593
0.6606, 0.2593
0.6606, 0.2593
0.6606, 0.2593
0.6606, 0.2593
0.6606, 0.2593
0.6606, 0.2593
0.6606, 0.2593
0.6561, 0.2593
0.6561, 0.2593
0.6561, 0.2593
0.6561, 0.2593
0.6561, 0.2593
0.6561, 0.2593
0.6561, 0.2593
0.6561, 0.2593
0.6516, 0.2568
0.6516, 0.2568
0.6516, 0.2568
0.6516, 0.2568
0.6516, 0.2568
0.6516, 0.2568
0.6471, 0.2568
0.6471, 0.2568
0.6471, 0.2568
0.6471, 0.2568
0.6471, 0.2568
0.6471, 0.2568
0.6471, 0.2568
0.6471, 0.2568
0.6471, 0.2568
0.6471, 0.2568
0.6471, 0.2568
0.6471, 0.2568
0.6471, 0.2568
0.6471, 0.2568
0.6471, 0.2568
0.6471, 0.2568
0.6471, 0.2568
0.6425, 0.2568
0.6425, 0.2568
0.6425, 0.2568
0.6425, 0.2568
0.6425, 0.2568
0.6425, 0.2568
0.6425, 0.2543
0.6425, 0.2543
0.6425, 0.2543
0.6425, 0.2543
0.6425, 0.2543
0.6425, 0.2543
0.6425, 0.2543
0.6425, 0.2543
0.6425, 0.2543
0.6425, 0.2543
0.6425, 0.2543
0.6380, 0.2543
0.6380, 0.2543
0.6380, 0.2543
0.6380, 0.2543
0.6380, 0.2543
0.6380, 0.2543
0.6380, 0.2543
0.6380, 0.2543
0.6380, 0.2543
0.6380, 0.2519
0.6380, 0.2519
0.6380, 0.2519
0.6380, 0.2519
0.6380, 0.2519
0.6380, 0.2519
0.6380, 0.2519
0.6380, 0.2519
0.6380, 0.2519
0.6380, 0.2519
0.6380, 0.2519
0.6335, 0.2519
0.6335, 0.2519
0.6335, 0.2519
0.6335, 0.2519
0.6335, 0.2519
0.6335, 0.2519
0.6335, 0.2519
0.6335, 0.2519
0.6335, 0.2519
0.6335, 0.2519
0.6335, 0.2519
0.6335, 0.2519
0.6290, 0.2519
0.6290, 0.2519
0.6290, 0.2519
0.6290, 0.2519
0.6290, 0.2519
0.6290, 0.2494
0.6290, 0.2494
0.6290, 0.2494
0.6290, 0.2494
0.6290, 0.2494
0.6290, 0.2494
0.6244, 0.2494
0.6244, 0.2494
0.6244, 0.2469
0.6244, 0.2469
0.6244, 0.2469
0.6244, 0.2469
0.6244, 0.2469
0.6244, 0.2469
0.6244, 0.2469
0.6244, 0.2469
0.6244, 0.2469
0.6199, 0.2469
0.6199, 0.2469
0.6199, 0.2469
0.6199, 0.2444
0.6199, 0.2444
0.6199, 0.2444
0.6199, 0.2444
0.6199, 0.2444
0.6199, 0.2444
0.6199, 0.2444
0.6199, 0.2444
0.6199, 0.2444
0.6199, 0.2444
0.6199, 0.2444
0.6154, 0.2420
0.6154, 0.2420
0.6154, 0.2420
0.6154, 0.2420
0.6154, 0.2420
0.6154, 0.2420
0.6154, 0.2420
0.6154, 0.2420
0.6154, 0.2395
0.6154, 0.2395
0.6154, 0.2395
0.6154, 0.2395
0.6154, 0.2395
0.6154, 0.2395
0.6154, 0.2395
0.6154, 0.2395
0.6154, 0.2395
0.6154, 0.2395
0.6154, 0.2395
0.6154, 0.2395
0.6154, 0.2395
0.6154, 0.2395
0.6154, 0.2395
0.6154, 0.2395
0.6154, 0.2395
0.6154, 0.2395
0.6154, 0.2370
0.6154, 0.2370
0.6154, 0.2370
0.6154, 0.2370
0.6154, 0.2370
0.6154, 0.2346
0.6154, 0.2346
0.6154, 0.2346
0.6154, 0.2346
0.6154, 0.2346
0.6154, 0.2346
0.6154, 0.2346
0.6154, 0.2346
0.6154, 0.2346
0.6154, 0.2346
0.6154, 0.2346
0.6154, 0.2346
0.6154, 0.2346
0.6154, 0.2346
0.6154, 0.2346
0.6154, 0.2346
0.6154, 0.2346
0.6154, 0.2346
0.6154, 0.2346
0.6154, 0.2346
0.6154, 0.2346
0.6154, 0.2346
0.6154, 0.2346
0.6154, 0.2346
0.6154, 0.2346
0.6154, 0.2346
0.6154, 0.2346
0.6154, 0.2346
0.6154, 0.2346
0.6154, 0.2321
0.6154, 0.2321
0.6154, 0.2321
0.6154, 0.2321
0.6154, 0.2321
0.6154, 0.2321
0.6154, 0.2321
0.6154, 0.2321
0.6154, 0.2321
0.6154, 0.2321
0.6154, 0.2321
0.6154, 0.2321
0.6154, 0.2321
0.6154, 0.2321
0.6154, 0.2296
0.6154, 0.2296
0.6154, 0.2296
0.6154, 0.2296
0.6154, 0.2296
0.6154, 0.2296
0.6154, 0.2296
0.6154, 0.2296
0.6154, 0.2296
0.6154, 0.2296
0.6154, 0.2296
0.6154, 0.2296
0.6154, 0.2296
0.6154, 0.2296
0.6154, 0.2296
0.6154, 0.2296
0.6154, 0.2296
0.6154, 0.2296
0.6154, 0.2296
0.6154, 0.2296
0.6154, 0.2272
0.6154, 0.2272
0.6199, 0.2272
0.6199, 0.2272
0.6199, 0.2272
0.6199, 0.2272
0.6199, 0.2272
0.6199, 0.2272
0.6199, 0.2272
0.6199, 0.2272
0.6199, 0.2272
0.6199, 0.2272
0.6199, 0.2272
0.6199, 0.2272
0.6199, 0.2272
0.6199, 0.2272
0.6199, 0.2272
0.6199, 0.2272
0.6199, 0.2272
0.6199, 0.2247
0.6199, 0.2247
0.6199, 0.2247
0.6244, 0.2247
0.6244, 0.2247
0.6244, 0.2247
0.6244, 0.2247
0.6244, 0.2247
0.6290, 0.2222
0.6290, 0.2222
0.6290, 0.2222
0.6290, 0.2222
0.6290, 0.2222
0.6290, 0.2222
0.6290, 0.2222
0.6290, 0.2222
0.6335, 0.2222
0.6335, 0.2222
0.6335, 0.2222
0.6335, 0.2222
0.6335, 0.2222
0.6335, 0.2222
0.6335, 0.2222
0.6335, 0.2222
0.6335, 0.2198
0.6335, 0.2198
0.6335, 0.2198
0.6335, 0.2198
0.6335, 0.2198
0.6335, 0.2198
0.6380, 0.2198
0.6380, 0.2198
0.6380, 0.2173
0.6380, 0.2173
0.6380, 0.2173
0.6380, 0.2173
0.6380, 0.2173
0.6425, 0.2173
0.6425, 0.2173
0.6425, 0.2173
0.6425, 0.2173
0.6425, 0.2173
0.6425, 0.2173
0.6425, 0.2173
0.6425, 0.2173
0.6425, 0.2173
0.6425, 0.2173
0.6425, 0.2173
0.6471, 0.2173
0.6471, 0.2173
0.6471, 0.2173
0.6471, 0.2148
0.6471, 0.2148
0.6471, 0.2148
0.6471, 0.2148
0.6471, 0.2148
0.6471, 0.2148
0.6471, 0.2148
0.6471, 0.2148
0.6471, 0.2148
0.6471, 0.2148
0.6471, 0.2148
0.6516, 0.2148
0.6516, 0.2148
0.6516, 0.2148
0.6516, 0.2148
0.6516, 0.2148
0.6516, 0.2148
0.6561, 0.2123
0.6561, 0.2123
0.6561, 0.2123
0.6561, 0.2123
0.6561, 0.2123
0.6561, 0.2123
0.6561, 0.2123
0.6561, 0.2123
0.6561, 0.2123
0.6561, 0.2123
0.6561, 0.2099
0.6561, 0.2099
0.6561, 0.2099
0.6561, 0.2099
0.6561, 0.2099
0.6561, 0.2099
0.6606, 0.2099
0.6606, 0.2099
0.6606, 0.2099
0.6606, 0.2099
0.6606, 0.2099
0.6652, 0.2099
0.6652, 0.2099
0.6652, 0.2099
0.6652, 0.2099
0.6652, 0.2099
0.6652, 0.2099
0.6652, 0.2074
0.6652, 0.2074
0.6697, 0.2074
0.6697, 0.2074
0.6697, 0.2074
0.6697, 0.2074
0.6697, 0.2074
0.6697, 0.2074
0.6742, 0.2074
0.6742, 0.2074
0.6742, 0.2049
0.6742, 0.2049
0.6787, 0.2049
0.6787, 0.2049
0.6787, 0.2049
0.6787, 0.2049
0.6787, 0.2049
0.6787, 0.2049
0.6787, 0.2049
0.6787, 0.2049
0.6787, 0.2049
0.6787, 0.2049
0.6787, 0.2049
0.6833, 0.2049
0.6833, 0.2049
0.6833, 0.2049
0.6833, 0.2049
0.6833, 0.2049
0.6833, 0.2049
0.6833, 0.2049
0.6833, 0.2049
0.6878, 0.2025
0.6878, 0.2025
0.6878, 0.2025
0.6878, 0.2025
0.6878, 0.2025
0.6878, 0.2025
0.6878, 0.2025
0.6878, 0.2025
0.6878, 0.2025
0.6878, 0.2025
0.6923, 0.2025
0.6923, 0.2025
0.6923, 0.2000
0.6923, 0.2000
0.6968, 0.2000
0.6968, 0.2000
0.6968, 0.2000
0.6968, 0.2000
0.6968, 0.2000
0.6968, 0.2000
0.7014, 0.2000
0.7014, 0.2000
0.7014, 0.2000
0.7014, 0.2000
0.7014, 0.2000
0.7014, 0.2000
0.7014, 0.2000
0.7014, 0.2000
0.7014, 0.2000
0.7014, 0.2000
0.7014, 0.2000
0.7014, 0.1975
0.7014, 0.1975
0.7014, 0.1975
0.7014, 0.1975
0.7014, 0.1975
0.7014, 0.1975
0.7014, 0.1975
0.7059, 0.1975
0.7059, 0.1975
0.7059, 0.1975
0.7059, 0.1975
0.7059, 0.1975
0.7059, 0.1975
0.7059, 0.1975
0.7059, 0.1975
0.7059, 0.1975
0.7059, 0.1975
0.7059, 0.1975
0.7059, 0.1975
0.7104, 0.1975
0.7104, 0.1975
0.7104, 0.1975
0.7104, 0.1975
0.7104, 0.1975
0.7104, 0.1975
0.7104, 0.1975
0.7104, 0.1975
0.7104, 0.1975
0.7104, 0.1975
0.7104, 0.1975
0.7104, 0.1975
0.7104, 0.1975
0.7104, 0.1975
0.7104, 0.1975
0.7104, 0.1975
0.7104, 0.1975
0.7104, 0.1975
0.7104, 0.1951
0.7104, 0.1951
0.7104, 0.1951
0.7104, 0.1951
0.7104, 0.1951
0.7104, 0.1951
0.7104, 0.1951
0.7104, 0.1926
0.7104, 0.1926
0.7104, 0.1926
0.7104, 0.1926
0.7104, 0.1926
0.7104, 0.1926
0.7104, 0.1926
0.7104, 0.1926
0.7104, 0.1926
0.7104, 0.1926
0.7104, 0.1926
0.7104, 0.1901
0.7104, 0.1901
0.7104, 0.1901
0.7104, 0.1901
0.7104, 0.1901
0.7104, 0.1877
0.7104, 0.1877
0.7104, 0.1877
0.7104, 0.1877
0.7104, 0.1877
0.7104, 0.1877
0.7104, 0.1877
0.7104, 0.1877
0.7104, 0.1877
0.7104, 0.1877
0.7104, 0.1877
0.7104, 0.1852
0.7104, 0.1852
0.7104, 0.1852
0.7104, 0.1852
0.7104, 0.1852
0.7104, 0.1852
0.7104, 0.1852
0.7104, 0.1852
0.7104, 0.1852
0.7104, 0.1852
0.7104, 0.1852
0.7104, 0.1827
0.7104, 0.1827
0.7104, 0.1802
0.7104, 0.1802
0.7104, 0.1802
0.7104, 0.1802
0.7104, 0.1802
0.7104, 0.1802
0.7104, 0.1802
0.7104, 0.1802
0.7104, 0.1802
0.7104, 0.1802
0.7104, 0.1802
0.7104, 0.1802
0.7104, 0.1802
0.7104, 0.1778
0.7104, 0.1778
0.7104, 0.1778
0.7104, 0.1778
0.7104, 0.1778
0.7104, 0.1778
0.7104, 0.1753
0.7104, 0.1753
0.7104, 0.1753
0.7104, 0.1753
0.7104, 0.1753
0.7104, 0.1728
0.7104, 0.1728
0.7059, 0.1728
0.7059, 0.1728
0.7059, 0.1728
0.7059, 0.1728
0.7059, 0.1728
0.7059, 0.1728
0.7059, 0.1728
0.7059, 0.1728
0.7059, 0.1728
0.7059, 0.1728
0.7059, 0.1728
0.7059, 0.1704
0.7059, 0.1704
0.7059, 0.1704
0.7059, 0.1704
0.7059, 0.1704
0.7059, 0.1679
0.7059, 0.1679
0.7059, 0.1679
0.7014, 0.1679
0.7014, 0.1679
0.7014, 0.1679
0.7014, 0.1679
0.7014, 0.1679
0.6968, 0.1679
0.6968, 0.1679
0.6968, 0.1679
0.6968, 0.1679
0.6968, 0.1679
0.6923, 0.1654
0.6923, 0.1654
0.6923, 0.1654
0.6923, 0.1654
0.6923, 0.1654
0.6923, 0.1654
0.6923, 0.1654
0.6923, 0.1654
0.6923, 0.1630
0.6923, 0.1630
0.6878, 0.1630
0.6878, 0.1630
0.6878, 0.1605
0.6878, 0.1605
0.6878, 0.1605
0.6833, 0.1605
0.6833, 0.1605
0.6833, 0.1605
0.6833, 0.1605
0.6833, 0.1605
0.6833, 0.1605
0.6833, 0.1605
0.6833, 0.1605
0.6787, 0.1605
0.6787, 0.1605
0.6787, 0.1605
0.6787, 0.1605
0.6787, 0.1605
0.6742, 0.1605
0.6742, 0.1605
0.6697, 0.1605
0.6697, 0.1605
0.6697, 0.1605
0.6697, 0.1580
0.6697, 0.1580
0.6697, 0.1580
0.6697, 0.1580
0.6697, 0.1580
0.6652, 0.1580
0.6652, 0.1580
0.6606, 0.1556
0.6606, 0.1556
0.6606, 0.1556
0.6606, 0.1556
0.6606, 0.1556
0.6606, 0.1556
0.6606, 0.1556
0.6606, 0.1556
0.6606, 0.1556
0.6606, 0.1556
0.6561, 0.1556
0.6561, 0.1556
0.6561, 0.1556
0.6561, 0.1556
0.6561, 0.1556
0.6516, 0.1556
0.6516, 0.1556
0.6516, 0.1556
0.6516, 0.1556
0.6471, 0.1531
0.6471, 0.1531
0.6471, 0.1531
0.6471, 0.1531
0.6471, 0.1531
0.6471, 0.1531
0.6471, 0.1531
0.6471, 0.1531
0.6471, 0.1531
0.6471, 0.1531
0.6425, 0.1506
0.6425, 0.1506
0.6425, 0.1506
0.6380, 0.1506
0.6380, 0.1506
0.6380, 0.1506
0.6380, 0.1506
0.6380, 0.1506
0.6380, 0.1506
0.6380, 0.1506
0.6380, 0.1506
0.6380, 0.1506
0.6380, 0.1506
0.6380, 0.1481
0.6380, 0.1481
0.6380, 0.1481
0.6380, 0.1481
0.6380, 0.1481
0.6335, 0.1481
0.6335, 0.1481
0.6335, 0.1481
0.6335, 0.1481
0.6335, 0.1481
0.6335, 0.1481
0.6335, 0.1481
0.6335, 0.1481
0.6335, 0.1481
0.6335, 0.1481
0.6290, 0.1481
0.6290, 0.1481
0.6290, 0.1481
0.6290, 0.1481
0.6290, 0.1481
0.6290, 0.1481
0.6290, 0.1481
0.6290, 0.1481
0.6244, 0.1481
0.6244, 0.1481
0.6244, 0.1481
0.6244, 0.1481
0.6244, 0.1481
0.6244, 0.1457
0.6244, 0.1457
0.6244, 0.1457
0.6244, 0.1457
0.6244, 0.1457
0.6244, 0.1457
0.6244, 0.1457
0.6244, 0.1457
0.6244, 0.1457
0.6244, 0.1457
0.6199, 0.1432
0.6199, 0.1432
0.6199, 0.1432
0.6199, 0.1432
0.6199, 0.1432
0.6199, 0.1432
0.6199, 0.1432
0.6154, 0.1432
0.6154, 0.1432
0.6154, 0.1432
0.6154, 0.1432
0.6154, 0.1432
0.6154, 0.1432
0.6154, 0.1432
0.6154, 0.1432
0.6154, 0.1432
0.6154, 0.1432
0.6154, 0.1407
0.6154, 0.1407
0.6154, 0.1407
0.6154, 0.1407
0.6154, 0.1407
0.6154, 0.1407
0.6154, 0.1407
0.6154, 0.1407
0.6154, 0.1407
0.6154, 0.1407
0.6109, 0.1383
0.6109, 0.1383
0.6109, 0.1383
0.6109, 0.1383
0.6109, 0.1383
0.6109, 0.1383
0.6109, 0.1383
0.6109, 0.1383
0.6109, 0.1383
0.6109, 0.1383
0.6109, 0.1383
0.6109, 0.1383
0.6109, 0.1383
0.6109, 0.1383
0.6109, 0.1383
0.6109, 0.1383
0.6109, 0.1383
0.6109, 0.1383
0.6109, 0.1383
0.6109, 0.1383
0.6109, 0.1383
0.6109, 0.1358
0.6109, 0.1358
0.6109, 0.1358
0.6109, 0.1358
0.6109, 0.1358
0.6109, 0.1358
0.6109, 0.1358
0.6109, 0.1358
0.6109, 0.1358
0.6109, 0.1358
0.6109, 0.1333
0.6109, 0.1333
0.6109, 0.1333
0.6109, 0.1333
0.6109, 0.1333
0.6109, 0.1333
0.6109, 0.1333
0.6109, 0.1333
0.6109, 0.1309
0.6109, 0.1309
0.6109, 0.1309
0.6109, 0.1309
0.6109, 0.1309
0.6109, 0.1309
0.6109, 0.1309
0.6109, 0.1284
0.6109, 0.1284
0.6154, 0.1259
0.6154, 0.1259
0.6154, 0.1259
0.6154, 0.1259
0.6154, 0.1259
0.6199, 0.1259
0.6199, 0.1259
0.6199, 0.1259
0.6199, 0.1259
0.6199, 0.1259
0.6199, 0.1235
0.6199, 0.1235
0.6199, 0.1235
0.6199, 0.1235
0.6199, 0.1235
0.6244, 0.1235
0.6244, 0.1235
0.6244, 0.1210
0.6244, 0.1210
0.6244, 0.1210
0.6290, 0.1210
0.6290, 0.1210
0.6290, 0.1185
0.6290, 0.1185
0.6290, 0.1185
0.6335, 0.1185
0.6335, 0.1185
0.6335, 0.1185
0.6335, 0.1185
0.6335, 0.1185
0.6335, 0.1185
0.6335, 0.1185
0.6335, 0.1185
0.6335, 0.1185
0.6335, 0.1185
0.6335, 0.1185
0.6335, 0.1185
0.6335, 0.1160
0.6335, 0.1160
0.6380, 0.1160
0.6380, 0.1160
0.6380, 0.1160
0.6380, 0.1160
0.6380, 0.1160
0.6380, 0.1160
0.6380, 0.1160
0.6380, 0.1160
0.6425, 0.1136
0.6425, 0.1136
0.6425, 0.1136
0.6425, 0.1136
0.6425, 0.1136
0.6425, 0.1136
0.6425, 0.1136
0.6425, 0.1136
0.6471, 0.1136
0.6471, 0.1136
0.6516, 0.1111
0.6516, 0.1111
0.6516, 0.1111
0.6516, 0.1111
0.6561, 0.1086
0.6561, 0.1086
0.6561, 0.1086
0.6561, 0.1086
0.6561, 0.1086
0.6561, 0.1086
0.6561, 0.1086
0.6561, 0.1086
0.6561, 0.1086
0.6561, 0.1086
0.6606, 0.1086
0.6606, 0.1086
0.6606, 0.1062
0.6606, 0.1062
0.6606, 0.1062
0.6652, 0.1062
0.6652, 0.1062
0.6652, 0.1062
0.6652, 0.1062
0.6652, 0.1062
0.6652, 0.1062
0.6652, 0.1062
0.6697, 0.1062
0.6697, 0.1062
0.6697, 0.1062
0.6742, 0.1062
0.6742, 0.1062
0.6787, 0.1062
0.6787, 0.1062
0.6787, 0.1062
0.6787, 0.1062
0.6787, 0.1062
0.6787, 0.1062
0.6787, 0.1062
0.6833, 0.1062
0.6833, 0.1062
0.6833, 0.1062
0.6833, 0.1062
0.6833, 0.1062
0.6833, 0.1062
0.6833, 0.1062
0.6833, 0.1062
0.6833, 0.1062
0.6833, 0.1062
0.6833, 0.1062
0.6833, 0.1062
0.6833, 0.1062
0.6833, 0.1062
0.6833, 0.1062
0.6833, 0.1062
0.6833, 0.1062
0.6833, 0.1062
0.6833, 0.1062
0.6833, 0.1062
0.6878, 0.1062
0.6878, 0.1062
0.6878, 0.1062
0.6878, 0.1062
0.6878, 0.1062
0.6878, 0.1062
0.6878, 0.1062
0.6878, 0.1062
0.6878, 0.1062
0.6878, 0.1062
0.6878, 0.1062
0.6878, 0.1062
0.6878, 0.1062
0.6878, 0.1062
0.6878, 0.1062
0.6923, 0.1062
0.6923, 0.1062
0.6923, 0.1062
0.6923, 0.1062
0.6923, 0.1062
0.6923, 0.1062
0.6923, 0.1062
0.6923, 0.1062
0.6968, 0.1037
0.6968, 0.1037
0.6968, 0.1037
0.6968, 0.1037
0.6968, 0.1037
0.7014, 0.1037
0.7014, 0.1037
0.7014, 0.1037
0.7014, 0.1037
0.7014, 0.1037
0.7014, 0.1037
0.7014, 0.1037
0.7014, 0.1012
0.7014, 0.1012
0.7059, 0.1012
0.7059, 0.1012
0.7059, 0.1012
0.7059, 0.1012
0.7059, 0.1012
0.7104, 0.1012
0.7104, 0.1012
0.7104, 0.1012
0.7104, 0.1012
0.7104, 0.1012
0.7104, 0.1012
0.7104, 0.1012
0.7149, 0.1012
0.7149, 0.1012
0.7149, 0.1012
0.7149, 0.1012
0.7149, 0.1012
0.7149, 0.0988
0.7149, 0.0988
0.7195, 0.0988
0.7195, 0.0988
0.7195, 0.0988
0.7195, 0.0988
0.7195, 0.0988
0.7195, 0.0988
0.7195, 0.0988
0.7240, 0.0988
0.7240, 0.0988
0.7240, 0.0988
0.7240, 0.0988
0.7240, 0.0988
0.7240, 0.0963
0.7240, 0.0963
0.7240, 0.0963
0.7240, 0.0963
0.7240, 0.0963
0.7240, 0.0963
0.7240, 0.0963
0.7240, 0.0963
0.7240, 0.0963
0.7240, 0.0963
0.7240, 0.0963
0.7240, 0.0963
0.7285, 0.0938
0.7285, 0.0938
0.7285, 0.0938
0.7285, 0.0938
0.7285, 0.0938
0.7285, 0.0938
0.7285, 0.0938
0.7330, 0.0938
0.7330, 0.0938
0.7330, 0.0938
0.7330, 0.0938
0.7330, 0.0938
0.7330, 0.0938
0.7330, 0.0914
0.7330, 0.0914
0.7330, 0.0914
0.7330, 0.0889
0.7330, 0.0889
0.7330, 0.0889
0.7330, 0.0889
0.7330, 0.0889
0.7330, 0.0889
0.7330, 0.0889
0.7330, 0.0889
0.7330, 0.0889
0.7330, 0.0864
0.7330, 0.0864
0.7330, 0.0840
0.7330, 0.0840
0.7330, 0.0840
0.7330, 0.0840
0.7330, 0.0815
0.7330, 0.0815
0.7330, 0.0815
0.7330, 0.0815
0.7330, 0.0815
0.7330, 0.0790
0.7330, 0.0790
0.7285, 0.0765
0.7285, 0.0765
0.7285, 0.0765
0.7285, 0.0765
0.7285, 0.0765
0.7285, 0.0765
0.7240, 0.0765
0.7240, 0.0741
0.7240, 0.0741
0.7195, 0.0741
0.7195, 0.0741
0.7149, 0.0716
0.7149, 0.0716
0.7149, 0.0691
0.7104, 0.0691
0.7104, 0.0691
0.7059, 0.0691
0.7059, 0.0691
0.7059, 0.0691
0.7014, 0.0691
0.7014, 0.0691
0.6968, 0.0691
0.6923, 0.0667
0.6923, 0.0667
0.6923, 0.0667
0.6878, 0.0667
0.6878, 0.0642
0.6833, 0.0642
0.6833, 0.0642
0.6833, 0.0642
0.6833, 0.0642
0.6833, 0.0642
0.6833, 0.0642
0.6787, 0.0617
0.6787, 0.0617
0.6742, 0.0617
0.6697, 0.0593
0.6697, 0.0593
0.6697, 0.0593
0.6652, 0.0568
0.6652, 0.0568
0.6606, 0.0543
0.6606, 0.0543
0.6606, 0.0519
0.6561, 0.0519
0.6561, 0.0519
0.6561, 0.0519
0.6516, 0.0494
0.6516, 0.0494
0.6471, 0.0469
0.6471, 0.0469
0.6471, 0.0444
0.6471, 0.0420
0.6471, 0.0420
0.6425, 0.0395
0.6425, 0.0395
0.6425, 0.0370
0.6380, 0.0370
0.6380, 0.0346
0.6380, 0.0346
0.6380, 0.0346
0.6335, 0.0272
0.6335, 0.0272
0.6335, 0.0272
0.6335, 0.0272
0.6335, 0.0272
0.6290, 0.0272
0.6290, 0.0272
0.6290, 0.0247
0.6290, 0.0247
0.6244, 0.0222
0.6244, 0.0222
0.6244, 0.0222
0.6244, 0.0222
0.6244, 0.0222
0.6199, 0.0222
0.6199, 0.0222
0.6154, 0.0173
0.6154, 0.0173
0.6154, 0.0173
0.6154, 0.0148
0.6154, 0.0148
0.6109, 0.0148
0.6109, 0.0148
0.6063, 0.0148
0.6063, 0.0148
0.6063, 0.0148
0.6018, 0.0123
0.6018, 0.0123
0.6018, 0.0123
0.6018, 0.0123
0.5973, 0.0099
0.5973, 0.0099
0.5928, 0.0074
0.5928, 0.0074
0.5928, 0.0074
0.5928, 0.0074
0.5928, 0.0074
0.5837, 0.0074
0.5837, 0.0074
0.5792, 0.0049
0.5792, 0.0049
0.5792, 0.0049
0.5792, 0.0049
0.5792, 0.0049
0.5747, 0.0025
0.5747, 0.0025
0.5701, 0.0025
0.5701, 0.0025
0.5656, 0.0025
0.5656, 0.0025
0.5656, 0.0025
0.5656, 0.0025
0.5656, 0.0025
0.5656, 0.0025
0.5656, 0.0025
0.5656, 0.0025
0.5656, 0.0025
0.5656, 0.0000
0.5656, 0.0000
0.5656, 0.0000
0.5656, 0.0000
0.5656, 0.0000
0.5656, 0.0000
0.5656, 0.0000
0.5656, 0.0000
0.5656, 0.0000
0.5656, 0.0000
0.5656, 0.0000
0.5656, 0.0000
0.5656, 0.0000
0.5656, 0.0000
0.5656, 0.0000
0.5656, 0.0000
0.5656, 0.0000
0.5656, 0.0000
0.5656, 0.0000
0.5656, 0.0000
0.5656, 0.0000
0.5656, 0.0000
0.5656, 0.0000
0.5656, 0.0000
0.5656, 0.0000
0.5656, 0.0000
0.5656, 0.0000
0.5656, 0.0000
0.5656, 0.0000
0.5656, 0.0000
0.5656, 0.0000
0.5656, 0.0000
0.5656, 0.0000
0.5656, 0.0000
0.5656, 0.0000
0.5656, 0.0000
0.5656, 0.0000
0.5656, 0.0025
0.0000, 1.0000
0.0000, 1.0000
0.0000, 1.0000
0.0000, 1.0000
0.0000, 1.0000
0.0000, 1.0000
0.0000, 1.0000
0.0000, 1.0000
0.0000, 1.0000
0.0000, 1.0000
0.0000, 1.0000
0.0000, 1.0000
0.0000, 1.0000
0.0000, 1.0000
0.0000, 1.0000
0.0000, 1.0000
0.0000, 1.0000
0.0000, 1.0000
0.0000, 1.0000
0.0000, 1.0000
0.0000, 1.0000
0.0000, 1.0000
0.0000, 1.0000
0.0000, 1.0000
0.0000, 1.0000
0.0000, 1.0000
0.0000, 1.0000
0.0000, 1.0000
0.0000, 1.0000
0.0000, 1.0000
0.0000, 1.0000
0.0000, 1.0000
