0.3099, 0.0297
0.3099, 0.0297
0.3099, 0.0297
0.3099, 0.0297
0.3099, 0.0297
0.3099, 0.0297
0.3099, 0.0297
0.3099, 0.0297
0.3099, 0.0297
0.3099, 0.0297
0.3099, 0.0297
0.3099, 0.0297
0.3099, 0.0297
0.3099, 0.0297
0.3099, 0.0297
0.3099, 0.0297
0.3099, 0.0297
0.3099, 0.0297
0.3099, 0.0297
0.3099, 0.0297
0.3099, 0.0297
0.3099, 0.0297
0.3099, 0.0297
0.3099, 0.0297
0.3099, 0.0297
0.3099, 0.0297
0.3099, 0.0297
0.3099, 0.0297
0.3099, 0.0297
0.3099, 0.0297
0.3099, 0.0297
0.3099, 0.0297
0.3099, 0.0297
0.3099, 0.0297
0.3099, 0.0297
0.3099, 0.0297
0.3099, 0.0297
0.3099, 0.0297
0.3099, 0.0297
0.3099, 0.0297
0.3099, 0.0297
0.3099, 0.0297
0.3099, 0.0297
0.3099, 0.0297
0.3099, 0.0297
0.3099, 0.0297
0.3099, 0.0297
0.3099, 0.0297
0.3099, 0.0297
0.3099, 0.0297
0.3099, 0.0297
0.3099, 0.0297
0.3099, 0.0297
0.3099, 0.0297
0.3099, 0.0297
0.3099, 0.0297
0.3099, 0.0297
0.3099, 0.0297
0.3099, 0.0297
0.3099, 0.0297
0.3099, 0.0297
0.3099, 0.0297
0.3099, 0.0297
0.3099, 0.0297
0.3099, 0.0297
0.3099, 0.0297
0.3099, 0.0297
0.3099, 0.0297
0.3099, 0.0297
0.3099, 0.0322
0.3099, 0.0322
0.3099, 0.0322
0.3099, 0.0322
0.3099, 0.0322
0.3099, 0.0322
0.3099, 0.0322
0.3099, 0.0322
0.3099, 0.0322
0.3099, 0.0347
0.3099, 0.0347
0.3099, 0.0347
0.3099, 0.0347
0.3099, 0.0347
0.3099, 0.0347
0.3099, 0.0347
0.3099, 0.0347
0.3052, 0.0347
0.3052, 0.0347
0.3052, 0.0347
0.3052, 0.0347
0.3052, 0.0371
0.3052, 0.0371
0.3052, 0.0371
0.3052, 0.0371
0.3052, 0.0371
0.3052, 0.0396
0.3052, 0.0396
0.3052, 0.0396
0.3052, 0.0396
0.3052, 0.0421
0.3052, 0.0421
0.3052, 0.0421
0.3052, 0.0421
0.3052, 0.0421
0.3052, 0.0421
0.3052, 0.0421
0.3052, 0.0421
0.3052, 0.0421
0.3052, 0.0446
0.3052, 0.0446
0.3052, 0.0446
0.3052, 0.0446
0.3052, 0.0470
0.3052, 0.0470
0.3052, 0.0470
0.3052, 0.0470
0.3052, 0.0470
0.3052, 0.0470
0.3052, 0.0470
0.3052, 0.0470
0.3052, 0.0470
0.3052, 0.0470
0.3052, 0.0470
0.3052, 0.0470
0.3052, 0.0470
0.3005, 0.0495
0.3005, 0.0495
0.3005, 0.0495
0.3005, 0.0495
0.3005, 0.0520
0.3005, 0.0520
0.3005, 0.0520
0.3005, 0.0520
0.3005, 0.0545
0.3005, 0.0545
0.3005, 0.0545
0.3005, 0.0545
0.3005, 0.0545
0.3005, 0.0545
0.3005, 0.0545
0.3005, 0.0545
0.2958, 0.0569
0.2958, 0.0569
0.2958, 0.0569
0.2958, 0.0569
0.2958, 0.0594
0.2958, 0.0594
0.2958, 0.0594
0.2958, 0.0594
0.2958, 0.0594
0.2958, 0.0594
0.2958, 0.0594
0.2958, 0.0594
0.2958, 0.0594
0.2958, 0.0619
0.2958, 0.0619
0.2958, 0.0619
0.2958, 0.0619
0.2958, 0.0644
0.2958, 0.0644
0.2958, 0.0644
0.2958, 0.0644
0.2958, 0.0644
0.2958, 0.0644
0.2958, 0.0644
0.2958, 0.0644
0.2958, 0.0644
0.2958, 0.0644
0.2958, 0.0644
0.2958, 0.0644
0.2958, 0.0644
0.2958, 0.0668
0.2958, 0.0668
0.2958, 0.0668
0.2958, 0.0668
0.2958, 0.0668
0.2958, 0.0668
0.2958, 0.0668
0.2958, 0.0668
0.2958, 0.0668
0.2911, 0.0693
0.2911, 0.0693
0.2911, 0.0693
0.2911, 0.0693
0.2911, 0.0718
0.2911, 0.0718
0.2911, 0.0718
0.2911, 0.0718
0.2911, 0.0718
0.2911, 0.0718
0.2911, 0.0718
0.2911, 0.0718
0.2911, 0.0743
0.2911, 0.0743
0.2911, 0.0743
0.2911, 0.0743
0.2864, 0.0767
0.2864, 0.0767
0.2864, 0.0767
0.2864, 0.0767
0.2864, 0.0767
0.2864, 0.0767
0.2864, 0.0767
0.2864, 0.0767
0.2864, 0.0767
0.2864, 0.0767
0.2864, 0.0767
0.2864, 0.0767
0.2864, 0.0767
0.2864, 0.0767
0.2864, 0.0792
0.2864, 0.0792
0.2864, 0.0792
0.2864, 0.0792
0.2864, 0.0817
0.2864, 0.0817
0.2864, 0.0817
0.2864, 0.0817
0.2864, 0.0842
0.2864, 0.0842
0.2864, 0.0842
0.2864, 0.0842
0.2864, 0.0842
0.2864, 0.0842
0.2864, 0.0842
0.2864, 0.0866
0.2864, 0.0866
0.2864, 0.0866
0.2864, 0.0866
0.2864, 0.0916
0.2864, 0.0916
0.2864, 0.0916
0.2864, 0.0916
0.2817, 0.0916
0.2817, 0.0916
0.2817, 0.0916
0.2817, 0.0916
0.2817, 0.0941
0.2817, 0.0941
0.2817, 0.0941
0.2817, 0.0965
0.2817, 0.0965
0.2817, 0.0965
0.2817, 0.0965
0.2817, 0.0965
0.2817, 0.0965
0.2817, 0.0965
0.2817, 0.0965
0.2817, 0.0965
0.2817, 0.0990
0.2817, 0.0990
0.2817, 0.0990
0.2817, 0.0990
0.2817, 0.1015
0.2817, 0.1015
0.2817, 0.1015
0.2817, 0.1015
0.2817, 0.1040
0.2817, 0.1040
0.2817, 0.1040
0.2817, 0.1040
0.2817, 0.1064
0.2817, 0.1064
0.2817, 0.1064
0.2817, 0.1064
0.2817, 0.1089
0.2817, 0.1089
0.2817, 0.1089
0.2817, 0.1089
0.2817, 0.1089
0.2817, 0.1089
0.2817, 0.1089
0.2817, 0.1089
0.2817, 0.1114
0.2817, 0.1114
0.2817, 0.1114
0.2817, 0.1114
0.2817, 0.1139
0.2817, 0.1139
0.2817, 0.1139
0.2817, 0.1139
0.2817, 0.1163
0.2817, 0.1163
0.2817, 0.1163
0.2817, 0.1163
0.2817, 0.1188
0.2817, 0.1188
0.2817, 0.1188
0.2817, 0.1188
0.2817, 0.1213
0.2817, 0.1213
0.2817, 0.1213
0.2817, 0.1213
0.2817, 0.1238
0.2817, 0.1238
0.2817, 0.1238
0.2817, 0.1262
0.2817, 0.1262
0.2817, 0.1262
0.2817, 0.1262
0.2817, 0.1312
0.2817, 0.1312
0.2817, 0.1312
0.2817, 0.1312
0.2817, 0.1312
0.2817, 0.1312
0.2817, 0.1312
0.2817, 0.1312
0.2817, 0.1361
0.2817, 0.1361
0.2817, 0.1361
0.2817, 0.1361
0.2817, 0.1361
0.2817, 0.1361
0.2817, 0.1361
0.2817, 0.1361
0.2817, 0.1386
0.2817, 0.1386
0.2817, 0.1386
0.2817, 0.1386
0.2817, 0.1386
0.2817, 0.1436
0.2817, 0.1436
0.2817, 0.1436
0.2817, 0.1436
0.2817, 0.1436
0.2817, 0.1436
0.2817, 0.1436
0.2817, 0.1436
0.2817, 0.1460
0.2817, 0.1460
0.2817, 0.1460
0.2817, 0.1460
0.2817, 0.1510
0.2817, 0.1510
0.2817, 0.1510
0.2817, 0.1510
0.2817, 0.1510
0.2817, 0.1510
0.2817, 0.1510
0.2817, 0.1510
0.2817, 0.1535
0.2817, 0.1535
0.2817, 0.1535
0.2817, 0.1535
0.2770, 0.1584
0.2770, 0.1584
0.2770, 0.1584
0.2770, 0.1584
0.2770, 0.1584
0.2770, 0.1584
0.2770, 0.1584
0.2770, 0.1584
0.2770, 0.1609
0.2770, 0.1609
0.2770, 0.1609
0.2770, 0.1609
0.2770, 0.1634
0.2770, 0.1634
0.2770, 0.1634
0.2770, 0.1634
0.2770, 0.1634
0.2770, 0.1634
0.2770, 0.1634
0.2770, 0.1634
0.2770, 0.1658
0.2770, 0.1658
0.2770, 0.1658
0.2770, 0.1658
0.2770, 0.1683
0.2770, 0.1683
0.2770, 0.1683
0.2770, 0.1683
0.2770, 0.1708
0.2770, 0.1708
0.2770, 0.1708
0.2770, 0.1708
0.2770, 0.1708
0.2770, 0.1708
0.2770, 0.1708
0.2770, 0.1708
0.2770, 0.1708
0.2770, 0.1708
0.2770, 0.1708
0.2770, 0.1708
0.2770, 0.1733
0.2770, 0.1733
0.2770, 0.1733
0.2770, 0.1733
0.2770, 0.1757
0.2770, 0.1757
0.2770, 0.1757
0.2770, 0.1757
0.2770, 0.1757
0.2770, 0.1757
0.2770, 0.1757
0.2770, 0.1757
0.2770, 0.1782
0.2770, 0.1782
0.2770, 0.1782
0.2770, 0.1807
0.2770, 0.1807
0.2770, 0.1807
0.2770, 0.1807
0.2770, 0.1832
0.2770, 0.1832
0.2770, 0.1832
0.2770, 0.1832
0.2770, 0.1832
0.2770, 0.1832
0.2770, 0.1832
0.2770, 0.1832
0.2770, 0.1856
0.2770, 0.1856
0.2770, 0.1856
0.2770, 0.1881
0.2770, 0.1881
0.2770, 0.1881
0.2770, 0.1881
0.2770, 0.1906
0.2770, 0.1906
0.2770, 0.1906
0.2770, 0.1906
0.2770, 0.1906
0.2770, 0.1906
0.2770, 0.1906
0.2770, 0.1906
0.2770, 0.1906
0.2770, 0.1955
0.2770, 0.1955
0.2770, 0.1955
0.2770, 0.1980
0.2770, 0.1980
0.2770, 0.1980
0.2770, 0.1980
0.2770, 0.1980
0.2770, 0.1980
0.2770, 0.1980
0.2770, 0.1980
0.2770, 0.2005
0.2770, 0.2005
0.2770, 0.2005
0.2770, 0.2005
0.2770, 0.2030
0.2770, 0.2030
0.2770, 0.2030
0.2770, 0.2030
0.2770, 0.2030
0.2770, 0.2030
0.2770, 0.2030
0.2770, 0.2030
0.2770, 0.2079
0.2770, 0.2079
0.2770, 0.2079
0.2770, 0.2104
0.2770, 0.2104
0.2770, 0.2104
0.2770, 0.2104
0.2770, 0.2104
0.2770, 0.2104
0.2770, 0.2104
0.2770, 0.2104
0.2770, 0.2153
0.2770, 0.2153
0.2770, 0.2153
0.2770, 0.2153
0.2770, 0.2178
0.2770, 0.2178
0.2770, 0.2178
0.2770, 0.2178
0.2770, 0.2178
0.2770, 0.2178
0.2770, 0.2178
0.2770, 0.2203
0.2770, 0.2203
0.2770, 0.2203
0.2770, 0.2203
0.2770, 0.2228
0.2770, 0.2228
0.2770, 0.2228
0.2770, 0.2228
0.2770, 0.2252
0.2770, 0.2252
0.2770, 0.2252
0.2770, 0.2277
0.2770, 0.2277
0.2770, 0.2277
0.2770, 0.2277
0.2817, 0.2302
0.2817, 0.2302
0.2817, 0.2302
0.2817, 0.2302
0.2817, 0.2327
0.2817, 0.2327
0.2817, 0.2327
0.2817, 0.2376
0.2817, 0.2376
0.2817, 0.2376
0.2817, 0.2376
0.2817, 0.2376
0.2817, 0.2376
0.2817, 0.2376
0.2817, 0.2376
0.2817, 0.2401
0.2817, 0.2401
0.2817, 0.2401
0.2817, 0.2401
0.2817, 0.2450
0.2817, 0.2450
0.2817, 0.2450
0.2817, 0.2450
0.2817, 0.2450
0.2817, 0.2450
0.2817, 0.2450
0.2817, 0.2450
0.2864, 0.2475
0.2864, 0.2475
0.2864, 0.2475
0.2864, 0.2525
0.2864, 0.2525
0.2864, 0.2525
0.2864, 0.2525
0.2911, 0.2525
0.2911, 0.2525
0.2911, 0.2525
0.2911, 0.2525
0.2911, 0.2550
0.2911, 0.2550
0.2911, 0.2550
0.2911, 0.2550
0.2911, 0.2599
0.2911, 0.2599
0.2911, 0.2599
0.2911, 0.2599
0.2911, 0.2599
0.2911, 0.2599
0.2911, 0.2599
0.2911, 0.2624
0.2911, 0.2624
0.2911, 0.2624
0.2958, 0.2649
0.2958, 0.2649
0.2958, 0.2649
0.2958, 0.2649
0.2958, 0.2673
0.2958, 0.2673
0.2958, 0.2673
0.2958, 0.2673
0.3005, 0.2698
0.3005, 0.2698
0.3005, 0.2698
0.3005, 0.2723
0.3005, 0.2723
0.3005, 0.2723
0.3005, 0.2723
0.3052, 0.2748
0.3052, 0.2748
0.3052, 0.2748
0.3052, 0.2748
0.3052, 0.2772
0.3052, 0.2772
0.3052, 0.2772
0.3052, 0.2772
0.3052, 0.2797
0.3052, 0.2797
0.3052, 0.2797
0.3099, 0.2822
0.3099, 0.2822
0.3099, 0.2822
0.3099, 0.2822
0.3099, 0.2847
0.3099, 0.2847
0.3099, 0.2847
0.3099, 0.2847
0.3146, 0.2871
0.3146, 0.2871
0.3146, 0.2871
0.3192, 0.2896
0.3192, 0.2896
0.3192, 0.2896
0.3192, 0.2896
0.3192, 0.2921
0.3192, 0.2921
0.3192, 0.2921
0.3192, 0.2921
0.3192, 0.2921
0.3192, 0.2921
0.3192, 0.2921
0.3239, 0.2946
0.3239, 0.2946
0.3239, 0.2946
0.3239, 0.2946
0.3239, 0.2970
0.3239, 0.2970
0.3239, 0.2970
0.3239, 0.2970
0.3286, 0.2995
0.3286, 0.2995
0.3286, 0.2995
0.3286, 0.3020
0.3286, 0.3020
0.3286, 0.3020
0.3286, 0.3045
0.3286, 0.3045
0.3286, 0.3045
0.3286, 0.3045
0.3333, 0.3069
0.3333, 0.3069
0.3333, 0.3069
0.3333, 0.3069
0.3333, 0.3069
0.3333, 0.3069
0.3333, 0.3069
0.3333, 0.3069
0.3380, 0.3094
0.3380, 0.3094
0.3380, 0.3094
0.3380, 0.3119
0.3380, 0.3119
0.3380, 0.3119
0.3380, 0.3119
0.3427, 0.3119
0.3427, 0.3119
0.3427, 0.3119
0.3427, 0.3119
0.3427, 0.3119
0.3427, 0.3119
0.3427, 0.3144
0.3427, 0.3144
0.3427, 0.3144
0.3427, 0.3144
0.3474, 0.3168
0.3474, 0.3168
0.3474, 0.3168
0.3474, 0.3193
0.3474, 0.3193
0.3474, 0.3193
0.3474, 0.3193
0.3521, 0.3193
0.3521, 0.3193
0.3521, 0.3193
0.3521, 0.3193
0.3521, 0.3193
0.3521, 0.3193
0.3521, 0.3193
0.3521, 0.3218
0.3521, 0.3218
0.3521, 0.3218
0.3521, 0.3218
0.3568, 0.3243
0.3568, 0.3243
0.3568, 0.3243
0.3568, 0.3243
0.3568, 0.3243
0.3568, 0.3243
0.3568, 0.3243
0.3568, 0.3243
0.3615, 0.3243
0.3615, 0.3243
0.3615, 0.3243
0.3615, 0.3243
0.3615, 0.3243
0.3615, 0.3243
0.3615, 0.3243
0.3615, 0.3267
0.3615, 0.3267
0.3615, 0.3267
0.3662, 0.3292
0.3662, 0.3292
0.3662, 0.3292
0.3662, 0.3292
0.3662, 0.3292
0.3662, 0.3292
0.3662, 0.3292
0.3662, 0.3317
0.3662, 0.3317
0.3662, 0.3317
0.3662, 0.3317
0.3662, 0.3317
0.3662, 0.3317
0.3662, 0.3317
0.3662, 0.3317
0.3709, 0.3317
0.3709, 0.3317
0.3709, 0.3317
0.3709, 0.3317
0.3709, 0.3317
0.3709, 0.3317
0.3709, 0.3317
0.3756, 0.3342
0.3756, 0.3342
0.3756, 0.3342
0.3756, 0.3342
0.3756, 0.3366
0.3756, 0.3366
0.3756, 0.3366
0.3756, 0.3366
0.3756, 0.3366
0.3756, 0.3366
0.3756, 0.3366
0.3803, 0.3366
0.3803, 0.3366
0.3803, 0.3366
0.3803, 0.3366
0.3803, 0.3366
0.3803, 0.3366
0.3850, 0.3391
0.3850, 0.3391
0.3850, 0.3391
0.3850, 0.3391
0.3850, 0.3391
0.3850, 0.3391
0.3850, 0.3391
0.3850, 0.3391
0.3897, 0.3416
0.3897, 0.3416
0.3897, 0.3416
0.3897, 0.3441
0.3897, 0.3441
0.3897, 0.3441
0.3897, 0.3441
0.3897, 0.3441
0.3897, 0.3441
0.3897, 0.3441
0.3897, 0.3441
0.3944, 0.3441
0.3944, 0.3441
0.3944, 0.3441
0.3944, 0.3441
0.3944, 0.3441
0.3944, 0.3441
0.3944, 0.3441
0.3991, 0.3465
0.3991, 0.3465
0.3991, 0.3465
0.3991, 0.3465
0.3991, 0.3490
0.3991, 0.3490
0.3991, 0.3490
0.4038, 0.3490
0.4038, 0.3490
0.4038, 0.3490
0.4038, 0.3490
0.4085, 0.3515
0.4085, 0.3515
0.4085, 0.3515
0.4131, 0.3515
0.4131, 0.3515
0.4131, 0.3515
0.4131, 0.3540
0.4131, 0.3540
0.4131, 0.3540
0.4131, 0.3540
0.4131, 0.3564
0.4131, 0.3564
0.4131, 0.3564
0.4131, 0.3564
0.4178, 0.3564
0.4178, 0.3564
0.4178, 0.3564
0.4225, 0.3564
0.4225, 0.3564
0.4225, 0.3564
0.4225, 0.3564
0.4225, 0.3564
0.4225, 0.3564
0.4225, 0.3564
0.4225, 0.3589
0.4225, 0.3589
0.4225, 0.3589
0.4272, 0.3614
0.4272, 0.3614
0.4272, 0.3614
0.4272, 0.3614
0.4272, 0.3614
0.4272, 0.3614
0.4272, 0.3614
0.4272, 0.3614
0.4319, 0.3614
0.4319, 0.3614
0.4319, 0.3614
0.4319, 0.3614
0.4319, 0.3614
0.4319, 0.3614
0.4319, 0.3614
0.4366, 0.3639
0.4366, 0.3639
0.4366, 0.3639
0.4366, 0.3639
0.4366, 0.3639
0.4366, 0.3639
0.4366, 0.3639
0.4366, 0.3639
0.4366, 0.3663
0.4366, 0.3663
0.4366, 0.3663
0.4413, 0.3663
0.4413, 0.3663
0.4413, 0.3663
0.4460, 0.3663
0.4460, 0.3663
0.4460, 0.3663
0.4460, 0.3663
0.4460, 0.3663
0.4460, 0.3663
0.4460, 0.3663
0.4460, 0.3663
0.4460, 0.3688
0.4460, 0.3688
0.4460, 0.3688
0.4507, 0.3688
0.4507, 0.3688
0.4507, 0.3688
0.4507, 0.3713
0.4507, 0.3713
0.4507, 0.3713
0.4554, 0.3713
0.4554, 0.3713
0.4554, 0.3713
0.4554, 0.3713
0.4554, 0.3713
0.4554, 0.3713
0.4554, 0.3713
0.4554, 0.3713
0.4554, 0.3738
0.4554, 0.3738
0.4554, 0.3738
0.4554, 0.3738
0.4554, 0.3738
0.4554, 0.3738
0.4554, 0.3738
0.4554, 0.3738
0.4554, 0.3738
0.4554, 0.3738
0.4554, 0.3738
0.4601, 0.3738
0.4601, 0.3738
0.4601, 0.3738
0.4601, 0.3738
0.4601, 0.3738
0.4601, 0.3738
0.4601, 0.3738
0.4648, 0.3738
0.4648, 0.3738
0.4648, 0.3738
0.4648, 0.3738
0.4648, 0.3738
0.4648, 0.3738
0.4648, 0.3738
0.4648, 0.3762
0.4648, 0.3762
0.4648, 0.3762
0.4695, 0.3762
0.4695, 0.3762
0.4695, 0.3762
0.4695, 0.3762
0.4695, 0.3762
0.4695, 0.3762
0.4695, 0.3762
0.4695, 0.3762
0.4695, 0.3762
0.4695, 0.3762
0.4695, 0.3787
0.4695, 0.3787
0.4695, 0.3787
0.4695, 0.3787
0.4742, 0.3787
0.4742, 0.3787
0.4742, 0.3787
0.4742, 0.3787
0.4742, 0.3787
0.4742, 0.3787
0.4742, 0.3787
0.4789, 0.3787
0.4789, 0.3787
0.4789, 0.3787
0.4789, 0.3787
0.4789, 0.3787
0.4789, 0.3787
0.4789, 0.3787
0.4789, 0.3787
0.4789, 0.3787
0.4789, 0.3787
0.4789, 0.3787
0.4836, 0.3787
0.4836, 0.3787
0.4836, 0.3787
0.4930, 0.3812
0.4930, 0.3812
0.4930, 0.3812
0.4930, 0.3812
0.4930, 0.3812
0.4930, 0.3812
0.4930, 0.3812
0.4977, 0.3812
0.4977, 0.3812
0.4977, 0.3812
0.5023, 0.3837
0.5023, 0.3837
0.5023, 0.3837
0.5023, 0.3837
0.5070, 0.3837
0.5070, 0.3837
0.5070, 0.3837
0.5070, 0.3837
0.5070, 0.3837
0.5070, 0.3837
0.5117, 0.3837
0.5117, 0.3837
0.5117, 0.3837
0.5117, 0.3837
0.5117, 0.3861
0.5117, 0.3861
0.5117, 0.3861
0.5164, 0.3861
0.5164, 0.3861
0.5164, 0.3861
0.5164, 0.3861
0.5164, 0.3861
0.5164, 0.3861
0.5164, 0.3861
0.5164, 0.3861
0.5164, 0.3861
0.5164, 0.3861
0.5211, 0.3861
0.5211, 0.3861
0.5211, 0.3861
0.5211, 0.3861
0.5258, 0.3861
0.5258, 0.3861
0.5258, 0.3861
0.5258, 0.3861
0.5258, 0.3861
0.5258, 0.3861
0.5258, 0.3861
0.5305, 0.3861
0.5305, 0.3861
0.5305, 0.3861
0.5305, 0.3861
0.5305, 0.3861
0.5305, 0.3861
0.5399, 0.3861
0.5399, 0.3861
0.5399, 0.3861
0.5399, 0.3861
0.5399, 0.3861
0.5399, 0.3861
0.5399, 0.3861
0.5493, 0.3861
0.5493, 0.3861
0.5493, 0.3861
0.5540, 0.3861
0.5540, 0.3861
0.5540, 0.3861
0.5540, 0.3861
0.5540, 0.3861
0.5540, 0.3861
0.5540, 0.3861
0.5587, 0.3886
0.5587, 0.3886
0.5587, 0.3886
0.5587, 0.3886
0.5634, 0.3886
0.5634, 0.3886
0.5634, 0.3886
0.5681, 0.3886
0.5681, 0.3886
0.5681, 0.3886
0.5681, 0.3886
0.5681, 0.3886
0.5681, 0.3886
0.5681, 0.3886
0.5681, 0.3886
0.5681, 0.3886
0.5681, 0.3886
0.5681, 0.3886
0.5728, 0.3886
0.5728, 0.3886
0.5728, 0.3886
0.5775, 0.3886
0.5775, 0.3886
0.5775, 0.3886
0.5775, 0.3911
0.5775, 0.3911
0.5775, 0.3911
0.5822, 0.3911
0.5822, 0.3911
0.5822, 0.3911
0.5822, 0.3911
0.5869, 0.3911
0.5869, 0.3911
0.5869, 0.3911
0.5915, 0.3911
0.5915, 0.3911
0.5915, 0.3911
0.5915, 0.3911
0.5915, 0.3911
0.5915, 0.3911
0.5915, 0.3911
0.5915, 0.3911
0.5915, 0.3911
0.5915, 0.3911
0.5915, 0.3911
0.5962, 0.3911
0.5962, 0.3911
0.5962, 0.3911
0.5962, 0.3911
0.5962, 0.3911
0.5962, 0.3911
0.5962, 0.3911
0.6009, 0.3911
0.6009, 0.3911
0.6009, 0.3911
0.6009, 0.3911
0.6009, 0.3911
0.6009, 0.3911
0.6009, 0.3911
0.6009, 0.3911
0.6009, 0.3911
0.6009, 0.3911
0.6056, 0.3911
0.6056, 0.3911
0.6056, 0.3911
0.6056, 0.3911
0.6056, 0.3911
0.6056, 0.3911
0.6056, 0.3911
0.6103, 0.3911
0.6103, 0.3911
0.6103, 0.3911
0.6150, 0.3911
0.6150, 0.3911
0.6150, 0.3911
0.6150, 0.3911
0.6150, 0.3911
0.6150, 0.3911
0.6197, 0.3911
0.6197, 0.3911
0.6197, 0.3911
0.6197, 0.3911
0.6244, 0.3911
0.6244, 0.3911
0.6244, 0.3911
0.6244, 0.3911
0.6244, 0.3911
0.6244, 0.3911
0.6291, 0.3911
0.6291, 0.3911
0.6291, 0.3911
0.6338, 0.3911
0.6338, 0.3911
0.6338, 0.3911
0.6338, 0.3911
0.6338, 0.3911
0.6338, 0.3911
0.6338, 0.3911
0.6385, 0.3911
0.6385, 0.3911
0.6385, 0.3911
0.6432, 0.3911
0.6432, 0.3911
0.6432, 0.3911
0.6479, 0.3911
0.6479, 0.3911
0.6479, 0.3911
0.6479, 0.3911
0.6479, 0.3911
0.6479, 0.3911
0.6526, 0.3911
0.6526, 0.3911
0.6526, 0.3911
0.6526, 0.3911
0.6573, 0.3911
0.6573, 0.3911
0.6573, 0.3911
0.6573, 0.3911
0.6573, 0.3911
0.6667, 0.3911
0.6714, 0.3911
0.6714, 0.3911
0.6761, 0.3911
0.6808, 0.3911
0.6808, 0.3911
0.6854, 0.3911
0.6901, 0.3911
0.6901, 0.3911
0.6901, 0.3911
0.6901, 0.3911
0.6901, 0.3911
0.6948, 0.3911
0.6948, 0.3911
0.6948, 0.3911
0.6948, 0.3911
0.6948, 0.3911
0.6948, 0.3911
0.6948, 0.3911
0.6948, 0.3911
0.6948, 0.3911
0.6948, 0.3911
0.6948, 0.3911
0.6995, 0.3911
0.6995, 0.3911
0.6995, 0.3911
0.7042, 0.3886
0.7042, 0.3886
0.7042, 0.3886
0.7089, 0.3886
0.7089, 0.3886
0.7089, 0.3886
0.7089, 0.3886
0.7089, 0.3886
0.7089, 0.3886
0.7089, 0.3886
0.7136, 0.3886
0.7136, 0.3886
0.7136, 0.3886
0.7183, 0.3886
0.7183, 0.3886
0.7183, 0.3886
0.7183, 0.3886
0.7183, 0.3886
0.7183, 0.3886
0.7183, 0.3886
0.7230, 0.3886
0.7230, 0.3886
0.7230, 0.3886
0.7324, 0.3886
0.7324, 0.3886
0.7324, 0.3886
0.7324, 0.3861
0.7324, 0.3861
0.7324, 0.3861
0.7324, 0.3861
0.7371, 0.3861
0.7371, 0.3861
0.7371, 0.3861
0.7418, 0.3861
0.7418, 0.3861
0.7418, 0.3861
0.7418, 0.3837
0.7418, 0.3837
0.7418, 0.3837
0.7465, 0.3837
0.7465, 0.3837
0.7465, 0.3837
0.7465, 0.3837
0.7465, 0.3837
0.7465, 0.3837
0.7465, 0.3837
0.7512, 0.3837
0.7512, 0.3837
0.7512, 0.3837
0.7512, 0.3837
0.7512, 0.3837
0.7512, 0.3837
0.7512, 0.3837
0.7559, 0.3837
0.7559, 0.3837
0.7559, 0.3837
0.7559, 0.3837
0.7559, 0.3837
0.7559, 0.3837
0.7559, 0.3837
0.7559, 0.3812
0.7559, 0.3812
0.7559, 0.3812
0.7606, 0.3812
0.7606, 0.3812
0.7606, 0.3812
0.7653, 0.3787
0.7653, 0.3787
0.7653, 0.3787
0.7653, 0.3787
0.7653, 0.3787
0.7653, 0.3787
0.7700, 0.3762
0.7700, 0.3762
0.7700, 0.3762
0.7700, 0.3762
0.7746, 0.3762
0.7746, 0.3762
0.7746, 0.3762
0.7793, 0.3762
0.7793, 0.3762
0.7793, 0.3762
0.7840, 0.3762
0.7840, 0.3762
0.7840, 0.3762
0.7887, 0.3738
0.7887, 0.3738
0.7887, 0.3738
0.7887, 0.3738
0.7934, 0.3738
0.7934, 0.3738
0.7934, 0.3738
0.7934, 0.3713
0.7934, 0.3713
0.7934, 0.3713
0.8028, 0.3713
0.8028, 0.3713
0.8028, 0.3713
0.8028, 0.3713
0.8028, 0.3713
0.8028, 0.3713
0.8028, 0.3713
0.8075, 0.3713
0.8075, 0.3713
0.8075, 0.3713
0.8122, 0.3688
0.8122, 0.3688
0.8122, 0.3688
0.8122, 0.3688
0.8122, 0.3688
0.8122, 0.3688
0.8122, 0.3688
0.8169, 0.3663
0.8169, 0.3663
0.8169, 0.3663
0.8169, 0.3663
0.8169, 0.3663
0.8169, 0.3663
0.8169, 0.3663
0.8169, 0.3663
0.8169, 0.3663
0.8169, 0.3663
0.8216, 0.3639
0.8216, 0.3639
0.8216, 0.3639
0.8263, 0.3639
0.8263, 0.3639
0.8263, 0.3639
0.8263, 0.3639
0.8263, 0.3639
0.8263, 0.3639
0.8263, 0.3639
0.8263, 0.3639
0.8263, 0.3639
0.8310, 0.3614
0.8310, 0.3614
0.8310, 0.3614
0.8310, 0.3614
0.8357, 0.3614
0.8357, 0.3614
0.8357, 0.3614
0.8404, 0.3614
0.8404, 0.3614
0.8404, 0.3614
0.8404, 0.3589
0.8404, 0.3589
0.8404, 0.3589
0.8404, 0.3589
0.8404, 0.3589
0.8404, 0.3589
0.8404, 0.3589
0.8451, 0.3589
0.8451, 0.3589
0.8498, 0.3589
0.8498, 0.3589
0.8498, 0.3589
0.8498, 0.3564
0.8498, 0.3564
0.8498, 0.3564
0.8498, 0.3564
0.8498, 0.3564
0.8498, 0.3564
0.8498, 0.3564
0.8545, 0.3540
0.8545, 0.3540
0.8545, 0.3540
0.8545, 0.3540
0.8545, 0.3540
0.8545, 0.3540
0.8545, 0.3540
0.8592, 0.3515
0.8592, 0.3515
0.8592, 0.3515
0.8592, 0.3515
0.8592, 0.3515
0.8592, 0.3515
0.8638, 0.3515
0.8638, 0.3515
0.8638, 0.3515
0.8638, 0.3515
0.8638, 0.3490
0.8638, 0.3490
0.8638, 0.3490
0.8685, 0.3490
0.8685, 0.3490
0.8685, 0.3490
0.8685, 0.3465
0.8685, 0.3465
0.8685, 0.3465
0.8732, 0.3465
0.8732, 0.3465
0.8732, 0.3465
0.8732, 0.3465
0.8732, 0.3465
0.8732, 0.3465
0.8732, 0.3441
0.8732, 0.3441
0.8732, 0.3441
0.8779, 0.3441
0.8779, 0.3441
0.8779, 0.3441
0.8779, 0.3416
0.8779, 0.3416
0.8779, 0.3416
0.8779, 0.3416
0.8826, 0.3416
0.8826, 0.3416
0.8826, 0.3416
0.8826, 0.3391
0.8826, 0.3391
0.8826, 0.3391
0.8873, 0.3391
0.8873, 0.3391
0.8873, 0.3391
0.8873, 0.3391
0.8873, 0.3391
0.8873, 0.3391
0.8873, 0.3391
0.8873, 0.3391
0.8873, 0.3391
0.8873, 0.3391
0.8920, 0.3366
0.8920, 0.3366
0.8920, 0.3366
0.8920, 0.3342
0.8920, 0.3342
0.8920, 0.3342
0.8967, 0.3342
0.8967, 0.3342
0.8967, 0.3342
0.8967, 0.3342
0.8967, 0.3342
0.8967, 0.3342
0.9014, 0.3317
0.9014, 0.3317
0.9014, 0.3317
0.9014, 0.3292
0.9014, 0.3292
0.9014, 0.3292
0.9061, 0.3267
0.9061, 0.3267
0.9061, 0.3267
0.9061, 0.3267
0.9108, 0.3267
0.9108, 0.3267
0.9108, 0.3267
0.9108, 0.3267
0.9108, 0.3267
0.9108, 0.3267
0.9108, 0.3243
0.9108, 0.3243
0.9108, 0.3243
0.9108, 0.3243
0.9108, 0.3243
0.9108, 0.3243
0.9108, 0.3243
0.9155, 0.3218
0.9155, 0.3218
0.9155, 0.3218
0.9155, 0.3218
0.9155, 0.3218
0.9155, 0.3218
0.9202, 0.3218
0.9202, 0.3218
0.9202, 0.3218
0.9202, 0.3193
0.9202, 0.3193
0.9202, 0.3193
0.9202, 0.3168
0.9202, 0.3168
0.9202, 0.3168
0.9202, 0.3168
0.9202, 0.3168
0.9202, 0.3168
0.9202, 0.3168
0.9249, 0.3144
0.9249, 0.3144
0.9249, 0.3144
0.9249, 0.3144
0.9249, 0.3144
0.9249, 0.3144
0.9296, 0.3119
0.9296, 0.3119
0.9296, 0.3119
0.9296, 0.3094
0.9296, 0.3094
0.9296, 0.3094
0.9296, 0.3094
0.9343, 0.3094
0.9343, 0.3094
0.9343, 0.3094
0.9343, 0.3094
0.9343, 0.3094
0.9343, 0.3094
0.9343, 0.3069
0.9343, 0.3069
0.9343, 0.3069
0.9343, 0.3045
0.9343, 0.3045
0.9343, 0.3045
0.9390, 0.3045
0.9390, 0.3045
0.9390, 0.3045
0.9390, 0.3020
0.9390, 0.3020
0.9390, 0.3020
0.9390, 0.3020
0.9390, 0.3020
0.9390, 0.3020
0.9390, 0.3020
0.9437, 0.2995
0.9437, 0.2995
0.9437, 0.2995
0.9437, 0.2970
0.9437, 0.2970
0.9437, 0.2970
0.9437, 0.2970
0.9437, 0.2970
0.9437, 0.2970
0.9437, 0.2946
0.9437, 0.2946
0.9437, 0.2946
0.9437, 0.2946
0.9437, 0.2946
0.9437, 0.2946
0.9437, 0.2946
0.9484, 0.2921
0.9484, 0.2921
0.9484, 0.2921
0.9484, 0.2921
0.9484, 0.2921
0.9484, 0.2921
0.9531, 0.2921
0.9531, 0.2921
0.9531, 0.2921
0.9531, 0.2896
0.9531, 0.2896
0.9531, 0.2896
0.9531, 0.2871
0.9531, 0.2871
0.9531, 0.2871
0.9531, 0.2871
0.9531, 0.2871
0.9531, 0.2871
0.9531, 0.2847
0.9531, 0.2847
0.9531, 0.2847
0.9531, 0.2847
0.9531, 0.2847
0.9531, 0.2847
0.9577, 0.2822
0.9577, 0.2822
0.9577, 0.2822
0.9577, 0.2797
0.9577, 0.2797
0.9577, 0.2797
0.9624, 0.2797
0.9624, 0.2797
0.9624, 0.2797
0.9624, 0.2772
0.9624, 0.2772
0.9624, 0.2772
0.9671, 0.2748
0.9671, 0.2748
0.9671, 0.2748
0.9671, 0.2748
0.9671, 0.2748
0.9671, 0.2748
0.9671, 0.2723
0.9671, 0.2723
0.9671, 0.2723
0.9671, 0.2723
0.9671, 0.2723
0.9671, 0.2723
0.9671, 0.2698
0.9671, 0.2698
0.9671, 0.2698
0.9718, 0.2673
0.9718, 0.2673
0.9718, 0.2673
0.9718, 0.2673
0.9718, 0.2673
0.9718, 0.2673
0.9718, 0.2673
0.9718, 0.2649
0.9718, 0.2649
0.9765, 0.2624
0.9765, 0.2624
0.9765, 0.2624
0.9765, 0.2599
0.9765, 0.2599
0.9765, 0.2599
0.9765, 0.2599
0.9765, 0.2599
0.9765, 0.2599
0.9765, 0.2599
0.9765, 0.2599
0.9765, 0.2599
0.9765, 0.2599
0.9765, 0.2574
0.9765, 0.2574
0.9765, 0.2574
0.9765, 0.2550
0.9765, 0.2550
0.9765, 0.2550
0.9765, 0.2550
0.9765, 0.2550
0.9765, 0.2550
0.9812, 0.2525
0.9812, 0.2525
0.9812, 0.2525
0.9812, 0.2500
0.9812, 0.2500
0.9812, 0.2500
0.9812, 0.2475
0.9812, 0.2475
0.9812, 0.2475
0.9812, 0.2450
0.9812, 0.2450
0.9812, 0.2450
0.9859, 0.2426
0.9859, 0.2426
0.9859, 0.2426
0.9859, 0.2426
0.9859, 0.2426
0.9859, 0.2426
0.9859, 0.2401
0.9859, 0.2401
0.9859, 0.2401
0.9906, 0.2376
0.9906, 0.2376
0.9906, 0.2376
0.9906, 0.2351
0.9906, 0.2351
0.9906, 0.2351
0.9906, 0.2351
0.9906, 0.2351
0.9906, 0.2351
0.9906, 0.2327
0.9906, 0.2327
0.9906, 0.2327
0.9906, 0.2302
0.9906, 0.2302
0.9906, 0.2302
0.9906, 0.2302
0.9906, 0.2302
0.9906, 0.2302
0.9906, 0.2302
0.9906, 0.2277
0.9906, 0.2277
0.9906, 0.2228
0.9906, 0.2228
0.9906, 0.2228
0.9906, 0.2228
0.9906, 0.2228
0.9906, 0.2228
0.9906, 0.2203
0.9906, 0.2203
0.9906, 0.2203
0.9906, 0.2153
0.9906, 0.2153
0.9906, 0.2153
0.9953, 0.2153
0.9953, 0.2153
0.9953, 0.2153
0.9953, 0.2129
0.9953, 0.2129
0.9953, 0.2129
0.9953, 0.2079
0.9953, 0.2079
0.9953, 0.2079
0.9953, 0.2079
0.9953, 0.2079
0.9953, 0.2079
0.9953, 0.2054
0.9953, 0.2054
0.9953, 0.2054
0.9953, 0.2030
0.9953, 0.2030
0.9953, 0.2030
1.0000, 0.2005
1.0000, 0.2005
1.0000, 0.2005
1.0000, 0.1980
1.0000, 0.1980
1.0000, 0.1980
1.0000, 0.1955
1.0000, 0.1955
1.0000, 0.1955
1.0000, 0.1931
1.0000, 0.1931
1.0000, 0.1931
1.0000, 0.1881
1.0000, 0.1881
1.0000, 0.1881
1.0000, 0.1881
1.0000, 0.1881
1.0000, 0.1881
1.0000, 0.1881
1.0000, 0.1832
1.0000, 0.1832
1.0000, 0.1807
1.0000, 0.1807
1.0000, 0.1807
1.0000, 0.1782
1.0000, 0.1782
1.0000, 0.1782
1.0000, 0.1733
1.0000, 0.1733
1.0000, 0.1733
1.0000, 0.1733
1.0000, 0.1733
1.0000, 0.1733
1.0000, 0.1683
1.0000, 0.1683
1.0000, 0.1683
1.0000, 0.1658
1.0000, 0.1658
1.0000, 0.1658
1.0000, 0.1634
1.0000, 0.1634
1.0000, 0.1609
1.0000, 0.1609
1.0000, 0.1609
1.0000, 0.1584
1.0000, 0.1584
1.0000, 0.1584
1.0000, 0.1559
1.0000, 0.1559
1.0000, 0.1559
1.0000, 0.1535
1.0000, 0.1535
1.0000, 0.1535
1.0000, 0.1535
1.0000, 0.1535
1.0000, 0.1535
1.0000, 0.1535
1.0000, 0.1510
1.0000, 0.1510
1.0000, 0.1485
1.0000, 0.1485
1.0000, 0.1485
1.0000, 0.1460
1.0000, 0.1460
1.0000, 0.1460
1.0000, 0.1436
1.0000, 0.1436
1.0000, 0.1436
1.0000, 0.1411
1.0000, 0.1411
1.0000, 0.1411
1.0000, 0.1386
1.0000, 0.1386
1.0000, 0.1386
1.0000, 0.1386
1.0000, 0.1386
1.0000, 0.1386
1.0000, 0.1337
1.0000, 0.1337
1.0000, 0.1337
1.0000, 0.1337
1.0000, 0.1337
1.0000, 0.1337
1.0000, 0.1287
1.0000, 0.1287
1.0000, 0.1287
1.0000, 0.1262
1.0000, 0.1262
1.0000, 0.1262
1.0000, 0.1238
1.0000, 0.1238
1.0000, 0.1238
1.0000, 0.1188
1.0000, 0.1188
1.0000, 0.1188
1.0000, 0.1188
1.0000, 0.1188
1.0000, 0.1139
1.0000, 0.1139
1.0000, 0.1139
1.0000, 0.1114
1.0000, 0.1114
1.0000, 0.1114
1.0000, 0.1089
1.0000, 0.1089
1.0000, 0.1089
1.0000, 0.1064
1.0000, 0.1064
1.0000, 0.1064
0.9953, 0.1015
0.9953, 0.1015
0.9953, 0.1015
0.9953, 0.1015
0.9953, 0.1015
0.9953, 0.1015
0.9953, 0.0965
0.9953, 0.0965
0.9953, 0.0965
0.9953, 0.0941
0.9953, 0.0941
0.9953, 0.0941
0.9906, 0.0916
0.9906, 0.0916
0.9906, 0.0916
0.9906, 0.0866
0.9906, 0.0866
0.9906, 0.0866
0.9906, 0.0866
0.9906, 0.0866
0.9906, 0.0866
0.9906, 0.0842
0.9906, 0.0842
0.9906, 0.0817
0.9906, 0.0817
0.9906, 0.0817
0.9906, 0.0792
0.9906, 0.0792
0.9906, 0.0792
0.9906, 0.0767
0.9906, 0.0767
0.9906, 0.0743
0.9906, 0.0743
0.9906, 0.0743
0.9859, 0.0743
0.9859, 0.0743
0.9859, 0.0743
0.9859, 0.0718
0.9859, 0.0718
0.9859, 0.0718
0.9859, 0.0693
0.9859, 0.0693
0.9859, 0.0693
0.9859, 0.0668
0.9859, 0.0668
0.9859, 0.0668
0.9859, 0.0668
0.9859, 0.0668
0.9859, 0.0668
0.9812, 0.0644
0.9812, 0.0644
0.9812, 0.0644
0.9812, 0.0619
0.9812, 0.0619
0.9812, 0.0594
0.9812, 0.0594
0.9812, 0.0594
0.9812, 0.0569
0.9812, 0.0569
0.9812, 0.0569
0.9812, 0.0545
0.9812, 0.0545
0.9812, 0.0545
0.9812, 0.0545
0.9812, 0.0545
0.9812, 0.0520
0.9812, 0.0520
0.9812, 0.0520
0.9812, 0.0520
0.9812, 0.0520
0.9812, 0.0520
0.9812, 0.0495
0.9812, 0.0495
0.9812, 0.0495
0.9765, 0.0495
0.9765, 0.0495
0.9765, 0.0495
0.9765, 0.0495
0.9765, 0.0495
0.9765, 0.0495
0.9765, 0.0495
0.9765, 0.0495
0.9765, 0.0495
0.9765, 0.0495
0.9765, 0.0470
0.9765, 0.0470
0.9765, 0.0470
0.9765, 0.0470
0.9765, 0.0470
0.9765, 0.0470
0.9765, 0.0446
0.9765, 0.0446
0.9765, 0.0446
0.9765, 0.0446
0.9765, 0.0446
0.9765, 0.0446
0.9765, 0.0421
0.9765, 0.0421
0.9765, 0.0421
0.9765, 0.0421
0.9765, 0.0421
0.9765, 0.0421
0.9765, 0.0421
0.9765, 0.0421
0.9765, 0.0421
0.9765, 0.0421
0.9765, 0.0421
0.9765, 0.0421
0.9765, 0.0421
0.9765, 0.0421
0.9765, 0.0421
0.9765, 0.0421
0.9765, 0.0421
0.9765, 0.0421
0.9765, 0.0421
0.9765, 0.0421
0.9765, 0.0421
0.9765, 0.0421
0.9765, 0.0421
0.9765, 0.0421
0.9765, 0.0421
0.9765, 0.0421
0.9765, 0.0421
0.9765, 0.0421
0.9765, 0.0421
0.9765, 0.0421
0.9765, 0.0421
0.9765, 0.0421
0.9765, 0.0421
0.9765, 0.0421
0.9765, 0.0421
0.9765, 0.0421
0.9765, 0.0421
0.9765, 0.0421
0.9765, 0.0421
0.9765, 0.0421
0.9718, 0.0421
0.9718, 0.0421
0.9718, 0.0421
0.9718, 0.0421
0.9718, 0.0421
0.9718, 0.0421
0.9718, 0.0421
0.9718, 0.0421
0.9718, 0.0421
0.9718, 0.0421
0.9718, 0.0421
0.9718, 0.0421
0.9718, 0.0421
0.6244, 0.3886
0.6244, 0.3886
0.6244, 0.3886
0.6244, 0.3886
0.6244, 0.3886
0.6244, 0.3886
0.6244, 0.3886
0.6244, 0.3886
0.6244, 0.3886
0.6244, 0.3886
0.6244, 0.3886
0.6244, 0.3886
0.6244, 0.3886
0.6244, 0.3886
0.6244, 0.3886
0.6244, 0.3886
0.6244, 0.3886
0.6244, 0.3886
0.6244, 0.3886
0.6244, 0.3886
0.6244, 0.3886
0.6244, 0.3886
0.6244, 0.3886
0.6244, 0.3886
0.6244, 0.3886
0.6244, 0.3886
0.6244, 0.3886
0.6244, 0.3886
0.6244, 0.3886
0.6244, 0.3886
0.6244, 0.3886
0.6244, 0.3886
0.6244, 0.3886
0.6244, 0.3886
0.6244, 0.3886
0.6244, 0.3886
0.6244, 0.3886
0.6244, 0.3886
0.6244, 0.3886
0.6244, 0.3886
0.6244, 0.3886
0.6244, 0.3886
0.6244, 0.3886
0.6244, 0.3886
0.6244, 0.3886
0.6244, 0.3886
0.6244, 0.3886
0.6244, 0.3886
0.6244, 0.3886
0.6244, 0.3886
0.6244, 0.3886
0.6244, 0.3886
0.6244, 0.3886
0.6244, 0.3886
0.6244, 0.3886
0.6244, 0.3886
0.6244, 0.3886
0.6244, 0.3886
0.6244, 0.3886
0.6244, 0.3886
0.6244, 0.3886
0.6244, 0.3886
0.6244, 0.3886
0.6244, 0.3886
0.6244, 0.3886
0.6244, 0.3886
0.6244, 0.3886
0.6244, 0.3886
0.6244, 0.3886
0.6244, 0.3886
0.6244, 0.3886
0.6244, 0.3886
0.6244, 0.3886
0.6244, 0.3886
0.6244, 0.3886
0.6244, 0.3886
0.6244, 0.3886
0.6244, 0.3886
0.6244, 0.3886
0.6244, 0.3886
0.6197, 0.3886
0.6197, 0.3886
0.6197, 0.3886
0.6197, 0.3861
0.6197, 0.3861
0.6197, 0.3861
0.6197, 0.3861
0.6197, 0.3861
0.6197, 0.3861
0.6197, 0.3861
0.6197, 0.3837
0.6197, 0.3837
0.6197, 0.3837
0.6197, 0.3837
0.6197, 0.3837
0.6197, 0.3837
0.6197, 0.3837
0.6197, 0.3837
0.6197, 0.3837
0.6197, 0.3837
0.6197, 0.3837
0.6197, 0.3837
0.6197, 0.3812
0.6197, 0.3812
0.6197, 0.3812
0.6197, 0.3812
0.6197, 0.3787
0.6197, 0.3787
0.6197, 0.3787
0.6197, 0.3787
0.6197, 0.3787
0.6197, 0.3787
0.6197, 0.3787
0.6197, 0.3787
0.6197, 0.3787
0.6197, 0.3787
0.6197, 0.3787
0.6197, 0.3787
0.6197, 0.3787
0.6197, 0.3762
0.6197, 0.3762
0.6197, 0.3762
0.6197, 0.3762
0.6197, 0.3738
0.6197, 0.3738
0.6197, 0.3738
0.6197, 0.3738
0.6197, 0.3738
0.6197, 0.3738
0.6197, 0.3738
0.6197, 0.3738
0.6197, 0.3738
0.6197, 0.3738
0.6197, 0.3738
0.6197, 0.3738
0.6197, 0.3713
0.6197, 0.3713
0.6197, 0.3713
0.6197, 0.3713
0.6197, 0.3688
0.6197, 0.3688
0.6197, 0.3688
0.6197, 0.3688
0.6197, 0.3688
0.6197, 0.3688
0.6197, 0.3688
0.6197, 0.3688
0.6197, 0.3688
0.6197, 0.3663
0.6197, 0.3663
0.6197, 0.3663
0.6197, 0.3663
0.6197, 0.3663
0.6197, 0.3663
0.6197, 0.3663
0.6197, 0.3663
0.6197, 0.3663
0.6197, 0.3663
0.6197, 0.3663
0.6197, 0.3663
0.6197, 0.3663
0.6197, 0.3663
0.6197, 0.3663
0.6197, 0.3663
0.6197, 0.3663
0.6197, 0.3639
0.6197, 0.3639
0.6197, 0.3639
0.6197, 0.3639
0.6197, 0.3614
0.6197, 0.3614
0.6197, 0.3614
0.6197, 0.3614
0.6197, 0.3614
0.6197, 0.3614
0.6197, 0.3614
0.6197, 0.3614
0.6197, 0.3614
0.6197, 0.3614
0.6197, 0.3614
0.6197, 0.3614
0.6197, 0.3614
0.6197, 0.3589
0.6197, 0.3589
0.6197, 0.3589
0.6197, 0.3589
0.6197, 0.3589
0.6197, 0.3589
0.6197, 0.3589
0.6197, 0.3589
0.6197, 0.3589
0.6197, 0.3564
0.6197, 0.3564
0.6197, 0.3564
0.6197, 0.3564
0.6197, 0.3564
0.6197, 0.3564
0.6197, 0.3564
0.6197, 0.3564
0.6197, 0.3540
0.6197, 0.3540
0.6197, 0.3540
0.6197, 0.3540
0.6197, 0.3540
0.6197, 0.3540
0.6197, 0.3540
0.6197, 0.3540
0.6197, 0.3540
0.6197, 0.3540
0.6197, 0.3540
0.6197, 0.3540
0.6197, 0.3540
0.6197, 0.3540
0.6197, 0.3540
0.6197, 0.3540
0.6197, 0.3515
0.6197, 0.3515
0.6197, 0.3515
0.6197, 0.3515
0.6197, 0.3515
0.6197, 0.3515
0.6197, 0.3515
0.6197, 0.3515
0.6197, 0.3490
0.6197, 0.3490
0.6197, 0.3490
0.6197, 0.3490
0.6197, 0.3490
0.6197, 0.3490
0.6197, 0.3490
0.6197, 0.3490
0.6197, 0.3490
0.6197, 0.3490
0.6197, 0.3490
0.6197, 0.3490
0.6197, 0.3490
0.6197, 0.3490
0.6197, 0.3490
0.6197, 0.3490
0.6197, 0.3465
0.6197, 0.3465
0.6197, 0.3465
0.6197, 0.3465
0.6197, 0.3465
0.6197, 0.3465
0.6197, 0.3465
0.6197, 0.3465
0.6197, 0.3465
0.6197, 0.3441
0.6197, 0.3441
0.6197, 0.3441
0.6197, 0.3441
0.6197, 0.3441
0.6197, 0.3441
0.6197, 0.3441
0.6197, 0.3441
0.6197, 0.3416
0.6197, 0.3416
0.6197, 0.3416
0.6197, 0.3416
0.6197, 0.3416
0.6197, 0.3416
0.6197, 0.3416
0.6197, 0.3416
0.6197, 0.3416
0.6197, 0.3416
0.6197, 0.3416
0.6197, 0.3416
0.6197, 0.3416
0.6197, 0.3416
0.6197, 0.3416
0.6197, 0.3416
0.6197, 0.3391
0.6197, 0.3391
0.6197, 0.3391
0.6197, 0.3391
0.6197, 0.3391
0.6197, 0.3391
0.6197, 0.3391
0.6197, 0.3391
0.6197, 0.3366
0.6197, 0.3366
0.6197, 0.3366
0.6197, 0.3366
0.6197, 0.3366
0.6197, 0.3366
0.6197, 0.3366
0.6197, 0.3366
0.6197, 0.3366
0.6197, 0.3366
0.6197, 0.3366
0.6197, 0.3366
0.6197, 0.3366
0.6197, 0.3366
0.6197, 0.3366
0.6197, 0.3366
0.6197, 0.3366
0.6197, 0.3366
0.6197, 0.3366
0.6197, 0.3366
0.6197, 0.3366
0.6197, 0.3366
0.6197, 0.3366
0.6197, 0.3366
0.6197, 0.3366
0.6197, 0.3366
0.6197, 0.3366
0.6197, 0.3366
0.6197, 0.3366
0.6197, 0.3366
0.6197, 0.3366
0.6197, 0.3366
0.6197, 0.3366
0.6197, 0.3366
0.6197, 0.3366
0.6197, 0.3366
0.6197, 0.3342
0.6197, 0.3342
0.6197, 0.3342
0.6197, 0.3342
0.6197, 0.3342
0.6197, 0.3342
0.6197, 0.3342
0.6197, 0.3342
0.6197, 0.3342
0.6197, 0.3342
0.6197, 0.3342
0.6197, 0.3342
0.6197, 0.3342
0.6197, 0.3342
0.6197, 0.3342
0.6197, 0.3342
0.6197, 0.3342
0.6197, 0.3342
0.6197, 0.3342
0.6197, 0.3342
0.6197, 0.3317
0.6197, 0.3317
0.6197, 0.3317
0.6197, 0.3317
0.6197, 0.3317
0.6197, 0.3317
0.6197, 0.3317
0.6197, 0.3317
0.6197, 0.3317
0.6197, 0.3317
0.6197, 0.3317
0.6197, 0.3317
0.6197, 0.3317
0.6197, 0.3317
0.6197, 0.3317
0.6197, 0.3317
0.6197, 0.3292
0.6197, 0.3292
0.6197, 0.3292
0.6197, 0.3292
0.6197, 0.3292
0.6197, 0.3292
0.6197, 0.3292
0.6244, 0.3292
0.6244, 0.3292
0.6244, 0.3292
0.6244, 0.3292
0.6244, 0.3292
0.6244, 0.3292
0.6244, 0.3292
0.6244, 0.3292
0.6244, 0.3292
0.6244, 0.3292
0.6244, 0.3292
0.6244, 0.3292
0.6244, 0.3292
0.6244, 0.3292
0.6244, 0.3292
0.6244, 0.3292
0.6244, 0.3292
0.6244, 0.3292
0.6244, 0.3292
0.6244, 0.3292
0.6244, 0.3292
0.6244, 0.3267
0.6244, 0.3267
0.6244, 0.3267
0.6244, 0.3267
0.6244, 0.3267
0.6244, 0.3267
0.6244, 0.3267
0.6244, 0.3267
0.6244, 0.3267
0.6244, 0.3267
0.6244, 0.3267
0.6244, 0.3267
0.6244, 0.3267
0.6244, 0.3267
0.6244, 0.3267
0.6244, 0.3267
0.6244, 0.3267
0.6244, 0.3267
0.6244, 0.3267
0.6244, 0.3267
0.6244, 0.3267
0.6244, 0.3267
0.6244, 0.3267
0.6244, 0.3267
0.6244, 0.3267
0.6244, 0.3267
0.6244, 0.3267
0.6244, 0.3267
0.6244, 0.3267
0.6244, 0.3267
0.6244, 0.3267
0.6244, 0.3267
0.6244, 0.3267
0.6291, 0.3243
0.6291, 0.3243
0.6291, 0.3243
0.6291, 0.3243
0.6291, 0.3243
0.6291, 0.3243
0.6291, 0.3243
0.6291, 0.3243
0.6291, 0.3243
0.6291, 0.3243
0.6291, 0.3243
0.6291, 0.3243
0.6291, 0.3243
0.6291, 0.3243
0.6291, 0.3243
0.6291, 0.3243
0.6291, 0.3243
0.6291, 0.3243
0.6291, 0.3243
0.6291, 0.3243
0.6291, 0.3243
0.6291, 0.3243
0.6291, 0.3243
0.6291, 0.3243
0.6338, 0.3243
0.6338, 0.3243
0.6338, 0.3243
0.6338, 0.3243
0.6338, 0.3243
0.6338, 0.3243
0.6338, 0.3243
0.6338, 0.3243
0.6338, 0.3243
0.6338, 0.3243
0.6338, 0.3243
0.6338, 0.3243
0.6338, 0.3243
0.6338, 0.3243
0.6338, 0.3243
0.6338, 0.3243
0.6338, 0.3243
0.6338, 0.3243
0.6338, 0.3243
0.6338, 0.3243
0.6338, 0.3243
0.6338, 0.3218
0.6338, 0.3218
0.6338, 0.3218
0.6338, 0.3218
0.6338, 0.3218
0.6338, 0.3218
0.6338, 0.3218
0.6338, 0.3218
0.6338, 0.3218
0.6338, 0.3218
0.6338, 0.3218
0.6338, 0.3218
0.6338, 0.3218
0.6338, 0.3218
0.6338, 0.3218
0.6338, 0.3218
0.6338, 0.3218
0.6338, 0.3218
0.6338, 0.3218
0.6338, 0.3218
0.6385, 0.3218
0.6385, 0.3218
0.6385, 0.3218
0.6385, 0.3218
0.6385, 0.3193
0.6385, 0.3193
0.6385, 0.3193
0.6385, 0.3193
0.6385, 0.3193
0.6385, 0.3193
0.6385, 0.3193
0.6385, 0.3193
0.6385, 0.3193
0.6385, 0.3193
0.6385, 0.3193
0.6385, 0.3193
0.6385, 0.3193
0.6385, 0.3193
0.6385, 0.3193
0.6385, 0.3193
0.6432, 0.3168
0.6432, 0.3168
0.6432, 0.3168
0.6432, 0.3168
0.6432, 0.3168
0.6432, 0.3168
0.6432, 0.3168
0.6432, 0.3168
0.6432, 0.3168
0.6432, 0.3168
0.6432, 0.3168
0.6432, 0.3168
0.6479, 0.3168
0.6479, 0.3168
0.6479, 0.3168
0.6479, 0.3168
0.6479, 0.3168
0.6479, 0.3168
0.6479, 0.3168
0.6479, 0.3168
0.6479, 0.3168
0.6479, 0.3168
0.6479, 0.3168
0.6479, 0.3168
0.6479, 0.3168
0.6479, 0.3168
0.6479, 0.3168
0.6479, 0.3168
0.6479, 0.3168
0.6479, 0.3168
0.6479, 0.3168
0.6479, 0.3168
0.6479, 0.3168
0.6479, 0.3168
0.6479, 0.3168
0.6479, 0.3168
0.6479, 0.3168
0.6479, 0.3168
0.6479, 0.3168
0.6479, 0.3168
0.6479, 0.3168
0.6479, 0.3168
0.6479, 0.3168
0.6479, 0.3144
0.6479, 0.3144
0.6479, 0.3144
0.6479, 0.3144
0.6479, 0.3144
0.6479, 0.3144
0.6479, 0.3144
0.6479, 0.3144
0.6526, 0.3144
0.6526, 0.3144
0.6526, 0.3144
0.6526, 0.3144
0.6526, 0.3144
0.6526, 0.3144
0.6526, 0.3144
0.6526, 0.3144
0.6526, 0.3119
0.6526, 0.3119
0.6526, 0.3119
0.6526, 0.3119
0.6526, 0.3119
0.6526, 0.3119
0.6526, 0.3119
0.6573, 0.3119
0.6573, 0.3119
0.6573, 0.3119
0.6573, 0.3119
0.6573, 0.3119
0.6573, 0.3119
0.6573, 0.3119
0.6573, 0.3119
0.6573, 0.3119
0.6573, 0.3119
0.6573, 0.3119
0.6573, 0.3119
0.6573, 0.3119
0.6573, 0.3119
0.6573, 0.3119
0.6573, 0.3119
0.6573, 0.3119
0.6573, 0.3119
0.6573, 0.3119
0.6573, 0.3119
0.6573, 0.3119
0.6573, 0.3119
0.6573, 0.3119
0.6573, 0.3119
0.6573, 0.3119
0.6573, 0.3119
0.6573, 0.3119
0.6573, 0.3119
0.6573, 0.3119
0.6620, 0.3094
0.6620, 0.3094
0.6620, 0.3094
0.6620, 0.3094
0.6620, 0.3094
0.6620, 0.3094
0.6620, 0.3094
0.6620, 0.3094
0.6667, 0.3094
0.6667, 0.3094
0.6667, 0.3094
0.6667, 0.3069
0.6667, 0.3069
0.6667, 0.3069
0.6667, 0.3069
0.6667, 0.3069
0.6667, 0.3069
0.6667, 0.3069
0.6667, 0.3069
0.6667, 0.3069
0.6667, 0.3069
0.6667, 0.3069
0.6667, 0.3069
0.6714, 0.3069
0.6714, 0.3069
0.6714, 0.3069
0.6714, 0.3069
0.6714, 0.3069
0.6714, 0.3069
0.6714, 0.3069
0.6714, 0.3069
0.6714, 0.3045
0.6714, 0.3045
0.6714, 0.3045
0.6714, 0.3045
0.6714, 0.3045
0.6714, 0.3045
0.6714, 0.3045
0.6714, 0.3045
0.6714, 0.3045
0.6761, 0.3045
0.6761, 0.3045
0.6761, 0.3045
0.6761, 0.3045
0.6761, 0.3045
0.6761, 0.3045
0.6761, 0.3045
0.6761, 0.3045
0.6761, 0.3045
0.6808, 0.3045
0.6808, 0.3045
0.6808, 0.3045
0.6808, 0.3045
0.6808, 0.3045
0.6808, 0.3045
0.6808, 0.3045
0.6808, 0.3045
0.6808, 0.3045
0.6808, 0.3020
0.6808, 0.3020
0.6808, 0.3020
0.6808, 0.3020
0.6808, 0.3020
0.6808, 0.3020
0.6854, 0.3020
0.6854, 0.3020
0.6854, 0.3020
0.6854, 0.3020
0.6854, 0.3020
0.6854, 0.3020
0.6901, 0.2995
0.6901, 0.2995
0.6901, 0.2995
0.6901, 0.2995
0.6901, 0.2995
0.6901, 0.2995
0.6901, 0.2995
0.6901, 0.2995
0.6948, 0.2995
0.6948, 0.2995
0.6948, 0.2995
0.6948, 0.2995
0.6948, 0.2995
0.6948, 0.2995
0.6948, 0.2995
0.6948, 0.2995
0.6948, 0.2995
0.6948, 0.2995
0.6948, 0.2995
0.6948, 0.2995
0.6948, 0.2995
0.6948, 0.2995
0.6948, 0.2995
0.6948, 0.2995
0.6948, 0.2995
0.6948, 0.2995
0.6948, 0.2995
0.6948, 0.2995
0.6948, 0.2995
0.6948, 0.2995
0.6948, 0.2995
0.6948, 0.2995
0.6948, 0.2970
0.6948, 0.2970
0.6948, 0.2970
0.6995, 0.2970
0.6995, 0.2970
0.6995, 0.2970
0.6995, 0.2970
0.6995, 0.2970
0.6995, 0.2970
0.6995, 0.2970
0.6995, 0.2970
0.6995, 0.2970
0.6995, 0.2970
0.6995, 0.2970
0.6995, 0.2970
0.6995, 0.2970
0.6995, 0.2970
0.6995, 0.2970
0.6995, 0.2970
0.6995, 0.2970
0.6995, 0.2970
0.6995, 0.2970
0.6995, 0.2970
0.6995, 0.2970
0.6995, 0.2970
0.6995, 0.2970
0.6995, 0.2946
0.6995, 0.2946
0.6995, 0.2946
0.7042, 0.2946
0.7042, 0.2946
0.7042, 0.2946
0.7042, 0.2946
0.7042, 0.2946
0.7042, 0.2946
0.7042, 0.2946
0.7042, 0.2946
0.7042, 0.2946
0.7042, 0.2946
0.7042, 0.2946
0.7042, 0.2946
0.7042, 0.2946
0.7042, 0.2946
0.7042, 0.2946
0.7042, 0.2946
0.7042, 0.2946
0.7042, 0.2946
0.7042, 0.2946
0.7042, 0.2946
0.7042, 0.2946
0.7042, 0.2946
0.7042, 0.2946
0.7042, 0.2946
0.7042, 0.2946
0.7042, 0.2946
0.7042, 0.2946
0.7042, 0.2946
0.7042, 0.2946
0.7042, 0.2921
0.7042, 0.2921
0.7042, 0.2921
0.7042, 0.2921
0.7042, 0.2921
0.7042, 0.2921
0.7042, 0.2921
0.7042, 0.2921
0.7042, 0.2921
0.7042, 0.2921
0.7042, 0.2921
0.7042, 0.2921
0.7042, 0.2921
0.7042, 0.2921
0.7042, 0.2921
0.7042, 0.2921
0.7042, 0.2921
0.7042, 0.2921
0.7042, 0.2921
0.7042, 0.2921
0.7042, 0.2921
0.7042, 0.2896
0.7042, 0.2896
0.7042, 0.2896
0.7042, 0.2896
0.7042, 0.2896
0.7042, 0.2896
0.7042, 0.2896
0.7042, 0.2896
0.7042, 0.2896
0.7042, 0.2896
0.7042, 0.2896
0.7042, 0.2896
0.7042, 0.2896
0.7042, 0.2896
0.7042, 0.2896
0.7042, 0.2896
0.7042, 0.2896
0.7042, 0.2896
0.7042, 0.2896
0.7042, 0.2896
0.7042, 0.2896
0.7042, 0.2896
0.7042, 0.2871
0.7042, 0.2871
0.7042, 0.2871
0.7042, 0.2871
0.7042, 0.2871
0.7042, 0.2871
0.7042, 0.2871
0.7042, 0.2871
0.7042, 0.2871
0.7042, 0.2871
0.7042, 0.2871
0.7042, 0.2871
0.7042, 0.2871
0.7042, 0.2871
0.7042, 0.2871
0.7042, 0.2871
0.7042, 0.2871
0.7042, 0.2871
0.7042, 0.2871
0.7042, 0.2871
0.7042, 0.2871
0.7042, 0.2871
0.7042, 0.2871
0.7042, 0.2871
0.7042, 0.2871
0.7042, 0.2871
0.7042, 0.2871
0.7042, 0.2847
0.7042, 0.2847
0.7042, 0.2847
0.7042, 0.2847
0.7042, 0.2847
0.7042, 0.2847
0.7042, 0.2847
0.7042, 0.2847
0.7042, 0.2847
0.7042, 0.2847
0.7042, 0.2847
0.7042, 0.2822
0.7042, 0.2822
0.7042, 0.2822
0.7042, 0.2822
0.7042, 0.2822
0.7042, 0.2822
0.7042, 0.2822
0.7042, 0.2822
0.7042, 0.2822
0.7042, 0.2822
0.7042, 0.2822
0.7042, 0.2822
0.7042, 0.2822
0.7042, 0.2822
0.7042, 0.2822
0.7042, 0.2822
0.7042, 0.2822
0.7042, 0.2822
0.7042, 0.2822
0.7042, 0.2822
0.7042, 0.2822
0.7042, 0.2822
0.7042, 0.2822
0.7042, 0.2822
0.7042, 0.2822
0.7042, 0.2822
0.7042, 0.2797
0.7042, 0.2797
0.7042, 0.2797
0.7042, 0.2797
0.7042, 0.2797
0.6995, 0.2797
0.6995, 0.2797
0.6995, 0.2797
0.6995, 0.2772
0.6995, 0.2772
0.6995, 0.2772
0.6995, 0.2772
0.6995, 0.2772
0.6995, 0.2772
0.6995, 0.2772
0.6995, 0.2772
0.6995, 0.2748
0.6995, 0.2748
0.6995, 0.2748
0.6995, 0.2748
0.6995, 0.2748
0.6995, 0.2748
0.6948, 0.2748
0.6948, 0.2748
0.6948, 0.2748
0.6948, 0.2748
0.6948, 0.2748
0.6901, 0.2748
0.6901, 0.2748
0.6901, 0.2748
0.6901, 0.2748
0.6901, 0.2748
0.6901, 0.2748
0.6901, 0.2748
0.6901, 0.2748
0.6901, 0.2748
0.6854, 0.2748
0.6854, 0.2748
0.6854, 0.2723
0.6854, 0.2723
0.6854, 0.2723
0.6854, 0.2723
0.6854, 0.2723
0.6854, 0.2723
0.6854, 0.2723
0.6854, 0.2723
0.6854, 0.2723
0.6808, 0.2723
0.6808, 0.2723
0.6808, 0.2698
0.6808, 0.2698
0.6808, 0.2698
0.6761, 0.2698
0.6761, 0.2698
0.6761, 0.2698
0.6761, 0.2698
0.6761, 0.2698
0.6761, 0.2698
0.6761, 0.2698
0.6761, 0.2698
0.6761, 0.2698
0.6761, 0.2698
0.6761, 0.2698
0.6761, 0.2698
0.6761, 0.2698
0.6761, 0.2698
0.6714, 0.2698
0.6714, 0.2698
0.6714, 0.2698
0.6714, 0.2698
0.6714, 0.2698
0.6714, 0.2698
0.6714, 0.2698
0.6714, 0.2698
0.6667, 0.2698
0.6667, 0.2698
0.6667, 0.2698
0.6667, 0.2698
0.6667, 0.2698
0.6667, 0.2698
0.6667, 0.2698
0.6667, 0.2698
0.6667, 0.2698
0.6620, 0.2698
0.6620, 0.2698
0.6620, 0.2673
0.6620, 0.2673
0.6620, 0.2673
0.6620, 0.2673
0.6620, 0.2673
0.6620, 0.2673
0.6620, 0.2673
0.6620, 0.2673
0.6620, 0.2673
0.6620, 0.2673
0.6620, 0.2673
0.6620, 0.2673
0.6620, 0.2673
0.6620, 0.2673
0.6620, 0.2673
0.6620, 0.2673
0.6620, 0.2673
0.6620, 0.2673
0.6620, 0.2673
0.6620, 0.2673
0.6573, 0.2673
0.6573, 0.2673
0.6573, 0.2673
0.6573, 0.2673
0.6573, 0.2673
0.6573, 0.2649
0.6573, 0.2649
0.6573, 0.2649
0.6526, 0.2649
0.6526, 0.2649
0.6526, 0.2649
0.6526, 0.2649
0.6526, 0.2649
0.6526, 0.2649
0.6526, 0.2649
0.6526, 0.2649
0.6526, 0.2649
0.6526, 0.2649
0.6526, 0.2649
0.6526, 0.2624
0.6526, 0.2624
0.6479, 0.2624
0.6479, 0.2624
0.6479, 0.2624
0.6479, 0.2624
0.6479, 0.2624
0.6479, 0.2624
0.6479, 0.2624
0.6479, 0.2624
0.6479, 0.2624
0.6432, 0.2624
0.6432, 0.2624
0.6432, 0.2624
0.6432, 0.2624
0.6432, 0.2624
0.6432, 0.2624
0.6432, 0.2624
0.6432, 0.2624
0.6385, 0.2599
0.6385, 0.2599
0.6385, 0.2599
0.6385, 0.2599
0.6385, 0.2599
0.6385, 0.2599
0.6385, 0.2599
0.6385, 0.2599
0.6385, 0.2599
0.6385, 0.2599
0.6385, 0.2599
0.6385, 0.2599
0.6385, 0.2599
0.6385, 0.2599
0.6385, 0.2599
0.6385, 0.2599
0.6385, 0.2574
0.6385, 0.2574
0.6385, 0.2574
0.6338, 0.2574
0.6338, 0.2574
0.6338, 0.2574
0.6338, 0.2574
0.6338, 0.2574
0.6291, 0.2574
0.6291, 0.2574
0.6291, 0.2574
0.6291, 0.2574
0.6291, 0.2574
0.6291, 0.2574
0.6291, 0.2574
0.6291, 0.2574
0.6291, 0.2574
0.6291, 0.2574
0.6291, 0.2574
0.6291, 0.2574
0.6291, 0.2574
0.6291, 0.2574
0.6291, 0.2574
0.6291, 0.2574
0.6291, 0.2574
0.6291, 0.2550
0.6291, 0.2550
0.6244, 0.2550
0.6244, 0.2550
0.6244, 0.2550
0.6244, 0.2550
0.6244, 0.2550
0.6197, 0.2550
0.6197, 0.2550
0.6197, 0.2550
0.6197, 0.2525
0.6197, 0.2525
0.6197, 0.2525
0.6197, 0.2525
0.6197, 0.2525
0.6197, 0.2525
0.6197, 0.2525
0.6197, 0.2525
0.6197, 0.2500
0.6197, 0.2500
0.6197, 0.2500
0.6197, 0.2500
0.6197, 0.2500
0.6150, 0.2500
0.6150, 0.2500
0.6150, 0.2500
0.6150, 0.2500
0.6150, 0.2500
0.6150, 0.2500
0.6150, 0.2500
0.6150, 0.2500
0.6103, 0.2500
0.6103, 0.2500
0.6103, 0.2500
0.6103, 0.2500
0.6103, 0.2500
0.6103, 0.2500
0.6103, 0.2500
0.6103, 0.2500
0.6056, 0.2475
0.6056, 0.2475
0.6056, 0.2475
0.6056, 0.2475
0.6056, 0.2475
0.6056, 0.2475
0.6056, 0.2475
0.6056, 0.2475
0.6056, 0.2450
0.6056, 0.2450
0.6056, 0.2450
0.6009, 0.2450
0.6009, 0.2450
0.6009, 0.2450
0.6009, 0.2450
0.6009, 0.2450
0.6009, 0.2450
0.6009, 0.2450
0.6009, 0.2450
0.6009, 0.2450
0.6009, 0.2450
0.5962, 0.2450
0.5962, 0.2450
0.5962, 0.2450
0.5962, 0.2450
0.5962, 0.2450
0.5962, 0.2450
0.5962, 0.2450
0.5962, 0.2450
0.5962, 0.2426
0.5962, 0.2426
0.5962, 0.2426
0.5962, 0.2426
0.5962, 0.2426
0.5962, 0.2426
0.5962, 0.2426
0.5962, 0.2426
0.5962, 0.2426
0.5962, 0.2426
0.5962, 0.2426
0.5962, 0.2401
0.5962, 0.2401
0.5962, 0.2401
0.5915, 0.2401
0.5915, 0.2401
0.5915, 0.2401
0.5915, 0.2401
0.5915, 0.2401
0.5915, 0.2401
0.5915, 0.2401
0.5915, 0.2401
0.5915, 0.2401
0.5915, 0.2401
0.5915, 0.2401
0.5915, 0.2401
0.5915, 0.2401
0.5915, 0.2376
0.5915, 0.2376
0.5915, 0.2376
0.5915, 0.2376
0.5915, 0.2376
0.5869, 0.2376
0.5869, 0.2376
0.5869, 0.2376
0.5869, 0.2376
0.5869, 0.2376
0.5869, 0.2376
0.5869, 0.2376
0.5869, 0.2376
0.5869, 0.2376
0.5869, 0.2376
0.5869, 0.2376
0.5869, 0.2376
0.5869, 0.2376
0.5869, 0.2376
0.5869, 0.2376
0.5869, 0.2376
0.5869, 0.2376
0.5869, 0.2376
0.5869, 0.2376
0.5869, 0.2376
0.5869, 0.2376
0.5869, 0.2376
0.5869, 0.2376
0.5869, 0.2376
0.5869, 0.2376
0.5869, 0.2351
0.5869, 0.2351
0.5869, 0.2351
0.5869, 0.2351
0.5869, 0.2351
0.5869, 0.2351
0.5869, 0.2351
0.5869, 0.2351
0.5869, 0.2351
0.5869, 0.2351
0.5869, 0.2351
0.5869, 0.2351
0.5869, 0.2351
0.5869, 0.2351
0.5869, 0.2327
0.5869, 0.2327
0.5869, 0.2327
0.5869, 0.2327
0.5869, 0.2327
0.5869, 0.2327
0.5869, 0.2327
0.5869, 0.2327
0.5869, 0.2327
0.5869, 0.2327
0.5869, 0.2327
0.5869, 0.2327
0.5869, 0.2327
0.5869, 0.2327
0.5869, 0.2327
0.5869, 0.2327
0.5869, 0.2327
0.5869, 0.2327
0.5869, 0.2327
0.5869, 0.2327
0.5869, 0.2327
0.5869, 0.2327
0.5869, 0.2327
0.5869, 0.2327
0.5869, 0.2327
0.5869, 0.2327
0.5869, 0.2327
0.5869, 0.2327
0.5869, 0.2327
0.5869, 0.2327
0.5869, 0.2327
0.5869, 0.2327
0.5869, 0.2327
0.5869, 0.2327
0.5869, 0.2327
0.5869, 0.2327
0.5869, 0.2327
0.5869, 0.2327
0.5869, 0.2327
0.5869, 0.2327
0.5869, 0.2327
0.5869, 0.2302
0.5869, 0.2302
0.5869, 0.2302
0.5869, 0.2302
0.5869, 0.2302
0.5869, 0.2302
0.5869, 0.2302
0.5869, 0.2302
0.5869, 0.2302
0.5869, 0.2302
0.5869, 0.2302
0.5869, 0.2302
0.5869, 0.2302
0.5869, 0.2302
0.5869, 0.2302
0.5869, 0.2302
0.5869, 0.2302
0.5869, 0.2302
0.5869, 0.2302
0.5869, 0.2302
0.5869, 0.2302
0.5869, 0.2302
0.5869, 0.2302
0.5869, 0.2302
0.5869, 0.2302
0.5869, 0.2302
0.5869, 0.2302
0.5869, 0.2302
0.5869, 0.2302
0.5869, 0.2302
0.5869, 0.2302
0.5869, 0.2302
0.5869, 0.2277
0.5869, 0.2277
0.5869, 0.2277
0.5869, 0.2277
0.5869, 0.2277
0.5869, 0.2277
0.5869, 0.2277
0.5869, 0.2277
0.5869, 0.2277
0.5869, 0.2277
0.5869, 0.2277
0.5869, 0.2252
0.5869, 0.2252
0.5869, 0.2252
0.5869, 0.2252
0.5869, 0.2252
0.5869, 0.2252
0.5869, 0.2252
0.5869, 0.2252
0.5869, 0.2252
0.5869, 0.2252
0.5869, 0.2252
0.5869, 0.2252
0.5869, 0.2252
0.5869, 0.2252
0.5869, 0.2252
0.5869, 0.2252
0.5869, 0.2252
0.5869, 0.2252
0.5915, 0.2252
0.5915, 0.2252
0.5915, 0.2252
0.5915, 0.2228
0.5915, 0.2228
0.5915, 0.2228
0.5915, 0.2228
0.5915, 0.2228
0.5915, 0.2203
0.5915, 0.2203
0.5915, 0.2203
0.5915, 0.2203
0.5915, 0.2203
0.5915, 0.2203
0.5915, 0.2203
0.5915, 0.2203
0.5915, 0.2203
0.5962, 0.2203
0.5962, 0.2203
0.5962, 0.2203
0.5962, 0.2203
0.5962, 0.2203
0.5962, 0.2203
0.5962, 0.2203
0.6009, 0.2178
0.6009, 0.2178
0.6009, 0.2178
0.6009, 0.2178
0.6009, 0.2178
0.6009, 0.2178
0.6009, 0.2178
0.6009, 0.2178
0.6009, 0.2178
0.6009, 0.2178
0.6009, 0.2178
0.6009, 0.2153
0.6009, 0.2153
0.6009, 0.2153
0.6009, 0.2153
0.6009, 0.2153
0.6056, 0.2153
0.6056, 0.2153
0.6056, 0.2153
0.6056, 0.2153
0.6056, 0.2153
0.6056, 0.2153
0.6056, 0.2153
0.6056, 0.2153
0.6056, 0.2153
0.6056, 0.2153
0.6103, 0.2153
0.6103, 0.2153
0.6103, 0.2153
0.6103, 0.2153
0.6103, 0.2153
0.6150, 0.2129
0.6150, 0.2129
0.6150, 0.2129
0.6150, 0.2129
0.6150, 0.2129
0.6150, 0.2129
0.6150, 0.2129
0.6150, 0.2129
0.6150, 0.2129
0.6150, 0.2129
0.6150, 0.2129
0.6150, 0.2129
0.6150, 0.2129
0.6150, 0.2104
0.6150, 0.2104
0.6150, 0.2104
0.6150, 0.2104
0.6150, 0.2104
0.6197, 0.2104
0.6197, 0.2104
0.6197, 0.2104
0.6197, 0.2104
0.6197, 0.2104
0.6197, 0.2079
0.6197, 0.2079
0.6197, 0.2079
0.6197, 0.2079
0.6197, 0.2079
0.6244, 0.2079
0.6244, 0.2079
0.6244, 0.2079
0.6244, 0.2079
0.6244, 0.2079
0.6244, 0.2079
0.6244, 0.2079
0.6244, 0.2079
0.6244, 0.2079
0.6244, 0.2079
0.6244, 0.2079
0.6244, 0.2079
0.6244, 0.2079
0.6244, 0.2079
0.6244, 0.2079
0.6244, 0.2079
0.6244, 0.2079
0.6291, 0.2079
0.6291, 0.2079
0.6291, 0.2079
0.6291, 0.2079
0.6338, 0.2054
0.6338, 0.2054
0.6338, 0.2054
0.6338, 0.2054
0.6338, 0.2054
0.6338, 0.2054
0.6338, 0.2054
0.6338, 0.2054
0.6338, 0.2054
0.6338, 0.2054
0.6338, 0.2054
0.6338, 0.2030
0.6338, 0.2030
0.6338, 0.2030
0.6338, 0.2030
0.6338, 0.2030
0.6385, 0.2030
0.6385, 0.2030
0.6385, 0.2030
0.6385, 0.2030
0.6385, 0.2030
0.6432, 0.2030
0.6432, 0.2030
0.6479, 0.2030
0.6479, 0.2030
0.6479, 0.2030
0.6479, 0.2030
0.6479, 0.2030
0.6479, 0.2030
0.6479, 0.2030
0.6479, 0.2005
0.6479, 0.2005
0.6526, 0.2005
0.6526, 0.2005
0.6526, 0.2005
0.6526, 0.2005
0.6526, 0.2005
0.6573, 0.2005
0.6573, 0.2005
0.6573, 0.2005
0.6573, 0.2005
0.6573, 0.2005
0.6573, 0.2005
0.6573, 0.2005
0.6573, 0.2005
0.6573, 0.2005
0.6573, 0.2005
0.6573, 0.2005
0.6573, 0.2005
0.6573, 0.2005
0.6573, 0.2005
0.6573, 0.2005
0.6573, 0.2005
0.6573, 0.2005
0.6620, 0.1980
0.6620, 0.1980
0.6620, 0.1980
0.6620, 0.1980
0.6667, 0.1980
0.6667, 0.1980
0.6714, 0.1980
0.6714, 0.1980
0.6714, 0.1980
0.6714, 0.1980
0.6714, 0.1980
0.6714, 0.1980
0.6761, 0.1955
0.6761, 0.1955
0.6761, 0.1955
0.6761, 0.1955
0.6761, 0.1955
0.6761, 0.1955
0.6761, 0.1955
0.6808, 0.1955
0.6808, 0.1955
0.6808, 0.1955
0.6808, 0.1955
0.6808, 0.1955
0.6808, 0.1955
0.6808, 0.1955
0.6808, 0.1955
0.6808, 0.1955
0.6808, 0.1955
0.6808, 0.1955
0.6808, 0.1955
0.6808, 0.1955
0.6808, 0.1955
0.6808, 0.1955
0.6854, 0.1955
0.6854, 0.1955
0.6854, 0.1955
0.6854, 0.1955
0.6854, 0.1955
0.6901, 0.1955
0.6901, 0.1955
0.6901, 0.1955
0.6901, 0.1955
0.6948, 0.1955
0.6948, 0.1955
0.6948, 0.1955
0.6948, 0.1955
0.6948, 0.1955
0.6948, 0.1955
0.6948, 0.1955
0.6948, 0.1955
0.6995, 0.1931
0.6995, 0.1931
0.6995, 0.1931
0.6995, 0.1931
0.6995, 0.1931
0.7042, 0.1931
0.7042, 0.1931
0.7042, 0.1931
0.7042, 0.1931
0.7042, 0.1931
0.7042, 0.1931
0.7042, 0.1931
0.7042, 0.1931
0.7042, 0.1931
0.7042, 0.1931
0.7089, 0.1931
0.7089, 0.1931
0.7089, 0.1931
0.7089, 0.1931
0.7089, 0.1931
0.7089, 0.1906
0.7089, 0.1906
0.7136, 0.1906
0.7136, 0.1906
0.7136, 0.1906
0.7136, 0.1906
0.7136, 0.1906
0.7183, 0.1906
0.7183, 0.1906
0.7183, 0.1906
0.7183, 0.1906
0.7183, 0.1906
0.7183, 0.1906
0.7183, 0.1906
0.7183, 0.1906
0.7183, 0.1906
0.7183, 0.1906
0.7183, 0.1906
0.7183, 0.1906
0.7183, 0.1906
0.7183, 0.1906
0.7183, 0.1906
0.7183, 0.1906
0.7183, 0.1906
0.7183, 0.1906
0.7183, 0.1906
0.7183, 0.1906
0.7183, 0.1906
0.7183, 0.1906
0.7183, 0.1906
0.7183, 0.1906
0.7183, 0.1906
0.7183, 0.1906
0.7183, 0.1906
0.7183, 0.1906
0.7183, 0.1906
0.7183, 0.1906
0.7183, 0.1906
0.7183, 0.1906
0.7183, 0.1906
0.7183, 0.1906
0.7183, 0.1906
0.7183, 0.1906
0.7183, 0.1906
0.7183, 0.1906
0.7183, 0.1906
0.7183, 0.1906
0.7183, 0.1906
0.7183, 0.1906
0.7183, 0.1906
0.7183, 0.1906
0.7183, 0.1906
0.7183, 0.1906
0.7183, 0.1881
0.7183, 0.1881
0.7183, 0.1881
0.7183, 0.1881
0.7183, 0.1881
0.7183, 0.1881
0.7183, 0.1881
0.7183, 0.1856
0.7183, 0.1856
0.7183, 0.1856
0.7183, 0.1856
0.7183, 0.1856
0.7183, 0.1856
0.7183, 0.1856
0.7183, 0.1832
0.7183, 0.1832
0.7183, 0.1832
0.7183, 0.1832
0.7183, 0.1832
0.7183, 0.1832
0.7183, 0.1832
0.7183, 0.1832
0.7183, 0.1832
0.7183, 0.1832
0.7183, 0.1832
0.7183, 0.1832
0.7183, 0.1832
0.7183, 0.1832
0.7183, 0.1832
0.7183, 0.1832
0.7183, 0.1832
0.7183, 0.1832
0.7183, 0.1807
0.7183, 0.1807
0.7183, 0.1807
0.7183, 0.1807
0.7183, 0.1807
0.7183, 0.1807
0.7183, 0.1807
0.7183, 0.1782
0.7183, 0.1782
0.7183, 0.1782
0.7183, 0.1782
0.7183, 0.1782
0.7183, 0.1782
0.7183, 0.1782
0.7183, 0.1782
0.7183, 0.1782
0.7183, 0.1782
0.7183, 0.1782
0.7183, 0.1782
0.7183, 0.1782
0.7183, 0.1782
0.7183, 0.1782
0.7183, 0.1782
0.7183, 0.1757
0.7183, 0.1757
0.7183, 0.1757
0.7183, 0.1757
0.7183, 0.1757
0.7136, 0.1733
0.7136, 0.1733
0.7136, 0.1733
0.7136, 0.1733
0.7136, 0.1733
0.7089, 0.1733
0.7089, 0.1733
0.7089, 0.1708
0.7089, 0.1708
0.7089, 0.1708
0.7089, 0.1708
0.7089, 0.1708
0.7089, 0.1708
0.7089, 0.1708
0.7089, 0.1708
0.7042, 0.1708
0.7042, 0.1708
0.7042, 0.1708
0.7042, 0.1708
0.6995, 0.1683
0.6995, 0.1683
0.6995, 0.1683
0.6995, 0.1683
0.6995, 0.1683
0.6948, 0.1683
0.6948, 0.1683
0.6948, 0.1683
0.6901, 0.1658
0.6901, 0.1658
0.6854, 0.1658
0.6854, 0.1658
0.6854, 0.1658
0.6854, 0.1658
0.6854, 0.1658
0.6854, 0.1658
0.6854, 0.1658
0.6808, 0.1658
0.6808, 0.1658
0.6761, 0.1634
0.6761, 0.1634
0.6761, 0.1634
0.6761, 0.1634
0.6761, 0.1634
0.6761, 0.1609
0.6761, 0.1609
0.6761, 0.1609
0.6714, 0.1609
0.6714, 0.1609
0.6667, 0.1609
0.6667, 0.1609
0.6667, 0.1584
0.6667, 0.1584
0.6620, 0.1584
0.6620, 0.1584
0.6620, 0.1584
0.6620, 0.1584
0.6620, 0.1584
0.6620, 0.1584
0.6620, 0.1584
0.6620, 0.1584
0.6620, 0.1584
0.6620, 0.1584
0.6620, 0.1584
0.6620, 0.1584
0.6573, 0.1559
0.6573, 0.1559
0.6573, 0.1559
0.6573, 0.1559
0.6573, 0.1559
0.6573, 0.1559
0.6573, 0.1559
0.6573, 0.1559
0.6526, 0.1535
0.6526, 0.1535
0.6526, 0.1535
0.6526, 0.1535
0.6526, 0.1535
0.6526, 0.1535
0.6526, 0.1535
0.6479, 0.1510
0.6479, 0.1510
0.6479, 0.1510
0.6479, 0.1510
0.6479, 0.1510
0.6432, 0.1485
0.6432, 0.1485
0.6385, 0.1460
0.6385, 0.1460
0.6385, 0.1460
0.6385, 0.1460
0.6385, 0.1460
0.6385, 0.1460
0.6385, 0.1460
0.6385, 0.1460
0.6385, 0.1460
0.6385, 0.1460
0.6338, 0.1460
0.6338, 0.1460
0.6338, 0.1460
0.6338, 0.1460
0.6338, 0.1436
0.6338, 0.1436
0.6338, 0.1436
0.6338, 0.1436
0.6338, 0.1436
0.6291, 0.1436
0.6291, 0.1436
0.6291, 0.1436
0.6291, 0.1411
0.6291, 0.1411
0.6291, 0.1411
0.6291, 0.1411
0.6291, 0.1411
0.6244, 0.1411
0.6197, 0.1386
0.6197, 0.1386
0.6197, 0.1386
0.6197, 0.1386
0.6197, 0.1386
0.6197, 0.1386
0.6197, 0.1386
0.6197, 0.1386
0.6197, 0.1386
0.6197, 0.1386
0.6150, 0.1361
0.6150, 0.1361
0.6150, 0.1361
0.6150, 0.1361
0.6150, 0.1361
0.6103, 0.1361
0.6103, 0.1361
0.6103, 0.1361
0.6103, 0.1361
0.6056, 0.1361
0.6056, 0.1361
0.6056, 0.1361
0.6056, 0.1361
0.6056, 0.1361
0.6056, 0.1361
0.6056, 0.1361
0.6056, 0.1361
0.6056, 0.1361
0.6056, 0.1361
0.6056, 0.1361
0.6056, 0.1361
0.6056, 0.1361
0.6056, 0.1361
0.6056, 0.1361
0.6056, 0.1361
0.6056, 0.1361
0.6056, 0.1361
0.6056, 0.1361
0.6056, 0.1361
0.6056, 0.1361
0.6056, 0.1361
0.6009, 0.1337
0.6009, 0.1337
0.6009, 0.1337
0.6009, 0.1337
0.6009, 0.1337
0.5962, 0.1337
0.5962, 0.1337
0.5962, 0.1337
0.5962, 0.1337
0.5962, 0.1337
0.5962, 0.1337
0.5962, 0.1337
0.5962, 0.1337
0.5962, 0.1337
0.5962, 0.1337
0.5962, 0.1337
0.5962, 0.1337
0.5962, 0.1337
0.5962, 0.1337
0.5962, 0.1337
0.5962, 0.1337
0.5962, 0.1337
0.5962, 0.1337
0.5962, 0.1337
0.5962, 0.1337
0.5962, 0.1337
0.5962, 0.1337
0.5962, 0.1337
0.5962, 0.1337
0.5962, 0.1337
0.5962, 0.1337
0.5962, 0.1337
0.5962, 0.1337
0.5962, 0.1337
0.5962, 0.1337
0.5962, 0.1337
0.5962, 0.1337
0.5962, 0.1337
0.5962, 0.1337
0.5962, 0.1337
0.5962, 0.1337
0.5962, 0.1312
0.5962, 0.1312
0.5962, 0.1312
0.5962, 0.1312
0.5962, 0.1312
0.5962, 0.1312
0.5962, 0.1312
0.5962, 0.1287
0.5962, 0.1287
0.5962, 0.1287
0.5962, 0.1287
0.5962, 0.1287
0.5962, 0.1287
0.5962, 0.1287
0.5962, 0.1287
0.5962, 0.1287
0.5962, 0.1262
0.5962, 0.1262
0.5962, 0.1262
0.5962, 0.1262
0.5962, 0.1262
0.5962, 0.1238
0.5962, 0.1238
0.5962, 0.1238
0.5962, 0.1238
0.5962, 0.1238
0.5962, 0.1238
0.5962, 0.1238
0.5962, 0.1238
0.5962, 0.1238
0.5962, 0.1238
0.5962, 0.1238
0.5962, 0.1238
0.5962, 0.1238
0.5962, 0.1238
0.5962, 0.1238
0.5962, 0.1238
0.5962, 0.1238
0.5962, 0.1238
0.5962, 0.1238
0.6009, 0.1238
0.6009, 0.1238
0.6009, 0.1213
0.6009, 0.1213
0.6009, 0.1213
0.6009, 0.1213
0.6009, 0.1213
0.6009, 0.1213
0.6009, 0.1213
0.6009, 0.1213
0.6009, 0.1213
0.6009, 0.1213
0.6009, 0.1213
0.6009, 0.1213
0.6009, 0.1213
0.6009, 0.1213
0.6009, 0.1213
0.6009, 0.1213
0.6009, 0.1213
0.6009, 0.1213
0.6009, 0.1213
0.6056, 0.1213
0.6056, 0.1213
0.6056, 0.1213
0.6056, 0.1213
0.6056, 0.1213
0.6103, 0.1213
0.6103, 0.1213
0.6103, 0.1213
0.6103, 0.1213
0.6150, 0.1188
0.6150, 0.1188
0.6150, 0.1188
0.6150, 0.1188
0.6150, 0.1188
0.6150, 0.1188
0.6150, 0.1188
0.6197, 0.1188
0.6197, 0.1188
0.6197, 0.1163
0.6197, 0.1163
0.6244, 0.1163
0.6244, 0.1163
0.6244, 0.1163
0.6244, 0.1163
0.6244, 0.1163
0.6244, 0.1163
0.6244, 0.1163
0.6244, 0.1163
0.6244, 0.1163
0.6244, 0.1163
0.6244, 0.1163
0.6244, 0.1163
0.6244, 0.1163
0.6244, 0.1163
0.6244, 0.1163
0.6244, 0.1163
0.6244, 0.1163
0.6244, 0.1163
0.6244, 0.1163
0.6244, 0.1163
0.6244, 0.1163
0.6244, 0.1163
0.6244, 0.1163
0.6244, 0.1163
0.6244, 0.1163
0.6244, 0.1163
0.6291, 0.1163
0.6291, 0.1163
0.6291, 0.1163
0.6291, 0.1163
0.6291, 0.1163
0.6291, 0.1163
0.6291, 0.1163
0.6291, 0.1163
0.6291, 0.1163
0.6291, 0.1163
0.6291, 0.1163
0.6291, 0.1163
0.6291, 0.1163
0.6291, 0.1163
0.6291, 0.1163
0.6291, 0.1163
0.6291, 0.1139
0.6291, 0.1139
0.6291, 0.1139
0.6338, 0.1139
0.6338, 0.1139
0.6338, 0.1139
0.6338, 0.1139
0.6338, 0.1139
0.6338, 0.1139
0.6338, 0.1139
0.6338, 0.1139
0.6338, 0.1139
0.6338, 0.1139
0.6338, 0.1139
0.6338, 0.1114
0.6338, 0.1114
0.6338, 0.1114
0.6338, 0.1114
0.6338, 0.1114
0.6338, 0.1114
0.6338, 0.1114
0.6338, 0.1114
0.6338, 0.1114
0.6338, 0.1114
0.6338, 0.1114
0.6385, 0.1114
0.6385, 0.1114
0.6385, 0.1114
0.6385, 0.1114
0.6385, 0.1114
0.6385, 0.1089
0.6385, 0.1089
0.6432, 0.1089
0.6432, 0.1089
0.6432, 0.1089
0.6432, 0.1089
0.6432, 0.1089
0.6432, 0.1064
0.6432, 0.1064
0.6479, 0.1064
0.6479, 0.1064
0.6479, 0.1064
0.6479, 0.1064
0.6479, 0.1040
0.6479, 0.1040
0.6479, 0.1040
0.6479, 0.1040
0.6479, 0.1040
0.6479, 0.1040
0.6479, 0.1040
0.6479, 0.1040
0.6479, 0.1040
0.6479, 0.1040
0.6526, 0.1040
0.6526, 0.1040
0.6526, 0.1040
0.6526, 0.1040
0.6526, 0.1015
0.6526, 0.1015
0.6526, 0.1015
0.6526, 0.1015
0.6526, 0.1015
0.6573, 0.1015
0.6573, 0.1015
0.6573, 0.1015
0.6573, 0.1015
0.6573, 0.0990
0.6573, 0.0990
0.6573, 0.0990
0.6573, 0.0990
0.6573, 0.0990
0.6573, 0.0990
0.6573, 0.0990
0.6573, 0.0990
0.6573, 0.0990
0.6620, 0.0990
0.6620, 0.0990
0.6620, 0.0990
0.6620, 0.0990
0.6620, 0.0965
0.6620, 0.0965
0.6620, 0.0965
0.6620, 0.0965
0.6620, 0.0965
0.6667, 0.0965
0.6667, 0.0965
0.6667, 0.0965
0.6667, 0.0965
0.6667, 0.0965
0.6667, 0.0965
0.6667, 0.0965
0.6714, 0.0941
0.6714, 0.0941
0.6714, 0.0941
0.6714, 0.0941
0.6714, 0.0941
0.6714, 0.0941
0.6714, 0.0941
0.6714, 0.0941
0.6714, 0.0941
0.6761, 0.0916
0.6761, 0.0916
0.6761, 0.0916
0.6761, 0.0916
0.6808, 0.0916
0.6808, 0.0916
0.6808, 0.0916
0.6808, 0.0916
0.6808, 0.0916
0.6808, 0.0916
0.6808, 0.0916
0.6808, 0.0916
0.6808, 0.0916
0.6808, 0.0916
0.6854, 0.0916
0.6854, 0.0916
0.6854, 0.0916
0.6854, 0.0916
0.6901, 0.0916
0.6901, 0.0916
0.6901, 0.0891
0.6901, 0.0891
0.6901, 0.0891
0.6901, 0.0891
0.6948, 0.0891
0.6948, 0.0891
0.6948, 0.0891
0.6948, 0.0891
0.6948, 0.0891
0.6948, 0.0891
0.6948, 0.0891
0.6948, 0.0866
0.6948, 0.0866
0.6948, 0.0866
0.6948, 0.0866
0.6995, 0.0866
0.6995, 0.0866
0.6995, 0.0866
0.7042, 0.0866
0.7042, 0.0866
0.7042, 0.0866
0.7042, 0.0866
0.7042, 0.0866
0.7042, 0.0866
0.7042, 0.0866
0.7089, 0.0866
0.7089, 0.0866
0.7089, 0.0842
0.7089, 0.0842
0.7089, 0.0842
0.7089, 0.0842
0.7089, 0.0842
0.7089, 0.0842
0.7089, 0.0842
0.7089, 0.0842
0.7089, 0.0842
0.7089, 0.0842
0.7089, 0.0842
0.7089, 0.0842
0.7089, 0.0842
0.7136, 0.0842
0.7136, 0.0842
0.7136, 0.0842
0.7136, 0.0842
0.7136, 0.0842
0.7136, 0.0842
0.7136, 0.0842
0.7136, 0.0842
0.7136, 0.0842
0.7136, 0.0842
0.7136, 0.0842
0.7136, 0.0842
0.7136, 0.0842
0.7136, 0.0842
0.7136, 0.0842
0.7136, 0.0842
0.7136, 0.0842
0.7136, 0.0842
0.7136, 0.0842
0.7136, 0.0842
0.7136, 0.0842
0.7136, 0.0842
0.7136, 0.0842
0.7136, 0.0842
0.7136, 0.0842
0.7136, 0.0842
0.7136, 0.0842
0.7136, 0.0842
0.7136, 0.0842
0.7136, 0.0842
0.7136, 0.0842
0.7136, 0.0842
0.7136, 0.0842
0.7136, 0.0842
0.7136, 0.0842
0.7136, 0.0842
0.7136, 0.0842
0.7136, 0.0842
0.7136, 0.0842
0.7136, 0.0842
0.7136, 0.0842
0.7136, 0.0842
0.7136, 0.0842
0.7136, 0.0842
0.7136, 0.0842
0.7136, 0.0842
0.7136, 0.0842
0.7136, 0.0842
0.7136, 0.0842
0.7136, 0.0817
0.7136, 0.0817
0.7136, 0.0817
0.7136, 0.0817
0.7136, 0.0817
0.7136, 0.0792
0.7136, 0.0792
0.7136, 0.0792
0.7136, 0.0792
0.7136, 0.0792
0.7136, 0.0792
0.7136, 0.0792
0.7136, 0.0792
0.7136, 0.0767
0.7136, 0.0767
0.7089, 0.0743
0.7089, 0.0743
0.7089, 0.0743
0.7089, 0.0743
0.7089, 0.0743
0.7089, 0.0743
0.7089, 0.0743
0.7042, 0.0718
0.7042, 0.0718
0.6995, 0.0693
0.6995, 0.0693
0.6995, 0.0693
0.6995, 0.0693
0.6995, 0.0693
0.6995, 0.0668
0.6995, 0.0668
0.6948, 0.0668
0.6948, 0.0668
0.6948, 0.0668
0.6948, 0.0668
0.6901, 0.0644
0.6901, 0.0644
0.6854, 0.0644
0.6854, 0.0644
0.6854, 0.0619
0.6854, 0.0619
0.6854, 0.0619
0.6854, 0.0619
0.6854, 0.0619
0.6808, 0.0619
0.6761, 0.0619
0.6761, 0.0619
0.6761, 0.0619
0.6761, 0.0594
0.6761, 0.0594
0.6761, 0.0569
0.6761, 0.0569
0.6714, 0.0569
0.6714, 0.0569
0.6667, 0.0569
0.6667, 0.0569
0.6667, 0.0569
0.6667, 0.0569
0.6620, 0.0545
0.6620, 0.0545
0.6620, 0.0545
0.6620, 0.0545
0.6620, 0.0545
0.6620, 0.0545
0.6620, 0.0545
0.6620, 0.0520
0.6620, 0.0520
0.6573, 0.0520
0.6573, 0.0520
0.6573, 0.0495
0.6573, 0.0495
0.6526, 0.0495
0.6526, 0.0495
0.6526, 0.0495
0.6526, 0.0495
0.6526, 0.0495
0.6526, 0.0495
0.6526, 0.0495
0.6479, 0.0470
0.6479, 0.0470
0.6432, 0.0446
0.6432, 0.0446
0.6432, 0.0446
0.6385, 0.0446
0.6385, 0.0446
0.6385, 0.0446
0.6385, 0.0446
0.6338, 0.0421
0.6338, 0.0421
0.6291, 0.0396
0.6291, 0.0396
0.6291, 0.0396
0.6291, 0.0396
0.6244, 0.0371
0.6244, 0.0371
0.6197, 0.0371
0.6197, 0.0371
0.6197, 0.0371
0.6197, 0.0371
0.6197, 0.0371
0.6197, 0.0347
0.6197, 0.0347
0.6197, 0.0347
0.6197, 0.0347
0.6150, 0.0322
0.6150, 0.0322
0.6150, 0.0322
0.6150, 0.0322
0.6103, 0.0322
0.6103, 0.0322
0.6103, 0.0322
0.6103, 0.0322
0.6103, 0.0322
0.6056, 0.0322
0.6056, 0.0322
0.6056, 0.0297
0.6056, 0.0297
0.6056, 0.0297
0.6056, 0.0297
0.6009, 0.0272
0.6009, 0.0272
0.6009, 0.0248
0.6009, 0.0248
0.5962, 0.0248
0.5962, 0.0248
0.5962, 0.0248
0.5962, 0.0248
0.5962, 0.0248
0.5915, 0.0223
0.5915, 0.0223
0.5869, 0.0223
0.5869, 0.0223
0.5869, 0.0198
0.5869, 0.0198
0.5822, 0.0198
0.5822, 0.0198
0.5822, 0.0198
0.5822, 0.0198
0.5775, 0.0173
0.5775, 0.0173
0.5728, 0.0149
0.5728, 0.0149
0.5728, 0.0149
0.5728, 0.0149
0.5728, 0.0149
0.5681, 0.0124
0.5681, 0.0124
0.5634, 0.0124
0.5634, 0.0124
0.5587, 0.0124
0.5587, 0.0124
0.5587, 0.0099
0.5587, 0.0099
0.5587, 0.0099
0.5587, 0.0099
0.5587, 0.0099
0.5587, 0.0099
0.5587, 0.0099
0.5587, 0.0074
0.5587, 0.0074
0.5587, 0.0074
0.5587, 0.0074
0.5540, 0.0074
0.5540, 0.0074
0.5540, 0.0074
0.5540, 0.0074
0.5540, 0.0074
0.5540, 0.0074
0.5540, 0.0074
0.5540, 0.0074
0.5540, 0.0074
0.5493, 0.0074
0.5493, 0.0074
0.5493, 0.0050
0.5493, 0.0050
0.5493, 0.0050
0.5493, 0.0050
0.5493, 0.0050
0.5493, 0.0050
0.5493, 0.0050
0.5493, 0.0025
0.5493, 0.0025
0.5493, 0.0025
0.5493, 0.0025
0.5493, 0.0025
0.5493, 0.0025
0.5493, 0.0025
0.5493, 0.0025
0.5493, 0.0025
0.5493, 0.0000
0.5493, 0.0000
0.5493, 0.0000
0.5493, 0.0000
0.5493, 0.0000
0.5493, 0.0000
0.5493, 0.0000
0.5493, 0.0000
0.5446, 0.0000
0.5446, 0.0000
0.5446, 0.0000
0.5446, 0.0000
0.5446, 0.0000
0.5446, 0.0000
0.5446, 0.0000
0.5446, 0.0000
0.5446, 0.0000
0.5446, 0.0000
0.5446, 0.0000
0.5446, 0.0000
0.5446, 0.0000
0.5446, 0.0000
0.5446, 0.0000
0.5446, 0.0000
0.5446, 0.0000
0.5446, 0.0000
0.5446, 0.0000
0.5446, 0.0000
0.5446, 0.0000
0.5446, 0.0000
0.5446, 0.0000
0.5446, 0.0000
0.5446, 0.0000
0.5446, 0.0025
0.5446, 0.0025
0.5446, 0.0025
0.5446, 0.0025
0.5446, 0.0025
0.5446, 0.0025
0.5493, 0.0099
0.5540, 0.0124
0.5587, 0.0149
0.0000, 1.0000
0.0000, 1.0000
0.0000, 1.0000
0.0000, 1.0000
0.0000, 1.0000
0.0000, 1.0000
0.0000, 1.0000
0.0000, 1.0000
0.0000, 1.0000
0.0000, 1.0000
0.0000, 1.0000
0.0000, 1.0000
0.0000, 1.0000
0.0000, 1.0000
0.0000, 1.0000
0.0000, 1.0000
0.0000, 1.0000
0.0000, 1.0000
0.0000, 1.0000
0.0000, 1.0000
0.0000, 1.0000
0.0000, 1.0000
0.0000, 1.0000
0.0000, 1.0000
0.0000, 1.0000
0.0000, 1.0000
0.0000, 1.0000
0.0000, 1.0000
0.0000, 1.0000
0.0000, 1.0000
0.0000, 1.0000
0.0000, 1.0000
0.0000, 1.0000
0.0000, 1.0000
0.0000, 1.0000
0.0000, 1.0000
0.0000, 1.0000
0.0000, 1.0000
0.0000, 1.0000
