0.3241, 0.0228
0.3241, 0.0228
0.3241, 0.0228
0.3241, 0.0228
0.3241, 0.0228
0.3241, 0.0228
0.3241, 0.0228
0.3241, 0.0228
0.3241, 0.0228
0.3241, 0.0228
0.3241, 0.0228
0.3241, 0.0228
0.3241, 0.0228
0.3241, 0.0228
0.3241, 0.0228
0.3241, 0.0228
0.3241, 0.0228
0.3241, 0.0228
0.3241, 0.0228
0.3241, 0.0228
0.3241, 0.0228
0.3241, 0.0228
0.3241, 0.0228
0.3241, 0.0228
0.3241, 0.0228
0.3241, 0.0228
0.3241, 0.0228
0.3241, 0.0228
0.3241, 0.0228
0.3241, 0.0228
0.3241, 0.0228
0.3241, 0.0228
0.3241, 0.0228
0.3241, 0.0228
0.3241, 0.0228
0.3241, 0.0228
0.3241, 0.0228
0.3241, 0.0228
0.3241, 0.0228
0.3241, 0.0228
0.3241, 0.0228
0.3241, 0.0228
0.3241, 0.0228
0.3241, 0.0228
0.3241, 0.0228
0.3241, 0.0228
0.3241, 0.0228
0.3241, 0.0228
0.3241, 0.0228
0.3241, 0.0228
0.3241, 0.0228
0.3241, 0.0228
0.3241, 0.0228
0.3241, 0.0228
0.3241, 0.0228
0.3241, 0.0228
0.3241, 0.0228
0.3241, 0.0228
0.3241, 0.0228
0.3241, 0.0253
0.3241, 0.0253
0.3241, 0.0253
0.3241, 0.0253
0.3241, 0.0253
0.3241, 0.0253
0.3241, 0.0253
0.3241, 0.0253
0.3241, 0.0253
0.3241, 0.0253
0.3241, 0.0253
0.3241, 0.0253
0.3241, 0.0253
0.3241, 0.0253
0.3241, 0.0278
0.3241, 0.0278
0.3241, 0.0278
0.3241, 0.0278
0.3241, 0.0278
0.3241, 0.0278
0.3241, 0.0278
0.3241, 0.0278
0.3241, 0.0278
0.3241, 0.0278
0.3241, 0.0278
0.3241, 0.0278
0.3241, 0.0278
0.3241, 0.0278
0.3241, 0.0278
0.3241, 0.0278
0.3241, 0.0278
0.3241, 0.0304
0.3241, 0.0304
0.3241, 0.0304
0.3241, 0.0304
0.3241, 0.0304
0.3241, 0.0304
0.3241, 0.0304
0.3241, 0.0304
0.3241, 0.0304
0.3241, 0.0304
0.3241, 0.0304
0.3241, 0.0304
0.3241, 0.0304
0.3241, 0.0329
0.3241, 0.0329
0.3241, 0.0329
0.3241, 0.0329
0.3241, 0.0329
0.3241, 0.0329
0.3241, 0.0329
0.3241, 0.0329
0.3241, 0.0354
0.3241, 0.0354
0.3241, 0.0354
0.3241, 0.0354
0.3241, 0.0354
0.3241, 0.0354
0.3241, 0.0354
0.3241, 0.0354
0.3241, 0.0354
0.3241, 0.0354
0.3241, 0.0354
0.3241, 0.0354
0.3241, 0.0354
0.3241, 0.0354
0.3241, 0.0354
0.3241, 0.0354
0.3241, 0.0354
0.3241, 0.0380
0.3241, 0.0380
0.3241, 0.0380
0.3241, 0.0380
0.3241, 0.0405
0.3241, 0.0405
0.3241, 0.0405
0.3241, 0.0405
0.3194, 0.0405
0.3194, 0.0405
0.3194, 0.0405
0.3194, 0.0405
0.3194, 0.0405
0.3194, 0.0405
0.3194, 0.0405
0.3194, 0.0405
0.3194, 0.0405
0.3194, 0.0405
0.3194, 0.0405
0.3194, 0.0405
0.3194, 0.0405
0.3194, 0.0405
0.3194, 0.0405
0.3194, 0.0405
0.3194, 0.0405
0.3194, 0.0405
0.3194, 0.0405
0.3194, 0.0405
0.3194, 0.0430
0.3194, 0.0430
0.3194, 0.0430
0.3194, 0.0430
0.3194, 0.0430
0.3194, 0.0430
0.3194, 0.0430
0.3194, 0.0430
0.3194, 0.0430
0.3194, 0.0430
0.3194, 0.0430
0.3194, 0.0430
0.3194, 0.0430
0.3194, 0.0456
0.3194, 0.0456
0.3194, 0.0456
0.3194, 0.0456
0.3194, 0.0481
0.3194, 0.0481
0.3194, 0.0481
0.3194, 0.0481
0.3194, 0.0481
0.3194, 0.0481
0.3194, 0.0481
0.3194, 0.0481
0.3194, 0.0481
0.3194, 0.0481
0.3194, 0.0481
0.3194, 0.0481
0.3194, 0.0481
0.3194, 0.0481
0.3194, 0.0481
0.3194, 0.0481
0.3194, 0.0481
0.3194, 0.0481
0.3194, 0.0506
0.3194, 0.0506
0.3194, 0.0506
0.3194, 0.0506
0.3194, 0.0506
0.3194, 0.0506
0.3194, 0.0506
0.3194, 0.0506
0.3148, 0.0532
0.3148, 0.0532
0.3148, 0.0532
0.3148, 0.0532
0.3148, 0.0532
0.3148, 0.0532
0.3148, 0.0532
0.3148, 0.0532
0.3148, 0.0532
0.3148, 0.0532
0.3148, 0.0532
0.3148, 0.0532
0.3148, 0.0532
0.3148, 0.0532
0.3148, 0.0532
0.3148, 0.0532
0.3148, 0.0532
0.3148, 0.0557
0.3148, 0.0557
0.3148, 0.0557
0.3148, 0.0557
0.3148, 0.0557
0.3148, 0.0557
0.3148, 0.0557
0.3148, 0.0557
0.3148, 0.0557
0.3148, 0.0557
0.3148, 0.0557
0.3148, 0.0557
0.3148, 0.0582
0.3148, 0.0582
0.3148, 0.0582
0.3148, 0.0582
0.3148, 0.0582
0.3148, 0.0582
0.3148, 0.0582
0.3148, 0.0582
0.3148, 0.0582
0.3102, 0.0608
0.3102, 0.0608
0.3102, 0.0608
0.3102, 0.0608
0.3102, 0.0608
0.3102, 0.0608
0.3102, 0.0608
0.3102, 0.0608
0.3102, 0.0608
0.3102, 0.0608
0.3102, 0.0608
0.3102, 0.0608
0.3102, 0.0608
0.3102, 0.0608
0.3102, 0.0608
0.3102, 0.0633
0.3102, 0.0633
0.3102, 0.0633
0.3102, 0.0633
0.3102, 0.0633
0.3102, 0.0633
0.3102, 0.0633
0.3102, 0.0633
0.3056, 0.0658
0.3056, 0.0658
0.3056, 0.0658
0.3056, 0.0658
0.3056, 0.0658
0.3056, 0.0658
0.3056, 0.0658
0.3056, 0.0658
0.3056, 0.0658
0.3056, 0.0658
0.3056, 0.0658
0.3056, 0.0658
0.3056, 0.0658
0.3056, 0.0658
0.3056, 0.0684
0.3056, 0.0684
0.3056, 0.0684
0.3056, 0.0684
0.3056, 0.0684
0.3056, 0.0684
0.3056, 0.0709
0.3056, 0.0709
0.3056, 0.0709
0.3056, 0.0709
0.3056, 0.0709
0.3056, 0.0709
0.3056, 0.0709
0.3056, 0.0709
0.3056, 0.0709
0.3056, 0.0709
0.3056, 0.0709
0.3056, 0.0709
0.3056, 0.0709
0.3056, 0.0734
0.3056, 0.0734
0.3056, 0.0734
0.3056, 0.0734
0.3056, 0.0734
0.3056, 0.0734
0.3056, 0.0734
0.3056, 0.0759
0.3056, 0.0759
0.3056, 0.0759
0.3056, 0.0759
0.3056, 0.0759
0.3056, 0.0759
0.3056, 0.0759
0.3056, 0.0785
0.3056, 0.0785
0.3056, 0.0785
0.3056, 0.0785
0.3056, 0.0785
0.3056, 0.0785
0.3056, 0.0785
0.3056, 0.0785
0.3056, 0.0785
0.3056, 0.0785
0.3009, 0.0785
0.3009, 0.0785
0.3009, 0.0785
0.3009, 0.0785
0.3009, 0.0785
0.3009, 0.0785
0.3009, 0.0785
0.3009, 0.0785
0.3009, 0.0810
0.3009, 0.0810
0.3009, 0.0810
0.3009, 0.0810
0.3009, 0.0810
0.3009, 0.0810
0.3009, 0.0810
0.3009, 0.0810
0.3009, 0.0835
0.3009, 0.0835
0.3009, 0.0835
0.3009, 0.0835
0.3009, 0.0835
0.3009, 0.0835
0.3009, 0.0835
0.3009, 0.0835
0.3009, 0.0835
0.3009, 0.0835
0.3009, 0.0835
0.3009, 0.0861
0.3009, 0.0861
0.3009, 0.0861
0.3009, 0.0861
0.2963, 0.0886
0.2963, 0.0886
0.2963, 0.0886
0.2963, 0.0886
0.2963, 0.0911
0.2963, 0.0911
0.2963, 0.0911
0.2963, 0.0911
0.2963, 0.0911
0.2963, 0.0911
0.2963, 0.0911
0.2963, 0.0911
0.2963, 0.0911
0.2963, 0.0911
0.2963, 0.0911
0.2963, 0.0937
0.2963, 0.0937
0.2963, 0.0937
0.2963, 0.0937
0.2963, 0.0937
0.2963, 0.0937
0.2963, 0.0937
0.2963, 0.0937
0.2963, 0.0962
0.2963, 0.0962
0.2963, 0.0962
0.2963, 0.0962
0.2963, 0.0962
0.2963, 0.0962
0.2963, 0.0962
0.2963, 0.0962
0.2963, 0.0962
0.2963, 0.0962
0.2963, 0.0962
0.2963, 0.0962
0.2963, 0.0962
0.2963, 0.0987
0.2963, 0.0987
0.2963, 0.0987
0.2963, 0.0987
0.2963, 0.0987
0.2963, 0.0987
0.2963, 0.0987
0.2963, 0.1013
0.2963, 0.1013
0.2963, 0.1013
0.2963, 0.1013
0.2963, 0.1038
0.2963, 0.1038
0.2963, 0.1038
0.2963, 0.1038
0.2963, 0.1038
0.2963, 0.1038
0.2963, 0.1038
0.2963, 0.1038
0.2963, 0.1038
0.2963, 0.1038
0.2963, 0.1063
0.2963, 0.1063
0.2963, 0.1063
0.2963, 0.1063
0.2963, 0.1089
0.2963, 0.1089
0.2963, 0.1089
0.2963, 0.1089
0.2963, 0.1089
0.2963, 0.1089
0.2963, 0.1089
0.2963, 0.1089
0.2963, 0.1089
0.2963, 0.1089
0.2963, 0.1089
0.2963, 0.1089
0.2963, 0.1089
0.2963, 0.1089
0.2963, 0.1089
0.2963, 0.1089
0.2963, 0.1114
0.2963, 0.1114
0.2963, 0.1114
0.2963, 0.1114
0.2963, 0.1114
0.2963, 0.1114
0.2963, 0.1114
0.2963, 0.1114
0.2963, 0.1114
0.2963, 0.1114
0.2963, 0.1114
0.2963, 0.1114
0.2963, 0.1139
0.2963, 0.1139
0.2963, 0.1139
0.2963, 0.1139
0.2963, 0.1165
0.2963, 0.1165
0.2963, 0.1165
0.2963, 0.1165
0.2963, 0.1165
0.2963, 0.1165
0.2963, 0.1165
0.2963, 0.1165
0.2963, 0.1165
0.2963, 0.1165
0.2963, 0.1165
0.2963, 0.1165
0.2963, 0.1190
0.2963, 0.1190
0.2963, 0.1190
0.2963, 0.1215
0.2963, 0.1215
0.2963, 0.1215
0.2963, 0.1215
0.2963, 0.1215
0.2963, 0.1215
0.2963, 0.1215
0.2963, 0.1215
0.2963, 0.1215
0.2963, 0.1215
0.2963, 0.1215
0.2963, 0.1215
0.2963, 0.1241
0.2963, 0.1241
0.2963, 0.1241
0.2963, 0.1241
0.2963, 0.1266
0.2963, 0.1266
0.2963, 0.1266
0.2963, 0.1266
0.2963, 0.1291
0.2963, 0.1291
0.2963, 0.1291
0.2963, 0.1291
0.2963, 0.1291
0.2963, 0.1291
0.2963, 0.1291
0.2963, 0.1316
0.2963, 0.1316
0.2963, 0.1316
0.2963, 0.1342
0.2963, 0.1342
0.2963, 0.1342
0.2963, 0.1342
0.2963, 0.1342
0.2963, 0.1342
0.2963, 0.1342
0.2963, 0.1367
0.2963, 0.1367
0.2963, 0.1367
0.2963, 0.1367
0.2963, 0.1367
0.2963, 0.1367
0.2963, 0.1367
0.2963, 0.1392
0.2963, 0.1392
0.2963, 0.1392
0.2963, 0.1392
0.2963, 0.1418
0.2963, 0.1418
0.2963, 0.1418
0.2963, 0.1418
0.2963, 0.1418
0.2963, 0.1418
0.2963, 0.1418
0.2963, 0.1443
0.2963, 0.1443
0.2963, 0.1443
0.2963, 0.1443
0.2963, 0.1468
0.2963, 0.1468
0.2963, 0.1468
0.2963, 0.1468
0.2963, 0.1468
0.2963, 0.1468
0.2963, 0.1468
0.2963, 0.1494
0.2963, 0.1494
0.2963, 0.1494
0.2963, 0.1494
0.2963, 0.1519
0.2963, 0.1519
0.2963, 0.1519
0.2963, 0.1519
0.2963, 0.1519
0.2963, 0.1519
0.2963, 0.1519
0.2963, 0.1519
0.2963, 0.1519
0.2963, 0.1519
0.2963, 0.1519
0.2963, 0.1519
0.2963, 0.1544
0.2963, 0.1544
0.2963, 0.1544
0.2963, 0.1570
0.2963, 0.1570
0.2963, 0.1570
0.2963, 0.1570
0.2963, 0.1595
0.2963, 0.1595
0.2963, 0.1595
0.2963, 0.1595
0.2963, 0.1595
0.2963, 0.1595
0.2963, 0.1595
0.2963, 0.1620
0.2963, 0.1620
0.2963, 0.1620
0.2963, 0.1620
0.2963, 0.1646
0.2963, 0.1646
0.2963, 0.1646
0.2963, 0.1646
0.2963, 0.1646
0.2963, 0.1646
0.2963, 0.1646
0.2963, 0.1646
0.2963, 0.1646
0.2963, 0.1646
0.2963, 0.1646
0.2963, 0.1671
0.2963, 0.1671
0.2963, 0.1671
0.2963, 0.1671
0.2963, 0.1696
0.2963, 0.1696
0.2963, 0.1696
0.2963, 0.1696
0.2963, 0.1696
0.2963, 0.1696
0.2963, 0.1696
0.2963, 0.1722
0.2963, 0.1722
0.2963, 0.1722
0.2963, 0.1722
0.2963, 0.1722
0.2963, 0.1722
0.2963, 0.1722
0.2963, 0.1722
0.2963, 0.1722
0.2963, 0.1722
0.2963, 0.1722
0.2963, 0.1747
0.2963, 0.1747
0.2963, 0.1747
0.2963, 0.1747
0.2963, 0.1747
0.2963, 0.1747
0.2963, 0.1747
0.2963, 0.1772
0.2963, 0.1772
0.2963, 0.1772
0.2963, 0.1772
0.2963, 0.1772
0.2963, 0.1772
0.2963, 0.1772
0.2963, 0.1772
0.2963, 0.1772
0.2963, 0.1772
0.2963, 0.1772
0.3009, 0.1797
0.3009, 0.1797
0.3009, 0.1797
0.3009, 0.1797
0.3009, 0.1797
0.3009, 0.1797
0.3009, 0.1797
0.3009, 0.1823
0.3009, 0.1823
0.3009, 0.1823
0.3009, 0.1823
0.3009, 0.1823
0.3009, 0.1823
0.3009, 0.1823
0.3009, 0.1823
0.3009, 0.1848
0.3009, 0.1848
0.3009, 0.1848
0.3009, 0.1848
0.3009, 0.1848
0.3009, 0.1848
0.3009, 0.1848
0.3009, 0.1848
0.3009, 0.1848
0.3009, 0.1848
0.3009, 0.1848
0.3009, 0.1848
0.3009, 0.1848
0.3009, 0.1848
0.3009, 0.1848
0.3009, 0.1873
0.3009, 0.1873
0.3009, 0.1873
0.3009, 0.1899
0.3009, 0.1899
0.3009, 0.1899
0.3009, 0.1899
0.3009, 0.1899
0.3009, 0.1899
0.3009, 0.1899
0.3009, 0.1899
0.3009, 0.1899
0.3009, 0.1899
0.3009, 0.1899
0.3009, 0.1899
0.3056, 0.1924
0.3056, 0.1924
0.3056, 0.1924
0.3056, 0.1949
0.3056, 0.1949
0.3056, 0.1949
0.3056, 0.1949
0.3056, 0.1975
0.3056, 0.1975
0.3056, 0.1975
0.3056, 0.1975
0.3056, 0.1975
0.3056, 0.1975
0.3056, 0.1975
0.3056, 0.1975
0.3056, 0.1975
0.3056, 0.1975
0.3056, 0.1975
0.3056, 0.2000
0.3056, 0.2000
0.3056, 0.2000
0.3056, 0.2000
0.3102, 0.2000
0.3102, 0.2000
0.3102, 0.2000
0.3102, 0.2000
0.3102, 0.2025
0.3102, 0.2025
0.3102, 0.2025
0.3102, 0.2025
0.3102, 0.2025
0.3102, 0.2025
0.3102, 0.2025
0.3102, 0.2025
0.3102, 0.2025
0.3102, 0.2025
0.3102, 0.2025
0.3102, 0.2051
0.3102, 0.2051
0.3102, 0.2051
0.3102, 0.2076
0.3102, 0.2076
0.3102, 0.2076
0.3102, 0.2101
0.3102, 0.2101
0.3102, 0.2101
0.3102, 0.2101
0.3148, 0.2101
0.3148, 0.2101
0.3148, 0.2101
0.3148, 0.2101
0.3148, 0.2101
0.3148, 0.2101
0.3148, 0.2101
0.3148, 0.2127
0.3148, 0.2127
0.3148, 0.2127
0.3148, 0.2127
0.3148, 0.2152
0.3148, 0.2152
0.3148, 0.2152
0.3148, 0.2152
0.3148, 0.2152
0.3148, 0.2152
0.3148, 0.2152
0.3148, 0.2152
0.3148, 0.2152
0.3148, 0.2152
0.3148, 0.2177
0.3148, 0.2177
0.3148, 0.2177
0.3148, 0.2177
0.3148, 0.2203
0.3148, 0.2203
0.3148, 0.2203
0.3148, 0.2228
0.3148, 0.2228
0.3148, 0.2228
0.3148, 0.2228
0.3148, 0.2228
0.3148, 0.2228
0.3148, 0.2228
0.3148, 0.2228
0.3148, 0.2228
0.3148, 0.2228
0.3148, 0.2253
0.3148, 0.2253
0.3148, 0.2253
0.3148, 0.2253
0.3148, 0.2278
0.3148, 0.2278
0.3148, 0.2278
0.3148, 0.2278
0.3148, 0.2278
0.3148, 0.2278
0.3148, 0.2278
0.3148, 0.2304
0.3148, 0.2304
0.3148, 0.2304
0.3148, 0.2304
0.3148, 0.2304
0.3148, 0.2304
0.3148, 0.2304
0.3148, 0.2329
0.3148, 0.2329
0.3148, 0.2329
0.3194, 0.2329
0.3194, 0.2329
0.3194, 0.2329
0.3194, 0.2329
0.3194, 0.2329
0.3194, 0.2329
0.3194, 0.2329
0.3194, 0.2329
0.3194, 0.2354
0.3194, 0.2354
0.3194, 0.2354
0.3194, 0.2380
0.3194, 0.2380
0.3194, 0.2380
0.3194, 0.2380
0.3194, 0.2405
0.3194, 0.2405
0.3194, 0.2405
0.3194, 0.2405
0.3194, 0.2405
0.3194, 0.2405
0.3194, 0.2430
0.3194, 0.2430
0.3194, 0.2430
0.3194, 0.2430
0.3241, 0.2456
0.3241, 0.2456
0.3241, 0.2456
0.3241, 0.2456
0.3241, 0.2456
0.3241, 0.2456
0.3241, 0.2456
0.3241, 0.2481
0.3241, 0.2481
0.3241, 0.2481
0.3241, 0.2481
0.3241, 0.2481
0.3241, 0.2481
0.3241, 0.2481
0.3241, 0.2481
0.3241, 0.2506
0.3241, 0.2506
0.3241, 0.2506
0.3241, 0.2532
0.3241, 0.2532
0.3241, 0.2532
0.3241, 0.2532
0.3241, 0.2532
0.3241, 0.2532
0.3241, 0.2532
0.3241, 0.2532
0.3241, 0.2532
0.3241, 0.2532
0.3241, 0.2532
0.3241, 0.2557
0.3241, 0.2557
0.3241, 0.2557
0.3241, 0.2557
0.3287, 0.2582
0.3287, 0.2582
0.3287, 0.2582
0.3287, 0.2582
0.3287, 0.2582
0.3287, 0.2582
0.3287, 0.2582
0.3287, 0.2582
0.3287, 0.2582
0.3287, 0.2582
0.3287, 0.2582
0.3287, 0.2608
0.3287, 0.2608
0.3287, 0.2608
0.3333, 0.2608
0.3333, 0.2608
0.3333, 0.2608
0.3333, 0.2608
0.3333, 0.2633
0.3333, 0.2633
0.3333, 0.2633
0.3333, 0.2658
0.3333, 0.2658
0.3333, 0.2658
0.3333, 0.2658
0.3333, 0.2658
0.3333, 0.2658
0.3333, 0.2658
0.3333, 0.2658
0.3380, 0.2658
0.3380, 0.2658
0.3380, 0.2658
0.3380, 0.2684
0.3380, 0.2684
0.3380, 0.2684
0.3380, 0.2684
0.3380, 0.2684
0.3380, 0.2684
0.3380, 0.2684
0.3380, 0.2709
0.3380, 0.2709
0.3380, 0.2709
0.3380, 0.2709
0.3380, 0.2709
0.3380, 0.2709
0.3380, 0.2709
0.3426, 0.2709
0.3426, 0.2709
0.3426, 0.2709
0.3426, 0.2734
0.3426, 0.2734
0.3426, 0.2734
0.3426, 0.2759
0.3426, 0.2759
0.3426, 0.2759
0.3426, 0.2759
0.3472, 0.2759
0.3472, 0.2759
0.3472, 0.2759
0.3472, 0.2785
0.3472, 0.2785
0.3472, 0.2785
0.3472, 0.2785
0.3472, 0.2785
0.3472, 0.2785
0.3472, 0.2785
0.3472, 0.2785
0.3472, 0.2785
0.3472, 0.2785
0.3472, 0.2785
0.3472, 0.2810
0.3472, 0.2810
0.3472, 0.2810
0.3472, 0.2810
0.3472, 0.2810
0.3472, 0.2810
0.3472, 0.2810
0.3519, 0.2835
0.3519, 0.2835
0.3519, 0.2835
0.3519, 0.2835
0.3519, 0.2835
0.3519, 0.2835
0.3519, 0.2835
0.3519, 0.2835
0.3519, 0.2835
0.3519, 0.2835
0.3519, 0.2835
0.3565, 0.2861
0.3565, 0.2861
0.3565, 0.2861
0.3565, 0.2861
0.3565, 0.2861
0.3565, 0.2861
0.3565, 0.2861
0.3565, 0.2886
0.3565, 0.2886
0.3565, 0.2886
0.3565, 0.2886
0.3565, 0.2886
0.3565, 0.2886
0.3565, 0.2886
0.3565, 0.2911
0.3565, 0.2911
0.3565, 0.2911
0.3565, 0.2911
0.3565, 0.2911
0.3565, 0.2911
0.3565, 0.2911
0.3565, 0.2911
0.3565, 0.2911
0.3565, 0.2911
0.3565, 0.2911
0.3611, 0.2911
0.3611, 0.2911
0.3611, 0.2911
0.3611, 0.2911
0.3611, 0.2911
0.3611, 0.2911
0.3611, 0.2911
0.3611, 0.2937
0.3611, 0.2937
0.3611, 0.2937
0.3657, 0.2937
0.3657, 0.2937
0.3657, 0.2937
0.3657, 0.2962
0.3657, 0.2962
0.3657, 0.2962
0.3657, 0.2962
0.3657, 0.2962
0.3657, 0.2962
0.3704, 0.2962
0.3704, 0.2962
0.3704, 0.2962
0.3704, 0.2962
0.3704, 0.2962
0.3704, 0.2962
0.3704, 0.2962
0.3704, 0.2962
0.3704, 0.2962
0.3704, 0.2962
0.3704, 0.2987
0.3704, 0.2987
0.3704, 0.2987
0.3704, 0.2987
0.3704, 0.2987
0.3704, 0.2987
0.3704, 0.2987
0.3750, 0.3013
0.3750, 0.3013
0.3750, 0.3013
0.3750, 0.3013
0.3750, 0.3038
0.3750, 0.3038
0.3750, 0.3038
0.3796, 0.3038
0.3796, 0.3038
0.3796, 0.3038
0.3796, 0.3038
0.3796, 0.3038
0.3796, 0.3038
0.3796, 0.3038
0.3796, 0.3038
0.3796, 0.3038
0.3796, 0.3038
0.3796, 0.3038
0.3796, 0.3063
0.3796, 0.3063
0.3796, 0.3063
0.3796, 0.3063
0.3796, 0.3063
0.3796, 0.3063
0.3796, 0.3063
0.3843, 0.3089
0.3843, 0.3089
0.3843, 0.3089
0.3843, 0.3089
0.3843, 0.3089
0.3843, 0.3089
0.3843, 0.3089
0.3889, 0.3089
0.3889, 0.3089
0.3889, 0.3089
0.3889, 0.3089
0.3889, 0.3089
0.3889, 0.3089
0.3889, 0.3114
0.3889, 0.3114
0.3889, 0.3114
0.3889, 0.3114
0.3935, 0.3114
0.3935, 0.3114
0.3935, 0.3114
0.3935, 0.3139
0.3935, 0.3139
0.3935, 0.3139
0.3935, 0.3139
0.3935, 0.3139
0.3935, 0.3139
0.3935, 0.3139
0.3935, 0.3139
0.3935, 0.3139
0.3935, 0.3139
0.3935, 0.3139
0.3935, 0.3139
0.3935, 0.3139
0.3935, 0.3139
0.3981, 0.3165
0.3981, 0.3165
0.3981, 0.3165
0.3981, 0.3165
0.3981, 0.3165
0.3981, 0.3165
0.3981, 0.3165
0.4028, 0.3190
0.4028, 0.3190
0.4028, 0.3190
0.4028, 0.3190
0.4028, 0.3190
0.4028, 0.3190
0.4028, 0.3190
0.4028, 0.3215
0.4028, 0.3215
0.4028, 0.3215
0.4028, 0.3215
0.4028, 0.3215
0.4028, 0.3215
0.4028, 0.3215
0.4028, 0.3215
0.4028, 0.3215
0.4028, 0.3215
0.4074, 0.3215
0.4074, 0.3215
0.4074, 0.3215
0.4074, 0.3215
0.4074, 0.3241
0.4074, 0.3241
0.4074, 0.3241
0.4120, 0.3266
0.4120, 0.3266
0.4120, 0.3266
0.4120, 0.3266
0.4120, 0.3266
0.4120, 0.3266
0.4120, 0.3266
0.4167, 0.3266
0.4167, 0.3266
0.4167, 0.3266
0.4167, 0.3266
0.4167, 0.3266
0.4167, 0.3266
0.4167, 0.3266
0.4167, 0.3291
0.4167, 0.3291
0.4167, 0.3291
0.4167, 0.3291
0.4167, 0.3291
0.4167, 0.3291
0.4167, 0.3291
0.4167, 0.3291
0.4167, 0.3291
0.4167, 0.3291
0.4213, 0.3316
0.4213, 0.3316
0.4213, 0.3316
0.4213, 0.3316
0.4213, 0.3316
0.4213, 0.3316
0.4213, 0.3316
0.4213, 0.3316
0.4213, 0.3316
0.4213, 0.3316
0.4259, 0.3342
0.4259, 0.3342
0.4259, 0.3342
0.4259, 0.3342
0.4259, 0.3342
0.4259, 0.3342
0.4259, 0.3342
0.4259, 0.3342
0.4259, 0.3342
0.4259, 0.3342
0.4259, 0.3342
0.4259, 0.3342
0.4259, 0.3342
0.4259, 0.3342
0.4259, 0.3342
0.4259, 0.3342
0.4259, 0.3342
0.4259, 0.3342
0.4259, 0.3342
0.4306, 0.3342
0.4306, 0.3342
0.4306, 0.3342
0.4306, 0.3367
0.4306, 0.3367
0.4306, 0.3367
0.4352, 0.3392
0.4352, 0.3392
0.4352, 0.3392
0.4352, 0.3392
0.4352, 0.3392
0.4352, 0.3392
0.4352, 0.3392
0.4398, 0.3392
0.4398, 0.3392
0.4398, 0.3392
0.4398, 0.3392
0.4398, 0.3392
0.4398, 0.3392
0.4398, 0.3392
0.4398, 0.3392
0.4398, 0.3392
0.4398, 0.3418
0.4398, 0.3418
0.4398, 0.3418
0.4444, 0.3418
0.4444, 0.3418
0.4444, 0.3418
0.4444, 0.3443
0.4444, 0.3443
0.4444, 0.3443
0.4491, 0.3443
0.4491, 0.3443
0.4491, 0.3443
0.4491, 0.3443
0.4491, 0.3468
0.4491, 0.3468
0.4491, 0.3468
0.4491, 0.3468
0.4491, 0.3468
0.4491, 0.3468
0.4537, 0.3468
0.4537, 0.3468
0.4537, 0.3468
0.4537, 0.3468
0.4537, 0.3468
0.4537, 0.3468
0.4583, 0.3468
0.4583, 0.3468
0.4583, 0.3468
0.4583, 0.3468
0.4583, 0.3468
0.4583, 0.3468
0.4583, 0.3468
0.4583, 0.3494
0.4583, 0.3494
0.4583, 0.3494
0.4630, 0.3494
0.4630, 0.3494
0.4630, 0.3494
0.4630, 0.3494
0.4630, 0.3494
0.4630, 0.3494
0.4630, 0.3494
0.4630, 0.3494
0.4630, 0.3494
0.4630, 0.3494
0.4630, 0.3519
0.4630, 0.3519
0.4630, 0.3519
0.4676, 0.3519
0.4676, 0.3519
0.4676, 0.3519
0.4676, 0.3519
0.4676, 0.3519
0.4676, 0.3519
0.4676, 0.3519
0.4722, 0.3519
0.4722, 0.3519
0.4722, 0.3519
0.4722, 0.3519
0.4722, 0.3519
0.4722, 0.3519
0.4722, 0.3544
0.4722, 0.3544
0.4722, 0.3544
0.4769, 0.3544
0.4769, 0.3544
0.4769, 0.3544
0.4815, 0.3544
0.4815, 0.3544
0.4815, 0.3544
0.4815, 0.3570
0.4815, 0.3570
0.4815, 0.3570
0.4861, 0.3570
0.4861, 0.3570
0.4861, 0.3570
0.4861, 0.3570
0.4861, 0.3570
0.4861, 0.3570
0.4861, 0.3570
0.4861, 0.3570
0.4861, 0.3570
0.4907, 0.3570
0.4907, 0.3570
0.4907, 0.3570
0.4907, 0.3595
0.4907, 0.3595
0.4907, 0.3595
0.4907, 0.3595
0.4954, 0.3595
0.4954, 0.3595
0.4954, 0.3595
0.4954, 0.3595
0.4954, 0.3595
0.5000, 0.3595
0.5000, 0.3595
0.5000, 0.3595
0.5000, 0.3595
0.5000, 0.3595
0.5000, 0.3595
0.5000, 0.3595
0.5046, 0.3595
0.5046, 0.3595
0.5046, 0.3595
0.5046, 0.3595
0.5046, 0.3595
0.5046, 0.3595
0.5046, 0.3620
0.5046, 0.3620
0.5046, 0.3620
0.5093, 0.3620
0.5093, 0.3620
0.5093, 0.3620
0.5093, 0.3620
0.5093, 0.3620
0.5093, 0.3620
0.5093, 0.3620
0.5093, 0.3620
0.5093, 0.3620
0.5093, 0.3620
0.5139, 0.3620
0.5139, 0.3620
0.5139, 0.3620
0.5139, 0.3620
0.5139, 0.3620
0.5139, 0.3620
0.5139, 0.3620
0.5139, 0.3620
0.5139, 0.3620
0.5139, 0.3620
0.5185, 0.3620
0.5185, 0.3620
0.5185, 0.3620
0.5185, 0.3646
0.5185, 0.3646
0.5185, 0.3646
0.5185, 0.3646
0.5185, 0.3646
0.5185, 0.3646
0.5231, 0.3646
0.5231, 0.3646
0.5231, 0.3646
0.5278, 0.3646
0.5278, 0.3646
0.5278, 0.3646
0.5278, 0.3646
0.5278, 0.3646
0.5278, 0.3646
0.5278, 0.3646
0.5278, 0.3646
0.5278, 0.3646
0.5278, 0.3646
0.5278, 0.3646
0.5278, 0.3646
0.5278, 0.3646
0.5324, 0.3646
0.5324, 0.3646
0.5324, 0.3646
0.5324, 0.3646
0.5324, 0.3646
0.5324, 0.3646
0.5370, 0.3671
0.5370, 0.3671
0.5370, 0.3671
0.5370, 0.3671
0.5370, 0.3671
0.5370, 0.3671
0.5370, 0.3671
0.5417, 0.3671
0.5417, 0.3671
0.5417, 0.3671
0.5417, 0.3671
0.5417, 0.3671
0.5417, 0.3671
0.5417, 0.3671
0.5417, 0.3671
0.5417, 0.3671
0.5417, 0.3671
0.5417, 0.3696
0.5417, 0.3696
0.5417, 0.3696
0.5463, 0.3696
0.5463, 0.3696
0.5463, 0.3696
0.5509, 0.3696
0.5509, 0.3696
0.5509, 0.3696
0.5509, 0.3722
0.5509, 0.3722
0.5509, 0.3722
0.5509, 0.3722
0.5509, 0.3722
0.5509, 0.3722
0.5509, 0.3722
0.5556, 0.3722
0.5556, 0.3722
0.5556, 0.3722
0.5556, 0.3722
0.5556, 0.3722
0.5556, 0.3722
0.5556, 0.3722
0.5556, 0.3722
0.5556, 0.3722
0.5556, 0.3722
0.5602, 0.3722
0.5602, 0.3722
0.5602, 0.3722
0.5602, 0.3722
0.5602, 0.3722
0.5602, 0.3722
0.5648, 0.3722
0.5648, 0.3722
0.5648, 0.3722
0.5648, 0.3747
0.5648, 0.3747
0.5648, 0.3747
0.5648, 0.3747
0.5648, 0.3747
0.5648, 0.3747
0.5648, 0.3747
0.5648, 0.3747
0.5648, 0.3747
0.5648, 0.3747
0.5694, 0.3772
0.5694, 0.3772
0.5694, 0.3772
0.5741, 0.3772
0.5741, 0.3772
0.5741, 0.3772
0.5741, 0.3772
0.5741, 0.3772
0.5741, 0.3772
0.5741, 0.3772
0.5741, 0.3772
0.5741, 0.3772
0.5741, 0.3772
0.5787, 0.3772
0.5787, 0.3772
0.5787, 0.3772
0.5787, 0.3772
0.5787, 0.3772
0.5787, 0.3772
0.5787, 0.3772
0.5787, 0.3772
0.5833, 0.3772
0.5833, 0.3772
0.5833, 0.3797
0.5833, 0.3797
0.5833, 0.3797
0.5833, 0.3797
0.5833, 0.3797
0.5833, 0.3797
0.5880, 0.3797
0.5880, 0.3797
0.5880, 0.3797
0.5880, 0.3797
0.5880, 0.3797
0.5880, 0.3823
0.5880, 0.3823
0.5880, 0.3823
0.5880, 0.3823
0.5880, 0.3823
0.5880, 0.3823
0.5880, 0.3823
0.5880, 0.3823
0.5880, 0.3823
0.5880, 0.3823
0.5880, 0.3823
0.5926, 0.3823
0.5926, 0.3823
0.5926, 0.3823
0.5926, 0.3823
0.5926, 0.3823
0.5972, 0.3848
0.5972, 0.3848
0.5972, 0.3848
0.5972, 0.3848
0.5972, 0.3848
0.5972, 0.3848
0.5972, 0.3848
0.5972, 0.3848
0.5972, 0.3848
0.5972, 0.3848
0.5972, 0.3848
0.5972, 0.3848
0.5972, 0.3848
0.5972, 0.3848
0.6019, 0.3848
0.6019, 0.3848
0.6019, 0.3848
0.6019, 0.3848
0.6019, 0.3848
0.6019, 0.3848
0.6019, 0.3848
0.6019, 0.3848
0.6019, 0.3848
0.6019, 0.3848
0.6019, 0.3848
0.6019, 0.3848
0.6065, 0.3848
0.6065, 0.3848
0.6065, 0.3848
0.6065, 0.3848
0.6065, 0.3848
0.6065, 0.3848
0.6065, 0.3848
0.6065, 0.3848
0.6111, 0.3848
0.6111, 0.3848
0.6111, 0.3848
0.6111, 0.3848
0.6111, 0.3848
0.6111, 0.3848
0.6111, 0.3848
0.6111, 0.3848
0.6111, 0.3848
0.6111, 0.3848
0.6111, 0.3848
0.6111, 0.3848
0.6111, 0.3848
0.6111, 0.3848
0.6157, 0.3848
0.6157, 0.3848
0.6157, 0.3848
0.6157, 0.3848
0.6157, 0.3848
0.6204, 0.3848
0.6204, 0.3848
0.6204, 0.3848
0.6204, 0.3848
0.6204, 0.3848
0.6204, 0.3848
0.6204, 0.3848
0.6204, 0.3848
0.6204, 0.3848
0.6204, 0.3848
0.6204, 0.3848
0.6250, 0.3848
0.6250, 0.3848
0.6250, 0.3848
0.6296, 0.3848
0.6296, 0.3848
0.6343, 0.3848
0.6343, 0.3848
0.6343, 0.3848
0.6343, 0.3873
0.6343, 0.3873
0.6343, 0.3873
0.6343, 0.3873
0.6343, 0.3873
0.6389, 0.3873
0.6389, 0.3873
0.6389, 0.3873
0.6435, 0.3873
0.6435, 0.3873
0.6435, 0.3873
0.6435, 0.3873
0.6435, 0.3873
0.6481, 0.3873
0.6481, 0.3873
0.6481, 0.3873
0.6481, 0.3873
0.6481, 0.3873
0.6528, 0.3873
0.6528, 0.3873
0.6528, 0.3873
0.6528, 0.3873
0.6528, 0.3873
0.6528, 0.3873
0.6528, 0.3873
0.6528, 0.3873
0.6574, 0.3873
0.6574, 0.3873
0.6574, 0.3873
0.6574, 0.3873
0.6574, 0.3873
0.6574, 0.3873
0.6620, 0.3873
0.6620, 0.3873
0.6667, 0.3873
0.6667, 0.3873
0.6667, 0.3873
0.6667, 0.3873
0.6667, 0.3873
0.6667, 0.3873
0.6667, 0.3873
0.6667, 0.3873
0.6713, 0.3873
0.6713, 0.3873
0.6713, 0.3873
0.6759, 0.3873
0.6759, 0.3873
0.6759, 0.3873
0.6759, 0.3873
0.6759, 0.3873
0.6759, 0.3873
0.6759, 0.3873
0.6759, 0.3873
0.6759, 0.3873
0.6806, 0.3873
0.6806, 0.3873
0.6806, 0.3873
0.6806, 0.3873
0.6806, 0.3873
0.6852, 0.3873
0.6852, 0.3873
0.6852, 0.3873
0.6852, 0.3873
0.6852, 0.3873
0.6898, 0.3873
0.6898, 0.3873
0.6898, 0.3873
0.6898, 0.3873
0.6898, 0.3873
0.6898, 0.3873
0.6898, 0.3873
0.6898, 0.3873
0.6898, 0.3873
0.6898, 0.3873
0.6898, 0.3873
0.6898, 0.3873
0.6898, 0.3873
0.6898, 0.3873
0.6898, 0.3848
0.6898, 0.3848
0.6944, 0.3848
0.6944, 0.3848
0.6944, 0.3848
0.6944, 0.3848
0.6944, 0.3848
0.6991, 0.3848
0.6991, 0.3848
0.6991, 0.3848
0.6991, 0.3848
0.6991, 0.3848
0.7037, 0.3823
0.7037, 0.3823
0.7037, 0.3823
0.7083, 0.3823
0.7083, 0.3823
0.7083, 0.3823
0.7130, 0.3823
0.7130, 0.3823
0.7176, 0.3797
0.7176, 0.3797
0.7222, 0.3797
0.7222, 0.3797
0.7222, 0.3797
0.7269, 0.3797
0.7269, 0.3797
0.7269, 0.3797
0.7269, 0.3797
0.7269, 0.3797
0.7315, 0.3797
0.7315, 0.3797
0.7315, 0.3797
0.7315, 0.3797
0.7315, 0.3797
0.7315, 0.3797
0.7361, 0.3772
0.7361, 0.3772
0.7361, 0.3772
0.7361, 0.3772
0.7361, 0.3772
0.7361, 0.3772
0.7361, 0.3772
0.7361, 0.3772
0.7361, 0.3772
0.7361, 0.3772
0.7407, 0.3772
0.7407, 0.3772
0.7407, 0.3772
0.7454, 0.3747
0.7454, 0.3747
0.7454, 0.3747
0.7454, 0.3747
0.7454, 0.3747
0.7500, 0.3747
0.7500, 0.3747
0.7500, 0.3747
0.7500, 0.3747
0.7500, 0.3747
0.7546, 0.3722
0.7546, 0.3722
0.7546, 0.3722
0.7593, 0.3722
0.7593, 0.3722
0.7593, 0.3722
0.7593, 0.3722
0.7593, 0.3722
0.7593, 0.3722
0.7593, 0.3722
0.7639, 0.3722
0.7639, 0.3722
0.7639, 0.3722
0.7685, 0.3722
0.7685, 0.3722
0.7731, 0.3696
0.7731, 0.3696
0.7731, 0.3696
0.7731, 0.3696
0.7731, 0.3696
0.7731, 0.3696
0.7731, 0.3696
0.7731, 0.3696
0.7731, 0.3696
0.7778, 0.3696
0.7778, 0.3696
0.7824, 0.3671
0.7824, 0.3671
0.7824, 0.3671
0.7824, 0.3671
0.7824, 0.3671
0.7870, 0.3671
0.7870, 0.3671
0.7870, 0.3671
0.7917, 0.3671
0.7917, 0.3671
0.7963, 0.3671
0.7963, 0.3671
0.7963, 0.3671
0.7963, 0.3646
0.7963, 0.3646
0.8009, 0.3646
0.8009, 0.3646
0.8009, 0.3646
0.8056, 0.3646
0.8056, 0.3646
0.8102, 0.3620
0.8102, 0.3620
0.8102, 0.3620
0.8102, 0.3620
0.8102, 0.3620
0.8148, 0.3620
0.8148, 0.3620
0.8148, 0.3620
0.8194, 0.3595
0.8194, 0.3595
0.8194, 0.3595
0.8194, 0.3595
0.8194, 0.3595
0.8194, 0.3595
0.8194, 0.3595
0.8194, 0.3595
0.8194, 0.3595
0.8194, 0.3595
0.8194, 0.3595
0.8194, 0.3595
0.8194, 0.3595
0.8241, 0.3595
0.8241, 0.3595
0.8241, 0.3595
0.8241, 0.3595
0.8241, 0.3595
0.8241, 0.3595
0.8241, 0.3595
0.8241, 0.3595
0.8241, 0.3595
0.8241, 0.3595
0.8287, 0.3595
0.8287, 0.3595
0.8287, 0.3595
0.8287, 0.3595
0.8287, 0.3595
0.8287, 0.3595
0.8287, 0.3595
0.8287, 0.3595
0.8287, 0.3595
0.8287, 0.3570
0.8287, 0.3570
0.8287, 0.3570
0.8287, 0.3570
0.8287, 0.3570
0.8287, 0.3570
0.8287, 0.3570
0.8287, 0.3570
0.8287, 0.3570
0.8287, 0.3570
0.8333, 0.3570
0.8333, 0.3570
0.8333, 0.3570
0.8333, 0.3544
0.8333, 0.3544
0.8333, 0.3544
0.8333, 0.3544
0.8333, 0.3544
0.8333, 0.3544
0.8333, 0.3544
0.8333, 0.3544
0.8333, 0.3544
0.8333, 0.3544
0.8333, 0.3544
0.8380, 0.3544
0.8380, 0.3544
0.8380, 0.3544
0.8380, 0.3544
0.8380, 0.3544
0.8426, 0.3544
0.8426, 0.3544
0.8426, 0.3544
0.8426, 0.3544
0.8426, 0.3544
0.8426, 0.3544
0.8426, 0.3544
0.8426, 0.3544
0.8426, 0.3519
0.8426, 0.3519
0.8426, 0.3519
0.8426, 0.3519
0.8426, 0.3519
0.8426, 0.3519
0.8426, 0.3519
0.8426, 0.3519
0.8472, 0.3494
0.8472, 0.3494
0.8472, 0.3494
0.8472, 0.3494
0.8472, 0.3494
0.8472, 0.3494
0.8472, 0.3494
0.8472, 0.3494
0.8472, 0.3494
0.8519, 0.3494
0.8519, 0.3494
0.8519, 0.3494
0.8519, 0.3494
0.8519, 0.3494
0.8519, 0.3468
0.8519, 0.3468
0.8519, 0.3468
0.8519, 0.3468
0.8519, 0.3468
0.8519, 0.3468
0.8519, 0.3468
0.8519, 0.3468
0.8519, 0.3468
0.8519, 0.3468
0.8565, 0.3468
0.8565, 0.3468
0.8565, 0.3468
0.8565, 0.3468
0.8565, 0.3468
0.8565, 0.3468
0.8565, 0.3468
0.8565, 0.3468
0.8611, 0.3468
0.8611, 0.3468
0.8611, 0.3443
0.8611, 0.3443
0.8611, 0.3443
0.8611, 0.3443
0.8611, 0.3443
0.8611, 0.3443
0.8657, 0.3443
0.8657, 0.3443
0.8657, 0.3418
0.8657, 0.3418
0.8657, 0.3418
0.8657, 0.3418
0.8657, 0.3418
0.8657, 0.3418
0.8657, 0.3418
0.8657, 0.3418
0.8657, 0.3418
0.8657, 0.3418
0.8657, 0.3418
0.8657, 0.3418
0.8657, 0.3418
0.8657, 0.3418
0.8657, 0.3418
0.8657, 0.3418
0.8657, 0.3418
0.8704, 0.3392
0.8704, 0.3392
0.8704, 0.3392
0.8704, 0.3392
0.8704, 0.3392
0.8750, 0.3392
0.8750, 0.3392
0.8750, 0.3367
0.8750, 0.3367
0.8750, 0.3367
0.8750, 0.3367
0.8750, 0.3367
0.8750, 0.3367
0.8750, 0.3367
0.8750, 0.3367
0.8750, 0.3342
0.8750, 0.3342
0.8750, 0.3342
0.8750, 0.3342
0.8750, 0.3342
0.8796, 0.3342
0.8796, 0.3342
0.8796, 0.3342
0.8796, 0.3342
0.8796, 0.3342
0.8796, 0.3342
0.8796, 0.3342
0.8843, 0.3342
0.8843, 0.3342
0.8843, 0.3342
0.8843, 0.3316
0.8843, 0.3316
0.8843, 0.3316
0.8843, 0.3316
0.8843, 0.3316
0.8889, 0.3291
0.8889, 0.3291
0.8889, 0.3291
0.8889, 0.3291
0.8889, 0.3291
0.8889, 0.3291
0.8889, 0.3291
0.8889, 0.3291
0.8889, 0.3291
0.8889, 0.3291
0.8889, 0.3291
0.8889, 0.3291
0.8889, 0.3291
0.8935, 0.3266
0.8935, 0.3266
0.8935, 0.3266
0.8935, 0.3266
0.8935, 0.3266
0.8935, 0.3266
0.8935, 0.3266
0.8981, 0.3241
0.8981, 0.3241
0.8981, 0.3241
0.8981, 0.3241
0.8981, 0.3241
0.8981, 0.3241
0.8981, 0.3241
0.8981, 0.3215
0.8981, 0.3215
0.8981, 0.3215
0.8981, 0.3215
0.8981, 0.3215
0.8981, 0.3215
0.8981, 0.3215
0.8981, 0.3215
0.9028, 0.3215
0.9028, 0.3215
0.9028, 0.3190
0.9028, 0.3190
0.9028, 0.3190
0.9028, 0.3190
0.9028, 0.3190
0.9074, 0.3165
0.9074, 0.3165
0.9074, 0.3165
0.9074, 0.3165
0.9074, 0.3165
0.9074, 0.3165
0.9074, 0.3165
0.9120, 0.3165
0.9120, 0.3165
0.9120, 0.3165
0.9120, 0.3139
0.9120, 0.3139
0.9120, 0.3139
0.9120, 0.3139
0.9120, 0.3139
0.9120, 0.3114
0.9120, 0.3114
0.9120, 0.3114
0.9120, 0.3114
0.9120, 0.3114
0.9167, 0.3089
0.9167, 0.3089
0.9167, 0.3089
0.9167, 0.3089
0.9167, 0.3089
0.9213, 0.3063
0.9213, 0.3063
0.9213, 0.3063
0.9213, 0.3038
0.9213, 0.3038
0.9213, 0.3038
0.9213, 0.3038
0.9213, 0.3038
0.9259, 0.3038
0.9259, 0.3038
0.9259, 0.3013
0.9259, 0.3013
0.9259, 0.3013
0.9306, 0.2987
0.9306, 0.2987
0.9352, 0.2987
0.9352, 0.2987
0.9352, 0.2987
0.9352, 0.2962
0.9352, 0.2962
0.9352, 0.2962
0.9352, 0.2962
0.9352, 0.2962
0.9352, 0.2937
0.9352, 0.2937
0.9352, 0.2937
0.9398, 0.2911
0.9398, 0.2911
0.9398, 0.2911
0.9398, 0.2911
0.9398, 0.2911
0.9398, 0.2911
0.9398, 0.2911
0.9398, 0.2911
0.9444, 0.2911
0.9444, 0.2911
0.9444, 0.2886
0.9444, 0.2886
0.9444, 0.2886
0.9444, 0.2886
0.9444, 0.2886
0.9444, 0.2861
0.9444, 0.2861
0.9444, 0.2861
0.9444, 0.2861
0.9444, 0.2861
0.9444, 0.2861
0.9444, 0.2861
0.9444, 0.2861
0.9444, 0.2835
0.9444, 0.2835
0.9444, 0.2835
0.9491, 0.2835
0.9491, 0.2835
0.9491, 0.2810
0.9491, 0.2810
0.9491, 0.2810
0.9491, 0.2810
0.9491, 0.2810
0.9491, 0.2810
0.9537, 0.2785
0.9537, 0.2785
0.9537, 0.2785
0.9537, 0.2785
0.9537, 0.2785
0.9537, 0.2785
0.9537, 0.2785
0.9537, 0.2785
0.9537, 0.2759
0.9537, 0.2759
0.9537, 0.2759
0.9537, 0.2759
0.9537, 0.2759
0.9537, 0.2734
0.9537, 0.2734
0.9537, 0.2734
0.9537, 0.2734
0.9537, 0.2734
0.9537, 0.2734
0.9537, 0.2734
0.9537, 0.2734
0.9537, 0.2734
0.9537, 0.2734
0.9537, 0.2734
0.9583, 0.2734
0.9583, 0.2734
0.9583, 0.2734
0.9583, 0.2709
0.9583, 0.2709
0.9583, 0.2709
0.9583, 0.2709
0.9583, 0.2709
0.9583, 0.2684
0.9583, 0.2684
0.9583, 0.2684
0.9583, 0.2684
0.9583, 0.2684
0.9583, 0.2658
0.9583, 0.2658
0.9630, 0.2658
0.9630, 0.2658
0.9630, 0.2658
0.9630, 0.2658
0.9630, 0.2658
0.9630, 0.2633
0.9630, 0.2633
0.9630, 0.2633
0.9630, 0.2633
0.9630, 0.2633
0.9630, 0.2633
0.9676, 0.2608
0.9676, 0.2608
0.9676, 0.2608
0.9676, 0.2608
0.9676, 0.2608
0.9676, 0.2608
0.9676, 0.2608
0.9676, 0.2608
0.9676, 0.2608
0.9676, 0.2608
0.9676, 0.2582
0.9676, 0.2582
0.9676, 0.2582
0.9676, 0.2557
0.9676, 0.2557
0.9676, 0.2557
0.9676, 0.2557
0.9676, 0.2557
0.9676, 0.2532
0.9676, 0.2532
0.9676, 0.2532
0.9676, 0.2532
0.9676, 0.2532
0.9722, 0.2532
0.9722, 0.2532
0.9722, 0.2532
0.9722, 0.2532
0.9722, 0.2532
0.9722, 0.2506
0.9722, 0.2506
0.9722, 0.2506
0.9722, 0.2506
0.9722, 0.2506
0.9722, 0.2506
0.9722, 0.2481
0.9722, 0.2481
0.9722, 0.2481
0.9722, 0.2481
0.9722, 0.2481
0.9769, 0.2481
0.9769, 0.2481
0.9769, 0.2481
0.9769, 0.2481
0.9769, 0.2481
0.9769, 0.2481
0.9769, 0.2456
0.9769, 0.2456
0.9769, 0.2456
0.9769, 0.2456
0.9769, 0.2456
0.9769, 0.2430
0.9769, 0.2430
0.9769, 0.2430
0.9769, 0.2430
0.9769, 0.2430
0.9769, 0.2405
0.9769, 0.2405
0.9769, 0.2405
0.9769, 0.2405
0.9769, 0.2405
0.9769, 0.2405
0.9769, 0.2405
0.9769, 0.2405
0.9769, 0.2380
0.9769, 0.2380
0.9769, 0.2380
0.9769, 0.2380
0.9769, 0.2380
0.9769, 0.2354
0.9769, 0.2354
0.9815, 0.2354
0.9815, 0.2354
0.9815, 0.2354
0.9815, 0.2354
0.9815, 0.2354
0.9815, 0.2329
0.9815, 0.2329
0.9815, 0.2329
0.9815, 0.2304
0.9815, 0.2304
0.9815, 0.2278
0.9815, 0.2278
0.9815, 0.2278
0.9861, 0.2278
0.9861, 0.2278
0.9861, 0.2278
0.9861, 0.2278
0.9861, 0.2278
0.9861, 0.2253
0.9861, 0.2253
0.9907, 0.2228
0.9907, 0.2228
0.9907, 0.2228
0.9907, 0.2228
0.9907, 0.2228
0.9907, 0.2228
0.9907, 0.2228
0.9907, 0.2228
0.9907, 0.2203
0.9907, 0.2203
0.9907, 0.2177
0.9907, 0.2177
0.9907, 0.2177
0.9907, 0.2177
0.9907, 0.2177
0.9907, 0.2177
0.9907, 0.2177
0.9907, 0.2177
0.9907, 0.2177
0.9907, 0.2177
0.9907, 0.2152
0.9907, 0.2152
0.9907, 0.2152
0.9907, 0.2152
0.9907, 0.2152
0.9954, 0.2127
0.9954, 0.2127
0.9954, 0.2127
0.9954, 0.2127
0.9954, 0.2127
0.9954, 0.2101
0.9954, 0.2101
0.9954, 0.2101
0.9954, 0.2101
0.9954, 0.2101
0.9954, 0.2101
0.9954, 0.2101
0.9954, 0.2101
0.9954, 0.2076
0.9954, 0.2076
0.9954, 0.2051
0.9954, 0.2051
1.0000, 0.2051
1.0000, 0.2051
1.0000, 0.2051
1.0000, 0.2051
1.0000, 0.2051
1.0000, 0.2025
1.0000, 0.2025
1.0000, 0.2025
1.0000, 0.2025
1.0000, 0.2025
1.0000, 0.2000
1.0000, 0.2000
1.0000, 0.2000
1.0000, 0.2000
1.0000, 0.2000
1.0000, 0.1975
1.0000, 0.1975
1.0000, 0.1975
1.0000, 0.1975
1.0000, 0.1975
1.0000, 0.1949
1.0000, 0.1949
1.0000, 0.1949
1.0000, 0.1949
1.0000, 0.1949
1.0000, 0.1924
1.0000, 0.1924
1.0000, 0.1924
1.0000, 0.1924
1.0000, 0.1924
1.0000, 0.1899
1.0000, 0.1899
1.0000, 0.1899
1.0000, 0.1899
1.0000, 0.1899
1.0000, 0.1873
1.0000, 0.1873
1.0000, 0.1848
1.0000, 0.1848
1.0000, 0.1848
1.0000, 0.1848
1.0000, 0.1848
1.0000, 0.1848
1.0000, 0.1848
1.0000, 0.1848
1.0000, 0.1823
1.0000, 0.1823
1.0000, 0.1797
1.0000, 0.1797
1.0000, 0.1797
1.0000, 0.1797
1.0000, 0.1797
1.0000, 0.1797
1.0000, 0.1797
1.0000, 0.1797
1.0000, 0.1772
1.0000, 0.1772
1.0000, 0.1747
1.0000, 0.1747
1.0000, 0.1747
1.0000, 0.1722
1.0000, 0.1722
1.0000, 0.1722
1.0000, 0.1722
1.0000, 0.1722
1.0000, 0.1696
1.0000, 0.1696
1.0000, 0.1671
1.0000, 0.1671
1.0000, 0.1671
1.0000, 0.1671
1.0000, 0.1671
1.0000, 0.1671
1.0000, 0.1671
1.0000, 0.1671
1.0000, 0.1646
1.0000, 0.1646
1.0000, 0.1620
1.0000, 0.1620
1.0000, 0.1595
1.0000, 0.1595
1.0000, 0.1595
1.0000, 0.1595
1.0000, 0.1595
1.0000, 0.1570
1.0000, 0.1570
1.0000, 0.1570
1.0000, 0.1544
1.0000, 0.1544
1.0000, 0.1544
1.0000, 0.1544
1.0000, 0.1544
1.0000, 0.1519
1.0000, 0.1519
1.0000, 0.1519
1.0000, 0.1519
1.0000, 0.1494
1.0000, 0.1494
1.0000, 0.1494
1.0000, 0.1494
1.0000, 0.1494
1.0000, 0.1468
1.0000, 0.1468
1.0000, 0.1468
1.0000, 0.1468
1.0000, 0.1468
1.0000, 0.1468
1.0000, 0.1468
1.0000, 0.1468
1.0000, 0.1443
1.0000, 0.1443
1.0000, 0.1418
1.0000, 0.1418
1.0000, 0.1418
1.0000, 0.1418
1.0000, 0.1418
1.0000, 0.1392
1.0000, 0.1392
1.0000, 0.1367
1.0000, 0.1367
1.0000, 0.1367
1.0000, 0.1367
1.0000, 0.1367
1.0000, 0.1342
1.0000, 0.1342
1.0000, 0.1342
1.0000, 0.1316
1.0000, 0.1316
1.0000, 0.1291
1.0000, 0.1291
1.0000, 0.1291
1.0000, 0.1291
1.0000, 0.1291
1.0000, 0.1291
1.0000, 0.1291
1.0000, 0.1291
1.0000, 0.1266
1.0000, 0.1266
1.0000, 0.1241
1.0000, 0.1241
1.0000, 0.1241
1.0000, 0.1241
1.0000, 0.1241
1.0000, 0.1241
1.0000, 0.1241
1.0000, 0.1215
1.0000, 0.1215
1.0000, 0.1215
1.0000, 0.1190
1.0000, 0.1190
1.0000, 0.1165
1.0000, 0.1165
1.0000, 0.1165
1.0000, 0.1165
1.0000, 0.1165
1.0000, 0.1165
1.0000, 0.1165
1.0000, 0.1165
1.0000, 0.1139
1.0000, 0.1139
1.0000, 0.1114
1.0000, 0.1114
1.0000, 0.1114
1.0000, 0.1114
1.0000, 0.1114
1.0000, 0.1089
1.0000, 0.1089
1.0000, 0.1089
1.0000, 0.1089
1.0000, 0.1089
1.0000, 0.1063
1.0000, 0.1063
1.0000, 0.1038
1.0000, 0.1038
1.0000, 0.1038
1.0000, 0.1038
1.0000, 0.1038
1.0000, 0.1013
1.0000, 0.1013
1.0000, 0.1013
1.0000, 0.0987
1.0000, 0.0987
1.0000, 0.0987
1.0000, 0.0987
1.0000, 0.0962
1.0000, 0.0962
1.0000, 0.0937
1.0000, 0.0911
1.0000, 0.0911
1.0000, 0.0911
1.0000, 0.0886
1.0000, 0.0886
1.0000, 0.0861
0.9954, 0.0835
0.9954, 0.0835
0.9954, 0.0810
0.9954, 0.0810
0.9954, 0.0785
0.9954, 0.0785
0.9954, 0.0785
0.9954, 0.0785
0.9954, 0.0785
0.9954, 0.0759
0.9954, 0.0759
0.9907, 0.0734
0.9907, 0.0734
0.9907, 0.0734
0.9907, 0.0709
0.9907, 0.0709
0.9861, 0.0684
0.9861, 0.0684
0.9861, 0.0658
0.9861, 0.0658
0.9815, 0.0658
0.9815, 0.0658
0.9815, 0.0658
0.9815, 0.0658
0.9815, 0.0658
0.9815, 0.0633
0.9815, 0.0633
0.9815, 0.0608
0.9815, 0.0608
0.9815, 0.0608
0.9815, 0.0608
0.9815, 0.0608
0.9769, 0.0608
0.9769, 0.0608
0.9769, 0.0582
0.9769, 0.0582
0.9722, 0.0557
0.9722, 0.0557
0.9722, 0.0532
0.9722, 0.0532
0.9722, 0.0532
0.9722, 0.0532
0.9722, 0.0532
0.9722, 0.0532
0.9722, 0.0532
0.9722, 0.0506
0.9722, 0.0506
0.9722, 0.0506
0.9722, 0.0481
0.9722, 0.0481
0.9676, 0.0481
0.9676, 0.0481
0.9676, 0.0481
0.9676, 0.0481
0.9676, 0.0456
0.9676, 0.0456
0.9676, 0.0456
0.9630, 0.0430
0.9630, 0.0430
0.9630, 0.0430
0.9630, 0.0430
0.9630, 0.0405
0.9630, 0.0405
0.9630, 0.0405
0.9630, 0.0405
0.9630, 0.0405
0.9630, 0.0405
0.9630, 0.0405
0.9630, 0.0405
0.9583, 0.0380
0.9583, 0.0380
0.9583, 0.0380
0.9583, 0.0380
0.9583, 0.0354
0.9583, 0.0354
0.9583, 0.0354
0.9583, 0.0354
0.9583, 0.0354
0.9583, 0.0354
0.9583, 0.0354
0.9583, 0.0354
0.9583, 0.0329
0.9583, 0.0329
0.9583, 0.0329
0.9583, 0.0329
0.9583, 0.0304
0.9583, 0.0304
0.9583, 0.0304
0.9583, 0.0304
0.9537, 0.0278
0.9537, 0.0278
0.9537, 0.0278
0.9537, 0.0278
0.9537, 0.0278
0.9537, 0.0278
0.9537, 0.0278
0.9537, 0.0278
0.9537, 0.0278
0.9537, 0.0278
0.9537, 0.0278
0.9537, 0.0278
0.9537, 0.0278
0.9537, 0.0278
0.9537, 0.0278
0.9537, 0.0278
0.9537, 0.0278
0.9537, 0.0278
0.9537, 0.0278
0.9537, 0.0278
0.9537, 0.0278
0.9537, 0.0278
0.9537, 0.0278
0.9537, 0.0278
0.9537, 0.0278
0.9537, 0.0278
0.9537, 0.0278
0.9537, 0.0278
0.9537, 0.0278
0.9537, 0.0278
0.9537, 0.0278
0.9491, 0.0278
0.9491, 0.0278
0.9491, 0.0253
0.9491, 0.0253
0.9491, 0.0253
0.9491, 0.0253
0.9491, 0.0253
0.9491, 0.0253
0.9491, 0.0253
0.9444, 0.0253
0.9444, 0.0253
0.9398, 0.0253
0.6481, 0.3899
0.6481, 0.3899
0.6481, 0.3899
0.6481, 0.3899
0.6481, 0.3899
0.6481, 0.3899
0.6481, 0.3899
0.6481, 0.3899
0.6481, 0.3899
0.6481, 0.3899
0.6481, 0.3899
0.6481, 0.3899
0.6481, 0.3899
0.6481, 0.3899
0.6481, 0.3899
0.6481, 0.3899
0.6481, 0.3899
0.6481, 0.3899
0.6481, 0.3899
0.6481, 0.3899
0.6481, 0.3899
0.6481, 0.3899
0.6481, 0.3899
0.6481, 0.3899
0.6481, 0.3899
0.6481, 0.3899
0.6481, 0.3899
0.6481, 0.3899
0.6481, 0.3899
0.6481, 0.3899
0.6481, 0.3899
0.6481, 0.3899
0.6481, 0.3899
0.6481, 0.3899
0.6481, 0.3899
0.6481, 0.3899
0.6481, 0.3899
0.6481, 0.3899
0.6481, 0.3899
0.6481, 0.3899
0.6481, 0.3899
0.6481, 0.3899
0.6481, 0.3899
0.6481, 0.3899
0.6481, 0.3899
0.6481, 0.3899
0.6481, 0.3899
0.6481, 0.3873
0.6481, 0.3873
0.6481, 0.3873
0.6481, 0.3848
0.6481, 0.3848
0.6481, 0.3848
0.6481, 0.3848
0.6481, 0.3848
0.6481, 0.3848
0.6481, 0.3823
0.6481, 0.3823
0.6481, 0.3823
0.6435, 0.3797
0.6435, 0.3797
0.6435, 0.3797
0.6435, 0.3772
0.6435, 0.3772
0.6435, 0.3772
0.6435, 0.3772
0.6435, 0.3772
0.6435, 0.3772
0.6435, 0.3747
0.6435, 0.3747
0.6435, 0.3722
0.6435, 0.3722
0.6435, 0.3722
0.6435, 0.3722
0.6435, 0.3722
0.6435, 0.3722
0.6435, 0.3722
0.6435, 0.3722
0.6435, 0.3722
0.6435, 0.3696
0.6435, 0.3696
0.6435, 0.3696
0.6389, 0.3671
0.6389, 0.3671
0.6389, 0.3671
0.6389, 0.3671
0.6389, 0.3671
0.6389, 0.3671
0.6389, 0.3646
0.6389, 0.3646
0.6389, 0.3646
0.6389, 0.3646
0.6389, 0.3646
0.6389, 0.3646
0.6389, 0.3646
0.6389, 0.3646
0.6389, 0.3646
0.6389, 0.3620
0.6389, 0.3620
0.6389, 0.3620
0.6389, 0.3620
0.6389, 0.3620
0.6389, 0.3620
0.6389, 0.3595
0.6389, 0.3595
0.6389, 0.3595
0.6343, 0.3595
0.6343, 0.3595
0.6343, 0.3595
0.6343, 0.3595
0.6343, 0.3595
0.6343, 0.3570
0.6343, 0.3570
0.6343, 0.3570
0.6343, 0.3544
0.6343, 0.3544
0.6343, 0.3544
0.6343, 0.3544
0.6343, 0.3544
0.6343, 0.3544
0.6343, 0.3544
0.6343, 0.3519
0.6343, 0.3519
0.6343, 0.3494
0.6343, 0.3494
0.6343, 0.3494
0.6343, 0.3494
0.6343, 0.3494
0.6343, 0.3494
0.6343, 0.3468
0.6343, 0.3468
0.6343, 0.3468
0.6343, 0.3468
0.6343, 0.3468
0.6343, 0.3468
0.6343, 0.3468
0.6343, 0.3468
0.6343, 0.3468
0.6343, 0.3468
0.6343, 0.3468
0.6343, 0.3468
0.6343, 0.3443
0.6343, 0.3443
0.6343, 0.3443
0.6343, 0.3443
0.6343, 0.3443
0.6343, 0.3418
0.6343, 0.3418
0.6343, 0.3418
0.6343, 0.3418
0.6343, 0.3418
0.6343, 0.3418
0.6343, 0.3418
0.6343, 0.3418
0.6343, 0.3418
0.6343, 0.3392
0.6343, 0.3392
0.6343, 0.3392
0.6343, 0.3392
0.6343, 0.3392
0.6343, 0.3392
0.6343, 0.3367
0.6343, 0.3367
0.6343, 0.3367
0.6343, 0.3367
0.6343, 0.3367
0.6343, 0.3367
0.6343, 0.3342
0.6343, 0.3342
0.6343, 0.3342
0.6343, 0.3342
0.6343, 0.3342
0.6343, 0.3342
0.6343, 0.3342
0.6343, 0.3342
0.6343, 0.3342
0.6389, 0.3342
0.6389, 0.3342
0.6389, 0.3316
0.6389, 0.3316
0.6389, 0.3316
0.6389, 0.3291
0.6389, 0.3291
0.6389, 0.3291
0.6389, 0.3291
0.6389, 0.3291
0.6389, 0.3291
0.6389, 0.3291
0.6389, 0.3291
0.6435, 0.3266
0.6435, 0.3266
0.6435, 0.3266
0.6435, 0.3266
0.6435, 0.3266
0.6435, 0.3266
0.6481, 0.3241
0.6481, 0.3241
0.6481, 0.3241
0.6481, 0.3241
0.6481, 0.3241
0.6481, 0.3215
0.6481, 0.3215
0.6481, 0.3215
0.6481, 0.3215
0.6481, 0.3215
0.6481, 0.3215
0.6481, 0.3215
0.6481, 0.3215
0.6481, 0.3215
0.6481, 0.3215
0.6481, 0.3215
0.6528, 0.3215
0.6528, 0.3215
0.6528, 0.3215
0.6528, 0.3190
0.6528, 0.3190
0.6528, 0.3190
0.6528, 0.3190
0.6528, 0.3190
0.6528, 0.3190
0.6574, 0.3165
0.6574, 0.3165
0.6574, 0.3165
0.6574, 0.3165
0.6574, 0.3165
0.6574, 0.3165
0.6574, 0.3165
0.6574, 0.3165
0.6620, 0.3165
0.6620, 0.3165
0.6620, 0.3165
0.6620, 0.3165
0.6620, 0.3165
0.6620, 0.3165
0.6620, 0.3139
0.6620, 0.3139
0.6620, 0.3139
0.6620, 0.3139
0.6620, 0.3139
0.6620, 0.3139
0.6620, 0.3139
0.6620, 0.3139
0.6620, 0.3139
0.6667, 0.3114
0.6667, 0.3114
0.6667, 0.3114
0.6667, 0.3114
0.6667, 0.3114
0.6667, 0.3114
0.6667, 0.3089
0.6667, 0.3089
0.6667, 0.3089
0.6667, 0.3089
0.6667, 0.3089
0.6667, 0.3089
0.6713, 0.3089
0.6713, 0.3089
0.6713, 0.3089
0.6713, 0.3089
0.6713, 0.3089
0.6713, 0.3089
0.6713, 0.3089
0.6713, 0.3089
0.6713, 0.3089
0.6713, 0.3063
0.6713, 0.3063
0.6713, 0.3063
0.6713, 0.3063
0.6713, 0.3063
0.6759, 0.3063
0.6759, 0.3063
0.6759, 0.3063
0.6759, 0.3038
0.6759, 0.3038
0.6759, 0.3038
0.6759, 0.3038
0.6759, 0.3038
0.6759, 0.3038
0.6806, 0.3038
0.6806, 0.3038
0.6806, 0.3038
0.6806, 0.3038
0.6806, 0.3038
0.6806, 0.3038
0.6806, 0.3038
0.6806, 0.3038
0.6806, 0.3038
0.6806, 0.3038
0.6806, 0.3038
0.6806, 0.3038
0.6806, 0.3038
0.6806, 0.3038
0.6806, 0.3038
0.6852, 0.3038
0.6852, 0.3038
0.6852, 0.3038
0.6852, 0.3013
0.6852, 0.3013
0.6852, 0.3013
0.6852, 0.3013
0.6852, 0.3013
0.6852, 0.2987
0.6852, 0.2987
0.6852, 0.2987
0.6852, 0.2987
0.6852, 0.2987
0.6898, 0.2962
0.6898, 0.2962
0.6898, 0.2962
0.6898, 0.2962
0.6898, 0.2962
0.6898, 0.2962
0.6944, 0.2962
0.6944, 0.2962
0.6944, 0.2937
0.6944, 0.2937
0.6944, 0.2937
0.6944, 0.2937
0.6944, 0.2937
0.6944, 0.2937
0.6944, 0.2911
0.6944, 0.2911
0.6944, 0.2911
0.6991, 0.2911
0.6991, 0.2911
0.6991, 0.2911
0.6991, 0.2911
0.6991, 0.2911
0.6991, 0.2911
0.6991, 0.2911
0.6991, 0.2911
0.6991, 0.2911
0.7037, 0.2911
0.7037, 0.2911
0.7037, 0.2886
0.7037, 0.2886
0.7037, 0.2886
0.7037, 0.2886
0.7037, 0.2886
0.7037, 0.2886
0.7083, 0.2861
0.7083, 0.2861
0.7083, 0.2861
0.7083, 0.2861
0.7083, 0.2861
0.7083, 0.2861
0.7083, 0.2861
0.7083, 0.2861
0.7083, 0.2861
0.7083, 0.2861
0.7083, 0.2835
0.7083, 0.2835
0.7083, 0.2835
0.7083, 0.2835
0.7083, 0.2835
0.7083, 0.2835
0.7083, 0.2835
0.7083, 0.2835
0.7083, 0.2835
0.7083, 0.2835
0.7083, 0.2835
0.7083, 0.2835
0.7083, 0.2835
0.7083, 0.2835
0.7083, 0.2835
0.7083, 0.2835
0.7083, 0.2835
0.7083, 0.2835
0.7083, 0.2835
0.7083, 0.2835
0.7083, 0.2835
0.7083, 0.2835
0.7083, 0.2835
0.7083, 0.2810
0.7083, 0.2810
0.7083, 0.2810
0.7083, 0.2810
0.7083, 0.2810
0.7083, 0.2810
0.7130, 0.2810
0.7130, 0.2810
0.7130, 0.2810
0.7130, 0.2810
0.7130, 0.2810
0.7130, 0.2810
0.7130, 0.2810
0.7130, 0.2810
0.7130, 0.2810
0.7130, 0.2785
0.7130, 0.2785
0.7130, 0.2785
0.7130, 0.2785
0.7130, 0.2785
0.7130, 0.2785
0.7130, 0.2785
0.7130, 0.2785
0.7130, 0.2785
0.7130, 0.2785
0.7130, 0.2785
0.7130, 0.2785
0.7130, 0.2785
0.7130, 0.2785
0.7130, 0.2785
0.7130, 0.2759
0.7130, 0.2759
0.7130, 0.2759
0.7130, 0.2759
0.7130, 0.2759
0.7130, 0.2759
0.7130, 0.2734
0.7130, 0.2734
0.7130, 0.2734
0.7130, 0.2734
0.7130, 0.2734
0.7130, 0.2734
0.7130, 0.2734
0.7130, 0.2734
0.7130, 0.2734
0.7130, 0.2734
0.7130, 0.2734
0.7130, 0.2734
0.7083, 0.2709
0.7083, 0.2709
0.7083, 0.2709
0.7037, 0.2709
0.7037, 0.2709
0.7037, 0.2684
0.7037, 0.2684
0.7037, 0.2684
0.6991, 0.2684
0.6991, 0.2684
0.6991, 0.2684
0.6991, 0.2658
0.6991, 0.2658
0.6991, 0.2658
0.6991, 0.2658
0.6991, 0.2658
0.6991, 0.2658
0.6944, 0.2658
0.6944, 0.2658
0.6898, 0.2658
0.6898, 0.2658
0.6898, 0.2658
0.6898, 0.2633
0.6898, 0.2633
0.6898, 0.2633
0.6898, 0.2633
0.6898, 0.2633
0.6852, 0.2608
0.6852, 0.2608
0.6852, 0.2608
0.6806, 0.2608
0.6806, 0.2608
0.6806, 0.2608
0.6806, 0.2608
0.6806, 0.2608
0.6759, 0.2608
0.6759, 0.2608
0.6759, 0.2608
0.6759, 0.2608
0.6759, 0.2608
0.6759, 0.2582
0.6759, 0.2582
0.6759, 0.2582
0.6713, 0.2582
0.6713, 0.2582
0.6713, 0.2582
0.6713, 0.2582
0.6713, 0.2582
0.6713, 0.2582
0.6713, 0.2582
0.6713, 0.2557
0.6713, 0.2557
0.6667, 0.2557
0.6667, 0.2557
0.6667, 0.2557
0.6667, 0.2557
0.6667, 0.2557
0.6667, 0.2557
0.6667, 0.2532
0.6667, 0.2532
0.6667, 0.2532
0.6667, 0.2532
0.6667, 0.2532
0.6667, 0.2532
0.6620, 0.2532
0.6620, 0.2532
0.6620, 0.2532
0.6620, 0.2532
0.6620, 0.2532
0.6620, 0.2532
0.6620, 0.2532
0.6620, 0.2532
0.6574, 0.2532
0.6574, 0.2532
0.6574, 0.2532
0.6574, 0.2532
0.6574, 0.2532
0.6574, 0.2532
0.6574, 0.2532
0.6574, 0.2532
0.6574, 0.2532
0.6574, 0.2506
0.6574, 0.2506
0.6574, 0.2506
0.6528, 0.2506
0.6528, 0.2506
0.6528, 0.2506
0.6528, 0.2506
0.6528, 0.2506
0.6528, 0.2481
0.6528, 0.2481
0.6528, 0.2481
0.6528, 0.2481
0.6528, 0.2481
0.6528, 0.2481
0.6528, 0.2481
0.6528, 0.2481
0.6481, 0.2481
0.6481, 0.2481
0.6481, 0.2481
0.6481, 0.2481
0.6481, 0.2481
0.6481, 0.2481
0.6435, 0.2456
0.6435, 0.2456
0.6435, 0.2456
0.6435, 0.2456
0.6435, 0.2456
0.6435, 0.2430
0.6435, 0.2430
0.6435, 0.2430
0.6435, 0.2430
0.6435, 0.2430
0.6389, 0.2405
0.6389, 0.2405
0.6389, 0.2405
0.6343, 0.2405
0.6343, 0.2405
0.6343, 0.2405
0.6343, 0.2405
0.6343, 0.2405
0.6343, 0.2405
0.6296, 0.2405
0.6296, 0.2405
0.6296, 0.2405
0.6296, 0.2405
0.6296, 0.2405
0.6296, 0.2405
0.6296, 0.2405
0.6296, 0.2405
0.6296, 0.2405
0.6296, 0.2405
0.6296, 0.2405
0.6296, 0.2405
0.6250, 0.2380
0.6250, 0.2380
0.6250, 0.2380
0.6250, 0.2380
0.6250, 0.2380
0.6250, 0.2380
0.6250, 0.2380
0.6250, 0.2380
0.6250, 0.2380
0.6204, 0.2380
0.6204, 0.2380
0.6204, 0.2380
0.6204, 0.2354
0.6204, 0.2354
0.6204, 0.2354
0.6204, 0.2354
0.6204, 0.2354
0.6204, 0.2354
0.6204, 0.2354
0.6204, 0.2354
0.6204, 0.2354
0.6204, 0.2354
0.6204, 0.2354
0.6204, 0.2354
0.6157, 0.2354
0.6157, 0.2354
0.6157, 0.2354
0.6157, 0.2354
0.6157, 0.2354
0.6111, 0.2354
0.6111, 0.2354
0.6111, 0.2354
0.6111, 0.2354
0.6111, 0.2354
0.6111, 0.2354
0.6111, 0.2329
0.6111, 0.2329
0.6111, 0.2329
0.6065, 0.2329
0.6065, 0.2329
0.6065, 0.2329
0.6065, 0.2329
0.6065, 0.2329
0.6065, 0.2329
0.6065, 0.2329
0.6065, 0.2329
0.6065, 0.2304
0.6065, 0.2304
0.6065, 0.2304
0.6065, 0.2304
0.6065, 0.2304
0.6065, 0.2304
0.6065, 0.2304
0.6065, 0.2304
0.6065, 0.2304
0.6065, 0.2304
0.6065, 0.2304
0.6065, 0.2304
0.6065, 0.2304
0.6065, 0.2304
0.6065, 0.2304
0.6065, 0.2278
0.6065, 0.2278
0.6065, 0.2278
0.6019, 0.2278
0.6019, 0.2278
0.6019, 0.2278
0.6019, 0.2278
0.6019, 0.2278
0.6019, 0.2278
0.6019, 0.2278
0.6019, 0.2278
0.6019, 0.2278
0.6019, 0.2278
0.6019, 0.2278
0.6019, 0.2278
0.6019, 0.2278
0.6019, 0.2278
0.6019, 0.2278
0.6019, 0.2253
0.6019, 0.2253
0.6019, 0.2253
0.6019, 0.2253
0.6019, 0.2253
0.6019, 0.2253
0.6019, 0.2253
0.6019, 0.2253
0.6019, 0.2253
0.6019, 0.2253
0.6019, 0.2253
0.6019, 0.2253
0.6019, 0.2253
0.6019, 0.2253
0.6019, 0.2253
0.6019, 0.2228
0.6019, 0.2228
0.6019, 0.2228
0.6019, 0.2228
0.6019, 0.2228
0.6019, 0.2228
0.6019, 0.2228
0.6019, 0.2228
0.6019, 0.2228
0.6019, 0.2228
0.6019, 0.2228
0.6019, 0.2228
0.6019, 0.2228
0.6019, 0.2228
0.6019, 0.2228
0.6019, 0.2228
0.6019, 0.2228
0.6019, 0.2228
0.6019, 0.2228
0.6019, 0.2228
0.6019, 0.2228
0.6019, 0.2203
0.6019, 0.2203
0.6019, 0.2203
0.6019, 0.2203
0.6019, 0.2203
0.6019, 0.2203
0.6019, 0.2177
0.6019, 0.2177
0.6019, 0.2177
0.6019, 0.2177
0.6019, 0.2177
0.6019, 0.2177
0.6019, 0.2177
0.6019, 0.2177
0.6019, 0.2152
0.6019, 0.2152
0.6019, 0.2152
0.6065, 0.2152
0.6065, 0.2152
0.6065, 0.2152
0.6065, 0.2152
0.6065, 0.2152
0.6065, 0.2152
0.6065, 0.2152
0.6065, 0.2152
0.6111, 0.2127
0.6111, 0.2127
0.6111, 0.2127
0.6111, 0.2127
0.6111, 0.2127
0.6111, 0.2127
0.6157, 0.2127
0.6157, 0.2127
0.6157, 0.2127
0.6157, 0.2101
0.6157, 0.2101
0.6157, 0.2101
0.6157, 0.2101
0.6157, 0.2101
0.6157, 0.2101
0.6157, 0.2101
0.6157, 0.2101
0.6157, 0.2101
0.6157, 0.2101
0.6157, 0.2101
0.6204, 0.2101
0.6204, 0.2101
0.6204, 0.2101
0.6250, 0.2101
0.6250, 0.2101
0.6250, 0.2101
0.6250, 0.2076
0.6250, 0.2076
0.6250, 0.2076
0.6250, 0.2076
0.6250, 0.2076
0.6250, 0.2076
0.6296, 0.2051
0.6296, 0.2051
0.6343, 0.2051
0.6343, 0.2051
0.6343, 0.2051
0.6389, 0.2051
0.6389, 0.2051
0.6435, 0.2025
0.6435, 0.2025
0.6435, 0.2025
0.6481, 0.2025
0.6481, 0.2025
0.6481, 0.2025
0.6528, 0.2025
0.6528, 0.2025
0.6528, 0.2025
0.6528, 0.2025
0.6528, 0.2025
0.6574, 0.2025
0.6574, 0.2025
0.6574, 0.2025
0.6574, 0.2025
0.6574, 0.2025
0.6574, 0.2025
0.6620, 0.2025
0.6620, 0.2025
0.6620, 0.2025
0.6620, 0.2025
0.6620, 0.2025
0.6620, 0.2025
0.6620, 0.2025
0.6620, 0.2025
0.6620, 0.2025
0.6620, 0.2025
0.6620, 0.2025
0.6620, 0.2025
0.6620, 0.2025
0.6620, 0.2025
0.6620, 0.2025
0.6620, 0.2025
0.6620, 0.2025
0.6667, 0.2000
0.6667, 0.2000
0.6667, 0.2000
0.6713, 0.2000
0.6713, 0.2000
0.6759, 0.2000
0.6759, 0.2000
0.6759, 0.2000
0.6806, 0.2000
0.6806, 0.2000
0.6806, 0.2000
0.6852, 0.1975
0.6852, 0.1975
0.6852, 0.1975
0.6852, 0.1975
0.6852, 0.1975
0.6898, 0.1975
0.6898, 0.1975
0.6898, 0.1975
0.6944, 0.1975
0.6944, 0.1975
0.6944, 0.1975
0.6944, 0.1975
0.6944, 0.1975
0.6944, 0.1975
0.6991, 0.1975
0.6991, 0.1975
0.6991, 0.1975
0.6991, 0.1975
0.6991, 0.1975
0.6991, 0.1975
0.6991, 0.1975
0.6991, 0.1975
0.6991, 0.1975
0.6991, 0.1975
0.6991, 0.1975
0.6991, 0.1975
0.6991, 0.1975
0.6991, 0.1975
0.7037, 0.1975
0.7037, 0.1975
0.7037, 0.1975
0.7037, 0.1975
0.7037, 0.1975
0.7083, 0.1975
0.7083, 0.1975
0.7083, 0.1975
0.7083, 0.1975
0.7083, 0.1975
0.7083, 0.1975
0.7130, 0.1975
0.7130, 0.1975
0.7130, 0.1975
0.7176, 0.1949
0.7176, 0.1949
0.7176, 0.1949
0.7222, 0.1949
0.7222, 0.1949
0.7222, 0.1949
0.7222, 0.1949
0.7222, 0.1949
0.7222, 0.1949
0.7222, 0.1949
0.7269, 0.1949
0.7269, 0.1949
0.7269, 0.1924
0.7269, 0.1924
0.7269, 0.1924
0.7269, 0.1924
0.7269, 0.1924
0.7269, 0.1924
0.7269, 0.1924
0.7269, 0.1924
0.7269, 0.1924
0.7269, 0.1924
0.7269, 0.1924
0.7269, 0.1924
0.7269, 0.1924
0.7269, 0.1924
0.7269, 0.1924
0.7269, 0.1924
0.7269, 0.1924
0.7269, 0.1924
0.7269, 0.1924
0.7269, 0.1924
0.7269, 0.1924
0.7269, 0.1924
0.7269, 0.1924
0.7269, 0.1924
0.7269, 0.1924
0.7269, 0.1924
0.7269, 0.1924
0.7269, 0.1924
0.7269, 0.1924
0.7269, 0.1924
0.7269, 0.1924
0.7269, 0.1899
0.7269, 0.1899
0.7269, 0.1899
0.7269, 0.1899
0.7269, 0.1899
0.7269, 0.1899
0.7269, 0.1899
0.7269, 0.1899
0.7315, 0.1899
0.7315, 0.1899
0.7315, 0.1899
0.7315, 0.1899
0.7315, 0.1899
0.7315, 0.1899
0.7315, 0.1899
0.7315, 0.1899
0.7315, 0.1899
0.7315, 0.1899
0.7315, 0.1899
0.7315, 0.1899
0.7315, 0.1873
0.7315, 0.1873
0.7315, 0.1873
0.7315, 0.1873
0.7315, 0.1873
0.7315, 0.1848
0.7315, 0.1848
0.7315, 0.1848
0.7315, 0.1848
0.7315, 0.1848
0.7315, 0.1848
0.7315, 0.1848
0.7315, 0.1848
0.7315, 0.1848
0.7315, 0.1848
0.7315, 0.1848
0.7315, 0.1848
0.7315, 0.1848
0.7315, 0.1848
0.7315, 0.1848
0.7315, 0.1848
0.7315, 0.1848
0.7315, 0.1823
0.7315, 0.1823
0.7315, 0.1823
0.7315, 0.1823
0.7315, 0.1823
0.7315, 0.1823
0.7315, 0.1797
0.7315, 0.1797
0.7269, 0.1797
0.7269, 0.1797
0.7269, 0.1797
0.7269, 0.1797
0.7269, 0.1797
0.7269, 0.1797
0.7269, 0.1772
0.7269, 0.1772
0.7269, 0.1772
0.7269, 0.1772
0.7269, 0.1772
0.7269, 0.1772
0.7269, 0.1772
0.7269, 0.1772
0.7269, 0.1772
0.7269, 0.1772
0.7269, 0.1772
0.7222, 0.1747
0.7222, 0.1747
0.7222, 0.1747
0.7222, 0.1747
0.7222, 0.1747
0.7222, 0.1747
0.7222, 0.1747
0.7222, 0.1747
0.7222, 0.1747
0.7222, 0.1747
0.7222, 0.1747
0.7176, 0.1722
0.7176, 0.1722
0.7176, 0.1722
0.7176, 0.1722
0.7176, 0.1722
0.7176, 0.1722
0.7176, 0.1722
0.7176, 0.1722
0.7130, 0.1722
0.7130, 0.1722
0.7130, 0.1722
0.7130, 0.1722
0.7130, 0.1722
0.7130, 0.1722
0.7130, 0.1722
0.7130, 0.1722
0.7130, 0.1722
0.7130, 0.1722
0.7130, 0.1722
0.7130, 0.1722
0.7130, 0.1696
0.7130, 0.1696
0.7130, 0.1696
0.7130, 0.1696
0.7130, 0.1696
0.7083, 0.1696
0.7083, 0.1696
0.7083, 0.1696
0.7083, 0.1671
0.7083, 0.1671
0.7083, 0.1671
0.7083, 0.1671
0.7083, 0.1671
0.7037, 0.1671
0.7037, 0.1671
0.7037, 0.1671
0.7037, 0.1671
0.7037, 0.1671
0.7037, 0.1646
0.7037, 0.1646
0.7037, 0.1646
0.7037, 0.1646
0.7037, 0.1646
0.6991, 0.1646
0.6991, 0.1646
0.6991, 0.1646
0.6944, 0.1646
0.6944, 0.1646
0.6944, 0.1646
0.6944, 0.1646
0.6944, 0.1646
0.6898, 0.1646
0.6898, 0.1646
0.6898, 0.1646
0.6898, 0.1646
0.6898, 0.1646
0.6898, 0.1646
0.6898, 0.1620
0.6898, 0.1620
0.6898, 0.1620
0.6898, 0.1620
0.6898, 0.1620
0.6898, 0.1620
0.6898, 0.1620
0.6898, 0.1620
0.6852, 0.1620
0.6852, 0.1620
0.6852, 0.1595
0.6852, 0.1595
0.6852, 0.1595
0.6852, 0.1595
0.6806, 0.1595
0.6806, 0.1595
0.6806, 0.1595
0.6806, 0.1595
0.6806, 0.1595
0.6806, 0.1595
0.6806, 0.1595
0.6806, 0.1595
0.6806, 0.1595
0.6806, 0.1595
0.6806, 0.1595
0.6806, 0.1595
0.6806, 0.1595
0.6806, 0.1595
0.6759, 0.1595
0.6759, 0.1595
0.6759, 0.1595
0.6759, 0.1595
0.6759, 0.1595
0.6713, 0.1570
0.6713, 0.1570
0.6713, 0.1570
0.6713, 0.1570
0.6713, 0.1570
0.6713, 0.1570
0.6713, 0.1570
0.6713, 0.1570
0.6667, 0.1570
0.6667, 0.1570
0.6667, 0.1570
0.6667, 0.1570
0.6667, 0.1570
0.6667, 0.1570
0.6620, 0.1544
0.6620, 0.1544
0.6620, 0.1544
0.6620, 0.1544
0.6620, 0.1544
0.6574, 0.1544
0.6574, 0.1544
0.6574, 0.1544
0.6574, 0.1544
0.6574, 0.1544
0.6574, 0.1544
0.6574, 0.1544
0.6574, 0.1544
0.6574, 0.1544
0.6574, 0.1544
0.6574, 0.1544
0.6528, 0.1519
0.6528, 0.1519
0.6528, 0.1519
0.6528, 0.1519
0.6528, 0.1519
0.6528, 0.1519
0.6528, 0.1519
0.6528, 0.1519
0.6481, 0.1519
0.6481, 0.1519
0.6481, 0.1519
0.6481, 0.1519
0.6481, 0.1519
0.6481, 0.1519
0.6481, 0.1519
0.6481, 0.1519
0.6481, 0.1519
0.6481, 0.1519
0.6481, 0.1519
0.6435, 0.1519
0.6435, 0.1519
0.6435, 0.1519
0.6435, 0.1494
0.6435, 0.1494
0.6389, 0.1494
0.6389, 0.1494
0.6389, 0.1494
0.6389, 0.1494
0.6389, 0.1494
0.6389, 0.1494
0.6389, 0.1494
0.6389, 0.1494
0.6343, 0.1468
0.6343, 0.1468
0.6343, 0.1468
0.6343, 0.1468
0.6343, 0.1468
0.6343, 0.1468
0.6343, 0.1468
0.6343, 0.1468
0.6343, 0.1468
0.6343, 0.1468
0.6343, 0.1468
0.6343, 0.1468
0.6343, 0.1468
0.6343, 0.1468
0.6343, 0.1468
0.6343, 0.1468
0.6343, 0.1468
0.6343, 0.1468
0.6343, 0.1468
0.6296, 0.1468
0.6296, 0.1468
0.6296, 0.1443
0.6296, 0.1443
0.6296, 0.1443
0.6296, 0.1443
0.6296, 0.1443
0.6296, 0.1443
0.6250, 0.1418
0.6250, 0.1418
0.6250, 0.1418
0.6250, 0.1418
0.6250, 0.1418
0.6250, 0.1418
0.6250, 0.1418
0.6250, 0.1418
0.6250, 0.1418
0.6250, 0.1418
0.6250, 0.1418
0.6250, 0.1392
0.6250, 0.1392
0.6204, 0.1392
0.6204, 0.1392
0.6204, 0.1392
0.6204, 0.1367
0.6204, 0.1367
0.6204, 0.1367
0.6204, 0.1367
0.6204, 0.1367
0.6204, 0.1367
0.6204, 0.1367
0.6157, 0.1342
0.6157, 0.1342
0.6157, 0.1342
0.6157, 0.1342
0.6157, 0.1342
0.6157, 0.1342
0.6157, 0.1342
0.6157, 0.1342
0.6157, 0.1342
0.6157, 0.1342
0.6157, 0.1342
0.6157, 0.1342
0.6157, 0.1342
0.6157, 0.1342
0.6157, 0.1342
0.6157, 0.1342
0.6157, 0.1342
0.6111, 0.1342
0.6111, 0.1342
0.6111, 0.1316
0.6111, 0.1316
0.6111, 0.1316
0.6111, 0.1316
0.6111, 0.1316
0.6111, 0.1316
0.6111, 0.1316
0.6111, 0.1316
0.6111, 0.1316
0.6111, 0.1316
0.6111, 0.1316
0.6111, 0.1291
0.6111, 0.1291
0.6111, 0.1291
0.6111, 0.1291
0.6111, 0.1291
0.6111, 0.1291
0.6111, 0.1291
0.6111, 0.1291
0.6111, 0.1291
0.6111, 0.1291
0.6111, 0.1291
0.6111, 0.1291
0.6111, 0.1291
0.6111, 0.1291
0.6111, 0.1291
0.6111, 0.1291
0.6111, 0.1291
0.6111, 0.1291
0.6111, 0.1291
0.6111, 0.1291
0.6111, 0.1291
0.6111, 0.1291
0.6111, 0.1291
0.6111, 0.1291
0.6111, 0.1291
0.6111, 0.1291
0.6111, 0.1291
0.6111, 0.1291
0.6111, 0.1291
0.6111, 0.1291
0.6111, 0.1291
0.6111, 0.1291
0.6111, 0.1266
0.6111, 0.1266
0.6111, 0.1266
0.6111, 0.1266
0.6111, 0.1266
0.6111, 0.1266
0.6111, 0.1266
0.6111, 0.1266
0.6111, 0.1241
0.6111, 0.1241
0.6111, 0.1241
0.6111, 0.1241
0.6111, 0.1241
0.6111, 0.1241
0.6111, 0.1241
0.6111, 0.1241
0.6111, 0.1241
0.6111, 0.1241
0.6111, 0.1241
0.6111, 0.1215
0.6111, 0.1215
0.6111, 0.1215
0.6111, 0.1215
0.6111, 0.1215
0.6157, 0.1215
0.6157, 0.1215
0.6157, 0.1215
0.6157, 0.1190
0.6157, 0.1190
0.6157, 0.1190
0.6157, 0.1190
0.6157, 0.1190
0.6157, 0.1190
0.6157, 0.1190
0.6157, 0.1190
0.6204, 0.1165
0.6204, 0.1165
0.6204, 0.1165
0.6204, 0.1165
0.6204, 0.1165
0.6204, 0.1165
0.6204, 0.1165
0.6204, 0.1165
0.6204, 0.1165
0.6204, 0.1165
0.6204, 0.1165
0.6204, 0.1165
0.6204, 0.1165
0.6204, 0.1139
0.6204, 0.1139
0.6204, 0.1139
0.6204, 0.1139
0.6204, 0.1139
0.6250, 0.1139
0.6250, 0.1139
0.6250, 0.1139
0.6250, 0.1114
0.6250, 0.1114
0.6250, 0.1114
0.6250, 0.1114
0.6250, 0.1114
0.6250, 0.1114
0.6250, 0.1114
0.6296, 0.1089
0.6296, 0.1089
0.6296, 0.1089
0.6296, 0.1089
0.6296, 0.1089
0.6296, 0.1089
0.6296, 0.1089
0.6296, 0.1089
0.6296, 0.1089
0.6296, 0.1089
0.6343, 0.1063
0.6343, 0.1063
0.6343, 0.1063
0.6343, 0.1063
0.6343, 0.1063
0.6389, 0.1038
0.6389, 0.1038
0.6389, 0.1038
0.6389, 0.1038
0.6389, 0.1038
0.6435, 0.1038
0.6435, 0.1038
0.6435, 0.1038
0.6435, 0.1038
0.6435, 0.1038
0.6435, 0.1038
0.6435, 0.1038
0.6435, 0.1038
0.6435, 0.1013
0.6435, 0.1013
0.6481, 0.1013
0.6481, 0.1013
0.6481, 0.1013
0.6528, 0.0987
0.6528, 0.0987
0.6528, 0.0987
0.6528, 0.0987
0.6528, 0.0987
0.6528, 0.0962
0.6528, 0.0962
0.6574, 0.0962
0.6574, 0.0962
0.6574, 0.0962
0.6620, 0.0962
0.6620, 0.0962
0.6667, 0.0937
0.6667, 0.0937
0.6667, 0.0937
0.6667, 0.0937
0.6667, 0.0937
0.6713, 0.0911
0.6713, 0.0911
0.6759, 0.0911
0.6759, 0.0911
0.6759, 0.0911
0.6759, 0.0911
0.6759, 0.0911
0.6806, 0.0911
0.6806, 0.0911
0.6806, 0.0911
0.6852, 0.0911
0.6852, 0.0911
0.6852, 0.0911
0.6852, 0.0911
0.6852, 0.0911
0.6898, 0.0886
0.6898, 0.0886
0.6944, 0.0886
0.6944, 0.0886
0.6944, 0.0886
0.6944, 0.0886
0.6944, 0.0886
0.6991, 0.0886
0.6991, 0.0886
0.6991, 0.0886
0.6991, 0.0886
0.6991, 0.0886
0.6991, 0.0886
0.6991, 0.0886
0.6991, 0.0886
0.6991, 0.0886
0.6991, 0.0886
0.6991, 0.0861
0.6991, 0.0861
0.6991, 0.0861
0.7037, 0.0861
0.7037, 0.0861
0.7083, 0.0861
0.7083, 0.0861
0.7083, 0.0861
0.7083, 0.0861
0.7083, 0.0861
0.7130, 0.0861
0.7130, 0.0861
0.7176, 0.0861
0.7176, 0.0861
0.7176, 0.0861
0.7222, 0.0835
0.7222, 0.0835
0.7222, 0.0835
0.7222, 0.0835
0.7222, 0.0835
0.7222, 0.0835
0.7222, 0.0835
0.7222, 0.0835
0.7222, 0.0835
0.7222, 0.0835
0.7269, 0.0835
0.7269, 0.0835
0.7269, 0.0835
0.7269, 0.0835
0.7269, 0.0835
0.7269, 0.0835
0.7269, 0.0835
0.7269, 0.0835
0.7269, 0.0835
0.7269, 0.0835
0.7269, 0.0835
0.7269, 0.0835
0.7269, 0.0835
0.7269, 0.0835
0.7269, 0.0835
0.7269, 0.0835
0.7269, 0.0835
0.7269, 0.0835
0.7315, 0.0835
0.7315, 0.0835
0.7315, 0.0835
0.7315, 0.0835
0.7315, 0.0835
0.7315, 0.0835
0.7315, 0.0835
0.7315, 0.0835
0.7315, 0.0835
0.7315, 0.0835
0.7315, 0.0835
0.7315, 0.0835
0.7315, 0.0835
0.7315, 0.0810
0.7315, 0.0810
0.7315, 0.0810
0.7315, 0.0810
0.7315, 0.0810
0.7315, 0.0810
0.7315, 0.0810
0.7315, 0.0810
0.7315, 0.0810
0.7315, 0.0810
0.7315, 0.0810
0.7315, 0.0810
0.7315, 0.0810
0.7315, 0.0810
0.7315, 0.0810
0.7315, 0.0810
0.7315, 0.0810
0.7315, 0.0810
0.7315, 0.0785
0.7315, 0.0785
0.7315, 0.0785
0.7315, 0.0785
0.7315, 0.0785
0.7315, 0.0759
0.7315, 0.0759
0.7315, 0.0734
0.7315, 0.0734
0.7315, 0.0709
0.7315, 0.0709
0.7315, 0.0709
0.7315, 0.0709
0.7315, 0.0709
0.7315, 0.0684
0.7315, 0.0684
0.7315, 0.0684
0.7269, 0.0684
0.7269, 0.0684
0.7269, 0.0658
0.7269, 0.0658
0.7269, 0.0658
0.7269, 0.0658
0.7269, 0.0658
0.7222, 0.0633
0.7222, 0.0633
0.7176, 0.0633
0.7176, 0.0633
0.7176, 0.0633
0.7176, 0.0608
0.7176, 0.0608
0.7130, 0.0608
0.7130, 0.0608
0.7130, 0.0608
0.7130, 0.0608
0.7130, 0.0608
0.7130, 0.0582
0.7130, 0.0582
0.7083, 0.0582
0.7083, 0.0582
0.7083, 0.0582
0.7083, 0.0557
0.7083, 0.0557
0.7083, 0.0557
0.7083, 0.0557
0.7037, 0.0532
0.7037, 0.0532
0.7037, 0.0532
0.7037, 0.0532
0.7037, 0.0532
0.7037, 0.0532
0.7037, 0.0532
0.7037, 0.0532
0.7037, 0.0532
0.7037, 0.0532
0.6991, 0.0532
0.6991, 0.0532
0.6991, 0.0532
0.6944, 0.0506
0.6944, 0.0506
0.6944, 0.0481
0.6944, 0.0481
0.6898, 0.0481
0.6898, 0.0481
0.6898, 0.0481
0.6898, 0.0481
0.6898, 0.0481
0.6898, 0.0481
0.6898, 0.0481
0.6852, 0.0456
0.6852, 0.0456
0.6806, 0.0430
0.6806, 0.0430
0.6806, 0.0430
0.6806, 0.0430
0.6806, 0.0430
0.6759, 0.0405
0.6759, 0.0405
0.6759, 0.0405
0.6713, 0.0405
0.6713, 0.0405
0.6667, 0.0380
0.6667, 0.0380
0.6620, 0.0354
0.6620, 0.0354
0.6620, 0.0354
0.6574, 0.0329
0.6574, 0.0329
0.6528, 0.0329
0.6528, 0.0329
0.6528, 0.0329
0.6481, 0.0304
0.6481, 0.0304
0.6389, 0.0278
0.6389, 0.0278
0.6343, 0.0253
0.6343, 0.0253
0.6343, 0.0253
0.6296, 0.0253
0.6296, 0.0253
0.6250, 0.0228
0.6250, 0.0228
0.6250, 0.0203
0.6250, 0.0203
0.6250, 0.0203
0.6250, 0.0203
0.6250, 0.0203
0.6204, 0.0177
0.6204, 0.0177
0.6204, 0.0177
0.6204, 0.0177
0.6204, 0.0177
0.6111, 0.0127
0.6111, 0.0127
0.6111, 0.0127
0.6111, 0.0127
0.6111, 0.0127
0.6111, 0.0101
0.6111, 0.0101
0.6111, 0.0076
0.6111, 0.0076
0.6065, 0.0076
0.6065, 0.0076
0.6065, 0.0076
0.6065, 0.0076
0.6065, 0.0076
0.6065, 0.0051
0.6065, 0.0051
0.6019, 0.0051
0.6019, 0.0051
0.6019, 0.0051
0.6019, 0.0025
0.6019, 0.0025
0.6019, 0.0025
0.6019, 0.0025
0.6019, 0.0025
0.6019, 0.0025
0.6019, 0.0025
0.6019, 0.0025
0.6019, 0.0025
0.6019, 0.0025
0.6019, 0.0025
0.6019, 0.0025
0.6019, 0.0025
0.6019, 0.0025
0.6019, 0.0025
0.6019, 0.0000
0.6019, 0.0000
0.6019, 0.0000
0.6019, 0.0000
0.6019, 0.0000
0.6019, 0.0000
0.6019, 0.0000
0.6019, 0.0000
0.6019, 0.0000
0.6019, 0.0000
0.6019, 0.0000
0.6019, 0.0000
0.6019, 0.0000
0.6019, 0.0000
0.5972, 0.0000
0.5972, 0.0000
0.5972, 0.0000
0.5972, 0.0000
0.5972, 0.0000
0.5972, 0.0000
0.5972, 0.0000
0.5972, 0.0000
0.5972, 0.0000
0.5972, 0.0000
0.5972, 0.0000
0.5972, 0.0000
0.5972, 0.0000
0.5972, 0.0000
0.5972, 0.0000
0.5972, 0.0000
0.5972, 0.0000
0.5972, 0.0000
0.5972, 0.0000
0.5972, 0.0000
0.5972, 0.0000
0.5972, 0.0000
0.5972, 0.0000
0.5972, 0.0000
0.5972, 0.0000
0.5972, 0.0000
0.5972, 0.0000
0.5972, 0.0000
0.5972, 0.0000
0.5972, 0.0000
0.5972, 0.0000
0.5926, 0.0000
0.5926, 0.0000
0.5926, 0.0000
0.5926, 0.0000
0.5926, 0.0000
0.5926, 0.0000
0.5926, 0.0000
0.5926, 0.0000
0.5926, 0.0000
0.5926, 0.0000
0.5926, 0.0000
0.5926, 0.0000
0.0000, 1.0000
0.0000, 1.0000
0.0000, 1.0000
0.0000, 1.0000
0.0000, 1.0000
0.0000, 1.0000
0.0000, 1.0000
0.0000, 1.0000
0.0000, 1.0000
0.0000, 1.0000
0.0000, 1.0000
0.0000, 1.0000
0.0000, 1.0000
0.0000, 1.0000
0.0000, 1.0000
0.0000, 1.0000
0.0000, 1.0000
0.0000, 1.0000
0.0000, 1.0000
0.0000, 1.0000
0.0000, 1.0000
0.0000, 1.0000
0.0000, 1.0000
0.0000, 1.0000
0.0000, 1.0000
0.0000, 1.0000
0.0000, 1.0000
0.0000, 1.0000
0.0000, 1.0000
0.0000, 1.0000
0.0000, 1.0000
0.0000, 1.0000
0.0000, 1.0000
0.0000, 1.0000
0.0000, 1.0000
0.0000, 1.0000
