0.2653, 0.0537
0.2653, 0.0537
0.2653, 0.0537
0.2653, 0.0537
0.2653, 0.0537
0.2653, 0.0537
0.2653, 0.0537
0.2653, 0.0537
0.2653, 0.0537
0.2653, 0.0537
0.2653, 0.0537
0.2653, 0.0537
0.2653, 0.0537
0.2653, 0.0537
0.2653, 0.0537
0.2653, 0.0537
0.2653, 0.0537
0.2653, 0.0537
0.2653, 0.0537
0.2653, 0.0537
0.2653, 0.0537
0.2653, 0.0537
0.2653, 0.0537
0.2653, 0.0537
0.2653, 0.0537
0.2653, 0.0537
0.2653, 0.0537
0.2653, 0.0537
0.2653, 0.0537
0.2653, 0.0537
0.2653, 0.0537
0.2653, 0.0537
0.2653, 0.0537
0.2653, 0.0537
0.2653, 0.0537
0.2653, 0.0537
0.2653, 0.0537
0.2653, 0.0537
0.2653, 0.0537
0.2653, 0.0537
0.2653, 0.0537
0.2653, 0.0537
0.2653, 0.0537
0.2653, 0.0537
0.2653, 0.0537
0.2653, 0.0537
0.2653, 0.0537
0.2653, 0.0537
0.2653, 0.0537
0.2653, 0.0537
0.2653, 0.0537
0.2653, 0.0537
0.2653, 0.0537
0.2653, 0.0537
0.2653, 0.0537
0.2653, 0.0537
0.2653, 0.0537
0.2653, 0.0537
0.2653, 0.0537
0.2653, 0.0537
0.2653, 0.0537
0.2653, 0.0537
0.2653, 0.0537
0.2653, 0.0537
0.2653, 0.0537
0.2653, 0.0537
0.2653, 0.0537
0.2653, 0.0537
0.2653, 0.0537
0.2653, 0.0537
0.2653, 0.0537
0.2653, 0.0537
0.2653, 0.0537
0.2653, 0.0537
0.2653, 0.0537
0.2653, 0.0537
0.2653, 0.0537
0.2653, 0.0537
0.2653, 0.0537
0.2653, 0.0561
0.2653, 0.0561
0.2653, 0.0561
0.2653, 0.0561
0.2653, 0.0561
0.2653, 0.0561
0.2653, 0.0561
0.2653, 0.0561
0.2653, 0.0561
0.2653, 0.0585
0.2653, 0.0585
0.2653, 0.0585
0.2653, 0.0585
0.2653, 0.0585
0.2653, 0.0585
0.2653, 0.0585
0.2653, 0.0585
0.2653, 0.0585
0.2653, 0.0585
0.2653, 0.0585
0.2653, 0.0585
0.2653, 0.0585
0.2653, 0.0585
0.2653, 0.0585
0.2653, 0.0585
0.2653, 0.0585
0.2653, 0.0585
0.2653, 0.0585
0.2653, 0.0585
0.2653, 0.0585
0.2653, 0.0585
0.2653, 0.0610
0.2653, 0.0610
0.2653, 0.0610
0.2653, 0.0610
0.2653, 0.0610
0.2653, 0.0610
0.2653, 0.0610
0.2653, 0.0610
0.2653, 0.0610
0.2653, 0.0610
0.2653, 0.0610
0.2653, 0.0610
0.2653, 0.0634
0.2653, 0.0634
0.2653, 0.0634
0.2653, 0.0634
0.2653, 0.0634
0.2653, 0.0634
0.2653, 0.0634
0.2653, 0.0634
0.2653, 0.0634
0.2653, 0.0634
0.2653, 0.0634
0.2653, 0.0634
0.2653, 0.0634
0.2653, 0.0659
0.2653, 0.0659
0.2653, 0.0659
0.2653, 0.0659
0.2653, 0.0659
0.2653, 0.0659
0.2653, 0.0659
0.2653, 0.0659
0.2653, 0.0659
0.2653, 0.0659
0.2653, 0.0659
0.2653, 0.0659
0.2653, 0.0659
0.2653, 0.0659
0.2653, 0.0659
0.2653, 0.0659
0.2653, 0.0659
0.2653, 0.0659
0.2653, 0.0683
0.2653, 0.0683
0.2653, 0.0683
0.2653, 0.0683
0.2653, 0.0683
0.2653, 0.0683
0.2653, 0.0683
0.2653, 0.0683
0.2653, 0.0707
0.2653, 0.0707
0.2653, 0.0707
0.2653, 0.0707
0.2653, 0.0707
0.2653, 0.0707
0.2653, 0.0707
0.2653, 0.0707
0.2653, 0.0707
0.2653, 0.0707
0.2653, 0.0707
0.2653, 0.0707
0.2653, 0.0732
0.2653, 0.0732
0.2653, 0.0732
0.2653, 0.0732
0.2653, 0.0732
0.2653, 0.0732
0.2653, 0.0732
0.2653, 0.0732
0.2653, 0.0756
0.2653, 0.0756
0.2653, 0.0756
0.2653, 0.0756
0.2653, 0.0756
0.2653, 0.0756
0.2653, 0.0756
0.2653, 0.0756
0.2653, 0.0756
0.2653, 0.0780
0.2653, 0.0780
0.2653, 0.0780
0.2653, 0.0780
0.2602, 0.0780
0.2602, 0.0780
0.2602, 0.0780
0.2602, 0.0780
0.2602, 0.0780
0.2602, 0.0780
0.2602, 0.0780
0.2602, 0.0780
0.2602, 0.0805
0.2602, 0.0805
0.2602, 0.0805
0.2602, 0.0805
0.2602, 0.0805
0.2602, 0.0805
0.2602, 0.0805
0.2602, 0.0805
0.2602, 0.0829
0.2602, 0.0829
0.2602, 0.0829
0.2602, 0.0829
0.2602, 0.0829
0.2602, 0.0829
0.2602, 0.0829
0.2602, 0.0829
0.2551, 0.0829
0.2551, 0.0829
0.2551, 0.0829
0.2551, 0.0854
0.2551, 0.0854
0.2551, 0.0854
0.2551, 0.0854
0.2551, 0.0854
0.2551, 0.0854
0.2551, 0.0854
0.2551, 0.0854
0.2551, 0.0854
0.2551, 0.0878
0.2551, 0.0878
0.2551, 0.0878
0.2551, 0.0878
0.2551, 0.0878
0.2551, 0.0878
0.2551, 0.0878
0.2551, 0.0878
0.2551, 0.0902
0.2551, 0.0902
0.2551, 0.0902
0.2551, 0.0902
0.2551, 0.0902
0.2551, 0.0902
0.2551, 0.0902
0.2551, 0.0902
0.2551, 0.0902
0.2551, 0.0902
0.2551, 0.0902
0.2551, 0.0902
0.2551, 0.0902
0.2551, 0.0902
0.2500, 0.0927
0.2500, 0.0927
0.2500, 0.0927
0.2500, 0.0927
0.2500, 0.0927
0.2500, 0.0927
0.2500, 0.0927
0.2500, 0.0927
0.2500, 0.0951
0.2500, 0.0951
0.2500, 0.0951
0.2500, 0.0951
0.2500, 0.0951
0.2500, 0.0951
0.2500, 0.0951
0.2500, 0.0951
0.2500, 0.0951
0.2500, 0.0951
0.2500, 0.0951
0.2500, 0.0951
0.2500, 0.0951
0.2500, 0.0951
0.2500, 0.0951
0.2500, 0.0951
0.2500, 0.0951
0.2500, 0.0951
0.2500, 0.0951
0.2500, 0.0951
0.2500, 0.0976
0.2500, 0.0976
0.2500, 0.0976
0.2500, 0.0976
0.2500, 0.0976
0.2500, 0.0976
0.2500, 0.0976
0.2500, 0.0976
0.2500, 0.0976
0.2500, 0.0976
0.2500, 0.0976
0.2500, 0.0976
0.2500, 0.0976
0.2500, 0.1000
0.2500, 0.1000
0.2500, 0.1000
0.2500, 0.1000
0.2500, 0.1000
0.2500, 0.1000
0.2500, 0.1000
0.2500, 0.1000
0.2500, 0.1000
0.2500, 0.1000
0.2500, 0.1000
0.2500, 0.1000
0.2500, 0.1000
0.2500, 0.1000
0.2500, 0.1000
0.2500, 0.1000
0.2500, 0.1000
0.2500, 0.1024
0.2500, 0.1024
0.2500, 0.1024
0.2500, 0.1024
0.2500, 0.1024
0.2500, 0.1024
0.2500, 0.1024
0.2500, 0.1024
0.2449, 0.1024
0.2449, 0.1024
0.2449, 0.1024
0.2449, 0.1024
0.2449, 0.1049
0.2449, 0.1049
0.2449, 0.1049
0.2449, 0.1049
0.2449, 0.1049
0.2449, 0.1049
0.2449, 0.1049
0.2449, 0.1049
0.2449, 0.1049
0.2449, 0.1049
0.2449, 0.1049
0.2449, 0.1049
0.2449, 0.1049
0.2449, 0.1049
0.2449, 0.1049
0.2449, 0.1049
0.2449, 0.1049
0.2449, 0.1073
0.2449, 0.1073
0.2449, 0.1073
0.2449, 0.1073
0.2449, 0.1073
0.2449, 0.1073
0.2449, 0.1073
0.2449, 0.1073
0.2449, 0.1073
0.2449, 0.1073
0.2449, 0.1073
0.2449, 0.1073
0.2449, 0.1073
0.2449, 0.1073
0.2449, 0.1073
0.2449, 0.1073
0.2449, 0.1073
0.2449, 0.1098
0.2449, 0.1098
0.2449, 0.1098
0.2449, 0.1098
0.2398, 0.1098
0.2398, 0.1098
0.2398, 0.1098
0.2398, 0.1098
0.2398, 0.1122
0.2398, 0.1122
0.2398, 0.1122
0.2398, 0.1122
0.2398, 0.1122
0.2398, 0.1122
0.2398, 0.1122
0.2398, 0.1122
0.2398, 0.1122
0.2398, 0.1122
0.2398, 0.1122
0.2398, 0.1122
0.2398, 0.1122
0.2398, 0.1122
0.2398, 0.1122
0.2398, 0.1122
0.2398, 0.1146
0.2398, 0.1146
0.2398, 0.1146
0.2398, 0.1146
0.2398, 0.1146
0.2398, 0.1146
0.2398, 0.1146
0.2398, 0.1146
0.2398, 0.1146
0.2398, 0.1171
0.2398, 0.1171
0.2398, 0.1171
0.2398, 0.1171
0.2398, 0.1171
0.2398, 0.1171
0.2398, 0.1171
0.2398, 0.1195
0.2398, 0.1195
0.2398, 0.1195
0.2398, 0.1195
0.2398, 0.1195
0.2398, 0.1195
0.2398, 0.1195
0.2398, 0.1195
0.2398, 0.1195
0.2398, 0.1195
0.2398, 0.1195
0.2398, 0.1195
0.2398, 0.1220
0.2398, 0.1220
0.2398, 0.1220
0.2398, 0.1220
0.2398, 0.1220
0.2398, 0.1220
0.2398, 0.1220
0.2398, 0.1220
0.2398, 0.1244
0.2398, 0.1244
0.2398, 0.1244
0.2398, 0.1244
0.2398, 0.1244
0.2398, 0.1244
0.2398, 0.1244
0.2398, 0.1244
0.2398, 0.1244
0.2398, 0.1244
0.2398, 0.1244
0.2347, 0.1244
0.2347, 0.1244
0.2347, 0.1244
0.2347, 0.1244
0.2347, 0.1268
0.2347, 0.1268
0.2347, 0.1268
0.2347, 0.1268
0.2347, 0.1268
0.2347, 0.1268
0.2347, 0.1268
0.2347, 0.1268
0.2347, 0.1293
0.2347, 0.1293
0.2347, 0.1293
0.2347, 0.1293
0.2347, 0.1317
0.2347, 0.1317
0.2347, 0.1317
0.2347, 0.1317
0.2347, 0.1317
0.2347, 0.1317
0.2347, 0.1317
0.2347, 0.1317
0.2347, 0.1317
0.2347, 0.1317
0.2347, 0.1317
0.2347, 0.1317
0.2347, 0.1317
0.2347, 0.1317
0.2347, 0.1317
0.2347, 0.1317
0.2347, 0.1341
0.2347, 0.1341
0.2347, 0.1341
0.2347, 0.1341
0.2347, 0.1341
0.2347, 0.1341
0.2347, 0.1341
0.2347, 0.1341
0.2347, 0.1366
0.2347, 0.1366
0.2347, 0.1366
0.2347, 0.1366
0.2296, 0.1366
0.2296, 0.1366
0.2296, 0.1366
0.2296, 0.1366
0.2296, 0.1366
0.2296, 0.1366
0.2296, 0.1366
0.2296, 0.1366
0.2296, 0.1390
0.2296, 0.1390
0.2296, 0.1390
0.2296, 0.1390
0.2296, 0.1390
0.2296, 0.1390
0.2296, 0.1390
0.2296, 0.1390
0.2296, 0.1415
0.2296, 0.1415
0.2296, 0.1415
0.2296, 0.1415
0.2296, 0.1415
0.2296, 0.1415
0.2296, 0.1415
0.2296, 0.1439
0.2296, 0.1439
0.2296, 0.1439
0.2296, 0.1439
0.2296, 0.1439
0.2296, 0.1439
0.2296, 0.1439
0.2296, 0.1439
0.2296, 0.1439
0.2296, 0.1439
0.2296, 0.1439
0.2296, 0.1439
0.2296, 0.1463
0.2296, 0.1463
0.2296, 0.1463
0.2296, 0.1463
0.2296, 0.1488
0.2296, 0.1488
0.2296, 0.1488
0.2296, 0.1488
0.2296, 0.1488
0.2296, 0.1488
0.2296, 0.1488
0.2296, 0.1488
0.2296, 0.1488
0.2296, 0.1488
0.2296, 0.1488
0.2296, 0.1488
0.2296, 0.1488
0.2296, 0.1488
0.2296, 0.1488
0.2296, 0.1512
0.2296, 0.1512
0.2296, 0.1512
0.2296, 0.1537
0.2296, 0.1537
0.2296, 0.1537
0.2296, 0.1537
0.2296, 0.1537
0.2296, 0.1537
0.2296, 0.1537
0.2296, 0.1537
0.2296, 0.1561
0.2296, 0.1561
0.2296, 0.1561
0.2296, 0.1561
0.2296, 0.1561
0.2296, 0.1561
0.2296, 0.1561
0.2296, 0.1561
0.2296, 0.1585
0.2296, 0.1585
0.2296, 0.1585
0.2296, 0.1585
0.2296, 0.1585
0.2296, 0.1585
0.2296, 0.1585
0.2296, 0.1585
0.2296, 0.1610
0.2296, 0.1610
0.2296, 0.1610
0.2296, 0.1610
0.2296, 0.1610
0.2296, 0.1610
0.2296, 0.1610
0.2296, 0.1610
0.2296, 0.1634
0.2296, 0.1634
0.2296, 0.1634
0.2296, 0.1659
0.2296, 0.1659
0.2296, 0.1659
0.2296, 0.1659
0.2296, 0.1683
0.2296, 0.1683
0.2296, 0.1683
0.2296, 0.1683
0.2296, 0.1683
0.2296, 0.1683
0.2296, 0.1683
0.2296, 0.1683
0.2296, 0.1683
0.2296, 0.1683
0.2296, 0.1683
0.2296, 0.1707
0.2296, 0.1707
0.2296, 0.1707
0.2296, 0.1707
0.2296, 0.1732
0.2296, 0.1732
0.2296, 0.1732
0.2296, 0.1732
0.2296, 0.1732
0.2296, 0.1732
0.2296, 0.1732
0.2296, 0.1732
0.2296, 0.1756
0.2296, 0.1756
0.2296, 0.1756
0.2296, 0.1756
0.2296, 0.1780
0.2296, 0.1780
0.2296, 0.1780
0.2296, 0.1780
0.2296, 0.1780
0.2296, 0.1780
0.2296, 0.1780
0.2296, 0.1805
0.2296, 0.1805
0.2296, 0.1805
0.2296, 0.1805
0.2296, 0.1805
0.2296, 0.1805
0.2296, 0.1805
0.2296, 0.1805
0.2296, 0.1829
0.2296, 0.1829
0.2296, 0.1829
0.2296, 0.1829
0.2296, 0.1854
0.2296, 0.1854
0.2296, 0.1854
0.2296, 0.1854
0.2296, 0.1854
0.2296, 0.1854
0.2296, 0.1854
0.2296, 0.1878
0.2296, 0.1878
0.2296, 0.1878
0.2296, 0.1902
0.2296, 0.1902
0.2296, 0.1902
0.2296, 0.1902
0.2296, 0.1902
0.2296, 0.1902
0.2296, 0.1902
0.2296, 0.1902
0.2296, 0.1902
0.2296, 0.1902
0.2296, 0.1902
0.2296, 0.1902
0.2296, 0.1927
0.2296, 0.1927
0.2296, 0.1927
0.2296, 0.1927
0.2296, 0.1927
0.2296, 0.1927
0.2296, 0.1927
0.2296, 0.1951
0.2296, 0.1951
0.2296, 0.1951
0.2296, 0.1951
0.2296, 0.1976
0.2296, 0.1976
0.2296, 0.1976
0.2296, 0.1976
0.2296, 0.1976
0.2296, 0.1976
0.2296, 0.1976
0.2296, 0.1976
0.2296, 0.1976
0.2296, 0.1976
0.2296, 0.1976
0.2296, 0.2000
0.2296, 0.2000
0.2296, 0.2000
0.2296, 0.2000
0.2296, 0.2000
0.2296, 0.2000
0.2296, 0.2000
0.2296, 0.2024
0.2296, 0.2024
0.2296, 0.2024
0.2296, 0.2024
0.2296, 0.2024
0.2296, 0.2024
0.2296, 0.2024
0.2296, 0.2024
0.2296, 0.2024
0.2296, 0.2024
0.2296, 0.2024
0.2296, 0.2024
0.2296, 0.2024
0.2296, 0.2024
0.2296, 0.2049
0.2296, 0.2049
0.2296, 0.2049
0.2296, 0.2073
0.2296, 0.2073
0.2296, 0.2073
0.2296, 0.2073
0.2296, 0.2073
0.2296, 0.2073
0.2296, 0.2073
0.2296, 0.2073
0.2296, 0.2098
0.2296, 0.2098
0.2296, 0.2098
0.2296, 0.2098
0.2296, 0.2098
0.2296, 0.2098
0.2296, 0.2098
0.2296, 0.2098
0.2296, 0.2098
0.2296, 0.2098
0.2296, 0.2098
0.2296, 0.2122
0.2296, 0.2122
0.2296, 0.2122
0.2296, 0.2122
0.2296, 0.2146
0.2296, 0.2146
0.2296, 0.2146
0.2296, 0.2146
0.2296, 0.2146
0.2296, 0.2146
0.2296, 0.2146
0.2296, 0.2146
0.2296, 0.2146
0.2296, 0.2146
0.2296, 0.2146
0.2296, 0.2146
0.2296, 0.2146
0.2296, 0.2146
0.2296, 0.2171
0.2296, 0.2171
0.2296, 0.2171
0.2296, 0.2171
0.2296, 0.2171
0.2296, 0.2171
0.2296, 0.2171
0.2296, 0.2171
0.2347, 0.2195
0.2347, 0.2195
0.2347, 0.2195
0.2347, 0.2220
0.2347, 0.2220
0.2347, 0.2220
0.2347, 0.2220
0.2347, 0.2220
0.2347, 0.2220
0.2347, 0.2220
0.2347, 0.2220
0.2347, 0.2220
0.2347, 0.2220
0.2347, 0.2220
0.2347, 0.2244
0.2347, 0.2244
0.2347, 0.2244
0.2347, 0.2244
0.2347, 0.2244
0.2347, 0.2244
0.2347, 0.2244
0.2347, 0.2244
0.2347, 0.2268
0.2347, 0.2268
0.2347, 0.2268
0.2347, 0.2268
0.2347, 0.2268
0.2347, 0.2268
0.2347, 0.2268
0.2347, 0.2268
0.2347, 0.2268
0.2347, 0.2268
0.2347, 0.2293
0.2347, 0.2293
0.2347, 0.2293
0.2347, 0.2293
0.2347, 0.2293
0.2347, 0.2293
0.2347, 0.2293
0.2347, 0.2293
0.2347, 0.2317
0.2347, 0.2317
0.2347, 0.2317
0.2347, 0.2341
0.2347, 0.2341
0.2347, 0.2341
0.2347, 0.2341
0.2347, 0.2341
0.2347, 0.2341
0.2347, 0.2341
0.2347, 0.2366
0.2347, 0.2366
0.2347, 0.2366
0.2347, 0.2366
0.2347, 0.2366
0.2347, 0.2366
0.2347, 0.2366
0.2347, 0.2390
0.2347, 0.2390
0.2347, 0.2390
0.2347, 0.2390
0.2398, 0.2390
0.2398, 0.2390
0.2398, 0.2390
0.2398, 0.2390
0.2398, 0.2390
0.2398, 0.2390
0.2398, 0.2390
0.2398, 0.2415
0.2398, 0.2415
0.2398, 0.2415
0.2398, 0.2415
0.2398, 0.2415
0.2398, 0.2415
0.2398, 0.2415
0.2398, 0.2439
0.2398, 0.2439
0.2398, 0.2439
0.2398, 0.2439
0.2398, 0.2439
0.2398, 0.2439
0.2398, 0.2439
0.2398, 0.2439
0.2398, 0.2463
0.2398, 0.2463
0.2398, 0.2463
0.2449, 0.2463
0.2449, 0.2463
0.2449, 0.2463
0.2449, 0.2463
0.2449, 0.2463
0.2449, 0.2463
0.2449, 0.2463
0.2449, 0.2488
0.2449, 0.2488
0.2449, 0.2488
0.2449, 0.2488
0.2449, 0.2512
0.2449, 0.2512
0.2449, 0.2512
0.2449, 0.2512
0.2449, 0.2512
0.2449, 0.2512
0.2449, 0.2512
0.2449, 0.2512
0.2449, 0.2512
0.2449, 0.2512
0.2449, 0.2512
0.2449, 0.2537
0.2449, 0.2537
0.2449, 0.2537
0.2449, 0.2537
0.2449, 0.2537
0.2449, 0.2537
0.2449, 0.2537
0.2449, 0.2561
0.2449, 0.2561
0.2449, 0.2561
0.2449, 0.2561
0.2449, 0.2561
0.2449, 0.2561
0.2449, 0.2561
0.2500, 0.2561
0.2500, 0.2561
0.2500, 0.2561
0.2500, 0.2585
0.2500, 0.2585
0.2500, 0.2585
0.2500, 0.2585
0.2500, 0.2585
0.2500, 0.2585
0.2500, 0.2585
0.2500, 0.2610
0.2500, 0.2610
0.2500, 0.2610
0.2500, 0.2610
0.2500, 0.2610
0.2500, 0.2610
0.2500, 0.2610
0.2551, 0.2634
0.2551, 0.2634
0.2551, 0.2634
0.2551, 0.2634
0.2551, 0.2634
0.2551, 0.2634
0.2551, 0.2634
0.2551, 0.2634
0.2551, 0.2634
0.2551, 0.2634
0.2551, 0.2634
0.2551, 0.2634
0.2551, 0.2634
0.2551, 0.2634
0.2551, 0.2634
0.2551, 0.2634
0.2551, 0.2634
0.2551, 0.2634
0.2551, 0.2634
0.2602, 0.2659
0.2602, 0.2659
0.2602, 0.2659
0.2602, 0.2683
0.2602, 0.2683
0.2602, 0.2683
0.2602, 0.2683
0.2602, 0.2683
0.2602, 0.2683
0.2602, 0.2683
0.2602, 0.2683
0.2602, 0.2683
0.2602, 0.2683
0.2602, 0.2683
0.2602, 0.2707
0.2602, 0.2707
0.2602, 0.2707
0.2602, 0.2732
0.2602, 0.2732
0.2602, 0.2732
0.2653, 0.2732
0.2653, 0.2732
0.2653, 0.2732
0.2653, 0.2732
0.2653, 0.2756
0.2653, 0.2756
0.2653, 0.2756
0.2653, 0.2756
0.2653, 0.2756
0.2653, 0.2756
0.2653, 0.2756
0.2653, 0.2780
0.2653, 0.2780
0.2653, 0.2780
0.2653, 0.2780
0.2704, 0.2780
0.2704, 0.2780
0.2704, 0.2780
0.2704, 0.2805
0.2704, 0.2805
0.2704, 0.2805
0.2704, 0.2805
0.2704, 0.2805
0.2704, 0.2805
0.2704, 0.2805
0.2704, 0.2805
0.2704, 0.2805
0.2704, 0.2805
0.2704, 0.2805
0.2704, 0.2805
0.2704, 0.2805
0.2704, 0.2805
0.2704, 0.2805
0.2704, 0.2829
0.2704, 0.2829
0.2704, 0.2829
0.2704, 0.2829
0.2704, 0.2829
0.2704, 0.2829
0.2704, 0.2829
0.2755, 0.2854
0.2755, 0.2854
0.2755, 0.2854
0.2755, 0.2854
0.2755, 0.2854
0.2755, 0.2854
0.2755, 0.2878
0.2755, 0.2878
0.2755, 0.2878
0.2755, 0.2878
0.2806, 0.2878
0.2806, 0.2878
0.2806, 0.2878
0.2806, 0.2878
0.2806, 0.2878
0.2806, 0.2878
0.2806, 0.2878
0.2806, 0.2902
0.2806, 0.2902
0.2806, 0.2902
0.2857, 0.2902
0.2857, 0.2902
0.2857, 0.2902
0.2857, 0.2902
0.2857, 0.2927
0.2857, 0.2927
0.2857, 0.2927
0.2857, 0.2927
0.2857, 0.2927
0.2857, 0.2927
0.2857, 0.2927
0.2857, 0.2927
0.2857, 0.2927
0.2857, 0.2927
0.2857, 0.2951
0.2857, 0.2951
0.2857, 0.2951
0.2908, 0.2976
0.2908, 0.2976
0.2908, 0.2976
0.2908, 0.2976
0.2908, 0.2976
0.2908, 0.2976
0.2908, 0.2976
0.2959, 0.3000
0.2959, 0.3000
0.2959, 0.3000
0.2959, 0.3000
0.2959, 0.3000
0.2959, 0.3000
0.2959, 0.3000
0.2959, 0.3000
0.2959, 0.3000
0.2959, 0.3000
0.2959, 0.3000
0.2959, 0.3024
0.2959, 0.3024
0.2959, 0.3024
0.2959, 0.3024
0.2959, 0.3024
0.2959, 0.3024
0.2959, 0.3024
0.2959, 0.3049
0.2959, 0.3049
0.2959, 0.3049
0.3010, 0.3049
0.3010, 0.3049
0.3010, 0.3049
0.3010, 0.3049
0.3010, 0.3049
0.3010, 0.3049
0.3010, 0.3049
0.3010, 0.3049
0.3010, 0.3049
0.3010, 0.3049
0.3010, 0.3049
0.3061, 0.3049
0.3061, 0.3049
0.3061, 0.3049
0.3061, 0.3073
0.3061, 0.3073
0.3061, 0.3073
0.3112, 0.3073
0.3112, 0.3073
0.3112, 0.3073
0.3112, 0.3098
0.3112, 0.3098
0.3112, 0.3098
0.3112, 0.3098
0.3112, 0.3098
0.3112, 0.3098
0.3112, 0.3098
0.3112, 0.3122
0.3112, 0.3122
0.3112, 0.3122
0.3112, 0.3122
0.3112, 0.3122
0.3112, 0.3122
0.3112, 0.3122
0.3163, 0.3122
0.3163, 0.3122
0.3163, 0.3122
0.3163, 0.3146
0.3163, 0.3146
0.3163, 0.3146
0.3214, 0.3146
0.3214, 0.3146
0.3214, 0.3146
0.3214, 0.3146
0.3214, 0.3171
0.3214, 0.3171
0.3214, 0.3171
0.3214, 0.3171
0.3214, 0.3171
0.3214, 0.3171
0.3214, 0.3171
0.3214, 0.3171
0.3214, 0.3171
0.3214, 0.3171
0.3265, 0.3171
0.3265, 0.3171
0.3265, 0.3171
0.3265, 0.3171
0.3265, 0.3171
0.3265, 0.3171
0.3265, 0.3171
0.3265, 0.3195
0.3265, 0.3195
0.3265, 0.3195
0.3316, 0.3195
0.3316, 0.3195
0.3316, 0.3195
0.3316, 0.3195
0.3316, 0.3220
0.3316, 0.3220
0.3316, 0.3220
0.3316, 0.3220
0.3316, 0.3220
0.3316, 0.3220
0.3316, 0.3244
0.3316, 0.3244
0.3316, 0.3244
0.3316, 0.3244
0.3367, 0.3244
0.3367, 0.3244
0.3367, 0.3244
0.3367, 0.3244
0.3367, 0.3244
0.3367, 0.3244
0.3418, 0.3244
0.3418, 0.3244
0.3418, 0.3244
0.3418, 0.3244
0.3418, 0.3244
0.3418, 0.3244
0.3418, 0.3244
0.3418, 0.3268
0.3418, 0.3268
0.3418, 0.3268
0.3469, 0.3268
0.3469, 0.3268
0.3469, 0.3268
0.3469, 0.3293
0.3469, 0.3293
0.3469, 0.3293
0.3469, 0.3293
0.3469, 0.3293
0.3469, 0.3293
0.3520, 0.3293
0.3520, 0.3293
0.3520, 0.3293
0.3520, 0.3293
0.3571, 0.3317
0.3571, 0.3317
0.3571, 0.3317
0.3571, 0.3317
0.3571, 0.3317
0.3571, 0.3341
0.3571, 0.3341
0.3571, 0.3341
0.3571, 0.3341
0.3571, 0.3341
0.3571, 0.3341
0.3571, 0.3341
0.3622, 0.3341
0.3622, 0.3341
0.3622, 0.3341
0.3622, 0.3341
0.3622, 0.3341
0.3622, 0.3341
0.3622, 0.3341
0.3673, 0.3341
0.3673, 0.3341
0.3673, 0.3341
0.3673, 0.3366
0.3673, 0.3366
0.3673, 0.3366
0.3673, 0.3366
0.3673, 0.3366
0.3673, 0.3366
0.3673, 0.3366
0.3724, 0.3366
0.3724, 0.3366
0.3724, 0.3366
0.3724, 0.3390
0.3724, 0.3390
0.3724, 0.3390
0.3724, 0.3390
0.3724, 0.3390
0.3724, 0.3390
0.3724, 0.3390
0.3724, 0.3415
0.3724, 0.3415
0.3724, 0.3415
0.3776, 0.3415
0.3776, 0.3415
0.3776, 0.3415
0.3776, 0.3415
0.3827, 0.3415
0.3827, 0.3415
0.3827, 0.3439
0.3827, 0.3439
0.3827, 0.3439
0.3827, 0.3439
0.3878, 0.3463
0.3878, 0.3463
0.3929, 0.3463
0.3929, 0.3463
0.3980, 0.3463
0.3980, 0.3463
0.3980, 0.3463
0.3980, 0.3488
0.3980, 0.3488
0.3980, 0.3488
0.3980, 0.3488
0.3980, 0.3488
0.4031, 0.3488
0.4031, 0.3512
0.4031, 0.3512
0.4082, 0.3512
0.4082, 0.3537
0.4082, 0.3537
0.4082, 0.3537
0.4133, 0.3537
0.4133, 0.3537
0.4184, 0.3537
0.4184, 0.3537
0.4184, 0.3537
0.4184, 0.3537
0.4184, 0.3561
0.4235, 0.3561
0.4235, 0.3561
0.4235, 0.3561
0.4235, 0.3561
0.4235, 0.3561
0.4235, 0.3561
0.4235, 0.3561
0.4235, 0.3585
0.4235, 0.3585
0.4286, 0.3585
0.4286, 0.3585
0.4337, 0.3585
0.4337, 0.3585
0.4337, 0.3585
0.4337, 0.3585
0.4337, 0.3585
0.4388, 0.3610
0.4388, 0.3610
0.4388, 0.3610
0.4439, 0.3610
0.4439, 0.3634
0.4490, 0.3634
0.4490, 0.3634
0.4490, 0.3634
0.4490, 0.3634
0.4490, 0.3659
0.4541, 0.3659
0.4541, 0.3659
0.4592, 0.3659
0.4592, 0.3659
0.4592, 0.3659
0.4592, 0.3659
0.4592, 0.3659
0.4592, 0.3659
0.4592, 0.3659
0.4592, 0.3659
0.4643, 0.3659
0.4643, 0.3683
0.4694, 0.3683
0.4694, 0.3683
0.4694, 0.3683
0.4745, 0.3683
0.4745, 0.3683
0.4745, 0.3707
0.4745, 0.3707
0.4745, 0.3707
0.4745, 0.3707
0.4796, 0.3707
0.4796, 0.3707
0.4847, 0.3707
0.4847, 0.3707
0.4847, 0.3707
0.4847, 0.3707
0.4847, 0.3707
0.4898, 0.3707
0.4949, 0.3707
0.4949, 0.3707
0.4949, 0.3707
0.4949, 0.3707
0.5000, 0.3732
0.5000, 0.3732
0.5051, 0.3732
0.5051, 0.3732
0.5051, 0.3732
0.5051, 0.3732
0.5051, 0.3732
0.5051, 0.3732
0.5051, 0.3732
0.5102, 0.3732
0.5102, 0.3732
0.5102, 0.3732
0.5102, 0.3732
0.5102, 0.3732
0.5102, 0.3732
0.5102, 0.3732
0.5102, 0.3756
0.5102, 0.3756
0.5102, 0.3756
0.5153, 0.3756
0.5153, 0.3756
0.5153, 0.3756
0.5153, 0.3756
0.5153, 0.3756
0.5153, 0.3756
0.5204, 0.3756
0.5204, 0.3756
0.5204, 0.3756
0.5204, 0.3756
0.5204, 0.3756
0.5204, 0.3756
0.5204, 0.3756
0.5204, 0.3756
0.5204, 0.3756
0.5204, 0.3756
0.5255, 0.3780
0.5255, 0.3780
0.5255, 0.3780
0.5306, 0.3780
0.5306, 0.3780
0.5306, 0.3780
0.5306, 0.3780
0.5306, 0.3780
0.5306, 0.3780
0.5306, 0.3780
0.5357, 0.3780
0.5357, 0.3780
0.5357, 0.3780
0.5357, 0.3780
0.5357, 0.3780
0.5357, 0.3780
0.5357, 0.3780
0.5408, 0.3780
0.5408, 0.3780
0.5408, 0.3780
0.5459, 0.3780
0.5459, 0.3780
0.5459, 0.3780
0.5459, 0.3780
0.5459, 0.3780
0.5459, 0.3780
0.5459, 0.3780
0.5510, 0.3780
0.5510, 0.3780
0.5561, 0.3780
0.5561, 0.3780
0.5561, 0.3780
0.5561, 0.3780
0.5612, 0.3780
0.5612, 0.3780
0.5612, 0.3780
0.5612, 0.3805
0.5612, 0.3805
0.5612, 0.3805
0.5663, 0.3805
0.5663, 0.3805
0.5663, 0.3805
0.5714, 0.3805
0.5714, 0.3805
0.5714, 0.3805
0.5714, 0.3805
0.5714, 0.3805
0.5714, 0.3805
0.5714, 0.3805
0.5714, 0.3805
0.5714, 0.3805
0.5714, 0.3805
0.5765, 0.3805
0.5765, 0.3805
0.5765, 0.3805
0.5816, 0.3805
0.5816, 0.3805
0.5816, 0.3805
0.5867, 0.3805
0.5867, 0.3805
0.5867, 0.3805
0.5867, 0.3805
0.5867, 0.3805
0.5867, 0.3805
0.5867, 0.3829
0.5867, 0.3829
0.5867, 0.3829
0.5918, 0.3829
0.5918, 0.3829
0.5918, 0.3829
0.5918, 0.3829
0.5918, 0.3829
0.5918, 0.3829
0.5969, 0.3829
0.5969, 0.3829
0.5969, 0.3829
0.5969, 0.3829
0.5969, 0.3829
0.5969, 0.3829
0.5969, 0.3829
0.5969, 0.3829
0.5969, 0.3829
0.6020, 0.3829
0.6020, 0.3829
0.6020, 0.3829
0.6071, 0.3829
0.6071, 0.3829
0.6071, 0.3829
0.6122, 0.3829
0.6122, 0.3829
0.6122, 0.3829
0.6122, 0.3829
0.6122, 0.3829
0.6122, 0.3829
0.6122, 0.3829
0.6122, 0.3829
0.6122, 0.3829
0.6122, 0.3829
0.6173, 0.3829
0.6173, 0.3829
0.6173, 0.3829
0.6173, 0.3829
0.6173, 0.3829
0.6173, 0.3829
0.6173, 0.3829
0.6224, 0.3829
0.6224, 0.3829
0.6224, 0.3829
0.6224, 0.3829
0.6224, 0.3829
0.6224, 0.3829
0.6224, 0.3829
0.6224, 0.3829
0.6224, 0.3829
0.6224, 0.3829
0.6224, 0.3829
0.6224, 0.3829
0.6224, 0.3829
0.6224, 0.3829
0.6224, 0.3829
0.6224, 0.3829
0.6276, 0.3829
0.6276, 0.3829
0.6276, 0.3829
0.6276, 0.3829
0.6276, 0.3829
0.6276, 0.3829
0.6327, 0.3829
0.6327, 0.3829
0.6327, 0.3829
0.6327, 0.3829
0.6327, 0.3829
0.6327, 0.3829
0.6378, 0.3829
0.6378, 0.3829
0.6378, 0.3829
0.6378, 0.3829
0.6378, 0.3829
0.6378, 0.3829
0.6378, 0.3829
0.6378, 0.3829
0.6378, 0.3829
0.6378, 0.3829
0.6378, 0.3829
0.6378, 0.3829
0.6378, 0.3829
0.6378, 0.3829
0.6378, 0.3829
0.6378, 0.3829
0.6378, 0.3829
0.6378, 0.3829
0.6378, 0.3829
0.6429, 0.3829
0.6429, 0.3829
0.6429, 0.3829
0.6429, 0.3829
0.6429, 0.3829
0.6429, 0.3829
0.6429, 0.3829
0.6480, 0.3829
0.6480, 0.3829
0.6480, 0.3829
0.6480, 0.3829
0.6480, 0.3829
0.6480, 0.3829
0.6480, 0.3829
0.6480, 0.3829
0.6480, 0.3829
0.6480, 0.3829
0.6480, 0.3829
0.6480, 0.3829
0.6480, 0.3829
0.6480, 0.3829
0.6480, 0.3829
0.6480, 0.3829
0.6531, 0.3829
0.6531, 0.3829
0.6531, 0.3829
0.6531, 0.3829
0.6531, 0.3829
0.6531, 0.3829
0.6582, 0.3829
0.6582, 0.3829
0.6582, 0.3829
0.6582, 0.3829
0.6582, 0.3829
0.6582, 0.3829
0.6582, 0.3829
0.6582, 0.3829
0.6582, 0.3829
0.6582, 0.3829
0.6633, 0.3829
0.6633, 0.3829
0.6633, 0.3829
0.6633, 0.3829
0.6633, 0.3829
0.6633, 0.3829
0.6684, 0.3829
0.6684, 0.3829
0.6684, 0.3829
0.6735, 0.3829
0.6735, 0.3829
0.6735, 0.3829
0.6735, 0.3829
0.6735, 0.3829
0.6735, 0.3829
0.6735, 0.3829
0.6735, 0.3829
0.6735, 0.3829
0.6786, 0.3829
0.6786, 0.3829
0.6786, 0.3829
0.6837, 0.3829
0.6837, 0.3829
0.6837, 0.3829
0.6837, 0.3829
0.6837, 0.3829
0.6837, 0.3829
0.6837, 0.3829
0.6837, 0.3829
0.6837, 0.3829
0.6837, 0.3829
0.6888, 0.3829
0.6888, 0.3829
0.6888, 0.3829
0.6888, 0.3829
0.6888, 0.3829
0.6939, 0.3829
0.6939, 0.3829
0.6939, 0.3829
0.6939, 0.3829
0.6939, 0.3829
0.6939, 0.3829
0.6939, 0.3829
0.6990, 0.3829
0.6990, 0.3829
0.6990, 0.3829
0.6990, 0.3829
0.6990, 0.3829
0.6990, 0.3829
0.6990, 0.3829
0.6990, 0.3829
0.7041, 0.3829
0.7041, 0.3829
0.7041, 0.3829
0.7092, 0.3829
0.7092, 0.3829
0.7092, 0.3829
0.7092, 0.3829
0.7092, 0.3829
0.7092, 0.3829
0.7092, 0.3829
0.7092, 0.3829
0.7092, 0.3829
0.7092, 0.3829
0.7092, 0.3805
0.7092, 0.3805
0.7092, 0.3805
0.7143, 0.3805
0.7143, 0.3805
0.7143, 0.3805
0.7143, 0.3805
0.7143, 0.3805
0.7143, 0.3805
0.7194, 0.3805
0.7194, 0.3805
0.7194, 0.3805
0.7245, 0.3805
0.7245, 0.3805
0.7245, 0.3805
0.7245, 0.3805
0.7245, 0.3805
0.7245, 0.3805
0.7245, 0.3805
0.7245, 0.3805
0.7245, 0.3805
0.7296, 0.3805
0.7296, 0.3805
0.7296, 0.3805
0.7347, 0.3805
0.7347, 0.3805
0.7347, 0.3805
0.7347, 0.3805
0.7347, 0.3805
0.7347, 0.3805
0.7347, 0.3805
0.7347, 0.3805
0.7347, 0.3805
0.7398, 0.3805
0.7398, 0.3805
0.7398, 0.3805
0.7398, 0.3805
0.7449, 0.3805
0.7449, 0.3805
0.7500, 0.3805
0.7500, 0.3805
0.7500, 0.3805
0.7500, 0.3805
0.7500, 0.3805
0.7500, 0.3805
0.7500, 0.3780
0.7500, 0.3780
0.7500, 0.3780
0.7500, 0.3780
0.7500, 0.3780
0.7500, 0.3780
0.7551, 0.3780
0.7551, 0.3780
0.7551, 0.3780
0.7602, 0.3780
0.7602, 0.3780
0.7602, 0.3780
0.7602, 0.3780
0.7602, 0.3780
0.7602, 0.3780
0.7602, 0.3780
0.7602, 0.3780
0.7602, 0.3780
0.7653, 0.3756
0.7653, 0.3756
0.7653, 0.3756
0.7704, 0.3756
0.7704, 0.3756
0.7704, 0.3756
0.7704, 0.3756
0.7704, 0.3756
0.7704, 0.3756
0.7755, 0.3756
0.7755, 0.3756
0.7755, 0.3756
0.7755, 0.3756
0.7755, 0.3756
0.7755, 0.3756
0.7755, 0.3756
0.7755, 0.3756
0.7755, 0.3756
0.7806, 0.3756
0.7806, 0.3756
0.7806, 0.3756
0.7857, 0.3732
0.7857, 0.3732
0.7857, 0.3732
0.7857, 0.3732
0.7857, 0.3732
0.7857, 0.3732
0.7857, 0.3732
0.7857, 0.3732
0.7857, 0.3732
0.7857, 0.3732
0.7857, 0.3732
0.7857, 0.3732
0.7857, 0.3732
0.7908, 0.3732
0.7908, 0.3732
0.7908, 0.3732
0.7908, 0.3732
0.7908, 0.3732
0.7908, 0.3732
0.7908, 0.3732
0.7908, 0.3732
0.7908, 0.3732
0.7959, 0.3732
0.7959, 0.3732
0.7959, 0.3732
0.7959, 0.3732
0.7959, 0.3732
0.7959, 0.3732
0.7959, 0.3732
0.7959, 0.3732
0.7959, 0.3732
0.7959, 0.3732
0.8010, 0.3732
0.8010, 0.3732
0.8010, 0.3732
0.8010, 0.3732
0.8010, 0.3732
0.8010, 0.3732
0.8010, 0.3707
0.8010, 0.3707
0.8010, 0.3707
0.8010, 0.3707
0.8010, 0.3707
0.8010, 0.3707
0.8010, 0.3707
0.8010, 0.3707
0.8061, 0.3707
0.8061, 0.3707
0.8061, 0.3707
0.8061, 0.3683
0.8061, 0.3683
0.8061, 0.3683
0.8112, 0.3683
0.8112, 0.3683
0.8112, 0.3683
0.8112, 0.3683
0.8112, 0.3683
0.8112, 0.3683
0.8112, 0.3683
0.8112, 0.3683
0.8112, 0.3683
0.8112, 0.3683
0.8112, 0.3683
0.8112, 0.3683
0.8112, 0.3683
0.8112, 0.3659
0.8112, 0.3659
0.8112, 0.3659
0.8163, 0.3659
0.8163, 0.3659
0.8214, 0.3634
0.8214, 0.3634
0.8214, 0.3634
0.8214, 0.3634
0.8214, 0.3634
0.8214, 0.3634
0.8214, 0.3634
0.8265, 0.3610
0.8265, 0.3610
0.8265, 0.3610
0.8265, 0.3610
0.8265, 0.3610
0.8265, 0.3610
0.8265, 0.3610
0.8265, 0.3610
0.8316, 0.3610
0.8316, 0.3610
0.8316, 0.3610
0.8367, 0.3585
0.8367, 0.3585
0.8367, 0.3585
0.8367, 0.3561
0.8367, 0.3561
0.8367, 0.3561
0.8367, 0.3561
0.8367, 0.3561
0.8367, 0.3561
0.8418, 0.3561
0.8418, 0.3561
0.8418, 0.3561
0.8469, 0.3537
0.8469, 0.3537
0.8469, 0.3537
0.8469, 0.3537
0.8469, 0.3537
0.8469, 0.3537
0.8469, 0.3512
0.8469, 0.3512
0.8469, 0.3512
0.8469, 0.3512
0.8469, 0.3512
0.8520, 0.3488
0.8520, 0.3488
0.8520, 0.3488
0.8520, 0.3488
0.8520, 0.3488
0.8520, 0.3488
0.8571, 0.3488
0.8571, 0.3488
0.8571, 0.3488
0.8571, 0.3488
0.8571, 0.3488
0.8571, 0.3463
0.8571, 0.3463
0.8622, 0.3463
0.8622, 0.3463
0.8622, 0.3463
0.8622, 0.3439
0.8622, 0.3439
0.8622, 0.3439
0.8622, 0.3439
0.8622, 0.3439
0.8622, 0.3439
0.8622, 0.3439
0.8673, 0.3439
0.8673, 0.3439
0.8673, 0.3415
0.8673, 0.3415
0.8673, 0.3415
0.8724, 0.3415
0.8724, 0.3415
0.8724, 0.3415
0.8724, 0.3390
0.8724, 0.3390
0.8724, 0.3390
0.8724, 0.3390
0.8724, 0.3390
0.8724, 0.3390
0.8724, 0.3390
0.8724, 0.3390
0.8724, 0.3390
0.8776, 0.3366
0.8776, 0.3366
0.8776, 0.3366
0.8776, 0.3366
0.8776, 0.3366
0.8776, 0.3366
0.8827, 0.3366
0.8827, 0.3366
0.8827, 0.3366
0.8878, 0.3341
0.8878, 0.3341
0.8878, 0.3341
0.8878, 0.3317
0.8878, 0.3317
0.8878, 0.3317
0.8878, 0.3317
0.8878, 0.3317
0.8878, 0.3317
0.8878, 0.3317
0.8878, 0.3317
0.8878, 0.3317
0.8929, 0.3293
0.8929, 0.3293
0.8929, 0.3293
0.8980, 0.3293
0.8980, 0.3293
0.8980, 0.3293
0.8980, 0.3268
0.8980, 0.3268
0.8980, 0.3268
0.8980, 0.3268
0.8980, 0.3268
0.8980, 0.3268
0.8980, 0.3268
0.8980, 0.3268
0.8980, 0.3268
0.9031, 0.3244
0.9031, 0.3244
0.9031, 0.3244
0.9031, 0.3244
0.9031, 0.3244
0.9031, 0.3244
0.9082, 0.3220
0.9082, 0.3220
0.9082, 0.3220
0.9082, 0.3195
0.9082, 0.3195
0.9082, 0.3195
0.9133, 0.3195
0.9133, 0.3195
0.9133, 0.3195
0.9133, 0.3195
0.9133, 0.3195
0.9133, 0.3195
0.9133, 0.3171
0.9133, 0.3171
0.9133, 0.3171
0.9133, 0.3171
0.9133, 0.3171
0.9133, 0.3171
0.9184, 0.3146
0.9184, 0.3146
0.9184, 0.3146
0.9184, 0.3146
0.9184, 0.3146
0.9184, 0.3146
0.9235, 0.3146
0.9235, 0.3146
0.9235, 0.3146
0.9235, 0.3122
0.9235, 0.3122
0.9235, 0.3122
0.9235, 0.3122
0.9235, 0.3122
0.9235, 0.3122
0.9235, 0.3098
0.9235, 0.3098
0.9235, 0.3098
0.9235, 0.3098
0.9235, 0.3098
0.9235, 0.3098
0.9286, 0.3073
0.9286, 0.3073
0.9286, 0.3073
0.9286, 0.3073
0.9286, 0.3073
0.9286, 0.3073
0.9286, 0.3073
0.9286, 0.3073
0.9286, 0.3073
0.9337, 0.3073
0.9337, 0.3073
0.9337, 0.3049
0.9337, 0.3049
0.9337, 0.3049
0.9337, 0.3049
0.9337, 0.3049
0.9337, 0.3049
0.9337, 0.3024
0.9337, 0.3024
0.9337, 0.3024
0.9388, 0.3024
0.9388, 0.3024
0.9388, 0.3024
0.9388, 0.3024
0.9388, 0.3024
0.9388, 0.3024
0.9388, 0.3024
0.9388, 0.3024
0.9388, 0.3024
0.9388, 0.3000
0.9388, 0.3000
0.9388, 0.3000
0.9388, 0.3000
0.9388, 0.3000
0.9388, 0.2976
0.9388, 0.2976
0.9388, 0.2976
0.9439, 0.2976
0.9439, 0.2976
0.9439, 0.2976
0.9439, 0.2951
0.9439, 0.2951
0.9439, 0.2951
0.9490, 0.2951
0.9490, 0.2951
0.9490, 0.2951
0.9490, 0.2951
0.9490, 0.2951
0.9490, 0.2927
0.9490, 0.2927
0.9490, 0.2927
0.9490, 0.2927
0.9490, 0.2927
0.9490, 0.2927
0.9490, 0.2902
0.9490, 0.2902
0.9490, 0.2902
0.9490, 0.2902
0.9490, 0.2902
0.9490, 0.2902
0.9490, 0.2902
0.9490, 0.2902
0.9490, 0.2902
0.9541, 0.2902
0.9541, 0.2902
0.9541, 0.2902
0.9541, 0.2878
0.9541, 0.2878
0.9541, 0.2878
0.9541, 0.2854
0.9541, 0.2854
0.9541, 0.2854
0.9592, 0.2854
0.9592, 0.2854
0.9592, 0.2829
0.9592, 0.2829
0.9592, 0.2829
0.9643, 0.2829
0.9643, 0.2829
0.9643, 0.2829
0.9643, 0.2805
0.9643, 0.2805
0.9643, 0.2805
0.9643, 0.2805
0.9643, 0.2805
0.9643, 0.2780
0.9643, 0.2780
0.9643, 0.2780
0.9643, 0.2780
0.9643, 0.2780
0.9643, 0.2780
0.9643, 0.2780
0.9643, 0.2780
0.9643, 0.2780
0.9643, 0.2780
0.9643, 0.2756
0.9643, 0.2756
0.9694, 0.2756
0.9694, 0.2756
0.9694, 0.2756
0.9694, 0.2732
0.9694, 0.2732
0.9694, 0.2732
0.9694, 0.2707
0.9694, 0.2707
0.9745, 0.2707
0.9745, 0.2707
0.9745, 0.2707
0.9745, 0.2707
0.9745, 0.2707
0.9745, 0.2707
0.9745, 0.2683
0.9745, 0.2683
0.9745, 0.2683
0.9745, 0.2659
0.9745, 0.2659
0.9745, 0.2659
0.9745, 0.2659
0.9745, 0.2659
0.9745, 0.2659
0.9745, 0.2659
0.9745, 0.2659
0.9745, 0.2659
0.9745, 0.2634
0.9745, 0.2634
0.9745, 0.2634
0.9745, 0.2634
0.9745, 0.2634
0.9745, 0.2634
0.9796, 0.2610
0.9796, 0.2610
0.9796, 0.2585
0.9796, 0.2585
0.9796, 0.2585
0.9796, 0.2585
0.9796, 0.2585
0.9796, 0.2585
0.9796, 0.2585
0.9796, 0.2585
0.9796, 0.2585
0.9796, 0.2585
0.9796, 0.2585
0.9796, 0.2585
0.9847, 0.2561
0.9847, 0.2561
0.9847, 0.2561
0.9847, 0.2537
0.9847, 0.2537
0.9847, 0.2537
0.9847, 0.2537
0.9847, 0.2537
0.9847, 0.2537
0.9847, 0.2512
0.9847, 0.2512
0.9847, 0.2512
0.9898, 0.2488
0.9898, 0.2488
0.9898, 0.2488
0.9898, 0.2488
0.9898, 0.2488
0.9898, 0.2488
0.9898, 0.2488
0.9898, 0.2488
0.9898, 0.2463
0.9898, 0.2463
0.9898, 0.2463
0.9898, 0.2463
0.9898, 0.2463
0.9898, 0.2463
0.9898, 0.2439
0.9898, 0.2439
0.9898, 0.2439
0.9898, 0.2439
0.9898, 0.2439
0.9898, 0.2439
0.9898, 0.2415
0.9898, 0.2415
0.9898, 0.2415
0.9898, 0.2415
0.9898, 0.2415
0.9898, 0.2415
0.9898, 0.2415
0.9898, 0.2415
0.9898, 0.2390
0.9898, 0.2390
0.9898, 0.2390
0.9898, 0.2390
0.9898, 0.2390
0.9898, 0.2390
0.9898, 0.2366
0.9898, 0.2366
0.9898, 0.2366
0.9949, 0.2366
0.9949, 0.2366
0.9949, 0.2341
0.9949, 0.2341
0.9949, 0.2341
0.9949, 0.2341
0.9949, 0.2341
0.9949, 0.2341
0.9949, 0.2317
0.9949, 0.2317
0.9949, 0.2317
0.9949, 0.2293
0.9949, 0.2293
0.9949, 0.2293
0.9949, 0.2293
0.9949, 0.2293
0.9949, 0.2293
0.9949, 0.2268
0.9949, 0.2268
1.0000, 0.2244
1.0000, 0.2244
1.0000, 0.2244
1.0000, 0.2244
1.0000, 0.2244
1.0000, 0.2220
1.0000, 0.2220
1.0000, 0.2220
1.0000, 0.2220
1.0000, 0.2220
1.0000, 0.2195
1.0000, 0.2195
1.0000, 0.2195
1.0000, 0.2171
1.0000, 0.2171
1.0000, 0.2171
1.0000, 0.2171
1.0000, 0.2171
1.0000, 0.2171
1.0000, 0.2146
1.0000, 0.2146
1.0000, 0.2146
1.0000, 0.2122
1.0000, 0.2122
1.0000, 0.2122
1.0000, 0.2122
1.0000, 0.2122
1.0000, 0.2098
1.0000, 0.2098
1.0000, 0.2098
1.0000, 0.2098
1.0000, 0.2098
1.0000, 0.2073
1.0000, 0.2073
1.0000, 0.2073
1.0000, 0.2049
1.0000, 0.2049
1.0000, 0.2049
1.0000, 0.2049
1.0000, 0.2049
1.0000, 0.2049
1.0000, 0.2049
1.0000, 0.2049
1.0000, 0.2024
1.0000, 0.2024
1.0000, 0.2024
1.0000, 0.2000
1.0000, 0.2000
1.0000, 0.2000
1.0000, 0.2000
1.0000, 0.2000
1.0000, 0.2000
1.0000, 0.2000
1.0000, 0.2000
1.0000, 0.2000
1.0000, 0.1951
1.0000, 0.1951
1.0000, 0.1927
1.0000, 0.1927
1.0000, 0.1927
1.0000, 0.1927
1.0000, 0.1927
1.0000, 0.1927
1.0000, 0.1902
1.0000, 0.1902
1.0000, 0.1878
1.0000, 0.1878
1.0000, 0.1878
1.0000, 0.1878
1.0000, 0.1878
1.0000, 0.1854
1.0000, 0.1854
1.0000, 0.1854
1.0000, 0.1854
1.0000, 0.1854
1.0000, 0.1854
1.0000, 0.1829
1.0000, 0.1829
1.0000, 0.1805
1.0000, 0.1805
1.0000, 0.1805
1.0000, 0.1805
1.0000, 0.1805
1.0000, 0.1805
1.0000, 0.1805
1.0000, 0.1805
1.0000, 0.1805
1.0000, 0.1805
1.0000, 0.1805
1.0000, 0.1780
1.0000, 0.1780
1.0000, 0.1780
1.0000, 0.1780
1.0000, 0.1780
1.0000, 0.1756
1.0000, 0.1756
1.0000, 0.1756
1.0000, 0.1756
1.0000, 0.1756
1.0000, 0.1756
1.0000, 0.1756
1.0000, 0.1732
1.0000, 0.1732
1.0000, 0.1732
1.0000, 0.1707
1.0000, 0.1707
1.0000, 0.1707
1.0000, 0.1707
1.0000, 0.1707
1.0000, 0.1683
1.0000, 0.1683
1.0000, 0.1683
1.0000, 0.1683
1.0000, 0.1683
1.0000, 0.1683
1.0000, 0.1683
1.0000, 0.1659
1.0000, 0.1659
1.0000, 0.1659
1.0000, 0.1659
1.0000, 0.1659
1.0000, 0.1659
1.0000, 0.1634
1.0000, 0.1634
1.0000, 0.1634
1.0000, 0.1634
1.0000, 0.1634
1.0000, 0.1634
1.0000, 0.1634
1.0000, 0.1634
1.0000, 0.1610
1.0000, 0.1610
1.0000, 0.1610
1.0000, 0.1610
1.0000, 0.1610
1.0000, 0.1610
1.0000, 0.1585
1.0000, 0.1585
1.0000, 0.1561
1.0000, 0.1561
1.0000, 0.1561
1.0000, 0.1561
1.0000, 0.1561
1.0000, 0.1561
1.0000, 0.1561
1.0000, 0.1561
1.0000, 0.1561
1.0000, 0.1537
1.0000, 0.1537
1.0000, 0.1512
1.0000, 0.1512
1.0000, 0.1512
1.0000, 0.1512
1.0000, 0.1512
1.0000, 0.1512
1.0000, 0.1512
1.0000, 0.1512
1.0000, 0.1512
1.0000, 0.1488
1.0000, 0.1488
1.0000, 0.1488
1.0000, 0.1488
1.0000, 0.1488
1.0000, 0.1463
1.0000, 0.1463
1.0000, 0.1463
1.0000, 0.1439
1.0000, 0.1439
1.0000, 0.1439
1.0000, 0.1439
1.0000, 0.1439
1.0000, 0.1439
1.0000, 0.1439
1.0000, 0.1439
1.0000, 0.1415
1.0000, 0.1415
1.0000, 0.1415
1.0000, 0.1390
1.0000, 0.1390
1.0000, 0.1390
1.0000, 0.1390
1.0000, 0.1390
1.0000, 0.1390
1.0000, 0.1390
1.0000, 0.1390
1.0000, 0.1366
1.0000, 0.1366
1.0000, 0.1366
1.0000, 0.1341
1.0000, 0.1341
1.0000, 0.1317
1.0000, 0.1317
1.0000, 0.1317
0.9949, 0.1317
0.9949, 0.1317
0.9949, 0.1317
0.9949, 0.1293
0.9949, 0.1293
0.9949, 0.1268
0.9949, 0.1268
0.9949, 0.1268
0.9949, 0.1268
0.9949, 0.1268
0.9949, 0.1268
0.9949, 0.1244
0.9949, 0.1244
0.9949, 0.1220
0.9949, 0.1220
0.9949, 0.1220
0.9949, 0.1220
0.9949, 0.1220
0.9949, 0.1220
0.9949, 0.1195
0.9949, 0.1195
0.9949, 0.1195
0.9949, 0.1195
0.9949, 0.1195
0.9949, 0.1195
0.9949, 0.1171
0.9949, 0.1171
0.9949, 0.1146
0.9949, 0.1146
0.9949, 0.1146
0.9949, 0.1146
0.9949, 0.1146
0.9949, 0.1146
0.9949, 0.1146
0.9949, 0.1146
0.9949, 0.1146
0.9949, 0.1122
0.9949, 0.1122
0.9949, 0.1098
0.9949, 0.1098
0.9949, 0.1098
0.9949, 0.1098
0.9949, 0.1098
0.9949, 0.1098
0.9949, 0.1098
0.9949, 0.1098
0.9949, 0.1098
0.9949, 0.1073
0.9949, 0.1073
0.9949, 0.1073
0.9949, 0.1073
0.9949, 0.1073
0.9949, 0.1049
0.9949, 0.1049
0.9949, 0.1049
0.9949, 0.1024
0.9949, 0.1024
0.9949, 0.1024
0.9949, 0.1024
0.9949, 0.1024
0.9949, 0.1024
0.9949, 0.1024
0.9949, 0.1024
0.9949, 0.1024
0.9949, 0.1024
0.9949, 0.1024
0.9949, 0.1000
0.9949, 0.1000
0.9949, 0.1000
0.9949, 0.1000
0.9949, 0.1000
0.9949, 0.0976
0.9949, 0.0976
0.9949, 0.0976
0.9949, 0.0976
0.9949, 0.0976
0.9949, 0.0976
0.9949, 0.0976
0.9949, 0.0976
0.9949, 0.0976
0.9949, 0.0976
0.9949, 0.0976
0.9949, 0.0951
0.9949, 0.0951
0.9949, 0.0951
0.9949, 0.0951
0.9949, 0.0951
0.9949, 0.0927
0.9949, 0.0927
0.9949, 0.0927
0.9898, 0.0927
0.9898, 0.0927
0.9898, 0.0902
0.9898, 0.0902
0.9898, 0.0902
0.9898, 0.0902
0.9898, 0.0902
0.9898, 0.0902
0.9898, 0.0878
0.9898, 0.0878
0.9898, 0.0878
0.9898, 0.0878
0.9898, 0.0878
0.9898, 0.0854
0.9898, 0.0854
0.9898, 0.0854
0.9898, 0.0854
0.9898, 0.0854
0.9898, 0.0829
0.9898, 0.0829
0.9898, 0.0829
0.9898, 0.0829
0.9898, 0.0829
0.9898, 0.0829
0.9898, 0.0805
0.9898, 0.0805
0.9898, 0.0805
0.9898, 0.0805
0.9898, 0.0805
0.9898, 0.0780
0.9898, 0.0780
0.9898, 0.0780
0.9847, 0.0780
0.9847, 0.0780
0.9847, 0.0780
0.9847, 0.0780
0.9847, 0.0780
0.9847, 0.0780
0.9847, 0.0780
0.9847, 0.0780
0.9847, 0.0756
0.9847, 0.0756
0.9847, 0.0756
0.9847, 0.0756
0.9847, 0.0756
0.9847, 0.0756
0.9847, 0.0732
0.9847, 0.0732
0.9847, 0.0732
0.9847, 0.0732
0.9847, 0.0732
0.9847, 0.0732
0.9847, 0.0732
0.9847, 0.0732
0.9847, 0.0707
0.9847, 0.0707
0.9847, 0.0707
0.9847, 0.0707
0.9847, 0.0707
0.9796, 0.0683
0.9796, 0.0683
0.9796, 0.0683
0.9796, 0.0683
0.9796, 0.0683
0.9796, 0.0683
0.9796, 0.0683
0.9796, 0.0683
0.9796, 0.0659
0.9796, 0.0659
0.9796, 0.0659
0.9796, 0.0659
0.9796, 0.0659
0.9796, 0.0659
0.9796, 0.0659
0.9796, 0.0659
0.9796, 0.0659
0.9796, 0.0659
0.9796, 0.0659
0.9796, 0.0659
0.9796, 0.0659
0.9796, 0.0634
0.9796, 0.0634
0.9796, 0.0634
0.9796, 0.0634
0.9796, 0.0610
0.9796, 0.0610
0.9796, 0.0610
0.9796, 0.0610
0.9796, 0.0610
0.9796, 0.0610
0.9796, 0.0610
0.9796, 0.0610
0.9796, 0.0610
0.9796, 0.0585
0.9796, 0.0585
0.9796, 0.0585
0.9796, 0.0585
0.9796, 0.0561
0.9796, 0.0561
0.9796, 0.0561
0.9796, 0.0561
0.9796, 0.0561
0.9796, 0.0561
0.9796, 0.0561
0.9796, 0.0561
0.9796, 0.0561
0.9796, 0.0537
0.9796, 0.0537
0.9745, 0.0537
0.9745, 0.0537
0.9745, 0.0537
0.9745, 0.0537
0.9745, 0.0537
0.9745, 0.0537
0.9745, 0.0537
0.9745, 0.0537
0.9745, 0.0537
0.9745, 0.0537
0.9745, 0.0537
0.9745, 0.0537
0.9745, 0.0537
0.9745, 0.0537
0.9745, 0.0537
0.9745, 0.0537
0.9745, 0.0537
0.9745, 0.0537
0.9745, 0.0537
0.9745, 0.0537
0.9745, 0.0537
0.9745, 0.0537
0.9745, 0.0537
0.9745, 0.0537
0.9745, 0.0537
0.9745, 0.0537
0.9745, 0.0537
0.9745, 0.0537
0.9745, 0.0512
0.9745, 0.0512
0.9745, 0.0512
0.9745, 0.0512
0.9745, 0.0512
0.9745, 0.0488
0.9745, 0.0488
0.9745, 0.0488
0.9745, 0.0488
0.9745, 0.0488
0.9745, 0.0488
0.9745, 0.0488
0.9745, 0.0488
0.9745, 0.0488
0.9745, 0.0488
0.9745, 0.0488
0.9745, 0.0463
0.9745, 0.0463
0.9745, 0.0463
0.9745, 0.0463
0.9745, 0.0463
0.9745, 0.0463
0.9745, 0.0463
0.9745, 0.0463
0.9745, 0.0463
0.9745, 0.0463
0.9745, 0.0463
0.9745, 0.0463
0.9745, 0.0463
0.9745, 0.0463
0.9745, 0.0463
0.9745, 0.0463
0.9745, 0.0463
0.9745, 0.0463
0.9745, 0.0463
0.9745, 0.0463
0.9745, 0.0463
0.9745, 0.0463
0.9745, 0.0463
0.9745, 0.0463
0.9745, 0.0463
0.9745, 0.0463
0.9745, 0.0463
0.9745, 0.0463
0.9745, 0.0463
0.9745, 0.0463
0.9745, 0.0463
0.9745, 0.0463
0.9745, 0.0463
0.9745, 0.0463
0.9745, 0.0463
0.9745, 0.0463
0.9745, 0.0463
0.9745, 0.0463
0.6020, 0.3854
0.6020, 0.3854
0.6020, 0.3854
0.6020, 0.3854
0.6020, 0.3854
0.6020, 0.3854
0.6020, 0.3854
0.6020, 0.3854
0.6020, 0.3854
0.6020, 0.3854
0.6020, 0.3854
0.6020, 0.3854
0.6020, 0.3854
0.6020, 0.3854
0.6020, 0.3854
0.6020, 0.3854
0.6020, 0.3854
0.6020, 0.3854
0.6020, 0.3854
0.6020, 0.3854
0.6020, 0.3854
0.6020, 0.3854
0.6020, 0.3854
0.6020, 0.3854
0.6020, 0.3854
0.6020, 0.3854
0.6020, 0.3854
0.6020, 0.3854
0.6020, 0.3854
0.6020, 0.3854
0.6020, 0.3854
0.6020, 0.3854
0.6020, 0.3854
0.6020, 0.3854
0.6020, 0.3854
0.6020, 0.3854
0.6020, 0.3854
0.6020, 0.3854
0.6020, 0.3854
0.6020, 0.3854
0.6020, 0.3854
0.6020, 0.3854
0.6020, 0.3854
0.6020, 0.3854
0.6020, 0.3854
0.6020, 0.3854
0.6020, 0.3854
0.6020, 0.3854
0.6020, 0.3854
0.6020, 0.3854
0.6020, 0.3854
0.6020, 0.3854
0.6020, 0.3854
0.6020, 0.3854
0.6020, 0.3854
0.6020, 0.3854
0.6020, 0.3854
0.6020, 0.3854
0.6020, 0.3854
0.6020, 0.3854
0.6020, 0.3854
0.6020, 0.3854
0.6020, 0.3854
0.6020, 0.3854
0.6020, 0.3854
0.6020, 0.3854
0.6071, 0.3829
0.6071, 0.3829
0.6071, 0.3829
0.6071, 0.3829
0.6071, 0.3829
0.6071, 0.3829
0.6071, 0.3829
0.6071, 0.3829
0.6071, 0.3829
0.6071, 0.3829
0.6071, 0.3829
0.6071, 0.3829
0.6071, 0.3829
0.6071, 0.3829
0.6071, 0.3829
0.6071, 0.3829
0.6071, 0.3829
0.6071, 0.3805
0.6071, 0.3805
0.6071, 0.3805
0.6071, 0.3805
0.6071, 0.3805
0.6071, 0.3805
0.6071, 0.3780
0.6071, 0.3780
0.6071, 0.3780
0.6122, 0.3780
0.6122, 0.3780
0.6122, 0.3780
0.6122, 0.3780
0.6122, 0.3780
0.6122, 0.3780
0.6122, 0.3756
0.6122, 0.3756
0.6122, 0.3756
0.6122, 0.3756
0.6122, 0.3756
0.6122, 0.3756
0.6122, 0.3756
0.6122, 0.3732
0.6122, 0.3732
0.6122, 0.3732
0.6122, 0.3707
0.6122, 0.3707
0.6122, 0.3707
0.6122, 0.3707
0.6122, 0.3707
0.6122, 0.3707
0.6122, 0.3707
0.6122, 0.3707
0.6122, 0.3707
0.6122, 0.3707
0.6122, 0.3683
0.6122, 0.3683
0.6122, 0.3683
0.6122, 0.3683
0.6122, 0.3683
0.6122, 0.3683
0.6122, 0.3659
0.6122, 0.3659
0.6122, 0.3659
0.6122, 0.3659
0.6122, 0.3659
0.6122, 0.3659
0.6122, 0.3659
0.6122, 0.3659
0.6122, 0.3659
0.6122, 0.3659
0.6122, 0.3659
0.6122, 0.3659
0.6122, 0.3659
0.6122, 0.3634
0.6122, 0.3634
0.6122, 0.3634
0.6122, 0.3634
0.6122, 0.3634
0.6122, 0.3634
0.6122, 0.3610
0.6122, 0.3610
0.6122, 0.3610
0.6173, 0.3610
0.6173, 0.3610
0.6173, 0.3610
0.6173, 0.3610
0.6173, 0.3610
0.6173, 0.3610
0.6173, 0.3610
0.6173, 0.3610
0.6173, 0.3610
0.6173, 0.3585
0.6173, 0.3585
0.6173, 0.3585
0.6173, 0.3585
0.6173, 0.3585
0.6173, 0.3585
0.6173, 0.3585
0.6173, 0.3561
0.6173, 0.3561
0.6173, 0.3561
0.6173, 0.3537
0.6173, 0.3537
0.6173, 0.3537
0.6173, 0.3537
0.6173, 0.3537
0.6173, 0.3537
0.6224, 0.3537
0.6224, 0.3537
0.6224, 0.3537
0.6224, 0.3537
0.6224, 0.3537
0.6224, 0.3537
0.6224, 0.3512
0.6224, 0.3512
0.6224, 0.3512
0.6224, 0.3512
0.6224, 0.3512
0.6224, 0.3512
0.6224, 0.3512
0.6224, 0.3488
0.6224, 0.3488
0.6224, 0.3488
0.6276, 0.3488
0.6276, 0.3488
0.6276, 0.3488
0.6276, 0.3488
0.6276, 0.3488
0.6276, 0.3488
0.6276, 0.3488
0.6276, 0.3488
0.6276, 0.3488
0.6276, 0.3463
0.6276, 0.3463
0.6276, 0.3463
0.6276, 0.3463
0.6276, 0.3463
0.6276, 0.3463
0.6276, 0.3439
0.6276, 0.3439
0.6276, 0.3439
0.6276, 0.3439
0.6276, 0.3439
0.6276, 0.3439
0.6327, 0.3415
0.6327, 0.3415
0.6327, 0.3415
0.6327, 0.3415
0.6327, 0.3415
0.6327, 0.3415
0.6327, 0.3415
0.6327, 0.3415
0.6327, 0.3415
0.6327, 0.3415
0.6378, 0.3415
0.6378, 0.3415
0.6378, 0.3415
0.6378, 0.3415
0.6378, 0.3415
0.6378, 0.3415
0.6378, 0.3390
0.6378, 0.3390
0.6378, 0.3390
0.6378, 0.3390
0.6378, 0.3390
0.6378, 0.3390
0.6378, 0.3390
0.6378, 0.3390
0.6378, 0.3390
0.6378, 0.3366
0.6378, 0.3366
0.6378, 0.3366
0.6378, 0.3366
0.6378, 0.3366
0.6378, 0.3366
0.6378, 0.3366
0.6378, 0.3366
0.6378, 0.3366
0.6429, 0.3366
0.6429, 0.3366
0.6429, 0.3366
0.6429, 0.3341
0.6429, 0.3341
0.6429, 0.3341
0.6429, 0.3341
0.6429, 0.3341
0.6429, 0.3341
0.6429, 0.3341
0.6429, 0.3341
0.6429, 0.3341
0.6429, 0.3341
0.6480, 0.3341
0.6480, 0.3341
0.6480, 0.3341
0.6480, 0.3317
0.6480, 0.3317
0.6480, 0.3317
0.6480, 0.3317
0.6480, 0.3317
0.6480, 0.3317
0.6480, 0.3293
0.6480, 0.3293
0.6480, 0.3293
0.6531, 0.3293
0.6531, 0.3293
0.6531, 0.3293
0.6531, 0.3293
0.6531, 0.3293
0.6531, 0.3293
0.6531, 0.3293
0.6531, 0.3293
0.6531, 0.3293
0.6531, 0.3293
0.6531, 0.3293
0.6531, 0.3293
0.6531, 0.3293
0.6531, 0.3268
0.6531, 0.3268
0.6582, 0.3268
0.6582, 0.3268
0.6582, 0.3268
0.6582, 0.3268
0.6582, 0.3268
0.6582, 0.3268
0.6633, 0.3244
0.6633, 0.3244
0.6633, 0.3244
0.6633, 0.3244
0.6633, 0.3244
0.6633, 0.3244
0.6633, 0.3244
0.6633, 0.3244
0.6633, 0.3244
0.6633, 0.3244
0.6633, 0.3244
0.6633, 0.3244
0.6633, 0.3244
0.6633, 0.3244
0.6633, 0.3244
0.6633, 0.3244
0.6633, 0.3244
0.6633, 0.3244
0.6633, 0.3244
0.6633, 0.3244
0.6633, 0.3244
0.6633, 0.3244
0.6633, 0.3244
0.6633, 0.3244
0.6633, 0.3244
0.6633, 0.3244
0.6633, 0.3244
0.6684, 0.3220
0.6684, 0.3220
0.6684, 0.3220
0.6684, 0.3220
0.6684, 0.3220
0.6684, 0.3220
0.6684, 0.3220
0.6684, 0.3220
0.6684, 0.3220
0.6735, 0.3195
0.6735, 0.3195
0.6735, 0.3195
0.6735, 0.3195
0.6735, 0.3195
0.6735, 0.3195
0.6735, 0.3195
0.6735, 0.3195
0.6735, 0.3195
0.6786, 0.3195
0.6786, 0.3195
0.6786, 0.3195
0.6786, 0.3171
0.6786, 0.3171
0.6786, 0.3171
0.6786, 0.3171
0.6786, 0.3171
0.6786, 0.3171
0.6786, 0.3171
0.6786, 0.3171
0.6786, 0.3171
0.6786, 0.3171
0.6786, 0.3171
0.6786, 0.3171
0.6786, 0.3171
0.6786, 0.3171
0.6786, 0.3171
0.6786, 0.3171
0.6786, 0.3171
0.6786, 0.3171
0.6786, 0.3171
0.6786, 0.3171
0.6786, 0.3171
0.6786, 0.3171
0.6786, 0.3171
0.6786, 0.3171
0.6786, 0.3171
0.6786, 0.3171
0.6786, 0.3171
0.6786, 0.3171
0.6786, 0.3171
0.6786, 0.3171
0.6786, 0.3171
0.6786, 0.3171
0.6837, 0.3171
0.6837, 0.3171
0.6837, 0.3171
0.6837, 0.3171
0.6837, 0.3171
0.6837, 0.3171
0.6837, 0.3146
0.6837, 0.3146
0.6837, 0.3146
0.6837, 0.3146
0.6837, 0.3146
0.6837, 0.3146
0.6837, 0.3146
0.6837, 0.3146
0.6837, 0.3146
0.6888, 0.3146
0.6888, 0.3146
0.6888, 0.3146
0.6888, 0.3146
0.6888, 0.3146
0.6888, 0.3146
0.6888, 0.3146
0.6888, 0.3122
0.6888, 0.3122
0.6888, 0.3122
0.6888, 0.3122
0.6888, 0.3122
0.6888, 0.3122
0.6888, 0.3122
0.6888, 0.3122
0.6888, 0.3122
0.6888, 0.3122
0.6888, 0.3122
0.6888, 0.3122
0.6888, 0.3122
0.6888, 0.3122
0.6888, 0.3122
0.6888, 0.3122
0.6888, 0.3122
0.6888, 0.3122
0.6888, 0.3122
0.6888, 0.3122
0.6888, 0.3122
0.6888, 0.3122
0.6888, 0.3122
0.6888, 0.3122
0.6888, 0.3098
0.6888, 0.3098
0.6888, 0.3098
0.6888, 0.3098
0.6888, 0.3098
0.6888, 0.3098
0.6888, 0.3073
0.6888, 0.3073
0.6888, 0.3073
0.6939, 0.3073
0.6939, 0.3073
0.6939, 0.3073
0.6939, 0.3049
0.6939, 0.3049
0.6939, 0.3049
0.6939, 0.3049
0.6939, 0.3049
0.6939, 0.3049
0.6939, 0.3049
0.6939, 0.3049
0.6939, 0.3049
0.6939, 0.3049
0.6939, 0.3049
0.6939, 0.3049
0.6939, 0.3049
0.6939, 0.3049
0.6939, 0.3049
0.6939, 0.3049
0.6939, 0.3049
0.6939, 0.3049
0.6939, 0.3049
0.6939, 0.3049
0.6939, 0.3049
0.6939, 0.3024
0.6939, 0.3024
0.6939, 0.3024
0.6939, 0.3024
0.6939, 0.3024
0.6939, 0.3024
0.6939, 0.3000
0.6939, 0.3000
0.6939, 0.3000
0.6939, 0.3000
0.6939, 0.3000
0.6939, 0.3000
0.6939, 0.3000
0.6939, 0.2976
0.6939, 0.2976
0.6939, 0.2976
0.6939, 0.2976
0.6939, 0.2976
0.6939, 0.2951
0.6939, 0.2951
0.6939, 0.2951
0.6939, 0.2951
0.6939, 0.2951
0.6939, 0.2951
0.6939, 0.2951
0.6939, 0.2927
0.6939, 0.2927
0.6939, 0.2927
0.6939, 0.2927
0.6939, 0.2927
0.6939, 0.2927
0.6939, 0.2927
0.6939, 0.2927
0.6939, 0.2927
0.6939, 0.2927
0.6939, 0.2927
0.6939, 0.2902
0.6939, 0.2902
0.6939, 0.2902
0.6939, 0.2902
0.6939, 0.2902
0.6939, 0.2878
0.6939, 0.2878
0.6939, 0.2878
0.6939, 0.2878
0.6939, 0.2878
0.6888, 0.2878
0.6888, 0.2878
0.6888, 0.2878
0.6888, 0.2878
0.6888, 0.2878
0.6888, 0.2878
0.6888, 0.2878
0.6888, 0.2878
0.6837, 0.2854
0.6837, 0.2854
0.6837, 0.2854
0.6837, 0.2854
0.6837, 0.2854
0.6837, 0.2829
0.6837, 0.2829
0.6837, 0.2829
0.6837, 0.2829
0.6837, 0.2829
0.6837, 0.2829
0.6837, 0.2829
0.6786, 0.2829
0.6786, 0.2829
0.6786, 0.2829
0.6786, 0.2829
0.6786, 0.2829
0.6786, 0.2829
0.6735, 0.2829
0.6735, 0.2829
0.6735, 0.2805
0.6735, 0.2805
0.6684, 0.2805
0.6684, 0.2805
0.6684, 0.2805
0.6684, 0.2805
0.6684, 0.2805
0.6684, 0.2780
0.6684, 0.2780
0.6633, 0.2780
0.6633, 0.2780
0.6633, 0.2780
0.6633, 0.2780
0.6633, 0.2780
0.6582, 0.2756
0.6582, 0.2756
0.6582, 0.2756
0.6582, 0.2756
0.6582, 0.2756
0.6582, 0.2756
0.6582, 0.2756
0.6531, 0.2756
0.6531, 0.2756
0.6531, 0.2756
0.6480, 0.2756
0.6480, 0.2756
0.6429, 0.2756
0.6429, 0.2756
0.6429, 0.2732
0.6429, 0.2732
0.6429, 0.2732
0.6429, 0.2732
0.6429, 0.2732
0.6378, 0.2732
0.6378, 0.2732
0.6378, 0.2707
0.6378, 0.2707
0.6327, 0.2707
0.6327, 0.2707
0.6327, 0.2707
0.6327, 0.2707
0.6327, 0.2707
0.6327, 0.2707
0.6327, 0.2707
0.6327, 0.2707
0.6327, 0.2707
0.6327, 0.2707
0.6327, 0.2707
0.6276, 0.2707
0.6276, 0.2707
0.6224, 0.2683
0.6173, 0.2683
0.6173, 0.2659
0.6173, 0.2659
0.6122, 0.2659
0.6122, 0.2659
0.6122, 0.2659
0.6122, 0.2659
0.6071, 0.2634
0.6071, 0.2634
0.6071, 0.2634
0.6071, 0.2634
0.6071, 0.2634
0.6071, 0.2634
0.6071, 0.2634
0.6071, 0.2634
0.6071, 0.2634
0.6071, 0.2634
0.6071, 0.2634
0.6071, 0.2634
0.6020, 0.2634
0.6020, 0.2634
0.6020, 0.2634
0.6020, 0.2634
0.5969, 0.2610
0.5969, 0.2610
0.5969, 0.2610
0.5969, 0.2610
0.5969, 0.2610
0.5969, 0.2585
0.5969, 0.2585
0.5969, 0.2585
0.5969, 0.2585
0.5918, 0.2585
0.5918, 0.2585
0.5918, 0.2585
0.5918, 0.2585
0.5918, 0.2585
0.5918, 0.2585
0.5918, 0.2585
0.5918, 0.2585
0.5918, 0.2585
0.5867, 0.2561
0.5867, 0.2561
0.5867, 0.2561
0.5867, 0.2561
0.5867, 0.2561
0.5816, 0.2561
0.5816, 0.2561
0.5816, 0.2561
0.5816, 0.2537
0.5816, 0.2537
0.5816, 0.2537
0.5816, 0.2537
0.5816, 0.2512
0.5816, 0.2512
0.5816, 0.2512
0.5816, 0.2512
0.5816, 0.2512
0.5816, 0.2512
0.5816, 0.2512
0.5816, 0.2512
0.5816, 0.2512
0.5765, 0.2512
0.5765, 0.2512
0.5765, 0.2488
0.5765, 0.2488
0.5765, 0.2488
0.5765, 0.2488
0.5765, 0.2488
0.5765, 0.2463
0.5714, 0.2463
0.5714, 0.2463
0.5714, 0.2463
0.5714, 0.2463
0.5714, 0.2463
0.5714, 0.2463
0.5714, 0.2463
0.5714, 0.2463
0.5714, 0.2463
0.5714, 0.2439
0.5714, 0.2439
0.5714, 0.2439
0.5714, 0.2439
0.5714, 0.2439
0.5714, 0.2439
0.5714, 0.2439
0.5714, 0.2439
0.5714, 0.2439
0.5714, 0.2439
0.5714, 0.2439
0.5714, 0.2439
0.5714, 0.2415
0.5714, 0.2415
0.5714, 0.2415
0.5714, 0.2415
0.5714, 0.2415
0.5714, 0.2415
0.5714, 0.2415
0.5714, 0.2390
0.5714, 0.2390
0.5714, 0.2390
0.5714, 0.2390
0.5714, 0.2390
0.5714, 0.2390
0.5714, 0.2390
0.5714, 0.2390
0.5714, 0.2390
0.5714, 0.2390
0.5714, 0.2390
0.5714, 0.2390
0.5714, 0.2390
0.5714, 0.2390
0.5714, 0.2390
0.5714, 0.2390
0.5714, 0.2390
0.5714, 0.2390
0.5714, 0.2390
0.5714, 0.2366
0.5714, 0.2366
0.5714, 0.2366
0.5714, 0.2366
0.5714, 0.2366
0.5714, 0.2366
0.5714, 0.2341
0.5714, 0.2341
0.5765, 0.2341
0.5765, 0.2341
0.5765, 0.2341
0.5765, 0.2341
0.5765, 0.2341
0.5765, 0.2341
0.5765, 0.2341
0.5765, 0.2317
0.5765, 0.2317
0.5816, 0.2317
0.5816, 0.2317
0.5816, 0.2317
0.5867, 0.2293
0.5867, 0.2293
0.5867, 0.2293
0.5867, 0.2293
0.5918, 0.2268
0.5918, 0.2268
0.5918, 0.2268
0.5918, 0.2268
0.5918, 0.2268
0.5918, 0.2268
0.5918, 0.2268
0.5918, 0.2268
0.5918, 0.2268
0.5918, 0.2268
0.5918, 0.2268
0.5918, 0.2268
0.5918, 0.2268
0.5918, 0.2268
0.5969, 0.2268
0.5969, 0.2268
0.5969, 0.2268
0.5969, 0.2244
0.5969, 0.2244
0.5969, 0.2244
0.6020, 0.2244
0.6020, 0.2244
0.6020, 0.2244
0.6020, 0.2244
0.6020, 0.2244
0.6020, 0.2244
0.6020, 0.2244
0.6020, 0.2244
0.6020, 0.2220
0.6020, 0.2220
0.6020, 0.2220
0.6071, 0.2220
0.6071, 0.2220
0.6071, 0.2220
0.6071, 0.2220
0.6071, 0.2220
0.6122, 0.2220
0.6122, 0.2220
0.6122, 0.2220
0.6122, 0.2220
0.6122, 0.2220
0.6122, 0.2220
0.6122, 0.2220
0.6122, 0.2220
0.6173, 0.2220
0.6173, 0.2220
0.6173, 0.2220
0.6173, 0.2195
0.6173, 0.2195
0.6224, 0.2195
0.6224, 0.2195
0.6224, 0.2195
0.6224, 0.2195
0.6224, 0.2195
0.6276, 0.2195
0.6276, 0.2195
0.6276, 0.2195
0.6276, 0.2195
0.6276, 0.2195
0.6276, 0.2171
0.6276, 0.2171
0.6276, 0.2171
0.6327, 0.2171
0.6327, 0.2171
0.6327, 0.2171
0.6327, 0.2171
0.6327, 0.2171
0.6378, 0.2171
0.6378, 0.2171
0.6378, 0.2171
0.6378, 0.2171
0.6378, 0.2171
0.6378, 0.2171
0.6378, 0.2171
0.6378, 0.2171
0.6378, 0.2171
0.6429, 0.2171
0.6429, 0.2171
0.6429, 0.2171
0.6429, 0.2146
0.6429, 0.2146
0.6480, 0.2146
0.6480, 0.2146
0.6480, 0.2146
0.6531, 0.2146
0.6531, 0.2146
0.6531, 0.2146
0.6531, 0.2146
0.6531, 0.2146
0.6531, 0.2146
0.6531, 0.2146
0.6531, 0.2146
0.6582, 0.2146
0.6582, 0.2146
0.6582, 0.2146
0.6633, 0.2146
0.6633, 0.2146
0.6633, 0.2146
0.6633, 0.2146
0.6633, 0.2146
0.6633, 0.2146
0.6633, 0.2146
0.6633, 0.2146
0.6684, 0.2146
0.6684, 0.2146
0.6684, 0.2146
0.6684, 0.2146
0.6684, 0.2146
0.6735, 0.2146
0.6735, 0.2146
0.6735, 0.2146
0.6786, 0.2146
0.6786, 0.2146
0.6786, 0.2146
0.6786, 0.2146
0.6786, 0.2146
0.6837, 0.2146
0.6837, 0.2146
0.6837, 0.2146
0.6888, 0.2146
0.6888, 0.2146
0.6888, 0.2122
0.6888, 0.2122
0.6888, 0.2122
0.6939, 0.2122
0.6939, 0.2122
0.6939, 0.2122
0.6990, 0.2122
0.6990, 0.2122
0.6990, 0.2098
0.6990, 0.2098
0.6990, 0.2098
0.7041, 0.2098
0.7041, 0.2098
0.7041, 0.2098
0.7041, 0.2098
0.7041, 0.2098
0.7041, 0.2098
0.7041, 0.2098
0.7041, 0.2098
0.7041, 0.2098
0.7041, 0.2098
0.7041, 0.2098
0.7092, 0.2098
0.7092, 0.2098
0.7092, 0.2098
0.7092, 0.2098
0.7092, 0.2098
0.7092, 0.2098
0.7092, 0.2098
0.7092, 0.2098
0.7143, 0.2098
0.7143, 0.2098
0.7143, 0.2098
0.7143, 0.2073
0.7143, 0.2073
0.7143, 0.2073
0.7143, 0.2073
0.7143, 0.2073
0.7143, 0.2073
0.7143, 0.2073
0.7143, 0.2073
0.7143, 0.2073
0.7143, 0.2073
0.7143, 0.2073
0.7143, 0.2073
0.7143, 0.2073
0.7143, 0.2073
0.7194, 0.2049
0.7194, 0.2049
0.7194, 0.2049
0.7194, 0.2049
0.7194, 0.2049
0.7194, 0.2049
0.7194, 0.2049
0.7194, 0.2049
0.7245, 0.2049
0.7245, 0.2049
0.7245, 0.2049
0.7245, 0.2049
0.7245, 0.2049
0.7245, 0.2049
0.7245, 0.2049
0.7245, 0.2049
0.7245, 0.2024
0.7245, 0.2024
0.7245, 0.2024
0.7245, 0.2024
0.7245, 0.2024
0.7245, 0.2024
0.7245, 0.2024
0.7245, 0.2024
0.7245, 0.2000
0.7245, 0.2000
0.7245, 0.2000
0.7245, 0.2000
0.7245, 0.2000
0.7245, 0.2000
0.7245, 0.1976
0.7245, 0.1976
0.7245, 0.1976
0.7245, 0.1976
0.7245, 0.1976
0.7245, 0.1976
0.7245, 0.1976
0.7245, 0.1976
0.7245, 0.1951
0.7245, 0.1951
0.7245, 0.1951
0.7245, 0.1951
0.7245, 0.1951
0.7245, 0.1951
0.7245, 0.1927
0.7245, 0.1927
0.7245, 0.1927
0.7245, 0.1927
0.7245, 0.1927
0.7245, 0.1927
0.7245, 0.1927
0.7245, 0.1927
0.7245, 0.1902
0.7245, 0.1902
0.7245, 0.1902
0.7245, 0.1902
0.7245, 0.1902
0.7245, 0.1878
0.7245, 0.1878
0.7245, 0.1878
0.7245, 0.1854
0.7245, 0.1854
0.7245, 0.1854
0.7245, 0.1854
0.7245, 0.1854
0.7245, 0.1854
0.7245, 0.1854
0.7245, 0.1854
0.7194, 0.1829
0.7194, 0.1829
0.7194, 0.1829
0.7194, 0.1829
0.7194, 0.1829
0.7194, 0.1829
0.7194, 0.1805
0.7194, 0.1805
0.7143, 0.1805
0.7143, 0.1805
0.7143, 0.1805
0.7143, 0.1805
0.7143, 0.1805
0.7143, 0.1805
0.7092, 0.1805
0.7092, 0.1805
0.7092, 0.1780
0.7092, 0.1780
0.7092, 0.1780
0.7092, 0.1780
0.7092, 0.1780
0.7092, 0.1780
0.7092, 0.1780
0.7092, 0.1780
0.7041, 0.1756
0.7041, 0.1756
0.7041, 0.1756
0.7041, 0.1756
0.7041, 0.1756
0.7041, 0.1756
0.6990, 0.1756
0.6990, 0.1756
0.6990, 0.1732
0.6990, 0.1732
0.6990, 0.1732
0.6939, 0.1732
0.6939, 0.1732
0.6939, 0.1732
0.6939, 0.1732
0.6939, 0.1732
0.6939, 0.1732
0.6939, 0.1732
0.6939, 0.1732
0.6888, 0.1732
0.6888, 0.1732
0.6888, 0.1732
0.6888, 0.1732
0.6888, 0.1732
0.6837, 0.1732
0.6837, 0.1732
0.6837, 0.1732
0.6837, 0.1732
0.6837, 0.1732
0.6837, 0.1732
0.6786, 0.1732
0.6786, 0.1732
0.6735, 0.1707
0.6735, 0.1707
0.6735, 0.1707
0.6735, 0.1707
0.6735, 0.1707
0.6735, 0.1707
0.6684, 0.1707
0.6684, 0.1707
0.6684, 0.1707
0.6684, 0.1707
0.6684, 0.1707
0.6633, 0.1707
0.6633, 0.1707
0.6633, 0.1707
0.6582, 0.1683
0.6582, 0.1683
0.6582, 0.1683
0.6582, 0.1683
0.6582, 0.1683
0.6582, 0.1683
0.6582, 0.1683
0.6582, 0.1683
0.6531, 0.1683
0.6531, 0.1683
0.6531, 0.1683
0.6531, 0.1683
0.6531, 0.1683
0.6480, 0.1683
0.6480, 0.1683
0.6480, 0.1683
0.6480, 0.1683
0.6480, 0.1683
0.6429, 0.1683
0.6429, 0.1683
0.6429, 0.1683
0.6429, 0.1683
0.6429, 0.1683
0.6429, 0.1683
0.6429, 0.1683
0.6429, 0.1683
0.6378, 0.1659
0.6378, 0.1659
0.6378, 0.1659
0.6327, 0.1659
0.6327, 0.1659
0.6327, 0.1659
0.6327, 0.1659
0.6327, 0.1659
0.6327, 0.1659
0.6327, 0.1659
0.6327, 0.1659
0.6276, 0.1634
0.6276, 0.1634
0.6276, 0.1634
0.6276, 0.1634
0.6276, 0.1634
0.6224, 0.1634
0.6224, 0.1634
0.6173, 0.1610
0.6173, 0.1610
0.6173, 0.1610
0.6173, 0.1610
0.6173, 0.1610
0.6173, 0.1610
0.6173, 0.1610
0.6173, 0.1610
0.6173, 0.1610
0.6173, 0.1610
0.6122, 0.1610
0.6122, 0.1610
0.6122, 0.1610
0.6122, 0.1610
0.6122, 0.1610
0.6122, 0.1610
0.6122, 0.1610
0.6122, 0.1610
0.6122, 0.1610
0.6071, 0.1585
0.6071, 0.1585
0.6071, 0.1585
0.6071, 0.1585
0.6071, 0.1585
0.6071, 0.1585
0.6071, 0.1585
0.6071, 0.1585
0.6071, 0.1585
0.6071, 0.1585
0.6071, 0.1585
0.6071, 0.1585
0.6071, 0.1585
0.6071, 0.1561
0.6071, 0.1561
0.6071, 0.1561
0.6071, 0.1561
0.6071, 0.1561
0.6071, 0.1561
0.6071, 0.1561
0.6071, 0.1561
0.6071, 0.1561
0.6071, 0.1561
0.6071, 0.1561
0.6020, 0.1561
0.6020, 0.1561
0.6020, 0.1537
0.6020, 0.1537
0.6020, 0.1537
0.6020, 0.1537
0.6020, 0.1537
0.6020, 0.1537
0.5969, 0.1537
0.5969, 0.1537
0.5969, 0.1512
0.5969, 0.1512
0.5969, 0.1512
0.5969, 0.1512
0.5969, 0.1512
0.5969, 0.1488
0.5969, 0.1488
0.5969, 0.1488
0.5969, 0.1488
0.5969, 0.1488
0.5969, 0.1488
0.5918, 0.1488
0.5918, 0.1488
0.5918, 0.1488
0.5918, 0.1488
0.5918, 0.1463
0.5918, 0.1463
0.5918, 0.1463
0.5918, 0.1463
0.5918, 0.1463
0.5918, 0.1463
0.5918, 0.1463
0.5918, 0.1463
0.5918, 0.1463
0.5918, 0.1439
0.5918, 0.1439
0.5918, 0.1439
0.5918, 0.1439
0.5918, 0.1439
0.5918, 0.1439
0.5918, 0.1439
0.5918, 0.1439
0.5918, 0.1439
0.5918, 0.1439
0.5918, 0.1439
0.5918, 0.1439
0.5918, 0.1439
0.5918, 0.1439
0.5918, 0.1439
0.5918, 0.1439
0.5918, 0.1415
0.5918, 0.1415
0.5918, 0.1415
0.5918, 0.1415
0.5918, 0.1415
0.5918, 0.1390
0.5918, 0.1390
0.5918, 0.1390
0.5918, 0.1390
0.5918, 0.1390
0.5918, 0.1390
0.5918, 0.1390
0.5918, 0.1390
0.5918, 0.1366
0.5918, 0.1366
0.5918, 0.1366
0.5918, 0.1366
0.5918, 0.1366
0.5918, 0.1366
0.5918, 0.1366
0.5918, 0.1366
0.5918, 0.1366
0.5918, 0.1366
0.5918, 0.1341
0.5918, 0.1341
0.5918, 0.1341
0.5918, 0.1341
0.5918, 0.1341
0.5918, 0.1341
0.5918, 0.1317
0.5918, 0.1317
0.5918, 0.1317
0.5918, 0.1317
0.5918, 0.1317
0.5918, 0.1317
0.5918, 0.1317
0.5918, 0.1317
0.5918, 0.1293
0.5918, 0.1293
0.5969, 0.1293
0.5969, 0.1293
0.5969, 0.1293
0.5969, 0.1293
0.5969, 0.1293
0.5969, 0.1268
0.5969, 0.1268
0.5969, 0.1268
0.6020, 0.1268
0.6020, 0.1268
0.6020, 0.1268
0.6020, 0.1268
0.6020, 0.1268
0.6020, 0.1268
0.6020, 0.1268
0.6020, 0.1268
0.6020, 0.1268
0.6020, 0.1268
0.6071, 0.1244
0.6071, 0.1244
0.6071, 0.1244
0.6071, 0.1244
0.6071, 0.1244
0.6122, 0.1244
0.6122, 0.1244
0.6122, 0.1244
0.6122, 0.1220
0.6122, 0.1220
0.6173, 0.1220
0.6173, 0.1220
0.6173, 0.1220
0.6173, 0.1195
0.6173, 0.1195
0.6224, 0.1195
0.6224, 0.1195
0.6276, 0.1195
0.6276, 0.1195
0.6276, 0.1195
0.6276, 0.1195
0.6276, 0.1195
0.6276, 0.1195
0.6276, 0.1195
0.6276, 0.1195
0.6327, 0.1195
0.6327, 0.1195
0.6378, 0.1195
0.6378, 0.1195
0.6378, 0.1195
0.6378, 0.1171
0.6378, 0.1171
0.6378, 0.1171
0.6378, 0.1171
0.6378, 0.1171
0.6429, 0.1171
0.6429, 0.1171
0.6480, 0.1146
0.6480, 0.1146
0.6480, 0.1146
0.6531, 0.1146
0.6531, 0.1146
0.6531, 0.1146
0.6531, 0.1146
0.6531, 0.1146
0.6531, 0.1146
0.6531, 0.1146
0.6531, 0.1146
0.6531, 0.1146
0.6531, 0.1146
0.6582, 0.1146
0.6582, 0.1146
0.6582, 0.1146
0.6582, 0.1146
0.6582, 0.1146
0.6633, 0.1146
0.6633, 0.1146
0.6633, 0.1146
0.6633, 0.1122
0.6633, 0.1122
0.6633, 0.1122
0.6633, 0.1122
0.6633, 0.1122
0.6684, 0.1122
0.6684, 0.1122
0.6735, 0.1098
0.6735, 0.1098
0.6735, 0.1098
0.6735, 0.1098
0.6735, 0.1098
0.6786, 0.1098
0.6786, 0.1098
0.6786, 0.1098
0.6786, 0.1098
0.6786, 0.1098
0.6786, 0.1098
0.6786, 0.1073
0.6786, 0.1073
0.6837, 0.1073
0.6837, 0.1073
0.6837, 0.1073
0.6837, 0.1073
0.6837, 0.1073
0.6837, 0.1073
0.6837, 0.1073
0.6888, 0.1073
0.6888, 0.1073
0.6888, 0.1073
0.6888, 0.1073
0.6888, 0.1073
0.6888, 0.1073
0.6888, 0.1073
0.6888, 0.1073
0.6888, 0.1073
0.6888, 0.1073
0.6888, 0.1073
0.6888, 0.1073
0.6888, 0.1073
0.6888, 0.1073
0.6888, 0.1073
0.6888, 0.1073
0.6888, 0.1073
0.6888, 0.1073
0.6888, 0.1073
0.6888, 0.1073
0.6888, 0.1073
0.6888, 0.1073
0.6888, 0.1073
0.6888, 0.1073
0.6888, 0.1049
0.6888, 0.1049
0.6888, 0.1049
0.6888, 0.1049
0.6888, 0.1049
0.6888, 0.1049
0.6888, 0.1049
0.6939, 0.1024
0.6939, 0.1024
0.6939, 0.1024
0.6939, 0.1024
0.6939, 0.1024
0.6939, 0.1024
0.6939, 0.1024
0.6939, 0.1024
0.6939, 0.1024
0.6939, 0.1024
0.6939, 0.1024
0.6939, 0.1024
0.6939, 0.1024
0.6939, 0.1000
0.6939, 0.1000
0.6939, 0.0976
0.6939, 0.0976
0.6939, 0.0976
0.6939, 0.0951
0.6939, 0.0951
0.6939, 0.0927
0.6939, 0.0927
0.6939, 0.0927
0.6939, 0.0902
0.6939, 0.0902
0.6939, 0.0878
0.6939, 0.0878
0.6939, 0.0878
0.6939, 0.0878
0.6939, 0.0878
0.6939, 0.0854
0.6939, 0.0854
0.6939, 0.0829
0.6939, 0.0829
0.6939, 0.0829
0.6939, 0.0829
0.6939, 0.0829
0.6939, 0.0829
0.6939, 0.0829
0.6939, 0.0829
0.6939, 0.0805
0.6939, 0.0805
0.6939, 0.0805
0.6939, 0.0805
0.6939, 0.0805
0.6939, 0.0780
0.6939, 0.0780
0.6939, 0.0780
0.6939, 0.0780
0.6939, 0.0780
0.6939, 0.0780
0.6939, 0.0780
0.6939, 0.0780
0.6939, 0.0780
0.6939, 0.0780
0.6939, 0.0756
0.6939, 0.0756
0.6939, 0.0756
0.6888, 0.0756
0.6888, 0.0756
0.6888, 0.0732
0.6888, 0.0732
0.6888, 0.0732
0.6888, 0.0732
0.6888, 0.0732
0.6837, 0.0707
0.6837, 0.0707
0.6837, 0.0707
0.6837, 0.0707
0.6837, 0.0707
0.6837, 0.0707
0.6837, 0.0707
0.6837, 0.0707
0.6786, 0.0683
0.6786, 0.0683
0.6786, 0.0659
0.6786, 0.0659
0.6735, 0.0659
0.6735, 0.0659
0.6735, 0.0659
0.6735, 0.0659
0.6735, 0.0659
0.6684, 0.0659
0.6684, 0.0659
0.6684, 0.0659
0.6684, 0.0634
0.6684, 0.0634
0.6684, 0.0610
0.6684, 0.0610
0.6633, 0.0610
0.6633, 0.0610
0.6633, 0.0610
0.6582, 0.0585
0.6582, 0.0585
0.6582, 0.0585
0.6582, 0.0585
0.6582, 0.0585
0.6582, 0.0585
0.6582, 0.0585
0.6531, 0.0585
0.6531, 0.0585
0.6531, 0.0561
0.6531, 0.0561
0.6531, 0.0561
0.6480, 0.0537
0.6480, 0.0537
0.6429, 0.0537
0.6429, 0.0537
0.6429, 0.0537
0.6429, 0.0537
0.6429, 0.0537
0.6429, 0.0537
0.6429, 0.0537
0.6429, 0.0537
0.6378, 0.0512
0.6378, 0.0512
0.6378, 0.0512
0.6378, 0.0512
0.6327, 0.0488
0.6327, 0.0488
0.6327, 0.0488
0.6327, 0.0488
0.6327, 0.0488
0.6327, 0.0463
0.6327, 0.0463
0.6327, 0.0463
0.6327, 0.0463
0.6327, 0.0463
0.6276, 0.0463
0.6276, 0.0463
0.6224, 0.0439
0.6224, 0.0439
0.6224, 0.0439
0.6224, 0.0439
0.6224, 0.0439
0.6173, 0.0415
0.6173, 0.0415
0.6173, 0.0415
0.6173, 0.0415
0.6173, 0.0415
0.6173, 0.0415
0.6173, 0.0415
0.6173, 0.0415
0.6122, 0.0390
0.6122, 0.0390
0.6122, 0.0366
0.6122, 0.0366
0.6071, 0.0341
0.6071, 0.0341
0.6071, 0.0341
0.6071, 0.0341
0.6071, 0.0341
0.6071, 0.0341
0.6071, 0.0341
0.6071, 0.0341
0.6020, 0.0317
0.6020, 0.0317
0.5969, 0.0317
0.5969, 0.0317
0.5969, 0.0293
0.5969, 0.0293
0.5969, 0.0293
0.5969, 0.0293
0.5969, 0.0293
0.5969, 0.0268
0.5969, 0.0268
0.5969, 0.0268
0.5969, 0.0268
0.5969, 0.0268
0.5969, 0.0244
0.5969, 0.0244
0.5969, 0.0244
0.5918, 0.0220
0.5918, 0.0220
0.5867, 0.0220
0.5867, 0.0220
0.5816, 0.0195
0.5816, 0.0195
0.5816, 0.0171
0.5816, 0.0171
0.5765, 0.0171
0.5765, 0.0171
0.5765, 0.0171
0.5765, 0.0171
0.5765, 0.0171
0.5714, 0.0146
0.5714, 0.0146
0.5714, 0.0122
0.5714, 0.0122
0.5714, 0.0122
0.5663, 0.0098
0.5663, 0.0098
0.5663, 0.0098
0.5663, 0.0098
0.5663, 0.0098
0.5612, 0.0098
0.5612, 0.0098
0.5561, 0.0073
0.5561, 0.0073
0.5561, 0.0049
0.5561, 0.0049
0.5561, 0.0049
0.5510, 0.0049
0.5510, 0.0049
0.5510, 0.0049
0.5510, 0.0049
0.5459, 0.0049
0.5459, 0.0049
0.5459, 0.0049
0.5459, 0.0049
0.5459, 0.0049
0.5459, 0.0024
0.5459, 0.0024
0.5459, 0.0024
0.5459, 0.0024
0.5459, 0.0024
0.5459, 0.0024
0.5459, 0.0024
0.5459, 0.0024
0.5459, 0.0024
0.5459, 0.0024
0.5408, 0.0024
0.5408, 0.0024
0.5408, 0.0024
0.5408, 0.0024
0.5408, 0.0024
0.5408, 0.0024
0.5408, 0.0024
0.5408, 0.0024
0.5408, 0.0024
0.5408, 0.0024
0.5408, 0.0024
0.5408, 0.0024
0.5408, 0.0024
0.5408, 0.0024
0.5408, 0.0024
0.5408, 0.0024
0.5408, 0.0024
0.5408, 0.0000
0.5408, 0.0000
0.5408, 0.0000
0.5408, 0.0000
0.5408, 0.0000
0.5408, 0.0000
0.5408, 0.0000
0.5408, 0.0000
0.5408, 0.0000
0.5408, 0.0000
0.5408, 0.0000
0.5408, 0.0000
0.5408, 0.0000
0.5408, 0.0000
0.5408, 0.0000
0.5408, 0.0000
0.5408, 0.0000
0.5408, 0.0000
0.5408, 0.0000
0.5408, 0.0000
0.5408, 0.0000
0.5408, 0.0000
0.5408, 0.0000
0.5408, 0.0000
0.5408, 0.0000
0.5408, 0.0000
0.5408, 0.0000
0.5408, 0.0000
0.5408, 0.0000
0.5408, 0.0000
0.5408, 0.0000
0.5408, 0.0000
0.5408, 0.0000
0.5408, 0.0000
0.5408, 0.0000
0.0000, 1.0000
0.0000, 1.0000
0.0000, 1.0000
0.0000, 1.0000
0.0000, 1.0000
0.0000, 1.0000
0.0000, 1.0000
0.0000, 1.0000
0.0000, 1.0000
0.0000, 1.0000
0.0000, 1.0000
0.0000, 1.0000
0.0000, 1.0000
0.0000, 1.0000
0.0000, 1.0000
0.0000, 1.0000
0.0000, 1.0000
0.0000, 1.0000
0.0000, 1.0000
0.0000, 1.0000
0.0000, 1.0000
0.0000, 1.0000
0.0000, 1.0000
0.0000, 1.0000
0.0000, 1.0000
0.0000, 1.0000
0.0000, 1.0000
0.0000, 1.0000
0.0000, 1.0000
0.0000, 1.0000
0.0000, 1.0000
0.0000, 1.0000
0.0000, 1.0000
0.0000, 1.0000
0.0000, 1.0000
0.0000, 1.0000
