0.3271, 0.0275
0.3271, 0.0275
0.3271, 0.0275
0.3271, 0.0275
0.3271, 0.0275
0.3271, 0.0275
0.3271, 0.0275
0.3271, 0.0275
0.3271, 0.0275
0.3271, 0.0275
0.3271, 0.0275
0.3271, 0.0275
0.3271, 0.0275
0.3271, 0.0275
0.3271, 0.0275
0.3271, 0.0275
0.3271, 0.0275
0.3271, 0.0275
0.3271, 0.0275
0.3271, 0.0275
0.3271, 0.0275
0.3271, 0.0275
0.3271, 0.0275
0.3271, 0.0275
0.3271, 0.0275
0.3271, 0.0275
0.3271, 0.0275
0.3271, 0.0275
0.3271, 0.0275
0.3271, 0.0275
0.3271, 0.0275
0.3271, 0.0275
0.3271, 0.0275
0.3271, 0.0275
0.3271, 0.0275
0.3271, 0.0275
0.3271, 0.0275
0.3271, 0.0275
0.3271, 0.0275
0.3271, 0.0275
0.3271, 0.0275
0.3271, 0.0275
0.3271, 0.0275
0.3271, 0.0275
0.3271, 0.0275
0.3271, 0.0275
0.3271, 0.0275
0.3271, 0.0275
0.3271, 0.0275
0.3271, 0.0275
0.3271, 0.0275
0.3271, 0.0275
0.3271, 0.0275
0.3271, 0.0275
0.3271, 0.0275
0.3271, 0.0275
0.3271, 0.0275
0.3271, 0.0275
0.3271, 0.0275
0.3271, 0.0275
0.3271, 0.0275
0.3271, 0.0275
0.3271, 0.0275
0.3271, 0.0275
0.3271, 0.0275
0.3271, 0.0275
0.3271, 0.0275
0.3271, 0.0300
0.3271, 0.0300
0.3271, 0.0300
0.3271, 0.0300
0.3271, 0.0300
0.3271, 0.0300
0.3271, 0.0300
0.3271, 0.0300
0.3271, 0.0300
0.3271, 0.0325
0.3271, 0.0325
0.3271, 0.0325
0.3271, 0.0325
0.3271, 0.0325
0.3271, 0.0325
0.3271, 0.0325
0.3271, 0.0325
0.3224, 0.0325
0.3224, 0.0325
0.3224, 0.0325
0.3224, 0.0325
0.3224, 0.0350
0.3224, 0.0350
0.3224, 0.0350
0.3224, 0.0350
0.3224, 0.0375
0.3224, 0.0375
0.3224, 0.0375
0.3224, 0.0375
0.3178, 0.0375
0.3178, 0.0375
0.3178, 0.0375
0.3178, 0.0375
0.3178, 0.0400
0.3178, 0.0400
0.3178, 0.0400
0.3178, 0.0400
0.3178, 0.0400
0.3178, 0.0400
0.3178, 0.0400
0.3178, 0.0400
0.3178, 0.0400
0.3178, 0.0400
0.3178, 0.0400
0.3178, 0.0400
0.3178, 0.0400
0.3131, 0.0425
0.3131, 0.0425
0.3131, 0.0425
0.3131, 0.0425
0.3131, 0.0450
0.3131, 0.0450
0.3131, 0.0450
0.3131, 0.0450
0.3131, 0.0450
0.3131, 0.0450
0.3131, 0.0450
0.3131, 0.0450
0.3131, 0.0450
0.3131, 0.0450
0.3131, 0.0450
0.3131, 0.0450
0.3131, 0.0450
0.3131, 0.0475
0.3131, 0.0475
0.3131, 0.0475
0.3131, 0.0475
0.3131, 0.0475
0.3131, 0.0475
0.3131, 0.0475
0.3131, 0.0475
0.3131, 0.0500
0.3131, 0.0500
0.3131, 0.0500
0.3131, 0.0500
0.3131, 0.0500
0.3084, 0.0500
0.3084, 0.0500
0.3084, 0.0500
0.3084, 0.0500
0.3084, 0.0500
0.3084, 0.0500
0.3084, 0.0500
0.3084, 0.0500
0.3084, 0.0525
0.3084, 0.0525
0.3084, 0.0525
0.3084, 0.0525
0.3084, 0.0550
0.3084, 0.0550
0.3084, 0.0550
0.3084, 0.0550
0.3084, 0.0550
0.3037, 0.0550
0.3037, 0.0550
0.3037, 0.0550
0.3037, 0.0550
0.3037, 0.0550
0.3037, 0.0550
0.3037, 0.0550
0.3037, 0.0550
0.3037, 0.0575
0.3037, 0.0575
0.3037, 0.0575
0.3037, 0.0575
0.3037, 0.0575
0.3037, 0.0575
0.3037, 0.0575
0.3037, 0.0575
0.3037, 0.0575
0.3037, 0.0575
0.3037, 0.0575
0.3037, 0.0575
0.3037, 0.0575
0.3037, 0.0575
0.3037, 0.0600
0.3037, 0.0600
0.3037, 0.0600
0.3037, 0.0600
0.3037, 0.0600
0.3037, 0.0600
0.3037, 0.0600
0.3037, 0.0625
0.3037, 0.0625
0.3037, 0.0625
0.3037, 0.0625
0.3037, 0.0625
0.3037, 0.0625
0.3037, 0.0625
0.3037, 0.0650
0.3037, 0.0650
0.3037, 0.0650
0.3037, 0.0650
0.2991, 0.0650
0.2991, 0.0650
0.2991, 0.0650
0.2991, 0.0675
0.2991, 0.0675
0.2991, 0.0675
0.2991, 0.0675
0.2991, 0.0675
0.2991, 0.0675
0.2991, 0.0675
0.2991, 0.0675
0.2991, 0.0700
0.2991, 0.0700
0.2991, 0.0700
0.2991, 0.0700
0.2991, 0.0700
0.2991, 0.0700
0.2991, 0.0700
0.2991, 0.0700
0.2991, 0.0700
0.2991, 0.0700
0.2991, 0.0700
0.2991, 0.0700
0.2991, 0.0725
0.2991, 0.0725
0.2991, 0.0725
0.2991, 0.0725
0.2944, 0.0750
0.2944, 0.0750
0.2944, 0.0750
0.2944, 0.0750
0.2944, 0.0750
0.2944, 0.0750
0.2944, 0.0750
0.2944, 0.0750
0.2944, 0.0750
0.2944, 0.0750
0.2944, 0.0750
0.2944, 0.0750
0.2944, 0.0775
0.2944, 0.0775
0.2944, 0.0775
0.2944, 0.0775
0.2897, 0.0800
0.2897, 0.0800
0.2897, 0.0800
0.2897, 0.0800
0.2897, 0.0800
0.2897, 0.0800
0.2897, 0.0800
0.2897, 0.0800
0.2897, 0.0800
0.2897, 0.0825
0.2897, 0.0825
0.2897, 0.0825
0.2897, 0.0825
0.2897, 0.0825
0.2897, 0.0825
0.2897, 0.0825
0.2897, 0.0825
0.2897, 0.0850
0.2897, 0.0850
0.2897, 0.0850
0.2897, 0.0850
0.2897, 0.0875
0.2897, 0.0875
0.2897, 0.0875
0.2897, 0.0875
0.2897, 0.0875
0.2897, 0.0875
0.2897, 0.0875
0.2897, 0.0875
0.2897, 0.0900
0.2897, 0.0900
0.2897, 0.0900
0.2897, 0.0900
0.2897, 0.0900
0.2897, 0.0925
0.2897, 0.0925
0.2897, 0.0925
0.2897, 0.0950
0.2897, 0.0950
0.2897, 0.0950
0.2897, 0.0950
0.2897, 0.0950
0.2897, 0.0950
0.2897, 0.0950
0.2897, 0.0950
0.2897, 0.0950
0.2897, 0.0975
0.2897, 0.0975
0.2897, 0.0975
0.2897, 0.0975
0.2897, 0.0975
0.2897, 0.0975
0.2897, 0.0975
0.2897, 0.1000
0.2897, 0.1000
0.2897, 0.1000
0.2897, 0.1000
0.2897, 0.1000
0.2897, 0.1000
0.2897, 0.1000
0.2897, 0.1000
0.2897, 0.1025
0.2897, 0.1025
0.2897, 0.1025
0.2897, 0.1025
0.2897, 0.1025
0.2897, 0.1025
0.2897, 0.1025
0.2897, 0.1025
0.2897, 0.1025
0.2897, 0.1050
0.2897, 0.1050
0.2897, 0.1050
0.2897, 0.1050
0.2897, 0.1075
0.2897, 0.1075
0.2897, 0.1075
0.2897, 0.1075
0.2897, 0.1075
0.2897, 0.1075
0.2897, 0.1075
0.2897, 0.1075
0.2897, 0.1100
0.2897, 0.1100
0.2897, 0.1100
0.2897, 0.1100
0.2897, 0.1125
0.2897, 0.1125
0.2897, 0.1125
0.2897, 0.1125
0.2897, 0.1125
0.2897, 0.1125
0.2897, 0.1125
0.2897, 0.1125
0.2897, 0.1150
0.2897, 0.1150
0.2897, 0.1150
0.2897, 0.1175
0.2897, 0.1175
0.2897, 0.1175
0.2897, 0.1175
0.2897, 0.1175
0.2897, 0.1175
0.2897, 0.1175
0.2897, 0.1175
0.2897, 0.1200
0.2897, 0.1200
0.2897, 0.1200
0.2897, 0.1200
0.2897, 0.1200
0.2897, 0.1200
0.2897, 0.1200
0.2897, 0.1200
0.2897, 0.1200
0.2897, 0.1200
0.2897, 0.1200
0.2897, 0.1200
0.2897, 0.1200
0.2897, 0.1225
0.2897, 0.1225
0.2897, 0.1225
0.2897, 0.1250
0.2897, 0.1250
0.2897, 0.1250
0.2897, 0.1250
0.2897, 0.1250
0.2897, 0.1250
0.2897, 0.1250
0.2897, 0.1250
0.2897, 0.1250
0.2897, 0.1250
0.2897, 0.1250
0.2897, 0.1250
0.2897, 0.1275
0.2897, 0.1275
0.2897, 0.1275
0.2897, 0.1275
0.2897, 0.1300
0.2897, 0.1300
0.2897, 0.1300
0.2897, 0.1300
0.2897, 0.1300
0.2897, 0.1300
0.2897, 0.1300
0.2897, 0.1300
0.2897, 0.1325
0.2897, 0.1325
0.2897, 0.1325
0.2897, 0.1325
0.2897, 0.1350
0.2897, 0.1350
0.2897, 0.1350
0.2897, 0.1350
0.2897, 0.1350
0.2897, 0.1350
0.2897, 0.1350
0.2897, 0.1350
0.2897, 0.1375
0.2897, 0.1375
0.2897, 0.1375
0.2897, 0.1375
0.2897, 0.1375
0.2897, 0.1375
0.2897, 0.1375
0.2897, 0.1375
0.2897, 0.1375
0.2897, 0.1375
0.2897, 0.1375
0.2897, 0.1375
0.2897, 0.1400
0.2897, 0.1400
0.2897, 0.1400
0.2897, 0.1400
0.2897, 0.1425
0.2897, 0.1425
0.2897, 0.1425
0.2897, 0.1425
0.2897, 0.1425
0.2897, 0.1425
0.2897, 0.1425
0.2897, 0.1425
0.2897, 0.1425
0.2897, 0.1425
0.2897, 0.1425
0.2897, 0.1425
0.2897, 0.1450
0.2897, 0.1450
0.2897, 0.1450
0.2897, 0.1450
0.2897, 0.1475
0.2897, 0.1475
0.2897, 0.1475
0.2897, 0.1475
0.2897, 0.1500
0.2897, 0.1500
0.2897, 0.1500
0.2897, 0.1500
0.2897, 0.1500
0.2897, 0.1500
0.2897, 0.1500
0.2897, 0.1525
0.2897, 0.1525
0.2897, 0.1525
0.2897, 0.1525
0.2897, 0.1525
0.2897, 0.1525
0.2897, 0.1525
0.2897, 0.1525
0.2897, 0.1550
0.2897, 0.1550
0.2897, 0.1550
0.2897, 0.1550
0.2897, 0.1550
0.2897, 0.1550
0.2897, 0.1550
0.2897, 0.1550
0.2897, 0.1575
0.2897, 0.1575
0.2897, 0.1575
0.2897, 0.1575
0.2897, 0.1575
0.2897, 0.1575
0.2897, 0.1575
0.2897, 0.1575
0.2897, 0.1600
0.2897, 0.1600
0.2897, 0.1600
0.2897, 0.1625
0.2897, 0.1625
0.2897, 0.1625
0.2897, 0.1625
0.2897, 0.1625
0.2897, 0.1625
0.2897, 0.1625
0.2897, 0.1625
0.2897, 0.1625
0.2897, 0.1625
0.2897, 0.1625
0.2897, 0.1625
0.2897, 0.1625
0.2897, 0.1650
0.2897, 0.1650
0.2897, 0.1650
0.2897, 0.1650
0.2897, 0.1675
0.2897, 0.1675
0.2897, 0.1675
0.2897, 0.1675
0.2897, 0.1675
0.2897, 0.1675
0.2897, 0.1675
0.2897, 0.1700
0.2897, 0.1700
0.2897, 0.1700
0.2897, 0.1700
0.2897, 0.1725
0.2897, 0.1725
0.2897, 0.1725
0.2897, 0.1725
0.2897, 0.1725
0.2897, 0.1725
0.2897, 0.1725
0.2897, 0.1725
0.2897, 0.1750
0.2897, 0.1750
0.2897, 0.1750
0.2897, 0.1750
0.2944, 0.1750
0.2944, 0.1750
0.2944, 0.1750
0.2944, 0.1775
0.2944, 0.1775
0.2944, 0.1775
0.2944, 0.1775
0.2944, 0.1800
0.2944, 0.1800
0.2944, 0.1800
0.2944, 0.1800
0.2944, 0.1800
0.2944, 0.1800
0.2944, 0.1800
0.2944, 0.1800
0.2944, 0.1800
0.2944, 0.1800
0.2944, 0.1800
0.2944, 0.1800
0.2944, 0.1825
0.2944, 0.1825
0.2944, 0.1825
0.2944, 0.1825
0.2944, 0.1850
0.2944, 0.1850
0.2944, 0.1850
0.2944, 0.1850
0.2944, 0.1875
0.2944, 0.1875
0.2944, 0.1875
0.2944, 0.1875
0.2944, 0.1875
0.2944, 0.1875
0.2944, 0.1875
0.2944, 0.1875
0.2944, 0.1875
0.2944, 0.1875
0.2944, 0.1875
0.2944, 0.1900
0.2944, 0.1900
0.2944, 0.1900
0.2944, 0.1900
0.2944, 0.1925
0.2944, 0.1925
0.2944, 0.1925
0.2944, 0.1925
0.2944, 0.1925
0.2944, 0.1925
0.2944, 0.1925
0.2944, 0.1950
0.2944, 0.1950
0.2944, 0.1950
0.2944, 0.1950
0.2944, 0.1975
0.2944, 0.1975
0.2944, 0.1975
0.2944, 0.1975
0.2991, 0.2000
0.2991, 0.2000
0.2991, 0.2000
0.2991, 0.2000
0.2991, 0.2000
0.2991, 0.2000
0.2991, 0.2000
0.2991, 0.2000
0.2991, 0.2000
0.2991, 0.2000
0.2991, 0.2000
0.2991, 0.2025
0.2991, 0.2025
0.2991, 0.2025
0.2991, 0.2025
0.2991, 0.2025
0.2991, 0.2025
0.2991, 0.2025
0.2991, 0.2025
0.2991, 0.2050
0.2991, 0.2050
0.2991, 0.2050
0.2991, 0.2050
0.2991, 0.2050
0.2991, 0.2050
0.2991, 0.2050
0.2991, 0.2075
0.2991, 0.2075
0.2991, 0.2075
0.2991, 0.2075
0.2991, 0.2075
0.2991, 0.2075
0.2991, 0.2075
0.2991, 0.2075
0.2991, 0.2100
0.2991, 0.2100
0.2991, 0.2100
0.2991, 0.2100
0.2991, 0.2100
0.2991, 0.2100
0.2991, 0.2100
0.2991, 0.2100
0.2991, 0.2125
0.2991, 0.2125
0.2991, 0.2125
0.2991, 0.2125
0.2991, 0.2125
0.2991, 0.2125
0.2991, 0.2125
0.2991, 0.2125
0.2991, 0.2150
0.2991, 0.2150
0.2991, 0.2150
0.2991, 0.2175
0.2991, 0.2175
0.2991, 0.2175
0.2991, 0.2175
0.2991, 0.2175
0.2991, 0.2175
0.2991, 0.2175
0.2991, 0.2175
0.2991, 0.2200
0.2991, 0.2200
0.2991, 0.2200
0.2991, 0.2200
0.3037, 0.2225
0.3037, 0.2225
0.3037, 0.2225
0.3037, 0.2225
0.3037, 0.2225
0.3037, 0.2225
0.3037, 0.2225
0.3037, 0.2250
0.3037, 0.2250
0.3037, 0.2250
0.3037, 0.2250
0.3037, 0.2250
0.3037, 0.2250
0.3037, 0.2250
0.3037, 0.2250
0.3037, 0.2275
0.3037, 0.2275
0.3037, 0.2275
0.3037, 0.2300
0.3037, 0.2300
0.3037, 0.2300
0.3037, 0.2300
0.3037, 0.2300
0.3037, 0.2300
0.3037, 0.2300
0.3037, 0.2300
0.3037, 0.2300
0.3037, 0.2300
0.3037, 0.2300
0.3037, 0.2300
0.3037, 0.2325
0.3037, 0.2325
0.3037, 0.2325
0.3037, 0.2350
0.3037, 0.2350
0.3037, 0.2350
0.3037, 0.2350
0.3084, 0.2350
0.3084, 0.2350
0.3084, 0.2350
0.3084, 0.2350
0.3084, 0.2350
0.3084, 0.2350
0.3084, 0.2350
0.3084, 0.2375
0.3084, 0.2375
0.3084, 0.2375
0.3084, 0.2375
0.3084, 0.2400
0.3084, 0.2400
0.3084, 0.2400
0.3084, 0.2425
0.3084, 0.2425
0.3084, 0.2425
0.3084, 0.2425
0.3084, 0.2425
0.3084, 0.2425
0.3084, 0.2425
0.3084, 0.2425
0.3084, 0.2450
0.3084, 0.2450
0.3084, 0.2450
0.3131, 0.2475
0.3131, 0.2475
0.3131, 0.2475
0.3131, 0.2475
0.3131, 0.2475
0.3131, 0.2475
0.3131, 0.2475
0.3131, 0.2475
0.3131, 0.2475
0.3131, 0.2475
0.3131, 0.2475
0.3131, 0.2500
0.3131, 0.2500
0.3131, 0.2500
0.3131, 0.2500
0.3178, 0.2525
0.3178, 0.2525
0.3178, 0.2525
0.3178, 0.2550
0.3178, 0.2550
0.3178, 0.2550
0.3178, 0.2550
0.3178, 0.2550
0.3178, 0.2550
0.3178, 0.2550
0.3178, 0.2550
0.3224, 0.2575
0.3224, 0.2575
0.3224, 0.2575
0.3224, 0.2600
0.3224, 0.2600
0.3224, 0.2600
0.3224, 0.2600
0.3224, 0.2600
0.3224, 0.2600
0.3224, 0.2600
0.3224, 0.2625
0.3224, 0.2625
0.3224, 0.2625
0.3224, 0.2625
0.3224, 0.2625
0.3224, 0.2625
0.3224, 0.2625
0.3224, 0.2650
0.3224, 0.2650
0.3224, 0.2650
0.3224, 0.2650
0.3224, 0.2675
0.3224, 0.2675
0.3224, 0.2675
0.3271, 0.2675
0.3271, 0.2675
0.3271, 0.2675
0.3271, 0.2700
0.3271, 0.2700
0.3271, 0.2700
0.3271, 0.2700
0.3271, 0.2725
0.3271, 0.2725
0.3271, 0.2725
0.3271, 0.2725
0.3271, 0.2725
0.3271, 0.2725
0.3271, 0.2725
0.3318, 0.2750
0.3318, 0.2750
0.3318, 0.2750
0.3318, 0.2775
0.3318, 0.2775
0.3318, 0.2775
0.3318, 0.2775
0.3318, 0.2800
0.3318, 0.2800
0.3318, 0.2800
0.3318, 0.2800
0.3318, 0.2800
0.3318, 0.2800
0.3318, 0.2800
0.3318, 0.2825
0.3318, 0.2825
0.3318, 0.2825
0.3364, 0.2850
0.3364, 0.2850
0.3364, 0.2850
0.3364, 0.2850
0.3364, 0.2850
0.3364, 0.2850
0.3364, 0.2850
0.3364, 0.2850
0.3364, 0.2875
0.3364, 0.2875
0.3364, 0.2875
0.3411, 0.2900
0.3411, 0.2900
0.3411, 0.2900
0.3411, 0.2900
0.3411, 0.2900
0.3411, 0.2900
0.3411, 0.2900
0.3411, 0.2925
0.3411, 0.2925
0.3411, 0.2925
0.3411, 0.2925
0.3411, 0.2950
0.3411, 0.2950
0.3411, 0.2950
0.3411, 0.2975
0.3411, 0.2975
0.3411, 0.2975
0.3411, 0.2975
0.3458, 0.2975
0.3458, 0.2975
0.3458, 0.2975
0.3458, 0.2975
0.3458, 0.2975
0.3458, 0.2975
0.3458, 0.2975
0.3505, 0.3000
0.3505, 0.3000
0.3505, 0.3000
0.3505, 0.3025
0.3505, 0.3025
0.3505, 0.3025
0.3551, 0.3025
0.3551, 0.3025
0.3551, 0.3025
0.3551, 0.3025
0.3551, 0.3025
0.3551, 0.3025
0.3551, 0.3025
0.3551, 0.3025
0.3551, 0.3050
0.3551, 0.3050
0.3551, 0.3050
0.3551, 0.3075
0.3551, 0.3075
0.3551, 0.3075
0.3551, 0.3075
0.3551, 0.3075
0.3551, 0.3075
0.3551, 0.3075
0.3598, 0.3100
0.3598, 0.3100
0.3598, 0.3100
0.3598, 0.3100
0.3598, 0.3100
0.3598, 0.3100
0.3598, 0.3100
0.3645, 0.3100
0.3645, 0.3100
0.3645, 0.3100
0.3645, 0.3100
0.3645, 0.3125
0.3645, 0.3125
0.3645, 0.3125
0.3645, 0.3125
0.3645, 0.3125
0.3645, 0.3125
0.3645, 0.3125
0.3645, 0.3150
0.3645, 0.3150
0.3645, 0.3150
0.3645, 0.3150
0.3645, 0.3150
0.3645, 0.3150
0.3645, 0.3150
0.3645, 0.3150
0.3645, 0.3150
0.3645, 0.3150
0.3645, 0.3150
0.3692, 0.3175
0.3692, 0.3175
0.3692, 0.3175
0.3692, 0.3200
0.3692, 0.3200
0.3692, 0.3200
0.3738, 0.3200
0.3738, 0.3200
0.3738, 0.3200
0.3738, 0.3200
0.3738, 0.3225
0.3738, 0.3225
0.3738, 0.3225
0.3785, 0.3225
0.3785, 0.3225
0.3785, 0.3225
0.3785, 0.3225
0.3785, 0.3225
0.3785, 0.3225
0.3785, 0.3225
0.3785, 0.3250
0.3785, 0.3250
0.3785, 0.3250
0.3785, 0.3250
0.3785, 0.3275
0.3785, 0.3275
0.3785, 0.3275
0.3785, 0.3275
0.3785, 0.3275
0.3785, 0.3275
0.3785, 0.3275
0.3832, 0.3275
0.3832, 0.3275
0.3832, 0.3275
0.3832, 0.3275
0.3832, 0.3275
0.3832, 0.3275
0.3832, 0.3275
0.3832, 0.3300
0.3832, 0.3300
0.3879, 0.3300
0.3879, 0.3300
0.3879, 0.3300
0.3879, 0.3325
0.3879, 0.3325
0.3879, 0.3325
0.3879, 0.3325
0.3879, 0.3350
0.3879, 0.3350
0.3879, 0.3350
0.3879, 0.3350
0.3879, 0.3350
0.3879, 0.3350
0.3879, 0.3350
0.3879, 0.3350
0.3879, 0.3350
0.3879, 0.3350
0.3925, 0.3350
0.3925, 0.3350
0.3925, 0.3350
0.3925, 0.3350
0.3925, 0.3375
0.3925, 0.3375
0.3925, 0.3375
0.3972, 0.3375
0.3972, 0.3375
0.3972, 0.3375
0.3972, 0.3375
0.3972, 0.3400
0.3972, 0.3400
0.3972, 0.3400
0.4019, 0.3400
0.4019, 0.3400
0.4019, 0.3400
0.4019, 0.3400
0.4019, 0.3400
0.4019, 0.3400
0.4019, 0.3400
0.4019, 0.3400
0.4019, 0.3400
0.4019, 0.3400
0.4019, 0.3400
0.4019, 0.3400
0.4019, 0.3400
0.4019, 0.3400
0.4065, 0.3425
0.4065, 0.3425
0.4065, 0.3425
0.4065, 0.3425
0.4065, 0.3425
0.4065, 0.3425
0.4065, 0.3425
0.4112, 0.3450
0.4112, 0.3450
0.4112, 0.3450
0.4112, 0.3450
0.4112, 0.3450
0.4112, 0.3450
0.4112, 0.3450
0.4112, 0.3450
0.4112, 0.3450
0.4112, 0.3450
0.4112, 0.3450
0.4112, 0.3475
0.4112, 0.3475
0.4112, 0.3475
0.4112, 0.3475
0.4112, 0.3475
0.4112, 0.3475
0.4112, 0.3475
0.4159, 0.3475
0.4159, 0.3475
0.4159, 0.3475
0.4159, 0.3475
0.4159, 0.3475
0.4159, 0.3475
0.4159, 0.3475
0.4206, 0.3475
0.4206, 0.3475
0.4206, 0.3475
0.4252, 0.3475
0.4252, 0.3475
0.4252, 0.3475
0.4252, 0.3475
0.4252, 0.3500
0.4252, 0.3500
0.4252, 0.3500
0.4252, 0.3500
0.4252, 0.3500
0.4252, 0.3500
0.4252, 0.3500
0.4252, 0.3500
0.4252, 0.3500
0.4299, 0.3525
0.4299, 0.3525
0.4299, 0.3525
0.4299, 0.3525
0.4299, 0.3525
0.4299, 0.3525
0.4299, 0.3525
0.4346, 0.3525
0.4346, 0.3525
0.4346, 0.3525
0.4346, 0.3525
0.4346, 0.3525
0.4346, 0.3525
0.4346, 0.3525
0.4346, 0.3525
0.4346, 0.3525
0.4346, 0.3525
0.4346, 0.3525
0.4346, 0.3525
0.4346, 0.3525
0.4346, 0.3525
0.4393, 0.3550
0.4393, 0.3550
0.4393, 0.3550
0.4393, 0.3550
0.4393, 0.3550
0.4393, 0.3550
0.4393, 0.3550
0.4439, 0.3550
0.4439, 0.3550
0.4439, 0.3550
0.4439, 0.3550
0.4439, 0.3575
0.4439, 0.3575
0.4439, 0.3575
0.4486, 0.3575
0.4486, 0.3575
0.4486, 0.3575
0.4486, 0.3575
0.4486, 0.3575
0.4486, 0.3575
0.4533, 0.3600
0.4533, 0.3600
0.4533, 0.3600
0.4533, 0.3600
0.4579, 0.3600
0.4579, 0.3600
0.4579, 0.3600
0.4579, 0.3600
0.4579, 0.3600
0.4579, 0.3600
0.4579, 0.3600
0.4626, 0.3600
0.4626, 0.3600
0.4626, 0.3600
0.4626, 0.3625
0.4626, 0.3625
0.4626, 0.3625
0.4673, 0.3625
0.4673, 0.3625
0.4673, 0.3625
0.4673, 0.3625
0.4673, 0.3625
0.4673, 0.3625
0.4673, 0.3625
0.4720, 0.3650
0.4720, 0.3650
0.4720, 0.3650
0.4720, 0.3650
0.4720, 0.3650
0.4720, 0.3650
0.4720, 0.3650
0.4720, 0.3650
0.4720, 0.3650
0.4720, 0.3650
0.4720, 0.3650
0.4720, 0.3650
0.4720, 0.3650
0.4766, 0.3650
0.4766, 0.3650
0.4766, 0.3650
0.4766, 0.3650
0.4766, 0.3650
0.4766, 0.3650
0.4766, 0.3650
0.4766, 0.3650
0.4766, 0.3650
0.4766, 0.3650
0.4813, 0.3650
0.4813, 0.3650
0.4813, 0.3650
0.4813, 0.3650
0.4813, 0.3675
0.4813, 0.3675
0.4813, 0.3675
0.4813, 0.3675
0.4813, 0.3675
0.4813, 0.3675
0.4813, 0.3675
0.4813, 0.3675
0.4813, 0.3675
0.4813, 0.3675
0.4813, 0.3675
0.4813, 0.3675
0.4813, 0.3675
0.4860, 0.3700
0.4860, 0.3700
0.4860, 0.3700
0.4907, 0.3700
0.4907, 0.3700
0.4907, 0.3700
0.4907, 0.3700
0.4907, 0.3700
0.4907, 0.3700
0.4907, 0.3700
0.4907, 0.3700
0.4907, 0.3700
0.4907, 0.3700
0.4907, 0.3700
0.4953, 0.3700
0.4953, 0.3700
0.4953, 0.3700
0.4953, 0.3700
0.4953, 0.3700
0.4953, 0.3700
0.4953, 0.3700
0.4953, 0.3725
0.4953, 0.3725
0.4953, 0.3725
0.5000, 0.3725
0.5000, 0.3725
0.5000, 0.3725
0.5000, 0.3725
0.5000, 0.3725
0.5000, 0.3725
0.5000, 0.3725
0.5047, 0.3725
0.5047, 0.3725
0.5047, 0.3725
0.5047, 0.3750
0.5047, 0.3750
0.5047, 0.3750
0.5047, 0.3750
0.5047, 0.3750
0.5047, 0.3750
0.5047, 0.3750
0.5047, 0.3750
0.5047, 0.3750
0.5047, 0.3750
0.5093, 0.3750
0.5093, 0.3750
0.5093, 0.3750
0.5093, 0.3775
0.5093, 0.3775
0.5093, 0.3775
0.5140, 0.3775
0.5140, 0.3775
0.5140, 0.3775
0.5140, 0.3775
0.5140, 0.3775
0.5140, 0.3775
0.5140, 0.3775
0.5140, 0.3775
0.5140, 0.3775
0.5140, 0.3775
0.5187, 0.3775
0.5187, 0.3775
0.5187, 0.3775
0.5187, 0.3775
0.5187, 0.3775
0.5187, 0.3775
0.5187, 0.3775
0.5234, 0.3775
0.5234, 0.3775
0.5234, 0.3775
0.5280, 0.3775
0.5280, 0.3775
0.5280, 0.3775
0.5280, 0.3775
0.5280, 0.3775
0.5280, 0.3775
0.5280, 0.3775
0.5280, 0.3800
0.5280, 0.3800
0.5280, 0.3800
0.5280, 0.3800
0.5280, 0.3800
0.5280, 0.3800
0.5280, 0.3800
0.5327, 0.3800
0.5327, 0.3800
0.5327, 0.3800
0.5374, 0.3800
0.5374, 0.3800
0.5374, 0.3800
0.5374, 0.3800
0.5374, 0.3800
0.5374, 0.3800
0.5374, 0.3800
0.5374, 0.3800
0.5374, 0.3800
0.5374, 0.3800
0.5374, 0.3825
0.5374, 0.3825
0.5374, 0.3825
0.5374, 0.3825
0.5374, 0.3825
0.5374, 0.3825
0.5374, 0.3825
0.5421, 0.3825
0.5421, 0.3825
0.5421, 0.3825
0.5421, 0.3825
0.5421, 0.3825
0.5421, 0.3825
0.5467, 0.3825
0.5467, 0.3825
0.5467, 0.3825
0.5467, 0.3825
0.5467, 0.3825
0.5467, 0.3825
0.5467, 0.3825
0.5514, 0.3825
0.5514, 0.3825
0.5514, 0.3825
0.5514, 0.3825
0.5514, 0.3825
0.5514, 0.3825
0.5514, 0.3825
0.5514, 0.3825
0.5514, 0.3825
0.5514, 0.3825
0.5514, 0.3825
0.5514, 0.3825
0.5514, 0.3825
0.5561, 0.3825
0.5561, 0.3825
0.5561, 0.3825
0.5561, 0.3825
0.5561, 0.3825
0.5561, 0.3825
0.5561, 0.3825
0.5607, 0.3825
0.5607, 0.3825
0.5607, 0.3825
0.5607, 0.3825
0.5607, 0.3825
0.5607, 0.3825
0.5607, 0.3825
0.5607, 0.3825
0.5607, 0.3825
0.5607, 0.3825
0.5607, 0.3825
0.5607, 0.3825
0.5607, 0.3825
0.5654, 0.3825
0.5654, 0.3825
0.5654, 0.3825
0.5654, 0.3825
0.5654, 0.3825
0.5654, 0.3825
0.5654, 0.3825
0.5654, 0.3850
0.5654, 0.3850
0.5654, 0.3850
0.5701, 0.3850
0.5701, 0.3850
0.5701, 0.3850
0.5701, 0.3850
0.5701, 0.3850
0.5701, 0.3850
0.5748, 0.3850
0.5748, 0.3850
0.5748, 0.3850
0.5748, 0.3850
0.5748, 0.3850
0.5748, 0.3850
0.5748, 0.3850
0.5794, 0.3850
0.5794, 0.3850
0.5794, 0.3850
0.5841, 0.3875
0.5841, 0.3875
0.5841, 0.3875
0.5841, 0.3875
0.5841, 0.3875
0.5841, 0.3875
0.5841, 0.3875
0.5841, 0.3875
0.5841, 0.3875
0.5888, 0.3875
0.5888, 0.3875
0.5888, 0.3875
0.5935, 0.3875
0.5935, 0.3875
0.5935, 0.3875
0.5935, 0.3875
0.5935, 0.3875
0.5935, 0.3875
0.5935, 0.3875
0.5935, 0.3875
0.5935, 0.3875
0.5935, 0.3875
0.5935, 0.3875
0.5981, 0.3900
0.5981, 0.3900
0.5981, 0.3900
0.5981, 0.3900
0.5981, 0.3900
0.5981, 0.3900
0.5981, 0.3900
0.5981, 0.3900
0.5981, 0.3900
0.5981, 0.3900
0.5981, 0.3900
0.5981, 0.3900
0.5981, 0.3900
0.6028, 0.3900
0.6028, 0.3900
0.6028, 0.3900
0.6075, 0.3900
0.6075, 0.3900
0.6075, 0.3900
0.6075, 0.3900
0.6075, 0.3900
0.6075, 0.3900
0.6075, 0.3900
0.6075, 0.3900
0.6075, 0.3900
0.6075, 0.3900
0.6121, 0.3900
0.6121, 0.3900
0.6121, 0.3900
0.6121, 0.3900
0.6121, 0.3900
0.6121, 0.3900
0.6168, 0.3900
0.6168, 0.3900
0.6168, 0.3900
0.6168, 0.3900
0.6215, 0.3900
0.6215, 0.3900
0.6215, 0.3900
0.6215, 0.3900
0.6215, 0.3900
0.6215, 0.3900
0.6215, 0.3900
0.6215, 0.3900
0.6215, 0.3900
0.6215, 0.3900
0.6215, 0.3900
0.6215, 0.3900
0.6215, 0.3900
0.6215, 0.3900
0.6215, 0.3900
0.6215, 0.3900
0.6215, 0.3900
0.6215, 0.3900
0.6215, 0.3900
0.6215, 0.3900
0.6215, 0.3900
0.6215, 0.3900
0.6215, 0.3900
0.6262, 0.3900
0.6262, 0.3900
0.6262, 0.3900
0.6262, 0.3900
0.6262, 0.3900
0.6262, 0.3900
0.6262, 0.3900
0.6262, 0.3900
0.6262, 0.3900
0.6262, 0.3900
0.6308, 0.3900
0.6308, 0.3900
0.6308, 0.3900
0.6308, 0.3900
0.6308, 0.3900
0.6308, 0.3900
0.6308, 0.3900
0.6308, 0.3900
0.6308, 0.3900
0.6308, 0.3900
0.6308, 0.3900
0.6308, 0.3900
0.6308, 0.3900
0.6308, 0.3900
0.6308, 0.3900
0.6308, 0.3900
0.6308, 0.3900
0.6308, 0.3900
0.6308, 0.3900
0.6308, 0.3900
0.6355, 0.3900
0.6355, 0.3900
0.6355, 0.3900
0.6355, 0.3900
0.6355, 0.3900
0.6355, 0.3900
0.6355, 0.3900
0.6402, 0.3900
0.6402, 0.3900
0.6402, 0.3900
0.6402, 0.3900
0.6402, 0.3900
0.6402, 0.3900
0.6402, 0.3900
0.6402, 0.3900
0.6402, 0.3900
0.6402, 0.3900
0.6402, 0.3900
0.6402, 0.3900
0.6402, 0.3900
0.6402, 0.3900
0.6402, 0.3900
0.6402, 0.3900
0.6449, 0.3900
0.6449, 0.3900
0.6449, 0.3900
0.6449, 0.3900
0.6449, 0.3900
0.6449, 0.3900
0.6449, 0.3900
0.6449, 0.3900
0.6449, 0.3900
0.6449, 0.3900
0.6495, 0.3900
0.6495, 0.3900
0.6495, 0.3900
0.6495, 0.3900
0.6495, 0.3900
0.6495, 0.3900
0.6542, 0.3900
0.6542, 0.3900
0.6542, 0.3900
0.6542, 0.3900
0.6542, 0.3900
0.6542, 0.3900
0.6542, 0.3900
0.6542, 0.3900
0.6542, 0.3900
0.6542, 0.3900
0.6589, 0.3900
0.6589, 0.3900
0.6589, 0.3900
0.6636, 0.3875
0.6636, 0.3875
0.6636, 0.3875
0.6636, 0.3875
0.6636, 0.3875
0.6636, 0.3875
0.6636, 0.3875
0.6682, 0.3875
0.6682, 0.3875
0.6682, 0.3875
0.6682, 0.3875
0.6682, 0.3875
0.6682, 0.3875
0.6729, 0.3875
0.6729, 0.3875
0.6729, 0.3875
0.6729, 0.3875
0.6729, 0.3875
0.6729, 0.3875
0.6776, 0.3875
0.6776, 0.3875
0.6776, 0.3875
0.6776, 0.3875
0.6776, 0.3875
0.6776, 0.3875
0.6776, 0.3875
0.6776, 0.3875
0.6776, 0.3875
0.6776, 0.3875
0.6776, 0.3875
0.6776, 0.3875
0.6776, 0.3875
0.6776, 0.3875
0.6776, 0.3875
0.6776, 0.3875
0.6776, 0.3875
0.6822, 0.3875
0.6822, 0.3875
0.6822, 0.3875
0.6822, 0.3850
0.6822, 0.3850
0.6822, 0.3850
0.6869, 0.3850
0.6869, 0.3850
0.6869, 0.3850
0.6869, 0.3850
0.6869, 0.3850
0.6869, 0.3850
0.6869, 0.3850
0.6869, 0.3850
0.6869, 0.3850
0.6869, 0.3850
0.6869, 0.3850
0.6869, 0.3850
0.6869, 0.3850
0.6916, 0.3850
0.6916, 0.3850
0.6916, 0.3850
0.6916, 0.3850
0.6916, 0.3850
0.6916, 0.3850
0.6963, 0.3850
0.6963, 0.3850
0.6963, 0.3850
0.6963, 0.3850
0.6963, 0.3850
0.6963, 0.3850
0.7009, 0.3850
0.7009, 0.3850
0.7009, 0.3850
0.7009, 0.3850
0.7009, 0.3850
0.7009, 0.3850
0.7009, 0.3850
0.7009, 0.3850
0.7009, 0.3850
0.7009, 0.3850
0.7009, 0.3850
0.7009, 0.3850
0.7009, 0.3850
0.7056, 0.3850
0.7056, 0.3850
0.7056, 0.3850
0.7103, 0.3850
0.7103, 0.3850
0.7103, 0.3850
0.7103, 0.3850
0.7103, 0.3850
0.7103, 0.3850
0.7103, 0.3850
0.7103, 0.3850
0.7103, 0.3850
0.7103, 0.3850
0.7150, 0.3850
0.7150, 0.3850
0.7150, 0.3850
0.7196, 0.3850
0.7196, 0.3850
0.7196, 0.3850
0.7196, 0.3850
0.7196, 0.3850
0.7196, 0.3850
0.7196, 0.3850
0.7196, 0.3850
0.7196, 0.3850
0.7243, 0.3825
0.7243, 0.3825
0.7243, 0.3825
0.7243, 0.3825
0.7243, 0.3825
0.7243, 0.3825
0.7243, 0.3825
0.7243, 0.3825
0.7243, 0.3825
0.7243, 0.3825
0.7243, 0.3825
0.7243, 0.3825
0.7243, 0.3825
0.7290, 0.3825
0.7290, 0.3825
0.7290, 0.3825
0.7290, 0.3825
0.7290, 0.3825
0.7290, 0.3825
0.7336, 0.3825
0.7336, 0.3825
0.7336, 0.3825
0.7336, 0.3825
0.7336, 0.3825
0.7336, 0.3825
0.7383, 0.3825
0.7383, 0.3825
0.7383, 0.3825
0.7383, 0.3825
0.7383, 0.3825
0.7430, 0.3800
0.7430, 0.3800
0.7430, 0.3800
0.7477, 0.3800
0.7477, 0.3800
0.7477, 0.3800
0.7477, 0.3800
0.7477, 0.3800
0.7477, 0.3800
0.7477, 0.3800
0.7477, 0.3800
0.7477, 0.3800
0.7477, 0.3800
0.7477, 0.3800
0.7477, 0.3800
0.7523, 0.3800
0.7523, 0.3800
0.7523, 0.3800
0.7523, 0.3800
0.7523, 0.3800
0.7523, 0.3800
0.7523, 0.3800
0.7523, 0.3800
0.7523, 0.3800
0.7523, 0.3800
0.7523, 0.3800
0.7523, 0.3800
0.7523, 0.3800
0.7570, 0.3800
0.7570, 0.3800
0.7570, 0.3800
0.7570, 0.3800
0.7570, 0.3800
0.7570, 0.3800
0.7570, 0.3800
0.7570, 0.3800
0.7570, 0.3800
0.7570, 0.3800
0.7570, 0.3800
0.7570, 0.3800
0.7617, 0.3800
0.7617, 0.3800
0.7617, 0.3800
0.7617, 0.3800
0.7617, 0.3800
0.7617, 0.3800
0.7617, 0.3800
0.7664, 0.3800
0.7664, 0.3800
0.7664, 0.3800
0.7664, 0.3775
0.7664, 0.3775
0.7664, 0.3775
0.7710, 0.3775
0.7710, 0.3775
0.7710, 0.3775
0.7710, 0.3775
0.7710, 0.3775
0.7710, 0.3775
0.7710, 0.3775
0.7710, 0.3775
0.7710, 0.3775
0.7757, 0.3775
0.7757, 0.3775
0.7757, 0.3775
0.7757, 0.3775
0.7757, 0.3775
0.7757, 0.3775
0.7804, 0.3750
0.7804, 0.3750
0.7804, 0.3750
0.7804, 0.3750
0.7804, 0.3750
0.7804, 0.3750
0.7804, 0.3750
0.7804, 0.3750
0.7804, 0.3750
0.7804, 0.3750
0.7804, 0.3750
0.7804, 0.3750
0.7804, 0.3750
0.7804, 0.3750
0.7804, 0.3750
0.7804, 0.3750
0.7850, 0.3750
0.7850, 0.3750
0.7850, 0.3750
0.7850, 0.3750
0.7850, 0.3750
0.7850, 0.3750
0.7897, 0.3725
0.7897, 0.3725
0.7897, 0.3725
0.7897, 0.3725
0.7897, 0.3725
0.7897, 0.3725
0.7897, 0.3725
0.7897, 0.3725
0.7897, 0.3725
0.7897, 0.3725
0.7897, 0.3725
0.7897, 0.3725
0.7897, 0.3725
0.7944, 0.3725
0.7944, 0.3725
0.7944, 0.3725
0.7944, 0.3725
0.7944, 0.3725
0.7944, 0.3725
0.7991, 0.3725
0.7991, 0.3725
0.7991, 0.3725
0.7991, 0.3725
0.7991, 0.3725
0.7991, 0.3725
0.8037, 0.3700
0.8037, 0.3700
0.8037, 0.3700
0.8037, 0.3700
0.8037, 0.3700
0.8037, 0.3700
0.8037, 0.3700
0.8037, 0.3700
0.8037, 0.3700
0.8084, 0.3700
0.8084, 0.3700
0.8084, 0.3700
0.8084, 0.3675
0.8084, 0.3675
0.8084, 0.3675
0.8131, 0.3675
0.8131, 0.3675
0.8131, 0.3675
0.8131, 0.3675
0.8131, 0.3675
0.8131, 0.3675
0.8131, 0.3675
0.8131, 0.3675
0.8131, 0.3675
0.8131, 0.3675
0.8131, 0.3675
0.8131, 0.3675
0.8131, 0.3675
0.8131, 0.3675
0.8131, 0.3675
0.8131, 0.3675
0.8131, 0.3675
0.8131, 0.3675
0.8131, 0.3675
0.8178, 0.3675
0.8178, 0.3675
0.8178, 0.3675
0.8178, 0.3675
0.8178, 0.3675
0.8178, 0.3675
0.8178, 0.3675
0.8178, 0.3675
0.8178, 0.3675
0.8224, 0.3650
0.8224, 0.3650
0.8224, 0.3650
0.8271, 0.3650
0.8271, 0.3650
0.8271, 0.3650
0.8271, 0.3625
0.8271, 0.3625
0.8271, 0.3625
0.8271, 0.3625
0.8271, 0.3625
0.8271, 0.3625
0.8271, 0.3625
0.8271, 0.3625
0.8271, 0.3625
0.8318, 0.3625
0.8318, 0.3625
0.8318, 0.3625
0.8318, 0.3625
0.8318, 0.3625
0.8318, 0.3625
0.8364, 0.3625
0.8364, 0.3625
0.8364, 0.3625
0.8364, 0.3625
0.8364, 0.3625
0.8364, 0.3625
0.8364, 0.3625
0.8364, 0.3600
0.8364, 0.3600
0.8364, 0.3600
0.8364, 0.3600
0.8364, 0.3600
0.8364, 0.3600
0.8364, 0.3600
0.8364, 0.3600
0.8364, 0.3600
0.8364, 0.3600
0.8364, 0.3600
0.8364, 0.3600
0.8411, 0.3575
0.8411, 0.3575
0.8411, 0.3575
0.8411, 0.3575
0.8411, 0.3575
0.8411, 0.3575
0.8458, 0.3575
0.8458, 0.3575
0.8458, 0.3575
0.8458, 0.3550
0.8458, 0.3550
0.8458, 0.3550
0.8458, 0.3550
0.8458, 0.3550
0.8458, 0.3550
0.8505, 0.3550
0.8505, 0.3550
0.8505, 0.3550
0.8505, 0.3550
0.8505, 0.3550
0.8505, 0.3550
0.8505, 0.3550
0.8505, 0.3550
0.8505, 0.3550
0.8505, 0.3550
0.8505, 0.3550
0.8505, 0.3550
0.8551, 0.3525
0.8551, 0.3525
0.8551, 0.3525
0.8551, 0.3525
0.8551, 0.3525
0.8551, 0.3500
0.8551, 0.3500
0.8551, 0.3500
0.8598, 0.3500
0.8598, 0.3500
0.8598, 0.3500
0.8598, 0.3500
0.8598, 0.3500
0.8598, 0.3500
0.8598, 0.3500
0.8598, 0.3500
0.8598, 0.3500
0.8645, 0.3475
0.8645, 0.3475
0.8645, 0.3475
0.8645, 0.3475
0.8645, 0.3475
0.8645, 0.3475
0.8645, 0.3475
0.8645, 0.3475
0.8645, 0.3475
0.8692, 0.3450
0.8692, 0.3450
0.8692, 0.3450
0.8692, 0.3450
0.8692, 0.3450
0.8692, 0.3450
0.8738, 0.3450
0.8738, 0.3450
0.8738, 0.3450
0.8738, 0.3425
0.8738, 0.3425
0.8738, 0.3425
0.8738, 0.3425
0.8738, 0.3425
0.8738, 0.3425
0.8738, 0.3425
0.8738, 0.3425
0.8738, 0.3425
0.8738, 0.3425
0.8738, 0.3425
0.8738, 0.3425
0.8738, 0.3425
0.8738, 0.3425
0.8738, 0.3425
0.8785, 0.3400
0.8785, 0.3400
0.8785, 0.3400
0.8785, 0.3400
0.8785, 0.3400
0.8785, 0.3400
0.8785, 0.3400
0.8785, 0.3400
0.8785, 0.3400
0.8832, 0.3375
0.8832, 0.3375
0.8832, 0.3375
0.8832, 0.3375
0.8832, 0.3375
0.8832, 0.3375
0.8832, 0.3375
0.8832, 0.3375
0.8832, 0.3375
0.8832, 0.3375
0.8832, 0.3375
0.8832, 0.3375
0.8879, 0.3350
0.8879, 0.3350
0.8879, 0.3350
0.8879, 0.3350
0.8879, 0.3350
0.8879, 0.3350
0.8879, 0.3350
0.8879, 0.3350
0.8879, 0.3350
0.8925, 0.3325
0.8925, 0.3325
0.8925, 0.3325
0.8925, 0.3325
0.8925, 0.3325
0.8925, 0.3325
0.8972, 0.3300
0.8972, 0.3300
0.8972, 0.3300
0.8972, 0.3300
0.8972, 0.3300
0.8972, 0.3300
0.8972, 0.3300
0.8972, 0.3300
0.8972, 0.3300
0.8972, 0.3300
0.8972, 0.3300
0.8972, 0.3300
0.9019, 0.3275
0.9019, 0.3275
0.9019, 0.3275
0.9019, 0.3275
0.9019, 0.3275
0.9019, 0.3275
0.9065, 0.3250
0.9065, 0.3250
0.9065, 0.3250
0.9065, 0.3250
0.9065, 0.3250
0.9065, 0.3250
0.9065, 0.3250
0.9065, 0.3250
0.9065, 0.3250
0.9065, 0.3250
0.9065, 0.3250
0.9112, 0.3225
0.9112, 0.3225
0.9112, 0.3225
0.9112, 0.3225
0.9112, 0.3225
0.9112, 0.3225
0.9159, 0.3200
0.9159, 0.3200
0.9159, 0.3200
0.9159, 0.3200
0.9159, 0.3200
0.9206, 0.3200
0.9206, 0.3200
0.9206, 0.3200
0.9206, 0.3175
0.9206, 0.3175
0.9206, 0.3175
0.9206, 0.3175
0.9206, 0.3175
0.9206, 0.3175
0.9206, 0.3175
0.9206, 0.3175
0.9206, 0.3175
0.9206, 0.3175
0.9206, 0.3175
0.9206, 0.3175
0.9206, 0.3150
0.9206, 0.3150
0.9206, 0.3150
0.9252, 0.3150
0.9252, 0.3150
0.9252, 0.3150
0.9252, 0.3150
0.9252, 0.3150
0.9252, 0.3150
0.9252, 0.3125
0.9252, 0.3125
0.9299, 0.3125
0.9299, 0.3125
0.9299, 0.3125
0.9299, 0.3125
0.9299, 0.3125
0.9299, 0.3125
0.9299, 0.3125
0.9299, 0.3125
0.9299, 0.3125
0.9299, 0.3100
0.9299, 0.3100
0.9299, 0.3100
0.9299, 0.3100
0.9299, 0.3100
0.9299, 0.3100
0.9346, 0.3100
0.9346, 0.3100
0.9346, 0.3100
0.9346, 0.3075
0.9346, 0.3075
0.9346, 0.3075
0.9346, 0.3075
0.9346, 0.3075
0.9393, 0.3050
0.9393, 0.3050
0.9393, 0.3050
0.9393, 0.3050
0.9393, 0.3050
0.9393, 0.3050
0.9393, 0.3050
0.9393, 0.3050
0.9393, 0.3050
0.9393, 0.3050
0.9393, 0.3050
0.9393, 0.3050
0.9393, 0.3025
0.9393, 0.3025
0.9393, 0.3025
0.9439, 0.3025
0.9439, 0.3025
0.9439, 0.3025
0.9439, 0.3000
0.9439, 0.3000
0.9439, 0.3000
0.9439, 0.3000
0.9439, 0.3000
0.9439, 0.3000
0.9486, 0.3000
0.9486, 0.3000
0.9486, 0.3000
0.9486, 0.3000
0.9486, 0.3000
0.9486, 0.2975
0.9486, 0.2975
0.9486, 0.2975
0.9486, 0.2975
0.9486, 0.2975
0.9486, 0.2975
0.9533, 0.2950
0.9533, 0.2950
0.9533, 0.2950
0.9533, 0.2950
0.9533, 0.2950
0.9533, 0.2950
0.9533, 0.2925
0.9533, 0.2925
0.9533, 0.2925
0.9533, 0.2925
0.9533, 0.2925
0.9533, 0.2925
0.9533, 0.2925
0.9533, 0.2925
0.9533, 0.2925
0.9533, 0.2925
0.9533, 0.2925
0.9533, 0.2925
0.9533, 0.2925
0.9533, 0.2925
0.9533, 0.2900
0.9533, 0.2900
0.9533, 0.2900
0.9533, 0.2900
0.9533, 0.2900
0.9533, 0.2900
0.9579, 0.2875
0.9579, 0.2875
0.9579, 0.2875
0.9579, 0.2875
0.9579, 0.2875
0.9579, 0.2875
0.9579, 0.2875
0.9579, 0.2875
0.9579, 0.2875
0.9579, 0.2875
0.9579, 0.2875
0.9579, 0.2875
0.9579, 0.2875
0.9579, 0.2875
0.9579, 0.2875
0.9626, 0.2850
0.9626, 0.2850
0.9626, 0.2850
0.9626, 0.2850
0.9626, 0.2850
0.9626, 0.2850
0.9626, 0.2825
0.9626, 0.2825
0.9626, 0.2825
0.9626, 0.2825
0.9626, 0.2825
0.9626, 0.2825
0.9626, 0.2825
0.9626, 0.2825
0.9626, 0.2825
0.9626, 0.2825
0.9626, 0.2825
0.9626, 0.2800
0.9626, 0.2800
0.9626, 0.2800
0.9626, 0.2800
0.9626, 0.2800
0.9626, 0.2800
0.9626, 0.2775
0.9626, 0.2775
0.9626, 0.2775
0.9626, 0.2775
0.9626, 0.2775
0.9626, 0.2775
0.9626, 0.2750
0.9626, 0.2750
0.9673, 0.2750
0.9673, 0.2750
0.9673, 0.2750
0.9673, 0.2750
0.9673, 0.2750
0.9673, 0.2750
0.9673, 0.2725
0.9673, 0.2725
0.9673, 0.2725
0.9673, 0.2725
0.9673, 0.2725
0.9673, 0.2725
0.9720, 0.2700
0.9720, 0.2700
0.9720, 0.2700
0.9720, 0.2700
0.9720, 0.2700
0.9720, 0.2700
0.9720, 0.2700
0.9720, 0.2700
0.9720, 0.2675
0.9720, 0.2675
0.9720, 0.2675
0.9720, 0.2650
0.9720, 0.2650
0.9766, 0.2625
0.9766, 0.2625
0.9766, 0.2625
0.9766, 0.2625
0.9766, 0.2625
0.9766, 0.2625
0.9766, 0.2625
0.9766, 0.2625
0.9766, 0.2625
0.9766, 0.2600
0.9766, 0.2600
0.9766, 0.2600
0.9766, 0.2575
0.9766, 0.2575
0.9766, 0.2575
0.9766, 0.2575
0.9766, 0.2575
0.9766, 0.2575
0.9766, 0.2575
0.9766, 0.2575
0.9766, 0.2575
0.9766, 0.2575
0.9766, 0.2575
0.9766, 0.2575
0.9766, 0.2550
0.9766, 0.2550
0.9766, 0.2550
0.9766, 0.2550
0.9766, 0.2550
0.9766, 0.2525
0.9766, 0.2525
0.9766, 0.2525
0.9813, 0.2500
0.9813, 0.2500
0.9813, 0.2500
0.9813, 0.2500
0.9813, 0.2500
0.9813, 0.2500
0.9813, 0.2500
0.9813, 0.2500
0.9813, 0.2475
0.9813, 0.2475
0.9813, 0.2475
0.9813, 0.2475
0.9813, 0.2475
0.9813, 0.2450
0.9813, 0.2450
0.9813, 0.2450
0.9813, 0.2450
0.9813, 0.2450
0.9813, 0.2450
0.9813, 0.2450
0.9813, 0.2450
0.9813, 0.2450
0.9813, 0.2450
0.9813, 0.2450
0.9813, 0.2450
0.9813, 0.2425
0.9813, 0.2425
0.9860, 0.2425
0.9860, 0.2425
0.9860, 0.2425
0.9860, 0.2400
0.9860, 0.2400
0.9860, 0.2400
0.9860, 0.2400
0.9860, 0.2400
0.9860, 0.2400
0.9860, 0.2400
0.9860, 0.2400
0.9860, 0.2400
0.9860, 0.2375
0.9860, 0.2375
0.9860, 0.2375
0.9860, 0.2375
0.9860, 0.2375
0.9860, 0.2375
0.9860, 0.2375
0.9860, 0.2375
0.9860, 0.2375
0.9860, 0.2375
0.9860, 0.2375
0.9860, 0.2350
0.9860, 0.2350
0.9860, 0.2350
0.9860, 0.2350
0.9860, 0.2350
0.9860, 0.2350
0.9860, 0.2325
0.9860, 0.2325
0.9860, 0.2325
0.9860, 0.2325
0.9860, 0.2325
0.9860, 0.2325
0.9860, 0.2325
0.9860, 0.2325
0.9860, 0.2325
0.9860, 0.2325
0.9860, 0.2325
0.9860, 0.2300
0.9860, 0.2300
0.9860, 0.2300
0.9860, 0.2300
0.9860, 0.2300
0.9860, 0.2300
0.9860, 0.2275
0.9860, 0.2275
0.9860, 0.2275
0.9860, 0.2275
0.9860, 0.2275
0.9907, 0.2275
0.9907, 0.2275
0.9907, 0.2275
0.9907, 0.2250
0.9907, 0.2250
0.9907, 0.2250
0.9907, 0.2250
0.9907, 0.2250
0.9907, 0.2250
0.9907, 0.2250
0.9907, 0.2250
0.9907, 0.2250
0.9907, 0.2250
0.9907, 0.2250
0.9907, 0.2250
0.9907, 0.2225
0.9907, 0.2225
0.9907, 0.2200
0.9907, 0.2200
0.9907, 0.2200
0.9907, 0.2200
0.9907, 0.2200
0.9907, 0.2200
0.9907, 0.2200
0.9907, 0.2200
0.9907, 0.2200
0.9907, 0.2200
0.9907, 0.2200
0.9907, 0.2175
0.9907, 0.2175
0.9907, 0.2175
0.9907, 0.2175
0.9907, 0.2175
0.9907, 0.2175
0.9953, 0.2150
0.9953, 0.2150
0.9953, 0.2150
0.9953, 0.2150
0.9953, 0.2150
0.9953, 0.2150
0.9953, 0.2150
0.9953, 0.2150
0.9953, 0.2150
0.9953, 0.2125
0.9953, 0.2125
0.9953, 0.2125
0.9953, 0.2125
0.9953, 0.2125
0.9953, 0.2125
0.9953, 0.2125
0.9953, 0.2125
0.9953, 0.2125
0.9953, 0.2125
0.9953, 0.2125
0.9953, 0.2100
0.9953, 0.2100
0.9953, 0.2100
0.9953, 0.2100
0.9953, 0.2100
0.9953, 0.2100
0.9953, 0.2100
0.9953, 0.2100
0.9953, 0.2075
0.9953, 0.2075
0.9953, 0.2075
0.9953, 0.2075
0.9953, 0.2075
0.9953, 0.2075
0.9953, 0.2075
0.9953, 0.2075
0.9953, 0.2075
0.9953, 0.2075
0.9953, 0.2075
0.9953, 0.2075
0.9953, 0.2050
0.9953, 0.2050
0.9953, 0.2050
0.9953, 0.2050
0.9953, 0.2050
0.9953, 0.2025
0.9953, 0.2025
0.9953, 0.2025
0.9953, 0.2025
0.9953, 0.2025
0.9953, 0.2025
1.0000, 0.2025
1.0000, 0.2025
1.0000, 0.2025
1.0000, 0.2025
1.0000, 0.2025
1.0000, 0.2000
1.0000, 0.2000
1.0000, 0.2000
1.0000, 0.2000
1.0000, 0.2000
1.0000, 0.2000
1.0000, 0.1975
1.0000, 0.1975
1.0000, 0.1975
1.0000, 0.1975
1.0000, 0.1975
1.0000, 0.1975
1.0000, 0.1975
1.0000, 0.1950
1.0000, 0.1950
1.0000, 0.1950
1.0000, 0.1950
1.0000, 0.1925
1.0000, 0.1900
1.0000, 0.1900
1.0000, 0.1900
1.0000, 0.1875
1.0000, 0.1875
1.0000, 0.1850
1.0000, 0.1850
1.0000, 0.1850
1.0000, 0.1850
1.0000, 0.1850
1.0000, 0.1850
1.0000, 0.1825
1.0000, 0.1825
1.0000, 0.1825
1.0000, 0.1825
1.0000, 0.1825
1.0000, 0.1825
1.0000, 0.1825
1.0000, 0.1825
1.0000, 0.1800
1.0000, 0.1800
1.0000, 0.1800
1.0000, 0.1800
1.0000, 0.1800
1.0000, 0.1775
1.0000, 0.1775
1.0000, 0.1775
1.0000, 0.1775
1.0000, 0.1775
1.0000, 0.1750
1.0000, 0.1750
1.0000, 0.1750
1.0000, 0.1750
1.0000, 0.1750
1.0000, 0.1725
1.0000, 0.1725
1.0000, 0.1725
1.0000, 0.1700
1.0000, 0.1700
1.0000, 0.1700
1.0000, 0.1700
1.0000, 0.1700
1.0000, 0.1700
1.0000, 0.1700
1.0000, 0.1700
1.0000, 0.1675
1.0000, 0.1675
1.0000, 0.1650
1.0000, 0.1650
1.0000, 0.1650
1.0000, 0.1650
1.0000, 0.1650
1.0000, 0.1650
1.0000, 0.1650
1.0000, 0.1650
1.0000, 0.1625
1.0000, 0.1625
1.0000, 0.1625
1.0000, 0.1600
1.0000, 0.1600
1.0000, 0.1600
1.0000, 0.1575
1.0000, 0.1575
1.0000, 0.1575
1.0000, 0.1575
1.0000, 0.1575
1.0000, 0.1575
1.0000, 0.1575
1.0000, 0.1575
1.0000, 0.1550
1.0000, 0.1550
1.0000, 0.1525
1.0000, 0.1525
1.0000, 0.1525
1.0000, 0.1525
1.0000, 0.1525
1.0000, 0.1525
1.0000, 0.1525
1.0000, 0.1525
1.0000, 0.1525
1.0000, 0.1500
1.0000, 0.1500
1.0000, 0.1475
1.0000, 0.1475
1.0000, 0.1475
1.0000, 0.1450
1.0000, 0.1450
1.0000, 0.1450
1.0000, 0.1450
1.0000, 0.1450
1.0000, 0.1425
1.0000, 0.1425
1.0000, 0.1425
1.0000, 0.1425
1.0000, 0.1425
1.0000, 0.1425
1.0000, 0.1400
1.0000, 0.1400
1.0000, 0.1400
1.0000, 0.1400
1.0000, 0.1400
1.0000, 0.1375
1.0000, 0.1375
1.0000, 0.1350
1.0000, 0.1350
1.0000, 0.1325
1.0000, 0.1325
1.0000, 0.1325
1.0000, 0.1325
1.0000, 0.1300
1.0000, 0.1300
1.0000, 0.1275
1.0000, 0.1275
1.0000, 0.1275
1.0000, 0.1275
1.0000, 0.1275
1.0000, 0.1275
1.0000, 0.1275
1.0000, 0.1275
1.0000, 0.1275
1.0000, 0.1250
1.0000, 0.1250
1.0000, 0.1250
1.0000, 0.1250
1.0000, 0.1250
1.0000, 0.1225
1.0000, 0.1225
1.0000, 0.1225
1.0000, 0.1225
1.0000, 0.1225
1.0000, 0.1225
1.0000, 0.1225
1.0000, 0.1225
1.0000, 0.1225
1.0000, 0.1200
1.0000, 0.1200
1.0000, 0.1175
1.0000, 0.1175
1.0000, 0.1175
1.0000, 0.1175
1.0000, 0.1150
1.0000, 0.1150
1.0000, 0.1150
1.0000, 0.1150
1.0000, 0.1150
1.0000, 0.1150
1.0000, 0.1125
1.0000, 0.1125
1.0000, 0.1125
1.0000, 0.1125
1.0000, 0.1125
1.0000, 0.1100
1.0000, 0.1100
1.0000, 0.1100
1.0000, 0.1100
1.0000, 0.1100
1.0000, 0.1100
1.0000, 0.1075
1.0000, 0.1075
0.9953, 0.1050
0.9953, 0.1050
0.9953, 0.1050
0.9953, 0.1050
0.9953, 0.1050
0.9953, 0.1025
0.9953, 0.1025
0.9953, 0.1025
0.9953, 0.1025
0.9953, 0.1025
0.9953, 0.1025
0.9953, 0.1000
0.9953, 0.1000
0.9953, 0.1000
0.9953, 0.0975
0.9953, 0.0975
0.9907, 0.0975
0.9907, 0.0975
0.9907, 0.0950
0.9907, 0.0950
0.9907, 0.0925
0.9907, 0.0925
0.9907, 0.0925
0.9907, 0.0925
0.9907, 0.0900
0.9907, 0.0900
0.9907, 0.0875
0.9907, 0.0875
0.9907, 0.0875
0.9907, 0.0850
0.9907, 0.0850
0.9907, 0.0825
0.9907, 0.0825
0.9907, 0.0825
0.9907, 0.0825
0.9860, 0.0800
0.9860, 0.0800
0.9860, 0.0775
0.9860, 0.0775
0.9860, 0.0775
0.9860, 0.0775
0.9813, 0.0725
0.9813, 0.0725
0.9813, 0.0700
0.9813, 0.0700
0.9813, 0.0700
0.9813, 0.0700
0.9813, 0.0700
0.9813, 0.0675
0.9813, 0.0675
0.9813, 0.0650
0.9813, 0.0650
0.9813, 0.0650
0.9813, 0.0650
0.9766, 0.0625
0.9766, 0.0625
0.9766, 0.0600
0.9766, 0.0600
0.9766, 0.0575
0.9766, 0.0575
0.9766, 0.0575
0.9766, 0.0575
0.9766, 0.0575
0.9720, 0.0550
0.9720, 0.0550
0.9720, 0.0525
0.9720, 0.0525
0.9720, 0.0525
0.9720, 0.0525
0.9720, 0.0525
0.9720, 0.0525
0.9720, 0.0525
0.9720, 0.0500
0.9720, 0.0500
0.9720, 0.0500
0.9720, 0.0500
0.9720, 0.0500
0.9720, 0.0500
0.9673, 0.0475
0.9673, 0.0475
0.9673, 0.0475
0.9673, 0.0475
0.9673, 0.0475
0.9673, 0.0475
0.9673, 0.0450
0.9673, 0.0450
0.9673, 0.0450
0.9673, 0.0450
0.9673, 0.0450
0.9673, 0.0450
0.9673, 0.0450
0.9673, 0.0450
0.9673, 0.0450
0.9673, 0.0425
0.9673, 0.0425
0.9673, 0.0425
0.9673, 0.0425
0.9673, 0.0425
0.9673, 0.0400
0.9673, 0.0400
0.9673, 0.0400
0.9673, 0.0400
0.9673, 0.0400
0.9673, 0.0400
0.9673, 0.0400
0.9673, 0.0400
0.9673, 0.0400
0.9673, 0.0400
0.9673, 0.0400
0.9673, 0.0400
0.9673, 0.0400
0.9673, 0.0400
0.9673, 0.0400
0.9673, 0.0375
0.9673, 0.0375
0.9626, 0.0375
0.9626, 0.0375
0.9626, 0.0350
0.9626, 0.0350
0.9626, 0.0325
0.9626, 0.0325
0.9626, 0.0325
0.9626, 0.0325
0.9579, 0.0325
0.9579, 0.0325
0.9579, 0.0300
0.9579, 0.0300
0.9579, 0.0300
0.9579, 0.0300
0.9579, 0.0300
0.9579, 0.0275
0.9579, 0.0275
0.9579, 0.0275
0.9579, 0.0275
0.9579, 0.0275
0.9579, 0.0275
0.9579, 0.0275
0.9579, 0.0275
0.9579, 0.0275
0.9579, 0.0275
0.9579, 0.0275
0.9579, 0.0275
0.9579, 0.0275
0.9579, 0.0275
0.9579, 0.0275
0.9579, 0.0275
0.9579, 0.0275
0.9579, 0.0275
0.6355, 0.3900
0.6355, 0.3900
0.6355, 0.3900
0.6355, 0.3900
0.6355, 0.3900
0.6355, 0.3900
0.6355, 0.3900
0.6355, 0.3900
0.6355, 0.3900
0.6355, 0.3900
0.6355, 0.3900
0.6355, 0.3900
0.6355, 0.3900
0.6355, 0.3900
0.6355, 0.3900
0.6355, 0.3900
0.6355, 0.3900
0.6355, 0.3900
0.6355, 0.3900
0.6355, 0.3900
0.6355, 0.3900
0.6355, 0.3900
0.6355, 0.3900
0.6355, 0.3900
0.6355, 0.3900
0.6355, 0.3900
0.6355, 0.3900
0.6355, 0.3900
0.6355, 0.3900
0.6355, 0.3900
0.6355, 0.3900
0.6355, 0.3900
0.6355, 0.3900
0.6355, 0.3900
0.6355, 0.3900
0.6355, 0.3900
0.6355, 0.3900
0.6355, 0.3900
0.6355, 0.3900
0.6355, 0.3900
0.6355, 0.3900
0.6355, 0.3900
0.6355, 0.3900
0.6355, 0.3900
0.6355, 0.3900
0.6355, 0.3900
0.6355, 0.3900
0.6355, 0.3900
0.6355, 0.3900
0.6355, 0.3900
0.6355, 0.3875
0.6355, 0.3875
0.6355, 0.3875
0.6355, 0.3875
0.6355, 0.3875
0.6355, 0.3875
0.6355, 0.3875
0.6355, 0.3875
0.6355, 0.3875
0.6355, 0.3875
0.6355, 0.3875
0.6355, 0.3875
0.6355, 0.3875
0.6355, 0.3875
0.6355, 0.3875
0.6355, 0.3875
0.6355, 0.3875
0.6355, 0.3850
0.6355, 0.3850
0.6355, 0.3850
0.6355, 0.3850
0.6355, 0.3850
0.6355, 0.3850
0.6355, 0.3850
0.6355, 0.3825
0.6355, 0.3825
0.6355, 0.3825
0.6355, 0.3825
0.6355, 0.3825
0.6355, 0.3825
0.6355, 0.3800
0.6355, 0.3800
0.6355, 0.3800
0.6355, 0.3800
0.6355, 0.3800
0.6355, 0.3800
0.6355, 0.3800
0.6355, 0.3800
0.6355, 0.3800
0.6355, 0.3800
0.6355, 0.3800
0.6355, 0.3800
0.6355, 0.3800
0.6308, 0.3775
0.6308, 0.3775
0.6308, 0.3775
0.6308, 0.3775
0.6308, 0.3775
0.6308, 0.3775
0.6308, 0.3750
0.6308, 0.3750
0.6308, 0.3750
0.6308, 0.3750
0.6308, 0.3750
0.6308, 0.3750
0.6308, 0.3750
0.6308, 0.3750
0.6308, 0.3750
0.6308, 0.3750
0.6308, 0.3750
0.6308, 0.3750
0.6308, 0.3750
0.6308, 0.3750
0.6308, 0.3750
0.6308, 0.3750
0.6308, 0.3725
0.6308, 0.3725
0.6308, 0.3725
0.6308, 0.3725
0.6308, 0.3725
0.6308, 0.3725
0.6308, 0.3725
0.6308, 0.3725
0.6308, 0.3725
0.6308, 0.3725
0.6308, 0.3700
0.6308, 0.3700
0.6308, 0.3700
0.6308, 0.3700
0.6308, 0.3700
0.6308, 0.3700
0.6308, 0.3675
0.6308, 0.3675
0.6308, 0.3675
0.6308, 0.3675
0.6308, 0.3675
0.6308, 0.3675
0.6308, 0.3675
0.6308, 0.3675
0.6308, 0.3675
0.6308, 0.3675
0.6308, 0.3675
0.6308, 0.3675
0.6308, 0.3675
0.6308, 0.3650
0.6308, 0.3650
0.6308, 0.3650
0.6308, 0.3650
0.6308, 0.3650
0.6308, 0.3650
0.6308, 0.3650
0.6308, 0.3650
0.6308, 0.3650
0.6308, 0.3650
0.6308, 0.3625
0.6308, 0.3625
0.6308, 0.3625
0.6308, 0.3625
0.6308, 0.3625
0.6308, 0.3625
0.6308, 0.3625
0.6308, 0.3625
0.6308, 0.3625
0.6308, 0.3625
0.6308, 0.3625
0.6308, 0.3625
0.6308, 0.3625
0.6308, 0.3600
0.6308, 0.3600
0.6308, 0.3600
0.6308, 0.3575
0.6308, 0.3575
0.6308, 0.3575
0.6308, 0.3575
0.6308, 0.3575
0.6308, 0.3575
0.6308, 0.3550
0.6308, 0.3550
0.6308, 0.3550
0.6308, 0.3550
0.6308, 0.3550
0.6308, 0.3550
0.6308, 0.3550
0.6308, 0.3550
0.6308, 0.3550
0.6308, 0.3550
0.6308, 0.3525
0.6308, 0.3525
0.6308, 0.3525
0.6308, 0.3525
0.6308, 0.3525
0.6308, 0.3525
0.6308, 0.3500
0.6308, 0.3500
0.6308, 0.3500
0.6308, 0.3500
0.6308, 0.3500
0.6308, 0.3500
0.6308, 0.3500
0.6308, 0.3500
0.6308, 0.3500
0.6308, 0.3500
0.6308, 0.3475
0.6308, 0.3475
0.6308, 0.3475
0.6308, 0.3475
0.6308, 0.3475
0.6308, 0.3475
0.6308, 0.3475
0.6308, 0.3475
0.6308, 0.3475
0.6308, 0.3475
0.6308, 0.3450
0.6308, 0.3450
0.6308, 0.3450
0.6308, 0.3450
0.6308, 0.3450
0.6308, 0.3450
0.6308, 0.3425
0.6308, 0.3425
0.6308, 0.3425
0.6308, 0.3425
0.6308, 0.3425
0.6308, 0.3425
0.6308, 0.3425
0.6308, 0.3425
0.6308, 0.3425
0.6308, 0.3400
0.6308, 0.3400
0.6308, 0.3400
0.6308, 0.3400
0.6308, 0.3400
0.6308, 0.3400
0.6308, 0.3400
0.6308, 0.3375
0.6308, 0.3375
0.6308, 0.3375
0.6308, 0.3375
0.6308, 0.3375
0.6308, 0.3375
0.6308, 0.3375
0.6308, 0.3375
0.6308, 0.3375
0.6308, 0.3375
0.6308, 0.3375
0.6308, 0.3375
0.6308, 0.3375
0.6308, 0.3375
0.6308, 0.3350
0.6308, 0.3350
0.6308, 0.3350
0.6355, 0.3350
0.6355, 0.3350
0.6355, 0.3350
0.6355, 0.3350
0.6355, 0.3350
0.6355, 0.3350
0.6355, 0.3350
0.6355, 0.3325
0.6355, 0.3325
0.6355, 0.3325
0.6355, 0.3325
0.6355, 0.3325
0.6355, 0.3325
0.6355, 0.3325
0.6355, 0.3325
0.6355, 0.3325
0.6355, 0.3300
0.6355, 0.3300
0.6355, 0.3300
0.6355, 0.3300
0.6355, 0.3300
0.6355, 0.3300
0.6402, 0.3300
0.6402, 0.3300
0.6402, 0.3300
0.6402, 0.3300
0.6402, 0.3300
0.6402, 0.3300
0.6449, 0.3275
0.6449, 0.3275
0.6449, 0.3275
0.6449, 0.3275
0.6449, 0.3275
0.6449, 0.3275
0.6449, 0.3275
0.6449, 0.3275
0.6449, 0.3275
0.6449, 0.3250
0.6449, 0.3250
0.6449, 0.3250
0.6495, 0.3250
0.6495, 0.3250
0.6495, 0.3250
0.6495, 0.3250
0.6495, 0.3250
0.6495, 0.3250
0.6495, 0.3250
0.6495, 0.3250
0.6495, 0.3250
0.6495, 0.3250
0.6495, 0.3250
0.6495, 0.3250
0.6495, 0.3225
0.6495, 0.3225
0.6495, 0.3225
0.6495, 0.3225
0.6495, 0.3225
0.6495, 0.3225
0.6542, 0.3200
0.6542, 0.3200
0.6542, 0.3200
0.6542, 0.3200
0.6542, 0.3200
0.6542, 0.3200
0.6542, 0.3200
0.6542, 0.3200
0.6542, 0.3200
0.6589, 0.3200
0.6589, 0.3200
0.6589, 0.3200
0.6589, 0.3175
0.6589, 0.3175
0.6589, 0.3175
0.6589, 0.3175
0.6589, 0.3175
0.6589, 0.3175
0.6589, 0.3175
0.6589, 0.3175
0.6589, 0.3175
0.6589, 0.3175
0.6589, 0.3175
0.6589, 0.3175
0.6589, 0.3175
0.6589, 0.3175
0.6589, 0.3175
0.6589, 0.3175
0.6589, 0.3175
0.6589, 0.3175
0.6589, 0.3175
0.6589, 0.3175
0.6589, 0.3175
0.6589, 0.3175
0.6589, 0.3175
0.6589, 0.3175
0.6589, 0.3175
0.6589, 0.3175
0.6636, 0.3175
0.6636, 0.3175
0.6636, 0.3175
0.6636, 0.3175
0.6636, 0.3175
0.6636, 0.3175
0.6636, 0.3175
0.6636, 0.3175
0.6636, 0.3175
0.6636, 0.3150
0.6636, 0.3150
0.6636, 0.3150
0.6682, 0.3150
0.6682, 0.3150
0.6682, 0.3150
0.6682, 0.3150
0.6682, 0.3150
0.6682, 0.3150
0.6682, 0.3150
0.6682, 0.3150
0.6682, 0.3150
0.6682, 0.3150
0.6682, 0.3150
0.6682, 0.3150
0.6729, 0.3150
0.6729, 0.3150
0.6729, 0.3150
0.6729, 0.3125
0.6729, 0.3125
0.6729, 0.3125
0.6729, 0.3125
0.6729, 0.3125
0.6729, 0.3125
0.6729, 0.3125
0.6729, 0.3125
0.6729, 0.3125
0.6729, 0.3125
0.6729, 0.3125
0.6729, 0.3125
0.6729, 0.3125
0.6776, 0.3125
0.6776, 0.3125
0.6776, 0.3125
0.6776, 0.3125
0.6776, 0.3125
0.6776, 0.3125
0.6776, 0.3125
0.6776, 0.3125
0.6776, 0.3125
0.6776, 0.3125
0.6776, 0.3125
0.6776, 0.3125
0.6776, 0.3125
0.6776, 0.3125
0.6776, 0.3125
0.6822, 0.3125
0.6822, 0.3125
0.6822, 0.3125
0.6822, 0.3100
0.6822, 0.3100
0.6822, 0.3100
0.6822, 0.3100
0.6822, 0.3100
0.6822, 0.3100
0.6822, 0.3100
0.6822, 0.3100
0.6822, 0.3100
0.6822, 0.3100
0.6822, 0.3100
0.6822, 0.3100
0.6869, 0.3075
0.6869, 0.3075
0.6869, 0.3075
0.6869, 0.3075
0.6869, 0.3075
0.6869, 0.3075
0.6869, 0.3075
0.6869, 0.3075
0.6869, 0.3075
0.6869, 0.3075
0.6869, 0.3075
0.6869, 0.3075
0.6916, 0.3075
0.6916, 0.3075
0.6916, 0.3075
0.6916, 0.3075
0.6916, 0.3075
0.6916, 0.3075
0.6916, 0.3075
0.6916, 0.3075
0.6916, 0.3075
0.6916, 0.3075
0.6916, 0.3075
0.6916, 0.3075
0.6916, 0.3075
0.6916, 0.3075
0.6916, 0.3075
0.6963, 0.3075
0.6963, 0.3075
0.6963, 0.3075
0.6963, 0.3050
0.6963, 0.3050
0.6963, 0.3050
0.6963, 0.3050
0.6963, 0.3050
0.6963, 0.3050
0.6963, 0.3050
0.6963, 0.3050
0.6963, 0.3050
0.6963, 0.3050
0.6963, 0.3050
0.6963, 0.3050
0.6963, 0.3050
0.6963, 0.3025
0.6963, 0.3025
0.6963, 0.3025
0.6963, 0.3025
0.6963, 0.3025
0.6963, 0.3025
0.7009, 0.3025
0.7009, 0.3025
0.7009, 0.3025
0.7009, 0.3025
0.7009, 0.3025
0.7009, 0.3025
0.7009, 0.3000
0.7009, 0.3000
0.7009, 0.3000
0.7009, 0.3000
0.7009, 0.3000
0.7009, 0.3000
0.7056, 0.3000
0.7056, 0.3000
0.7056, 0.3000
0.7056, 0.3000
0.7056, 0.3000
0.7056, 0.3000
0.7056, 0.3000
0.7056, 0.3000
0.7056, 0.3000
0.7056, 0.3000
0.7056, 0.3000
0.7056, 0.2975
0.7056, 0.2975
0.7056, 0.2975
0.7056, 0.2975
0.7056, 0.2975
0.7056, 0.2975
0.7056, 0.2975
0.7056, 0.2975
0.7056, 0.2975
0.7056, 0.2950
0.7056, 0.2950
0.7103, 0.2950
0.7103, 0.2950
0.7103, 0.2950
0.7103, 0.2950
0.7103, 0.2950
0.7103, 0.2950
0.7103, 0.2950
0.7103, 0.2950
0.7103, 0.2950
0.7103, 0.2950
0.7103, 0.2950
0.7103, 0.2950
0.7103, 0.2950
0.7103, 0.2950
0.7103, 0.2950
0.7103, 0.2950
0.7103, 0.2925
0.7103, 0.2925
0.7103, 0.2925
0.7103, 0.2925
0.7103, 0.2925
0.7103, 0.2925
0.7103, 0.2925
0.7103, 0.2925
0.7103, 0.2925
0.7103, 0.2900
0.7103, 0.2900
0.7103, 0.2900
0.7103, 0.2900
0.7103, 0.2900
0.7103, 0.2900
0.7150, 0.2875
0.7150, 0.2875
0.7150, 0.2875
0.7150, 0.2875
0.7150, 0.2875
0.7150, 0.2875
0.7150, 0.2875
0.7150, 0.2875
0.7150, 0.2875
0.7150, 0.2875
0.7150, 0.2875
0.7150, 0.2875
0.7150, 0.2875
0.7150, 0.2875
0.7150, 0.2875
0.7150, 0.2875
0.7150, 0.2875
0.7150, 0.2875
0.7150, 0.2850
0.7150, 0.2850
0.7150, 0.2850
0.7150, 0.2850
0.7150, 0.2850
0.7150, 0.2850
0.7150, 0.2825
0.7150, 0.2825
0.7150, 0.2825
0.7150, 0.2825
0.7150, 0.2825
0.7150, 0.2825
0.7150, 0.2825
0.7150, 0.2825
0.7150, 0.2825
0.7150, 0.2825
0.7150, 0.2825
0.7150, 0.2825
0.7150, 0.2800
0.7150, 0.2800
0.7150, 0.2800
0.7150, 0.2800
0.7150, 0.2800
0.7103, 0.2800
0.7103, 0.2800
0.7103, 0.2800
0.7103, 0.2775
0.7103, 0.2775
0.7103, 0.2775
0.7103, 0.2775
0.7103, 0.2775
0.7103, 0.2775
0.7103, 0.2775
0.7103, 0.2775
0.7103, 0.2775
0.7103, 0.2775
0.7103, 0.2775
0.7103, 0.2775
0.7103, 0.2750
0.7103, 0.2750
0.7103, 0.2750
0.7103, 0.2750
0.7103, 0.2750
0.7103, 0.2750
0.7056, 0.2750
0.7056, 0.2750
0.7056, 0.2750
0.7056, 0.2750
0.7056, 0.2750
0.7056, 0.2750
0.7009, 0.2750
0.7009, 0.2750
0.7009, 0.2750
0.7009, 0.2750
0.7009, 0.2750
0.7009, 0.2750
0.7009, 0.2750
0.7009, 0.2750
0.7009, 0.2750
0.7009, 0.2750
0.7009, 0.2750
0.7009, 0.2750
0.6963, 0.2725
0.6963, 0.2725
0.6963, 0.2725
0.6963, 0.2725
0.6963, 0.2725
0.6916, 0.2725
0.6916, 0.2725
0.6916, 0.2725
0.6869, 0.2725
0.6869, 0.2725
0.6869, 0.2725
0.6869, 0.2725
0.6869, 0.2725
0.6869, 0.2725
0.6869, 0.2700
0.6869, 0.2700
0.6822, 0.2700
0.6822, 0.2700
0.6822, 0.2700
0.6776, 0.2700
0.6776, 0.2700
0.6776, 0.2700
0.6776, 0.2700
0.6776, 0.2700
0.6776, 0.2700
0.6776, 0.2700
0.6776, 0.2700
0.6776, 0.2700
0.6729, 0.2700
0.6729, 0.2700
0.6729, 0.2700
0.6729, 0.2700
0.6729, 0.2700
0.6682, 0.2700
0.6682, 0.2700
0.6682, 0.2700
0.6682, 0.2700
0.6682, 0.2700
0.6682, 0.2700
0.6636, 0.2700
0.6636, 0.2700
0.6636, 0.2700
0.6636, 0.2700
0.6636, 0.2700
0.6636, 0.2700
0.6636, 0.2700
0.6636, 0.2700
0.6636, 0.2700
0.6636, 0.2675
0.6636, 0.2675
0.6636, 0.2675
0.6589, 0.2675
0.6589, 0.2675
0.6589, 0.2675
0.6589, 0.2675
0.6589, 0.2675
0.6542, 0.2675
0.6542, 0.2675
0.6542, 0.2675
0.6542, 0.2675
0.6542, 0.2675
0.6542, 0.2675
0.6542, 0.2650
0.6542, 0.2650
0.6542, 0.2650
0.6495, 0.2650
0.6495, 0.2650
0.6495, 0.2650
0.6495, 0.2650
0.6495, 0.2650
0.6495, 0.2650
0.6495, 0.2650
0.6495, 0.2650
0.6449, 0.2650
0.6449, 0.2650
0.6449, 0.2650
0.6449, 0.2625
0.6449, 0.2625
0.6449, 0.2625
0.6449, 0.2625
0.6449, 0.2625
0.6449, 0.2625
0.6449, 0.2625
0.6449, 0.2625
0.6402, 0.2625
0.6402, 0.2625
0.6402, 0.2625
0.6402, 0.2625
0.6402, 0.2625
0.6402, 0.2625
0.6402, 0.2625
0.6402, 0.2625
0.6402, 0.2625
0.6402, 0.2625
0.6402, 0.2625
0.6355, 0.2625
0.6355, 0.2625
0.6355, 0.2625
0.6355, 0.2625
0.6355, 0.2625
0.6355, 0.2625
0.6308, 0.2600
0.6308, 0.2600
0.6308, 0.2600
0.6308, 0.2600
0.6308, 0.2600
0.6308, 0.2600
0.6308, 0.2600
0.6308, 0.2600
0.6308, 0.2600
0.6308, 0.2575
0.6308, 0.2575
0.6308, 0.2575
0.6308, 0.2575
0.6308, 0.2575
0.6308, 0.2575
0.6308, 0.2575
0.6308, 0.2575
0.6308, 0.2575
0.6262, 0.2575
0.6262, 0.2575
0.6262, 0.2575
0.6262, 0.2575
0.6262, 0.2575
0.6262, 0.2575
0.6262, 0.2575
0.6262, 0.2575
0.6215, 0.2575
0.6215, 0.2575
0.6215, 0.2575
0.6215, 0.2550
0.6215, 0.2550
0.6215, 0.2550
0.6215, 0.2550
0.6215, 0.2550
0.6215, 0.2550
0.6215, 0.2525
0.6215, 0.2525
0.6215, 0.2525
0.6215, 0.2525
0.6215, 0.2525
0.6215, 0.2525
0.6215, 0.2525
0.6215, 0.2525
0.6168, 0.2500
0.6168, 0.2500
0.6168, 0.2500
0.6168, 0.2500
0.6168, 0.2500
0.6168, 0.2500
0.6168, 0.2500
0.6168, 0.2500
0.6168, 0.2500
0.6121, 0.2500
0.6121, 0.2500
0.6121, 0.2500
0.6121, 0.2475
0.6121, 0.2475
0.6121, 0.2475
0.6075, 0.2475
0.6075, 0.2475
0.6075, 0.2450
0.6075, 0.2450
0.6075, 0.2450
0.6075, 0.2450
0.6075, 0.2450
0.6075, 0.2450
0.6075, 0.2450
0.6075, 0.2450
0.6075, 0.2450
0.6075, 0.2450
0.6075, 0.2450
0.6075, 0.2450
0.6075, 0.2450
0.6075, 0.2450
0.6075, 0.2450
0.6075, 0.2450
0.6075, 0.2450
0.6075, 0.2450
0.6075, 0.2450
0.6075, 0.2450
0.6075, 0.2425
0.6075, 0.2425
0.6075, 0.2425
0.6075, 0.2425
0.6075, 0.2425
0.6075, 0.2425
0.6075, 0.2425
0.6075, 0.2425
0.6075, 0.2425
0.6075, 0.2400
0.6075, 0.2400
0.6075, 0.2400
0.6075, 0.2400
0.6075, 0.2400
0.6075, 0.2400
0.6075, 0.2400
0.6075, 0.2400
0.6075, 0.2400
0.6075, 0.2400
0.6075, 0.2400
0.6075, 0.2375
0.6075, 0.2375
0.6075, 0.2375
0.6075, 0.2375
0.6075, 0.2375
0.6075, 0.2375
0.6075, 0.2375
0.6075, 0.2375
0.6075, 0.2375
0.6075, 0.2375
0.6075, 0.2375
0.6075, 0.2375
0.6075, 0.2375
0.6075, 0.2375
0.6075, 0.2375
0.6075, 0.2375
0.6075, 0.2375
0.6075, 0.2375
0.6075, 0.2375
0.6075, 0.2375
0.6075, 0.2375
0.6075, 0.2375
0.6075, 0.2375
0.6075, 0.2375
0.6075, 0.2350
0.6075, 0.2350
0.6075, 0.2350
0.6075, 0.2350
0.6075, 0.2350
0.6075, 0.2350
0.6075, 0.2350
0.6075, 0.2350
0.6075, 0.2325
0.6075, 0.2325
0.6075, 0.2325
0.6075, 0.2325
0.6075, 0.2325
0.6075, 0.2325
0.6075, 0.2325
0.6075, 0.2325
0.6075, 0.2325
0.6075, 0.2325
0.6075, 0.2325
0.6075, 0.2325
0.6075, 0.2325
0.6075, 0.2325
0.6075, 0.2325
0.6075, 0.2325
0.6075, 0.2325
0.6075, 0.2300
0.6075, 0.2300
0.6075, 0.2300
0.6075, 0.2300
0.6075, 0.2300
0.6075, 0.2300
0.6121, 0.2275
0.6121, 0.2275
0.6121, 0.2275
0.6121, 0.2275
0.6121, 0.2275
0.6121, 0.2275
0.6121, 0.2275
0.6121, 0.2275
0.6168, 0.2275
0.6168, 0.2275
0.6168, 0.2275
0.6168, 0.2275
0.6168, 0.2275
0.6168, 0.2250
0.6168, 0.2250
0.6168, 0.2250
0.6168, 0.2250
0.6168, 0.2250
0.6168, 0.2250
0.6168, 0.2250
0.6168, 0.2250
0.6168, 0.2250
0.6168, 0.2225
0.6168, 0.2225
0.6168, 0.2225
0.6168, 0.2225
0.6168, 0.2225
0.6168, 0.2225
0.6215, 0.2200
0.6215, 0.2200
0.6215, 0.2200
0.6215, 0.2200
0.6215, 0.2200
0.6215, 0.2200
0.6215, 0.2200
0.6215, 0.2200
0.6262, 0.2200
0.6262, 0.2200
0.6262, 0.2200
0.6262, 0.2175
0.6262, 0.2175
0.6262, 0.2175
0.6262, 0.2175
0.6262, 0.2175
0.6262, 0.2175
0.6262, 0.2175
0.6262, 0.2175
0.6308, 0.2150
0.6308, 0.2150
0.6308, 0.2150
0.6308, 0.2150
0.6308, 0.2150
0.6355, 0.2150
0.6355, 0.2150
0.6355, 0.2150
0.6355, 0.2150
0.6355, 0.2150
0.6355, 0.2150
0.6355, 0.2150
0.6355, 0.2150
0.6355, 0.2150
0.6402, 0.2125
0.6402, 0.2125
0.6402, 0.2125
0.6402, 0.2125
0.6402, 0.2125
0.6449, 0.2100
0.6449, 0.2100
0.6449, 0.2100
0.6449, 0.2100
0.6449, 0.2100
0.6449, 0.2100
0.6495, 0.2100
0.6495, 0.2100
0.6495, 0.2100
0.6495, 0.2100
0.6495, 0.2100
0.6495, 0.2100
0.6495, 0.2100
0.6495, 0.2100
0.6495, 0.2100
0.6495, 0.2100
0.6495, 0.2100
0.6495, 0.2100
0.6495, 0.2100
0.6495, 0.2100
0.6495, 0.2100
0.6495, 0.2100
0.6495, 0.2100
0.6542, 0.2100
0.6542, 0.2100
0.6542, 0.2100
0.6542, 0.2100
0.6542, 0.2100
0.6542, 0.2100
0.6542, 0.2100
0.6542, 0.2100
0.6589, 0.2100
0.6589, 0.2100
0.6589, 0.2100
0.6589, 0.2100
0.6589, 0.2100
0.6589, 0.2100
0.6589, 0.2100
0.6589, 0.2100
0.6589, 0.2075
0.6589, 0.2075
0.6589, 0.2075
0.6589, 0.2075
0.6589, 0.2075
0.6589, 0.2075
0.6589, 0.2075
0.6589, 0.2075
0.6636, 0.2075
0.6636, 0.2075
0.6636, 0.2075
0.6636, 0.2075
0.6636, 0.2075
0.6636, 0.2075
0.6636, 0.2075
0.6636, 0.2075
0.6636, 0.2075
0.6636, 0.2075
0.6682, 0.2075
0.6682, 0.2075
0.6682, 0.2075
0.6682, 0.2075
0.6682, 0.2075
0.6682, 0.2075
0.6682, 0.2075
0.6682, 0.2075
0.6729, 0.2075
0.6729, 0.2075
0.6729, 0.2075
0.6729, 0.2075
0.6729, 0.2075
0.6729, 0.2075
0.6729, 0.2075
0.6729, 0.2075
0.6729, 0.2075
0.6729, 0.2075
0.6729, 0.2075
0.6729, 0.2075
0.6729, 0.2075
0.6729, 0.2075
0.6729, 0.2075
0.6729, 0.2075
0.6729, 0.2075
0.6729, 0.2075
0.6729, 0.2075
0.6729, 0.2075
0.6776, 0.2075
0.6776, 0.2075
0.6776, 0.2075
0.6776, 0.2075
0.6776, 0.2075
0.6776, 0.2075
0.6776, 0.2075
0.6776, 0.2075
0.6822, 0.2075
0.6822, 0.2075
0.6822, 0.2075
0.6822, 0.2075
0.6822, 0.2075
0.6822, 0.2075
0.6822, 0.2075
0.6822, 0.2075
0.6822, 0.2075
0.6822, 0.2075
0.6822, 0.2075
0.6822, 0.2050
0.6822, 0.2050
0.6822, 0.2050
0.6822, 0.2050
0.6822, 0.2050
0.6869, 0.2050
0.6869, 0.2050
0.6869, 0.2050
0.6916, 0.2050
0.6916, 0.2050
0.6916, 0.2050
0.6916, 0.2050
0.6916, 0.2050
0.6963, 0.2025
0.6963, 0.2025
0.6963, 0.2025
0.6963, 0.2025
0.6963, 0.2025
0.6963, 0.2025
0.6963, 0.2025
0.6963, 0.2025
0.6963, 0.2025
0.6963, 0.2025
0.6963, 0.2025
0.6963, 0.2025
0.6963, 0.2025
0.6963, 0.2025
0.6963, 0.2025
0.6963, 0.2025
0.6963, 0.2025
0.6963, 0.2025
0.6963, 0.2025
0.6963, 0.2025
0.6963, 0.2025
0.6963, 0.2025
0.6963, 0.2025
0.6963, 0.2025
0.7009, 0.2025
0.7009, 0.2025
0.7009, 0.2025
0.7056, 0.2000
0.7056, 0.2000
0.7056, 0.2000
0.7056, 0.2000
0.7056, 0.2000
0.7056, 0.1975
0.7056, 0.1975
0.7056, 0.1975
0.7056, 0.1975
0.7056, 0.1975
0.7056, 0.1975
0.7056, 0.1975
0.7056, 0.1975
0.7056, 0.1975
0.7056, 0.1975
0.7056, 0.1975
0.7103, 0.1975
0.7103, 0.1975
0.7103, 0.1975
0.7103, 0.1975
0.7103, 0.1975
0.7103, 0.1975
0.7103, 0.1975
0.7103, 0.1975
0.7103, 0.1950
0.7103, 0.1950
0.7103, 0.1950
0.7103, 0.1950
0.7103, 0.1950
0.7150, 0.1950
0.7150, 0.1950
0.7150, 0.1950
0.7196, 0.1950
0.7196, 0.1950
0.7196, 0.1925
0.7196, 0.1925
0.7196, 0.1925
0.7196, 0.1925
0.7196, 0.1925
0.7196, 0.1925
0.7196, 0.1925
0.7196, 0.1925
0.7196, 0.1900
0.7196, 0.1900
0.7196, 0.1900
0.7196, 0.1900
0.7196, 0.1900
0.7196, 0.1900
0.7196, 0.1900
0.7196, 0.1900
0.7196, 0.1900
0.7196, 0.1900
0.7196, 0.1900
0.7196, 0.1900
0.7196, 0.1900
0.7196, 0.1900
0.7196, 0.1900
0.7196, 0.1900
0.7196, 0.1900
0.7196, 0.1900
0.7196, 0.1900
0.7196, 0.1900
0.7196, 0.1900
0.7196, 0.1900
0.7196, 0.1900
0.7196, 0.1900
0.7196, 0.1900
0.7196, 0.1900
0.7196, 0.1900
0.7196, 0.1875
0.7196, 0.1875
0.7196, 0.1875
0.7196, 0.1875
0.7196, 0.1875
0.7196, 0.1850
0.7196, 0.1850
0.7196, 0.1850
0.7196, 0.1850
0.7196, 0.1850
0.7196, 0.1850
0.7196, 0.1825
0.7196, 0.1825
0.7196, 0.1825
0.7196, 0.1825
0.7196, 0.1825
0.7196, 0.1825
0.7196, 0.1825
0.7196, 0.1825
0.7196, 0.1825
0.7196, 0.1825
0.7196, 0.1825
0.7196, 0.1825
0.7196, 0.1825
0.7196, 0.1800
0.7196, 0.1800
0.7196, 0.1775
0.7196, 0.1775
0.7196, 0.1775
0.7196, 0.1775
0.7196, 0.1775
0.7196, 0.1775
0.7196, 0.1775
0.7196, 0.1775
0.7196, 0.1775
0.7196, 0.1775
0.7196, 0.1775
0.7196, 0.1750
0.7196, 0.1750
0.7196, 0.1750
0.7196, 0.1750
0.7196, 0.1750
0.7196, 0.1750
0.7196, 0.1725
0.7196, 0.1725
0.7196, 0.1725
0.7150, 0.1725
0.7150, 0.1725
0.7150, 0.1700
0.7150, 0.1700
0.7150, 0.1700
0.7103, 0.1700
0.7103, 0.1700
0.7103, 0.1700
0.7103, 0.1700
0.7103, 0.1700
0.7103, 0.1700
0.7103, 0.1700
0.7103, 0.1700
0.7056, 0.1675
0.7056, 0.1675
0.7056, 0.1675
0.7056, 0.1675
0.7056, 0.1675
0.7009, 0.1675
0.7009, 0.1675
0.7009, 0.1650
0.7009, 0.1650
0.7009, 0.1650
0.7009, 0.1650
0.7009, 0.1650
0.6963, 0.1650
0.6963, 0.1650
0.6963, 0.1650
0.6963, 0.1650
0.6963, 0.1650
0.6916, 0.1650
0.6916, 0.1650
0.6916, 0.1650
0.6869, 0.1625
0.6869, 0.1625
0.6869, 0.1625
0.6869, 0.1625
0.6869, 0.1625
0.6869, 0.1625
0.6869, 0.1625
0.6869, 0.1625
0.6869, 0.1625
0.6869, 0.1625
0.6822, 0.1625
0.6822, 0.1625
0.6822, 0.1625
0.6822, 0.1625
0.6822, 0.1625
0.6822, 0.1625
0.6776, 0.1600
0.6776, 0.1600
0.6776, 0.1600
0.6776, 0.1600
0.6776, 0.1600
0.6729, 0.1600
0.6729, 0.1600
0.6682, 0.1600
0.6682, 0.1600
0.6636, 0.1600
0.6636, 0.1600
0.6636, 0.1600
0.6636, 0.1600
0.6636, 0.1600
0.6636, 0.1600
0.6636, 0.1600
0.6636, 0.1600
0.6589, 0.1575
0.6589, 0.1575
0.6589, 0.1575
0.6542, 0.1575
0.6542, 0.1575
0.6542, 0.1575
0.6542, 0.1575
0.6542, 0.1575
0.6542, 0.1575
0.6542, 0.1575
0.6542, 0.1575
0.6542, 0.1575
0.6542, 0.1575
0.6495, 0.1575
0.6495, 0.1575
0.6495, 0.1575
0.6495, 0.1575
0.6495, 0.1575
0.6449, 0.1575
0.6449, 0.1575
0.6449, 0.1575
0.6449, 0.1575
0.6449, 0.1575
0.6449, 0.1575
0.6449, 0.1575
0.6402, 0.1575
0.6402, 0.1575
0.6402, 0.1575
0.6402, 0.1550
0.6402, 0.1550
0.6402, 0.1550
0.6402, 0.1550
0.6402, 0.1550
0.6402, 0.1550
0.6402, 0.1550
0.6402, 0.1550
0.6355, 0.1550
0.6355, 0.1550
0.6355, 0.1525
0.6355, 0.1525
0.6308, 0.1525
0.6308, 0.1525
0.6308, 0.1525
0.6308, 0.1525
0.6308, 0.1525
0.6308, 0.1525
0.6308, 0.1525
0.6308, 0.1525
0.6308, 0.1525
0.6308, 0.1525
0.6308, 0.1525
0.6308, 0.1525
0.6308, 0.1525
0.6308, 0.1525
0.6308, 0.1500
0.6308, 0.1500
0.6262, 0.1500
0.6262, 0.1500
0.6262, 0.1500
0.6262, 0.1500
0.6262, 0.1500
0.6262, 0.1475
0.6262, 0.1475
0.6215, 0.1475
0.6215, 0.1475
0.6215, 0.1475
0.6215, 0.1475
0.6215, 0.1475
0.6215, 0.1475
0.6215, 0.1475
0.6215, 0.1475
0.6215, 0.1450
0.6215, 0.1450
0.6215, 0.1450
0.6215, 0.1450
0.6215, 0.1450
0.6168, 0.1450
0.6168, 0.1450
0.6168, 0.1425
0.6168, 0.1425
0.6168, 0.1425
0.6168, 0.1425
0.6168, 0.1425
0.6168, 0.1425
0.6168, 0.1425
0.6168, 0.1425
0.6168, 0.1400
0.6168, 0.1400
0.6168, 0.1400
0.6168, 0.1400
0.6168, 0.1400
0.6168, 0.1400
0.6168, 0.1400
0.6121, 0.1400
0.6121, 0.1400
0.6121, 0.1375
0.6121, 0.1375
0.6121, 0.1375
0.6121, 0.1375
0.6121, 0.1375
0.6121, 0.1350
0.6121, 0.1350
0.6121, 0.1350
0.6121, 0.1350
0.6121, 0.1350
0.6121, 0.1350
0.6121, 0.1350
0.6121, 0.1350
0.6121, 0.1350
0.6121, 0.1350
0.6121, 0.1350
0.6121, 0.1350
0.6121, 0.1350
0.6121, 0.1325
0.6121, 0.1325
0.6121, 0.1325
0.6121, 0.1325
0.6121, 0.1325
0.6121, 0.1300
0.6121, 0.1300
0.6121, 0.1300
0.6121, 0.1300
0.6121, 0.1300
0.6121, 0.1275
0.6121, 0.1275
0.6121, 0.1275
0.6121, 0.1275
0.6121, 0.1275
0.6121, 0.1275
0.6121, 0.1275
0.6121, 0.1275
0.6121, 0.1275
0.6121, 0.1275
0.6121, 0.1275
0.6121, 0.1275
0.6121, 0.1275
0.6121, 0.1250
0.6121, 0.1250
0.6121, 0.1250
0.6168, 0.1250
0.6168, 0.1250
0.6168, 0.1225
0.6168, 0.1225
0.6168, 0.1225
0.6168, 0.1225
0.6168, 0.1225
0.6168, 0.1225
0.6168, 0.1225
0.6168, 0.1225
0.6168, 0.1225
0.6168, 0.1225
0.6168, 0.1200
0.6168, 0.1200
0.6215, 0.1200
0.6215, 0.1200
0.6215, 0.1175
0.6215, 0.1175
0.6215, 0.1175
0.6262, 0.1175
0.6262, 0.1175
0.6262, 0.1150
0.6262, 0.1150
0.6262, 0.1150
0.6308, 0.1150
0.6308, 0.1150
0.6308, 0.1150
0.6308, 0.1150
0.6308, 0.1150
0.6355, 0.1150
0.6355, 0.1150
0.6355, 0.1150
0.6355, 0.1150
0.6355, 0.1150
0.6355, 0.1125
0.6355, 0.1125
0.6355, 0.1125
0.6355, 0.1125
0.6355, 0.1125
0.6355, 0.1125
0.6355, 0.1125
0.6402, 0.1125
0.6402, 0.1125
0.6402, 0.1125
0.6402, 0.1125
0.6402, 0.1125
0.6402, 0.1100
0.6402, 0.1100
0.6402, 0.1100
0.6449, 0.1100
0.6449, 0.1100
0.6449, 0.1100
0.6449, 0.1100
0.6449, 0.1100
0.6495, 0.1100
0.6495, 0.1100
0.6495, 0.1100
0.6495, 0.1100
0.6495, 0.1100
0.6495, 0.1100
0.6495, 0.1100
0.6542, 0.1100
0.6542, 0.1100
0.6542, 0.1100
0.6542, 0.1100
0.6542, 0.1100
0.6589, 0.1100
0.6589, 0.1100
0.6589, 0.1100
0.6589, 0.1100
0.6589, 0.1100
0.6589, 0.1100
0.6589, 0.1100
0.6589, 0.1100
0.6636, 0.1100
0.6636, 0.1100
0.6636, 0.1100
0.6636, 0.1100
0.6636, 0.1100
0.6682, 0.1100
0.6682, 0.1100
0.6682, 0.1100
0.6682, 0.1100
0.6682, 0.1100
0.6729, 0.1100
0.6729, 0.1100
0.6729, 0.1100
0.6729, 0.1100
0.6729, 0.1100
0.6729, 0.1100
0.6729, 0.1100
0.6729, 0.1100
0.6729, 0.1100
0.6729, 0.1100
0.6729, 0.1100
0.6729, 0.1100
0.6729, 0.1100
0.6776, 0.1100
0.6776, 0.1100
0.6776, 0.1100
0.6776, 0.1100
0.6776, 0.1100
0.6822, 0.1100
0.6822, 0.1100
0.6822, 0.1100
0.6822, 0.1100
0.6822, 0.1075
0.6822, 0.1075
0.6822, 0.1075
0.6869, 0.1075
0.6869, 0.1075
0.6869, 0.1075
0.6869, 0.1075
0.6869, 0.1075
0.6916, 0.1075
0.6916, 0.1075
0.6963, 0.1075
0.6963, 0.1075
0.6963, 0.1075
0.6963, 0.1075
0.6963, 0.1075
0.6963, 0.1075
0.6963, 0.1075
0.6963, 0.1075
0.6963, 0.1075
0.6963, 0.1075
0.7009, 0.1050
0.7009, 0.1050
0.7009, 0.1050
0.7056, 0.1050
0.7056, 0.1050
0.7056, 0.1050
0.7056, 0.1050
0.7056, 0.1050
0.7056, 0.1050
0.7056, 0.1050
0.7056, 0.1050
0.7056, 0.1050
0.7056, 0.1050
0.7056, 0.1050
0.7056, 0.1050
0.7056, 0.1050
0.7056, 0.1050
0.7056, 0.1050
0.7103, 0.1050
0.7103, 0.1050
0.7103, 0.1025
0.7103, 0.1025
0.7103, 0.1025
0.7150, 0.1025
0.7150, 0.1025
0.7150, 0.1025
0.7150, 0.1025
0.7150, 0.1025
0.7196, 0.1025
0.7196, 0.1025
0.7196, 0.1025
0.7196, 0.1025
0.7196, 0.1025
0.7196, 0.1025
0.7196, 0.1025
0.7196, 0.1025
0.7196, 0.1025
0.7196, 0.1025
0.7196, 0.1025
0.7196, 0.1025
0.7196, 0.1025
0.7196, 0.1025
0.7196, 0.1025
0.7196, 0.1025
0.7196, 0.1025
0.7196, 0.1025
0.7196, 0.1025
0.7196, 0.1025
0.7196, 0.1025
0.7196, 0.1025
0.7196, 0.1000
0.7196, 0.1000
0.7196, 0.1000
0.7196, 0.1000
0.7196, 0.1000
0.7243, 0.0975
0.7243, 0.0975
0.7243, 0.0975
0.7243, 0.0975
0.7243, 0.0975
0.7243, 0.0975
0.7243, 0.0975
0.7243, 0.0975
0.7243, 0.0975
0.7243, 0.0975
0.7243, 0.0975
0.7243, 0.0975
0.7243, 0.0950
0.7243, 0.0950
0.7243, 0.0950
0.7243, 0.0950
0.7243, 0.0950
0.7243, 0.0950
0.7243, 0.0950
0.7243, 0.0950
0.7243, 0.0925
0.7243, 0.0925
0.7243, 0.0925
0.7243, 0.0925
0.7243, 0.0925
0.7243, 0.0900
0.7243, 0.0900
0.7243, 0.0900
0.7243, 0.0900
0.7243, 0.0900
0.7243, 0.0900
0.7243, 0.0900
0.7243, 0.0900
0.7243, 0.0900
0.7243, 0.0875
0.7243, 0.0875
0.7243, 0.0875
0.7243, 0.0875
0.7243, 0.0875
0.7243, 0.0850
0.7243, 0.0850
0.7243, 0.0850
0.7243, 0.0850
0.7243, 0.0850
0.7243, 0.0850
0.7243, 0.0850
0.7243, 0.0850
0.7243, 0.0850
0.7243, 0.0850
0.7243, 0.0825
0.7243, 0.0825
0.7243, 0.0825
0.7243, 0.0825
0.7243, 0.0825
0.7243, 0.0825
0.7243, 0.0825
0.7243, 0.0800
0.7243, 0.0800
0.7243, 0.0800
0.7243, 0.0800
0.7243, 0.0800
0.7243, 0.0775
0.7243, 0.0775
0.7243, 0.0775
0.7243, 0.0775
0.7243, 0.0775
0.7243, 0.0775
0.7243, 0.0775
0.7243, 0.0750
0.7243, 0.0750
0.7243, 0.0750
0.7243, 0.0750
0.7243, 0.0750
0.7243, 0.0725
0.7243, 0.0725
0.7243, 0.0725
0.7243, 0.0725
0.7243, 0.0725
0.7243, 0.0725
0.7243, 0.0725
0.7196, 0.0725
0.7196, 0.0725
0.7196, 0.0700
0.7196, 0.0700
0.7196, 0.0675
0.7196, 0.0675
0.7150, 0.0675
0.7150, 0.0675
0.7150, 0.0675
0.7150, 0.0675
0.7150, 0.0675
0.7103, 0.0675
0.7103, 0.0675
0.7103, 0.0650
0.7103, 0.0650
0.7103, 0.0650
0.7103, 0.0650
0.7103, 0.0650
0.7103, 0.0625
0.7103, 0.0625
0.7056, 0.0625
0.7056, 0.0625
0.7009, 0.0600
0.7009, 0.0600
0.7009, 0.0600
0.7009, 0.0600
0.7009, 0.0600
0.6963, 0.0600
0.6963, 0.0600
0.6963, 0.0600
0.6963, 0.0600
0.6963, 0.0600
0.6916, 0.0600
0.6916, 0.0600
0.6869, 0.0575
0.6869, 0.0575
0.6869, 0.0575
0.6869, 0.0575
0.6869, 0.0575
0.6822, 0.0575
0.6822, 0.0575
0.6776, 0.0550
0.6776, 0.0550
0.6776, 0.0550
0.6776, 0.0550
0.6776, 0.0550
0.6776, 0.0550
0.6776, 0.0550
0.6729, 0.0550
0.6729, 0.0550
0.6682, 0.0550
0.6682, 0.0550
0.6682, 0.0550
0.6636, 0.0550
0.6636, 0.0550
0.6636, 0.0525
0.6636, 0.0525
0.6636, 0.0525
0.6636, 0.0525
0.6589, 0.0525
0.6589, 0.0525
0.6589, 0.0525
0.6542, 0.0500
0.6542, 0.0500
0.6542, 0.0500
0.6542, 0.0500
0.6542, 0.0475
0.6542, 0.0475
0.6542, 0.0475
0.6495, 0.0475
0.6495, 0.0475
0.6449, 0.0475
0.6449, 0.0475
0.6402, 0.0475
0.6402, 0.0475
0.6402, 0.0450
0.6402, 0.0450
0.6402, 0.0450
0.6402, 0.0425
0.6402, 0.0425
0.6355, 0.0425
0.6355, 0.0425
0.6308, 0.0425
0.6308, 0.0425
0.6308, 0.0425
0.6308, 0.0425
0.6308, 0.0425
0.6308, 0.0425
0.6308, 0.0425
0.6308, 0.0400
0.6308, 0.0400
0.6262, 0.0400
0.6262, 0.0400
0.6262, 0.0375
0.6262, 0.0375
0.6262, 0.0375
0.6215, 0.0350
0.6215, 0.0350
0.6215, 0.0350
0.6215, 0.0350
0.6215, 0.0350
0.6215, 0.0350
0.6215, 0.0350
0.6215, 0.0325
0.6215, 0.0325
0.6215, 0.0325
0.6215, 0.0325
0.6215, 0.0325
0.6168, 0.0300
0.6168, 0.0300
0.6168, 0.0300
0.6168, 0.0300
0.6121, 0.0300
0.6121, 0.0300
0.6121, 0.0275
0.6121, 0.0275
0.6121, 0.0250
0.6121, 0.0250
0.6121, 0.0250
0.6075, 0.0225
0.6075, 0.0225
0.6075, 0.0225
0.6075, 0.0225
0.6075, 0.0225
0.6075, 0.0225
0.6075, 0.0225
0.6075, 0.0200
0.6075, 0.0200
0.6075, 0.0175
0.6075, 0.0175
0.6028, 0.0175
0.6028, 0.0175
0.6028, 0.0175
0.6028, 0.0175
0.6028, 0.0175
0.6028, 0.0150
0.6028, 0.0150
0.5981, 0.0150
0.5981, 0.0150
0.5981, 0.0125
0.5981, 0.0125
0.5981, 0.0100
0.5981, 0.0100
0.5981, 0.0100
0.5981, 0.0100
0.5935, 0.0100
0.5935, 0.0100
0.5935, 0.0100
0.5935, 0.0100
0.5888, 0.0075
0.5888, 0.0075
0.5888, 0.0075
0.5841, 0.0050
0.5841, 0.0050
0.5841, 0.0050
0.5841, 0.0050
0.5841, 0.0050
0.5841, 0.0050
0.5841, 0.0050
0.5841, 0.0050
0.5841, 0.0050
0.5748, 0.0025
0.5748, 0.0025
0.5748, 0.0000
0.5748, 0.0000
0.5748, 0.0000
0.5748, 0.0000
0.5748, 0.0000
0.5748, 0.0000
0.5748, 0.0000
0.5748, 0.0000
0.5748, 0.0000
0.5748, 0.0000
0.5748, 0.0000
0.5748, 0.0000
0.5748, 0.0000
0.5748, 0.0000
0.5748, 0.0000
0.5748, 0.0000
0.5748, 0.0000
0.5748, 0.0000
0.5748, 0.0000
0.5748, 0.0000
0.5748, 0.0000
0.5748, 0.0000
0.5748, 0.0000
0.5748, 0.0000
0.5748, 0.0000
0.5748, 0.0000
0.5748, 0.0000
0.5748, 0.0000
0.5748, 0.0000
0.5748, 0.0000
0.5748, 0.0000
0.5748, 0.0000
0.5748, 0.0000
0.5748, 0.0000
0.5748, 0.0000
0.5748, 0.0000
0.5748, 0.0000
0.5748, 0.0000
0.5748, 0.0000
0.5748, 0.0000
0.5748, 0.0000
0.5748, 0.0000
0.5748, 0.0000
0.5748, 0.0000
0.5748, 0.0025
0.5748, 0.0025
0.5748, 0.0025
0.5748, 0.0025
0.5841, 0.0075
0.0000, 1.0000
0.0000, 1.0000
0.0000, 1.0000
0.0000, 1.0000
0.0000, 1.0000
0.0000, 1.0000
0.0000, 1.0000
0.0000, 1.0000
0.0000, 1.0000
0.0000, 1.0000
0.0000, 1.0000
0.0000, 1.0000
0.0000, 1.0000
0.0000, 1.0000
0.0000, 1.0000
0.0000, 1.0000
0.0000, 1.0000
0.0000, 1.0000
0.0000, 1.0000
0.0000, 1.0000
0.0000, 1.0000
0.0000, 1.0000
0.0000, 1.0000
0.0000, 1.0000
0.0000, 1.0000
0.0000, 1.0000
0.0000, 1.0000
0.0000, 1.0000
0.0000, 1.0000
0.0000, 1.0000
0.0000, 1.0000
0.0000, 1.0000
0.0000, 1.0000
0.0000, 1.0000
0.0000, 1.0000
0.0000, 1.0000
0.0000, 1.0000
0.0000, 1.0000
0.0000, 1.0000
0.0000, 1.0000
0.0000, 1.0000
0.0000, 1.0000
0.0000, 1.0000
0.0000, 1.0000
0.0000, 1.0000
0.0000, 1.0000
0.0000, 1.0000
0.0000, 1.0000
0.0000, 1.0000
0.0000, 1.0000
0.0000, 1.0000
0.0000, 1.0000
0.0000, 1.0000
0.0000, 1.0000
0.0000, 1.0000
0.0000, 1.0000
0.0000, 1.0000
0.0000, 1.0000
0.0000, 1.0000
0.0000, 1.0000
0.0000, 1.0000
0.0000, 1.0000
0.0000, 1.0000
0.0000, 1.0000
0.0000, 1.0000
0.0000, 1.0000
0.0000, 1.0000
0.0000, 1.0000
0.0000, 1.0000
0.0000, 1.0000
0.0000, 1.0000
0.0000, 1.0000
0.0000, 1.0000
0.0000, 1.0000
0.0000, 1.0000
0.0000, 1.0000
0.0000, 1.0000
0.0000, 1.0000
0.0000, 1.0000
0.0000, 1.0000
0.0000, 1.0000
0.0000, 1.0000
0.0000, 1.0000
0.0000, 1.0000
0.0000, 1.0000
0.0000, 1.0000
0.0000, 1.0000
