0.1937, 0.3791
0.1937, 0.3791
0.1937, 0.3791
0.1937, 0.3791
0.1937, 0.3791
0.1937, 0.3791
0.1937, 0.3791
0.1937, 0.3791
0.1937, 0.3791
0.1937, 0.3791
0.1937, 0.3791
0.1937, 0.3791
0.1937, 0.3791
0.1937, 0.3791
0.1937, 0.3791
0.1937, 0.3791
0.1937, 0.3791
0.1937, 0.3791
0.1937, 0.3791
0.1937, 0.3791
0.1937, 0.3791
0.1937, 0.3791
0.1937, 0.3791
0.1937, 0.3791
0.1937, 0.3791
0.1937, 0.3791
0.1937, 0.3791
0.1937, 0.3791
0.1937, 0.3791
0.1937, 0.3791
0.1937, 0.3791
0.1937, 0.3791
0.1937, 0.3791
0.1937, 0.3791
0.1937, 0.3791
0.1937, 0.3791
0.1937, 0.3791
0.1937, 0.3791
0.1937, 0.3791
0.1937, 0.3791
0.1937, 0.3791
0.1937, 0.3791
0.1937, 0.3791
0.1937, 0.3791
0.1937, 0.3791
0.1937, 0.3791
0.1937, 0.3791
0.1937, 0.3791
0.1937, 0.3791
0.1937, 0.3791
0.1937, 0.3791
0.1937, 0.3791
0.1937, 0.3791
0.1937, 0.3791
0.1937, 0.3791
0.1937, 0.3791
0.1937, 0.3791
0.1937, 0.3791
0.1937, 0.3791
0.1937, 0.3791
0.1937, 0.3791
0.1937, 0.3791
0.1937, 0.3791
0.1937, 0.3791
0.1937, 0.3791
0.1937, 0.3791
0.1937, 0.3791
0.1937, 0.3791
0.1937, 0.3791
0.1937, 0.3791
0.1937, 0.3791
0.1937, 0.3791
0.1937, 0.3791
0.1937, 0.3791
0.1937, 0.3791
0.1937, 0.3791
0.1937, 0.3791
0.1937, 0.3791
0.1937, 0.3791
0.1892, 0.3791
0.1892, 0.3791
0.1892, 0.3791
0.1892, 0.3791
0.1892, 0.3766
0.1892, 0.3766
0.1892, 0.3766
0.1892, 0.3766
0.1892, 0.3766
0.1892, 0.3766
0.1892, 0.3766
0.1892, 0.3766
0.1892, 0.3766
0.1892, 0.3766
0.1892, 0.3766
0.1892, 0.3766
0.1892, 0.3766
0.1892, 0.3766
0.1892, 0.3740
0.1892, 0.3740
0.1892, 0.3740
0.1892, 0.3740
0.1892, 0.3740
0.1892, 0.3740
0.1892, 0.3740
0.1892, 0.3740
0.1847, 0.3740
0.1847, 0.3740
0.1847, 0.3740
0.1847, 0.3740
0.1847, 0.3740
0.1847, 0.3740
0.1847, 0.3740
0.1847, 0.3740
0.1847, 0.3740
0.1847, 0.3740
0.1847, 0.3740
0.1847, 0.3740
0.1847, 0.3740
0.1847, 0.3740
0.1847, 0.3740
0.1847, 0.3740
0.1847, 0.3740
0.1847, 0.3740
0.1802, 0.3740
0.1802, 0.3740
0.1802, 0.3740
0.1802, 0.3740
0.1802, 0.3740
0.1802, 0.3740
0.1802, 0.3740
0.1802, 0.3740
0.1802, 0.3740
0.1802, 0.3715
0.1802, 0.3715
0.1802, 0.3715
0.1802, 0.3715
0.1802, 0.3715
0.1802, 0.3715
0.1802, 0.3715
0.1802, 0.3715
0.1802, 0.3715
0.1802, 0.3715
0.1802, 0.3715
0.1802, 0.3715
0.1802, 0.3690
0.1802, 0.3690
0.1802, 0.3690
0.1802, 0.3690
0.1802, 0.3690
0.1802, 0.3690
0.1802, 0.3690
0.1802, 0.3690
0.1757, 0.3690
0.1757, 0.3690
0.1757, 0.3690
0.1757, 0.3690
0.1757, 0.3690
0.1757, 0.3690
0.1757, 0.3690
0.1757, 0.3664
0.1757, 0.3664
0.1757, 0.3664
0.1757, 0.3664
0.1757, 0.3664
0.1757, 0.3664
0.1757, 0.3664
0.1757, 0.3664
0.1757, 0.3664
0.1757, 0.3664
0.1757, 0.3664
0.1757, 0.3664
0.1757, 0.3664
0.1712, 0.3664
0.1712, 0.3664
0.1712, 0.3664
0.1712, 0.3664
0.1712, 0.3664
0.1712, 0.3664
0.1712, 0.3664
0.1712, 0.3664
0.1712, 0.3664
0.1712, 0.3664
0.1712, 0.3664
0.1712, 0.3664
0.1712, 0.3664
0.1712, 0.3664
0.1712, 0.3664
0.1712, 0.3664
0.1712, 0.3664
0.1712, 0.3664
0.1712, 0.3664
0.1712, 0.3664
0.1712, 0.3664
0.1712, 0.3664
0.1667, 0.3664
0.1667, 0.3664
0.1667, 0.3664
0.1667, 0.3664
0.1667, 0.3664
0.1667, 0.3664
0.1667, 0.3664
0.1667, 0.3664
0.1667, 0.3664
0.1667, 0.3639
0.1667, 0.3639
0.1667, 0.3639
0.1667, 0.3639
0.1667, 0.3639
0.1667, 0.3639
0.1667, 0.3639
0.1667, 0.3639
0.1667, 0.3639
0.1667, 0.3639
0.1667, 0.3639
0.1667, 0.3639
0.1667, 0.3639
0.1667, 0.3639
0.1667, 0.3639
0.1667, 0.3639
0.1667, 0.3639
0.1667, 0.3639
0.1667, 0.3639
0.1667, 0.3639
0.1667, 0.3639
0.1667, 0.3613
0.1667, 0.3613
0.1667, 0.3613
0.1667, 0.3613
0.1667, 0.3613
0.1667, 0.3613
0.1667, 0.3613
0.1667, 0.3613
0.1667, 0.3613
0.1667, 0.3613
0.1667, 0.3613
0.1667, 0.3613
0.1667, 0.3613
0.1667, 0.3613
0.1667, 0.3613
0.1667, 0.3613
0.1667, 0.3613
0.1667, 0.3613
0.1667, 0.3613
0.1667, 0.3613
0.1667, 0.3613
0.1622, 0.3613
0.1622, 0.3613
0.1622, 0.3613
0.1622, 0.3613
0.1622, 0.3613
0.1622, 0.3613
0.1622, 0.3613
0.1622, 0.3613
0.1622, 0.3613
0.1622, 0.3613
0.1622, 0.3613
0.1622, 0.3613
0.1622, 0.3613
0.1622, 0.3613
0.1622, 0.3613
0.1622, 0.3613
0.1622, 0.3613
0.1622, 0.3613
0.1622, 0.3613
0.1622, 0.3613
0.1577, 0.3613
0.1577, 0.3613
0.1577, 0.3613
0.1577, 0.3613
0.1577, 0.3588
0.1577, 0.3588
0.1577, 0.3588
0.1577, 0.3588
0.1577, 0.3588
0.1577, 0.3588
0.1577, 0.3588
0.1577, 0.3588
0.1577, 0.3588
0.1577, 0.3588
0.1577, 0.3588
0.1577, 0.3588
0.1577, 0.3588
0.1577, 0.3588
0.1577, 0.3588
0.1577, 0.3588
0.1577, 0.3588
0.1577, 0.3588
0.1577, 0.3588
0.1577, 0.3588
0.1577, 0.3588
0.1577, 0.3588
0.1577, 0.3562
0.1577, 0.3562
0.1577, 0.3562
0.1577, 0.3562
0.1577, 0.3562
0.1577, 0.3562
0.1577, 0.3562
0.1577, 0.3562
0.1577, 0.3562
0.1577, 0.3562
0.1577, 0.3562
0.1577, 0.3562
0.1577, 0.3562
0.1532, 0.3562
0.1532, 0.3562
0.1532, 0.3562
0.1532, 0.3562
0.1532, 0.3537
0.1532, 0.3537
0.1532, 0.3537
0.1532, 0.3537
0.1532, 0.3537
0.1532, 0.3537
0.1532, 0.3537
0.1532, 0.3537
0.1532, 0.3537
0.1532, 0.3537
0.1532, 0.3537
0.1532, 0.3537
0.1532, 0.3537
0.1532, 0.3537
0.1532, 0.3537
0.1532, 0.3537
0.1532, 0.3537
0.1532, 0.3537
0.1532, 0.3537
0.1532, 0.3537
0.1532, 0.3537
0.1486, 0.3537
0.1486, 0.3537
0.1486, 0.3537
0.1486, 0.3537
0.1486, 0.3537
0.1486, 0.3537
0.1486, 0.3537
0.1486, 0.3537
0.1486, 0.3537
0.1486, 0.3537
0.1486, 0.3537
0.1486, 0.3537
0.1486, 0.3537
0.1486, 0.3537
0.1486, 0.3537
0.1486, 0.3537
0.1486, 0.3537
0.1486, 0.3537
0.1486, 0.3537
0.1486, 0.3537
0.1486, 0.3537
0.1486, 0.3537
0.1486, 0.3511
0.1486, 0.3511
0.1486, 0.3511
0.1486, 0.3511
0.1486, 0.3511
0.1486, 0.3511
0.1486, 0.3511
0.1486, 0.3511
0.1486, 0.3511
0.1486, 0.3511
0.1486, 0.3511
0.1486, 0.3511
0.1486, 0.3511
0.1486, 0.3511
0.1486, 0.3511
0.1486, 0.3511
0.1486, 0.3511
0.1486, 0.3511
0.1486, 0.3511
0.1486, 0.3511
0.1486, 0.3511
0.1486, 0.3511
0.1486, 0.3511
0.1486, 0.3511
0.1486, 0.3511
0.1441, 0.3486
0.1441, 0.3486
0.1441, 0.3486
0.1441, 0.3486
0.1441, 0.3486
0.1441, 0.3486
0.1441, 0.3486
0.1441, 0.3486
0.1441, 0.3486
0.1441, 0.3486
0.1441, 0.3486
0.1441, 0.3486
0.1441, 0.3486
0.1441, 0.3486
0.1441, 0.3486
0.1441, 0.3486
0.1441, 0.3486
0.1441, 0.3486
0.1441, 0.3486
0.1441, 0.3486
0.1441, 0.3486
0.1441, 0.3486
0.1441, 0.3486
0.1441, 0.3486
0.1441, 0.3486
0.1441, 0.3486
0.1441, 0.3486
0.1441, 0.3486
0.1441, 0.3486
0.1396, 0.3486
0.1396, 0.3486
0.1396, 0.3486
0.1396, 0.3486
0.1396, 0.3486
0.1396, 0.3486
0.1396, 0.3486
0.1396, 0.3486
0.1396, 0.3461
0.1396, 0.3461
0.1396, 0.3461
0.1396, 0.3461
0.1396, 0.3461
0.1396, 0.3461
0.1396, 0.3461
0.1396, 0.3461
0.1396, 0.3461
0.1396, 0.3461
0.1396, 0.3461
0.1396, 0.3461
0.1396, 0.3461
0.1396, 0.3461
0.1396, 0.3461
0.1396, 0.3461
0.1351, 0.3461
0.1351, 0.3461
0.1351, 0.3461
0.1351, 0.3461
0.1351, 0.3461
0.1351, 0.3461
0.1351, 0.3461
0.1351, 0.3461
0.1351, 0.3435
0.1351, 0.3435
0.1351, 0.3435
0.1351, 0.3435
0.1351, 0.3435
0.1351, 0.3435
0.1351, 0.3435
0.1351, 0.3435
0.1351, 0.3435
0.1351, 0.3435
0.1351, 0.3435
0.1351, 0.3435
0.1351, 0.3435
0.1351, 0.3435
0.1351, 0.3435
0.1351, 0.3435
0.1351, 0.3410
0.1351, 0.3410
0.1351, 0.3410
0.1351, 0.3410
0.1351, 0.3410
0.1351, 0.3410
0.1351, 0.3410
0.1351, 0.3410
0.1351, 0.3410
0.1351, 0.3410
0.1351, 0.3410
0.1351, 0.3410
0.1351, 0.3410
0.1351, 0.3410
0.1351, 0.3410
0.1351, 0.3410
0.1351, 0.3410
0.1351, 0.3410
0.1351, 0.3410
0.1306, 0.3410
0.1306, 0.3410
0.1306, 0.3410
0.1306, 0.3410
0.1306, 0.3410
0.1306, 0.3410
0.1306, 0.3410
0.1306, 0.3410
0.1306, 0.3410
0.1306, 0.3410
0.1306, 0.3410
0.1306, 0.3410
0.1306, 0.3384
0.1306, 0.3384
0.1306, 0.3384
0.1306, 0.3384
0.1306, 0.3384
0.1306, 0.3384
0.1306, 0.3384
0.1306, 0.3384
0.1261, 0.3384
0.1261, 0.3384
0.1261, 0.3384
0.1261, 0.3384
0.1261, 0.3359
0.1261, 0.3359
0.1261, 0.3359
0.1261, 0.3359
0.1261, 0.3359
0.1261, 0.3359
0.1261, 0.3359
0.1261, 0.3359
0.1261, 0.3359
0.1261, 0.3359
0.1261, 0.3359
0.1261, 0.3359
0.1261, 0.3359
0.1261, 0.3359
0.1261, 0.3359
0.1261, 0.3359
0.1261, 0.3359
0.1261, 0.3359
0.1261, 0.3359
0.1261, 0.3359
0.1261, 0.3359
0.1261, 0.3359
0.1261, 0.3359
0.1261, 0.3359
0.1261, 0.3359
0.1261, 0.3359
0.1261, 0.3359
0.1261, 0.3359
0.1261, 0.3333
0.1261, 0.3333
0.1261, 0.3333
0.1261, 0.3333
0.1261, 0.3333
0.1261, 0.3333
0.1261, 0.3333
0.1261, 0.3333
0.1216, 0.3333
0.1216, 0.3333
0.1216, 0.3333
0.1216, 0.3333
0.1216, 0.3308
0.1216, 0.3308
0.1216, 0.3308
0.1216, 0.3308
0.1216, 0.3308
0.1216, 0.3308
0.1216, 0.3308
0.1216, 0.3308
0.1216, 0.3308
0.1216, 0.3308
0.1216, 0.3308
0.1216, 0.3308
0.1216, 0.3282
0.1216, 0.3282
0.1216, 0.3282
0.1216, 0.3282
0.1216, 0.3282
0.1216, 0.3282
0.1216, 0.3282
0.1216, 0.3282
0.1216, 0.3282
0.1216, 0.3282
0.1216, 0.3282
0.1171, 0.3282
0.1171, 0.3282
0.1171, 0.3282
0.1171, 0.3282
0.1171, 0.3282
0.1171, 0.3282
0.1171, 0.3282
0.1171, 0.3282
0.1171, 0.3282
0.1171, 0.3282
0.1171, 0.3282
0.1171, 0.3257
0.1171, 0.3257
0.1171, 0.3257
0.1171, 0.3257
0.1171, 0.3257
0.1171, 0.3257
0.1171, 0.3257
0.1171, 0.3257
0.1171, 0.3232
0.1171, 0.3232
0.1171, 0.3232
0.1171, 0.3232
0.1126, 0.3232
0.1126, 0.3232
0.1126, 0.3232
0.1126, 0.3232
0.1126, 0.3232
0.1126, 0.3232
0.1126, 0.3232
0.1126, 0.3232
0.1126, 0.3232
0.1126, 0.3232
0.1126, 0.3232
0.1126, 0.3232
0.1126, 0.3232
0.1126, 0.3232
0.1126, 0.3232
0.1126, 0.3232
0.1126, 0.3232
0.1126, 0.3232
0.1126, 0.3232
0.1126, 0.3206
0.1126, 0.3206
0.1126, 0.3206
0.1126, 0.3206
0.1126, 0.3206
0.1126, 0.3206
0.1126, 0.3206
0.1126, 0.3206
0.1126, 0.3181
0.1126, 0.3181
0.1126, 0.3181
0.1126, 0.3181
0.1126, 0.3181
0.1126, 0.3181
0.1126, 0.3181
0.1126, 0.3181
0.1126, 0.3181
0.1126, 0.3181
0.1126, 0.3181
0.1126, 0.3181
0.1126, 0.3181
0.1126, 0.3181
0.1126, 0.3181
0.1126, 0.3181
0.1126, 0.3181
0.1126, 0.3181
0.1126, 0.3181
0.1126, 0.3155
0.1126, 0.3155
0.1126, 0.3155
0.1126, 0.3155
0.1126, 0.3155
0.1126, 0.3155
0.1126, 0.3155
0.1126, 0.3155
0.1126, 0.3155
0.1126, 0.3155
0.1126, 0.3155
0.1126, 0.3155
0.1126, 0.3155
0.1126, 0.3155
0.1126, 0.3155
0.1126, 0.3155
0.1126, 0.3130
0.1126, 0.3130
0.1126, 0.3130
0.1126, 0.3130
0.1126, 0.3130
0.1126, 0.3130
0.1126, 0.3130
0.1126, 0.3130
0.1126, 0.3104
0.1126, 0.3104
0.1126, 0.3104
0.1126, 0.3104
0.1126, 0.3104
0.1126, 0.3104
0.1126, 0.3104
0.1126, 0.3104
0.1126, 0.3104
0.1126, 0.3104
0.1126, 0.3104
0.1126, 0.3104
0.1126, 0.3104
0.1126, 0.3104
0.1126, 0.3104
0.1126, 0.3104
0.1126, 0.3104
0.1126, 0.3104
0.1126, 0.3079
0.1126, 0.3079
0.1126, 0.3079
0.1126, 0.3079
0.1126, 0.3079
0.1126, 0.3079
0.1126, 0.3079
0.1126, 0.3079
0.1126, 0.3053
0.1126, 0.3053
0.1126, 0.3053
0.1126, 0.3053
0.1126, 0.3053
0.1126, 0.3053
0.1126, 0.3053
0.1126, 0.3053
0.1126, 0.3053
0.1126, 0.3053
0.1126, 0.3053
0.1126, 0.3028
0.1126, 0.3028
0.1126, 0.3028
0.1126, 0.3028
0.1126, 0.3028
0.1126, 0.3028
0.1126, 0.3028
0.1126, 0.3028
0.1126, 0.3028
0.1126, 0.3028
0.1126, 0.3028
0.1126, 0.3028
0.1126, 0.3028
0.1126, 0.3028
0.1126, 0.3028
0.1126, 0.3028
0.1126, 0.3003
0.1126, 0.3003
0.1126, 0.3003
0.1126, 0.3003
0.1126, 0.3003
0.1126, 0.3003
0.1126, 0.3003
0.1126, 0.3003
0.1126, 0.3003
0.1126, 0.3003
0.1126, 0.3003
0.1126, 0.3003
0.1126, 0.3003
0.1126, 0.3003
0.1126, 0.3003
0.1126, 0.2977
0.1126, 0.2977
0.1126, 0.2977
0.1171, 0.2977
0.1171, 0.2977
0.1171, 0.2977
0.1171, 0.2977
0.1171, 0.2977
0.1171, 0.2977
0.1171, 0.2977
0.1171, 0.2977
0.1171, 0.2977
0.1171, 0.2977
0.1171, 0.2977
0.1171, 0.2977
0.1171, 0.2952
0.1171, 0.2952
0.1171, 0.2952
0.1216, 0.2952
0.1216, 0.2952
0.1216, 0.2952
0.1216, 0.2952
0.1216, 0.2926
0.1216, 0.2926
0.1216, 0.2926
0.1216, 0.2926
0.1216, 0.2926
0.1216, 0.2926
0.1216, 0.2926
0.1216, 0.2926
0.1216, 0.2926
0.1216, 0.2926
0.1216, 0.2926
0.1216, 0.2926
0.1216, 0.2926
0.1216, 0.2926
0.1216, 0.2926
0.1216, 0.2926
0.1216, 0.2926
0.1216, 0.2926
0.1216, 0.2926
0.1216, 0.2901
0.1216, 0.2901
0.1216, 0.2901
0.1216, 0.2901
0.1216, 0.2901
0.1216, 0.2901
0.1216, 0.2901
0.1216, 0.2901
0.1216, 0.2901
0.1216, 0.2901
0.1216, 0.2901
0.1261, 0.2901
0.1261, 0.2901
0.1261, 0.2901
0.1261, 0.2901
0.1261, 0.2875
0.1261, 0.2875
0.1261, 0.2875
0.1261, 0.2875
0.1261, 0.2875
0.1261, 0.2875
0.1261, 0.2875
0.1261, 0.2875
0.1261, 0.2875
0.1261, 0.2875
0.1261, 0.2875
0.1261, 0.2850
0.1261, 0.2850
0.1261, 0.2850
0.1261, 0.2850
0.1306, 0.2850
0.1306, 0.2850
0.1306, 0.2850
0.1306, 0.2850
0.1306, 0.2850
0.1306, 0.2850
0.1306, 0.2850
0.1306, 0.2850
0.1306, 0.2850
0.1306, 0.2850
0.1306, 0.2850
0.1306, 0.2850
0.1306, 0.2850
0.1306, 0.2850
0.1306, 0.2824
0.1306, 0.2824
0.1306, 0.2824
0.1306, 0.2824
0.1306, 0.2824
0.1306, 0.2824
0.1306, 0.2824
0.1351, 0.2824
0.1351, 0.2824
0.1351, 0.2824
0.1351, 0.2824
0.1351, 0.2799
0.1351, 0.2799
0.1351, 0.2799
0.1351, 0.2799
0.1351, 0.2799
0.1351, 0.2799
0.1351, 0.2799
0.1396, 0.2799
0.1396, 0.2799
0.1396, 0.2799
0.1396, 0.2799
0.1396, 0.2799
0.1396, 0.2799
0.1396, 0.2799
0.1396, 0.2799
0.1396, 0.2799
0.1396, 0.2799
0.1396, 0.2799
0.1441, 0.2799
0.1441, 0.2799
0.1441, 0.2799
0.1441, 0.2799
0.1441, 0.2799
0.1441, 0.2799
0.1441, 0.2799
0.1441, 0.2774
0.1441, 0.2774
0.1441, 0.2774
0.1441, 0.2774
0.1441, 0.2774
0.1441, 0.2774
0.1441, 0.2774
0.1441, 0.2774
0.1441, 0.2774
0.1441, 0.2774
0.1441, 0.2774
0.1441, 0.2774
0.1441, 0.2774
0.1441, 0.2774
0.1441, 0.2774
0.1441, 0.2748
0.1441, 0.2748
0.1441, 0.2748
0.1441, 0.2748
0.1486, 0.2748
0.1486, 0.2748
0.1486, 0.2748
0.1486, 0.2748
0.1486, 0.2748
0.1486, 0.2748
0.1486, 0.2748
0.1486, 0.2748
0.1486, 0.2748
0.1486, 0.2748
0.1532, 0.2723
0.1532, 0.2723
0.1532, 0.2723
0.1532, 0.2723
0.1532, 0.2723
0.1532, 0.2723
0.1532, 0.2723
0.1532, 0.2723
0.1532, 0.2723
0.1532, 0.2723
0.1532, 0.2723
0.1532, 0.2723
0.1532, 0.2723
0.1532, 0.2723
0.1532, 0.2723
0.1532, 0.2723
0.1532, 0.2723
0.1532, 0.2723
0.1532, 0.2723
0.1577, 0.2723
0.1577, 0.2723
0.1577, 0.2723
0.1577, 0.2723
0.1577, 0.2723
0.1577, 0.2723
0.1577, 0.2723
0.1622, 0.2723
0.1622, 0.2723
0.1622, 0.2723
0.1622, 0.2723
0.1622, 0.2723
0.1622, 0.2723
0.1622, 0.2723
0.1622, 0.2697
0.1622, 0.2697
0.1622, 0.2697
0.1622, 0.2697
0.1667, 0.2697
0.1667, 0.2697
0.1667, 0.2697
0.1712, 0.2697
0.1712, 0.2697
0.1712, 0.2697
0.1712, 0.2697
0.1712, 0.2697
0.1712, 0.2697
0.1712, 0.2697
0.1757, 0.2697
0.1757, 0.2697
0.1757, 0.2697
0.1757, 0.2672
0.1757, 0.2672
0.1757, 0.2672
0.1757, 0.2672
0.1757, 0.2672
0.1757, 0.2672
0.1757, 0.2672
0.1757, 0.2672
0.1757, 0.2672
0.1757, 0.2672
0.1757, 0.2672
0.1802, 0.2672
0.1802, 0.2672
0.1802, 0.2672
0.1802, 0.2672
0.1802, 0.2672
0.1802, 0.2672
0.1802, 0.2672
0.1847, 0.2672
0.1847, 0.2672
0.1847, 0.2672
0.1847, 0.2672
0.1847, 0.2672
0.1847, 0.2672
0.1847, 0.2672
0.1847, 0.2672
0.1847, 0.2672
0.1847, 0.2672
0.1892, 0.2672
0.1892, 0.2672
0.1892, 0.2672
0.1937, 0.2672
0.1937, 0.2672
0.1937, 0.2672
0.1937, 0.2672
0.1937, 0.2672
0.1937, 0.2672
0.1937, 0.2672
0.1982, 0.2672
0.1982, 0.2672
0.1982, 0.2672
0.1982, 0.2672
0.1982, 0.2672
0.1982, 0.2672
0.1982, 0.2672
0.1982, 0.2672
0.1982, 0.2672
0.1982, 0.2672
0.1982, 0.2672
0.2027, 0.2672
0.2027, 0.2672
0.2027, 0.2672
0.2027, 0.2672
0.2027, 0.2672
0.2027, 0.2672
0.2027, 0.2672
0.2027, 0.2672
0.2027, 0.2672
0.2027, 0.2672
0.2027, 0.2672
0.2072, 0.2672
0.2072, 0.2672
0.2072, 0.2672
0.2072, 0.2672
0.2072, 0.2672
0.2072, 0.2672
0.2072, 0.2672
0.2072, 0.2672
0.2072, 0.2672
0.2072, 0.2672
0.2117, 0.2672
0.2117, 0.2672
0.2117, 0.2672
0.2117, 0.2672
0.2162, 0.2672
0.2162, 0.2672
0.2162, 0.2672
0.2162, 0.2672
0.2162, 0.2672
0.2162, 0.2672
0.2162, 0.2672
0.2207, 0.2672
0.2207, 0.2672
0.2207, 0.2672
0.2207, 0.2672
0.2207, 0.2672
0.2207, 0.2672
0.2207, 0.2672
0.2207, 0.2672
0.2207, 0.2672
0.2207, 0.2672
0.2207, 0.2672
0.2207, 0.2672
0.2207, 0.2672
0.2207, 0.2672
0.2207, 0.2672
0.2207, 0.2672
0.2207, 0.2672
0.2207, 0.2672
0.2252, 0.2672
0.2252, 0.2672
0.2252, 0.2672
0.2252, 0.2672
0.2252, 0.2672
0.2252, 0.2672
0.2297, 0.2672
0.2297, 0.2672
0.2297, 0.2672
0.2297, 0.2672
0.2297, 0.2672
0.2297, 0.2672
0.2297, 0.2672
0.2297, 0.2672
0.2297, 0.2672
0.2297, 0.2672
0.2297, 0.2672
0.2297, 0.2672
0.2297, 0.2672
0.2297, 0.2672
0.2297, 0.2672
0.2297, 0.2672
0.2297, 0.2672
0.2297, 0.2672
0.2342, 0.2672
0.2342, 0.2672
0.2342, 0.2672
0.2342, 0.2672
0.2387, 0.2672
0.2387, 0.2672
0.2387, 0.2672
0.2387, 0.2672
0.2387, 0.2672
0.2387, 0.2672
0.2387, 0.2672
0.2432, 0.2672
0.2432, 0.2672
0.2432, 0.2672
0.2432, 0.2672
0.2432, 0.2672
0.2432, 0.2672
0.2477, 0.2672
0.2477, 0.2672
0.2477, 0.2672
0.2477, 0.2672
0.2477, 0.2672
0.2477, 0.2672
0.2477, 0.2672
0.2477, 0.2672
0.2477, 0.2672
0.2477, 0.2672
0.2477, 0.2672
0.2523, 0.2697
0.2523, 0.2697
0.2523, 0.2697
0.2523, 0.2697
0.2523, 0.2697
0.2523, 0.2697
0.2523, 0.2697
0.2523, 0.2697
0.2523, 0.2697
0.2523, 0.2697
0.2523, 0.2697
0.2523, 0.2697
0.2523, 0.2697
0.2523, 0.2697
0.2523, 0.2697
0.2523, 0.2697
0.2523, 0.2697
0.2568, 0.2697
0.2568, 0.2697
0.2568, 0.2697
0.2568, 0.2697
0.2568, 0.2697
0.2568, 0.2697
0.2568, 0.2697
0.2568, 0.2697
0.2613, 0.2697
0.2613, 0.2697
0.2613, 0.2697
0.2613, 0.2697
0.2613, 0.2697
0.2613, 0.2697
0.2658, 0.2723
0.2658, 0.2723
0.2658, 0.2723
0.2658, 0.2723
0.2658, 0.2723
0.2658, 0.2723
0.2658, 0.2723
0.2658, 0.2723
0.2658, 0.2723
0.2658, 0.2723
0.2658, 0.2723
0.2658, 0.2723
0.2658, 0.2723
0.2658, 0.2723
0.2703, 0.2748
0.2703, 0.2748
0.2703, 0.2748
0.2703, 0.2748
0.2703, 0.2748
0.2703, 0.2748
0.2748, 0.2748
0.2748, 0.2748
0.2748, 0.2748
0.2748, 0.2774
0.2748, 0.2774
0.2748, 0.2774
0.2748, 0.2774
0.2748, 0.2774
0.2748, 0.2774
0.2748, 0.2774
0.2748, 0.2774
0.2748, 0.2774
0.2748, 0.2774
0.2748, 0.2774
0.2793, 0.2774
0.2793, 0.2774
0.2793, 0.2774
0.2838, 0.2774
0.2838, 0.2774
0.2838, 0.2774
0.2838, 0.2774
0.2838, 0.2774
0.2838, 0.2774
0.2838, 0.2774
0.2883, 0.2799
0.2883, 0.2799
0.2883, 0.2799
0.2883, 0.2799
0.2883, 0.2799
0.2883, 0.2799
0.2883, 0.2799
0.2883, 0.2799
0.2883, 0.2799
0.2883, 0.2799
0.2883, 0.2799
0.2883, 0.2799
0.2883, 0.2799
0.2928, 0.2824
0.2928, 0.2824
0.2928, 0.2824
0.2928, 0.2824
0.2928, 0.2824
0.2928, 0.2824
0.2928, 0.2824
0.2973, 0.2824
0.2973, 0.2824
0.2973, 0.2824
0.2973, 0.2824
0.2973, 0.2824
0.2973, 0.2824
0.2973, 0.2824
0.2973, 0.2824
0.2973, 0.2824
0.2973, 0.2824
0.2973, 0.2824
0.2973, 0.2824
0.2973, 0.2824
0.2973, 0.2824
0.3018, 0.2824
0.3018, 0.2824
0.3018, 0.2824
0.3063, 0.2824
0.3063, 0.2824
0.3063, 0.2824
0.3063, 0.2850
0.3063, 0.2850
0.3063, 0.2850
0.3063, 0.2850
0.3063, 0.2850
0.3063, 0.2850
0.3063, 0.2850
0.3108, 0.2850
0.3108, 0.2850
0.3108, 0.2850
0.3108, 0.2850
0.3108, 0.2850
0.3108, 0.2850
0.3108, 0.2850
0.3153, 0.2850
0.3153, 0.2850
0.3153, 0.2850
0.3198, 0.2850
0.3198, 0.2850
0.3198, 0.2850
0.3198, 0.2850
0.3198, 0.2850
0.3198, 0.2850
0.3198, 0.2850
0.3198, 0.2875
0.3198, 0.2875
0.3198, 0.2875
0.3243, 0.2875
0.3243, 0.2875
0.3243, 0.2875
0.3288, 0.2875
0.3288, 0.2875
0.3288, 0.2875
0.3288, 0.2875
0.3288, 0.2875
0.3288, 0.2875
0.3288, 0.2875
0.3333, 0.2875
0.3333, 0.2875
0.3333, 0.2875
0.3378, 0.2901
0.3378, 0.2901
0.3378, 0.2901
0.3378, 0.2901
0.3378, 0.2901
0.3378, 0.2901
0.3378, 0.2901
0.3423, 0.2901
0.3423, 0.2901
0.3423, 0.2901
0.3423, 0.2901
0.3423, 0.2901
0.3423, 0.2901
0.3423, 0.2901
0.3423, 0.2901
0.3423, 0.2901
0.3423, 0.2901
0.3423, 0.2901
0.3423, 0.2901
0.3423, 0.2901
0.3423, 0.2901
0.3468, 0.2901
0.3468, 0.2901
0.3468, 0.2901
0.3468, 0.2901
0.3468, 0.2901
0.3468, 0.2901
0.3514, 0.2901
0.3514, 0.2901
0.3514, 0.2901
0.3514, 0.2901
0.3514, 0.2901
0.3514, 0.2901
0.3514, 0.2901
0.3514, 0.2901
0.3514, 0.2901
0.3514, 0.2901
0.3514, 0.2901
0.3559, 0.2901
0.3559, 0.2901
0.3559, 0.2901
0.3559, 0.2901
0.3559, 0.2901
0.3559, 0.2901
0.3604, 0.2901
0.3604, 0.2901
0.3604, 0.2901
0.3604, 0.2901
0.3604, 0.2901
0.3604, 0.2901
0.3604, 0.2901
0.3649, 0.2901
0.3649, 0.2901
0.3649, 0.2901
0.3649, 0.2926
0.3649, 0.2926
0.3649, 0.2926
0.3649, 0.2926
0.3694, 0.2926
0.3694, 0.2926
0.3694, 0.2926
0.3739, 0.2926
0.3739, 0.2926
0.3739, 0.2926
0.3739, 0.2926
0.3739, 0.2926
0.3739, 0.2926
0.3739, 0.2926
0.3739, 0.2926
0.3739, 0.2926
0.3784, 0.2926
0.3784, 0.2926
0.3784, 0.2926
0.3829, 0.2926
0.3829, 0.2926
0.3829, 0.2926
0.3829, 0.2926
0.3829, 0.2926
0.3829, 0.2926
0.3829, 0.2926
0.3874, 0.2926
0.3874, 0.2926
0.3874, 0.2926
0.3874, 0.2926
0.3874, 0.2926
0.3874, 0.2926
0.3874, 0.2926
0.3874, 0.2926
0.3874, 0.2926
0.3874, 0.2926
0.3874, 0.2926
0.3874, 0.2926
0.3874, 0.2926
0.3874, 0.2926
0.3919, 0.2926
0.3919, 0.2926
0.3919, 0.2926
0.3964, 0.2926
0.3964, 0.2926
0.3964, 0.2926
0.3964, 0.2926
0.3964, 0.2926
0.3964, 0.2926
0.3964, 0.2926
0.3964, 0.2926
0.3964, 0.2926
0.4009, 0.2926
0.4009, 0.2926
0.4009, 0.2926
0.4009, 0.2926
0.4054, 0.2926
0.4054, 0.2926
0.4054, 0.2926
0.4099, 0.2926
0.4099, 0.2926
0.4099, 0.2926
0.4099, 0.2926
0.4099, 0.2926
0.4099, 0.2926
0.4144, 0.2926
0.4144, 0.2926
0.4144, 0.2926
0.4189, 0.2926
0.4189, 0.2926
0.4189, 0.2926
0.4189, 0.2901
0.4189, 0.2901
0.4189, 0.2901
0.4189, 0.2901
0.4189, 0.2901
0.4189, 0.2901
0.4189, 0.2901
0.4189, 0.2901
0.4189, 0.2901
0.4189, 0.2901
0.4234, 0.2901
0.4234, 0.2901
0.4234, 0.2901
0.4234, 0.2901
0.4234, 0.2901
0.4234, 0.2901
0.4279, 0.2901
0.4279, 0.2901
0.4279, 0.2901
0.4279, 0.2875
0.4279, 0.2875
0.4279, 0.2875
0.4279, 0.2875
0.4279, 0.2875
0.4279, 0.2875
0.4324, 0.2875
0.4324, 0.2875
0.4324, 0.2875
0.4324, 0.2875
0.4324, 0.2875
0.4324, 0.2875
0.4324, 0.2875
0.4324, 0.2875
0.4324, 0.2875
0.4324, 0.2875
0.4324, 0.2850
0.4324, 0.2850
0.4324, 0.2850
0.4369, 0.2850
0.4369, 0.2850
0.4369, 0.2850
0.4414, 0.2850
0.4414, 0.2850
0.4414, 0.2850
0.4414, 0.2850
0.4414, 0.2850
0.4414, 0.2850
0.4414, 0.2850
0.4414, 0.2850
0.4414, 0.2850
0.4414, 0.2850
0.4459, 0.2850
0.4459, 0.2850
0.4459, 0.2850
0.4459, 0.2850
0.4459, 0.2850
0.4459, 0.2850
0.4505, 0.2824
0.4505, 0.2824
0.4505, 0.2824
0.4505, 0.2824
0.4505, 0.2824
0.4505, 0.2824
0.4505, 0.2824
0.4505, 0.2824
0.4505, 0.2824
0.4505, 0.2824
0.4505, 0.2799
0.4505, 0.2799
0.4505, 0.2799
0.4550, 0.2799
0.4550, 0.2799
0.4550, 0.2799
0.4550, 0.2799
0.4550, 0.2799
0.4550, 0.2799
0.4595, 0.2799
0.4595, 0.2799
0.4595, 0.2799
0.4595, 0.2799
0.4595, 0.2799
0.4595, 0.2799
0.4640, 0.2799
0.4640, 0.2799
0.4640, 0.2799
0.4640, 0.2774
0.4640, 0.2774
0.4640, 0.2774
0.4640, 0.2774
0.4640, 0.2774
0.4640, 0.2774
0.4640, 0.2748
0.4640, 0.2748
0.4640, 0.2748
0.4685, 0.2723
0.4685, 0.2723
0.4685, 0.2723
0.4685, 0.2723
0.4685, 0.2723
0.4685, 0.2723
0.4730, 0.2723
0.4730, 0.2723
0.4730, 0.2723
0.4730, 0.2723
0.4730, 0.2723
0.4730, 0.2723
0.4730, 0.2723
0.4730, 0.2723
0.4730, 0.2723
0.4730, 0.2723
0.4730, 0.2697
0.4730, 0.2697
0.4730, 0.2697
0.4775, 0.2697
0.4775, 0.2697
0.4775, 0.2697
0.4775, 0.2672
0.4775, 0.2672
0.4775, 0.2672
0.4775, 0.2672
0.4775, 0.2672
0.4775, 0.2672
0.4775, 0.2672
0.4775, 0.2672
0.4775, 0.2672
0.4775, 0.2672
0.4820, 0.2672
0.4820, 0.2672
0.4820, 0.2672
0.4820, 0.2672
0.4820, 0.2672
0.4820, 0.2672
0.4820, 0.2672
0.4820, 0.2646
0.4820, 0.2646
0.4820, 0.2646
0.4865, 0.2646
0.4865, 0.2646
0.4865, 0.2646
0.4865, 0.2621
0.4865, 0.2621
0.4865, 0.2621
0.4865, 0.2621
0.4865, 0.2621
0.4865, 0.2621
0.4865, 0.2595
0.4865, 0.2595
0.4865, 0.2595
0.4865, 0.2595
0.4865, 0.2595
0.4865, 0.2595
0.4865, 0.2595
0.4865, 0.2595
0.4865, 0.2595
0.4865, 0.2595
0.4865, 0.2570
0.4865, 0.2570
0.4865, 0.2570
0.4910, 0.2570
0.4910, 0.2570
0.4910, 0.2545
0.4910, 0.2545
0.4910, 0.2545
0.4910, 0.2545
0.4910, 0.2545
0.4910, 0.2545
0.4910, 0.2545
0.4910, 0.2545
0.4910, 0.2545
0.4910, 0.2545
0.4955, 0.2545
0.4955, 0.2545
0.4955, 0.2545
0.4955, 0.2519
0.4955, 0.2519
0.4955, 0.2519
0.4955, 0.2494
0.4955, 0.2494
0.4955, 0.2494
0.4955, 0.2494
0.4955, 0.2494
0.4955, 0.2494
0.4955, 0.2468
0.4955, 0.2468
0.4955, 0.2468
0.4955, 0.2468
0.4955, 0.2468
0.4955, 0.2468
0.4955, 0.2468
0.4955, 0.2468
0.4955, 0.2468
0.5000, 0.2468
0.5000, 0.2468
0.5000, 0.2468
0.5000, 0.2443
0.5000, 0.2443
0.5000, 0.2443
0.5000, 0.2417
0.5000, 0.2417
0.5000, 0.2417
0.5000, 0.2417
0.5000, 0.2417
0.5000, 0.2417
0.5045, 0.2417
0.5045, 0.2417
0.5045, 0.2417
0.5045, 0.2417
0.5045, 0.2417
0.5045, 0.2417
0.5045, 0.2417
0.5045, 0.2392
0.5045, 0.2392
0.5045, 0.2392
0.5045, 0.2392
0.5045, 0.2392
0.5045, 0.2392
0.5090, 0.2366
0.5090, 0.2366
0.5090, 0.2366
0.5090, 0.2366
0.5090, 0.2366
0.5090, 0.2366
0.5090, 0.2366
0.5090, 0.2366
0.5090, 0.2366
0.5090, 0.2341
0.5090, 0.2341
0.5090, 0.2341
0.5090, 0.2341
0.5090, 0.2341
0.5090, 0.2341
0.5090, 0.2316
0.5090, 0.2316
0.5090, 0.2316
0.5090, 0.2316
0.5090, 0.2316
0.5090, 0.2316
0.5090, 0.2290
0.5090, 0.2290
0.5090, 0.2290
0.5090, 0.2290
0.5090, 0.2290
0.5090, 0.2290
0.5090, 0.2290
0.5090, 0.2290
0.5090, 0.2290
0.5090, 0.2290
0.5135, 0.2290
0.5135, 0.2290
0.5135, 0.2290
0.5135, 0.2290
0.5135, 0.2290
0.5135, 0.2290
0.5135, 0.2265
0.5135, 0.2265
0.5135, 0.2239
0.5135, 0.2239
0.5135, 0.2239
0.5135, 0.2239
0.5135, 0.2239
0.5135, 0.2239
0.5135, 0.2239
0.5180, 0.2239
0.5180, 0.2239
0.5180, 0.2239
0.5180, 0.2239
0.5180, 0.2239
0.5180, 0.2239
0.5180, 0.2214
0.5180, 0.2214
0.5180, 0.2214
0.5180, 0.2214
0.5180, 0.2214
0.5180, 0.2214
0.5180, 0.2188
0.5180, 0.2188
0.5180, 0.2188
0.5180, 0.2188
0.5180, 0.2188
0.5180, 0.2188
0.5180, 0.2163
0.5180, 0.2163
0.5180, 0.2163
0.5180, 0.2163
0.5180, 0.2163
0.5180, 0.2163
0.5180, 0.2163
0.5180, 0.2163
0.5180, 0.2163
0.5180, 0.2137
0.5180, 0.2137
0.5180, 0.2137
0.5225, 0.2137
0.5225, 0.2137
0.5225, 0.2137
0.5225, 0.2112
0.5225, 0.2112
0.5225, 0.2112
0.5225, 0.2112
0.5225, 0.2112
0.5225, 0.2112
0.5225, 0.2112
0.5225, 0.2112
0.5225, 0.2112
0.5225, 0.2112
0.5225, 0.2087
0.5225, 0.2087
0.5225, 0.2087
0.5225, 0.2087
0.5225, 0.2087
0.5225, 0.2087
0.5270, 0.2061
0.5270, 0.2061
0.5270, 0.2061
0.5270, 0.2036
0.5270, 0.2036
0.5270, 0.2036
0.5270, 0.2036
0.5270, 0.2036
0.5270, 0.2036
0.5270, 0.2036
0.5270, 0.2036
0.5270, 0.2036
0.5270, 0.2010
0.5270, 0.2010
0.5315, 0.2010
0.5315, 0.2010
0.5315, 0.2010
0.5315, 0.1985
0.5315, 0.1985
0.5315, 0.1985
0.5315, 0.1985
0.5315, 0.1985
0.5315, 0.1985
0.5315, 0.1985
0.5315, 0.1985
0.5315, 0.1985
0.5315, 0.1985
0.5315, 0.1985
0.5315, 0.1985
0.5315, 0.1959
0.5315, 0.1959
0.5315, 0.1959
0.5315, 0.1934
0.5315, 0.1934
0.5315, 0.1934
0.5315, 0.1934
0.5315, 0.1934
0.5315, 0.1934
0.5315, 0.1934
0.5315, 0.1908
0.5315, 0.1908
0.5315, 0.1908
0.5315, 0.1908
0.5315, 0.1908
0.5315, 0.1908
0.5315, 0.1908
0.5315, 0.1908
0.5315, 0.1908
0.5315, 0.1883
0.5315, 0.1883
0.5315, 0.1883
0.5315, 0.1883
0.5315, 0.1883
0.5315, 0.1883
0.5315, 0.1858
0.5315, 0.1858
0.5315, 0.1858
0.5315, 0.1858
0.5315, 0.1858
0.5315, 0.1858
0.5315, 0.1858
0.5315, 0.1858
0.5315, 0.1858
0.5315, 0.1832
0.5315, 0.1832
0.5315, 0.1832
0.5315, 0.1832
0.5315, 0.1832
0.5315, 0.1832
0.5315, 0.1807
0.5315, 0.1807
0.5315, 0.1807
0.5315, 0.1807
0.5315, 0.1807
0.5315, 0.1807
0.5315, 0.1781
0.5315, 0.1781
0.5315, 0.1781
0.5315, 0.1781
0.5315, 0.1781
0.5315, 0.1781
0.5315, 0.1756
0.5315, 0.1756
0.5315, 0.1756
0.5315, 0.1756
0.5315, 0.1756
0.5315, 0.1756
0.5315, 0.1730
0.5315, 0.1730
0.5315, 0.1730
0.5315, 0.1730
0.5315, 0.1730
0.5315, 0.1705
0.5315, 0.1705
0.5315, 0.1705
0.5315, 0.1705
0.5315, 0.1705
0.5315, 0.1705
0.5360, 0.1679
0.5360, 0.1679
0.5360, 0.1679
0.5360, 0.1654
0.5360, 0.1654
0.5360, 0.1654
0.5360, 0.1654
0.5360, 0.1654
0.5360, 0.1654
0.5360, 0.1654
0.5360, 0.1654
0.5360, 0.1654
0.5360, 0.1628
0.5360, 0.1628
0.5360, 0.1628
0.5360, 0.1603
0.5360, 0.1603
0.5360, 0.1603
0.5360, 0.1603
0.5360, 0.1603
0.5360, 0.1603
0.5360, 0.1603
0.5360, 0.1603
0.5360, 0.1603
0.5360, 0.1603
0.5360, 0.1603
0.5360, 0.1603
0.5360, 0.1603
0.5360, 0.1578
0.5360, 0.1578
0.5360, 0.1578
0.5360, 0.1552
0.5360, 0.1552
0.5360, 0.1552
0.5360, 0.1552
0.5360, 0.1552
0.5360, 0.1552
0.5360, 0.1552
0.5360, 0.1552
0.5360, 0.1552
0.5360, 0.1552
0.5360, 0.1552
0.5360, 0.1552
0.5360, 0.1527
0.5360, 0.1527
0.5360, 0.1527
0.5360, 0.1527
0.5360, 0.1527
0.5360, 0.1501
0.5360, 0.1501
0.5360, 0.1501
0.5360, 0.1501
0.5360, 0.1501
0.5360, 0.1501
0.5360, 0.1501
0.5360, 0.1476
0.5360, 0.1476
0.5360, 0.1476
0.5360, 0.1476
0.5360, 0.1476
0.5360, 0.1476
0.5360, 0.1476
0.5360, 0.1476
0.5360, 0.1476
0.5360, 0.1476
0.5360, 0.1476
0.5360, 0.1476
0.5360, 0.1450
0.5360, 0.1450
0.5360, 0.1450
0.5360, 0.1425
0.5360, 0.1425
0.5360, 0.1425
0.5360, 0.1425
0.5360, 0.1425
0.5360, 0.1425
0.5360, 0.1425
0.5360, 0.1425
0.5360, 0.1425
0.5360, 0.1399
0.5360, 0.1399
0.5360, 0.1399
0.5360, 0.1399
0.5360, 0.1399
0.5360, 0.1399
0.5360, 0.1374
0.5360, 0.1374
0.5360, 0.1374
0.5360, 0.1374
0.5360, 0.1374
0.5360, 0.1374
0.5360, 0.1349
0.5360, 0.1349
0.5360, 0.1349
0.5360, 0.1349
0.5360, 0.1349
0.5360, 0.1349
0.5360, 0.1349
0.5360, 0.1349
0.5360, 0.1349
0.5360, 0.1323
0.5360, 0.1323
0.5360, 0.1323
0.5360, 0.1298
0.5360, 0.1298
0.5360, 0.1298
0.5360, 0.1298
0.5360, 0.1298
0.5360, 0.1298
0.5360, 0.1298
0.5360, 0.1298
0.5360, 0.1298
0.5315, 0.1272
0.5315, 0.1272
0.5315, 0.1272
0.5315, 0.1272
0.5315, 0.1272
0.5315, 0.1272
0.5315, 0.1247
0.5315, 0.1247
0.5270, 0.1247
0.5270, 0.1247
0.5270, 0.1247
0.5270, 0.1221
0.5270, 0.1221
0.5270, 0.1221
0.5270, 0.1221
0.5270, 0.1221
0.5270, 0.1221
0.5225, 0.1196
0.5225, 0.1196
0.5225, 0.1196
0.5225, 0.1196
0.5225, 0.1196
0.5225, 0.1170
0.5225, 0.1170
0.5225, 0.1170
0.5225, 0.1170
0.5225, 0.1170
0.5225, 0.1170
0.5225, 0.1145
0.5225, 0.1145
0.5225, 0.1145
0.5180, 0.1145
0.5180, 0.1145
0.5180, 0.1145
0.5180, 0.1120
0.5180, 0.1120
0.5180, 0.1120
0.5180, 0.1120
0.5180, 0.1120
0.5180, 0.1094
0.5180, 0.1094
0.5180, 0.1094
0.5135, 0.1094
0.5135, 0.1094
0.5135, 0.1094
0.5135, 0.1094
0.5135, 0.1094
0.5135, 0.1094
0.5135, 0.1094
0.5135, 0.1094
0.5135, 0.1094
0.5135, 0.1069
0.5135, 0.1069
0.5135, 0.1069
0.5135, 0.1069
0.5135, 0.1069
0.5135, 0.1069
0.5090, 0.1043
0.5090, 0.1043
0.5090, 0.1043
0.5090, 0.1043
0.5090, 0.1043
0.5090, 0.1043
0.5090, 0.1043
0.5090, 0.1043
0.5090, 0.1043
0.5045, 0.1043
0.5045, 0.1043
0.5045, 0.1018
0.5045, 0.1018
0.5045, 0.1018
0.5045, 0.1018
0.5045, 0.1018
0.5045, 0.1018
0.5000, 0.0992
0.5000, 0.0992
0.5000, 0.0992
0.5000, 0.0992
0.5000, 0.0992
0.5000, 0.0967
0.5000, 0.0967
0.5000, 0.0967
0.5000, 0.0967
0.5000, 0.0967
0.5000, 0.0967
0.5000, 0.0967
0.5000, 0.0967
0.5000, 0.0967
0.4955, 0.0967
0.4955, 0.0967
0.4955, 0.0941
0.4955, 0.0941
0.4910, 0.0941
0.4910, 0.0941
0.4910, 0.0941
0.4910, 0.0916
0.4910, 0.0916
0.4910, 0.0916
0.4910, 0.0916
0.4910, 0.0916
0.4910, 0.0916
0.4910, 0.0916
0.4910, 0.0916
0.4910, 0.0916
0.4910, 0.0916
0.4910, 0.0916
0.4910, 0.0916
0.4910, 0.0916
0.4910, 0.0916
0.4910, 0.0916
0.4865, 0.0891
0.4865, 0.0891
0.4865, 0.0891
0.4865, 0.0891
0.4865, 0.0891
0.4865, 0.0891
0.4865, 0.0891
0.4865, 0.0891
0.4865, 0.0891
0.4820, 0.0865
0.4820, 0.0865
0.4820, 0.0865
0.4820, 0.0865
0.4820, 0.0865
0.4820, 0.0865
0.4775, 0.0840
0.4775, 0.0840
0.4775, 0.0840
0.4775, 0.0840
0.4775, 0.0840
0.4775, 0.0840
0.4775, 0.0840
0.4775, 0.0840
0.4775, 0.0840
0.4775, 0.0840
0.4775, 0.0840
0.4775, 0.0840
0.4730, 0.0814
0.4730, 0.0814
0.4730, 0.0814
0.4730, 0.0814
0.4730, 0.0814
0.4730, 0.0814
0.4730, 0.0814
0.4730, 0.0814
0.4685, 0.0789
0.4685, 0.0789
0.4685, 0.0789
0.4685, 0.0789
0.4685, 0.0789
0.4685, 0.0789
0.4685, 0.0789
0.4685, 0.0789
0.4685, 0.0789
0.4685, 0.0789
0.4685, 0.0789
0.4640, 0.0789
0.4640, 0.0789
0.4640, 0.0789
0.4640, 0.0789
0.4640, 0.0789
0.4640, 0.0789
0.4595, 0.0789
0.4595, 0.0789
0.4595, 0.0789
0.4550, 0.0763
0.4550, 0.0763
0.4550, 0.0763
0.4550, 0.0763
0.4550, 0.0763
0.4550, 0.0763
0.4550, 0.0763
0.4550, 0.0763
0.4550, 0.0738
0.4550, 0.0738
0.4550, 0.0738
0.4505, 0.0738
0.4505, 0.0738
0.4505, 0.0738
0.4459, 0.0738
0.4459, 0.0738
0.4459, 0.0738
0.4459, 0.0738
0.4459, 0.0738
0.4459, 0.0738
0.4459, 0.0738
0.4459, 0.0738
0.4459, 0.0738
0.4459, 0.0738
0.4459, 0.0738
0.4414, 0.0738
0.4414, 0.0738
0.4414, 0.0738
0.4369, 0.0738
0.4369, 0.0738
0.4369, 0.0738
0.4369, 0.0712
0.4369, 0.0712
0.4369, 0.0712
0.4369, 0.0712
0.4369, 0.0712
0.4369, 0.0712
0.4324, 0.0712
0.4324, 0.0712
0.4324, 0.0712
0.4279, 0.0712
0.4279, 0.0712
0.4234, 0.0712
0.4234, 0.0712
0.4189, 0.0712
0.4144, 0.0712
0.4144, 0.0687
0.4099, 0.0687
0.3964, 0.0687
0.3964, 0.0687
0.3964, 0.0687
0.3919, 0.0687
0.3919, 0.0687
0.3874, 0.0687
0.3874, 0.0687
0.3874, 0.0687
0.3874, 0.0662
0.3874, 0.0662
0.3874, 0.0662
0.3829, 0.0662
0.3829, 0.0662
0.3784, 0.0662
0.3784, 0.0662
0.3784, 0.0662
0.3784, 0.0662
0.3784, 0.0662
0.3739, 0.0662
0.3739, 0.0662
0.3739, 0.0662
0.3694, 0.0662
0.3694, 0.0662
0.3694, 0.0662
0.3649, 0.0662
0.3649, 0.0662
0.3649, 0.0662
0.3649, 0.0662
0.3649, 0.0662
0.3604, 0.0662
0.3604, 0.0662
0.3604, 0.0662
0.3559, 0.0662
0.3559, 0.0662
0.3559, 0.0662
0.3559, 0.0662
0.3559, 0.0662
0.3559, 0.0662
0.3514, 0.0662
0.3514, 0.0662
0.3468, 0.0662
0.3468, 0.0662
0.3468, 0.0662
0.3468, 0.0662
0.3468, 0.0662
0.3468, 0.0662
0.3468, 0.0662
0.3468, 0.0662
0.3423, 0.0662
0.3423, 0.0662
0.3423, 0.0662
0.3378, 0.0662
0.3378, 0.0662
0.3378, 0.0662
0.3333, 0.0662
0.3333, 0.0662
0.3333, 0.0662
0.3333, 0.0662
0.3333, 0.0662
0.3333, 0.0662
0.3333, 0.0662
0.3333, 0.0662
0.3288, 0.0662
0.3288, 0.0662
0.3288, 0.0662
0.3243, 0.0662
0.3243, 0.0662
0.3243, 0.0662
0.3243, 0.0662
0.3243, 0.0662
0.3243, 0.0662
0.3243, 0.0662
0.3243, 0.0662
0.3198, 0.0662
0.3198, 0.0662
0.3198, 0.0662
0.3153, 0.0662
0.3153, 0.0662
0.3153, 0.0662
0.3108, 0.0662
0.3108, 0.0662
0.3108, 0.0662
0.3108, 0.0662
0.3108, 0.0662
0.3063, 0.0662
0.3063, 0.0662
0.3063, 0.0662
0.3018, 0.0662
0.3018, 0.0662
0.3018, 0.0662
0.3018, 0.0662
0.3018, 0.0662
0.2973, 0.0662
0.2973, 0.0662
0.2973, 0.0662
0.2928, 0.0662
0.2928, 0.0662
0.2883, 0.0662
0.2883, 0.0662
0.2883, 0.0662
0.2883, 0.0662
0.2883, 0.0662
0.2883, 0.0662
0.2793, 0.0662
0.2793, 0.0662
0.2793, 0.0662
0.2748, 0.0662
0.2748, 0.0662
0.2748, 0.0662
0.2748, 0.0662
0.2748, 0.0662
0.2703, 0.0662
0.2703, 0.0662
0.2703, 0.0662
0.2703, 0.0662
0.2703, 0.0662
0.2658, 0.0662
0.2658, 0.0662
0.2658, 0.0662
0.2658, 0.0662
0.2658, 0.0662
0.2658, 0.0662
0.2613, 0.0662
0.2613, 0.0662
0.2568, 0.0662
0.2568, 0.0662
0.2568, 0.0662
0.2568, 0.0662
0.2568, 0.0662
0.2568, 0.0662
0.2523, 0.0687
0.2523, 0.0687
0.2477, 0.0687
0.2477, 0.0687
0.2477, 0.0687
0.2432, 0.0687
0.2432, 0.0687
0.2432, 0.0687
0.2432, 0.0687
0.2432, 0.0687
0.2387, 0.0687
0.2387, 0.0687
0.2387, 0.0687
0.2342, 0.0687
0.2342, 0.0687
0.2342, 0.0712
0.2342, 0.0712
0.2342, 0.0712
0.2342, 0.0712
0.2342, 0.0712
0.2342, 0.0712
0.2297, 0.0712
0.2297, 0.0712
0.2297, 0.0712
0.2297, 0.0712
0.2297, 0.0712
0.2252, 0.0712
0.2252, 0.0712
0.2252, 0.0712
0.2252, 0.0712
0.2252, 0.0712
0.2252, 0.0712
0.2207, 0.0712
0.2207, 0.0712
0.2207, 0.0712
0.2207, 0.0712
0.2207, 0.0712
0.2162, 0.0712
0.2162, 0.0712
0.2162, 0.0712
0.2117, 0.0712
0.2117, 0.0712
0.2117, 0.0712
0.2117, 0.0712
0.2117, 0.0712
0.2072, 0.0712
0.2072, 0.0712
0.2072, 0.0712
0.2027, 0.0712
0.2027, 0.0712
0.1982, 0.0712
0.1982, 0.0712
0.1982, 0.0712
0.1982, 0.0712
0.1982, 0.0712
0.1982, 0.0712
0.1982, 0.0712
0.1982, 0.0712
0.1937, 0.0712
0.1937, 0.0712
0.1937, 0.0712
0.1892, 0.0712
0.1892, 0.0712
0.1892, 0.0712
0.1892, 0.0712
0.1892, 0.0712
0.1892, 0.0712
0.1892, 0.0712
0.1892, 0.0712
0.1847, 0.0712
0.1847, 0.0712
0.1847, 0.0712
0.1847, 0.0712
0.1847, 0.0712
0.1847, 0.0712
0.1802, 0.0712
0.1802, 0.0712
0.1802, 0.0712
0.1802, 0.0712
0.1802, 0.0712
0.1802, 0.0712
0.1802, 0.0712
0.1802, 0.0712
0.1802, 0.0712
0.1802, 0.0712
0.1802, 0.0712
0.1757, 0.0712
0.1757, 0.0712
0.1757, 0.0712
0.1757, 0.0712
0.1757, 0.0712
0.1757, 0.0712
0.1757, 0.0712
0.1757, 0.0712
0.1757, 0.0712
0.1757, 0.0712
0.1757, 0.0712
0.1757, 0.0712
0.1757, 0.0712
0.1757, 0.0712
0.1712, 0.0712
0.1712, 0.0712
0.1712, 0.0712
0.1712, 0.0712
0.1712, 0.0712
0.1667, 0.0712
0.1667, 0.0712
0.1667, 0.0712
0.1667, 0.0712
0.1667, 0.0712
0.1667, 0.0712
0.1667, 0.0712
0.1667, 0.0712
0.1667, 0.0712
0.1667, 0.0712
0.1667, 0.0712
0.1667, 0.0712
0.1667, 0.0712
0.1667, 0.0712
0.1667, 0.0687
0.1667, 0.0687
0.1667, 0.0687
0.1667, 0.0687
0.1667, 0.0687
0.1667, 0.0687
0.1622, 0.0662
0.1622, 0.0662
0.1622, 0.0662
0.1622, 0.0662
0.1622, 0.0662
0.1577, 0.0662
0.1577, 0.0662
0.1577, 0.0662
0.1577, 0.0636
0.1577, 0.0636
0.1577, 0.0611
0.1577, 0.0611
0.1577, 0.0611
0.1532, 0.0611
0.1532, 0.0611
0.1532, 0.0611
0.1532, 0.0611
0.1532, 0.0611
0.1532, 0.0585
0.1532, 0.0585
0.1532, 0.0585
0.1532, 0.0560
0.1532, 0.0560
0.1532, 0.0534
0.1532, 0.0534
0.1532, 0.0534
0.1532, 0.0534
0.1532, 0.0534
0.1532, 0.0534
0.1486, 0.0509
0.1486, 0.0509
0.1486, 0.0509
0.1486, 0.0509
0.1486, 0.0509
0.1486, 0.0483
0.1486, 0.0483
0.1486, 0.0483
0.1486, 0.0483
0.1486, 0.0483
0.1486, 0.0483
0.1486, 0.0458
0.1486, 0.0458
0.1486, 0.0433
0.1486, 0.0433
0.1486, 0.0433
0.1486, 0.0407
0.1486, 0.0407
0.1486, 0.0407
0.1486, 0.0407
0.1486, 0.0407
0.1486, 0.0407
0.1486, 0.0407
0.1486, 0.0407
0.1486, 0.0382
0.1486, 0.0382
0.1486, 0.0382
0.1486, 0.0356
0.1486, 0.0356
0.1486, 0.0356
0.1486, 0.0356
0.1486, 0.0356
0.1486, 0.0356
0.1486, 0.0356
0.1486, 0.0356
0.1486, 0.0331
0.1486, 0.0331
0.1486, 0.0305
0.1486, 0.0305
0.1486, 0.0305
0.1441, 0.0280
0.1441, 0.0280
0.1441, 0.0280
0.1441, 0.0254
0.1441, 0.0254
0.1441, 0.0229
0.1441, 0.0229
0.1441, 0.0204
0.1441, 0.0204
0.1441, 0.0204
0.1441, 0.0204
0.1441, 0.0204
0.1441, 0.0204
0.1441, 0.0178
0.1441, 0.0178
0.1441, 0.0153
0.1441, 0.0153
0.1441, 0.0153
0.1441, 0.0153
0.1441, 0.0153
0.1441, 0.0127
0.1441, 0.0127
0.1441, 0.0102
0.1441, 0.0102
0.1441, 0.0076
0.1441, 0.0076
0.1441, 0.0076
0.1441, 0.0076
0.1441, 0.0076
0.1441, 0.0076
0.1441, 0.0076
0.1441, 0.0076
0.1441, 0.0076
0.1441, 0.0051
0.1441, 0.0051
0.1441, 0.0051
0.1441, 0.0051
0.1441, 0.0051
0.1441, 0.0025
0.1441, 0.0025
0.1441, 0.0025
0.1441, 0.0025
0.1441, 0.0025
0.1441, 0.0025
0.1441, 0.0025
0.1441, 0.0025
0.1441, 0.0025
0.1441, 0.0025
0.1441, 0.0025
0.1441, 0.0000
0.1441, 0.0000
0.1441, 0.0000
0.1441, 0.0000
0.1441, 0.0000
0.1441, 0.0000
0.1441, 0.0000
0.1441, 0.0000
0.1441, 0.0000
0.1441, 0.0000
0.1441, 0.0000
0.1441, 0.0000
0.1441, 0.0000
0.1441, 0.0000
0.1441, 0.0000
0.1441, 0.0000
0.1441, 0.0000
0.1441, 0.0000
0.1441, 0.0000
0.1441, 0.0000
0.1441, 0.0000
0.1441, 0.0000
0.1441, 0.0000
0.1441, 0.0000
0.1441, 0.0000
0.1441, 0.0000
0.1441, 0.0000
0.5315, 0.1781
0.5315, 0.1781
0.5315, 0.1781
0.5315, 0.1781
0.5315, 0.1781
0.5315, 0.1781
0.5315, 0.1781
0.5315, 0.1781
0.5315, 0.1781
0.5315, 0.1781
0.5315, 0.1781
0.5315, 0.1781
0.5315, 0.1781
0.5315, 0.1781
0.5315, 0.1781
0.5315, 0.1781
0.5315, 0.1781
0.5315, 0.1781
0.5315, 0.1781
0.5315, 0.1781
0.5315, 0.1781
0.5315, 0.1781
0.5315, 0.1781
0.5315, 0.1781
0.5315, 0.1781
0.5315, 0.1781
0.5315, 0.1781
0.5315, 0.1781
0.5315, 0.1781
0.5315, 0.1781
0.5315, 0.1781
0.5315, 0.1781
0.5315, 0.1781
0.5315, 0.1781
0.5315, 0.1781
0.5315, 0.1781
0.5315, 0.1781
0.5315, 0.1781
0.5315, 0.1781
0.5315, 0.1781
0.5315, 0.1781
0.5315, 0.1781
0.5315, 0.1781
0.5315, 0.1781
0.5315, 0.1781
0.5315, 0.1781
0.5315, 0.1781
0.5360, 0.1781
0.5360, 0.1781
0.5360, 0.1781
0.5405, 0.1781
0.5405, 0.1781
0.5405, 0.1781
0.5450, 0.1781
0.5450, 0.1781
0.5450, 0.1781
0.5495, 0.1781
0.5495, 0.1781
0.5495, 0.1781
0.5541, 0.1781
0.5541, 0.1781
0.5541, 0.1781
0.5586, 0.1781
0.5586, 0.1781
0.5586, 0.1781
0.5586, 0.1781
0.5586, 0.1781
0.5586, 0.1781
0.5586, 0.1781
0.5631, 0.1781
0.5631, 0.1781
0.5631, 0.1781
0.5676, 0.1807
0.5676, 0.1807
0.5676, 0.1807
0.5676, 0.1807
0.5676, 0.1807
0.5721, 0.1832
0.5721, 0.1832
0.5721, 0.1832
0.5766, 0.1832
0.5766, 0.1832
0.5766, 0.1832
0.5811, 0.1832
0.5811, 0.1832
0.5811, 0.1832
0.5856, 0.1832
0.5856, 0.1832
0.5856, 0.1832
0.5856, 0.1832
0.5856, 0.1832
0.5856, 0.1832
0.5901, 0.1832
0.5901, 0.1832
0.5901, 0.1832
0.5901, 0.1832
0.5901, 0.1832
0.5901, 0.1832
0.5901, 0.1832
0.5901, 0.1832
0.5901, 0.1832
0.5901, 0.1832
0.5946, 0.1832
0.5946, 0.1832
0.5946, 0.1832
0.5946, 0.1858
0.5946, 0.1858
0.5946, 0.1858
0.5991, 0.1858
0.5991, 0.1858
0.5991, 0.1858
0.6036, 0.1858
0.6036, 0.1858
0.6036, 0.1858
0.6036, 0.1858
0.6036, 0.1858
0.6036, 0.1858
0.6036, 0.1858
0.6036, 0.1858
0.6036, 0.1858
0.6036, 0.1858
0.6081, 0.1883
0.6081, 0.1883
0.6081, 0.1883
0.6126, 0.1883
0.6126, 0.1883
0.6126, 0.1883
0.6126, 0.1883
0.6126, 0.1883
0.6126, 0.1883
0.6171, 0.1883
0.6171, 0.1883
0.6171, 0.1883
0.6216, 0.1883
0.6216, 0.1883
0.6216, 0.1883
0.6261, 0.1883
0.6261, 0.1883
0.6261, 0.1883
0.6261, 0.1883
0.6261, 0.1883
0.6261, 0.1883
0.6261, 0.1908
0.6261, 0.1908
0.6261, 0.1908
0.6261, 0.1908
0.6261, 0.1908
0.6261, 0.1908
0.6261, 0.1908
0.6306, 0.1908
0.6306, 0.1908
0.6306, 0.1908
0.6306, 0.1908
0.6306, 0.1908
0.6306, 0.1908
0.6351, 0.1934
0.6351, 0.1934
0.6351, 0.1934
0.6351, 0.1934
0.6351, 0.1934
0.6351, 0.1934
0.6351, 0.1934
0.6351, 0.1934
0.6351, 0.1934
0.6396, 0.1934
0.6396, 0.1934
0.6396, 0.1934
0.6396, 0.1934
0.6396, 0.1934
0.6396, 0.1934
0.6441, 0.1959
0.6441, 0.1959
0.6441, 0.1959
0.6486, 0.1959
0.6486, 0.1959
0.6486, 0.1959
0.6486, 0.1959
0.6486, 0.1959
0.6486, 0.1959
0.6532, 0.1959
0.6532, 0.1959
0.6532, 0.1959
0.6577, 0.1985
0.6577, 0.1985
0.6577, 0.1985
0.6577, 0.1985
0.6577, 0.1985
0.6577, 0.1985
0.6622, 0.1985
0.6622, 0.1985
0.6622, 0.2010
0.6622, 0.2010
0.6622, 0.2010
0.6667, 0.2010
0.6667, 0.2010
0.6667, 0.2010
0.6712, 0.2010
0.6712, 0.2010
0.6712, 0.2010
0.6712, 0.2010
0.6712, 0.2010
0.6712, 0.2010
0.6712, 0.2010
0.6757, 0.2036
0.6757, 0.2036
0.6757, 0.2036
0.6802, 0.2036
0.6802, 0.2036
0.6802, 0.2036
0.6802, 0.2061
0.6802, 0.2061
0.6802, 0.2061
0.6802, 0.2061
0.6802, 0.2061
0.6802, 0.2061
0.6847, 0.2087
0.6847, 0.2087
0.6847, 0.2087
0.6892, 0.2087
0.6892, 0.2087
0.6892, 0.2087
0.6937, 0.2087
0.6937, 0.2087
0.6937, 0.2112
0.6937, 0.2112
0.6937, 0.2112
0.6982, 0.2137
0.6982, 0.2137
0.6982, 0.2137
0.7027, 0.2137
0.7027, 0.2137
0.7027, 0.2137
0.7027, 0.2137
0.7027, 0.2137
0.7027, 0.2137
0.7072, 0.2163
0.7072, 0.2163
0.7072, 0.2163
0.7117, 0.2163
0.7117, 0.2163
0.7117, 0.2163
0.7117, 0.2163
0.7117, 0.2163
0.7117, 0.2163
0.7117, 0.2188
0.7117, 0.2188
0.7117, 0.2188
0.7162, 0.2188
0.7162, 0.2188
0.7162, 0.2188
0.7162, 0.2214
0.7162, 0.2214
0.7162, 0.2214
0.7207, 0.2214
0.7207, 0.2214
0.7207, 0.2214
0.7207, 0.2214
0.7207, 0.2214
0.7207, 0.2214
0.7252, 0.2214
0.7252, 0.2214
0.7252, 0.2214
0.7252, 0.2214
0.7252, 0.2239
0.7252, 0.2239
0.7297, 0.2265
0.7297, 0.2265
0.7297, 0.2265
0.7342, 0.2265
0.7342, 0.2265
0.7342, 0.2265
0.7342, 0.2265
0.7342, 0.2265
0.7342, 0.2265
0.7342, 0.2290
0.7342, 0.2290
0.7342, 0.2290
0.7387, 0.2316
0.7387, 0.2316
0.7387, 0.2316
0.7432, 0.2316
0.7432, 0.2316
0.7432, 0.2316
0.7432, 0.2316
0.7432, 0.2316
0.7432, 0.2316
0.7477, 0.2316
0.7477, 0.2316
0.7477, 0.2316
0.7477, 0.2341
0.7477, 0.2341
0.7477, 0.2341
0.7477, 0.2366
0.7477, 0.2366
0.7477, 0.2366
0.7523, 0.2366
0.7523, 0.2366
0.7523, 0.2366
0.7568, 0.2392
0.7568, 0.2392
0.7568, 0.2392
0.7568, 0.2392
0.7568, 0.2392
0.7568, 0.2392
0.7568, 0.2392
0.7568, 0.2392
0.7568, 0.2392
0.7613, 0.2417
0.7613, 0.2417
0.7613, 0.2417
0.7658, 0.2417
0.7658, 0.2417
0.7658, 0.2417
0.7703, 0.2443
0.7703, 0.2443
0.7703, 0.2443
0.7703, 0.2443
0.7703, 0.2443
0.7703, 0.2443
0.7703, 0.2443
0.7703, 0.2443
0.7703, 0.2443
0.7748, 0.2443
0.7748, 0.2443
0.7748, 0.2443
0.7793, 0.2443
0.7793, 0.2443
0.7793, 0.2468
0.7793, 0.2468
0.7793, 0.2468
0.7793, 0.2468
0.7793, 0.2468
0.7793, 0.2468
0.7793, 0.2468
0.7838, 0.2494
0.7838, 0.2494
0.7838, 0.2494
0.7883, 0.2494
0.7883, 0.2494
0.7928, 0.2519
0.7928, 0.2519
0.7928, 0.2519
0.7928, 0.2519
0.7928, 0.2519
0.7928, 0.2519
0.7928, 0.2519
0.7928, 0.2519
0.7928, 0.2519
0.7973, 0.2519
0.7973, 0.2519
0.7973, 0.2519
0.8018, 0.2545
0.8018, 0.2545
0.8018, 0.2545
0.8018, 0.2570
0.8018, 0.2570
0.8018, 0.2570
0.8018, 0.2570
0.8018, 0.2570
0.8018, 0.2570
0.8063, 0.2570
0.8063, 0.2570
0.8063, 0.2570
0.8108, 0.2570
0.8108, 0.2570
0.8108, 0.2570
0.8153, 0.2595
0.8153, 0.2595
0.8153, 0.2595
0.8153, 0.2595
0.8153, 0.2595
0.8153, 0.2595
0.8198, 0.2621
0.8198, 0.2621
0.8198, 0.2621
0.8243, 0.2646
0.8243, 0.2646
0.8243, 0.2646
0.8243, 0.2646
0.8243, 0.2646
0.8333, 0.2646
0.8333, 0.2646
0.8333, 0.2646
0.8378, 0.2646
0.8378, 0.2646
0.8378, 0.2646
0.8378, 0.2672
0.8378, 0.2672
0.8378, 0.2672
0.8423, 0.2697
0.8423, 0.2697
0.8423, 0.2697
0.8423, 0.2697
0.8423, 0.2697
0.8423, 0.2697
0.8468, 0.2697
0.8468, 0.2697
0.8468, 0.2697
0.8468, 0.2723
0.8468, 0.2723
0.8468, 0.2723
0.8514, 0.2723
0.8514, 0.2723
0.8514, 0.2723
0.8514, 0.2723
0.8514, 0.2723
0.8514, 0.2723
0.8559, 0.2723
0.8559, 0.2723
0.8559, 0.2723
0.8604, 0.2723
0.8604, 0.2723
0.8649, 0.2723
0.8649, 0.2723
0.8649, 0.2723
0.8694, 0.2723
0.8694, 0.2723
0.8739, 0.2723
0.8739, 0.2723
0.8739, 0.2723
0.8739, 0.2723
0.8739, 0.2723
0.8739, 0.2723
0.8829, 0.2723
0.8829, 0.2723
0.8829, 0.2723
0.8874, 0.2723
0.8874, 0.2723
0.8874, 0.2723
0.8919, 0.2723
0.8919, 0.2723
0.8919, 0.2723
0.8964, 0.2723
0.8964, 0.2723
0.8964, 0.2723
0.9009, 0.2723
0.9009, 0.2723
0.9009, 0.2723
0.9054, 0.2723
0.9054, 0.2723
0.9099, 0.2723
0.9099, 0.2723
0.9099, 0.2723
0.9099, 0.2723
0.9099, 0.2723
0.9099, 0.2723
0.9099, 0.2723
0.9099, 0.2723
0.9144, 0.2723
0.9144, 0.2723
0.9144, 0.2723
0.9189, 0.2723
0.9189, 0.2723
0.9189, 0.2723
0.9234, 0.2723
0.9234, 0.2723
0.9234, 0.2697
0.9234, 0.2697
0.9234, 0.2697
0.9234, 0.2697
0.9234, 0.2697
0.9234, 0.2697
0.9279, 0.2672
0.9279, 0.2672
0.9279, 0.2672
0.9324, 0.2672
0.9324, 0.2672
0.9324, 0.2672
0.9324, 0.2672
0.9324, 0.2672
0.9324, 0.2672
0.9369, 0.2646
0.9369, 0.2646
0.9369, 0.2646
0.9414, 0.2646
0.9414, 0.2646
0.9414, 0.2646
0.9459, 0.2621
0.9459, 0.2621
0.9459, 0.2621
0.9459, 0.2621
0.9459, 0.2621
0.9459, 0.2621
0.9505, 0.2621
0.9505, 0.2621
0.9550, 0.2595
0.9550, 0.2595
0.9550, 0.2595
0.9550, 0.2570
0.9550, 0.2570
0.9550, 0.2570
0.9550, 0.2570
0.9550, 0.2570
0.9550, 0.2570
0.9595, 0.2545
0.9595, 0.2545
0.9595, 0.2545
0.9595, 0.2545
0.9595, 0.2545
0.9640, 0.2545
0.9640, 0.2545
0.9640, 0.2545
0.9685, 0.2519
0.9685, 0.2519
0.9685, 0.2519
0.9685, 0.2494
0.9685, 0.2494
0.9685, 0.2494
0.9685, 0.2494
0.9685, 0.2494
0.9685, 0.2494
0.9730, 0.2468
0.9730, 0.2468
0.9730, 0.2468
0.9775, 0.2443
0.9775, 0.2443
0.9775, 0.2417
0.9775, 0.2417
0.9775, 0.2417
0.9775, 0.2417
0.9775, 0.2417
0.9775, 0.2417
0.9820, 0.2392
0.9820, 0.2392
0.9865, 0.2366
0.9865, 0.2366
0.9865, 0.2366
0.9865, 0.2366
0.9865, 0.2366
0.9865, 0.2366
0.9865, 0.2341
0.9865, 0.2341
0.9865, 0.2341
0.9865, 0.2316
0.9865, 0.2316
0.9910, 0.2316
0.9910, 0.2316
0.9910, 0.2316
0.9910, 0.2290
0.9910, 0.2290
0.9910, 0.2290
0.9910, 0.2265
0.9910, 0.2265
0.9955, 0.2239
0.9955, 0.2239
0.9955, 0.2239
0.9955, 0.2239
0.9955, 0.2239
0.9955, 0.2239
0.9955, 0.2214
0.9955, 0.2214
1.0000, 0.2188
1.0000, 0.2188
1.0000, 0.2188
1.0000, 0.2188
1.0000, 0.2188
1.0000, 0.2188
1.0000, 0.2137
1.0000, 0.2137
1.0000, 0.2137
1.0000, 0.2112
1.0000, 0.2112
1.0000, 0.2112
1.0000, 0.2112
1.0000, 0.2112
1.0000, 0.2061
1.0000, 0.2061
1.0000, 0.2061
1.0000, 0.2036
1.0000, 0.2036
1.0000, 0.2036
1.0000, 0.2036
1.0000, 0.2036
1.0000, 0.2036
1.0000, 0.2010
1.0000, 0.2010
1.0000, 0.2010
1.0000, 0.1959
1.0000, 0.1959
1.0000, 0.1959
1.0000, 0.1959
1.0000, 0.1959
1.0000, 0.1934
1.0000, 0.1934
1.0000, 0.1934
1.0000, 0.1908
1.0000, 0.1908
1.0000, 0.1908
1.0000, 0.1908
1.0000, 0.1908
1.0000, 0.1883
1.0000, 0.1883
1.0000, 0.1883
1.0000, 0.1858
1.0000, 0.1858
1.0000, 0.1858
1.0000, 0.1832
1.0000, 0.1832
1.0000, 0.1832
1.0000, 0.1832
1.0000, 0.1832
1.0000, 0.1807
1.0000, 0.1807
1.0000, 0.1807
1.0000, 0.1781
1.0000, 0.1781
1.0000, 0.1781
1.0000, 0.1781
1.0000, 0.1781
1.0000, 0.1781
1.0000, 0.1756
1.0000, 0.1756
1.0000, 0.1756
1.0000, 0.1756
1.0000, 0.1756
1.0000, 0.1730
1.0000, 0.1730
1.0000, 0.1730
1.0000, 0.1705
1.0000, 0.1705
1.0000, 0.1705
1.0000, 0.1705
1.0000, 0.1705
1.0000, 0.1705
1.0000, 0.1679
1.0000, 0.1679
1.0000, 0.1679
1.0000, 0.1654
1.0000, 0.1654
1.0000, 0.1654
1.0000, 0.1654
1.0000, 0.1654
1.0000, 0.1628
1.0000, 0.1628
1.0000, 0.1628
1.0000, 0.1603
1.0000, 0.1603
1.0000, 0.1603
1.0000, 0.1603
1.0000, 0.1603
1.0000, 0.1603
0.9955, 0.1578
0.9955, 0.1578
0.9955, 0.1552
0.9955, 0.1552
0.9955, 0.1552
0.9955, 0.1527
0.9955, 0.1527
0.9955, 0.1527
0.9955, 0.1527
0.9955, 0.1527
0.9955, 0.1527
0.9910, 0.1501
0.9910, 0.1501
0.9910, 0.1476
0.9910, 0.1476
0.9910, 0.1476
0.9910, 0.1476
0.9910, 0.1476
0.9910, 0.1476
0.9910, 0.1476
0.9910, 0.1476
0.9910, 0.1476
0.9910, 0.1450
0.9910, 0.1450
0.9910, 0.1450
0.9865, 0.1425
0.9865, 0.1425
0.9865, 0.1399
0.9865, 0.1399
0.9865, 0.1399
0.9820, 0.1399
0.9820, 0.1399
0.9820, 0.1399
0.9820, 0.1374
0.9820, 0.1374
0.9820, 0.1349
0.9820, 0.1349
0.9820, 0.1349
0.9820, 0.1349
0.9820, 0.1349
0.9820, 0.1349
0.9775, 0.1323
0.9775, 0.1323
0.9775, 0.1323
0.9775, 0.1298
0.9775, 0.1298
0.9775, 0.1298
0.9730, 0.1272
0.9730, 0.1272
0.9730, 0.1247
0.9730, 0.1247
0.9730, 0.1247
0.9730, 0.1221
0.9730, 0.1221
0.9730, 0.1221
0.9685, 0.1196
0.9685, 0.1196
0.9685, 0.1196
0.9685, 0.1196
0.9685, 0.1196
0.9640, 0.1170
0.9640, 0.1170
0.9640, 0.1170
0.9595, 0.1145
0.9595, 0.1145
0.9595, 0.1145
0.9595, 0.1145
0.9595, 0.1145
0.9595, 0.1120
0.9595, 0.1120
0.9595, 0.1120
0.9595, 0.1094
0.9595, 0.1094
0.9595, 0.1094
0.9550, 0.1094
0.9550, 0.1094
0.9505, 0.1069
0.9505, 0.1069
0.9505, 0.1069
0.9505, 0.1043
0.9505, 0.1043
0.9505, 0.1043
0.9459, 0.1018
0.9459, 0.1018
0.9414, 0.0992
0.9414, 0.0992
0.9414, 0.0992
0.9369, 0.0967
0.9369, 0.0967
0.9369, 0.0967
0.9369, 0.0941
0.9369, 0.0941
0.9324, 0.0916
0.9324, 0.0916
0.9324, 0.0916
0.9234, 0.0891
0.9234, 0.0891
0.9234, 0.0891
0.9144, 0.0865
0.9144, 0.0865
0.9099, 0.0840
0.9099, 0.0840
0.9099, 0.0840
0.9054, 0.0840
0.9054, 0.0840
0.9054, 0.0840
0.8964, 0.0789
0.8964, 0.0789
0.8964, 0.0763
0.8964, 0.0763
0.8964, 0.0763
0.8874, 0.0738
0.8874, 0.0738
0.8874, 0.0738
0.8829, 0.0738
0.8829, 0.0738
0.8829, 0.0712
0.8829, 0.0712
0.8829, 0.0712
0.8784, 0.0687
0.8784, 0.0687
0.8784, 0.0687
0.8739, 0.0687
0.8739, 0.0687
0.8739, 0.0687
0.8739, 0.0687
0.8739, 0.0687
0.8739, 0.0687
0.8739, 0.0687
0.8739, 0.0687
0.8739, 0.0687
0.8739, 0.0687
0.8739, 0.0687
0.8694, 0.0662
0.8694, 0.0662
0.8694, 0.0662
0.8694, 0.0662
0.8694, 0.0662
0.8694, 0.0662
0.8694, 0.0662
0.8694, 0.0662
0.8694, 0.0662
0.8694, 0.0662
0.8694, 0.0662
0.8649, 0.0636
0.8649, 0.0636
0.8649, 0.0636
0.8649, 0.0636
0.8649, 0.0636
0.8649, 0.0636
0.8649, 0.0636
0.8649, 0.0636
0.8649, 0.0636
0.8649, 0.0636
0.8649, 0.0636
0.8604, 0.0636
0.8604, 0.0636
0.8604, 0.0636
0.8604, 0.0636
0.8604, 0.0636
0.8604, 0.0611
0.8604, 0.0611
0.8604, 0.0611
0.8604, 0.0611
0.8604, 0.0611
0.8604, 0.0611
0.8604, 0.0611
0.8604, 0.0611
0.8604, 0.0611
0.8604, 0.0611
0.8604, 0.0611
0.8604, 0.0611
0.8604, 0.0611
0.8604, 0.0611
0.8604, 0.0611
0.8604, 0.0611
0.8604, 0.0611
0.8604, 0.0611
0.8604, 0.0611
0.8604, 0.0611
0.8604, 0.0611
0.8604, 0.0611
0.8604, 0.0611
0.8604, 0.0611
0.8604, 0.0611
0.8604, 0.0611
0.8604, 0.0611
0.8604, 0.0611
0.8604, 0.0611
0.8604, 0.0636
0.0000, 1.0000
0.0000, 1.0000
0.0000, 1.0000
0.0000, 1.0000
0.0000, 1.0000
0.0000, 1.0000
0.0000, 1.0000
0.0000, 1.0000
0.0000, 1.0000
0.0000, 1.0000
0.0000, 1.0000
0.0000, 1.0000
0.0000, 1.0000
0.0000, 1.0000
0.0000, 1.0000
0.0000, 1.0000
0.0000, 1.0000
0.0000, 1.0000
0.0000, 1.0000
0.0000, 1.0000
0.0000, 1.0000
0.0000, 1.0000
0.0000, 1.0000
0.0000, 1.0000
0.0000, 1.0000
0.0000, 1.0000
0.0000, 1.0000
0.0000, 1.0000
0.0000, 1.0000
0.0000, 1.0000
0.0000, 1.0000
0.0000, 1.0000
0.0000, 1.0000
0.0000, 1.0000
0.0000, 1.0000
0.0000, 1.0000
0.0000, 1.0000
0.0000, 1.0000
0.0000, 1.0000
0.0000, 1.0000
0.0000, 1.0000
