0.2298, 0.3798
0.2298, 0.3798
0.2298, 0.3798
0.2298, 0.3798
0.2298, 0.3798
0.2298, 0.3798
0.2298, 0.3798
0.2298, 0.3798
0.2298, 0.3798
0.2298, 0.3798
0.2298, 0.3798
0.2298, 0.3798
0.2298, 0.3798
0.2298, 0.3798
0.2298, 0.3798
0.2298, 0.3798
0.2298, 0.3798
0.2298, 0.3798
0.2298, 0.3798
0.2298, 0.3798
0.2298, 0.3798
0.2298, 0.3798
0.2298, 0.3798
0.2298, 0.3798
0.2298, 0.3798
0.2298, 0.3798
0.2298, 0.3798
0.2298, 0.3798
0.2298, 0.3798
0.2298, 0.3798
0.2298, 0.3798
0.2298, 0.3798
0.2298, 0.3798
0.2298, 0.3798
0.2298, 0.3798
0.2298, 0.3798
0.2298, 0.3798
0.2298, 0.3798
0.2298, 0.3798
0.2298, 0.3798
0.2298, 0.3798
0.2298, 0.3798
0.2298, 0.3798
0.2298, 0.3798
0.2298, 0.3798
0.2298, 0.3798
0.2298, 0.3798
0.2298, 0.3798
0.2298, 0.3798
0.2298, 0.3798
0.2298, 0.3798
0.2298, 0.3798
0.2298, 0.3798
0.2298, 0.3798
0.2298, 0.3798
0.2298, 0.3798
0.2298, 0.3798
0.2298, 0.3798
0.2298, 0.3798
0.2298, 0.3798
0.2298, 0.3798
0.2298, 0.3798
0.2298, 0.3798
0.2298, 0.3798
0.2298, 0.3798
0.2298, 0.3798
0.2298, 0.3798
0.2298, 0.3798
0.2298, 0.3798
0.2298, 0.3798
0.2298, 0.3798
0.2298, 0.3798
0.2298, 0.3798
0.2298, 0.3798
0.2298, 0.3798
0.2298, 0.3798
0.2298, 0.3798
0.2298, 0.3798
0.2298, 0.3798
0.2298, 0.3798
0.2298, 0.3798
0.2298, 0.3798
0.2298, 0.3798
0.2298, 0.3798
0.2298, 0.3798
0.2298, 0.3798
0.2298, 0.3798
0.2298, 0.3798
0.2255, 0.3798
0.2255, 0.3798
0.2255, 0.3798
0.2255, 0.3798
0.2255, 0.3798
0.2255, 0.3798
0.2255, 0.3798
0.2255, 0.3798
0.2255, 0.3798
0.2255, 0.3798
0.2255, 0.3798
0.2255, 0.3798
0.2255, 0.3798
0.2255, 0.3798
0.2255, 0.3798
0.2255, 0.3798
0.2255, 0.3798
0.2255, 0.3798
0.2255, 0.3773
0.2255, 0.3773
0.2255, 0.3773
0.2255, 0.3773
0.2255, 0.3773
0.2255, 0.3773
0.2255, 0.3773
0.2255, 0.3773
0.2255, 0.3773
0.2255, 0.3773
0.2255, 0.3773
0.2255, 0.3773
0.2255, 0.3773
0.2213, 0.3773
0.2213, 0.3773
0.2213, 0.3773
0.2213, 0.3773
0.2213, 0.3747
0.2213, 0.3747
0.2213, 0.3747
0.2213, 0.3747
0.2213, 0.3747
0.2213, 0.3747
0.2213, 0.3747
0.2213, 0.3747
0.2213, 0.3747
0.2213, 0.3747
0.2213, 0.3747
0.2213, 0.3747
0.2213, 0.3747
0.2213, 0.3747
0.2213, 0.3747
0.2213, 0.3747
0.2213, 0.3747
0.2213, 0.3747
0.2213, 0.3747
0.2213, 0.3747
0.2213, 0.3747
0.2213, 0.3747
0.2213, 0.3747
0.2170, 0.3747
0.2170, 0.3747
0.2170, 0.3747
0.2170, 0.3747
0.2170, 0.3747
0.2170, 0.3747
0.2170, 0.3747
0.2170, 0.3747
0.2170, 0.3747
0.2170, 0.3747
0.2170, 0.3747
0.2170, 0.3747
0.2170, 0.3747
0.2170, 0.3747
0.2170, 0.3747
0.2170, 0.3747
0.2170, 0.3747
0.2170, 0.3747
0.2170, 0.3747
0.2170, 0.3747
0.2170, 0.3747
0.2170, 0.3747
0.2128, 0.3721
0.2128, 0.3721
0.2128, 0.3721
0.2128, 0.3721
0.2128, 0.3721
0.2128, 0.3721
0.2128, 0.3721
0.2128, 0.3721
0.2128, 0.3721
0.2128, 0.3721
0.2128, 0.3721
0.2128, 0.3721
0.2128, 0.3721
0.2128, 0.3721
0.2128, 0.3721
0.2128, 0.3721
0.2128, 0.3721
0.2128, 0.3695
0.2128, 0.3695
0.2128, 0.3695
0.2128, 0.3695
0.2128, 0.3695
0.2128, 0.3695
0.2128, 0.3695
0.2128, 0.3695
0.2085, 0.3695
0.2085, 0.3695
0.2085, 0.3695
0.2085, 0.3695
0.2085, 0.3695
0.2085, 0.3695
0.2085, 0.3695
0.2085, 0.3695
0.2085, 0.3695
0.2085, 0.3695
0.2085, 0.3695
0.2085, 0.3695
0.2085, 0.3695
0.2085, 0.3695
0.2043, 0.3669
0.2043, 0.3669
0.2043, 0.3669
0.2043, 0.3669
0.2043, 0.3669
0.2043, 0.3669
0.2043, 0.3669
0.2043, 0.3669
0.2043, 0.3669
0.2043, 0.3669
0.2043, 0.3669
0.2043, 0.3669
0.2043, 0.3669
0.2043, 0.3643
0.2043, 0.3643
0.2043, 0.3643
0.2043, 0.3643
0.2043, 0.3643
0.2043, 0.3643
0.2043, 0.3643
0.2043, 0.3643
0.2043, 0.3643
0.2043, 0.3643
0.2043, 0.3643
0.2043, 0.3643
0.2000, 0.3618
0.2000, 0.3618
0.2000, 0.3618
0.2000, 0.3618
0.2000, 0.3618
0.2000, 0.3618
0.2000, 0.3618
0.2000, 0.3618
0.2000, 0.3618
0.1957, 0.3618
0.1957, 0.3618
0.1957, 0.3618
0.1957, 0.3618
0.1957, 0.3618
0.1957, 0.3618
0.1957, 0.3618
0.1957, 0.3618
0.1915, 0.3618
0.1915, 0.3618
0.1915, 0.3618
0.1915, 0.3618
0.1915, 0.3592
0.1915, 0.3592
0.1915, 0.3592
0.1915, 0.3592
0.1915, 0.3592
0.1915, 0.3592
0.1915, 0.3592
0.1915, 0.3592
0.1915, 0.3592
0.1915, 0.3592
0.1915, 0.3592
0.1915, 0.3592
0.1915, 0.3592
0.1872, 0.3566
0.1872, 0.3566
0.1872, 0.3566
0.1872, 0.3566
0.1872, 0.3566
0.1872, 0.3566
0.1872, 0.3566
0.1872, 0.3566
0.1872, 0.3566
0.1872, 0.3566
0.1872, 0.3566
0.1872, 0.3566
0.1830, 0.3566
0.1830, 0.3566
0.1830, 0.3566
0.1830, 0.3566
0.1830, 0.3566
0.1830, 0.3566
0.1830, 0.3566
0.1830, 0.3566
0.1830, 0.3540
0.1830, 0.3540
0.1830, 0.3540
0.1830, 0.3540
0.1830, 0.3540
0.1830, 0.3540
0.1830, 0.3540
0.1830, 0.3540
0.1787, 0.3514
0.1787, 0.3514
0.1787, 0.3514
0.1787, 0.3514
0.1787, 0.3514
0.1787, 0.3514
0.1787, 0.3514
0.1787, 0.3514
0.1787, 0.3514
0.1787, 0.3514
0.1745, 0.3488
0.1745, 0.3488
0.1745, 0.3488
0.1745, 0.3488
0.1745, 0.3488
0.1745, 0.3488
0.1745, 0.3488
0.1745, 0.3488
0.1702, 0.3488
0.1702, 0.3488
0.1702, 0.3488
0.1702, 0.3488
0.1702, 0.3488
0.1702, 0.3488
0.1702, 0.3488
0.1702, 0.3488
0.1702, 0.3463
0.1702, 0.3463
0.1702, 0.3463
0.1702, 0.3463
0.1702, 0.3463
0.1702, 0.3463
0.1702, 0.3463
0.1702, 0.3463
0.1702, 0.3437
0.1702, 0.3437
0.1702, 0.3437
0.1702, 0.3437
0.1702, 0.3437
0.1702, 0.3437
0.1702, 0.3437
0.1702, 0.3437
0.1660, 0.3437
0.1660, 0.3437
0.1660, 0.3437
0.1660, 0.3437
0.1660, 0.3411
0.1660, 0.3411
0.1660, 0.3411
0.1660, 0.3411
0.1660, 0.3411
0.1660, 0.3411
0.1660, 0.3411
0.1660, 0.3411
0.1617, 0.3385
0.1617, 0.3385
0.1617, 0.3385
0.1617, 0.3385
0.1617, 0.3385
0.1617, 0.3385
0.1617, 0.3385
0.1617, 0.3385
0.1617, 0.3385
0.1617, 0.3385
0.1617, 0.3385
0.1617, 0.3385
0.1617, 0.3385
0.1617, 0.3385
0.1617, 0.3385
0.1617, 0.3385
0.1617, 0.3359
0.1617, 0.3359
0.1617, 0.3359
0.1617, 0.3359
0.1617, 0.3359
0.1617, 0.3359
0.1617, 0.3359
0.1617, 0.3359
0.1574, 0.3333
0.1574, 0.3333
0.1574, 0.3333
0.1574, 0.3333
0.1574, 0.3307
0.1574, 0.3307
0.1574, 0.3307
0.1574, 0.3307
0.1574, 0.3307
0.1574, 0.3307
0.1574, 0.3307
0.1574, 0.3307
0.1532, 0.3307
0.1532, 0.3307
0.1532, 0.3307
0.1532, 0.3307
0.1532, 0.3282
0.1532, 0.3282
0.1532, 0.3282
0.1532, 0.3282
0.1532, 0.3282
0.1532, 0.3282
0.1532, 0.3282
0.1532, 0.3282
0.1532, 0.3256
0.1532, 0.3256
0.1532, 0.3256
0.1532, 0.3256
0.1532, 0.3256
0.1532, 0.3256
0.1532, 0.3256
0.1532, 0.3256
0.1532, 0.3256
0.1532, 0.3256
0.1532, 0.3256
0.1532, 0.3256
0.1532, 0.3256
0.1532, 0.3256
0.1532, 0.3256
0.1532, 0.3256
0.1532, 0.3256
0.1532, 0.3230
0.1532, 0.3230
0.1532, 0.3230
0.1489, 0.3230
0.1489, 0.3230
0.1489, 0.3230
0.1489, 0.3230
0.1489, 0.3204
0.1489, 0.3204
0.1489, 0.3204
0.1489, 0.3204
0.1489, 0.3204
0.1489, 0.3204
0.1489, 0.3204
0.1489, 0.3204
0.1489, 0.3178
0.1489, 0.3178
0.1489, 0.3178
0.1489, 0.3178
0.1447, 0.3178
0.1447, 0.3178
0.1447, 0.3178
0.1447, 0.3178
0.1447, 0.3178
0.1447, 0.3178
0.1447, 0.3178
0.1447, 0.3178
0.1447, 0.3152
0.1447, 0.3152
0.1447, 0.3152
0.1447, 0.3152
0.1447, 0.3152
0.1447, 0.3152
0.1447, 0.3152
0.1447, 0.3152
0.1447, 0.3127
0.1447, 0.3127
0.1447, 0.3127
0.1447, 0.3127
0.1447, 0.3127
0.1447, 0.3127
0.1447, 0.3127
0.1447, 0.3127
0.1447, 0.3127
0.1447, 0.3127
0.1447, 0.3127
0.1447, 0.3127
0.1447, 0.3127
0.1447, 0.3127
0.1447, 0.3127
0.1447, 0.3127
0.1447, 0.3127
0.1447, 0.3127
0.1447, 0.3127
0.1447, 0.3127
0.1447, 0.3101
0.1447, 0.3101
0.1447, 0.3101
0.1447, 0.3101
0.1447, 0.3075
0.1447, 0.3075
0.1447, 0.3075
0.1447, 0.3075
0.1447, 0.3075
0.1447, 0.3075
0.1447, 0.3075
0.1447, 0.3075
0.1447, 0.3049
0.1447, 0.3049
0.1447, 0.3049
0.1447, 0.3049
0.1447, 0.3049
0.1447, 0.3049
0.1447, 0.3049
0.1447, 0.3049
0.1447, 0.3049
0.1447, 0.3049
0.1447, 0.3049
0.1447, 0.3023
0.1447, 0.3023
0.1447, 0.3023
0.1447, 0.3023
0.1447, 0.3023
0.1447, 0.3023
0.1447, 0.3023
0.1447, 0.3023
0.1404, 0.2997
0.1404, 0.2997
0.1404, 0.2997
0.1404, 0.2997
0.1404, 0.2997
0.1404, 0.2997
0.1404, 0.2997
0.1404, 0.2997
0.1404, 0.2997
0.1404, 0.2997
0.1404, 0.2997
0.1404, 0.2997
0.1404, 0.2997
0.1404, 0.2997
0.1404, 0.2997
0.1404, 0.2997
0.1404, 0.2997
0.1404, 0.2972
0.1404, 0.2972
0.1404, 0.2972
0.1404, 0.2972
0.1404, 0.2972
0.1404, 0.2972
0.1404, 0.2972
0.1404, 0.2972
0.1404, 0.2946
0.1404, 0.2946
0.1404, 0.2946
0.1404, 0.2920
0.1404, 0.2920
0.1404, 0.2920
0.1404, 0.2920
0.1404, 0.2920
0.1404, 0.2920
0.1404, 0.2920
0.1404, 0.2920
0.1404, 0.2920
0.1404, 0.2920
0.1404, 0.2920
0.1404, 0.2920
0.1404, 0.2920
0.1404, 0.2920
0.1404, 0.2920
0.1404, 0.2920
0.1404, 0.2920
0.1404, 0.2920
0.1404, 0.2920
0.1404, 0.2920
0.1404, 0.2894
0.1404, 0.2894
0.1404, 0.2894
0.1404, 0.2894
0.1447, 0.2894
0.1447, 0.2894
0.1447, 0.2894
0.1447, 0.2894
0.1447, 0.2868
0.1447, 0.2868
0.1447, 0.2868
0.1447, 0.2868
0.1447, 0.2868
0.1447, 0.2868
0.1447, 0.2868
0.1447, 0.2868
0.1447, 0.2868
0.1447, 0.2868
0.1447, 0.2868
0.1489, 0.2868
0.1489, 0.2868
0.1489, 0.2868
0.1489, 0.2868
0.1489, 0.2868
0.1489, 0.2868
0.1489, 0.2868
0.1489, 0.2868
0.1489, 0.2842
0.1489, 0.2842
0.1489, 0.2842
0.1489, 0.2842
0.1489, 0.2842
0.1489, 0.2842
0.1489, 0.2842
0.1489, 0.2842
0.1489, 0.2842
0.1489, 0.2842
0.1489, 0.2842
0.1489, 0.2842
0.1489, 0.2842
0.1489, 0.2842
0.1489, 0.2842
0.1489, 0.2842
0.1489, 0.2817
0.1489, 0.2817
0.1489, 0.2817
0.1489, 0.2817
0.1489, 0.2817
0.1489, 0.2817
0.1489, 0.2817
0.1489, 0.2817
0.1489, 0.2817
0.1489, 0.2817
0.1489, 0.2817
0.1489, 0.2817
0.1489, 0.2817
0.1489, 0.2817
0.1489, 0.2817
0.1489, 0.2817
0.1489, 0.2817
0.1489, 0.2817
0.1489, 0.2817
0.1532, 0.2817
0.1532, 0.2817
0.1532, 0.2817
0.1532, 0.2817
0.1532, 0.2791
0.1532, 0.2791
0.1532, 0.2791
0.1532, 0.2791
0.1532, 0.2791
0.1532, 0.2791
0.1532, 0.2791
0.1532, 0.2791
0.1532, 0.2791
0.1532, 0.2791
0.1532, 0.2791
0.1532, 0.2791
0.1532, 0.2791
0.1532, 0.2791
0.1532, 0.2791
0.1574, 0.2791
0.1574, 0.2791
0.1574, 0.2791
0.1574, 0.2765
0.1574, 0.2765
0.1574, 0.2765
0.1574, 0.2765
0.1574, 0.2765
0.1574, 0.2765
0.1574, 0.2765
0.1574, 0.2765
0.1574, 0.2765
0.1574, 0.2765
0.1574, 0.2765
0.1574, 0.2765
0.1574, 0.2765
0.1574, 0.2765
0.1574, 0.2765
0.1574, 0.2765
0.1574, 0.2765
0.1574, 0.2765
0.1574, 0.2765
0.1574, 0.2765
0.1574, 0.2765
0.1574, 0.2765
0.1574, 0.2765
0.1574, 0.2765
0.1574, 0.2765
0.1574, 0.2765
0.1574, 0.2765
0.1574, 0.2765
0.1574, 0.2739
0.1574, 0.2739
0.1574, 0.2739
0.1574, 0.2739
0.1574, 0.2739
0.1574, 0.2739
0.1574, 0.2739
0.1574, 0.2739
0.1617, 0.2739
0.1617, 0.2739
0.1617, 0.2739
0.1617, 0.2739
0.1617, 0.2739
0.1617, 0.2739
0.1617, 0.2739
0.1617, 0.2739
0.1617, 0.2739
0.1617, 0.2739
0.1617, 0.2739
0.1617, 0.2739
0.1617, 0.2739
0.1617, 0.2739
0.1660, 0.2739
0.1660, 0.2739
0.1660, 0.2739
0.1660, 0.2739
0.1660, 0.2739
0.1660, 0.2739
0.1660, 0.2739
0.1660, 0.2739
0.1660, 0.2739
0.1660, 0.2739
0.1660, 0.2739
0.1660, 0.2739
0.1660, 0.2739
0.1660, 0.2739
0.1660, 0.2739
0.1660, 0.2739
0.1660, 0.2713
0.1660, 0.2713
0.1660, 0.2713
0.1660, 0.2713
0.1660, 0.2713
0.1660, 0.2713
0.1660, 0.2713
0.1660, 0.2713
0.1660, 0.2713
0.1660, 0.2713
0.1660, 0.2713
0.1660, 0.2713
0.1660, 0.2713
0.1660, 0.2713
0.1660, 0.2713
0.1660, 0.2713
0.1702, 0.2713
0.1702, 0.2713
0.1702, 0.2713
0.1702, 0.2713
0.1702, 0.2713
0.1702, 0.2713
0.1702, 0.2713
0.1702, 0.2713
0.1702, 0.2713
0.1702, 0.2713
0.1702, 0.2713
0.1702, 0.2713
0.1702, 0.2713
0.1702, 0.2713
0.1702, 0.2713
0.1745, 0.2713
0.1745, 0.2713
0.1745, 0.2713
0.1745, 0.2687
0.1745, 0.2687
0.1745, 0.2687
0.1745, 0.2687
0.1745, 0.2687
0.1745, 0.2687
0.1745, 0.2687
0.1745, 0.2687
0.1745, 0.2687
0.1745, 0.2687
0.1745, 0.2687
0.1745, 0.2687
0.1787, 0.2687
0.1787, 0.2687
0.1787, 0.2687
0.1787, 0.2687
0.1787, 0.2687
0.1787, 0.2687
0.1787, 0.2687
0.1787, 0.2661
0.1787, 0.2661
0.1787, 0.2661
0.1787, 0.2661
0.1787, 0.2661
0.1787, 0.2661
0.1787, 0.2661
0.1787, 0.2661
0.1787, 0.2661
0.1787, 0.2661
0.1787, 0.2661
0.1787, 0.2661
0.1787, 0.2661
0.1787, 0.2661
0.1787, 0.2661
0.1830, 0.2661
0.1830, 0.2661
0.1830, 0.2661
0.1830, 0.2661
0.1830, 0.2661
0.1830, 0.2661
0.1830, 0.2661
0.1830, 0.2661
0.1830, 0.2661
0.1830, 0.2661
0.1830, 0.2661
0.1872, 0.2661
0.1872, 0.2661
0.1872, 0.2661
0.1872, 0.2661
0.1872, 0.2661
0.1872, 0.2661
0.1872, 0.2661
0.1872, 0.2661
0.1872, 0.2661
0.1872, 0.2661
0.1872, 0.2661
0.1872, 0.2661
0.1872, 0.2661
0.1872, 0.2661
0.1872, 0.2661
0.1872, 0.2661
0.1872, 0.2661
0.1872, 0.2661
0.1872, 0.2636
0.1872, 0.2636
0.1872, 0.2636
0.1872, 0.2636
0.1872, 0.2636
0.1872, 0.2636
0.1872, 0.2636
0.1872, 0.2636
0.1872, 0.2636
0.1872, 0.2636
0.1872, 0.2636
0.1872, 0.2636
0.1915, 0.2636
0.1915, 0.2636
0.1915, 0.2636
0.1915, 0.2636
0.1915, 0.2636
0.1915, 0.2636
0.1915, 0.2636
0.1915, 0.2636
0.1915, 0.2636
0.1915, 0.2636
0.1915, 0.2636
0.1957, 0.2636
0.1957, 0.2636
0.1957, 0.2636
0.1957, 0.2636
0.1957, 0.2636
0.1957, 0.2636
0.1957, 0.2636
0.2000, 0.2636
0.2000, 0.2636
0.2000, 0.2636
0.2000, 0.2636
0.2000, 0.2636
0.2000, 0.2636
0.2000, 0.2636
0.2000, 0.2636
0.2000, 0.2636
0.2000, 0.2636
0.2000, 0.2636
0.2000, 0.2636
0.2000, 0.2636
0.2000, 0.2636
0.2000, 0.2636
0.2000, 0.2636
0.2000, 0.2636
0.2000, 0.2636
0.2000, 0.2636
0.2043, 0.2636
0.2043, 0.2636
0.2043, 0.2636
0.2043, 0.2636
0.2043, 0.2636
0.2043, 0.2636
0.2043, 0.2636
0.2085, 0.2636
0.2085, 0.2636
0.2085, 0.2636
0.2085, 0.2636
0.2085, 0.2636
0.2085, 0.2636
0.2085, 0.2610
0.2085, 0.2610
0.2085, 0.2610
0.2085, 0.2610
0.2085, 0.2610
0.2085, 0.2610
0.2085, 0.2610
0.2085, 0.2610
0.2085, 0.2610
0.2085, 0.2610
0.2128, 0.2610
0.2128, 0.2610
0.2128, 0.2610
0.2128, 0.2610
0.2128, 0.2610
0.2128, 0.2610
0.2128, 0.2610
0.2128, 0.2610
0.2128, 0.2610
0.2170, 0.2610
0.2170, 0.2610
0.2170, 0.2610
0.2170, 0.2610
0.2170, 0.2610
0.2170, 0.2610
0.2170, 0.2610
0.2213, 0.2610
0.2213, 0.2610
0.2213, 0.2610
0.2213, 0.2610
0.2213, 0.2610
0.2213, 0.2610
0.2213, 0.2610
0.2213, 0.2610
0.2213, 0.2610
0.2213, 0.2610
0.2213, 0.2610
0.2213, 0.2610
0.2213, 0.2610
0.2255, 0.2610
0.2255, 0.2610
0.2255, 0.2610
0.2255, 0.2610
0.2255, 0.2610
0.2255, 0.2610
0.2255, 0.2610
0.2255, 0.2610
0.2255, 0.2610
0.2255, 0.2610
0.2255, 0.2610
0.2255, 0.2610
0.2255, 0.2610
0.2298, 0.2610
0.2298, 0.2610
0.2298, 0.2610
0.2298, 0.2610
0.2298, 0.2610
0.2298, 0.2610
0.2298, 0.2610
0.2298, 0.2610
0.2298, 0.2610
0.2298, 0.2610
0.2298, 0.2610
0.2298, 0.2610
0.2298, 0.2610
0.2298, 0.2610
0.2298, 0.2610
0.2298, 0.2610
0.2340, 0.2610
0.2340, 0.2610
0.2340, 0.2610
0.2383, 0.2610
0.2383, 0.2610
0.2383, 0.2610
0.2383, 0.2610
0.2383, 0.2610
0.2383, 0.2610
0.2383, 0.2610
0.2383, 0.2610
0.2383, 0.2610
0.2383, 0.2610
0.2383, 0.2610
0.2426, 0.2610
0.2426, 0.2610
0.2426, 0.2610
0.2426, 0.2610
0.2426, 0.2610
0.2426, 0.2610
0.2426, 0.2610
0.2426, 0.2610
0.2426, 0.2610
0.2426, 0.2610
0.2426, 0.2610
0.2426, 0.2610
0.2426, 0.2610
0.2426, 0.2610
0.2426, 0.2610
0.2426, 0.2610
0.2426, 0.2610
0.2426, 0.2610
0.2426, 0.2610
0.2468, 0.2610
0.2468, 0.2610
0.2468, 0.2610
0.2468, 0.2610
0.2468, 0.2610
0.2468, 0.2610
0.2511, 0.2610
0.2511, 0.2610
0.2511, 0.2610
0.2511, 0.2636
0.2511, 0.2636
0.2511, 0.2636
0.2511, 0.2636
0.2511, 0.2636
0.2511, 0.2636
0.2511, 0.2636
0.2511, 0.2636
0.2511, 0.2636
0.2511, 0.2636
0.2553, 0.2636
0.2553, 0.2636
0.2553, 0.2636
0.2553, 0.2636
0.2553, 0.2636
0.2553, 0.2636
0.2553, 0.2636
0.2553, 0.2636
0.2596, 0.2636
0.2596, 0.2636
0.2596, 0.2636
0.2596, 0.2636
0.2638, 0.2636
0.2638, 0.2636
0.2638, 0.2636
0.2638, 0.2636
0.2638, 0.2636
0.2638, 0.2636
0.2638, 0.2636
0.2638, 0.2636
0.2638, 0.2636
0.2638, 0.2636
0.2638, 0.2636
0.2638, 0.2636
0.2638, 0.2636
0.2638, 0.2636
0.2638, 0.2636
0.2638, 0.2636
0.2638, 0.2636
0.2638, 0.2636
0.2638, 0.2661
0.2638, 0.2661
0.2638, 0.2661
0.2638, 0.2661
0.2638, 0.2661
0.2638, 0.2661
0.2638, 0.2661
0.2681, 0.2661
0.2681, 0.2661
0.2681, 0.2661
0.2681, 0.2661
0.2681, 0.2661
0.2681, 0.2661
0.2681, 0.2661
0.2723, 0.2687
0.2723, 0.2687
0.2723, 0.2687
0.2723, 0.2687
0.2723, 0.2687
0.2723, 0.2687
0.2723, 0.2687
0.2723, 0.2687
0.2723, 0.2687
0.2723, 0.2687
0.2723, 0.2687
0.2766, 0.2687
0.2766, 0.2687
0.2766, 0.2687
0.2766, 0.2713
0.2766, 0.2713
0.2766, 0.2713
0.2809, 0.2713
0.2809, 0.2713
0.2809, 0.2713
0.2809, 0.2713
0.2809, 0.2713
0.2809, 0.2713
0.2809, 0.2713
0.2851, 0.2713
0.2851, 0.2713
0.2851, 0.2713
0.2851, 0.2713
0.2851, 0.2713
0.2851, 0.2713
0.2851, 0.2713
0.2851, 0.2713
0.2851, 0.2713
0.2851, 0.2713
0.2851, 0.2713
0.2851, 0.2713
0.2851, 0.2713
0.2851, 0.2713
0.2851, 0.2713
0.2894, 0.2739
0.2894, 0.2739
0.2894, 0.2739
0.2894, 0.2739
0.2894, 0.2739
0.2894, 0.2739
0.2894, 0.2739
0.2936, 0.2739
0.2936, 0.2739
0.2936, 0.2739
0.2936, 0.2739
0.2936, 0.2739
0.2936, 0.2739
0.2936, 0.2739
0.2936, 0.2739
0.2936, 0.2739
0.2936, 0.2739
0.2936, 0.2765
0.2936, 0.2765
0.2936, 0.2765
0.2936, 0.2765
0.2979, 0.2765
0.2979, 0.2765
0.2979, 0.2765
0.2979, 0.2765
0.2979, 0.2765
0.2979, 0.2765
0.2979, 0.2765
0.3021, 0.2765
0.3021, 0.2765
0.3021, 0.2765
0.3021, 0.2765
0.3021, 0.2765
0.3021, 0.2765
0.3021, 0.2765
0.3021, 0.2765
0.3021, 0.2765
0.3021, 0.2765
0.3021, 0.2765
0.3021, 0.2765
0.3021, 0.2765
0.3021, 0.2765
0.3064, 0.2765
0.3064, 0.2765
0.3064, 0.2765
0.3064, 0.2765
0.3064, 0.2765
0.3064, 0.2765
0.3064, 0.2765
0.3064, 0.2765
0.3064, 0.2765
0.3064, 0.2765
0.3106, 0.2765
0.3106, 0.2765
0.3106, 0.2765
0.3106, 0.2765
0.3106, 0.2765
0.3106, 0.2765
0.3106, 0.2765
0.3149, 0.2791
0.3149, 0.2791
0.3149, 0.2791
0.3149, 0.2791
0.3149, 0.2791
0.3149, 0.2791
0.3149, 0.2791
0.3149, 0.2791
0.3149, 0.2791
0.3149, 0.2791
0.3149, 0.2791
0.3149, 0.2791
0.3149, 0.2791
0.3149, 0.2791
0.3191, 0.2791
0.3191, 0.2791
0.3191, 0.2791
0.3191, 0.2791
0.3191, 0.2817
0.3191, 0.2817
0.3191, 0.2817
0.3234, 0.2817
0.3234, 0.2817
0.3234, 0.2817
0.3234, 0.2817
0.3234, 0.2817
0.3234, 0.2817
0.3234, 0.2817
0.3234, 0.2817
0.3234, 0.2817
0.3234, 0.2817
0.3234, 0.2817
0.3234, 0.2817
0.3234, 0.2817
0.3234, 0.2817
0.3234, 0.2817
0.3234, 0.2817
0.3234, 0.2817
0.3234, 0.2817
0.3277, 0.2842
0.3277, 0.2842
0.3277, 0.2842
0.3277, 0.2842
0.3277, 0.2842
0.3277, 0.2842
0.3319, 0.2842
0.3319, 0.2842
0.3319, 0.2842
0.3319, 0.2842
0.3319, 0.2842
0.3319, 0.2842
0.3319, 0.2842
0.3362, 0.2842
0.3362, 0.2842
0.3362, 0.2842
0.3362, 0.2842
0.3362, 0.2842
0.3362, 0.2842
0.3362, 0.2842
0.3362, 0.2842
0.3362, 0.2842
0.3362, 0.2842
0.3362, 0.2842
0.3362, 0.2842
0.3362, 0.2842
0.3362, 0.2842
0.3362, 0.2842
0.3362, 0.2842
0.3362, 0.2842
0.3362, 0.2842
0.3362, 0.2868
0.3362, 0.2868
0.3362, 0.2868
0.3404, 0.2868
0.3404, 0.2868
0.3404, 0.2868
0.3404, 0.2868
0.3404, 0.2868
0.3404, 0.2868
0.3404, 0.2868
0.3404, 0.2868
0.3404, 0.2868
0.3404, 0.2868
0.3404, 0.2868
0.3404, 0.2868
0.3404, 0.2868
0.3447, 0.2868
0.3447, 0.2868
0.3447, 0.2868
0.3447, 0.2894
0.3447, 0.2894
0.3447, 0.2894
0.3447, 0.2894
0.3447, 0.2894
0.3447, 0.2894
0.3447, 0.2894
0.3447, 0.2894
0.3447, 0.2894
0.3447, 0.2894
0.3447, 0.2894
0.3447, 0.2894
0.3447, 0.2894
0.3447, 0.2894
0.3489, 0.2894
0.3489, 0.2894
0.3489, 0.2894
0.3489, 0.2894
0.3489, 0.2894
0.3489, 0.2894
0.3489, 0.2894
0.3532, 0.2894
0.3532, 0.2894
0.3532, 0.2894
0.3532, 0.2894
0.3532, 0.2894
0.3532, 0.2894
0.3532, 0.2894
0.3532, 0.2894
0.3532, 0.2894
0.3532, 0.2894
0.3574, 0.2920
0.3574, 0.2920
0.3574, 0.2920
0.3574, 0.2920
0.3574, 0.2920
0.3574, 0.2920
0.3574, 0.2920
0.3574, 0.2920
0.3574, 0.2920
0.3574, 0.2920
0.3574, 0.2920
0.3574, 0.2920
0.3574, 0.2920
0.3574, 0.2920
0.3574, 0.2920
0.3574, 0.2920
0.3574, 0.2920
0.3617, 0.2920
0.3617, 0.2920
0.3617, 0.2920
0.3617, 0.2920
0.3617, 0.2920
0.3617, 0.2920
0.3617, 0.2920
0.3617, 0.2920
0.3617, 0.2920
0.3617, 0.2920
0.3617, 0.2920
0.3660, 0.2920
0.3660, 0.2920
0.3660, 0.2920
0.3660, 0.2920
0.3660, 0.2920
0.3660, 0.2920
0.3660, 0.2920
0.3660, 0.2920
0.3660, 0.2920
0.3660, 0.2920
0.3660, 0.2920
0.3660, 0.2920
0.3660, 0.2920
0.3702, 0.2920
0.3702, 0.2920
0.3702, 0.2920
0.3745, 0.2920
0.3745, 0.2920
0.3745, 0.2920
0.3745, 0.2920
0.3745, 0.2920
0.3745, 0.2920
0.3787, 0.2920
0.3787, 0.2920
0.3787, 0.2920
0.3787, 0.2920
0.3787, 0.2920
0.3787, 0.2920
0.3787, 0.2920
0.3787, 0.2920
0.3787, 0.2920
0.3787, 0.2920
0.3787, 0.2920
0.3787, 0.2920
0.3787, 0.2920
0.3830, 0.2920
0.3830, 0.2920
0.3830, 0.2920
0.3830, 0.2920
0.3830, 0.2920
0.3830, 0.2920
0.3830, 0.2920
0.3872, 0.2920
0.3872, 0.2920
0.3872, 0.2920
0.3872, 0.2920
0.3872, 0.2920
0.3872, 0.2920
0.3872, 0.2920
0.3872, 0.2920
0.3872, 0.2920
0.3872, 0.2920
0.3872, 0.2920
0.3872, 0.2920
0.3872, 0.2920
0.3872, 0.2920
0.3872, 0.2920
0.3872, 0.2920
0.3872, 0.2920
0.3915, 0.2920
0.3915, 0.2920
0.3915, 0.2920
0.3915, 0.2920
0.3915, 0.2920
0.3915, 0.2920
0.3915, 0.2920
0.3957, 0.2920
0.3957, 0.2920
0.3957, 0.2920
0.3957, 0.2920
0.3957, 0.2920
0.3957, 0.2920
0.4000, 0.2920
0.4000, 0.2920
0.4000, 0.2920
0.4000, 0.2920
0.4000, 0.2920
0.4000, 0.2920
0.4000, 0.2920
0.4000, 0.2920
0.4000, 0.2920
0.4000, 0.2920
0.4000, 0.2920
0.4000, 0.2920
0.4000, 0.2920
0.4000, 0.2920
0.4043, 0.2920
0.4043, 0.2920
0.4043, 0.2920
0.4043, 0.2920
0.4043, 0.2920
0.4043, 0.2920
0.4043, 0.2920
0.4043, 0.2920
0.4043, 0.2920
0.4043, 0.2920
0.4085, 0.2920
0.4085, 0.2920
0.4085, 0.2920
0.4085, 0.2920
0.4085, 0.2920
0.4085, 0.2920
0.4085, 0.2920
0.4085, 0.2920
0.4085, 0.2920
0.4085, 0.2920
0.4085, 0.2920
0.4085, 0.2920
0.4085, 0.2920
0.4085, 0.2920
0.4085, 0.2920
0.4085, 0.2920
0.4085, 0.2920
0.4085, 0.2920
0.4085, 0.2920
0.4128, 0.2920
0.4128, 0.2920
0.4128, 0.2920
0.4170, 0.2920
0.4170, 0.2920
0.4170, 0.2920
0.4170, 0.2920
0.4170, 0.2920
0.4170, 0.2920
0.4170, 0.2920
0.4170, 0.2920
0.4170, 0.2920
0.4170, 0.2920
0.4170, 0.2920
0.4213, 0.2920
0.4213, 0.2920
0.4213, 0.2920
0.4213, 0.2920
0.4213, 0.2920
0.4213, 0.2920
0.4213, 0.2920
0.4213, 0.2920
0.4213, 0.2920
0.4213, 0.2920
0.4213, 0.2920
0.4213, 0.2920
0.4255, 0.2920
0.4255, 0.2920
0.4298, 0.2920
0.4298, 0.2920
0.4298, 0.2920
0.4298, 0.2920
0.4298, 0.2920
0.4298, 0.2920
0.4298, 0.2920
0.4298, 0.2920
0.4298, 0.2920
0.4298, 0.2920
0.4298, 0.2920
0.4298, 0.2920
0.4298, 0.2920
0.4340, 0.2920
0.4340, 0.2920
0.4340, 0.2920
0.4340, 0.2920
0.4340, 0.2920
0.4340, 0.2920
0.4383, 0.2920
0.4383, 0.2920
0.4383, 0.2920
0.4383, 0.2920
0.4383, 0.2920
0.4383, 0.2920
0.4383, 0.2920
0.4383, 0.2920
0.4383, 0.2920
0.4383, 0.2920
0.4383, 0.2920
0.4383, 0.2920
0.4383, 0.2920
0.4426, 0.2920
0.4426, 0.2920
0.4426, 0.2920
0.4426, 0.2920
0.4426, 0.2920
0.4426, 0.2920
0.4426, 0.2920
0.4426, 0.2920
0.4426, 0.2920
0.4468, 0.2920
0.4468, 0.2920
0.4468, 0.2920
0.4468, 0.2920
0.4468, 0.2920
0.4468, 0.2920
0.4468, 0.2920
0.4468, 0.2920
0.4468, 0.2920
0.4468, 0.2920
0.4511, 0.2920
0.4511, 0.2920
0.4511, 0.2920
0.4511, 0.2920
0.4511, 0.2920
0.4511, 0.2920
0.4511, 0.2920
0.4511, 0.2920
0.4511, 0.2920
0.4511, 0.2920
0.4511, 0.2920
0.4511, 0.2920
0.4511, 0.2920
0.4511, 0.2920
0.4511, 0.2920
0.4511, 0.2920
0.4511, 0.2920
0.4511, 0.2920
0.4511, 0.2920
0.4511, 0.2920
0.4553, 0.2920
0.4553, 0.2920
0.4553, 0.2920
0.4553, 0.2920
0.4553, 0.2920
0.4553, 0.2920
0.4553, 0.2920
0.4553, 0.2920
0.4553, 0.2920
0.4553, 0.2894
0.4553, 0.2894
0.4553, 0.2894
0.4596, 0.2894
0.4596, 0.2894
0.4596, 0.2894
0.4596, 0.2894
0.4596, 0.2894
0.4596, 0.2894
0.4596, 0.2894
0.4596, 0.2894
0.4596, 0.2894
0.4596, 0.2894
0.4596, 0.2894
0.4596, 0.2894
0.4596, 0.2894
0.4596, 0.2894
0.4596, 0.2894
0.4596, 0.2894
0.4596, 0.2894
0.4596, 0.2894
0.4596, 0.2894
0.4596, 0.2894
0.4596, 0.2894
0.4596, 0.2894
0.4596, 0.2894
0.4596, 0.2868
0.4596, 0.2868
0.4596, 0.2868
0.4638, 0.2868
0.4638, 0.2868
0.4638, 0.2868
0.4638, 0.2868
0.4638, 0.2868
0.4638, 0.2868
0.4638, 0.2868
0.4638, 0.2868
0.4638, 0.2868
0.4638, 0.2868
0.4638, 0.2868
0.4638, 0.2868
0.4638, 0.2868
0.4638, 0.2868
0.4638, 0.2868
0.4638, 0.2868
0.4638, 0.2868
0.4681, 0.2868
0.4681, 0.2868
0.4681, 0.2868
0.4681, 0.2868
0.4681, 0.2868
0.4681, 0.2868
0.4681, 0.2868
0.4681, 0.2868
0.4681, 0.2868
0.4681, 0.2868
0.4723, 0.2868
0.4723, 0.2868
0.4723, 0.2868
0.4723, 0.2868
0.4723, 0.2868
0.4723, 0.2868
0.4723, 0.2868
0.4723, 0.2868
0.4723, 0.2868
0.4723, 0.2868
0.4723, 0.2868
0.4723, 0.2868
0.4723, 0.2868
0.4723, 0.2868
0.4723, 0.2868
0.4723, 0.2868
0.4723, 0.2868
0.4723, 0.2868
0.4723, 0.2868
0.4723, 0.2868
0.4723, 0.2842
0.4723, 0.2842
0.4766, 0.2842
0.4766, 0.2842
0.4766, 0.2842
0.4766, 0.2842
0.4766, 0.2842
0.4766, 0.2842
0.4766, 0.2842
0.4766, 0.2842
0.4766, 0.2842
0.4766, 0.2842
0.4809, 0.2842
0.4809, 0.2842
0.4809, 0.2842
0.4809, 0.2842
0.4809, 0.2842
0.4809, 0.2842
0.4809, 0.2817
0.4809, 0.2817
0.4809, 0.2817
0.4809, 0.2817
0.4809, 0.2817
0.4809, 0.2817
0.4809, 0.2817
0.4809, 0.2817
0.4809, 0.2817
0.4809, 0.2817
0.4809, 0.2817
0.4809, 0.2817
0.4809, 0.2817
0.4809, 0.2817
0.4809, 0.2817
0.4851, 0.2791
0.4851, 0.2791
0.4851, 0.2791
0.4851, 0.2791
0.4851, 0.2791
0.4851, 0.2791
0.4894, 0.2791
0.4894, 0.2791
0.4894, 0.2791
0.4894, 0.2791
0.4894, 0.2791
0.4894, 0.2791
0.4894, 0.2791
0.4894, 0.2791
0.4894, 0.2791
0.4894, 0.2791
0.4894, 0.2791
0.4894, 0.2791
0.4894, 0.2791
0.4936, 0.2791
0.4936, 0.2791
0.4936, 0.2791
0.4936, 0.2791
0.4936, 0.2791
0.4936, 0.2791
0.4936, 0.2765
0.4936, 0.2765
0.4936, 0.2765
0.4936, 0.2765
0.4936, 0.2765
0.4936, 0.2765
0.4936, 0.2765
0.4936, 0.2765
0.4936, 0.2765
0.4936, 0.2765
0.4936, 0.2765
0.4936, 0.2765
0.4936, 0.2739
0.4936, 0.2739
0.4936, 0.2739
0.4979, 0.2739
0.4979, 0.2739
0.4979, 0.2739
0.4979, 0.2739
0.4979, 0.2739
0.4979, 0.2739
0.4979, 0.2739
0.4979, 0.2739
0.4979, 0.2739
0.4979, 0.2739
0.5021, 0.2739
0.5021, 0.2739
0.5021, 0.2739
0.5021, 0.2739
0.5021, 0.2739
0.5021, 0.2739
0.5021, 0.2739
0.5021, 0.2739
0.5021, 0.2739
0.5021, 0.2739
0.5021, 0.2739
0.5021, 0.2739
0.5021, 0.2739
0.5021, 0.2739
0.5021, 0.2739
0.5021, 0.2739
0.5021, 0.2713
0.5021, 0.2713
0.5021, 0.2713
0.5021, 0.2713
0.5021, 0.2713
0.5064, 0.2713
0.5064, 0.2713
0.5064, 0.2713
0.5064, 0.2687
0.5064, 0.2687
0.5064, 0.2687
0.5064, 0.2687
0.5064, 0.2687
0.5064, 0.2687
0.5064, 0.2687
0.5064, 0.2687
0.5064, 0.2687
0.5064, 0.2687
0.5106, 0.2687
0.5106, 0.2687
0.5106, 0.2687
0.5106, 0.2687
0.5106, 0.2687
0.5106, 0.2687
0.5106, 0.2661
0.5106, 0.2661
0.5106, 0.2661
0.5106, 0.2661
0.5106, 0.2661
0.5106, 0.2661
0.5106, 0.2661
0.5106, 0.2661
0.5106, 0.2661
0.5106, 0.2661
0.5106, 0.2661
0.5106, 0.2661
0.5106, 0.2661
0.5149, 0.2661
0.5149, 0.2661
0.5149, 0.2661
0.5149, 0.2661
0.5149, 0.2661
0.5149, 0.2661
0.5149, 0.2661
0.5149, 0.2661
0.5149, 0.2661
0.5149, 0.2661
0.5149, 0.2661
0.5149, 0.2661
0.5149, 0.2636
0.5149, 0.2636
0.5149, 0.2636
0.5149, 0.2636
0.5149, 0.2636
0.5149, 0.2636
0.5149, 0.2610
0.5149, 0.2610
0.5149, 0.2610
0.5191, 0.2610
0.5191, 0.2610
0.5191, 0.2610
0.5191, 0.2610
0.5191, 0.2610
0.5191, 0.2610
0.5191, 0.2610
0.5191, 0.2610
0.5191, 0.2610
0.5191, 0.2610
0.5234, 0.2610
0.5234, 0.2610
0.5234, 0.2610
0.5234, 0.2610
0.5234, 0.2610
0.5234, 0.2610
0.5234, 0.2584
0.5234, 0.2584
0.5234, 0.2584
0.5234, 0.2584
0.5234, 0.2584
0.5234, 0.2584
0.5234, 0.2558
0.5234, 0.2558
0.5234, 0.2558
0.5234, 0.2558
0.5234, 0.2558
0.5277, 0.2558
0.5277, 0.2558
0.5277, 0.2558
0.5277, 0.2558
0.5277, 0.2558
0.5277, 0.2558
0.5277, 0.2558
0.5277, 0.2558
0.5277, 0.2558
0.5277, 0.2558
0.5277, 0.2558
0.5277, 0.2558
0.5319, 0.2532
0.5319, 0.2532
0.5319, 0.2532
0.5319, 0.2532
0.5319, 0.2532
0.5319, 0.2532
0.5319, 0.2532
0.5319, 0.2532
0.5319, 0.2532
0.5319, 0.2506
0.5319, 0.2506
0.5319, 0.2506
0.5319, 0.2506
0.5319, 0.2506
0.5319, 0.2506
0.5362, 0.2506
0.5362, 0.2506
0.5362, 0.2506
0.5362, 0.2481
0.5362, 0.2481
0.5362, 0.2481
0.5362, 0.2481
0.5362, 0.2481
0.5362, 0.2481
0.5362, 0.2481
0.5362, 0.2481
0.5362, 0.2481
0.5362, 0.2481
0.5362, 0.2481
0.5362, 0.2481
0.5362, 0.2481
0.5362, 0.2481
0.5362, 0.2481
0.5362, 0.2481
0.5362, 0.2481
0.5362, 0.2481
0.5362, 0.2481
0.5362, 0.2481
0.5362, 0.2481
0.5362, 0.2481
0.5362, 0.2481
0.5362, 0.2481
0.5362, 0.2481
0.5362, 0.2481
0.5362, 0.2481
0.5362, 0.2455
0.5362, 0.2455
0.5362, 0.2455
0.5362, 0.2455
0.5362, 0.2455
0.5362, 0.2455
0.5362, 0.2455
0.5362, 0.2455
0.5362, 0.2455
0.5362, 0.2429
0.5362, 0.2429
0.5362, 0.2429
0.5362, 0.2429
0.5362, 0.2429
0.5362, 0.2429
0.5362, 0.2429
0.5362, 0.2429
0.5362, 0.2429
0.5362, 0.2429
0.5362, 0.2429
0.5362, 0.2429
0.5362, 0.2429
0.5362, 0.2429
0.5362, 0.2429
0.5362, 0.2429
0.5362, 0.2429
0.5362, 0.2429
0.5362, 0.2429
0.5362, 0.2403
0.5362, 0.2403
0.5362, 0.2403
0.5362, 0.2403
0.5362, 0.2403
0.5362, 0.2403
0.5362, 0.2403
0.5362, 0.2403
0.5362, 0.2403
0.5404, 0.2403
0.5404, 0.2403
0.5404, 0.2403
0.5404, 0.2377
0.5404, 0.2377
0.5404, 0.2377
0.5404, 0.2377
0.5404, 0.2377
0.5404, 0.2377
0.5404, 0.2377
0.5404, 0.2377
0.5404, 0.2377
0.5404, 0.2377
0.5404, 0.2351
0.5404, 0.2351
0.5404, 0.2351
0.5404, 0.2351
0.5404, 0.2351
0.5404, 0.2351
0.5404, 0.2351
0.5404, 0.2351
0.5404, 0.2351
0.5404, 0.2351
0.5404, 0.2351
0.5404, 0.2351
0.5404, 0.2326
0.5404, 0.2326
0.5404, 0.2326
0.5404, 0.2326
0.5404, 0.2326
0.5404, 0.2326
0.5404, 0.2326
0.5404, 0.2326
0.5404, 0.2326
0.5404, 0.2300
0.5404, 0.2300
0.5404, 0.2300
0.5404, 0.2300
0.5404, 0.2300
0.5404, 0.2300
0.5404, 0.2300
0.5404, 0.2300
0.5404, 0.2300
0.5404, 0.2300
0.5404, 0.2300
0.5404, 0.2300
0.5404, 0.2300
0.5404, 0.2300
0.5404, 0.2300
0.5404, 0.2274
0.5404, 0.2274
0.5404, 0.2274
0.5404, 0.2274
0.5404, 0.2274
0.5404, 0.2274
0.5404, 0.2274
0.5404, 0.2274
0.5404, 0.2274
0.5404, 0.2248
0.5404, 0.2248
0.5447, 0.2248
0.5447, 0.2248
0.5447, 0.2248
0.5447, 0.2222
0.5447, 0.2222
0.5447, 0.2222
0.5447, 0.2222
0.5447, 0.2222
0.5447, 0.2222
0.5447, 0.2222
0.5447, 0.2222
0.5447, 0.2222
0.5447, 0.2222
0.5447, 0.2222
0.5447, 0.2222
0.5447, 0.2222
0.5447, 0.2196
0.5447, 0.2196
0.5447, 0.2196
0.5447, 0.2196
0.5447, 0.2196
0.5447, 0.2196
0.5447, 0.2171
0.5447, 0.2171
0.5447, 0.2171
0.5447, 0.2171
0.5447, 0.2171
0.5447, 0.2171
0.5447, 0.2171
0.5447, 0.2171
0.5447, 0.2171
0.5447, 0.2171
0.5447, 0.2171
0.5447, 0.2171
0.5447, 0.2171
0.5447, 0.2171
0.5447, 0.2145
0.5447, 0.2145
0.5447, 0.2145
0.5447, 0.2145
0.5447, 0.2145
0.5447, 0.2145
0.5447, 0.2119
0.5447, 0.2119
0.5447, 0.2119
0.5447, 0.2119
0.5447, 0.2119
0.5447, 0.2119
0.5447, 0.2093
0.5447, 0.2093
0.5447, 0.2093
0.5447, 0.2093
0.5447, 0.2093
0.5447, 0.2093
0.5447, 0.2093
0.5447, 0.2093
0.5447, 0.2093
0.5447, 0.2093
0.5447, 0.2093
0.5447, 0.2093
0.5447, 0.2067
0.5447, 0.2067
0.5447, 0.2067
0.5447, 0.2067
0.5447, 0.2067
0.5447, 0.2041
0.5447, 0.2041
0.5447, 0.2041
0.5447, 0.2041
0.5447, 0.2041
0.5447, 0.2041
0.5447, 0.2041
0.5447, 0.2041
0.5447, 0.2041
0.5447, 0.2041
0.5447, 0.2041
0.5447, 0.2041
0.5447, 0.2016
0.5447, 0.2016
0.5447, 0.2016
0.5447, 0.2016
0.5447, 0.2016
0.5447, 0.2016
0.5447, 0.1990
0.5447, 0.1990
0.5447, 0.1990
0.5447, 0.1990
0.5447, 0.1990
0.5447, 0.1990
0.5447, 0.1964
0.5447, 0.1964
0.5447, 0.1964
0.5447, 0.1964
0.5447, 0.1964
0.5447, 0.1964
0.5447, 0.1964
0.5447, 0.1964
0.5447, 0.1964
0.5447, 0.1964
0.5447, 0.1964
0.5447, 0.1964
0.5447, 0.1938
0.5447, 0.1938
0.5447, 0.1938
0.5447, 0.1938
0.5447, 0.1938
0.5447, 0.1912
0.5447, 0.1912
0.5447, 0.1912
0.5447, 0.1912
0.5447, 0.1912
0.5447, 0.1912
0.5447, 0.1912
0.5447, 0.1912
0.5447, 0.1912
0.5447, 0.1912
0.5447, 0.1912
0.5447, 0.1912
0.5447, 0.1912
0.5447, 0.1912
0.5447, 0.1912
0.5447, 0.1886
0.5447, 0.1886
0.5447, 0.1886
0.5447, 0.1886
0.5447, 0.1886
0.5447, 0.1886
0.5447, 0.1860
0.5447, 0.1860
0.5447, 0.1860
0.5447, 0.1860
0.5447, 0.1860
0.5447, 0.1860
0.5447, 0.1860
0.5447, 0.1860
0.5447, 0.1860
0.5447, 0.1835
0.5447, 0.1835
0.5447, 0.1835
0.5447, 0.1835
0.5447, 0.1835
0.5447, 0.1835
0.5447, 0.1835
0.5447, 0.1835
0.5447, 0.1835
0.5447, 0.1835
0.5447, 0.1835
0.5447, 0.1809
0.5447, 0.1809
0.5447, 0.1809
0.5447, 0.1783
0.5447, 0.1783
0.5447, 0.1783
0.5447, 0.1783
0.5447, 0.1783
0.5447, 0.1783
0.5447, 0.1783
0.5447, 0.1783
0.5447, 0.1783
0.5447, 0.1783
0.5447, 0.1783
0.5447, 0.1783
0.5447, 0.1783
0.5447, 0.1783
0.5447, 0.1783
0.5447, 0.1783
0.5447, 0.1783
0.5447, 0.1783
0.5447, 0.1757
0.5447, 0.1757
0.5447, 0.1757
0.5447, 0.1757
0.5447, 0.1757
0.5447, 0.1757
0.5447, 0.1731
0.5447, 0.1731
0.5447, 0.1731
0.5447, 0.1731
0.5447, 0.1731
0.5447, 0.1731
0.5447, 0.1731
0.5447, 0.1731
0.5447, 0.1731
0.5447, 0.1731
0.5447, 0.1731
0.5447, 0.1731
0.5447, 0.1705
0.5447, 0.1705
0.5447, 0.1705
0.5447, 0.1705
0.5447, 0.1705
0.5447, 0.1680
0.5447, 0.1680
0.5447, 0.1680
0.5447, 0.1680
0.5447, 0.1680
0.5447, 0.1680
0.5447, 0.1654
0.5447, 0.1654
0.5447, 0.1654
0.5447, 0.1654
0.5447, 0.1654
0.5447, 0.1654
0.5447, 0.1654
0.5447, 0.1654
0.5447, 0.1654
0.5447, 0.1628
0.5447, 0.1628
0.5447, 0.1628
0.5447, 0.1628
0.5447, 0.1628
0.5447, 0.1628
0.5447, 0.1628
0.5447, 0.1628
0.5447, 0.1602
0.5447, 0.1602
0.5447, 0.1602
0.5447, 0.1602
0.5447, 0.1602
0.5447, 0.1602
0.5447, 0.1602
0.5447, 0.1602
0.5447, 0.1602
0.5447, 0.1602
0.5447, 0.1602
0.5447, 0.1602
0.5447, 0.1602
0.5447, 0.1602
0.5447, 0.1602
0.5447, 0.1602
0.5447, 0.1602
0.5447, 0.1602
0.5447, 0.1602
0.5447, 0.1602
0.5447, 0.1576
0.5447, 0.1576
0.5447, 0.1576
0.5447, 0.1576
0.5447, 0.1576
0.5447, 0.1576
0.5447, 0.1576
0.5447, 0.1576
0.5447, 0.1576
0.5447, 0.1576
0.5447, 0.1576
0.5447, 0.1576
0.5447, 0.1550
0.5447, 0.1550
0.5447, 0.1550
0.5447, 0.1550
0.5447, 0.1550
0.5447, 0.1550
0.5447, 0.1550
0.5447, 0.1550
0.5447, 0.1525
0.5447, 0.1525
0.5447, 0.1525
0.5447, 0.1525
0.5447, 0.1525
0.5447, 0.1525
0.5447, 0.1525
0.5447, 0.1525
0.5447, 0.1525
0.5447, 0.1525
0.5447, 0.1525
0.5447, 0.1525
0.5447, 0.1525
0.5447, 0.1525
0.5447, 0.1525
0.5447, 0.1525
0.5447, 0.1525
0.5447, 0.1525
0.5447, 0.1525
0.5447, 0.1525
0.5447, 0.1525
0.5447, 0.1525
0.5447, 0.1525
0.5447, 0.1525
0.5447, 0.1525
0.5447, 0.1525
0.5447, 0.1525
0.5447, 0.1525
0.5447, 0.1525
0.5447, 0.1525
0.5447, 0.1499
0.5447, 0.1499
0.5447, 0.1499
0.5447, 0.1499
0.5447, 0.1499
0.5447, 0.1499
0.5447, 0.1499
0.5447, 0.1499
0.5447, 0.1499
0.5447, 0.1499
0.5447, 0.1499
0.5447, 0.1499
0.5447, 0.1499
0.5447, 0.1499
0.5447, 0.1499
0.5447, 0.1499
0.5447, 0.1499
0.5447, 0.1499
0.5447, 0.1473
0.5447, 0.1473
0.5447, 0.1473
0.5447, 0.1473
0.5447, 0.1473
0.5447, 0.1473
0.5447, 0.1473
0.5447, 0.1473
0.5447, 0.1473
0.5447, 0.1473
0.5447, 0.1473
0.5404, 0.1473
0.5404, 0.1473
0.5404, 0.1473
0.5404, 0.1473
0.5404, 0.1473
0.5404, 0.1473
0.5404, 0.1447
0.5404, 0.1447
0.5404, 0.1447
0.5404, 0.1447
0.5404, 0.1447
0.5404, 0.1447
0.5404, 0.1447
0.5404, 0.1447
0.5404, 0.1447
0.5404, 0.1447
0.5404, 0.1447
0.5404, 0.1447
0.5404, 0.1447
0.5404, 0.1447
0.5404, 0.1447
0.5404, 0.1421
0.5404, 0.1421
0.5404, 0.1421
0.5404, 0.1421
0.5404, 0.1421
0.5404, 0.1421
0.5404, 0.1421
0.5404, 0.1421
0.5404, 0.1421
0.5404, 0.1421
0.5404, 0.1421
0.5404, 0.1421
0.5404, 0.1421
0.5404, 0.1421
0.5404, 0.1395
0.5404, 0.1395
0.5404, 0.1395
0.5404, 0.1395
0.5404, 0.1395
0.5404, 0.1395
0.5404, 0.1395
0.5404, 0.1395
0.5404, 0.1395
0.5404, 0.1395
0.5404, 0.1395
0.5404, 0.1395
0.5404, 0.1395
0.5404, 0.1370
0.5404, 0.1370
0.5404, 0.1370
0.5404, 0.1370
0.5404, 0.1370
0.5404, 0.1370
0.5404, 0.1370
0.5404, 0.1370
0.5404, 0.1370
0.5404, 0.1370
0.5404, 0.1370
0.5404, 0.1370
0.5404, 0.1370
0.5404, 0.1370
0.5404, 0.1370
0.5404, 0.1370
0.5404, 0.1370
0.5404, 0.1344
0.5404, 0.1344
0.5404, 0.1344
0.5404, 0.1344
0.5404, 0.1344
0.5404, 0.1344
0.5404, 0.1344
0.5404, 0.1344
0.5404, 0.1344
0.5404, 0.1344
0.5404, 0.1344
0.5404, 0.1344
0.5404, 0.1344
0.5404, 0.1344
0.5404, 0.1344
0.5404, 0.1344
0.5404, 0.1344
0.5404, 0.1344
0.5404, 0.1344
0.5404, 0.1344
0.5404, 0.1344
0.5404, 0.1318
0.5404, 0.1318
0.5404, 0.1318
0.5404, 0.1318
0.5404, 0.1318
0.5404, 0.1318
0.5404, 0.1318
0.5404, 0.1318
0.5404, 0.1318
0.5404, 0.1318
0.5404, 0.1318
0.5404, 0.1292
0.5404, 0.1292
0.5404, 0.1292
0.5404, 0.1292
0.5404, 0.1292
0.5404, 0.1292
0.5404, 0.1292
0.5404, 0.1292
0.5404, 0.1292
0.5404, 0.1292
0.5404, 0.1292
0.5362, 0.1266
0.5362, 0.1266
0.5362, 0.1266
0.5362, 0.1266
0.5362, 0.1266
0.5362, 0.1266
0.5362, 0.1266
0.5362, 0.1266
0.5362, 0.1266
0.5362, 0.1266
0.5362, 0.1266
0.5362, 0.1266
0.5362, 0.1266
0.5362, 0.1266
0.5362, 0.1266
0.5362, 0.1266
0.5362, 0.1266
0.5362, 0.1266
0.5362, 0.1266
0.5362, 0.1240
0.5362, 0.1240
0.5362, 0.1240
0.5362, 0.1240
0.5362, 0.1240
0.5362, 0.1240
0.5362, 0.1240
0.5362, 0.1240
0.5362, 0.1240
0.5362, 0.1240
0.5362, 0.1240
0.5362, 0.1214
0.5362, 0.1214
0.5362, 0.1214
0.5362, 0.1214
0.5362, 0.1214
0.5362, 0.1214
0.5362, 0.1214
0.5362, 0.1214
0.5362, 0.1214
0.5362, 0.1214
0.5362, 0.1214
0.5362, 0.1214
0.5362, 0.1214
0.5362, 0.1214
0.5362, 0.1214
0.5362, 0.1214
0.5362, 0.1214
0.5362, 0.1214
0.5362, 0.1214
0.5362, 0.1214
0.5362, 0.1214
0.5362, 0.1214
0.5362, 0.1214
0.5319, 0.1214
0.5319, 0.1214
0.5319, 0.1214
0.5319, 0.1214
0.5319, 0.1214
0.5319, 0.1214
0.5319, 0.1214
0.5319, 0.1214
0.5319, 0.1189
0.5319, 0.1189
0.5319, 0.1189
0.5319, 0.1189
0.5319, 0.1189
0.5319, 0.1189
0.5319, 0.1189
0.5319, 0.1189
0.5319, 0.1189
0.5319, 0.1189
0.5319, 0.1189
0.5319, 0.1189
0.5319, 0.1189
0.5319, 0.1189
0.5319, 0.1189
0.5319, 0.1189
0.5319, 0.1189
0.5319, 0.1163
0.5319, 0.1163
0.5319, 0.1163
0.5319, 0.1163
0.5319, 0.1163
0.5319, 0.1163
0.5319, 0.1163
0.5319, 0.1163
0.5319, 0.1163
0.5319, 0.1163
0.5319, 0.1163
0.5319, 0.1163
0.5319, 0.1163
0.5319, 0.1163
0.5319, 0.1163
0.5319, 0.1163
0.5319, 0.1137
0.5319, 0.1137
0.5319, 0.1137
0.5319, 0.1137
0.5319, 0.1137
0.5319, 0.1137
0.5319, 0.1137
0.5319, 0.1137
0.5277, 0.1137
0.5277, 0.1137
0.5277, 0.1137
0.5277, 0.1137
0.5277, 0.1137
0.5277, 0.1137
0.5277, 0.1137
0.5277, 0.1137
0.5277, 0.1137
0.5277, 0.1137
0.5277, 0.1111
0.5277, 0.1111
0.5277, 0.1111
0.5277, 0.1111
0.5277, 0.1111
0.5277, 0.1111
0.5277, 0.1111
0.5277, 0.1085
0.5277, 0.1085
0.5277, 0.1085
0.5277, 0.1085
0.5277, 0.1085
0.5277, 0.1085
0.5277, 0.1085
0.5277, 0.1085
0.5277, 0.1085
0.5277, 0.1085
0.5277, 0.1085
0.5277, 0.1085
0.5277, 0.1085
0.5277, 0.1085
0.5277, 0.1085
0.5277, 0.1059
0.5277, 0.1059
0.5277, 0.1059
0.5277, 0.1059
0.5277, 0.1059
0.5277, 0.1059
0.5277, 0.1034
0.5277, 0.1034
0.5277, 0.1034
0.5277, 0.1034
0.5277, 0.1034
0.5277, 0.1034
0.5277, 0.1008
0.5277, 0.1008
0.5277, 0.1008
0.5277, 0.1008
0.5277, 0.1008
0.5277, 0.1008
0.5277, 0.1008
0.5277, 0.1008
0.5277, 0.1008
0.5277, 0.1008
0.5277, 0.1008
0.5277, 0.1008
0.5277, 0.1008
0.5234, 0.1008
0.5234, 0.1008
0.5234, 0.1008
0.5234, 0.1008
0.5234, 0.1008
0.5234, 0.0982
0.5234, 0.0982
0.5234, 0.0982
0.5234, 0.0982
0.5234, 0.0982
0.5234, 0.0982
0.5234, 0.0982
0.5234, 0.0982
0.5234, 0.0982
0.5234, 0.0956
0.5234, 0.0956
0.5234, 0.0956
0.5234, 0.0956
0.5191, 0.0956
0.5191, 0.0956
0.5191, 0.0956
0.5191, 0.0956
0.5191, 0.0956
0.5191, 0.0956
0.5191, 0.0956
0.5191, 0.0956
0.5191, 0.0956
0.5191, 0.0930
0.5191, 0.0930
0.5191, 0.0930
0.5191, 0.0930
0.5191, 0.0930
0.5191, 0.0930
0.5191, 0.0930
0.5191, 0.0930
0.5191, 0.0930
0.5191, 0.0904
0.5191, 0.0904
0.5191, 0.0904
0.5191, 0.0904
0.5191, 0.0904
0.5191, 0.0904
0.5191, 0.0904
0.5149, 0.0904
0.5149, 0.0904
0.5149, 0.0904
0.5149, 0.0904
0.5149, 0.0904
0.5149, 0.0904
0.5149, 0.0879
0.5149, 0.0879
0.5149, 0.0879
0.5149, 0.0879
0.5106, 0.0879
0.5106, 0.0879
0.5106, 0.0879
0.5106, 0.0853
0.5106, 0.0853
0.5106, 0.0853
0.5106, 0.0853
0.5106, 0.0853
0.5106, 0.0853
0.5064, 0.0853
0.5064, 0.0853
0.5064, 0.0827
0.5064, 0.0827
0.5064, 0.0827
0.5064, 0.0827
0.5064, 0.0827
0.5064, 0.0827
0.5064, 0.0827
0.5064, 0.0827
0.5064, 0.0827
0.5064, 0.0827
0.5064, 0.0827
0.5064, 0.0827
0.5064, 0.0827
0.5064, 0.0827
0.5064, 0.0827
0.5064, 0.0827
0.5064, 0.0827
0.5064, 0.0827
0.5064, 0.0827
0.5064, 0.0827
0.5064, 0.0827
0.5064, 0.0801
0.5064, 0.0801
0.5064, 0.0801
0.5064, 0.0801
0.5021, 0.0801
0.5021, 0.0801
0.5021, 0.0801
0.5021, 0.0801
0.5021, 0.0801
0.5021, 0.0801
0.5021, 0.0801
0.5021, 0.0775
0.5021, 0.0775
0.5021, 0.0775
0.5021, 0.0775
0.4979, 0.0775
0.4979, 0.0775
0.4979, 0.0775
0.4979, 0.0775
0.4979, 0.0775
0.4979, 0.0775
0.4979, 0.0775
0.4979, 0.0775
0.4979, 0.0775
0.4979, 0.0775
0.4979, 0.0775
0.4979, 0.0775
0.4979, 0.0775
0.4979, 0.0775
0.4979, 0.0775
0.4979, 0.0775
0.4979, 0.0775
0.4979, 0.0775
0.4979, 0.0775
0.4979, 0.0775
0.4979, 0.0775
0.4979, 0.0775
0.4936, 0.0749
0.4936, 0.0749
0.4936, 0.0749
0.4936, 0.0749
0.4936, 0.0749
0.4936, 0.0749
0.4936, 0.0749
0.4894, 0.0749
0.4894, 0.0749
0.4894, 0.0724
0.4894, 0.0724
0.4894, 0.0724
0.4894, 0.0724
0.4851, 0.0724
0.4851, 0.0724
0.4851, 0.0724
0.4851, 0.0724
0.4851, 0.0724
0.4851, 0.0698
0.4851, 0.0698
0.4851, 0.0698
0.4851, 0.0698
0.4851, 0.0698
0.4851, 0.0698
0.4851, 0.0698
0.4851, 0.0698
0.4851, 0.0698
0.4851, 0.0698
0.4809, 0.0698
0.4809, 0.0698
0.4809, 0.0698
0.4809, 0.0698
0.4809, 0.0698
0.4809, 0.0698
0.4809, 0.0698
0.4809, 0.0698
0.4809, 0.0698
0.4766, 0.0698
0.4766, 0.0698
0.4766, 0.0698
0.4766, 0.0698
0.4766, 0.0698
0.4766, 0.0698
0.4766, 0.0698
0.4766, 0.0672
0.4766, 0.0672
0.4766, 0.0672
0.4766, 0.0672
0.4723, 0.0672
0.4723, 0.0672
0.4723, 0.0672
0.4723, 0.0672
0.4723, 0.0672
0.4723, 0.0672
0.4723, 0.0672
0.4723, 0.0672
0.4723, 0.0672
0.4723, 0.0672
0.4723, 0.0672
0.4681, 0.0646
0.4681, 0.0646
0.4681, 0.0646
0.4681, 0.0646
0.4681, 0.0646
0.4681, 0.0646
0.4681, 0.0646
0.4638, 0.0646
0.4638, 0.0646
0.4638, 0.0646
0.4638, 0.0646
0.4638, 0.0646
0.4638, 0.0646
0.4638, 0.0646
0.4638, 0.0646
0.4638, 0.0646
0.4638, 0.0646
0.4638, 0.0646
0.4638, 0.0646
0.4638, 0.0646
0.4596, 0.0646
0.4596, 0.0646
0.4596, 0.0646
0.4596, 0.0646
0.4553, 0.0646
0.4553, 0.0646
0.4553, 0.0646
0.4553, 0.0646
0.4553, 0.0646
0.4553, 0.0646
0.4553, 0.0646
0.4553, 0.0646
0.4553, 0.0646
0.4553, 0.0646
0.4553, 0.0646
0.4553, 0.0646
0.4553, 0.0646
0.4553, 0.0646
0.4553, 0.0646
0.4553, 0.0646
0.4553, 0.0646
0.4553, 0.0646
0.4511, 0.0646
0.4511, 0.0646
0.4511, 0.0646
0.4511, 0.0646
0.4511, 0.0646
0.4468, 0.0646
0.4468, 0.0646
0.4468, 0.0620
0.4468, 0.0620
0.4426, 0.0620
0.4426, 0.0620
0.4426, 0.0620
0.4426, 0.0620
0.4426, 0.0620
0.4426, 0.0620
0.4426, 0.0620
0.4426, 0.0620
0.4426, 0.0620
0.4426, 0.0620
0.4383, 0.0620
0.4383, 0.0620
0.4383, 0.0620
0.4383, 0.0620
0.4383, 0.0620
0.4383, 0.0620
0.4383, 0.0620
0.4340, 0.0620
0.4340, 0.0620
0.4340, 0.0620
0.4340, 0.0620
0.4340, 0.0620
0.4340, 0.0620
0.4340, 0.0620
0.4340, 0.0620
0.4340, 0.0620
0.4340, 0.0620
0.4340, 0.0620
0.4340, 0.0620
0.4340, 0.0620
0.4298, 0.0620
0.4298, 0.0620
0.4298, 0.0620
0.4298, 0.0620
0.4298, 0.0594
0.4298, 0.0594
0.4298, 0.0594
0.4255, 0.0594
0.4255, 0.0594
0.4255, 0.0594
0.4255, 0.0594
0.4255, 0.0594
0.4255, 0.0594
0.4255, 0.0594
0.4255, 0.0594
0.4255, 0.0594
0.4255, 0.0594
0.4255, 0.0594
0.4255, 0.0594
0.4213, 0.0594
0.4213, 0.0594
0.4213, 0.0594
0.4213, 0.0594
0.4213, 0.0594
0.4213, 0.0594
0.4213, 0.0594
0.4213, 0.0594
0.4170, 0.0594
0.4170, 0.0594
0.4170, 0.0594
0.4170, 0.0594
0.4170, 0.0594
0.4170, 0.0594
0.4170, 0.0594
0.4170, 0.0594
0.4170, 0.0594
0.4128, 0.0594
0.4128, 0.0594
0.4128, 0.0568
0.4128, 0.0568
0.4128, 0.0568
0.4128, 0.0568
0.4128, 0.0568
0.4128, 0.0568
0.4128, 0.0568
0.4128, 0.0568
0.4085, 0.0568
0.4085, 0.0568
0.4085, 0.0568
0.4085, 0.0568
0.4085, 0.0568
0.4085, 0.0568
0.4085, 0.0568
0.4043, 0.0568
0.4043, 0.0568
0.4043, 0.0568
0.4043, 0.0568
0.4043, 0.0568
0.4043, 0.0568
0.4043, 0.0568
0.4043, 0.0568
0.4043, 0.0568
0.4043, 0.0568
0.4043, 0.0568
0.4043, 0.0568
0.4043, 0.0568
0.4043, 0.0568
0.4043, 0.0568
0.4000, 0.0568
0.4000, 0.0568
0.4000, 0.0568
0.4000, 0.0568
0.4000, 0.0568
0.3957, 0.0568
0.3957, 0.0568
0.3957, 0.0568
0.3957, 0.0568
0.3915, 0.0568
0.3915, 0.0568
0.3915, 0.0568
0.3915, 0.0568
0.3915, 0.0568
0.3915, 0.0568
0.3915, 0.0568
0.3915, 0.0568
0.3872, 0.0568
0.3872, 0.0568
0.3872, 0.0568
0.3872, 0.0568
0.3830, 0.0568
0.3830, 0.0568
0.3830, 0.0568
0.3830, 0.0568
0.3830, 0.0568
0.3830, 0.0568
0.3830, 0.0568
0.3787, 0.0568
0.3787, 0.0568
0.3745, 0.0568
0.3745, 0.0568
0.3745, 0.0568
0.3745, 0.0568
0.3702, 0.0568
0.3702, 0.0568
0.3702, 0.0568
0.3702, 0.0568
0.3660, 0.0568
0.3660, 0.0568
0.3660, 0.0568
0.3660, 0.0568
0.3660, 0.0568
0.3617, 0.0568
0.3617, 0.0568
0.3617, 0.0568
0.3617, 0.0568
0.3574, 0.0568
0.3574, 0.0568
0.3532, 0.0568
0.3532, 0.0568
0.3532, 0.0568
0.3532, 0.0568
0.3489, 0.0568
0.3489, 0.0568
0.3489, 0.0568
0.3489, 0.0568
0.3447, 0.0568
0.3447, 0.0568
0.3447, 0.0568
0.3447, 0.0568
0.3404, 0.0568
0.3404, 0.0568
0.3404, 0.0568
0.3404, 0.0568
0.3362, 0.0568
0.3319, 0.0568
0.3319, 0.0568
0.3277, 0.0568
0.3234, 0.0568
0.3234, 0.0568
0.3234, 0.0568
0.3234, 0.0568
0.3191, 0.0568
0.3191, 0.0568
0.3191, 0.0568
0.3191, 0.0568
0.3149, 0.0568
0.3149, 0.0568
0.3149, 0.0568
0.3149, 0.0568
0.3106, 0.0568
0.3106, 0.0568
0.3106, 0.0568
0.3106, 0.0568
0.3064, 0.0568
0.3064, 0.0568
0.3064, 0.0568
0.3064, 0.0568
0.3064, 0.0594
0.3064, 0.0594
0.3021, 0.0594
0.3021, 0.0594
0.2979, 0.0620
0.2979, 0.0620
0.2979, 0.0620
0.2979, 0.0620
0.2936, 0.0620
0.2936, 0.0620
0.2936, 0.0620
0.2936, 0.0620
0.2936, 0.0620
0.2894, 0.0620
0.2894, 0.0646
0.2894, 0.0646
0.2851, 0.0646
0.2851, 0.0646
0.2851, 0.0646
0.2851, 0.0646
0.2851, 0.0672
0.2851, 0.0672
0.2809, 0.0672
0.2809, 0.0672
0.2809, 0.0672
0.2809, 0.0672
0.2766, 0.0672
0.2766, 0.0672
0.2766, 0.0672
0.2766, 0.0672
0.2766, 0.0672
0.2766, 0.0672
0.2723, 0.0672
0.2723, 0.0672
0.2681, 0.0698
0.2681, 0.0698
0.2681, 0.0698
0.2681, 0.0698
0.2681, 0.0698
0.2681, 0.0724
0.2638, 0.0724
0.2638, 0.0724
0.2638, 0.0724
0.2638, 0.0724
0.2638, 0.0724
0.2596, 0.0749
0.2596, 0.0749
0.2596, 0.0749
0.2596, 0.0749
0.2553, 0.0749
0.2553, 0.0749
0.2553, 0.0749
0.2553, 0.0749
0.2553, 0.0749
0.2553, 0.0749
0.2553, 0.0749
0.2553, 0.0749
0.2553, 0.0749
0.2553, 0.0749
0.2553, 0.0749
0.2511, 0.0749
0.2468, 0.0749
0.2468, 0.0749
0.2468, 0.0749
0.2468, 0.0749
0.2468, 0.0749
0.2468, 0.0749
0.2468, 0.0749
0.2468, 0.0749
0.2468, 0.0749
0.2426, 0.0749
0.2426, 0.0749
0.2426, 0.0749
0.2426, 0.0749
0.2383, 0.0749
0.2383, 0.0749
0.2383, 0.0749
0.2383, 0.0749
0.2383, 0.0749
0.2383, 0.0749
0.2340, 0.0749
0.2340, 0.0749
0.2340, 0.0749
0.2340, 0.0749
0.2340, 0.0749
0.2340, 0.0749
0.2298, 0.0749
0.2298, 0.0749
0.2255, 0.0749
0.2255, 0.0749
0.2255, 0.0749
0.2255, 0.0749
0.2255, 0.0749
0.2255, 0.0749
0.2255, 0.0749
0.2255, 0.0749
0.2255, 0.0749
0.2255, 0.0749
0.2255, 0.0749
0.2213, 0.0749
0.2213, 0.0749
0.2213, 0.0749
0.2213, 0.0749
0.2170, 0.0749
0.2170, 0.0749
0.2170, 0.0749
0.2170, 0.0749
0.2128, 0.0749
0.2128, 0.0749
0.2128, 0.0749
0.2128, 0.0749
0.2128, 0.0749
0.2128, 0.0749
0.2128, 0.0749
0.2128, 0.0749
0.2128, 0.0749
0.2128, 0.0749
0.2085, 0.0749
0.2085, 0.0749
0.2085, 0.0749
0.2085, 0.0749
0.2043, 0.0749
0.2043, 0.0749
0.2043, 0.0749
0.2043, 0.0749
0.2043, 0.0749
0.2043, 0.0749
0.2043, 0.0749
0.2043, 0.0749
0.2043, 0.0749
0.2043, 0.0749
0.2043, 0.0749
0.2043, 0.0749
0.2043, 0.0749
0.2000, 0.0749
0.2000, 0.0749
0.2000, 0.0749
0.2000, 0.0749
0.2000, 0.0749
0.2000, 0.0749
0.2000, 0.0749
0.2000, 0.0749
0.2000, 0.0749
0.2000, 0.0749
0.2000, 0.0749
0.1957, 0.0749
0.1957, 0.0749
0.1957, 0.0749
0.1957, 0.0749
0.1957, 0.0749
0.1957, 0.0749
0.1915, 0.0749
0.1915, 0.0749
0.1915, 0.0749
0.1915, 0.0749
0.1915, 0.0724
0.1915, 0.0724
0.1915, 0.0724
0.1915, 0.0724
0.1915, 0.0724
0.1915, 0.0724
0.1915, 0.0724
0.1915, 0.0724
0.1915, 0.0724
0.1872, 0.0698
0.1872, 0.0698
0.1872, 0.0698
0.1872, 0.0698
0.1872, 0.0698
0.1872, 0.0698
0.1830, 0.0698
0.1830, 0.0698
0.1830, 0.0698
0.1830, 0.0698
0.1830, 0.0698
0.1830, 0.0698
0.1830, 0.0672
0.1830, 0.0672
0.1830, 0.0672
0.1830, 0.0672
0.1830, 0.0672
0.1830, 0.0672
0.1830, 0.0646
0.1830, 0.0646
0.1830, 0.0646
0.1787, 0.0646
0.1787, 0.0646
0.1787, 0.0646
0.1787, 0.0646
0.1787, 0.0646
0.1787, 0.0646
0.1745, 0.0646
0.1745, 0.0646
0.1745, 0.0620
0.1745, 0.0620
0.1745, 0.0620
0.1745, 0.0620
0.1702, 0.0594
0.1702, 0.0594
0.1702, 0.0594
0.1702, 0.0594
0.1702, 0.0594
0.1702, 0.0594
0.1702, 0.0568
0.1702, 0.0568
0.1702, 0.0568
0.1702, 0.0568
0.1702, 0.0568
0.1702, 0.0568
0.1702, 0.0568
0.1702, 0.0568
0.1660, 0.0568
0.1660, 0.0568
0.1660, 0.0568
0.1660, 0.0568
0.1660, 0.0543
0.1660, 0.0543
0.1617, 0.0543
0.1617, 0.0543
0.1617, 0.0517
0.1617, 0.0517
0.1617, 0.0517
0.1617, 0.0517
0.1617, 0.0517
0.1617, 0.0517
0.1617, 0.0517
0.1574, 0.0517
0.1574, 0.0517
0.1574, 0.0491
0.1574, 0.0491
0.1574, 0.0491
0.1574, 0.0491
0.1574, 0.0491
0.1574, 0.0491
0.1574, 0.0491
0.1574, 0.0465
0.1574, 0.0465
0.1574, 0.0465
0.1574, 0.0465
0.1574, 0.0465
0.1574, 0.0465
0.1532, 0.0439
0.1532, 0.0439
0.1532, 0.0439
0.1532, 0.0439
0.1532, 0.0439
0.1532, 0.0439
0.1532, 0.0439
0.1532, 0.0439
0.1532, 0.0413
0.1532, 0.0413
0.1532, 0.0413
0.1532, 0.0413
0.1532, 0.0388
0.1532, 0.0388
0.1532, 0.0388
0.1532, 0.0388
0.1532, 0.0362
0.1532, 0.0362
0.1532, 0.0336
0.1532, 0.0336
0.1532, 0.0336
0.1532, 0.0336
0.1532, 0.0310
0.1532, 0.0310
0.1532, 0.0310
0.1532, 0.0310
0.1532, 0.0284
0.1532, 0.0284
0.1532, 0.0258
0.1532, 0.0258
0.1532, 0.0258
0.1532, 0.0258
0.1532, 0.0258
0.1532, 0.0258
0.1532, 0.0258
0.1532, 0.0258
0.1532, 0.0233
0.1532, 0.0233
0.1532, 0.0233
0.1532, 0.0233
0.1532, 0.0207
0.1532, 0.0207
0.1532, 0.0181
0.1532, 0.0181
0.1532, 0.0181
0.1532, 0.0181
0.1532, 0.0181
0.1532, 0.0181
0.1532, 0.0181
0.1532, 0.0181
0.1532, 0.0181
0.1532, 0.0155
0.1532, 0.0155
0.1532, 0.0155
0.1532, 0.0155
0.1532, 0.0129
0.1532, 0.0129
0.1532, 0.0129
0.1532, 0.0129
0.1532, 0.0129
0.1532, 0.0129
0.1532, 0.0129
0.1532, 0.0129
0.1532, 0.0129
0.1532, 0.0129
0.1532, 0.0129
0.1532, 0.0129
0.1532, 0.0129
0.1532, 0.0129
0.1532, 0.0129
0.1532, 0.0129
0.1532, 0.0103
0.1532, 0.0103
0.1532, 0.0103
0.1532, 0.0103
0.1532, 0.0103
0.1532, 0.0103
0.1532, 0.0103
0.1532, 0.0078
0.1532, 0.0078
0.1532, 0.0078
0.1532, 0.0078
0.1532, 0.0078
0.1532, 0.0078
0.1532, 0.0078
0.1532, 0.0078
0.1532, 0.0078
0.1532, 0.0078
0.1532, 0.0078
0.1532, 0.0078
0.1532, 0.0052
0.1532, 0.0052
0.1574, 0.0052
0.1574, 0.0052
0.1574, 0.0026
0.1574, 0.0026
0.1574, 0.0026
0.1574, 0.0026
0.1574, 0.0000
0.1574, 0.0000
0.1574, 0.0000
0.1574, 0.0000
0.1574, 0.0000
0.1574, 0.0000
0.1574, 0.0000
0.1574, 0.0000
0.1574, 0.0000
0.1574, 0.0000
0.1574, 0.0000
0.1574, 0.0000
0.1574, 0.0000
0.1574, 0.0000
0.1574, 0.0000
0.1574, 0.0000
0.1574, 0.0000
0.1574, 0.0000
0.1574, 0.0000
0.1574, 0.0000
0.1574, 0.0000
0.1574, 0.0000
0.1574, 0.0000
0.1574, 0.0000
0.1574, 0.0000
0.1574, 0.0000
0.1574, 0.0000
0.1574, 0.0000
0.1574, 0.0000
0.1574, 0.0000
0.1574, 0.0000
0.1574, 0.0000
0.1574, 0.0000
0.1574, 0.0000
0.1574, 0.0000
0.1574, 0.0000
0.1574, 0.0000
0.1574, 0.0000
0.1574, 0.0000
0.1574, 0.0000
0.1574, 0.0000
0.1574, 0.0000
0.1574, 0.0000
0.1574, 0.0000
0.1574, 0.0000
0.1574, 0.0000
0.1574, 0.0000
0.1574, 0.0000
0.1574, 0.0000
0.1574, 0.0000
0.1574, 0.0000
0.1574, 0.0000
0.1574, 0.0000
0.1574, 0.0000
0.1574, 0.0000
0.1574, 0.0000
0.1574, 0.0000
0.1574, 0.0000
0.1574, 0.0000
0.1574, 0.0000
0.1574, 0.0026
0.1574, 0.0026
0.1574, 0.0052
0.5489, 0.1783
0.5489, 0.1783
0.5489, 0.1783
0.5489, 0.1783
0.5489, 0.1783
0.5489, 0.1783
0.5489, 0.1783
0.5489, 0.1783
0.5489, 0.1783
0.5489, 0.1783
0.5489, 0.1783
0.5489, 0.1783
0.5489, 0.1783
0.5489, 0.1783
0.5489, 0.1783
0.5489, 0.1783
0.5489, 0.1783
0.5489, 0.1783
0.5489, 0.1783
0.5489, 0.1783
0.5489, 0.1783
0.5489, 0.1783
0.5489, 0.1783
0.5489, 0.1783
0.5489, 0.1783
0.5489, 0.1783
0.5489, 0.1783
0.5489, 0.1783
0.5489, 0.1783
0.5489, 0.1783
0.5489, 0.1783
0.5489, 0.1783
0.5489, 0.1783
0.5489, 0.1783
0.5489, 0.1783
0.5489, 0.1783
0.5489, 0.1783
0.5489, 0.1783
0.5489, 0.1783
0.5489, 0.1783
0.5489, 0.1783
0.5489, 0.1783
0.5489, 0.1783
0.5489, 0.1783
0.5489, 0.1783
0.5489, 0.1783
0.5489, 0.1783
0.5489, 0.1783
0.5489, 0.1783
0.5489, 0.1783
0.5489, 0.1783
0.5489, 0.1783
0.5489, 0.1783
0.5489, 0.1783
0.5489, 0.1783
0.5489, 0.1783
0.5489, 0.1783
0.5489, 0.1783
0.5489, 0.1783
0.5489, 0.1783
0.5489, 0.1783
0.5489, 0.1783
0.5489, 0.1783
0.5489, 0.1783
0.5489, 0.1783
0.5489, 0.1783
0.5489, 0.1783
0.5532, 0.1783
0.5532, 0.1783
0.5532, 0.1783
0.5532, 0.1783
0.5532, 0.1783
0.5532, 0.1783
0.5532, 0.1783
0.5532, 0.1783
0.5532, 0.1783
0.5532, 0.1783
0.5532, 0.1783
0.5532, 0.1783
0.5532, 0.1783
0.5532, 0.1783
0.5532, 0.1783
0.5532, 0.1783
0.5532, 0.1783
0.5532, 0.1783
0.5532, 0.1783
0.5532, 0.1783
0.5574, 0.1783
0.5574, 0.1783
0.5574, 0.1783
0.5574, 0.1783
0.5574, 0.1783
0.5574, 0.1783
0.5617, 0.1783
0.5617, 0.1783
0.5617, 0.1783
0.5617, 0.1783
0.5617, 0.1783
0.5617, 0.1783
0.5617, 0.1783
0.5617, 0.1783
0.5617, 0.1783
0.5617, 0.1783
0.5617, 0.1783
0.5617, 0.1783
0.5617, 0.1783
0.5617, 0.1783
0.5617, 0.1783
0.5617, 0.1783
0.5617, 0.1783
0.5617, 0.1783
0.5617, 0.1783
0.5617, 0.1783
0.5617, 0.1783
0.5617, 0.1783
0.5617, 0.1783
0.5617, 0.1783
0.5617, 0.1783
0.5617, 0.1783
0.5660, 0.1783
0.5660, 0.1783
0.5660, 0.1783
0.5660, 0.1783
0.5660, 0.1783
0.5660, 0.1783
0.5660, 0.1783
0.5660, 0.1783
0.5660, 0.1783
0.5660, 0.1783
0.5702, 0.1783
0.5702, 0.1783
0.5702, 0.1783
0.5702, 0.1783
0.5702, 0.1783
0.5702, 0.1783
0.5702, 0.1783
0.5702, 0.1783
0.5702, 0.1783
0.5702, 0.1783
0.5702, 0.1783
0.5702, 0.1783
0.5702, 0.1783
0.5745, 0.1783
0.5745, 0.1783
0.5745, 0.1783
0.5745, 0.1783
0.5745, 0.1783
0.5745, 0.1783
0.5745, 0.1783
0.5745, 0.1783
0.5745, 0.1783
0.5745, 0.1783
0.5745, 0.1783
0.5745, 0.1783
0.5745, 0.1783
0.5745, 0.1783
0.5745, 0.1783
0.5745, 0.1783
0.5787, 0.1783
0.5787, 0.1783
0.5787, 0.1783
0.5787, 0.1783
0.5787, 0.1783
0.5787, 0.1783
0.5787, 0.1783
0.5787, 0.1783
0.5787, 0.1783
0.5787, 0.1783
0.5830, 0.1783
0.5830, 0.1783
0.5830, 0.1783
0.5830, 0.1783
0.5830, 0.1783
0.5830, 0.1783
0.5830, 0.1783
0.5830, 0.1783
0.5872, 0.1783
0.5872, 0.1783
0.5872, 0.1783
0.5872, 0.1783
0.5872, 0.1783
0.5872, 0.1783
0.5915, 0.1783
0.5915, 0.1783
0.5915, 0.1783
0.5915, 0.1783
0.5915, 0.1783
0.5915, 0.1783
0.5915, 0.1783
0.5915, 0.1783
0.5915, 0.1783
0.5915, 0.1783
0.5915, 0.1783
0.5915, 0.1783
0.5915, 0.1783
0.5915, 0.1783
0.5915, 0.1783
0.5915, 0.1783
0.5915, 0.1783
0.5915, 0.1783
0.5915, 0.1783
0.5915, 0.1783
0.5915, 0.1783
0.5915, 0.1783
0.5915, 0.1783
0.5957, 0.1783
0.5957, 0.1783
0.5957, 0.1783
0.5957, 0.1783
0.5957, 0.1783
0.5957, 0.1783
0.5957, 0.1783
0.5957, 0.1783
0.5957, 0.1783
0.5957, 0.1783
0.6000, 0.1783
0.6000, 0.1783
0.6000, 0.1783
0.6000, 0.1783
0.6000, 0.1783
0.6043, 0.1783
0.6043, 0.1783
0.6043, 0.1783
0.6043, 0.1783
0.6043, 0.1783
0.6043, 0.1783
0.6043, 0.1783
0.6043, 0.1783
0.6085, 0.1783
0.6085, 0.1783
0.6085, 0.1783
0.6085, 0.1783
0.6085, 0.1783
0.6085, 0.1783
0.6085, 0.1783
0.6085, 0.1783
0.6085, 0.1783
0.6085, 0.1783
0.6085, 0.1783
0.6085, 0.1783
0.6085, 0.1783
0.6128, 0.1783
0.6128, 0.1783
0.6128, 0.1783
0.6128, 0.1783
0.6128, 0.1783
0.6128, 0.1783
0.6128, 0.1783
0.6128, 0.1783
0.6128, 0.1783
0.6128, 0.1783
0.6128, 0.1783
0.6128, 0.1783
0.6128, 0.1783
0.6170, 0.1783
0.6170, 0.1783
0.6170, 0.1783
0.6170, 0.1783
0.6170, 0.1783
0.6170, 0.1783
0.6213, 0.1783
0.6213, 0.1783
0.6213, 0.1783
0.6213, 0.1783
0.6213, 0.1783
0.6213, 0.1783
0.6255, 0.1783
0.6255, 0.1783
0.6255, 0.1783
0.6255, 0.1783
0.6255, 0.1783
0.6255, 0.1783
0.6255, 0.1783
0.6255, 0.1783
0.6255, 0.1783
0.6255, 0.1783
0.6255, 0.1783
0.6255, 0.1783
0.6255, 0.1783
0.6298, 0.1783
0.6298, 0.1783
0.6340, 0.1783
0.6340, 0.1783
0.6340, 0.1783
0.6340, 0.1783
0.6340, 0.1783
0.6340, 0.1783
0.6340, 0.1783
0.6340, 0.1783
0.6340, 0.1783
0.6340, 0.1783
0.6383, 0.1783
0.6383, 0.1783
0.6383, 0.1783
0.6383, 0.1783
0.6383, 0.1783
0.6426, 0.1783
0.6426, 0.1783
0.6426, 0.1783
0.6426, 0.1783
0.6426, 0.1783
0.6426, 0.1783
0.6468, 0.1783
0.6468, 0.1783
0.6468, 0.1783
0.6468, 0.1783
0.6468, 0.1783
0.6468, 0.1783
0.6468, 0.1783
0.6468, 0.1783
0.6468, 0.1783
0.6468, 0.1783
0.6468, 0.1783
0.6468, 0.1783
0.6468, 0.1783
0.6468, 0.1809
0.6468, 0.1809
0.6468, 0.1809
0.6511, 0.1809
0.6511, 0.1809
0.6511, 0.1809
0.6511, 0.1809
0.6511, 0.1809
0.6511, 0.1809
0.6553, 0.1809
0.6553, 0.1809
0.6553, 0.1809
0.6553, 0.1809
0.6553, 0.1809
0.6553, 0.1809
0.6596, 0.1809
0.6596, 0.1809
0.6596, 0.1809
0.6638, 0.1809
0.6638, 0.1809
0.6638, 0.1809
0.6638, 0.1809
0.6638, 0.1809
0.6681, 0.1809
0.6681, 0.1809
0.6681, 0.1809
0.6681, 0.1809
0.6681, 0.1809
0.6681, 0.1809
0.6681, 0.1835
0.6681, 0.1835
0.6681, 0.1835
0.6681, 0.1835
0.6681, 0.1835
0.6681, 0.1835
0.6681, 0.1835
0.6681, 0.1835
0.6681, 0.1835
0.6681, 0.1835
0.6681, 0.1835
0.6681, 0.1835
0.6681, 0.1835
0.6681, 0.1860
0.6681, 0.1860
0.6681, 0.1860
0.6723, 0.1860
0.6723, 0.1860
0.6766, 0.1886
0.6766, 0.1886
0.6766, 0.1886
0.6766, 0.1886
0.6766, 0.1886
0.6766, 0.1886
0.6766, 0.1886
0.6766, 0.1886
0.6766, 0.1886
0.6766, 0.1886
0.6766, 0.1886
0.6766, 0.1886
0.6809, 0.1886
0.6809, 0.1886
0.6809, 0.1886
0.6809, 0.1886
0.6809, 0.1886
0.6809, 0.1886
0.6851, 0.1912
0.6851, 0.1912
0.6851, 0.1912
0.6851, 0.1912
0.6851, 0.1912
0.6851, 0.1912
0.6894, 0.1912
0.6894, 0.1912
0.6894, 0.1912
0.6894, 0.1938
0.6894, 0.1938
0.6894, 0.1938
0.6894, 0.1938
0.6894, 0.1938
0.6894, 0.1938
0.6894, 0.1938
0.6894, 0.1938
0.6894, 0.1938
0.6936, 0.1938
0.6936, 0.1938
0.6936, 0.1938
0.6936, 0.1938
0.6936, 0.1938
0.6936, 0.1938
0.6936, 0.1938
0.6936, 0.1938
0.6936, 0.1938
0.6979, 0.1938
0.6979, 0.1938
0.6979, 0.1938
0.6979, 0.1964
0.6979, 0.1964
0.6979, 0.1964
0.6979, 0.1964
0.6979, 0.1964
0.6979, 0.1964
0.6979, 0.1964
0.6979, 0.1964
0.6979, 0.1964
0.6979, 0.1990
0.6979, 0.1990
0.6979, 0.1990
0.7021, 0.1990
0.7021, 0.1990
0.7021, 0.1990
0.7021, 0.1990
0.7021, 0.1990
0.7021, 0.1990
0.7021, 0.1990
0.7021, 0.1990
0.7021, 0.1990
0.7064, 0.2016
0.7064, 0.2016
0.7064, 0.2016
0.7064, 0.2016
0.7064, 0.2016
0.7064, 0.2016
0.7064, 0.2016
0.7064, 0.2016
0.7064, 0.2016
0.7106, 0.2016
0.7106, 0.2016
0.7106, 0.2016
0.7106, 0.2016
0.7106, 0.2016
0.7106, 0.2016
0.7106, 0.2016
0.7106, 0.2016
0.7106, 0.2016
0.7149, 0.2041
0.7149, 0.2041
0.7149, 0.2041
0.7149, 0.2041
0.7149, 0.2041
0.7149, 0.2041
0.7191, 0.2067
0.7191, 0.2067
0.7191, 0.2067
0.7191, 0.2067
0.7191, 0.2067
0.7191, 0.2067
0.7191, 0.2067
0.7191, 0.2067
0.7191, 0.2067
0.7191, 0.2067
0.7191, 0.2067
0.7191, 0.2067
0.7234, 0.2067
0.7234, 0.2067
0.7234, 0.2067
0.7234, 0.2067
0.7234, 0.2067
0.7234, 0.2067
0.7234, 0.2093
0.7234, 0.2093
0.7234, 0.2093
0.7277, 0.2093
0.7277, 0.2093
0.7277, 0.2093
0.7277, 0.2093
0.7277, 0.2093
0.7277, 0.2093
0.7277, 0.2119
0.7277, 0.2119
0.7277, 0.2119
0.7277, 0.2119
0.7277, 0.2119
0.7277, 0.2119
0.7277, 0.2119
0.7277, 0.2119
0.7319, 0.2145
0.7319, 0.2145
0.7319, 0.2145
0.7319, 0.2145
0.7319, 0.2145
0.7319, 0.2145
0.7319, 0.2145
0.7319, 0.2145
0.7319, 0.2145
0.7319, 0.2145
0.7319, 0.2145
0.7319, 0.2145
0.7319, 0.2145
0.7362, 0.2145
0.7362, 0.2145
0.7362, 0.2145
0.7362, 0.2145
0.7362, 0.2145
0.7362, 0.2145
0.7362, 0.2145
0.7362, 0.2145
0.7362, 0.2145
0.7362, 0.2145
0.7362, 0.2145
0.7362, 0.2145
0.7404, 0.2145
0.7404, 0.2145
0.7404, 0.2171
0.7404, 0.2171
0.7404, 0.2171
0.7404, 0.2171
0.7404, 0.2171
0.7404, 0.2171
0.7404, 0.2171
0.7404, 0.2171
0.7404, 0.2171
0.7447, 0.2196
0.7447, 0.2196
0.7447, 0.2196
0.7447, 0.2196
0.7447, 0.2196
0.7447, 0.2196
0.7489, 0.2196
0.7489, 0.2196
0.7489, 0.2196
0.7489, 0.2196
0.7489, 0.2196
0.7489, 0.2196
0.7489, 0.2196
0.7489, 0.2196
0.7489, 0.2196
0.7489, 0.2196
0.7489, 0.2196
0.7489, 0.2196
0.7489, 0.2196
0.7489, 0.2196
0.7489, 0.2196
0.7532, 0.2222
0.7532, 0.2222
0.7532, 0.2222
0.7532, 0.2222
0.7532, 0.2222
0.7532, 0.2222
0.7574, 0.2222
0.7574, 0.2222
0.7574, 0.2222
0.7574, 0.2222
0.7574, 0.2222
0.7617, 0.2248
0.7617, 0.2248
0.7617, 0.2248
0.7617, 0.2248
0.7617, 0.2248
0.7617, 0.2248
0.7617, 0.2248
0.7617, 0.2248
0.7617, 0.2248
0.7617, 0.2248
0.7617, 0.2248
0.7617, 0.2248
0.7617, 0.2248
0.7617, 0.2248
0.7617, 0.2248
0.7617, 0.2248
0.7617, 0.2248
0.7617, 0.2248
0.7617, 0.2274
0.7617, 0.2274
0.7617, 0.2274
0.7660, 0.2274
0.7660, 0.2274
0.7660, 0.2274
0.7660, 0.2274
0.7660, 0.2274
0.7660, 0.2274
0.7702, 0.2274
0.7702, 0.2274
0.7702, 0.2274
0.7702, 0.2274
0.7702, 0.2274
0.7702, 0.2274
0.7702, 0.2274
0.7702, 0.2274
0.7702, 0.2274
0.7702, 0.2274
0.7702, 0.2274
0.7702, 0.2274
0.7702, 0.2274
0.7702, 0.2274
0.7702, 0.2300
0.7702, 0.2300
0.7745, 0.2300
0.7745, 0.2300
0.7745, 0.2300
0.7745, 0.2300
0.7745, 0.2300
0.7745, 0.2300
0.7787, 0.2300
0.7787, 0.2300
0.7787, 0.2300
0.7787, 0.2326
0.7787, 0.2326
0.7787, 0.2326
0.7830, 0.2326
0.7830, 0.2326
0.7830, 0.2326
0.7830, 0.2326
0.7830, 0.2326
0.7830, 0.2326
0.7830, 0.2326
0.7830, 0.2326
0.7830, 0.2326
0.7830, 0.2326
0.7830, 0.2326
0.7830, 0.2326
0.7830, 0.2326
0.7830, 0.2326
0.7872, 0.2326
0.7872, 0.2326
0.7872, 0.2326
0.7872, 0.2351
0.7872, 0.2351
0.7915, 0.2351
0.7915, 0.2351
0.7915, 0.2351
0.7915, 0.2351
0.7915, 0.2351
0.7915, 0.2351
0.7915, 0.2351
0.7915, 0.2351
0.7915, 0.2351
0.7915, 0.2351
0.7915, 0.2351
0.7915, 0.2351
0.7915, 0.2377
0.7915, 0.2377
0.7915, 0.2377
0.7957, 0.2377
0.7957, 0.2377
0.7957, 0.2377
0.7957, 0.2377
0.7957, 0.2377
0.7957, 0.2377
0.7957, 0.2377
0.7957, 0.2377
0.7957, 0.2377
0.8000, 0.2377
0.8000, 0.2377
0.8000, 0.2377
0.8000, 0.2377
0.8000, 0.2377
0.8000, 0.2377
0.8043, 0.2377
0.8043, 0.2377
0.8043, 0.2377
0.8043, 0.2377
0.8043, 0.2377
0.8043, 0.2403
0.8043, 0.2403
0.8043, 0.2403
0.8085, 0.2403
0.8085, 0.2403
0.8085, 0.2403
0.8085, 0.2403
0.8085, 0.2403
0.8085, 0.2403
0.8085, 0.2403
0.8085, 0.2403
0.8128, 0.2429
0.8128, 0.2429
0.8128, 0.2429
0.8128, 0.2429
0.8128, 0.2429
0.8128, 0.2429
0.8128, 0.2429
0.8128, 0.2429
0.8128, 0.2429
0.8128, 0.2429
0.8128, 0.2429
0.8128, 0.2429
0.8128, 0.2429
0.8128, 0.2429
0.8128, 0.2429
0.8128, 0.2429
0.8128, 0.2429
0.8128, 0.2429
0.8128, 0.2429
0.8128, 0.2429
0.8128, 0.2429
0.8128, 0.2455
0.8128, 0.2455
0.8170, 0.2455
0.8170, 0.2455
0.8170, 0.2455
0.8170, 0.2455
0.8170, 0.2455
0.8170, 0.2455
0.8213, 0.2455
0.8213, 0.2455
0.8213, 0.2455
0.8213, 0.2455
0.8213, 0.2455
0.8255, 0.2455
0.8255, 0.2455
0.8255, 0.2455
0.8255, 0.2455
0.8255, 0.2455
0.8255, 0.2455
0.8255, 0.2455
0.8255, 0.2455
0.8255, 0.2455
0.8255, 0.2481
0.8255, 0.2481
0.8255, 0.2481
0.8255, 0.2481
0.8255, 0.2481
0.8255, 0.2481
0.8298, 0.2481
0.8298, 0.2481
0.8298, 0.2481
0.8298, 0.2481
0.8298, 0.2481
0.8298, 0.2481
0.8298, 0.2481
0.8298, 0.2481
0.8298, 0.2481
0.8340, 0.2506
0.8340, 0.2506
0.8340, 0.2506
0.8340, 0.2506
0.8340, 0.2506
0.8340, 0.2506
0.8340, 0.2506
0.8340, 0.2506
0.8340, 0.2506
0.8340, 0.2506
0.8340, 0.2506
0.8340, 0.2506
0.8340, 0.2506
0.8340, 0.2506
0.8340, 0.2506
0.8340, 0.2506
0.8383, 0.2506
0.8383, 0.2506
0.8383, 0.2506
0.8383, 0.2506
0.8383, 0.2506
0.8383, 0.2506
0.8383, 0.2506
0.8383, 0.2506
0.8383, 0.2506
0.8383, 0.2506
0.8383, 0.2506
0.8383, 0.2506
0.8426, 0.2506
0.8426, 0.2506
0.8426, 0.2506
0.8426, 0.2506
0.8426, 0.2506
0.8426, 0.2506
0.8426, 0.2506
0.8426, 0.2506
0.8426, 0.2532
0.8426, 0.2532
0.8426, 0.2532
0.8468, 0.2532
0.8468, 0.2532
0.8468, 0.2532
0.8468, 0.2532
0.8468, 0.2532
0.8511, 0.2532
0.8511, 0.2532
0.8511, 0.2532
0.8553, 0.2532
0.8553, 0.2532
0.8553, 0.2532
0.8553, 0.2532
0.8553, 0.2532
0.8553, 0.2532
0.8553, 0.2532
0.8553, 0.2532
0.8553, 0.2532
0.8553, 0.2532
0.8553, 0.2532
0.8553, 0.2532
0.8596, 0.2532
0.8596, 0.2532
0.8596, 0.2532
0.8596, 0.2532
0.8596, 0.2532
0.8638, 0.2532
0.8638, 0.2532
0.8638, 0.2532
0.8638, 0.2532
0.8638, 0.2532
0.8638, 0.2532
0.8638, 0.2532
0.8638, 0.2532
0.8638, 0.2532
0.8638, 0.2532
0.8638, 0.2532
0.8681, 0.2532
0.8681, 0.2532
0.8681, 0.2532
0.8681, 0.2532
0.8681, 0.2532
0.8681, 0.2532
0.8723, 0.2532
0.8723, 0.2532
0.8723, 0.2532
0.8723, 0.2532
0.8723, 0.2532
0.8723, 0.2532
0.8766, 0.2532
0.8766, 0.2532
0.8766, 0.2532
0.8766, 0.2532
0.8766, 0.2532
0.8766, 0.2532
0.8766, 0.2532
0.8766, 0.2532
0.8809, 0.2532
0.8809, 0.2532
0.8809, 0.2532
0.8851, 0.2532
0.8851, 0.2532
0.8851, 0.2532
0.8851, 0.2532
0.8851, 0.2532
0.8851, 0.2532
0.8851, 0.2532
0.8851, 0.2532
0.8894, 0.2532
0.8894, 0.2532
0.8894, 0.2532
0.8936, 0.2532
0.8936, 0.2532
0.8936, 0.2532
0.8936, 0.2532
0.8936, 0.2532
0.8979, 0.2532
0.8979, 0.2532
0.8979, 0.2532
0.8979, 0.2532
0.8979, 0.2532
0.8979, 0.2532
0.8979, 0.2532
0.8979, 0.2532
0.8979, 0.2532
0.8979, 0.2532
0.8979, 0.2532
0.8979, 0.2532
0.8979, 0.2532
0.8979, 0.2532
0.8979, 0.2532
0.8979, 0.2532
0.8979, 0.2532
0.8979, 0.2532
0.8979, 0.2532
0.8979, 0.2532
0.8979, 0.2532
0.8979, 0.2532
0.8979, 0.2532
0.9021, 0.2532
0.9021, 0.2532
0.9021, 0.2532
0.9021, 0.2532
0.9021, 0.2532
0.9021, 0.2532
0.9021, 0.2532
0.9021, 0.2532
0.9064, 0.2532
0.9064, 0.2532
0.9064, 0.2532
0.9064, 0.2532
0.9064, 0.2532
0.9064, 0.2532
0.9064, 0.2532
0.9064, 0.2532
0.9064, 0.2532
0.9106, 0.2532
0.9106, 0.2532
0.9106, 0.2532
0.9106, 0.2532
0.9106, 0.2532
0.9106, 0.2532
0.9106, 0.2532
0.9106, 0.2532
0.9149, 0.2532
0.9149, 0.2532
0.9149, 0.2532
0.9149, 0.2532
0.9149, 0.2532
0.9149, 0.2532
0.9149, 0.2532
0.9149, 0.2532
0.9149, 0.2532
0.9149, 0.2532
0.9149, 0.2532
0.9149, 0.2532
0.9149, 0.2532
0.9149, 0.2532
0.9149, 0.2532
0.9149, 0.2532
0.9191, 0.2506
0.9191, 0.2506
0.9191, 0.2506
0.9191, 0.2506
0.9191, 0.2506
0.9191, 0.2506
0.9191, 0.2506
0.9191, 0.2506
0.9191, 0.2506
0.9191, 0.2506
0.9191, 0.2506
0.9191, 0.2481
0.9191, 0.2481
0.9191, 0.2481
0.9234, 0.2481
0.9234, 0.2481
0.9234, 0.2481
0.9234, 0.2481
0.9234, 0.2481
0.9277, 0.2481
0.9277, 0.2481
0.9277, 0.2481
0.9277, 0.2481
0.9277, 0.2481
0.9277, 0.2481
0.9277, 0.2481
0.9277, 0.2481
0.9277, 0.2481
0.9277, 0.2481
0.9277, 0.2481
0.9277, 0.2481
0.9277, 0.2481
0.9277, 0.2481
0.9277, 0.2481
0.9277, 0.2481
0.9277, 0.2481
0.9277, 0.2455
0.9277, 0.2455
0.9277, 0.2455
0.9277, 0.2455
0.9277, 0.2455
0.9319, 0.2455
0.9319, 0.2455
0.9319, 0.2455
0.9319, 0.2455
0.9319, 0.2455
0.9319, 0.2455
0.9319, 0.2455
0.9319, 0.2455
0.9319, 0.2429
0.9319, 0.2429
0.9319, 0.2429
0.9362, 0.2429
0.9362, 0.2429
0.9362, 0.2429
0.9362, 0.2429
0.9362, 0.2429
0.9362, 0.2403
0.9362, 0.2403
0.9362, 0.2403
0.9404, 0.2403
0.9404, 0.2403
0.9404, 0.2403
0.9404, 0.2403
0.9404, 0.2403
0.9404, 0.2403
0.9404, 0.2403
0.9404, 0.2403
0.9447, 0.2403
0.9447, 0.2403
0.9447, 0.2377
0.9447, 0.2377
0.9447, 0.2377
0.9489, 0.2377
0.9489, 0.2377
0.9489, 0.2377
0.9489, 0.2377
0.9489, 0.2377
0.9489, 0.2351
0.9489, 0.2351
0.9489, 0.2351
0.9532, 0.2351
0.9532, 0.2351
0.9574, 0.2351
0.9574, 0.2351
0.9574, 0.2351
0.9574, 0.2351
0.9574, 0.2351
0.9574, 0.2351
0.9574, 0.2351
0.9574, 0.2351
0.9574, 0.2351
0.9617, 0.2351
0.9617, 0.2351
0.9617, 0.2326
0.9617, 0.2326
0.9617, 0.2326
0.9617, 0.2326
0.9617, 0.2326
0.9617, 0.2326
0.9617, 0.2326
0.9617, 0.2326
0.9617, 0.2300
0.9617, 0.2300
0.9660, 0.2300
0.9660, 0.2300
0.9660, 0.2300
0.9660, 0.2300
0.9660, 0.2300
0.9702, 0.2300
0.9702, 0.2300
0.9702, 0.2300
0.9702, 0.2274
0.9702, 0.2274
0.9702, 0.2274
0.9702, 0.2274
0.9702, 0.2274
0.9702, 0.2274
0.9702, 0.2274
0.9702, 0.2274
0.9745, 0.2248
0.9745, 0.2248
0.9745, 0.2248
0.9745, 0.2248
0.9745, 0.2248
0.9745, 0.2248
0.9745, 0.2248
0.9745, 0.2248
0.9787, 0.2222
0.9787, 0.2222
0.9787, 0.2222
0.9787, 0.2222
0.9787, 0.2222
0.9787, 0.2222
0.9787, 0.2222
0.9787, 0.2222
0.9787, 0.2222
0.9787, 0.2222
0.9787, 0.2222
0.9787, 0.2196
0.9787, 0.2196
0.9787, 0.2196
0.9830, 0.2196
0.9830, 0.2196
0.9830, 0.2171
0.9830, 0.2171
0.9830, 0.2171
0.9830, 0.2171
0.9830, 0.2171
0.9830, 0.2171
0.9872, 0.2171
0.9872, 0.2171
0.9872, 0.2145
0.9872, 0.2145
0.9872, 0.2145
0.9915, 0.2119
0.9915, 0.2119
0.9915, 0.2093
0.9915, 0.2093
0.9915, 0.2093
0.9915, 0.2093
0.9915, 0.2093
0.9915, 0.2093
0.9915, 0.2093
0.9915, 0.2093
0.9915, 0.2093
0.9915, 0.2093
0.9915, 0.2093
0.9915, 0.2093
0.9915, 0.2093
0.9915, 0.2093
0.9915, 0.2067
0.9915, 0.2067
0.9915, 0.2067
0.9915, 0.2067
0.9915, 0.2067
0.9915, 0.2067
0.9915, 0.2067
0.9915, 0.2067
0.9915, 0.2041
0.9915, 0.2041
0.9915, 0.2041
0.9915, 0.2041
0.9915, 0.2041
0.9915, 0.2041
0.9915, 0.2041
0.9915, 0.2041
0.9957, 0.2041
0.9957, 0.2041
0.9957, 0.2041
0.9957, 0.2041
0.9957, 0.2041
0.9957, 0.2016
0.9957, 0.2016
0.9957, 0.2016
0.9957, 0.2016
0.9957, 0.2016
0.9957, 0.1990
0.9957, 0.1990
0.9957, 0.1990
0.9957, 0.1990
0.9957, 0.1990
0.9957, 0.1990
0.9957, 0.1964
0.9957, 0.1964
0.9957, 0.1964
0.9957, 0.1964
0.9957, 0.1964
1.0000, 0.1964
1.0000, 0.1964
1.0000, 0.1964
1.0000, 0.1964
1.0000, 0.1964
1.0000, 0.1964
1.0000, 0.1964
1.0000, 0.1964
1.0000, 0.1938
1.0000, 0.1938
1.0000, 0.1938
1.0000, 0.1938
1.0000, 0.1938
1.0000, 0.1912
1.0000, 0.1912
1.0000, 0.1912
1.0000, 0.1912
1.0000, 0.1912
1.0000, 0.1912
1.0000, 0.1912
1.0000, 0.1912
1.0000, 0.1912
1.0000, 0.1912
1.0000, 0.1912
1.0000, 0.1912
1.0000, 0.1912
1.0000, 0.1912
1.0000, 0.1886
1.0000, 0.1886
1.0000, 0.1886
1.0000, 0.1886
1.0000, 0.1860
1.0000, 0.1860
1.0000, 0.1860
1.0000, 0.1860
1.0000, 0.1860
1.0000, 0.1860
1.0000, 0.1835
1.0000, 0.1835
1.0000, 0.1835
1.0000, 0.1835
1.0000, 0.1835
1.0000, 0.1835
1.0000, 0.1835
1.0000, 0.1835
1.0000, 0.1835
1.0000, 0.1835
1.0000, 0.1835
1.0000, 0.1835
1.0000, 0.1835
1.0000, 0.1809
1.0000, 0.1809
1.0000, 0.1783
1.0000, 0.1783
1.0000, 0.1783
1.0000, 0.1783
1.0000, 0.1783
1.0000, 0.1783
1.0000, 0.1783
1.0000, 0.1783
1.0000, 0.1783
1.0000, 0.1783
1.0000, 0.1783
1.0000, 0.1783
1.0000, 0.1783
1.0000, 0.1783
1.0000, 0.1783
1.0000, 0.1783
1.0000, 0.1783
1.0000, 0.1757
1.0000, 0.1757
1.0000, 0.1757
1.0000, 0.1757
1.0000, 0.1757
1.0000, 0.1731
1.0000, 0.1731
1.0000, 0.1731
1.0000, 0.1731
1.0000, 0.1731
1.0000, 0.1705
1.0000, 0.1705
1.0000, 0.1705
1.0000, 0.1705
1.0000, 0.1705
1.0000, 0.1705
1.0000, 0.1705
1.0000, 0.1705
1.0000, 0.1680
1.0000, 0.1680
1.0000, 0.1680
1.0000, 0.1680
1.0000, 0.1680
1.0000, 0.1654
1.0000, 0.1654
1.0000, 0.1654
1.0000, 0.1654
1.0000, 0.1654
1.0000, 0.1654
1.0000, 0.1654
1.0000, 0.1654
1.0000, 0.1654
1.0000, 0.1654
1.0000, 0.1628
1.0000, 0.1628
1.0000, 0.1628
1.0000, 0.1628
1.0000, 0.1628
1.0000, 0.1602
1.0000, 0.1602
1.0000, 0.1602
1.0000, 0.1602
1.0000, 0.1602
1.0000, 0.1602
1.0000, 0.1576
1.0000, 0.1576
1.0000, 0.1576
1.0000, 0.1576
1.0000, 0.1576
1.0000, 0.1576
1.0000, 0.1576
1.0000, 0.1576
1.0000, 0.1550
1.0000, 0.1550
1.0000, 0.1550
1.0000, 0.1550
1.0000, 0.1550
1.0000, 0.1525
1.0000, 0.1525
1.0000, 0.1525
1.0000, 0.1525
1.0000, 0.1525
1.0000, 0.1525
1.0000, 0.1525
1.0000, 0.1525
1.0000, 0.1525
1.0000, 0.1525
1.0000, 0.1499
1.0000, 0.1499
1.0000, 0.1499
1.0000, 0.1499
1.0000, 0.1499
1.0000, 0.1473
1.0000, 0.1473
1.0000, 0.1473
1.0000, 0.1473
1.0000, 0.1473
1.0000, 0.1473
1.0000, 0.1473
1.0000, 0.1473
1.0000, 0.1473
1.0000, 0.1473
1.0000, 0.1473
1.0000, 0.1473
1.0000, 0.1473
1.0000, 0.1447
1.0000, 0.1447
1.0000, 0.1447
1.0000, 0.1447
1.0000, 0.1447
1.0000, 0.1421
1.0000, 0.1421
1.0000, 0.1421
1.0000, 0.1421
1.0000, 0.1395
1.0000, 0.1395
1.0000, 0.1395
1.0000, 0.1395
1.0000, 0.1395
1.0000, 0.1395
1.0000, 0.1395
1.0000, 0.1395
1.0000, 0.1395
1.0000, 0.1395
1.0000, 0.1395
1.0000, 0.1370
1.0000, 0.1370
1.0000, 0.1370
1.0000, 0.1370
1.0000, 0.1370
1.0000, 0.1344
1.0000, 0.1344
1.0000, 0.1344
1.0000, 0.1344
1.0000, 0.1344
1.0000, 0.1344
1.0000, 0.1344
1.0000, 0.1344
1.0000, 0.1344
1.0000, 0.1344
1.0000, 0.1344
1.0000, 0.1344
1.0000, 0.1344
1.0000, 0.1318
1.0000, 0.1318
1.0000, 0.1318
1.0000, 0.1318
1.0000, 0.1318
1.0000, 0.1318
1.0000, 0.1318
1.0000, 0.1292
1.0000, 0.1292
1.0000, 0.1292
1.0000, 0.1292
1.0000, 0.1292
1.0000, 0.1266
1.0000, 0.1266
1.0000, 0.1266
1.0000, 0.1266
1.0000, 0.1266
1.0000, 0.1266
0.9957, 0.1266
0.9957, 0.1266
0.9957, 0.1240
0.9957, 0.1240
0.9957, 0.1240
0.9957, 0.1214
0.9957, 0.1214
0.9957, 0.1214
0.9957, 0.1214
0.9957, 0.1214
0.9957, 0.1214
0.9957, 0.1214
0.9957, 0.1214
0.9957, 0.1214
0.9957, 0.1214
0.9957, 0.1214
0.9957, 0.1214
0.9957, 0.1214
0.9957, 0.1214
0.9957, 0.1214
0.9957, 0.1214
0.9957, 0.1214
0.9957, 0.1214
0.9957, 0.1214
0.9957, 0.1214
0.9915, 0.1189
0.9915, 0.1189
0.9915, 0.1189
0.9915, 0.1189
0.9915, 0.1189
0.9915, 0.1163
0.9915, 0.1163
0.9872, 0.1163
0.9872, 0.1163
0.9872, 0.1163
0.9872, 0.1163
0.9872, 0.1163
0.9872, 0.1137
0.9872, 0.1137
0.9872, 0.1137
0.9830, 0.1137
0.9830, 0.1137
0.9830, 0.1137
0.9830, 0.1137
0.9830, 0.1137
0.9830, 0.1137
0.9830, 0.1137
0.9830, 0.1137
0.9830, 0.1137
0.9830, 0.1137
0.9830, 0.1137
0.9830, 0.1137
0.9787, 0.1111
0.9787, 0.1111
0.9787, 0.1111
0.9787, 0.1111
0.9787, 0.1111
0.9787, 0.1111
0.9745, 0.1085
0.9745, 0.1085
0.9745, 0.1085
0.9745, 0.1085
0.9745, 0.1085
0.9745, 0.1085
0.9745, 0.1085
0.9745, 0.1085
0.9745, 0.1085
0.9745, 0.1085
0.9702, 0.1085
0.9702, 0.1085
0.9702, 0.1085
0.9702, 0.1085
0.9702, 0.1085
0.9660, 0.1059
0.9660, 0.1059
0.9660, 0.1059
0.9660, 0.1059
0.9660, 0.1059
0.9660, 0.1059
0.9660, 0.1059
0.9660, 0.1034
0.9660, 0.1034
0.9660, 0.1034
0.9660, 0.1034
0.9660, 0.1034
0.9660, 0.1034
0.9660, 0.1034
0.9660, 0.1034
0.9617, 0.1008
0.9617, 0.1008
0.9617, 0.1008
0.9617, 0.1008
0.9617, 0.1008
0.9574, 0.1008
0.9574, 0.1008
0.9574, 0.1008
0.9574, 0.1008
0.9574, 0.1008
0.9574, 0.1008
0.9574, 0.1008
0.9574, 0.1008
0.9532, 0.1008
0.9532, 0.1008
0.9532, 0.0982
0.9532, 0.0982
0.9532, 0.0982
0.9532, 0.0982
0.9532, 0.0982
0.9532, 0.0982
0.9532, 0.0982
0.9532, 0.0956
0.9532, 0.0956
0.9532, 0.0956
0.9489, 0.0956
0.9489, 0.0956
0.9447, 0.0956
0.9447, 0.0956
0.9447, 0.0956
0.9447, 0.0956
0.9447, 0.0956
0.9447, 0.0956
0.9447, 0.0956
0.9447, 0.0956
0.9447, 0.0930
0.9447, 0.0930
0.9404, 0.0930
0.9404, 0.0930
0.9404, 0.0930
0.9404, 0.0930
0.9404, 0.0930
0.9362, 0.0904
0.9362, 0.0904
0.9362, 0.0904
0.9362, 0.0904
0.9362, 0.0904
0.9319, 0.0904
0.9319, 0.0904
0.9319, 0.0904
0.9319, 0.0879
0.9319, 0.0879
0.9319, 0.0879
0.9319, 0.0879
0.9319, 0.0879
0.9319, 0.0879
0.9319, 0.0879
0.9319, 0.0879
0.9319, 0.0879
0.9319, 0.0879
0.9319, 0.0879
0.9319, 0.0879
0.9319, 0.0879
0.9277, 0.0879
0.9277, 0.0879
0.9277, 0.0853
0.9277, 0.0853
0.9234, 0.0853
0.9234, 0.0853
0.9234, 0.0853
0.9234, 0.0853
0.9234, 0.0853
0.9234, 0.0827
0.9234, 0.0827
0.9234, 0.0827
0.9191, 0.0827
0.9191, 0.0827
0.9191, 0.0827
0.9191, 0.0827
0.9191, 0.0827
0.9149, 0.0827
0.9149, 0.0827
0.9149, 0.0827
0.9149, 0.0827
0.9106, 0.0827
0.9106, 0.0827
0.9106, 0.0827
0.9106, 0.0801
0.9106, 0.0801
0.9106, 0.0801
0.9106, 0.0801
0.9106, 0.0801
0.9106, 0.0801
0.9106, 0.0801
0.9106, 0.0801
0.9106, 0.0801
0.9106, 0.0801
0.9106, 0.0775
0.9106, 0.0775
0.9064, 0.0775
0.9064, 0.0775
0.9064, 0.0775
0.9064, 0.0749
0.9064, 0.0749
0.9021, 0.0749
0.9021, 0.0749
0.9021, 0.0749
0.9021, 0.0749
0.9021, 0.0749
0.9021, 0.0749
0.9021, 0.0749
0.9021, 0.0749
0.9021, 0.0749
0.9021, 0.0749
0.8979, 0.0749
0.8979, 0.0749
0.8979, 0.0724
0.8979, 0.0724
0.8979, 0.0724
0.8979, 0.0724
0.8979, 0.0724
0.8936, 0.0724
0.8936, 0.0724
0.8936, 0.0698
0.8936, 0.0698
0.8894, 0.0698
0.8894, 0.0698
0.8894, 0.0698
0.8894, 0.0698
0.8894, 0.0698
0.8894, 0.0698
0.8894, 0.0698
0.8894, 0.0698
0.8894, 0.0698
0.8894, 0.0698
0.8894, 0.0698
0.8894, 0.0698
0.8894, 0.0698
0.8851, 0.0672
0.8851, 0.0672
0.8851, 0.0672
0.8851, 0.0672
0.8851, 0.0672
0.8851, 0.0672
0.8851, 0.0672
0.8809, 0.0672
0.8809, 0.0672
0.8809, 0.0672
0.8809, 0.0646
0.8809, 0.0646
0.8809, 0.0646
0.8809, 0.0646
0.8809, 0.0646
0.8809, 0.0646
0.8809, 0.0646
0.8766, 0.0646
0.8766, 0.0646
0.8766, 0.0646
0.8766, 0.0646
0.8766, 0.0646
0.8723, 0.0646
0.8723, 0.0646
0.8723, 0.0646
0.8723, 0.0620
0.8723, 0.0620
0.8681, 0.0620
0.8681, 0.0620
0.8681, 0.0620
0.8681, 0.0620
0.8681, 0.0594
0.8681, 0.0594
0.8681, 0.0594
0.8681, 0.0594
0.8638, 0.0568
0.8638, 0.0568
0.8638, 0.0568
0.8638, 0.0568
0.8638, 0.0568
0.8596, 0.0568
0.8596, 0.0568
0.8596, 0.0568
0.8596, 0.0568
0.8596, 0.0568
0.8596, 0.0568
0.8596, 0.0568
0.8553, 0.0568
0.8553, 0.0568
0.8553, 0.0568
0.8553, 0.0568
0.8553, 0.0568
0.8511, 0.0568
0.8511, 0.0568
0.8468, 0.0568
0.8468, 0.0568
0.8468, 0.0568
0.8468, 0.0568
0.8468, 0.0568
0.8468, 0.0543
0.8468, 0.0543
0.8468, 0.0543
0.8468, 0.0543
0.8468, 0.0543
0.8468, 0.0543
0.8468, 0.0543
0.8468, 0.0543
0.8468, 0.0543
0.8468, 0.0543
0.8468, 0.0543
0.8468, 0.0543
0.8468, 0.0543
0.8468, 0.0543
0.8468, 0.0543
0.8468, 0.0543
0.8468, 0.0543
0.8468, 0.0543
0.8468, 0.0543
0.8468, 0.0543
0.8468, 0.0543
0.8468, 0.0543
0.8468, 0.0543
0.8468, 0.0543
0.8468, 0.0543
0.8468, 0.0543
0.8468, 0.0543
0.8468, 0.0543
0.8426, 0.0543
0.8426, 0.0543
0.8426, 0.0543
0.8426, 0.0543
0.8426, 0.0543
0.8383, 0.0543
0.8383, 0.0543
0.8383, 0.0517
0.8383, 0.0517
0.8383, 0.0517
0.8383, 0.0517
0.8383, 0.0517
0.8383, 0.0517
0.8383, 0.0517
0.8340, 0.0517
0.8340, 0.0517
0.8340, 0.0517
0.8340, 0.0517
0.8340, 0.0517
0.8298, 0.0517
0.8298, 0.0517
0.8298, 0.0517
0.8298, 0.0517
0.8255, 0.0517
0.8255, 0.0517
0.8255, 0.0517
0.8213, 0.0491
0.8213, 0.0491
0.8170, 0.0491
0.8170, 0.0491
0.8170, 0.0491
0.8170, 0.0491
0.8170, 0.0491
0.8128, 0.0465
0.8128, 0.0465
0.8128, 0.0465
0.8128, 0.0465
0.8128, 0.0465
0.8128, 0.0465
0.8128, 0.0465
0.8128, 0.0465
0.8128, 0.0465
0.8128, 0.0465
0.8128, 0.0465
0.8128, 0.0465
0.8128, 0.0465
0.8128, 0.0465
0.8128, 0.0465
0.8128, 0.0465
0.8128, 0.0465
0.8128, 0.0465
0.8128, 0.0465
0.8128, 0.0465
0.8128, 0.0465
0.8128, 0.0465
0.8128, 0.0465
0.8128, 0.0465
0.8128, 0.0465
0.8128, 0.0465
0.8128, 0.0465
0.8128, 0.0465
0.8128, 0.0465
0.8128, 0.0465
0.8128, 0.0465
0.8128, 0.0465
0.8128, 0.0465
0.8128, 0.0465
0.8128, 0.0465
0.8128, 0.0465
0.8128, 0.0465
0.8128, 0.0465
0.8128, 0.0465
0.8128, 0.0465
0.8128, 0.0465
0.8128, 0.0491
0.0000, 1.0000
0.0000, 1.0000
0.0000, 1.0000
0.0000, 1.0000
0.0000, 1.0000
0.0000, 1.0000
0.0000, 1.0000
0.0000, 1.0000
0.0000, 1.0000
0.0000, 1.0000
0.0000, 1.0000
0.0000, 1.0000
0.0000, 1.0000
0.0000, 1.0000
0.0000, 1.0000
0.0000, 1.0000
0.0000, 1.0000
0.0000, 1.0000
0.0000, 1.0000
0.0000, 1.0000
0.0000, 1.0000
0.0000, 1.0000
0.0000, 1.0000
0.0000, 1.0000
0.0000, 1.0000
0.0000, 1.0000
0.0000, 1.0000
0.0000, 1.0000
0.0000, 1.0000
0.0000, 1.0000
0.0000, 1.0000
0.0000, 1.0000
0.0000, 1.0000
0.0000, 1.0000
0.0000, 1.0000
0.0000, 1.0000
0.0000, 1.0000
0.0000, 1.0000
0.0000, 1.0000
0.0000, 1.0000
0.0000, 1.0000
