0.7017, 0.2553
0.7017, 0.2553
0.7017, 0.2553
0.7017, 0.2553
0.7017, 0.2553
0.7017, 0.2553
0.7017, 0.2553
0.7017, 0.2553
0.7017, 0.2553
0.7017, 0.2553
0.7017, 0.2553
0.7017, 0.2553
0.7017, 0.2553
0.7017, 0.2553
0.7017, 0.2553
0.7017, 0.2553
0.7017, 0.2553
0.7017, 0.2553
0.7017, 0.2553
0.7017, 0.2553
0.7017, 0.2553
0.7017, 0.2553
0.7017, 0.2553
0.7017, 0.2553
0.7017, 0.2553
0.7017, 0.2553
0.7017, 0.2553
0.7017, 0.2553
0.7017, 0.2553
0.7017, 0.2553
0.7017, 0.2553
0.7017, 0.2553
0.7017, 0.2553
0.7017, 0.2553
0.7017, 0.2553
0.7017, 0.2553
0.7017, 0.2553
0.7017, 0.2553
0.7017, 0.2553
0.7017, 0.2553
0.7017, 0.2553
0.7017, 0.2553
0.7017, 0.2553
0.7017, 0.2553
0.7017, 0.2553
0.7017, 0.2553
0.7017, 0.2553
0.7017, 0.2553
0.7017, 0.2553
0.7017, 0.2553
0.7017, 0.2553
0.7017, 0.2553
0.7017, 0.2553
0.7017, 0.2553
0.7017, 0.2553
0.7017, 0.2553
0.7017, 0.2553
0.7017, 0.2553
0.7017, 0.2553
0.7017, 0.2553
0.7017, 0.2553
0.7017, 0.2553
0.7017, 0.2553
0.7017, 0.2553
0.7017, 0.2553
0.7017, 0.2553
0.7017, 0.2553
0.7017, 0.2553
0.7017, 0.2553
0.7017, 0.2553
0.7017, 0.2553
0.7017, 0.2553
0.7017, 0.2553
0.7017, 0.2553
0.7017, 0.2553
0.7017, 0.2553
0.7017, 0.2553
0.7017, 0.2553
0.7017, 0.2553
0.7017, 0.2553
0.7017, 0.2553
0.7017, 0.2553
0.7017, 0.2553
0.7017, 0.2553
0.7017, 0.2553
0.7017, 0.2553
0.7017, 0.2553
0.7017, 0.2553
0.7017, 0.2553
0.7017, 0.2553
0.7017, 0.2553
0.7017, 0.2553
0.7017, 0.2553
0.7017, 0.2553
0.7017, 0.2553
0.7017, 0.2553
0.7017, 0.2553
0.7017, 0.2553
0.7017, 0.2553
0.7017, 0.2553
0.7017, 0.2553
0.7017, 0.2553
0.7017, 0.2553
0.7017, 0.2553
0.7017, 0.2553
0.7017, 0.2553
0.7017, 0.2553
0.7017, 0.2553
0.7017, 0.2553
0.7017, 0.2553
0.7017, 0.2553
0.7017, 0.2553
0.7017, 0.2553
0.7017, 0.2553
0.7017, 0.2553
0.7017, 0.2553
0.7017, 0.2553
0.7017, 0.2553
0.7017, 0.2553
0.7017, 0.2553
0.7017, 0.2553
0.7017, 0.2553
0.7017, 0.2553
0.7017, 0.2553
0.7017, 0.2553
0.7017, 0.2553
0.7017, 0.2553
0.7017, 0.2553
0.7017, 0.2553
0.7017, 0.2553
0.7017, 0.2553
0.7017, 0.2553
0.7017, 0.2553
0.7017, 0.2553
0.7017, 0.2553
0.7017, 0.2553
0.7017, 0.2553
0.7017, 0.2553
0.7017, 0.2553
0.7017, 0.2553
0.7017, 0.2553
0.7017, 0.2553
0.7017, 0.2553
0.7017, 0.2553
0.7017, 0.2553
0.7017, 0.2553
0.7017, 0.2553
0.7017, 0.2553
0.7017, 0.2553
0.7017, 0.2553
0.7017, 0.2553
0.7017, 0.2553
0.7017, 0.2553
0.7017, 0.2553
0.7017, 0.2553
0.7017, 0.2553
0.7017, 0.2553
0.7017, 0.2553
0.7017, 0.2553
0.7017, 0.2553
0.7017, 0.2553
0.7017, 0.2553
0.7017, 0.2553
0.7017, 0.2553
0.7017, 0.2553
0.7017, 0.2553
0.7017, 0.2553
0.7017, 0.2553
0.7017, 0.2553
0.7017, 0.2553
0.7017, 0.2553
0.7017, 0.2553
0.7017, 0.2553
0.7017, 0.2553
0.7017, 0.2553
0.7017, 0.2553
0.7017, 0.2553
0.7017, 0.2553
0.7017, 0.2553
0.7017, 0.2553
0.7017, 0.2553
0.7017, 0.2553
0.7017, 0.2553
0.7017, 0.2553
0.7017, 0.2553
0.7017, 0.2553
0.7017, 0.2553
0.7017, 0.2553
0.7017, 0.2553
0.7017, 0.2553
0.7017, 0.2553
0.7017, 0.2553
0.7017, 0.2553
0.7017, 0.2553
0.7017, 0.2553
0.7017, 0.2553
0.7017, 0.2553
0.7017, 0.2553
0.7017, 0.2553
0.7017, 0.2553
0.7017, 0.2553
0.7017, 0.2553
0.7017, 0.2553
0.7017, 0.2553
0.7017, 0.2553
0.7017, 0.2553
0.7017, 0.2553
0.7017, 0.2553
0.7017, 0.2553
0.7017, 0.2553
0.7017, 0.2553
0.7017, 0.2553
0.7017, 0.2553
0.7017, 0.2553
0.7017, 0.2553
0.7017, 0.2553
0.7017, 0.2553
0.7017, 0.2553
0.7017, 0.2553
0.7017, 0.2553
0.7017, 0.2553
0.7017, 0.2553
0.7017, 0.2553
0.7017, 0.2553
0.7017, 0.2553
0.7017, 0.2553
0.7017, 0.2553
0.7017, 0.2553
0.7017, 0.2553
0.7017, 0.2553
0.7017, 0.2553
0.7017, 0.2553
0.7017, 0.2553
0.7017, 0.2553
0.7017, 0.2553
0.7017, 0.2553
0.7017, 0.2553
0.7017, 0.2553
0.7017, 0.2553
0.7017, 0.2553
0.7017, 0.2553
0.7017, 0.2553
0.7017, 0.2553
0.7017, 0.2553
0.7017, 0.2553
0.7017, 0.2553
0.7017, 0.2553
0.7017, 0.2553
0.7017, 0.2553
0.7017, 0.2553
0.7017, 0.2553
0.7017, 0.2553
0.7017, 0.2553
0.7017, 0.2553
0.7017, 0.2553
0.7017, 0.2553
0.7017, 0.2553
0.7017, 0.2553
0.7017, 0.2553
0.7017, 0.2553
0.7017, 0.2553
0.7017, 0.2553
0.7017, 0.2553
0.7017, 0.2553
0.7017, 0.2553
0.7017, 0.2553
0.7017, 0.2553
0.7017, 0.2553
0.7017, 0.2553
0.7017, 0.2553
0.7017, 0.2553
0.7017, 0.2553
0.7017, 0.2553
0.7017, 0.2553
0.7017, 0.2553
0.7072, 0.2553
0.7072, 0.2553
0.7072, 0.2553
0.7072, 0.2553
0.7072, 0.2553
0.7072, 0.2553
0.7072, 0.2553
0.7072, 0.2553
0.7072, 0.2553
0.7072, 0.2553
0.7072, 0.2553
0.7072, 0.2553
0.7127, 0.2553
0.7127, 0.2553
0.7127, 0.2553
0.7127, 0.2553
0.7182, 0.2553
0.7182, 0.2553
0.7182, 0.2553
0.7182, 0.2553
0.7182, 0.2553
0.7182, 0.2553
0.7182, 0.2553
0.7182, 0.2553
0.7238, 0.2553
0.7238, 0.2553
0.7238, 0.2553
0.7238, 0.2553
0.7238, 0.2553
0.7238, 0.2553
0.7238, 0.2553
0.7238, 0.2553
0.7238, 0.2553
0.7238, 0.2579
0.7238, 0.2579
0.7238, 0.2579
0.7238, 0.2579
0.7238, 0.2579
0.7238, 0.2579
0.7238, 0.2579
0.7238, 0.2579
0.7238, 0.2579
0.7238, 0.2579
0.7238, 0.2579
0.7238, 0.2579
0.7238, 0.2579
0.7238, 0.2579
0.7238, 0.2579
0.7238, 0.2579
0.7238, 0.2579
0.7238, 0.2579
0.7238, 0.2579
0.7238, 0.2579
0.7238, 0.2579
0.7293, 0.2579
0.7293, 0.2579
0.7293, 0.2579
0.7293, 0.2579
0.7348, 0.2579
0.7348, 0.2579
0.7348, 0.2579
0.7348, 0.2579
0.7348, 0.2579
0.7348, 0.2579
0.7348, 0.2579
0.7348, 0.2579
0.7348, 0.2579
0.7348, 0.2579
0.7348, 0.2579
0.7348, 0.2579
0.7348, 0.2579
0.7348, 0.2579
0.7348, 0.2579
0.7348, 0.2579
0.7348, 0.2579
0.7348, 0.2579
0.7348, 0.2579
0.7348, 0.2579
0.7348, 0.2579
0.7403, 0.2579
0.7403, 0.2579
0.7403, 0.2579
0.7403, 0.2579
0.7403, 0.2579
0.7403, 0.2579
0.7403, 0.2579
0.7403, 0.2579
0.7403, 0.2579
0.7403, 0.2579
0.7403, 0.2579
0.7403, 0.2579
0.7403, 0.2579
0.7459, 0.2579
0.7459, 0.2579
0.7459, 0.2579
0.7459, 0.2579
0.7459, 0.2579
0.7459, 0.2579
0.7459, 0.2579
0.7514, 0.2579
0.7514, 0.2579
0.7514, 0.2579
0.7514, 0.2579
0.7514, 0.2579
0.7514, 0.2579
0.7514, 0.2579
0.7514, 0.2579
0.7514, 0.2579
0.7514, 0.2579
0.7514, 0.2579
0.7514, 0.2579
0.7514, 0.2579
0.7514, 0.2605
0.7514, 0.2605
0.7514, 0.2605
0.7569, 0.2605
0.7569, 0.2605
0.7569, 0.2605
0.7569, 0.2605
0.7569, 0.2605
0.7569, 0.2605
0.7569, 0.2605
0.7569, 0.2605
0.7624, 0.2605
0.7624, 0.2605
0.7624, 0.2605
0.7624, 0.2605
0.7624, 0.2605
0.7624, 0.2605
0.7624, 0.2605
0.7624, 0.2605
0.7624, 0.2605
0.7624, 0.2605
0.7624, 0.2605
0.7624, 0.2605
0.7624, 0.2605
0.7624, 0.2605
0.7624, 0.2605
0.7624, 0.2605
0.7624, 0.2605
0.7624, 0.2605
0.7624, 0.2605
0.7624, 0.2605
0.7624, 0.2605
0.7680, 0.2605
0.7680, 0.2605
0.7680, 0.2605
0.7680, 0.2605
0.7680, 0.2605
0.7680, 0.2605
0.7680, 0.2605
0.7680, 0.2605
0.7735, 0.2605
0.7735, 0.2605
0.7735, 0.2605
0.7735, 0.2605
0.7735, 0.2605
0.7735, 0.2605
0.7735, 0.2605
0.7790, 0.2632
0.7790, 0.2632
0.7790, 0.2632
0.7790, 0.2632
0.7790, 0.2632
0.7790, 0.2632
0.7790, 0.2632
0.7790, 0.2632
0.7790, 0.2632
0.7790, 0.2632
0.7790, 0.2632
0.7790, 0.2632
0.7790, 0.2632
0.7790, 0.2632
0.7790, 0.2632
0.7790, 0.2632
0.7790, 0.2632
0.7790, 0.2632
0.7790, 0.2632
0.7790, 0.2632
0.7790, 0.2632
0.7845, 0.2632
0.7845, 0.2632
0.7845, 0.2632
0.7845, 0.2632
0.7845, 0.2632
0.7845, 0.2632
0.7845, 0.2632
0.7845, 0.2632
0.7845, 0.2632
0.7845, 0.2632
0.7845, 0.2632
0.7845, 0.2632
0.7901, 0.2632
0.7901, 0.2632
0.7901, 0.2632
0.7901, 0.2632
0.7901, 0.2632
0.7901, 0.2632
0.7901, 0.2632
0.7901, 0.2632
0.7901, 0.2632
0.7901, 0.2632
0.7901, 0.2632
0.7901, 0.2632
0.7956, 0.2632
0.7956, 0.2632
0.7956, 0.2632
0.7956, 0.2632
0.7956, 0.2632
0.7956, 0.2632
0.7956, 0.2632
0.8011, 0.2632
0.8011, 0.2632
0.8011, 0.2632
0.8011, 0.2632
0.8011, 0.2632
0.8011, 0.2632
0.8011, 0.2632
0.8011, 0.2632
0.8011, 0.2632
0.8011, 0.2632
0.8011, 0.2632
0.8011, 0.2632
0.8066, 0.2632
0.8066, 0.2632
0.8066, 0.2632
0.8066, 0.2632
0.8066, 0.2632
0.8066, 0.2632
0.8066, 0.2632
0.8066, 0.2632
0.8066, 0.2632
0.8066, 0.2632
0.8066, 0.2632
0.8066, 0.2632
0.8066, 0.2632
0.8066, 0.2632
0.8066, 0.2632
0.8066, 0.2632
0.8122, 0.2632
0.8122, 0.2632
0.8122, 0.2632
0.8122, 0.2632
0.8122, 0.2632
0.8122, 0.2632
0.8122, 0.2632
0.8177, 0.2632
0.8177, 0.2632
0.8177, 0.2632
0.8177, 0.2632
0.8177, 0.2632
0.8177, 0.2632
0.8177, 0.2632
0.8177, 0.2632
0.8177, 0.2632
0.8177, 0.2632
0.8177, 0.2632
0.8177, 0.2632
0.8177, 0.2632
0.8177, 0.2632
0.8177, 0.2632
0.8177, 0.2632
0.8177, 0.2632
0.8177, 0.2632
0.8177, 0.2632
0.8232, 0.2632
0.8232, 0.2632
0.8232, 0.2632
0.8232, 0.2632
0.8232, 0.2632
0.8232, 0.2632
0.8232, 0.2632
0.8232, 0.2632
0.8232, 0.2632
0.8287, 0.2632
0.8287, 0.2632
0.8287, 0.2632
0.8287, 0.2632
0.8287, 0.2632
0.8287, 0.2632
0.8287, 0.2632
0.8287, 0.2632
0.8287, 0.2632
0.8287, 0.2632
0.8287, 0.2632
0.8287, 0.2632
0.8287, 0.2632
0.8287, 0.2632
0.8287, 0.2632
0.8287, 0.2632
0.8287, 0.2632
0.8287, 0.2632
0.8287, 0.2632
0.8343, 0.2632
0.8343, 0.2632
0.8343, 0.2632
0.8398, 0.2632
0.8398, 0.2632
0.8398, 0.2632
0.8398, 0.2632
0.8398, 0.2632
0.8398, 0.2632
0.8398, 0.2632
0.8398, 0.2632
0.8453, 0.2632
0.8453, 0.2632
0.8453, 0.2632
0.8453, 0.2632
0.8453, 0.2632
0.8453, 0.2632
0.8453, 0.2632
0.8453, 0.2632
0.8453, 0.2632
0.8453, 0.2632
0.8453, 0.2632
0.8453, 0.2632
0.8453, 0.2632
0.8453, 0.2632
0.8453, 0.2632
0.8453, 0.2632
0.8508, 0.2632
0.8508, 0.2632
0.8508, 0.2632
0.8508, 0.2632
0.8508, 0.2632
0.8508, 0.2632
0.8508, 0.2632
0.8508, 0.2632
0.8564, 0.2632
0.8564, 0.2632
0.8564, 0.2632
0.8564, 0.2632
0.8564, 0.2632
0.8564, 0.2632
0.8564, 0.2632
0.8564, 0.2632
0.8564, 0.2632
0.8564, 0.2632
0.8564, 0.2632
0.8564, 0.2632
0.8564, 0.2632
0.8564, 0.2632
0.8564, 0.2632
0.8564, 0.2632
0.8564, 0.2632
0.8564, 0.2632
0.8564, 0.2632
0.8564, 0.2632
0.8564, 0.2632
0.8564, 0.2632
0.8619, 0.2632
0.8619, 0.2632
0.8619, 0.2632
0.8619, 0.2632
0.8619, 0.2632
0.8619, 0.2632
0.8619, 0.2632
0.8619, 0.2632
0.8619, 0.2632
0.8619, 0.2632
0.8619, 0.2632
0.8674, 0.2632
0.8674, 0.2632
0.8674, 0.2632
0.8674, 0.2632
0.8674, 0.2605
0.8674, 0.2605
0.8674, 0.2605
0.8674, 0.2605
0.8674, 0.2605
0.8674, 0.2605
0.8674, 0.2605
0.8729, 0.2605
0.8729, 0.2605
0.8729, 0.2605
0.8729, 0.2605
0.8729, 0.2605
0.8729, 0.2605
0.8729, 0.2605
0.8729, 0.2605
0.8729, 0.2605
0.8729, 0.2605
0.8729, 0.2605
0.8729, 0.2605
0.8729, 0.2605
0.8729, 0.2605
0.8729, 0.2605
0.8729, 0.2605
0.8729, 0.2605
0.8729, 0.2605
0.8729, 0.2605
0.8729, 0.2605
0.8729, 0.2605
0.8729, 0.2605
0.8729, 0.2605
0.8785, 0.2605
0.8785, 0.2605
0.8785, 0.2605
0.8785, 0.2605
0.8785, 0.2605
0.8785, 0.2605
0.8785, 0.2605
0.8785, 0.2605
0.8840, 0.2605
0.8840, 0.2605
0.8840, 0.2605
0.8840, 0.2605
0.8840, 0.2605
0.8840, 0.2605
0.8840, 0.2605
0.8840, 0.2605
0.8840, 0.2605
0.8840, 0.2605
0.8840, 0.2605
0.8840, 0.2605
0.8840, 0.2605
0.8840, 0.2605
0.8840, 0.2605
0.8895, 0.2605
0.8895, 0.2605
0.8895, 0.2605
0.8895, 0.2605
0.8895, 0.2605
0.8895, 0.2605
0.8895, 0.2605
0.8895, 0.2605
0.8950, 0.2605
0.8950, 0.2605
0.8950, 0.2605
0.8950, 0.2605
0.8950, 0.2605
0.8950, 0.2605
0.8950, 0.2605
0.8950, 0.2579
0.8950, 0.2579
0.8950, 0.2579
0.8950, 0.2579
0.9006, 0.2579
0.9006, 0.2579
0.9006, 0.2579
0.9006, 0.2579
0.9006, 0.2579
0.9006, 0.2579
0.9006, 0.2579
0.9006, 0.2579
0.9006, 0.2579
0.9006, 0.2579
0.9006, 0.2579
0.9006, 0.2579
0.9006, 0.2579
0.9006, 0.2579
0.9006, 0.2579
0.9006, 0.2579
0.9006, 0.2579
0.9006, 0.2579
0.9006, 0.2579
0.9006, 0.2579
0.9006, 0.2579
0.9006, 0.2579
0.9061, 0.2579
0.9061, 0.2579
0.9061, 0.2579
0.9061, 0.2579
0.9061, 0.2579
0.9061, 0.2579
0.9061, 0.2579
0.9061, 0.2553
0.9061, 0.2553
0.9061, 0.2553
0.9061, 0.2553
0.9116, 0.2553
0.9116, 0.2553
0.9116, 0.2553
0.9116, 0.2553
0.9116, 0.2553
0.9116, 0.2553
0.9116, 0.2553
0.9116, 0.2553
0.9116, 0.2553
0.9116, 0.2553
0.9116, 0.2553
0.9116, 0.2553
0.9116, 0.2553
0.9116, 0.2553
0.9116, 0.2553
0.9116, 0.2526
0.9116, 0.2526
0.9116, 0.2526
0.9116, 0.2526
0.9116, 0.2526
0.9116, 0.2526
0.9116, 0.2526
0.9116, 0.2526
0.9116, 0.2526
0.9116, 0.2526
0.9116, 0.2526
0.9116, 0.2526
0.9171, 0.2526
0.9171, 0.2526
0.9171, 0.2526
0.9171, 0.2526
0.9171, 0.2526
0.9171, 0.2526
0.9171, 0.2526
0.9171, 0.2526
0.9171, 0.2526
0.9171, 0.2526
0.9171, 0.2526
0.9227, 0.2526
0.9227, 0.2526
0.9227, 0.2526
0.9227, 0.2526
0.9227, 0.2526
0.9227, 0.2526
0.9227, 0.2526
0.9282, 0.2500
0.9282, 0.2500
0.9282, 0.2500
0.9282, 0.2500
0.9282, 0.2500
0.9282, 0.2500
0.9282, 0.2500
0.9282, 0.2500
0.9282, 0.2500
0.9282, 0.2500
0.9282, 0.2500
0.9282, 0.2500
0.9282, 0.2474
0.9282, 0.2474
0.9282, 0.2474
0.9282, 0.2474
0.9282, 0.2474
0.9282, 0.2474
0.9282, 0.2474
0.9282, 0.2474
0.9282, 0.2474
0.9282, 0.2474
0.9337, 0.2474
0.9337, 0.2474
0.9337, 0.2474
0.9337, 0.2474
0.9337, 0.2474
0.9337, 0.2474
0.9337, 0.2474
0.9392, 0.2474
0.9392, 0.2474
0.9392, 0.2474
0.9392, 0.2447
0.9392, 0.2447
0.9392, 0.2447
0.9392, 0.2447
0.9392, 0.2447
0.9392, 0.2447
0.9392, 0.2447
0.9392, 0.2447
0.9392, 0.2447
0.9392, 0.2447
0.9392, 0.2447
0.9392, 0.2421
0.9392, 0.2421
0.9392, 0.2421
0.9392, 0.2421
0.9392, 0.2421
0.9392, 0.2421
0.9392, 0.2421
0.9448, 0.2421
0.9448, 0.2421
0.9448, 0.2421
0.9448, 0.2421
0.9448, 0.2421
0.9448, 0.2421
0.9448, 0.2421
0.9448, 0.2421
0.9448, 0.2395
0.9448, 0.2395
0.9448, 0.2395
0.9448, 0.2395
0.9448, 0.2395
0.9448, 0.2395
0.9448, 0.2395
0.9503, 0.2395
0.9503, 0.2395
0.9503, 0.2395
0.9503, 0.2395
0.9503, 0.2395
0.9503, 0.2395
0.9503, 0.2395
0.9503, 0.2395
0.9503, 0.2395
0.9503, 0.2395
0.9503, 0.2395
0.9558, 0.2395
0.9558, 0.2395
0.9558, 0.2395
0.9558, 0.2368
0.9558, 0.2368
0.9558, 0.2368
0.9558, 0.2368
0.9558, 0.2368
0.9558, 0.2368
0.9558, 0.2368
0.9558, 0.2368
0.9558, 0.2368
0.9558, 0.2368
0.9558, 0.2368
0.9558, 0.2368
0.9558, 0.2368
0.9558, 0.2368
0.9558, 0.2368
0.9558, 0.2342
0.9558, 0.2342
0.9558, 0.2342
0.9558, 0.2342
0.9558, 0.2342
0.9558, 0.2342
0.9558, 0.2342
0.9558, 0.2342
0.9558, 0.2342
0.9558, 0.2342
0.9558, 0.2342
0.9558, 0.2342
0.9558, 0.2342
0.9558, 0.2342
0.9558, 0.2342
0.9613, 0.2342
0.9613, 0.2342
0.9613, 0.2342
0.9613, 0.2342
0.9613, 0.2342
0.9613, 0.2342
0.9613, 0.2342
0.9613, 0.2316
0.9613, 0.2316
0.9613, 0.2316
0.9613, 0.2316
0.9613, 0.2316
0.9613, 0.2316
0.9613, 0.2316
0.9613, 0.2316
0.9613, 0.2316
0.9613, 0.2316
0.9613, 0.2316
0.9669, 0.2289
0.9669, 0.2289
0.9669, 0.2289
0.9669, 0.2289
0.9669, 0.2289
0.9669, 0.2289
0.9669, 0.2289
0.9669, 0.2289
0.9669, 0.2289
0.9669, 0.2289
0.9669, 0.2289
0.9669, 0.2263
0.9669, 0.2263
0.9669, 0.2263
0.9669, 0.2263
0.9669, 0.2263
0.9669, 0.2263
0.9669, 0.2263
0.9669, 0.2263
0.9669, 0.2263
0.9669, 0.2263
0.9669, 0.2263
0.9669, 0.2263
0.9669, 0.2263
0.9669, 0.2263
0.9669, 0.2263
0.9669, 0.2263
0.9669, 0.2263
0.9669, 0.2263
0.9669, 0.2237
0.9669, 0.2237
0.9669, 0.2237
0.9669, 0.2237
0.9669, 0.2237
0.9669, 0.2237
0.9669, 0.2237
0.9669, 0.2211
0.9669, 0.2211
0.9669, 0.2211
0.9669, 0.2211
0.9669, 0.2211
0.9669, 0.2211
0.9669, 0.2211
0.9669, 0.2211
0.9669, 0.2211
0.9669, 0.2211
0.9669, 0.2211
0.9669, 0.2211
0.9669, 0.2211
0.9669, 0.2211
0.9669, 0.2211
0.9669, 0.2211
0.9669, 0.2211
0.9669, 0.2211
0.9724, 0.2184
0.9724, 0.2184
0.9724, 0.2184
0.9724, 0.2184
0.9724, 0.2184
0.9724, 0.2184
0.9724, 0.2184
0.9724, 0.2184
0.9724, 0.2158
0.9724, 0.2158
0.9724, 0.2158
0.9724, 0.2158
0.9724, 0.2158
0.9724, 0.2158
0.9724, 0.2158
0.9724, 0.2158
0.9724, 0.2158
0.9724, 0.2158
0.9724, 0.2158
0.9724, 0.2158
0.9724, 0.2158
0.9724, 0.2158
0.9724, 0.2132
0.9724, 0.2132
0.9724, 0.2132
0.9724, 0.2132
0.9724, 0.2132
0.9724, 0.2132
0.9724, 0.2105
0.9724, 0.2105
0.9724, 0.2105
0.9724, 0.2105
0.9724, 0.2105
0.9724, 0.2105
0.9724, 0.2105
0.9724, 0.2079
0.9724, 0.2079
0.9724, 0.2079
0.9724, 0.2079
0.9724, 0.2079
0.9724, 0.2079
0.9724, 0.2079
0.9724, 0.2079
0.9724, 0.2079
0.9724, 0.2079
0.9724, 0.2079
0.9724, 0.2079
0.9724, 0.2079
0.9724, 0.2079
0.9724, 0.2053
0.9724, 0.2053
0.9724, 0.2053
0.9724, 0.2053
0.9724, 0.2026
0.9724, 0.2026
0.9724, 0.2026
0.9724, 0.2026
0.9724, 0.2026
0.9724, 0.2026
0.9724, 0.2026
0.9724, 0.2026
0.9724, 0.2026
0.9724, 0.2026
0.9724, 0.2026
0.9724, 0.2026
0.9724, 0.2026
0.9724, 0.2026
0.9724, 0.2000
0.9724, 0.2000
0.9724, 0.2000
0.9724, 0.2000
0.9724, 0.2000
0.9724, 0.2000
0.9724, 0.2000
0.9724, 0.1974
0.9724, 0.1974
0.9724, 0.1974
0.9724, 0.1974
0.9724, 0.1974
0.9724, 0.1974
0.9724, 0.1974
0.9724, 0.1947
0.9724, 0.1947
0.9724, 0.1947
0.9724, 0.1947
0.9724, 0.1947
0.9724, 0.1947
0.9724, 0.1947
0.9724, 0.1947
0.9724, 0.1947
0.9724, 0.1947
0.9724, 0.1947
0.9724, 0.1947
0.9724, 0.1947
0.9724, 0.1947
0.9724, 0.1947
0.9724, 0.1947
0.9724, 0.1947
0.9724, 0.1921
0.9724, 0.1921
0.9724, 0.1921
0.9724, 0.1921
0.9724, 0.1921
0.9724, 0.1921
0.9724, 0.1921
0.9724, 0.1921
0.9724, 0.1921
0.9724, 0.1895
0.9724, 0.1895
0.9724, 0.1895
0.9724, 0.1895
0.9724, 0.1895
0.9724, 0.1895
0.9724, 0.1895
0.9724, 0.1895
0.9724, 0.1895
0.9724, 0.1895
0.9724, 0.1895
0.9724, 0.1895
0.9724, 0.1895
0.9724, 0.1895
0.9724, 0.1895
0.9724, 0.1895
0.9724, 0.1895
0.9724, 0.1868
0.9724, 0.1868
0.9724, 0.1868
0.9724, 0.1868
0.9724, 0.1868
0.9724, 0.1868
0.9724, 0.1868
0.9724, 0.1868
0.9724, 0.1868
0.9724, 0.1868
0.9724, 0.1868
0.9724, 0.1842
0.9724, 0.1842
0.9724, 0.1842
0.9724, 0.1842
0.9724, 0.1842
0.9724, 0.1842
0.9724, 0.1842
0.9724, 0.1842
0.9724, 0.1842
0.9724, 0.1842
0.9724, 0.1816
0.9724, 0.1816
0.9724, 0.1816
0.9724, 0.1816
0.9724, 0.1816
0.9724, 0.1816
0.9724, 0.1816
0.9724, 0.1816
0.9724, 0.1816
0.9724, 0.1816
0.9724, 0.1816
0.9724, 0.1816
0.9724, 0.1816
0.9724, 0.1816
0.9724, 0.1816
0.9724, 0.1816
0.9724, 0.1816
0.9669, 0.1789
0.9669, 0.1789
0.9669, 0.1789
0.9669, 0.1789
0.9669, 0.1789
0.9669, 0.1789
0.9669, 0.1789
0.9669, 0.1763
0.9669, 0.1763
0.9669, 0.1763
0.9669, 0.1763
0.9669, 0.1763
0.9669, 0.1763
0.9669, 0.1763
0.9613, 0.1763
0.9613, 0.1763
0.9613, 0.1763
0.9613, 0.1763
0.9613, 0.1763
0.9613, 0.1763
0.9613, 0.1763
0.9613, 0.1763
0.9613, 0.1763
0.9613, 0.1763
0.9613, 0.1763
0.9613, 0.1763
0.9613, 0.1763
0.9613, 0.1763
0.9613, 0.1737
0.9613, 0.1737
0.9613, 0.1737
0.9613, 0.1737
0.9613, 0.1737
0.9613, 0.1737
0.9613, 0.1737
0.9613, 0.1737
0.9613, 0.1737
0.9613, 0.1737
0.9558, 0.1711
0.9558, 0.1711
0.9558, 0.1711
0.9558, 0.1711
0.9558, 0.1711
0.9558, 0.1711
0.9558, 0.1711
0.9558, 0.1711
0.9558, 0.1711
0.9558, 0.1711
0.9503, 0.1684
0.9503, 0.1684
0.9503, 0.1684
0.9503, 0.1684
0.9503, 0.1684
0.9503, 0.1684
0.9503, 0.1684
0.9503, 0.1684
0.9503, 0.1684
0.9503, 0.1684
0.9448, 0.1684
0.9448, 0.1684
0.9448, 0.1684
0.9448, 0.1684
0.9448, 0.1684
0.9448, 0.1684
0.9448, 0.1684
0.9448, 0.1684
0.9448, 0.1684
0.9448, 0.1684
0.9448, 0.1684
0.9448, 0.1684
0.9448, 0.1684
0.9448, 0.1684
0.9448, 0.1658
0.9448, 0.1658
0.9448, 0.1658
0.9392, 0.1658
0.9392, 0.1658
0.9392, 0.1658
0.9392, 0.1658
0.9392, 0.1658
0.9392, 0.1658
0.9392, 0.1658
0.9392, 0.1658
0.9392, 0.1658
0.9392, 0.1658
0.9337, 0.1632
0.9337, 0.1632
0.9337, 0.1632
0.9337, 0.1632
0.9337, 0.1632
0.9337, 0.1632
0.9337, 0.1632
0.9337, 0.1632
0.9337, 0.1632
0.9337, 0.1632
0.9337, 0.1632
0.9337, 0.1632
0.9337, 0.1632
0.9337, 0.1632
0.9337, 0.1632
0.9337, 0.1632
0.9337, 0.1632
0.9337, 0.1632
0.9337, 0.1632
0.9337, 0.1632
0.9337, 0.1632
0.9337, 0.1632
0.9337, 0.1632
0.9337, 0.1632
0.9337, 0.1632
0.9337, 0.1632
0.9337, 0.1632
0.9337, 0.1632
0.9337, 0.1632
0.9337, 0.1632
0.9337, 0.1632
0.9282, 0.1632
0.9282, 0.1632
0.9282, 0.1632
0.9282, 0.1632
0.9282, 0.1605
0.9282, 0.1605
0.9282, 0.1605
0.9282, 0.1605
0.9282, 0.1605
0.9282, 0.1605
0.9282, 0.1605
0.9282, 0.1605
0.9282, 0.1605
0.9282, 0.1605
0.9227, 0.1605
0.9227, 0.1605
0.9227, 0.1605
0.9227, 0.1605
0.9227, 0.1605
0.9227, 0.1605
0.9227, 0.1605
0.9227, 0.1605
0.9227, 0.1605
0.9227, 0.1605
0.9171, 0.1579
0.9171, 0.1579
0.9171, 0.1579
0.9171, 0.1579
0.9171, 0.1579
0.9171, 0.1579
0.9171, 0.1579
0.9171, 0.1579
0.9171, 0.1579
0.9171, 0.1579
0.9171, 0.1579
0.9171, 0.1579
0.9171, 0.1579
0.9171, 0.1579
0.9171, 0.1553
0.9171, 0.1553
0.9171, 0.1553
0.9116, 0.1553
0.9116, 0.1553
0.9116, 0.1553
0.9116, 0.1553
0.9116, 0.1553
0.9116, 0.1553
0.9061, 0.1553
0.9061, 0.1553
0.9061, 0.1553
0.9061, 0.1553
0.9061, 0.1553
0.9061, 0.1553
0.9061, 0.1553
0.9061, 0.1553
0.9061, 0.1553
0.9061, 0.1553
0.9061, 0.1553
0.9061, 0.1553
0.9061, 0.1553
0.9061, 0.1553
0.9006, 0.1553
0.9006, 0.1553
0.9006, 0.1553
0.8950, 0.1553
0.8950, 0.1553
0.8950, 0.1553
0.8950, 0.1553
0.8950, 0.1553
0.8950, 0.1553
0.8950, 0.1553
0.8895, 0.1553
0.8895, 0.1553
0.8895, 0.1553
0.8895, 0.1553
0.8895, 0.1553
0.8895, 0.1553
0.8895, 0.1553
0.8895, 0.1553
0.8895, 0.1553
0.8895, 0.1553
0.8840, 0.1526
0.8840, 0.1526
0.8840, 0.1526
0.8785, 0.1526
0.8785, 0.1526
0.8785, 0.1526
0.8785, 0.1526
0.8785, 0.1526
0.8785, 0.1526
0.8785, 0.1526
0.8785, 0.1526
0.8785, 0.1526
0.8785, 0.1526
0.8729, 0.1526
0.8729, 0.1526
0.8729, 0.1526
0.8729, 0.1526
0.8729, 0.1526
0.8729, 0.1526
0.8729, 0.1526
0.8729, 0.1526
0.8729, 0.1526
0.8729, 0.1526
0.8674, 0.1526
0.8674, 0.1526
0.8674, 0.1526
0.8674, 0.1526
0.8674, 0.1526
0.8674, 0.1526
0.8619, 0.1500
0.8619, 0.1500
0.8619, 0.1500
0.8619, 0.1500
0.8619, 0.1500
0.8619, 0.1500
0.8619, 0.1500
0.8619, 0.1500
0.8619, 0.1500
0.8619, 0.1500
0.8564, 0.1500
0.8564, 0.1500
0.8564, 0.1500
0.8508, 0.1500
0.8508, 0.1500
0.8508, 0.1500
0.8508, 0.1500
0.8508, 0.1500
0.8508, 0.1500
0.8508, 0.1500
0.8508, 0.1500
0.8508, 0.1500
0.8508, 0.1500
0.8508, 0.1500
0.8508, 0.1500
0.8508, 0.1500
0.8453, 0.1500
0.8453, 0.1500
0.8453, 0.1500
0.8453, 0.1500
0.8453, 0.1500
0.8453, 0.1500
0.8398, 0.1500
0.8398, 0.1500
0.8398, 0.1500
0.8398, 0.1500
0.8398, 0.1500
0.8398, 0.1500
0.8343, 0.1500
0.8343, 0.1500
0.8343, 0.1500
0.8343, 0.1500
0.8343, 0.1500
0.8343, 0.1500
0.8343, 0.1500
0.8343, 0.1500
0.8343, 0.1500
0.8343, 0.1500
0.8343, 0.1500
0.8343, 0.1500
0.8343, 0.1500
0.8287, 0.1500
0.8287, 0.1500
0.8287, 0.1500
0.8287, 0.1500
0.8287, 0.1500
0.8287, 0.1500
0.8232, 0.1500
0.8232, 0.1500
0.8232, 0.1500
0.8232, 0.1500
0.8232, 0.1500
0.8232, 0.1500
0.8232, 0.1500
0.8232, 0.1500
0.8232, 0.1500
0.8232, 0.1500
0.8232, 0.1500
0.8232, 0.1500
0.8232, 0.1500
0.8232, 0.1500
0.8232, 0.1500
0.8232, 0.1500
0.8177, 0.1500
0.8177, 0.1500
0.8177, 0.1500
0.8177, 0.1500
0.8177, 0.1500
0.8177, 0.1500
0.8177, 0.1500
0.8122, 0.1500
0.8122, 0.1500
0.8122, 0.1500
0.8122, 0.1500
0.8122, 0.1500
0.8122, 0.1500
0.8122, 0.1500
0.8122, 0.1500
0.8122, 0.1500
0.8122, 0.1500
0.8066, 0.1500
0.8066, 0.1500
0.8066, 0.1500
0.8066, 0.1500
0.8066, 0.1500
0.8066, 0.1500
0.8066, 0.1500
0.8066, 0.1500
0.8066, 0.1500
0.8011, 0.1500
0.8011, 0.1500
0.8011, 0.1500
0.8011, 0.1500
0.8011, 0.1500
0.8011, 0.1500
0.8011, 0.1500
0.8011, 0.1500
0.8011, 0.1500
0.8011, 0.1500
0.8011, 0.1500
0.8011, 0.1500
0.8011, 0.1500
0.8011, 0.1500
0.8011, 0.1500
0.8011, 0.1500
0.8011, 0.1500
0.7956, 0.1500
0.7956, 0.1500
0.7956, 0.1500
0.7956, 0.1500
0.7956, 0.1500
0.7956, 0.1500
0.7956, 0.1500
0.7956, 0.1500
0.7956, 0.1500
0.7956, 0.1500
0.7956, 0.1500
0.7956, 0.1500
0.7901, 0.1500
0.7901, 0.1500
0.7901, 0.1500
0.7901, 0.1500
0.7901, 0.1500
0.7901, 0.1500
0.7845, 0.1500
0.7845, 0.1500
0.7845, 0.1500
0.7845, 0.1500
0.7845, 0.1500
0.7845, 0.1500
0.7845, 0.1500
0.7845, 0.1500
0.7845, 0.1500
0.7845, 0.1500
0.7845, 0.1500
0.7845, 0.1500
0.7845, 0.1500
0.7845, 0.1500
0.7845, 0.1500
0.7845, 0.1500
0.7845, 0.1500
0.7845, 0.1500
0.7845, 0.1500
0.7790, 0.1500
0.7790, 0.1500
0.7790, 0.1500
0.7790, 0.1500
0.7790, 0.1500
0.7790, 0.1500
0.7790, 0.1500
0.7735, 0.1500
0.7735, 0.1500
0.7735, 0.1500
0.7735, 0.1500
0.7735, 0.1500
0.7735, 0.1500
0.7735, 0.1500
0.7735, 0.1500
0.7735, 0.1500
0.7735, 0.1500
0.7735, 0.1500
0.7735, 0.1500
0.7735, 0.1500
0.7735, 0.1500
0.7735, 0.1500
0.7735, 0.1500
0.7735, 0.1500
0.7735, 0.1500
0.7735, 0.1500
0.7735, 0.1500
0.7735, 0.1500
0.7735, 0.1500
0.7735, 0.1500
0.7735, 0.1500
0.7735, 0.1500
0.7680, 0.1500
0.7680, 0.1500
0.7680, 0.1500
0.7680, 0.1500
0.7680, 0.1500
0.7680, 0.1500
0.7680, 0.1500
0.7680, 0.1500
0.7680, 0.1500
0.7680, 0.1500
0.7680, 0.1500
0.7680, 0.1500
0.7680, 0.1500
0.7680, 0.1500
0.7680, 0.1500
0.7680, 0.1500
0.7680, 0.1500
0.7680, 0.1500
0.7680, 0.1500
0.7680, 0.1500
0.7680, 0.1500
0.7680, 0.1500
0.7680, 0.1500
0.7680, 0.1500
0.7680, 0.1500
0.7680, 0.1500
0.7680, 0.1500
0.7680, 0.1500
0.7680, 0.1500
0.7680, 0.1500
0.7680, 0.1500
0.7680, 0.1500
0.7680, 0.1500
0.7680, 0.1500
0.7680, 0.1500
0.7680, 0.1500
0.7680, 0.1500
0.7680, 0.1500
0.7680, 0.1500
0.7680, 0.1500
0.7680, 0.1500
0.7680, 0.1500
0.7680, 0.1500
0.7680, 0.1500
0.7680, 0.1500
0.7680, 0.1500
0.7680, 0.1500
0.7680, 0.1500
0.7680, 0.1500
0.7680, 0.1500
0.7680, 0.1500
0.7680, 0.1500
0.7680, 0.1500
0.7680, 0.1500
0.7680, 0.1500
0.7680, 0.1500
0.7680, 0.1500
0.7680, 0.1500
0.7680, 0.1500
0.7680, 0.1500
0.7680, 0.1500
0.7680, 0.1500
0.7680, 0.1500
0.7680, 0.1500
0.7680, 0.1500
0.7680, 0.1500
0.7680, 0.1500
0.7680, 0.1500
0.7680, 0.1500
0.7680, 0.1500
0.7680, 0.1500
0.7680, 0.1500
0.7680, 0.1500
0.7680, 0.1500
0.7735, 0.1500
0.7735, 0.1500
0.7735, 0.1500
0.7735, 0.1500
0.7735, 0.1500
0.7735, 0.1500
0.7790, 0.1500
0.7790, 0.1500
0.7790, 0.1500
0.7790, 0.1500
0.7790, 0.1500
0.7790, 0.1500
0.7790, 0.1500
0.7790, 0.1500
0.7790, 0.1500
0.7790, 0.1500
0.7790, 0.1500
0.7790, 0.1500
0.7790, 0.1500
0.7790, 0.1500
0.7790, 0.1500
0.7790, 0.1500
0.7790, 0.1500
0.7790, 0.1500
0.7790, 0.1500
0.7790, 0.1500
0.7790, 0.1500
0.7790, 0.1500
0.7790, 0.1500
0.7845, 0.1500
0.7845, 0.1500
0.7845, 0.1500
0.7845, 0.1500
0.7845, 0.1500
0.7845, 0.1500
0.7901, 0.1500
0.7901, 0.1500
0.7901, 0.1500
0.7901, 0.1500
0.7901, 0.1500
0.7956, 0.1500
0.7956, 0.1500
0.7956, 0.1500
0.7956, 0.1500
0.7956, 0.1500
0.7956, 0.1500
0.8011, 0.1500
0.8011, 0.1500
0.8011, 0.1500
0.8066, 0.1500
0.8066, 0.1500
0.8066, 0.1500
0.8066, 0.1500
0.8066, 0.1500
0.8066, 0.1500
0.8066, 0.1500
0.8066, 0.1500
0.8066, 0.1500
0.8066, 0.1500
0.8122, 0.1500
0.8122, 0.1500
0.8177, 0.1500
0.8177, 0.1500
0.8177, 0.1500
0.8177, 0.1474
0.8177, 0.1474
0.8177, 0.1474
0.8177, 0.1474
0.8177, 0.1474
0.8177, 0.1474
0.8177, 0.1474
0.8232, 0.1474
0.8232, 0.1474
0.8232, 0.1474
0.8232, 0.1474
0.8232, 0.1474
0.8287, 0.1474
0.8287, 0.1474
0.8287, 0.1474
0.8287, 0.1474
0.8287, 0.1474
0.8287, 0.1474
0.8287, 0.1474
0.8287, 0.1474
0.8287, 0.1474
0.8343, 0.1474
0.8343, 0.1474
0.8343, 0.1474
0.8343, 0.1474
0.8343, 0.1474
0.8343, 0.1474
0.8398, 0.1447
0.8398, 0.1447
0.8398, 0.1447
0.8453, 0.1447
0.8453, 0.1447
0.8453, 0.1447
0.8453, 0.1447
0.8453, 0.1447
0.8453, 0.1447
0.8453, 0.1447
0.8453, 0.1447
0.8453, 0.1447
0.8508, 0.1447
0.8508, 0.1447
0.8508, 0.1447
0.8564, 0.1421
0.8564, 0.1421
0.8564, 0.1421
0.8564, 0.1421
0.8564, 0.1421
0.8564, 0.1421
0.8564, 0.1421
0.8564, 0.1421
0.8564, 0.1421
0.8619, 0.1421
0.8619, 0.1421
0.8619, 0.1421
0.8674, 0.1421
0.8674, 0.1421
0.8674, 0.1421
0.8729, 0.1421
0.8729, 0.1421
0.8729, 0.1421
0.8729, 0.1421
0.8729, 0.1421
0.8729, 0.1421
0.8785, 0.1421
0.8785, 0.1421
0.8785, 0.1421
0.8785, 0.1421
0.8785, 0.1421
0.8785, 0.1421
0.8840, 0.1421
0.8840, 0.1421
0.8840, 0.1421
0.8840, 0.1421
0.8840, 0.1421
0.8840, 0.1421
0.8840, 0.1421
0.8840, 0.1421
0.8840, 0.1421
0.8895, 0.1395
0.8895, 0.1395
0.8895, 0.1395
0.8895, 0.1395
0.8895, 0.1395
0.8895, 0.1395
0.8895, 0.1395
0.8950, 0.1395
0.8950, 0.1395
0.8950, 0.1395
0.8950, 0.1395
0.8950, 0.1395
0.9006, 0.1395
0.9006, 0.1395
0.9006, 0.1395
0.9006, 0.1395
0.9006, 0.1395
0.9006, 0.1395
0.9006, 0.1395
0.9006, 0.1395
0.9006, 0.1395
0.9006, 0.1395
0.9006, 0.1395
0.9006, 0.1395
0.9006, 0.1395
0.9006, 0.1395
0.9006, 0.1395
0.9061, 0.1368
0.9061, 0.1368
0.9116, 0.1368
0.9116, 0.1368
0.9116, 0.1368
0.9116, 0.1368
0.9116, 0.1368
0.9116, 0.1368
0.9116, 0.1368
0.9116, 0.1368
0.9116, 0.1368
0.9171, 0.1368
0.9171, 0.1368
0.9171, 0.1368
0.9227, 0.1368
0.9227, 0.1368
0.9227, 0.1368
0.9227, 0.1368
0.9227, 0.1368
0.9282, 0.1368
0.9282, 0.1368
0.9282, 0.1368
0.9282, 0.1368
0.9282, 0.1368
0.9282, 0.1368
0.9282, 0.1368
0.9282, 0.1368
0.9282, 0.1368
0.9282, 0.1368
0.9282, 0.1368
0.9282, 0.1368
0.9282, 0.1368
0.9282, 0.1368
0.9282, 0.1368
0.9282, 0.1368
0.9282, 0.1342
0.9282, 0.1342
0.9337, 0.1342
0.9337, 0.1342
0.9337, 0.1342
0.9337, 0.1342
0.9337, 0.1342
0.9337, 0.1342
0.9337, 0.1342
0.9337, 0.1342
0.9337, 0.1342
0.9337, 0.1342
0.9392, 0.1342
0.9392, 0.1342
0.9392, 0.1342
0.9392, 0.1342
0.9392, 0.1342
0.9392, 0.1342
0.9392, 0.1342
0.9392, 0.1342
0.9392, 0.1342
0.9392, 0.1316
0.9392, 0.1316
0.9392, 0.1316
0.9448, 0.1316
0.9448, 0.1316
0.9448, 0.1316
0.9503, 0.1316
0.9503, 0.1316
0.9503, 0.1316
0.9503, 0.1316
0.9503, 0.1316
0.9503, 0.1316
0.9503, 0.1316
0.9503, 0.1316
0.9503, 0.1316
0.9558, 0.1316
0.9558, 0.1316
0.9558, 0.1316
0.9558, 0.1316
0.9558, 0.1316
0.9558, 0.1316
0.9558, 0.1316
0.9558, 0.1316
0.9558, 0.1316
0.9558, 0.1316
0.9558, 0.1316
0.9558, 0.1316
0.9558, 0.1316
0.9558, 0.1316
0.9558, 0.1289
0.9558, 0.1289
0.9558, 0.1289
0.9613, 0.1289
0.9613, 0.1289
0.9613, 0.1289
0.9613, 0.1289
0.9613, 0.1289
0.9613, 0.1289
0.9613, 0.1289
0.9613, 0.1289
0.9613, 0.1289
0.9669, 0.1263
0.9669, 0.1263
0.9669, 0.1263
0.9669, 0.1263
0.9669, 0.1263
0.9669, 0.1263
0.9669, 0.1263
0.9669, 0.1263
0.9669, 0.1237
0.9669, 0.1237
0.9669, 0.1237
0.9669, 0.1237
0.9669, 0.1237
0.9669, 0.1237
0.9724, 0.1237
0.9724, 0.1237
0.9724, 0.1237
0.9724, 0.1237
0.9724, 0.1237
0.9724, 0.1237
0.9724, 0.1237
0.9724, 0.1237
0.9724, 0.1237
0.9724, 0.1237
0.9779, 0.1237
0.9779, 0.1237
0.9779, 0.1211
0.9779, 0.1211
0.9779, 0.1211
0.9834, 0.1211
0.9834, 0.1211
0.9834, 0.1211
0.9834, 0.1184
0.9834, 0.1184
0.9834, 0.1184
0.9834, 0.1184
0.9834, 0.1184
0.9834, 0.1184
0.9834, 0.1184
0.9834, 0.1184
0.9834, 0.1184
0.9834, 0.1184
0.9834, 0.1184
0.9834, 0.1184
0.9834, 0.1158
0.9834, 0.1158
0.9890, 0.1158
0.9890, 0.1158
0.9890, 0.1158
0.9890, 0.1132
0.9890, 0.1132
0.9890, 0.1132
0.9890, 0.1105
0.9890, 0.1105
0.9890, 0.1105
0.9890, 0.1105
0.9890, 0.1105
0.9890, 0.1105
0.9945, 0.1105
0.9945, 0.1105
0.9945, 0.1105
0.9945, 0.1105
0.9945, 0.1105
0.9945, 0.1105
0.9945, 0.1079
0.9945, 0.1079
0.9945, 0.1079
0.9945, 0.1079
0.9945, 0.1079
0.9945, 0.1079
0.9945, 0.1053
0.9945, 0.1053
0.9945, 0.1053
0.9945, 0.1053
0.9945, 0.1053
0.9945, 0.1053
0.9945, 0.1053
0.9945, 0.1053
0.9945, 0.1053
0.9945, 0.1053
0.9945, 0.1053
0.9945, 0.1026
0.9945, 0.1026
0.9945, 0.1026
0.9945, 0.1026
0.9945, 0.1026
0.9945, 0.1026
1.0000, 0.1000
1.0000, 0.1000
1.0000, 0.1000
1.0000, 0.0974
1.0000, 0.0974
1.0000, 0.0974
1.0000, 0.0974
1.0000, 0.0974
1.0000, 0.0974
1.0000, 0.0974
1.0000, 0.0974
1.0000, 0.0974
1.0000, 0.0974
1.0000, 0.0974
1.0000, 0.0947
1.0000, 0.0947
1.0000, 0.0947
1.0000, 0.0947
1.0000, 0.0947
1.0000, 0.0947
1.0000, 0.0921
1.0000, 0.0921
1.0000, 0.0921
1.0000, 0.0921
1.0000, 0.0921
1.0000, 0.0921
1.0000, 0.0921
1.0000, 0.0921
1.0000, 0.0921
1.0000, 0.0921
1.0000, 0.0921
1.0000, 0.0921
1.0000, 0.0895
1.0000, 0.0895
1.0000, 0.0895
1.0000, 0.0895
1.0000, 0.0895
1.0000, 0.0895
1.0000, 0.0868
1.0000, 0.0868
1.0000, 0.0868
1.0000, 0.0868
1.0000, 0.0868
1.0000, 0.0868
1.0000, 0.0842
1.0000, 0.0842
1.0000, 0.0842
1.0000, 0.0842
1.0000, 0.0842
1.0000, 0.0842
1.0000, 0.0842
1.0000, 0.0842
1.0000, 0.0842
1.0000, 0.0816
1.0000, 0.0816
1.0000, 0.0816
1.0000, 0.0816
1.0000, 0.0816
1.0000, 0.0789
1.0000, 0.0789
1.0000, 0.0789
1.0000, 0.0789
1.0000, 0.0789
1.0000, 0.0789
1.0000, 0.0789
1.0000, 0.0789
1.0000, 0.0789
1.0000, 0.0789
1.0000, 0.0789
1.0000, 0.0789
1.0000, 0.0789
1.0000, 0.0789
1.0000, 0.0789
1.0000, 0.0789
1.0000, 0.0789
1.0000, 0.0789
1.0000, 0.0763
1.0000, 0.0763
1.0000, 0.0763
1.0000, 0.0763
1.0000, 0.0763
1.0000, 0.0737
1.0000, 0.0737
1.0000, 0.0737
1.0000, 0.0737
1.0000, 0.0737
1.0000, 0.0737
1.0000, 0.0737
1.0000, 0.0737
1.0000, 0.0737
1.0000, 0.0711
1.0000, 0.0711
1.0000, 0.0711
1.0000, 0.0711
1.0000, 0.0711
1.0000, 0.0711
1.0000, 0.0711
1.0000, 0.0711
1.0000, 0.0711
1.0000, 0.0711
1.0000, 0.0711
1.0000, 0.0711
1.0000, 0.0711
1.0000, 0.0711
1.0000, 0.0711
1.0000, 0.0684
1.0000, 0.0684
1.0000, 0.0684
1.0000, 0.0684
1.0000, 0.0684
1.0000, 0.0658
1.0000, 0.0658
1.0000, 0.0658
1.0000, 0.0658
1.0000, 0.0658
1.0000, 0.0658
0.9945, 0.0658
0.9945, 0.0658
0.9945, 0.0632
0.9945, 0.0632
0.9945, 0.0632
0.9945, 0.0632
0.9945, 0.0632
0.9945, 0.0632
0.9945, 0.0605
0.9945, 0.0605
0.9945, 0.0605
0.9945, 0.0605
0.9945, 0.0605
0.9945, 0.0605
0.9890, 0.0579
0.9890, 0.0579
0.9890, 0.0579
0.9890, 0.0579
0.9890, 0.0579
0.9890, 0.0579
0.9890, 0.0579
0.9890, 0.0579
0.9890, 0.0579
0.9890, 0.0579
0.9890, 0.0579
0.9890, 0.0579
0.9890, 0.0579
0.9890, 0.0579
0.9890, 0.0553
0.9890, 0.0553
0.9890, 0.0553
0.9890, 0.0553
0.9890, 0.0553
0.9890, 0.0553
0.9890, 0.0526
0.9890, 0.0526
0.9890, 0.0526
0.9890, 0.0526
0.9890, 0.0526
0.9890, 0.0526
0.9834, 0.0526
0.9834, 0.0526
0.9834, 0.0526
0.9834, 0.0526
0.9834, 0.0526
0.9834, 0.0526
0.9834, 0.0526
0.9834, 0.0500
0.9834, 0.0500
0.9834, 0.0500
0.9779, 0.0500
0.9779, 0.0500
0.9779, 0.0474
0.9779, 0.0474
0.9779, 0.0474
0.9779, 0.0474
0.9779, 0.0474
0.9779, 0.0474
0.9724, 0.0474
0.9724, 0.0474
0.9724, 0.0474
0.9724, 0.0474
0.9724, 0.0474
0.9724, 0.0474
0.9724, 0.0474
0.9724, 0.0474
0.9724, 0.0447
0.9724, 0.0447
0.9724, 0.0447
0.9724, 0.0447
0.9724, 0.0421
0.9724, 0.0421
0.9724, 0.0421
0.9724, 0.0421
0.9724, 0.0421
0.9724, 0.0421
0.9724, 0.0421
0.9724, 0.0421
0.9724, 0.0421
0.9724, 0.0395
0.9724, 0.0395
0.9724, 0.0395
0.9669, 0.0395
0.9669, 0.0395
0.9669, 0.0395
0.9613, 0.0368
0.9613, 0.0368
0.9613, 0.0368
0.9613, 0.0342
0.9613, 0.0342
0.9613, 0.0342
0.9613, 0.0342
0.9613, 0.0342
0.9613, 0.0342
0.9613, 0.0342
0.9613, 0.0342
0.9613, 0.0316
0.9613, 0.0316
0.9613, 0.0316
0.9558, 0.0316
0.9558, 0.0316
0.9558, 0.0316
0.9558, 0.0316
0.9558, 0.0316
0.9558, 0.0316
0.9558, 0.0316
0.9558, 0.0316
0.9558, 0.0289
0.9558, 0.0289
0.9558, 0.0289
0.9503, 0.0289
0.9503, 0.0289
0.9503, 0.0289
0.9503, 0.0289
0.9503, 0.0289
0.9503, 0.0289
0.9503, 0.0263
0.9503, 0.0263
0.9448, 0.0263
0.9448, 0.0263
0.9448, 0.0263
0.9448, 0.0263
0.9448, 0.0263
0.9448, 0.0263
0.9448, 0.0263
0.9448, 0.0263
0.9448, 0.0263
0.9448, 0.0263
0.9448, 0.0263
0.9448, 0.0263
0.9448, 0.0263
0.9448, 0.0263
0.9448, 0.0263
0.9392, 0.0237
0.9392, 0.0237
0.9392, 0.0237
0.9392, 0.0237
0.9392, 0.0237
0.9337, 0.0237
0.9337, 0.0237
0.9337, 0.0237
0.9337, 0.0211
0.9337, 0.0211
0.9337, 0.0211
0.9337, 0.0211
0.9337, 0.0211
0.9337, 0.0211
0.9337, 0.0211
0.9337, 0.0211
0.9337, 0.0211
0.9337, 0.0211
0.9337, 0.0211
0.9282, 0.0211
0.9282, 0.0211
0.9282, 0.0211
0.9282, 0.0211
0.9282, 0.0211
0.9282, 0.0211
0.9227, 0.0184
0.9227, 0.0184
0.9227, 0.0184
0.9227, 0.0184
0.9227, 0.0184
0.9171, 0.0184
0.9171, 0.0184
0.9171, 0.0184
0.9171, 0.0158
0.9171, 0.0158
0.9171, 0.0158
0.9171, 0.0158
0.9171, 0.0158
0.9171, 0.0158
0.9171, 0.0158
0.9171, 0.0158
0.9116, 0.0158
0.9116, 0.0158
0.9116, 0.0158
0.9116, 0.0132
0.9116, 0.0132
0.9116, 0.0132
0.9116, 0.0132
0.9116, 0.0132
0.9061, 0.0132
0.9061, 0.0132
0.9061, 0.0132
0.9061, 0.0132
0.9061, 0.0132
0.9061, 0.0132
0.9061, 0.0132
0.9061, 0.0132
0.9061, 0.0132
0.9061, 0.0132
0.9061, 0.0132
0.9061, 0.0132
0.9061, 0.0132
0.9061, 0.0132
0.9006, 0.0132
0.9006, 0.0132
0.9006, 0.0132
0.9006, 0.0132
0.9006, 0.0132
0.9006, 0.0132
0.8950, 0.0105
0.8950, 0.0105
0.8950, 0.0105
0.8950, 0.0105
0.8950, 0.0105
0.8895, 0.0105
0.8895, 0.0105
0.8895, 0.0105
0.8895, 0.0105
0.8895, 0.0105
0.8895, 0.0079
0.8895, 0.0079
0.8895, 0.0079
0.8895, 0.0079
0.8895, 0.0079
0.8895, 0.0079
0.8840, 0.0079
0.8840, 0.0079
0.8840, 0.0079
0.8840, 0.0079
0.8840, 0.0079
0.8785, 0.0079
0.8785, 0.0079
0.8785, 0.0079
0.8785, 0.0079
0.8785, 0.0079
0.8785, 0.0079
0.8729, 0.0079
0.8729, 0.0079
0.8729, 0.0079
0.8729, 0.0079
0.8729, 0.0079
0.8674, 0.0053
0.8674, 0.0053
0.8674, 0.0053
0.8674, 0.0053
0.8674, 0.0053
0.8619, 0.0053
0.8619, 0.0053
0.8619, 0.0053
0.8619, 0.0053
0.8619, 0.0053
0.8619, 0.0053
0.8619, 0.0053
0.8619, 0.0053
0.8619, 0.0053
0.8619, 0.0053
0.8619, 0.0053
0.8619, 0.0053
0.8564, 0.0026
0.8564, 0.0026
0.8508, 0.0026
0.8508, 0.0026
0.8508, 0.0026
0.8508, 0.0026
0.8508, 0.0026
0.8508, 0.0026
0.8508, 0.0026
0.8508, 0.0026
0.8508, 0.0026
0.8453, 0.0026
0.8453, 0.0026
0.8453, 0.0000
0.8453, 0.0000
0.8398, 0.0000
0.8398, 0.0000
0.8398, 0.0000
0.8343, 0.0000
0.8343, 0.0000
0.8343, 0.0000
0.8343, 0.0000
0.8343, 0.0000
0.8343, 0.0000
0.8343, 0.0000
0.8343, 0.0000
0.8287, 0.0000
0.8287, 0.0000
0.8287, 0.0000
0.8287, 0.0000
0.8287, 0.0000
0.8232, 0.0000
0.8232, 0.0000
0.8232, 0.0000
0.8232, 0.0000
0.8232, 0.0000
0.8232, 0.0000
0.8232, 0.0000
0.8232, 0.0000
0.8232, 0.0000
0.8232, 0.0000
0.8232, 0.0000
0.8232, 0.0000
0.8177, 0.0000
0.8177, 0.0000
0.8177, 0.0000
0.8122, 0.0000
0.8122, 0.0000
0.8122, 0.0000
0.8122, 0.0000
0.8122, 0.0000
0.8122, 0.0000
0.8122, 0.0000
0.8066, 0.0000
0.8066, 0.0000
0.8066, 0.0000
0.8011, 0.0000
0.8011, 0.0000
0.8011, 0.0000
0.8011, 0.0000
0.8011, 0.0000
0.7956, 0.0000
0.7956, 0.0000
0.7956, 0.0000
0.7956, 0.0000
0.7956, 0.0000
0.7901, 0.0000
0.7901, 0.0000
0.7901, 0.0000
0.7845, 0.0000
0.7845, 0.0000
0.7845, 0.0000
0.7845, 0.0000
0.7845, 0.0000
0.7845, 0.0000
0.7845, 0.0000
0.7845, 0.0000
0.7790, 0.0000
0.7790, 0.0000
0.7790, 0.0000
0.7735, 0.0000
0.7735, 0.0000
0.7680, 0.0000
0.7680, 0.0000
0.7680, 0.0000
0.7680, 0.0000
0.7680, 0.0000
0.7680, 0.0000
0.7624, 0.0000
0.7624, 0.0000
0.7569, 0.0000
0.7569, 0.0000
0.7569, 0.0000
0.7569, 0.0000
0.7569, 0.0000
0.7569, 0.0000
0.7569, 0.0000
0.7514, 0.0000
0.7514, 0.0000
0.7514, 0.0000
0.7514, 0.0000
0.7459, 0.0000
0.7459, 0.0000
0.7403, 0.0000
0.7403, 0.0000
0.7403, 0.0000
0.7403, 0.0000
0.7403, 0.0000
0.7403, 0.0000
0.7348, 0.0000
0.7348, 0.0000
0.7348, 0.0000
0.7293, 0.0000
0.7293, 0.0000
0.7293, 0.0000
0.7293, 0.0000
0.7238, 0.0000
0.7238, 0.0000
0.7182, 0.0000
0.7182, 0.0000
0.7127, 0.0000
0.7127, 0.0000
0.7127, 0.0000
0.7127, 0.0000
0.7072, 0.0000
0.7072, 0.0000
0.7072, 0.0000
0.7072, 0.0000
0.7017, 0.0000
0.7017, 0.0000
0.7017, 0.0026
0.7017, 0.0026
0.6961, 0.0026
0.6961, 0.0026
0.6906, 0.0026
0.6906, 0.0026
0.6851, 0.0026
0.6851, 0.0026
0.6851, 0.0026
0.6851, 0.0026
0.6851, 0.0053
0.6851, 0.0053
0.6796, 0.0053
0.6796, 0.0053
0.6740, 0.0053
0.6740, 0.0053
0.6740, 0.0053
0.6740, 0.0053
0.6685, 0.0053
0.6685, 0.0053
0.6630, 0.0053
0.6630, 0.0053
0.6630, 0.0053
0.6630, 0.0053
0.6630, 0.0053
0.6575, 0.0053
0.6575, 0.0053
0.6575, 0.0053
0.6575, 0.0053
0.6575, 0.0053
0.6575, 0.0053
0.6575, 0.0053
0.6575, 0.0053
0.6575, 0.0053
0.6575, 0.0053
0.6575, 0.0053
0.6575, 0.0053
0.6575, 0.0053
0.6575, 0.0053
0.6575, 0.0053
0.6575, 0.0053
0.6575, 0.0053
0.6575, 0.0053
0.6575, 0.0053
0.6575, 0.0053
0.6575, 0.0053
0.6575, 0.0053
0.6575, 0.0053
0.6575, 0.0053
0.6575, 0.0053
0.6575, 0.0053
0.6575, 0.0053
0.6575, 0.0053
0.6575, 0.0053
0.6575, 0.0053
0.6575, 0.0053
0.6575, 0.0053
0.6575, 0.0053
0.6519, 0.0053
0.6519, 0.0053
0.6519, 0.0053
0.6519, 0.0053
0.6519, 0.0053
0.6519, 0.0053
0.6519, 0.0053
0.6519, 0.0053
0.6519, 0.0053
0.6519, 0.0053
0.6519, 0.0053
0.6519, 0.0053
0.6519, 0.0053
0.6519, 0.0053
0.6519, 0.0053
0.6519, 0.0053
0.6519, 0.0053
0.6519, 0.0053
0.6519, 0.0053
0.6519, 0.0053
0.6519, 0.0053
0.6519, 0.0053
0.6519, 0.0053
0.6519, 0.0053
0.6519, 0.0053
0.6519, 0.0053
0.6519, 0.0053
0.6519, 0.0053
0.6519, 0.0053
0.6519, 0.0053
0.6519, 0.0053
0.6519, 0.0053
0.6519, 0.0053
0.6519, 0.0053
0.6519, 0.0053
0.6519, 0.0053
0.6519, 0.0053
0.6519, 0.0053
0.6519, 0.0053
0.6519, 0.0053
0.6519, 0.0053
0.6519, 0.0079
0.6519, 0.0079
0.6519, 0.0079
0.6519, 0.0079
0.6464, 0.0079
0.6464, 0.0079
0.6464, 0.0079
0.6464, 0.0079
0.6464, 0.0079
0.6464, 0.0079
0.6464, 0.0079
0.6464, 0.0079
0.6464, 0.0079
0.6464, 0.0079
0.6464, 0.0079
0.6464, 0.0079
0.6464, 0.0079
0.6464, 0.0079
0.6464, 0.0079
0.6464, 0.0079
0.6464, 0.0079
0.6464, 0.0079
0.6464, 0.0079
0.6464, 0.0079
0.6464, 0.0079
0.6464, 0.0079
0.6464, 0.0079
0.6464, 0.0079
0.6464, 0.0079
0.6409, 0.0079
0.6409, 0.0079
0.6409, 0.0079
0.6409, 0.0079
0.6354, 0.0105
0.6354, 0.0105
0.6354, 0.0105
0.6354, 0.0105
0.6354, 0.0105
0.6354, 0.0105
0.6354, 0.0105
0.6354, 0.0105
0.6354, 0.0105
0.6354, 0.0105
0.6354, 0.0105
0.6354, 0.0105
0.6354, 0.0105
0.6354, 0.0105
0.6354, 0.0105
0.6354, 0.0105
0.6354, 0.0105
0.6354, 0.0105
0.6354, 0.0105
0.6354, 0.0105
0.6354, 0.0105
0.6354, 0.0105
0.6354, 0.0105
0.6354, 0.0105
0.6354, 0.0105
0.6354, 0.0105
0.6354, 0.0105
0.6354, 0.0105
0.6354, 0.0105
0.6354, 0.0105
0.6354, 0.0105
0.6354, 0.0105
0.6354, 0.0105
0.6354, 0.0105
0.6354, 0.0105
0.6354, 0.0105
0.6354, 0.0105
0.6354, 0.0105
0.6354, 0.0105
0.6354, 0.0105
0.6354, 0.0105
0.6354, 0.0105
0.6354, 0.0105
0.6354, 0.0105
0.6354, 0.0105
0.6354, 0.0105
0.6354, 0.0105
0.0000, 1.0000
0.0000, 1.0000
0.0000, 1.0000
0.0000, 1.0000
0.0000, 1.0000
0.0000, 1.0000
0.0000, 1.0000
0.0000, 1.0000
0.0000, 1.0000
0.0000, 1.0000
0.0000, 1.0000
0.0000, 1.0000
0.0000, 1.0000
0.0000, 1.0000
0.0000, 1.0000
0.0000, 1.0000
0.0000, 1.0000
0.0000, 1.0000
0.0000, 1.0000
0.0000, 1.0000
0.0000, 1.0000
0.0000, 1.0000
0.0000, 1.0000
0.0000, 1.0000
0.0000, 1.0000
0.0000, 1.0000
0.0000, 1.0000
0.0000, 1.0000
0.0000, 1.0000
0.0000, 1.0000
0.0000, 1.0000
0.0000, 1.0000
0.0000, 1.0000
0.0000, 1.0000
0.0000, 1.0000
0.0000, 1.0000
0.0000, 1.0000
0.0000, 1.0000
0.0000, 1.0000
0.0000, 1.0000
0.0000, 1.0000
0.0000, 1.0000
0.0000, 1.0000
