0.6452, 0.2387
0.6452, 0.2387
0.6452, 0.2387
0.6452, 0.2387
0.6452, 0.2387
0.6452, 0.2387
0.6452, 0.2387
0.6452, 0.2387
0.6452, 0.2387
0.6452, 0.2387
0.6452, 0.2387
0.6452, 0.2387
0.6452, 0.2387
0.6452, 0.2387
0.6452, 0.2387
0.6452, 0.2387
0.6452, 0.2387
0.6452, 0.2387
0.6452, 0.2387
0.6452, 0.2387
0.6452, 0.2387
0.6452, 0.2387
0.6452, 0.2387
0.6452, 0.2387
0.6452, 0.2387
0.6452, 0.2387
0.6452, 0.2387
0.6452, 0.2387
0.6452, 0.2387
0.6452, 0.2387
0.6452, 0.2387
0.6452, 0.2387
0.6452, 0.2387
0.6452, 0.2387
0.6452, 0.2387
0.6452, 0.2387
0.6452, 0.2387
0.6452, 0.2387
0.6452, 0.2387
0.6452, 0.2387
0.6452, 0.2387
0.6452, 0.2387
0.6452, 0.2387
0.6452, 0.2387
0.6452, 0.2387
0.6452, 0.2387
0.6452, 0.2387
0.6452, 0.2387
0.6452, 0.2387
0.6452, 0.2387
0.6452, 0.2387
0.6452, 0.2387
0.6452, 0.2387
0.6452, 0.2387
0.6452, 0.2387
0.6452, 0.2387
0.6452, 0.2387
0.6452, 0.2387
0.6452, 0.2387
0.6452, 0.2387
0.6516, 0.2387
0.6516, 0.2387
0.6516, 0.2387
0.6516, 0.2387
0.6516, 0.2387
0.6516, 0.2387
0.6516, 0.2387
0.6516, 0.2387
0.6516, 0.2387
0.6581, 0.2387
0.6581, 0.2387
0.6581, 0.2387
0.6581, 0.2387
0.6581, 0.2387
0.6581, 0.2387
0.6581, 0.2387
0.6581, 0.2387
0.6581, 0.2387
0.6581, 0.2387
0.6581, 0.2387
0.6581, 0.2387
0.6581, 0.2387
0.6581, 0.2387
0.6581, 0.2387
0.6581, 0.2387
0.6581, 0.2414
0.6581, 0.2414
0.6581, 0.2414
0.6581, 0.2414
0.6645, 0.2414
0.6645, 0.2414
0.6645, 0.2414
0.6645, 0.2414
0.6645, 0.2414
0.6645, 0.2414
0.6645, 0.2414
0.6645, 0.2414
0.6645, 0.2414
0.6710, 0.2414
0.6710, 0.2414
0.6710, 0.2414
0.6710, 0.2414
0.6710, 0.2414
0.6710, 0.2414
0.6710, 0.2414
0.6710, 0.2414
0.6774, 0.2414
0.6774, 0.2414
0.6774, 0.2414
0.6774, 0.2414
0.6774, 0.2414
0.6774, 0.2414
0.6774, 0.2414
0.6774, 0.2414
0.6774, 0.2414
0.6774, 0.2440
0.6774, 0.2440
0.6774, 0.2440
0.6774, 0.2440
0.6774, 0.2440
0.6774, 0.2440
0.6774, 0.2440
0.6774, 0.2440
0.6774, 0.2440
0.6839, 0.2440
0.6839, 0.2440
0.6839, 0.2440
0.6839, 0.2440
0.6839, 0.2440
0.6839, 0.2440
0.6839, 0.2440
0.6839, 0.2440
0.6839, 0.2467
0.6839, 0.2467
0.6839, 0.2467
0.6839, 0.2467
0.6903, 0.2467
0.6903, 0.2467
0.6903, 0.2467
0.6903, 0.2467
0.6903, 0.2467
0.6903, 0.2467
0.6903, 0.2467
0.6903, 0.2467
0.6903, 0.2467
0.6903, 0.2467
0.6903, 0.2467
0.6903, 0.2467
0.6903, 0.2467
0.6903, 0.2467
0.6903, 0.2467
0.6903, 0.2467
0.6903, 0.2467
0.6903, 0.2467
0.6968, 0.2467
0.6968, 0.2467
0.6968, 0.2467
0.6968, 0.2467
0.6968, 0.2467
0.6968, 0.2467
0.6968, 0.2467
0.6968, 0.2467
0.6968, 0.2467
0.7032, 0.2493
0.7032, 0.2493
0.7032, 0.2493
0.7032, 0.2493
0.7032, 0.2493
0.7032, 0.2493
0.7032, 0.2493
0.7032, 0.2493
0.7097, 0.2493
0.7097, 0.2493
0.7097, 0.2493
0.7097, 0.2493
0.7097, 0.2520
0.7097, 0.2520
0.7097, 0.2520
0.7097, 0.2520
0.7097, 0.2520
0.7097, 0.2520
0.7097, 0.2520
0.7097, 0.2520
0.7097, 0.2520
0.7097, 0.2520
0.7097, 0.2520
0.7097, 0.2520
0.7097, 0.2520
0.7097, 0.2520
0.7097, 0.2520
0.7097, 0.2546
0.7097, 0.2546
0.7097, 0.2546
0.7097, 0.2546
0.7097, 0.2546
0.7161, 0.2546
0.7161, 0.2546
0.7161, 0.2546
0.7161, 0.2546
0.7161, 0.2546
0.7161, 0.2546
0.7161, 0.2546
0.7161, 0.2546
0.7226, 0.2546
0.7226, 0.2546
0.7226, 0.2546
0.7226, 0.2546
0.7226, 0.2546
0.7226, 0.2546
0.7226, 0.2546
0.7226, 0.2546
0.7226, 0.2546
0.7226, 0.2546
0.7226, 0.2546
0.7226, 0.2546
0.7226, 0.2546
0.7226, 0.2546
0.7226, 0.2546
0.7226, 0.2546
0.7226, 0.2546
0.7226, 0.2546
0.7226, 0.2546
0.7226, 0.2546
0.7226, 0.2546
0.7226, 0.2546
0.7226, 0.2546
0.7290, 0.2573
0.7290, 0.2573
0.7290, 0.2573
0.7290, 0.2573
0.7290, 0.2573
0.7290, 0.2573
0.7290, 0.2573
0.7290, 0.2573
0.7290, 0.2573
0.7290, 0.2573
0.7290, 0.2573
0.7290, 0.2573
0.7355, 0.2573
0.7355, 0.2573
0.7355, 0.2573
0.7355, 0.2573
0.7355, 0.2573
0.7355, 0.2573
0.7355, 0.2573
0.7355, 0.2573
0.7355, 0.2573
0.7355, 0.2573
0.7355, 0.2573
0.7355, 0.2573
0.7355, 0.2573
0.7419, 0.2573
0.7419, 0.2573
0.7419, 0.2573
0.7419, 0.2573
0.7419, 0.2573
0.7419, 0.2573
0.7419, 0.2573
0.7419, 0.2573
0.7419, 0.2573
0.7419, 0.2599
0.7419, 0.2599
0.7419, 0.2599
0.7419, 0.2599
0.7419, 0.2599
0.7419, 0.2599
0.7419, 0.2599
0.7419, 0.2599
0.7484, 0.2599
0.7484, 0.2599
0.7484, 0.2599
0.7484, 0.2599
0.7484, 0.2599
0.7484, 0.2599
0.7484, 0.2599
0.7484, 0.2599
0.7484, 0.2599
0.7548, 0.2599
0.7548, 0.2599
0.7548, 0.2599
0.7548, 0.2599
0.7548, 0.2599
0.7548, 0.2599
0.7548, 0.2599
0.7548, 0.2599
0.7548, 0.2599
0.7548, 0.2599
0.7548, 0.2599
0.7548, 0.2599
0.7548, 0.2599
0.7548, 0.2599
0.7548, 0.2599
0.7548, 0.2599
0.7548, 0.2599
0.7548, 0.2599
0.7548, 0.2599
0.7548, 0.2599
0.7548, 0.2599
0.7613, 0.2599
0.7613, 0.2599
0.7613, 0.2599
0.7613, 0.2599
0.7613, 0.2599
0.7613, 0.2599
0.7613, 0.2599
0.7613, 0.2599
0.7677, 0.2599
0.7677, 0.2599
0.7677, 0.2599
0.7677, 0.2599
0.7677, 0.2599
0.7677, 0.2599
0.7677, 0.2599
0.7677, 0.2599
0.7742, 0.2599
0.7742, 0.2599
0.7742, 0.2599
0.7742, 0.2599
0.7742, 0.2599
0.7742, 0.2599
0.7742, 0.2599
0.7742, 0.2599
0.7742, 0.2599
0.7742, 0.2599
0.7742, 0.2599
0.7742, 0.2599
0.7742, 0.2599
0.7742, 0.2599
0.7742, 0.2599
0.7742, 0.2599
0.7742, 0.2599
0.7742, 0.2599
0.7806, 0.2599
0.7806, 0.2599
0.7806, 0.2599
0.7806, 0.2599
0.7806, 0.2599
0.7806, 0.2599
0.7806, 0.2599
0.7806, 0.2599
0.7871, 0.2599
0.7871, 0.2599
0.7871, 0.2599
0.7871, 0.2599
0.7871, 0.2599
0.7871, 0.2599
0.7871, 0.2599
0.7871, 0.2599
0.7871, 0.2599
0.7871, 0.2599
0.7871, 0.2599
0.7871, 0.2599
0.7871, 0.2599
0.7871, 0.2599
0.7871, 0.2599
0.7871, 0.2599
0.7935, 0.2599
0.7935, 0.2599
0.7935, 0.2599
0.7935, 0.2599
0.8000, 0.2599
0.8000, 0.2599
0.8000, 0.2599
0.8000, 0.2599
0.8000, 0.2599
0.8000, 0.2599
0.8000, 0.2599
0.8000, 0.2599
0.8000, 0.2599
0.8000, 0.2599
0.8000, 0.2599
0.8000, 0.2599
0.8000, 0.2599
0.8000, 0.2599
0.8000, 0.2599
0.8000, 0.2599
0.8000, 0.2599
0.8000, 0.2599
0.8000, 0.2599
0.8000, 0.2599
0.8000, 0.2599
0.8000, 0.2599
0.8065, 0.2599
0.8065, 0.2599
0.8065, 0.2599
0.8065, 0.2599
0.8065, 0.2599
0.8065, 0.2599
0.8065, 0.2599
0.8065, 0.2599
0.8129, 0.2599
0.8129, 0.2599
0.8129, 0.2599
0.8129, 0.2599
0.8129, 0.2599
0.8129, 0.2599
0.8129, 0.2599
0.8194, 0.2599
0.8194, 0.2599
0.8194, 0.2599
0.8194, 0.2599
0.8194, 0.2599
0.8194, 0.2599
0.8194, 0.2599
0.8194, 0.2599
0.8194, 0.2599
0.8258, 0.2599
0.8258, 0.2599
0.8258, 0.2599
0.8323, 0.2599
0.8323, 0.2599
0.8323, 0.2599
0.8323, 0.2599
0.8323, 0.2599
0.8323, 0.2599
0.8323, 0.2599
0.8323, 0.2599
0.8323, 0.2599
0.8323, 0.2599
0.8323, 0.2599
0.8323, 0.2599
0.8323, 0.2599
0.8323, 0.2599
0.8323, 0.2599
0.8323, 0.2599
0.8323, 0.2599
0.8387, 0.2599
0.8387, 0.2599
0.8387, 0.2599
0.8387, 0.2599
0.8387, 0.2599
0.8387, 0.2599
0.8387, 0.2599
0.8387, 0.2599
0.8387, 0.2599
0.8387, 0.2599
0.8387, 0.2599
0.8387, 0.2599
0.8452, 0.2599
0.8452, 0.2599
0.8452, 0.2599
0.8452, 0.2599
0.8452, 0.2599
0.8452, 0.2599
0.8452, 0.2599
0.8452, 0.2599
0.8516, 0.2599
0.8516, 0.2599
0.8516, 0.2599
0.8516, 0.2599
0.8516, 0.2599
0.8516, 0.2599
0.8516, 0.2599
0.8516, 0.2599
0.8516, 0.2599
0.8516, 0.2599
0.8516, 0.2599
0.8516, 0.2599
0.8581, 0.2599
0.8581, 0.2599
0.8581, 0.2599
0.8581, 0.2599
0.8581, 0.2599
0.8581, 0.2599
0.8581, 0.2599
0.8581, 0.2599
0.8645, 0.2599
0.8645, 0.2599
0.8645, 0.2599
0.8645, 0.2599
0.8645, 0.2599
0.8645, 0.2599
0.8645, 0.2599
0.8645, 0.2599
0.8645, 0.2599
0.8645, 0.2599
0.8645, 0.2599
0.8645, 0.2599
0.8710, 0.2573
0.8710, 0.2573
0.8710, 0.2573
0.8710, 0.2573
0.8774, 0.2573
0.8774, 0.2573
0.8774, 0.2573
0.8774, 0.2573
0.8774, 0.2573
0.8774, 0.2573
0.8774, 0.2573
0.8774, 0.2573
0.8839, 0.2573
0.8839, 0.2573
0.8839, 0.2573
0.8839, 0.2573
0.8839, 0.2573
0.8839, 0.2573
0.8839, 0.2573
0.8839, 0.2573
0.8839, 0.2573
0.8839, 0.2573
0.8839, 0.2573
0.8903, 0.2573
0.8903, 0.2573
0.8903, 0.2573
0.8903, 0.2573
0.8903, 0.2573
0.8903, 0.2573
0.8903, 0.2573
0.8903, 0.2573
0.8968, 0.2573
0.8968, 0.2573
0.8968, 0.2573
0.8968, 0.2573
0.8968, 0.2573
0.8968, 0.2573
0.8968, 0.2573
0.8968, 0.2573
0.8968, 0.2573
0.8968, 0.2573
0.8968, 0.2573
0.8968, 0.2573
0.9032, 0.2573
0.9032, 0.2573
0.9032, 0.2573
0.9032, 0.2573
0.9032, 0.2546
0.9032, 0.2546
0.9032, 0.2546
0.9097, 0.2546
0.9097, 0.2546
0.9097, 0.2546
0.9097, 0.2546
0.9161, 0.2546
0.9161, 0.2546
0.9161, 0.2546
0.9161, 0.2546
0.9161, 0.2546
0.9161, 0.2546
0.9161, 0.2546
0.9161, 0.2546
0.9161, 0.2546
0.9161, 0.2546
0.9161, 0.2546
0.9161, 0.2546
0.9161, 0.2546
0.9161, 0.2546
0.9161, 0.2546
0.9161, 0.2546
0.9161, 0.2546
0.9161, 0.2546
0.9161, 0.2546
0.9161, 0.2546
0.9226, 0.2520
0.9226, 0.2520
0.9226, 0.2520
0.9226, 0.2520
0.9226, 0.2520
0.9226, 0.2520
0.9226, 0.2520
0.9226, 0.2520
0.9226, 0.2520
0.9226, 0.2520
0.9226, 0.2520
0.9226, 0.2520
0.9290, 0.2520
0.9290, 0.2520
0.9290, 0.2520
0.9290, 0.2493
0.9290, 0.2493
0.9290, 0.2493
0.9290, 0.2493
0.9290, 0.2493
0.9290, 0.2493
0.9290, 0.2493
0.9290, 0.2493
0.9355, 0.2493
0.9355, 0.2493
0.9355, 0.2493
0.9419, 0.2493
0.9419, 0.2493
0.9419, 0.2493
0.9419, 0.2493
0.9419, 0.2493
0.9419, 0.2493
0.9419, 0.2493
0.9419, 0.2493
0.9419, 0.2493
0.9419, 0.2493
0.9419, 0.2493
0.9419, 0.2493
0.9484, 0.2467
0.9484, 0.2467
0.9484, 0.2467
0.9484, 0.2467
0.9484, 0.2467
0.9484, 0.2467
0.9484, 0.2467
0.9484, 0.2467
0.9484, 0.2467
0.9484, 0.2467
0.9484, 0.2467
0.9484, 0.2467
0.9484, 0.2467
0.9484, 0.2467
0.9484, 0.2467
0.9484, 0.2440
0.9484, 0.2440
0.9484, 0.2440
0.9484, 0.2440
0.9484, 0.2440
0.9484, 0.2440
0.9484, 0.2440
0.9484, 0.2440
0.9484, 0.2440
0.9484, 0.2440
0.9484, 0.2440
0.9484, 0.2440
0.9484, 0.2440
0.9484, 0.2440
0.9484, 0.2440
0.9484, 0.2440
0.9484, 0.2414
0.9484, 0.2414
0.9484, 0.2414
0.9548, 0.2414
0.9548, 0.2414
0.9548, 0.2414
0.9548, 0.2414
0.9548, 0.2414
0.9548, 0.2414
0.9548, 0.2414
0.9548, 0.2414
0.9548, 0.2387
0.9548, 0.2387
0.9548, 0.2387
0.9548, 0.2387
0.9548, 0.2387
0.9548, 0.2387
0.9548, 0.2387
0.9548, 0.2387
0.9548, 0.2387
0.9548, 0.2387
0.9548, 0.2361
0.9548, 0.2361
0.9548, 0.2361
0.9548, 0.2361
0.9548, 0.2361
0.9548, 0.2361
0.9548, 0.2361
0.9548, 0.2361
0.9613, 0.2361
0.9613, 0.2361
0.9613, 0.2361
0.9613, 0.2361
0.9613, 0.2361
0.9613, 0.2361
0.9613, 0.2361
0.9613, 0.2361
0.9613, 0.2334
0.9613, 0.2334
0.9613, 0.2334
0.9613, 0.2334
0.9613, 0.2334
0.9613, 0.2334
0.9613, 0.2334
0.9613, 0.2308
0.9613, 0.2308
0.9613, 0.2308
0.9613, 0.2308
0.9613, 0.2308
0.9613, 0.2308
0.9613, 0.2308
0.9613, 0.2308
0.9613, 0.2308
0.9613, 0.2308
0.9613, 0.2308
0.9613, 0.2281
0.9613, 0.2281
0.9613, 0.2281
0.9613, 0.2281
0.9613, 0.2281
0.9613, 0.2281
0.9613, 0.2255
0.9613, 0.2255
0.9613, 0.2255
0.9613, 0.2255
0.9613, 0.2255
0.9613, 0.2255
0.9613, 0.2228
0.9613, 0.2228
0.9613, 0.2228
0.9613, 0.2228
0.9613, 0.2228
0.9613, 0.2228
0.9613, 0.2228
0.9613, 0.2228
0.9613, 0.2228
0.9613, 0.2228
0.9613, 0.2228
0.9613, 0.2228
0.9613, 0.2228
0.9613, 0.2228
0.9613, 0.2228
0.9613, 0.2228
0.9613, 0.2202
0.9613, 0.2202
0.9613, 0.2202
0.9613, 0.2202
0.9613, 0.2202
0.9613, 0.2202
0.9613, 0.2202
0.9613, 0.2202
0.9613, 0.2202
0.9613, 0.2202
0.9613, 0.2202
0.9613, 0.2175
0.9613, 0.2175
0.9613, 0.2175
0.9613, 0.2175
0.9613, 0.2175
0.9613, 0.2175
0.9613, 0.2175
0.9613, 0.2175
0.9613, 0.2175
0.9613, 0.2175
0.9613, 0.2175
0.9613, 0.2175
0.9613, 0.2175
0.9613, 0.2175
0.9613, 0.2175
0.9613, 0.2175
0.9613, 0.2175
0.9613, 0.2175
0.9613, 0.2149
0.9613, 0.2149
0.9613, 0.2149
0.9613, 0.2149
0.9613, 0.2122
0.9613, 0.2122
0.9613, 0.2122
0.9613, 0.2122
0.9613, 0.2122
0.9613, 0.2122
0.9613, 0.2122
0.9613, 0.2095
0.9613, 0.2095
0.9613, 0.2095
0.9613, 0.2095
0.9613, 0.2095
0.9613, 0.2095
0.9613, 0.2095
0.9613, 0.2095
0.9613, 0.2095
0.9613, 0.2095
0.9613, 0.2095
0.9613, 0.2069
0.9613, 0.2069
0.9613, 0.2069
0.9613, 0.2069
0.9613, 0.2069
0.9613, 0.2069
0.9613, 0.2069
0.9613, 0.2069
0.9613, 0.2069
0.9613, 0.2069
0.9613, 0.2069
0.9613, 0.2042
0.9613, 0.2042
0.9613, 0.2042
0.9613, 0.2042
0.9613, 0.2042
0.9613, 0.2042
0.9613, 0.2042
0.9613, 0.2042
0.9613, 0.2042
0.9613, 0.2016
0.9613, 0.2016
0.9613, 0.2016
0.9613, 0.2016
0.9613, 0.2016
0.9613, 0.2016
0.9613, 0.2016
0.9613, 0.1989
0.9613, 0.1989
0.9613, 0.1989
0.9613, 0.1989
0.9613, 0.1963
0.9613, 0.1963
0.9613, 0.1963
0.9613, 0.1963
0.9613, 0.1963
0.9613, 0.1963
0.9613, 0.1963
0.9613, 0.1963
0.9613, 0.1963
0.9613, 0.1963
0.9613, 0.1963
0.9613, 0.1936
0.9613, 0.1936
0.9613, 0.1936
0.9613, 0.1910
0.9613, 0.1910
0.9613, 0.1910
0.9613, 0.1910
0.9613, 0.1910
0.9613, 0.1910
0.9613, 0.1910
0.9613, 0.1910
0.9613, 0.1910
0.9613, 0.1910
0.9613, 0.1910
0.9613, 0.1910
0.9613, 0.1910
0.9613, 0.1910
0.9613, 0.1910
0.9613, 0.1883
0.9613, 0.1883
0.9613, 0.1883
0.9613, 0.1883
0.9613, 0.1857
0.9613, 0.1857
0.9613, 0.1857
0.9548, 0.1857
0.9548, 0.1857
0.9548, 0.1857
0.9548, 0.1857
0.9548, 0.1857
0.9548, 0.1857
0.9548, 0.1857
0.9548, 0.1857
0.9548, 0.1857
0.9548, 0.1857
0.9548, 0.1857
0.9548, 0.1830
0.9548, 0.1830
0.9548, 0.1830
0.9548, 0.1830
0.9548, 0.1830
0.9548, 0.1830
0.9548, 0.1830
0.9548, 0.1804
0.9548, 0.1804
0.9548, 0.1804
0.9548, 0.1804
0.9548, 0.1804
0.9548, 0.1804
0.9548, 0.1804
0.9548, 0.1777
0.9548, 0.1777
0.9548, 0.1777
0.9548, 0.1777
0.9548, 0.1777
0.9548, 0.1777
0.9548, 0.1777
0.9548, 0.1777
0.9548, 0.1777
0.9548, 0.1777
0.9548, 0.1777
0.9548, 0.1777
0.9548, 0.1777
0.9548, 0.1777
0.9548, 0.1777
0.9548, 0.1751
0.9548, 0.1751
0.9548, 0.1751
0.9548, 0.1751
0.9484, 0.1751
0.9484, 0.1751
0.9484, 0.1751
0.9484, 0.1724
0.9484, 0.1724
0.9484, 0.1724
0.9484, 0.1724
0.9484, 0.1724
0.9484, 0.1724
0.9484, 0.1724
0.9484, 0.1724
0.9484, 0.1724
0.9484, 0.1724
0.9484, 0.1724
0.9484, 0.1724
0.9484, 0.1724
0.9484, 0.1724
0.9419, 0.1724
0.9419, 0.1724
0.9419, 0.1724
0.9419, 0.1698
0.9419, 0.1698
0.9419, 0.1698
0.9419, 0.1698
0.9419, 0.1698
0.9419, 0.1698
0.9419, 0.1698
0.9419, 0.1698
0.9419, 0.1671
0.9419, 0.1671
0.9419, 0.1671
0.9355, 0.1671
0.9355, 0.1671
0.9355, 0.1671
0.9355, 0.1671
0.9355, 0.1671
0.9355, 0.1671
0.9355, 0.1671
0.9355, 0.1671
0.9355, 0.1645
0.9355, 0.1645
0.9355, 0.1645
0.9355, 0.1645
0.9355, 0.1645
0.9355, 0.1645
0.9355, 0.1645
0.9355, 0.1645
0.9355, 0.1645
0.9355, 0.1645
0.9355, 0.1645
0.9355, 0.1645
0.9355, 0.1645
0.9355, 0.1645
0.9355, 0.1618
0.9355, 0.1618
0.9355, 0.1618
0.9290, 0.1618
0.9290, 0.1618
0.9290, 0.1618
0.9290, 0.1592
0.9290, 0.1592
0.9290, 0.1592
0.9290, 0.1592
0.9290, 0.1592
0.9290, 0.1592
0.9290, 0.1592
0.9290, 0.1592
0.9290, 0.1592
0.9290, 0.1592
0.9290, 0.1592
0.9226, 0.1592
0.9226, 0.1592
0.9226, 0.1592
0.9226, 0.1592
0.9226, 0.1592
0.9226, 0.1592
0.9226, 0.1592
0.9226, 0.1592
0.9226, 0.1592
0.9226, 0.1592
0.9226, 0.1592
0.9226, 0.1565
0.9226, 0.1565
0.9226, 0.1565
0.9161, 0.1565
0.9161, 0.1565
0.9161, 0.1565
0.9161, 0.1565
0.9097, 0.1538
0.9097, 0.1538
0.9097, 0.1538
0.9097, 0.1538
0.9097, 0.1538
0.9097, 0.1538
0.9097, 0.1512
0.9097, 0.1512
0.9097, 0.1512
0.9097, 0.1512
0.9032, 0.1512
0.9032, 0.1512
0.9032, 0.1512
0.9032, 0.1512
0.9032, 0.1512
0.9032, 0.1512
0.9032, 0.1512
0.9032, 0.1512
0.9032, 0.1512
0.8968, 0.1512
0.8968, 0.1512
0.8968, 0.1512
0.8903, 0.1512
0.8903, 0.1512
0.8903, 0.1512
0.8903, 0.1512
0.8903, 0.1512
0.8903, 0.1512
0.8903, 0.1485
0.8903, 0.1485
0.8903, 0.1485
0.8903, 0.1485
0.8839, 0.1485
0.8839, 0.1485
0.8839, 0.1485
0.8774, 0.1485
0.8774, 0.1485
0.8774, 0.1485
0.8710, 0.1485
0.8710, 0.1485
0.8710, 0.1485
0.8710, 0.1485
0.8710, 0.1485
0.8710, 0.1485
0.8710, 0.1459
0.8710, 0.1459
0.8710, 0.1459
0.8645, 0.1459
0.8645, 0.1459
0.8645, 0.1459
0.8645, 0.1459
0.8581, 0.1459
0.8581, 0.1459
0.8581, 0.1459
0.8581, 0.1459
0.8581, 0.1459
0.8581, 0.1459
0.8581, 0.1459
0.8516, 0.1459
0.8516, 0.1459
0.8516, 0.1459
0.8452, 0.1459
0.8452, 0.1459
0.8452, 0.1459
0.8452, 0.1459
0.8387, 0.1459
0.8387, 0.1459
0.8387, 0.1459
0.8387, 0.1459
0.8387, 0.1459
0.8387, 0.1459
0.8323, 0.1459
0.8323, 0.1459
0.8323, 0.1459
0.8258, 0.1459
0.8258, 0.1459
0.8258, 0.1459
0.8258, 0.1459
0.8258, 0.1459
0.8258, 0.1459
0.8258, 0.1459
0.8194, 0.1459
0.8194, 0.1459
0.8194, 0.1459
0.8129, 0.1459
0.8129, 0.1459
0.8129, 0.1459
0.8129, 0.1459
0.8065, 0.1459
0.8065, 0.1459
0.8065, 0.1459
0.8000, 0.1459
0.8000, 0.1459
0.8000, 0.1459
0.7935, 0.1459
0.7935, 0.1459
0.7935, 0.1459
0.7935, 0.1459
0.7935, 0.1459
0.7935, 0.1459
0.7935, 0.1459
0.7871, 0.1459
0.7871, 0.1459
0.7871, 0.1459
0.7806, 0.1459
0.7806, 0.1459
0.7806, 0.1459
0.7806, 0.1459
0.7742, 0.1459
0.7742, 0.1459
0.7742, 0.1459
0.7742, 0.1459
0.7742, 0.1459
0.7742, 0.1459
0.7742, 0.1459
0.7742, 0.1459
0.7742, 0.1459
0.7742, 0.1459
0.7742, 0.1459
0.7742, 0.1459
0.7742, 0.1459
0.7742, 0.1459
0.7742, 0.1459
0.7742, 0.1459
0.7742, 0.1459
0.7742, 0.1459
0.7742, 0.1459
0.7742, 0.1459
0.7742, 0.1459
0.7742, 0.1459
0.7742, 0.1459
0.7742, 0.1459
0.7742, 0.1459
0.7742, 0.1459
0.7742, 0.1459
0.7742, 0.1459
0.7742, 0.1459
0.7742, 0.1459
0.7742, 0.1459
0.7742, 0.1459
0.7742, 0.1459
0.7742, 0.1459
0.7742, 0.1459
0.7742, 0.1459
0.7742, 0.1459
0.7742, 0.1459
0.7742, 0.1459
0.7742, 0.1459
0.7742, 0.1459
0.7742, 0.1459
0.7742, 0.1459
0.7742, 0.1459
0.7742, 0.1459
0.7742, 0.1459
0.7742, 0.1459
0.7742, 0.1459
0.7742, 0.1459
0.7742, 0.1459
0.7742, 0.1459
0.7742, 0.1459
0.7742, 0.1459
0.7742, 0.1459
0.7742, 0.1459
0.7742, 0.1459
0.7742, 0.1459
0.7742, 0.1459
0.7742, 0.1459
0.7742, 0.1459
0.7742, 0.1459
0.7742, 0.1459
0.7742, 0.1459
0.7742, 0.1459
0.7742, 0.1459
0.7742, 0.1459
0.7742, 0.1459
0.7742, 0.1459
0.7742, 0.1459
0.7742, 0.1459
0.7742, 0.1459
0.7742, 0.1459
0.7742, 0.1459
0.7742, 0.1459
0.7742, 0.1459
0.7742, 0.1459
0.7742, 0.1459
0.7742, 0.1459
0.7742, 0.1459
0.7742, 0.1459
0.7742, 0.1459
0.7742, 0.1459
0.7742, 0.1459
0.7742, 0.1459
0.7742, 0.1459
0.7742, 0.1459
0.7742, 0.1459
0.7742, 0.1459
0.7742, 0.1459
0.7742, 0.1459
0.7742, 0.1459
0.7742, 0.1459
0.7742, 0.1459
0.7742, 0.1459
0.7742, 0.1459
0.7742, 0.1459
0.7742, 0.1459
0.7742, 0.1459
0.7742, 0.1459
0.7742, 0.1459
0.7742, 0.1459
0.7742, 0.1459
0.7742, 0.1459
0.7742, 0.1459
0.7742, 0.1459
0.7742, 0.1459
0.7806, 0.1459
0.7806, 0.1459
0.7806, 0.1459
0.7871, 0.1459
0.7871, 0.1459
0.7871, 0.1459
0.7871, 0.1459
0.7871, 0.1459
0.7871, 0.1459
0.7871, 0.1459
0.7935, 0.1459
0.7935, 0.1459
0.7935, 0.1459
0.8000, 0.1459
0.8000, 0.1459
0.8000, 0.1432
0.8000, 0.1432
0.8000, 0.1432
0.8065, 0.1432
0.8065, 0.1432
0.8065, 0.1432
0.8129, 0.1432
0.8129, 0.1432
0.8129, 0.1432
0.8129, 0.1432
0.8194, 0.1432
0.8194, 0.1432
0.8194, 0.1432
0.8194, 0.1406
0.8194, 0.1406
0.8194, 0.1406
0.8194, 0.1406
0.8194, 0.1406
0.8194, 0.1406
0.8258, 0.1406
0.8258, 0.1406
0.8258, 0.1406
0.8323, 0.1406
0.8323, 0.1406
0.8323, 0.1406
0.8323, 0.1379
0.8323, 0.1379
0.8323, 0.1379
0.8323, 0.1379
0.8323, 0.1379
0.8323, 0.1379
0.8387, 0.1379
0.8387, 0.1379
0.8387, 0.1379
0.8387, 0.1379
0.8452, 0.1379
0.8452, 0.1379
0.8452, 0.1379
0.8516, 0.1379
0.8516, 0.1379
0.8516, 0.1379
0.8581, 0.1379
0.8581, 0.1379
0.8581, 0.1379
0.8645, 0.1379
0.8645, 0.1379
0.8645, 0.1379
0.8645, 0.1379
0.8645, 0.1379
0.8645, 0.1379
0.8645, 0.1379
0.8710, 0.1353
0.8710, 0.1353
0.8710, 0.1353
0.8774, 0.1353
0.8774, 0.1353
0.8774, 0.1353
0.8839, 0.1353
0.8839, 0.1353
0.8839, 0.1353
0.8839, 0.1353
0.8839, 0.1353
0.8839, 0.1353
0.8839, 0.1353
0.8903, 0.1326
0.8903, 0.1326
0.8903, 0.1326
0.8903, 0.1326
0.8903, 0.1326
0.8903, 0.1326
0.8968, 0.1326
0.8968, 0.1326
0.8968, 0.1326
0.8968, 0.1326
0.8968, 0.1326
0.8968, 0.1326
0.8968, 0.1326
0.8968, 0.1326
0.8968, 0.1326
0.8968, 0.1326
0.8968, 0.1326
0.8968, 0.1326
0.8968, 0.1326
0.8968, 0.1326
0.8968, 0.1326
0.8968, 0.1326
0.8968, 0.1326
0.9032, 0.1326
0.9032, 0.1326
0.9032, 0.1326
0.9097, 0.1326
0.9097, 0.1326
0.9097, 0.1326
0.9097, 0.1326
0.9097, 0.1326
0.9097, 0.1326
0.9097, 0.1326
0.9161, 0.1300
0.9161, 0.1300
0.9161, 0.1300
0.9161, 0.1300
0.9161, 0.1300
0.9161, 0.1300
0.9161, 0.1300
0.9226, 0.1273
0.9226, 0.1273
0.9226, 0.1273
0.9226, 0.1273
0.9226, 0.1273
0.9226, 0.1273
0.9290, 0.1247
0.9290, 0.1247
0.9290, 0.1247
0.9290, 0.1247
0.9290, 0.1247
0.9290, 0.1247
0.9290, 0.1247
0.9290, 0.1247
0.9290, 0.1247
0.9290, 0.1247
0.9355, 0.1247
0.9355, 0.1247
0.9355, 0.1247
0.9355, 0.1247
0.9355, 0.1247
0.9355, 0.1247
0.9355, 0.1247
0.9355, 0.1247
0.9355, 0.1247
0.9355, 0.1247
0.9355, 0.1247
0.9419, 0.1220
0.9419, 0.1220
0.9419, 0.1220
0.9484, 0.1220
0.9484, 0.1220
0.9484, 0.1220
0.9484, 0.1194
0.9484, 0.1194
0.9484, 0.1194
0.9484, 0.1194
0.9484, 0.1194
0.9484, 0.1194
0.9548, 0.1194
0.9548, 0.1194
0.9548, 0.1194
0.9548, 0.1167
0.9548, 0.1167
0.9548, 0.1167
0.9613, 0.1167
0.9613, 0.1167
0.9613, 0.1167
0.9613, 0.1141
0.9613, 0.1141
0.9613, 0.1141
0.9613, 0.1114
0.9613, 0.1114
0.9613, 0.1114
0.9677, 0.1114
0.9677, 0.1114
0.9677, 0.1114
0.9677, 0.1114
0.9677, 0.1114
0.9677, 0.1114
0.9677, 0.1114
0.9677, 0.1114
0.9677, 0.1114
0.9677, 0.1114
0.9742, 0.1088
0.9742, 0.1088
0.9742, 0.1088
0.9742, 0.1061
0.9742, 0.1061
0.9742, 0.1061
0.9742, 0.1061
0.9742, 0.1061
0.9742, 0.1061
0.9806, 0.1061
0.9806, 0.1061
0.9806, 0.1061
0.9806, 0.1061
0.9806, 0.1034
0.9806, 0.1034
0.9806, 0.1034
0.9806, 0.1008
0.9806, 0.1008
0.9806, 0.1008
0.9871, 0.1008
0.9871, 0.1008
0.9871, 0.1008
0.9871, 0.0981
0.9871, 0.0981
0.9871, 0.0981
0.9935, 0.0981
0.9935, 0.0981
0.9935, 0.0981
0.9935, 0.0955
0.9935, 0.0955
0.9935, 0.0955
0.9935, 0.0928
0.9935, 0.0928
0.9935, 0.0928
0.9935, 0.0928
0.9935, 0.0928
0.9935, 0.0928
0.9935, 0.0902
0.9935, 0.0902
0.9935, 0.0902
0.9935, 0.0902
0.9935, 0.0902
0.9935, 0.0902
0.9935, 0.0902
0.9935, 0.0875
0.9935, 0.0875
0.9935, 0.0875
0.9935, 0.0875
0.9935, 0.0875
0.9935, 0.0875
0.9935, 0.0849
0.9935, 0.0849
0.9935, 0.0849
0.9935, 0.0849
1.0000, 0.0849
1.0000, 0.0849
1.0000, 0.0849
1.0000, 0.0822
1.0000, 0.0822
1.0000, 0.0822
1.0000, 0.0796
1.0000, 0.0796
1.0000, 0.0796
1.0000, 0.0796
1.0000, 0.0796
1.0000, 0.0796
1.0000, 0.0769
1.0000, 0.0769
1.0000, 0.0769
1.0000, 0.0743
1.0000, 0.0743
1.0000, 0.0743
1.0000, 0.0743
1.0000, 0.0743
1.0000, 0.0743
1.0000, 0.0743
1.0000, 0.0743
1.0000, 0.0743
1.0000, 0.0716
1.0000, 0.0716
1.0000, 0.0716
1.0000, 0.0690
1.0000, 0.0690
1.0000, 0.0690
1.0000, 0.0663
1.0000, 0.0663
1.0000, 0.0663
1.0000, 0.0663
1.0000, 0.0663
1.0000, 0.0663
1.0000, 0.0663
1.0000, 0.0663
1.0000, 0.0663
1.0000, 0.0663
1.0000, 0.0637
1.0000, 0.0637
1.0000, 0.0637
1.0000, 0.0610
1.0000, 0.0610
1.0000, 0.0610
1.0000, 0.0610
1.0000, 0.0610
1.0000, 0.0610
1.0000, 0.0610
1.0000, 0.0610
1.0000, 0.0610
1.0000, 0.0610
1.0000, 0.0584
1.0000, 0.0584
1.0000, 0.0584
1.0000, 0.0557
1.0000, 0.0557
1.0000, 0.0557
1.0000, 0.0531
1.0000, 0.0531
1.0000, 0.0531
1.0000, 0.0531
1.0000, 0.0531
1.0000, 0.0531
1.0000, 0.0504
1.0000, 0.0504
1.0000, 0.0504
1.0000, 0.0477
1.0000, 0.0477
1.0000, 0.0477
1.0000, 0.0477
1.0000, 0.0477
1.0000, 0.0477
1.0000, 0.0477
1.0000, 0.0477
1.0000, 0.0477
1.0000, 0.0477
1.0000, 0.0451
1.0000, 0.0451
1.0000, 0.0424
1.0000, 0.0424
1.0000, 0.0424
0.9935, 0.0424
0.9935, 0.0424
0.9935, 0.0424
0.9935, 0.0398
0.9935, 0.0398
0.9935, 0.0398
0.9935, 0.0398
0.9935, 0.0398
0.9935, 0.0398
0.9871, 0.0371
0.9871, 0.0371
0.9871, 0.0371
0.9871, 0.0371
0.9871, 0.0371
0.9871, 0.0371
0.9871, 0.0371
0.9871, 0.0345
0.9871, 0.0345
0.9871, 0.0345
0.9871, 0.0345
0.9871, 0.0345
0.9871, 0.0345
0.9806, 0.0318
0.9806, 0.0318
0.9806, 0.0318
0.9806, 0.0292
0.9806, 0.0292
0.9742, 0.0265
0.9742, 0.0265
0.9742, 0.0265
0.9677, 0.0265
0.9677, 0.0265
0.9677, 0.0265
0.9677, 0.0265
0.9677, 0.0265
0.9677, 0.0265
0.9677, 0.0265
0.9677, 0.0239
0.9677, 0.0239
0.9677, 0.0239
0.9677, 0.0239
0.9677, 0.0239
0.9613, 0.0212
0.9613, 0.0212
0.9613, 0.0212
0.9548, 0.0212
0.9548, 0.0212
0.9548, 0.0212
0.9548, 0.0212
0.9548, 0.0212
0.9548, 0.0212
0.9548, 0.0212
0.9548, 0.0186
0.9548, 0.0186
0.9548, 0.0186
0.9484, 0.0186
0.9484, 0.0186
0.9484, 0.0186
0.9419, 0.0159
0.9419, 0.0159
0.9355, 0.0159
0.9355, 0.0159
0.9355, 0.0159
0.9355, 0.0159
0.9355, 0.0159
0.9355, 0.0159
0.9355, 0.0159
0.9290, 0.0159
0.9290, 0.0159
0.9290, 0.0159
0.9226, 0.0133
0.9226, 0.0133
0.9226, 0.0133
0.9226, 0.0133
0.9226, 0.0133
0.9226, 0.0133
0.9161, 0.0106
0.9161, 0.0106
0.9161, 0.0106
0.9097, 0.0106
0.9097, 0.0106
0.9032, 0.0080
0.9032, 0.0080
0.9032, 0.0080
0.9032, 0.0080
0.9032, 0.0080
0.9032, 0.0080
0.9032, 0.0080
0.8968, 0.0080
0.8968, 0.0080
0.8968, 0.0080
0.8903, 0.0080
0.8903, 0.0080
0.8903, 0.0080
0.8903, 0.0080
0.8903, 0.0080
0.8903, 0.0080
0.8839, 0.0080
0.8839, 0.0080
0.8839, 0.0053
0.8839, 0.0053
0.8839, 0.0053
0.8774, 0.0053
0.8774, 0.0053
0.8774, 0.0053
0.8710, 0.0053
0.8710, 0.0053
0.8710, 0.0053
0.8645, 0.0027
0.8645, 0.0027
0.8645, 0.0027
0.8581, 0.0027
0.8581, 0.0027
0.8581, 0.0027
0.8516, 0.0027
0.8516, 0.0027
0.8516, 0.0027
0.8516, 0.0027
0.8516, 0.0027
0.8387, 0.0000
0.8387, 0.0000
0.8387, 0.0000
0.8323, 0.0000
0.8323, 0.0000
0.8323, 0.0000
0.8258, 0.0000
0.8258, 0.0000
0.8258, 0.0000
0.8194, 0.0000
0.8194, 0.0000
0.8194, 0.0000
0.8129, 0.0000
0.8129, 0.0000
0.8129, 0.0000
0.8065, 0.0000
0.8065, 0.0000
0.8000, 0.0000
0.7871, 0.0000
0.7806, 0.0000
0.7806, 0.0000
0.7742, 0.0000
0.7613, 0.0000
0.7355, 0.0000
0.7355, 0.0000
0.7355, 0.0000
0.7355, 0.0000
0.7226, 0.0000
0.7226, 0.0000
0.7226, 0.0000
0.7097, 0.0000
0.7097, 0.0000
0.7097, 0.0000
0.7097, 0.0000
0.7097, 0.0000
0.7097, 0.0000
0.7032, 0.0000
0.7032, 0.0000
0.7032, 0.0000
0.6968, 0.0000
0.6968, 0.0000
0.6968, 0.0000
0.6903, 0.0000
0.6903, 0.0000
0.6903, 0.0000
0.6839, 0.0000
0.6839, 0.0000
0.6839, 0.0000
0.6774, 0.0000
0.6774, 0.0000
0.6774, 0.0000
0.6710, 0.0000
0.6710, 0.0000
0.6645, 0.0000
0.6645, 0.0000
0.6645, 0.0000
0.6581, 0.0000
0.6581, 0.0000
0.6581, 0.0000
0.6581, 0.0000
0.6581, 0.0000
0.6581, 0.0000
0.6581, 0.0000
0.6581, 0.0000
0.6581, 0.0000
0.6452, 0.0000
0.6452, 0.0000
0.6452, 0.0000
0.6452, 0.0000
0.6452, 0.0000
0.6452, 0.0000
0.6452, 0.0000
0.6387, 0.0000
0.6387, 0.0000
0.6387, 0.0000
0.6323, 0.0000
0.6323, 0.0000
0.6323, 0.0000
0.6323, 0.0000
0.6323, 0.0000
0.6323, 0.0000
0.6258, 0.0000
0.6258, 0.0000
0.6258, 0.0000
0.6258, 0.0000
0.6258, 0.0000
0.6258, 0.0000
0.6258, 0.0000
0.6258, 0.0000
0.6258, 0.0000
0.6258, 0.0000
0.6258, 0.0000
0.6258, 0.0000
0.6194, 0.0000
0.6194, 0.0000
0.6194, 0.0000
0.6194, 0.0000
0.6194, 0.0000
0.6194, 0.0000
0.6129, 0.0000
0.6129, 0.0000
0.6129, 0.0000
0.6129, 0.0000
0.6129, 0.0000
0.6129, 0.0000
0.6129, 0.0000
0.6129, 0.0000
0.6129, 0.0000
0.6129, 0.0000
0.6065, 0.0000
0.6065, 0.0000
0.6000, 0.0000
0.6000, 0.0000
0.6000, 0.0000
0.6000, 0.0000
0.6000, 0.0000
0.6000, 0.0000
0.6000, 0.0000
0.6000, 0.0000
0.6000, 0.0000
0.6000, 0.0000
0.6000, 0.0000
0.6000, 0.0000
0.6000, 0.0000
0.6000, 0.0000
0.6000, 0.0000
0.6000, 0.0000
0.6000, 0.0000
0.6000, 0.0000
0.6000, 0.0000
0.6000, 0.0000
0.5935, 0.0000
0.5935, 0.0000
0.5935, 0.0000
0.5935, 0.0000
0.5935, 0.0000
0.5935, 0.0000
0.5935, 0.0000
0.5935, 0.0000
0.5935, 0.0000
0.5935, 0.0027
0.5935, 0.0027
0.5935, 0.0027
0.5935, 0.0027
0.5935, 0.0027
0.5935, 0.0027
0.5935, 0.0053
0.5935, 0.0053
0.5935, 0.0053
0.6000, 0.0053
0.6000, 0.0053
0.6000, 0.0053
0.0000, 1.0000
0.0000, 1.0000
0.0000, 1.0000
0.0000, 1.0000
0.0000, 1.0000
0.0000, 1.0000
0.0000, 1.0000
0.0000, 1.0000
0.0000, 1.0000
0.0000, 1.0000
0.0000, 1.0000
0.0000, 1.0000
0.0000, 1.0000
0.0000, 1.0000
0.0000, 1.0000
0.0000, 1.0000
0.0000, 1.0000
0.0000, 1.0000
0.0000, 1.0000
0.0000, 1.0000
0.0000, 1.0000
0.0000, 1.0000
0.0000, 1.0000
0.0000, 1.0000
0.0000, 1.0000
0.0000, 1.0000
0.0000, 1.0000
0.0000, 1.0000
0.0000, 1.0000
0.0000, 1.0000
0.0000, 1.0000
0.0000, 1.0000
0.0000, 1.0000
0.0000, 1.0000
0.0000, 1.0000
0.0000, 1.0000
0.0000, 1.0000
0.0000, 1.0000
0.0000, 1.0000
0.0000, 1.0000
0.0000, 1.0000
0.0000, 1.0000
0.0000, 1.0000
0.0000, 1.0000
0.0000, 1.0000
0.0000, 1.0000
0.0000, 1.0000
0.0000, 1.0000
0.0000, 1.0000
0.0000, 1.0000
0.0000, 1.0000
0.0000, 1.0000
0.0000, 1.0000
