0.6802, 0.2507
0.6802, 0.2507
0.6802, 0.2507
0.6802, 0.2507
0.6802, 0.2507
0.6802, 0.2507
0.6802, 0.2507
0.6802, 0.2507
0.6802, 0.2507
0.6802, 0.2507
0.6802, 0.2507
0.6802, 0.2507
0.6802, 0.2507
0.6802, 0.2507
0.6802, 0.2507
0.6802, 0.2507
0.6802, 0.2507
0.6802, 0.2507
0.6802, 0.2507
0.6802, 0.2507
0.6802, 0.2507
0.6802, 0.2507
0.6802, 0.2507
0.6802, 0.2507
0.6802, 0.2507
0.6802, 0.2507
0.6802, 0.2507
0.6802, 0.2507
0.6802, 0.2507
0.6802, 0.2507
0.6802, 0.2507
0.6802, 0.2507
0.6802, 0.2507
0.6802, 0.2507
0.6802, 0.2507
0.6802, 0.2507
0.6802, 0.2507
0.6802, 0.2507
0.6802, 0.2507
0.6802, 0.2507
0.6802, 0.2507
0.6802, 0.2507
0.6802, 0.2507
0.6802, 0.2507
0.6802, 0.2507
0.6802, 0.2507
0.6802, 0.2507
0.6802, 0.2507
0.6802, 0.2507
0.6802, 0.2507
0.6802, 0.2507
0.6802, 0.2507
0.6802, 0.2507
0.6802, 0.2507
0.6802, 0.2507
0.6802, 0.2507
0.6802, 0.2507
0.6802, 0.2507
0.6802, 0.2507
0.6802, 0.2507
0.6802, 0.2507
0.6802, 0.2507
0.6802, 0.2507
0.6802, 0.2507
0.6802, 0.2507
0.6802, 0.2507
0.6802, 0.2507
0.6802, 0.2507
0.6802, 0.2507
0.6802, 0.2507
0.6802, 0.2507
0.6802, 0.2507
0.6802, 0.2507
0.6802, 0.2507
0.6860, 0.2507
0.6860, 0.2507
0.6860, 0.2507
0.6860, 0.2507
0.6860, 0.2533
0.6860, 0.2533
0.6860, 0.2533
0.6860, 0.2533
0.6860, 0.2533
0.6860, 0.2533
0.6860, 0.2533
0.6860, 0.2533
0.6860, 0.2533
0.6919, 0.2533
0.6919, 0.2533
0.6919, 0.2533
0.6919, 0.2533
0.6919, 0.2533
0.6919, 0.2533
0.6919, 0.2533
0.6919, 0.2533
0.6919, 0.2533
0.6919, 0.2533
0.6919, 0.2533
0.6919, 0.2533
0.6919, 0.2533
0.6977, 0.2533
0.6977, 0.2533
0.6977, 0.2533
0.6977, 0.2533
0.7035, 0.2533
0.7035, 0.2533
0.7035, 0.2533
0.7035, 0.2533
0.7093, 0.2559
0.7093, 0.2559
0.7093, 0.2559
0.7093, 0.2559
0.7093, 0.2559
0.7093, 0.2559
0.7093, 0.2559
0.7093, 0.2559
0.7093, 0.2559
0.7093, 0.2559
0.7093, 0.2559
0.7093, 0.2559
0.7093, 0.2559
0.7151, 0.2559
0.7151, 0.2559
0.7151, 0.2559
0.7151, 0.2559
0.7151, 0.2559
0.7151, 0.2559
0.7151, 0.2559
0.7151, 0.2559
0.7151, 0.2559
0.7209, 0.2559
0.7209, 0.2559
0.7209, 0.2559
0.7209, 0.2559
0.7209, 0.2585
0.7209, 0.2585
0.7209, 0.2585
0.7209, 0.2585
0.7209, 0.2585
0.7209, 0.2585
0.7209, 0.2585
0.7209, 0.2585
0.7267, 0.2585
0.7267, 0.2585
0.7267, 0.2585
0.7267, 0.2585
0.7267, 0.2585
0.7267, 0.2585
0.7267, 0.2585
0.7267, 0.2585
0.7326, 0.2585
0.7326, 0.2585
0.7326, 0.2585
0.7326, 0.2585
0.7326, 0.2585
0.7326, 0.2585
0.7326, 0.2585
0.7326, 0.2585
0.7384, 0.2585
0.7384, 0.2585
0.7384, 0.2585
0.7384, 0.2585
0.7384, 0.2585
0.7384, 0.2585
0.7384, 0.2585
0.7384, 0.2585
0.7384, 0.2611
0.7384, 0.2611
0.7384, 0.2611
0.7384, 0.2611
0.7442, 0.2611
0.7442, 0.2611
0.7442, 0.2611
0.7442, 0.2611
0.7500, 0.2611
0.7500, 0.2611
0.7500, 0.2611
0.7500, 0.2611
0.7500, 0.2611
0.7500, 0.2611
0.7500, 0.2611
0.7500, 0.2611
0.7500, 0.2611
0.7500, 0.2611
0.7500, 0.2611
0.7500, 0.2611
0.7500, 0.2611
0.7500, 0.2611
0.7558, 0.2611
0.7558, 0.2611
0.7558, 0.2611
0.7616, 0.2611
0.7616, 0.2611
0.7616, 0.2611
0.7674, 0.2611
0.7674, 0.2611
0.7674, 0.2611
0.7674, 0.2611
0.7733, 0.2611
0.7791, 0.2637
0.7791, 0.2637
0.7791, 0.2637
0.7791, 0.2637
0.7791, 0.2637
0.7791, 0.2637
0.7791, 0.2637
0.7791, 0.2637
0.7791, 0.2637
0.7849, 0.2637
0.7849, 0.2637
0.7849, 0.2637
0.7849, 0.2637
0.7849, 0.2637
0.7849, 0.2637
0.7849, 0.2637
0.7849, 0.2637
0.7907, 0.2637
0.7907, 0.2637
0.7907, 0.2637
0.7907, 0.2637
0.7907, 0.2637
0.7907, 0.2637
0.7907, 0.2637
0.7907, 0.2637
0.7907, 0.2637
0.7907, 0.2637
0.7907, 0.2637
0.7907, 0.2637
0.7907, 0.2637
0.7907, 0.2637
0.7907, 0.2637
0.7907, 0.2637
0.7965, 0.2637
0.7965, 0.2637
0.7965, 0.2637
0.7965, 0.2637
0.7965, 0.2637
0.7965, 0.2637
0.7965, 0.2637
0.7965, 0.2637
0.7965, 0.2637
0.8023, 0.2637
0.8023, 0.2637
0.8023, 0.2637
0.8023, 0.2637
0.8023, 0.2637
0.8023, 0.2637
0.8023, 0.2637
0.8023, 0.2637
0.8081, 0.2637
0.8081, 0.2637
0.8081, 0.2637
0.8081, 0.2637
0.8081, 0.2637
0.8081, 0.2637
0.8081, 0.2637
0.8081, 0.2637
0.8081, 0.2637
0.8081, 0.2637
0.8081, 0.2637
0.8081, 0.2637
0.8081, 0.2637
0.8140, 0.2637
0.8140, 0.2637
0.8140, 0.2637
0.8140, 0.2637
0.8198, 0.2637
0.8198, 0.2637
0.8198, 0.2637
0.8198, 0.2637
0.8198, 0.2637
0.8198, 0.2637
0.8198, 0.2637
0.8198, 0.2637
0.8198, 0.2637
0.8198, 0.2637
0.8198, 0.2637
0.8198, 0.2637
0.8198, 0.2637
0.8256, 0.2637
0.8256, 0.2637
0.8256, 0.2637
0.8256, 0.2637
0.8256, 0.2637
0.8256, 0.2637
0.8256, 0.2637
0.8256, 0.2637
0.8314, 0.2637
0.8314, 0.2637
0.8314, 0.2637
0.8314, 0.2637
0.8314, 0.2637
0.8314, 0.2637
0.8314, 0.2637
0.8314, 0.2637
0.8372, 0.2637
0.8372, 0.2637
0.8372, 0.2637
0.8372, 0.2637
0.8372, 0.2637
0.8372, 0.2637
0.8372, 0.2637
0.8372, 0.2637
0.8372, 0.2637
0.8372, 0.2637
0.8372, 0.2637
0.8372, 0.2637
0.8372, 0.2637
0.8372, 0.2637
0.8372, 0.2637
0.8372, 0.2637
0.8372, 0.2637
0.8430, 0.2637
0.8430, 0.2637
0.8430, 0.2637
0.8430, 0.2637
0.8430, 0.2637
0.8430, 0.2637
0.8430, 0.2637
0.8430, 0.2637
0.8488, 0.2637
0.8488, 0.2637
0.8488, 0.2637
0.8488, 0.2637
0.8488, 0.2637
0.8488, 0.2637
0.8488, 0.2637
0.8547, 0.2637
0.8547, 0.2637
0.8547, 0.2637
0.8547, 0.2637
0.8605, 0.2637
0.8605, 0.2637
0.8605, 0.2637
0.8605, 0.2637
0.8605, 0.2637
0.8605, 0.2637
0.8663, 0.2637
0.8663, 0.2637
0.8663, 0.2637
0.8663, 0.2637
0.8663, 0.2637
0.8663, 0.2637
0.8663, 0.2637
0.8663, 0.2637
0.8721, 0.2637
0.8721, 0.2637
0.8721, 0.2637
0.8721, 0.2637
0.8779, 0.2637
0.8779, 0.2637
0.8779, 0.2637
0.8779, 0.2637
0.8779, 0.2637
0.8779, 0.2637
0.8779, 0.2637
0.8779, 0.2637
0.8779, 0.2637
0.8779, 0.2637
0.8779, 0.2637
0.8779, 0.2637
0.8779, 0.2637
0.8779, 0.2637
0.8779, 0.2637
0.8779, 0.2637
0.8779, 0.2637
0.8837, 0.2637
0.8837, 0.2637
0.8837, 0.2637
0.8837, 0.2637
0.8837, 0.2637
0.8837, 0.2637
0.8837, 0.2637
0.8837, 0.2637
0.8837, 0.2637
0.8837, 0.2637
0.8837, 0.2637
0.8837, 0.2637
0.8837, 0.2637
0.8837, 0.2637
0.8837, 0.2637
0.8895, 0.2637
0.8895, 0.2637
0.8895, 0.2637
0.8895, 0.2637
0.8895, 0.2637
0.8895, 0.2637
0.8895, 0.2637
0.8895, 0.2637
0.8953, 0.2637
0.8953, 0.2637
0.8953, 0.2637
0.8953, 0.2637
0.8953, 0.2637
0.8953, 0.2637
0.8953, 0.2637
0.8953, 0.2637
0.8953, 0.2637
0.8953, 0.2637
0.8953, 0.2637
0.8953, 0.2637
0.8953, 0.2637
0.8953, 0.2637
0.8953, 0.2637
0.8953, 0.2637
0.8953, 0.2637
0.8953, 0.2637
0.8953, 0.2637
0.8953, 0.2637
0.8953, 0.2637
0.9012, 0.2637
0.9012, 0.2637
0.9012, 0.2637
0.9012, 0.2637
0.9012, 0.2637
0.9012, 0.2637
0.9012, 0.2637
0.9070, 0.2637
0.9070, 0.2637
0.9070, 0.2637
0.9070, 0.2637
0.9070, 0.2637
0.9070, 0.2637
0.9070, 0.2637
0.9070, 0.2637
0.9070, 0.2637
0.9070, 0.2637
0.9070, 0.2637
0.9070, 0.2637
0.9128, 0.2637
0.9128, 0.2637
0.9128, 0.2637
0.9128, 0.2637
0.9128, 0.2637
0.9128, 0.2637
0.9128, 0.2637
0.9128, 0.2637
0.9186, 0.2637
0.9186, 0.2637
0.9186, 0.2637
0.9186, 0.2637
0.9186, 0.2637
0.9186, 0.2637
0.9186, 0.2637
0.9186, 0.2637
0.9244, 0.2637
0.9244, 0.2637
0.9244, 0.2637
0.9244, 0.2637
0.9244, 0.2637
0.9244, 0.2637
0.9244, 0.2637
0.9244, 0.2637
0.9244, 0.2637
0.9244, 0.2637
0.9244, 0.2637
0.9244, 0.2637
0.9244, 0.2637
0.9244, 0.2637
0.9244, 0.2637
0.9244, 0.2637
0.9302, 0.2637
0.9302, 0.2637
0.9302, 0.2637
0.9302, 0.2637
0.9302, 0.2637
0.9302, 0.2637
0.9302, 0.2637
0.9302, 0.2637
0.9360, 0.2637
0.9360, 0.2637
0.9360, 0.2637
0.9360, 0.2637
0.9360, 0.2637
0.9360, 0.2637
0.9360, 0.2637
0.9360, 0.2611
0.9360, 0.2611
0.9360, 0.2611
0.9360, 0.2611
0.9360, 0.2611
0.9360, 0.2611
0.9360, 0.2611
0.9360, 0.2611
0.9360, 0.2611
0.9360, 0.2611
0.9360, 0.2611
0.9360, 0.2611
0.9360, 0.2611
0.9360, 0.2611
0.9360, 0.2611
0.9360, 0.2611
0.9419, 0.2611
0.9419, 0.2611
0.9419, 0.2611
0.9419, 0.2611
0.9419, 0.2611
0.9419, 0.2611
0.9419, 0.2611
0.9419, 0.2611
0.9419, 0.2611
0.9419, 0.2611
0.9419, 0.2611
0.9419, 0.2611
0.9419, 0.2611
0.9419, 0.2611
0.9419, 0.2611
0.9419, 0.2611
0.9419, 0.2611
0.9419, 0.2611
0.9419, 0.2611
0.9419, 0.2611
0.9419, 0.2611
0.9419, 0.2611
0.9419, 0.2611
0.9419, 0.2611
0.9477, 0.2611
0.9477, 0.2611
0.9477, 0.2611
0.9477, 0.2611
0.9477, 0.2585
0.9477, 0.2585
0.9477, 0.2585
0.9477, 0.2585
0.9477, 0.2585
0.9477, 0.2585
0.9477, 0.2585
0.9535, 0.2585
0.9535, 0.2585
0.9535, 0.2585
0.9535, 0.2585
0.9535, 0.2585
0.9535, 0.2585
0.9535, 0.2585
0.9535, 0.2559
0.9535, 0.2559
0.9535, 0.2559
0.9535, 0.2559
0.9535, 0.2559
0.9535, 0.2559
0.9535, 0.2559
0.9535, 0.2559
0.9535, 0.2559
0.9535, 0.2559
0.9535, 0.2559
0.9535, 0.2559
0.9535, 0.2559
0.9535, 0.2559
0.9535, 0.2559
0.9535, 0.2559
0.9535, 0.2559
0.9535, 0.2559
0.9535, 0.2559
0.9535, 0.2559
0.9535, 0.2559
0.9535, 0.2559
0.9535, 0.2559
0.9535, 0.2559
0.9535, 0.2559
0.9535, 0.2559
0.9535, 0.2559
0.9535, 0.2559
0.9535, 0.2559
0.9535, 0.2559
0.9593, 0.2533
0.9593, 0.2533
0.9593, 0.2533
0.9593, 0.2533
0.9593, 0.2533
0.9593, 0.2533
0.9593, 0.2533
0.9593, 0.2533
0.9593, 0.2533
0.9593, 0.2533
0.9593, 0.2533
0.9593, 0.2507
0.9593, 0.2507
0.9593, 0.2507
0.9593, 0.2507
0.9593, 0.2507
0.9593, 0.2507
0.9593, 0.2507
0.9651, 0.2507
0.9651, 0.2507
0.9651, 0.2507
0.9651, 0.2507
0.9651, 0.2507
0.9651, 0.2507
0.9651, 0.2507
0.9651, 0.2507
0.9651, 0.2507
0.9651, 0.2507
0.9651, 0.2507
0.9651, 0.2480
0.9651, 0.2480
0.9651, 0.2480
0.9651, 0.2480
0.9651, 0.2480
0.9651, 0.2480
0.9651, 0.2480
0.9651, 0.2480
0.9651, 0.2480
0.9651, 0.2454
0.9651, 0.2454
0.9651, 0.2454
0.9651, 0.2454
0.9651, 0.2454
0.9651, 0.2454
0.9651, 0.2454
0.9651, 0.2454
0.9651, 0.2454
0.9651, 0.2428
0.9651, 0.2428
0.9651, 0.2428
0.9651, 0.2428
0.9651, 0.2428
0.9651, 0.2428
0.9651, 0.2428
0.9651, 0.2428
0.9651, 0.2428
0.9651, 0.2428
0.9651, 0.2428
0.9651, 0.2428
0.9651, 0.2428
0.9651, 0.2402
0.9651, 0.2402
0.9709, 0.2402
0.9709, 0.2402
0.9709, 0.2402
0.9709, 0.2402
0.9709, 0.2402
0.9709, 0.2402
0.9709, 0.2376
0.9709, 0.2376
0.9709, 0.2376
0.9709, 0.2376
0.9709, 0.2376
0.9709, 0.2376
0.9709, 0.2376
0.9709, 0.2376
0.9709, 0.2376
0.9709, 0.2376
0.9709, 0.2376
0.9709, 0.2376
0.9709, 0.2376
0.9709, 0.2376
0.9709, 0.2376
0.9709, 0.2376
0.9709, 0.2376
0.9709, 0.2350
0.9709, 0.2350
0.9709, 0.2350
0.9709, 0.2350
0.9709, 0.2350
0.9709, 0.2350
0.9709, 0.2350
0.9709, 0.2350
0.9709, 0.2350
0.9709, 0.2324
0.9709, 0.2324
0.9709, 0.2324
0.9709, 0.2324
0.9709, 0.2324
0.9709, 0.2324
0.9709, 0.2324
0.9709, 0.2324
0.9709, 0.2324
0.9709, 0.2324
0.9709, 0.2324
0.9709, 0.2324
0.9709, 0.2324
0.9709, 0.2324
0.9709, 0.2298
0.9709, 0.2298
0.9709, 0.2298
0.9709, 0.2298
0.9709, 0.2298
0.9709, 0.2272
0.9709, 0.2272
0.9709, 0.2272
0.9709, 0.2272
0.9709, 0.2272
0.9709, 0.2272
0.9709, 0.2272
0.9709, 0.2272
0.9709, 0.2245
0.9709, 0.2245
0.9709, 0.2245
0.9709, 0.2245
0.9709, 0.2245
0.9709, 0.2245
0.9709, 0.2245
0.9709, 0.2245
0.9709, 0.2245
0.9709, 0.2245
0.9709, 0.2245
0.9709, 0.2245
0.9709, 0.2245
0.9709, 0.2245
0.9709, 0.2245
0.9709, 0.2245
0.9709, 0.2245
0.9709, 0.2245
0.9709, 0.2219
0.9709, 0.2219
0.9709, 0.2219
0.9709, 0.2219
0.9709, 0.2219
0.9709, 0.2219
0.9709, 0.2193
0.9709, 0.2193
0.9709, 0.2193
0.9709, 0.2193
0.9709, 0.2193
0.9709, 0.2193
0.9709, 0.2193
0.9709, 0.2193
0.9709, 0.2193
0.9709, 0.2193
0.9709, 0.2193
0.9709, 0.2193
0.9709, 0.2193
0.9709, 0.2193
0.9709, 0.2193
0.9709, 0.2193
0.9709, 0.2193
0.9709, 0.2167
0.9709, 0.2167
0.9709, 0.2167
0.9709, 0.2167
0.9709, 0.2167
0.9709, 0.2167
0.9709, 0.2167
0.9709, 0.2167
0.9709, 0.2167
0.9709, 0.2167
0.9709, 0.2167
0.9709, 0.2141
0.9709, 0.2141
0.9709, 0.2141
0.9709, 0.2141
0.9709, 0.2141
0.9709, 0.2141
0.9709, 0.2141
0.9709, 0.2115
0.9709, 0.2115
0.9709, 0.2115
0.9709, 0.2115
0.9709, 0.2115
0.9709, 0.2115
0.9709, 0.2115
0.9709, 0.2115
0.9709, 0.2115
0.9709, 0.2115
0.9709, 0.2115
0.9709, 0.2115
0.9709, 0.2115
0.9709, 0.2115
0.9709, 0.2089
0.9709, 0.2089
0.9709, 0.2089
0.9709, 0.2089
0.9709, 0.2089
0.9709, 0.2089
0.9709, 0.2089
0.9709, 0.2063
0.9709, 0.2063
0.9709, 0.2063
0.9709, 0.2063
0.9709, 0.2063
0.9709, 0.2063
0.9709, 0.2063
0.9709, 0.2063
0.9709, 0.2063
0.9709, 0.2063
0.9709, 0.2063
0.9709, 0.2063
0.9709, 0.2063
0.9709, 0.2037
0.9709, 0.2037
0.9709, 0.2037
0.9709, 0.2037
0.9709, 0.2037
0.9709, 0.2037
0.9709, 0.2037
0.9709, 0.2010
0.9709, 0.2010
0.9709, 0.2010
0.9709, 0.2010
0.9709, 0.2010
0.9709, 0.2010
0.9709, 0.2010
0.9709, 0.1984
0.9709, 0.1984
0.9709, 0.1984
0.9709, 0.1984
0.9709, 0.1984
0.9709, 0.1984
0.9709, 0.1984
0.9709, 0.1984
0.9709, 0.1984
0.9709, 0.1984
0.9709, 0.1958
0.9709, 0.1958
0.9709, 0.1958
0.9709, 0.1958
0.9709, 0.1958
0.9709, 0.1958
0.9709, 0.1958
0.9709, 0.1932
0.9709, 0.1932
0.9709, 0.1932
0.9709, 0.1932
0.9709, 0.1932
0.9709, 0.1932
0.9709, 0.1932
0.9709, 0.1932
0.9709, 0.1932
0.9709, 0.1932
0.9709, 0.1932
0.9709, 0.1932
0.9709, 0.1932
0.9651, 0.1932
0.9651, 0.1932
0.9651, 0.1932
0.9651, 0.1932
0.9651, 0.1906
0.9651, 0.1906
0.9651, 0.1906
0.9651, 0.1906
0.9651, 0.1906
0.9651, 0.1906
0.9651, 0.1906
0.9651, 0.1880
0.9651, 0.1880
0.9651, 0.1880
0.9651, 0.1880
0.9651, 0.1880
0.9651, 0.1880
0.9651, 0.1880
0.9593, 0.1880
0.9593, 0.1880
0.9593, 0.1880
0.9593, 0.1854
0.9593, 0.1854
0.9593, 0.1854
0.9593, 0.1854
0.9593, 0.1854
0.9593, 0.1854
0.9593, 0.1854
0.9593, 0.1854
0.9593, 0.1854
0.9593, 0.1854
0.9593, 0.1854
0.9593, 0.1854
0.9593, 0.1854
0.9593, 0.1854
0.9593, 0.1854
0.9593, 0.1828
0.9593, 0.1828
0.9593, 0.1828
0.9593, 0.1828
0.9593, 0.1828
0.9593, 0.1828
0.9593, 0.1828
0.9535, 0.1828
0.9535, 0.1828
0.9535, 0.1828
0.9535, 0.1802
0.9535, 0.1802
0.9535, 0.1802
0.9535, 0.1802
0.9535, 0.1802
0.9535, 0.1802
0.9535, 0.1802
0.9535, 0.1802
0.9477, 0.1802
0.9477, 0.1802
0.9477, 0.1802
0.9477, 0.1802
0.9477, 0.1802
0.9477, 0.1802
0.9477, 0.1802
0.9477, 0.1802
0.9477, 0.1802
0.9477, 0.1802
0.9419, 0.1775
0.9419, 0.1775
0.9419, 0.1775
0.9419, 0.1775
0.9419, 0.1775
0.9419, 0.1775
0.9419, 0.1775
0.9419, 0.1775
0.9419, 0.1749
0.9419, 0.1749
0.9419, 0.1749
0.9419, 0.1749
0.9419, 0.1749
0.9419, 0.1749
0.9419, 0.1749
0.9360, 0.1723
0.9360, 0.1723
0.9360, 0.1723
0.9360, 0.1723
0.9360, 0.1723
0.9360, 0.1723
0.9360, 0.1723
0.9360, 0.1723
0.9360, 0.1723
0.9360, 0.1723
0.9302, 0.1723
0.9302, 0.1723
0.9302, 0.1723
0.9302, 0.1723
0.9302, 0.1723
0.9302, 0.1723
0.9302, 0.1723
0.9302, 0.1723
0.9302, 0.1697
0.9302, 0.1697
0.9302, 0.1697
0.9302, 0.1697
0.9302, 0.1697
0.9302, 0.1697
0.9302, 0.1697
0.9302, 0.1671
0.9302, 0.1671
0.9302, 0.1671
0.9244, 0.1671
0.9244, 0.1671
0.9244, 0.1671
0.9244, 0.1671
0.9244, 0.1671
0.9244, 0.1671
0.9244, 0.1671
0.9244, 0.1671
0.9244, 0.1671
0.9244, 0.1671
0.9244, 0.1671
0.9186, 0.1671
0.9186, 0.1671
0.9186, 0.1671
0.9186, 0.1645
0.9186, 0.1645
0.9186, 0.1645
0.9128, 0.1645
0.9128, 0.1645
0.9128, 0.1645
0.9128, 0.1619
0.9128, 0.1619
0.9128, 0.1619
0.9128, 0.1619
0.9128, 0.1619
0.9128, 0.1619
0.9128, 0.1619
0.9070, 0.1593
0.9070, 0.1593
0.9070, 0.1593
0.9070, 0.1593
0.9070, 0.1593
0.9070, 0.1593
0.9070, 0.1593
0.9070, 0.1593
0.9012, 0.1593
0.9012, 0.1593
0.9012, 0.1593
0.9012, 0.1593
0.9012, 0.1593
0.9012, 0.1593
0.9012, 0.1593
0.9012, 0.1593
0.9012, 0.1593
0.9012, 0.1593
0.9012, 0.1593
0.9012, 0.1593
0.9012, 0.1593
0.9012, 0.1593
0.9012, 0.1567
0.9012, 0.1567
0.9012, 0.1567
0.9012, 0.1567
0.9012, 0.1567
0.9012, 0.1567
0.9012, 0.1567
0.8953, 0.1540
0.8953, 0.1540
0.8953, 0.1540
0.8953, 0.1540
0.8895, 0.1540
0.8895, 0.1540
0.8895, 0.1540
0.8895, 0.1540
0.8895, 0.1540
0.8895, 0.1540
0.8837, 0.1540
0.8837, 0.1540
0.8837, 0.1540
0.8837, 0.1540
0.8837, 0.1540
0.8837, 0.1540
0.8837, 0.1540
0.8779, 0.1514
0.8779, 0.1514
0.8779, 0.1514
0.8779, 0.1514
0.8779, 0.1514
0.8779, 0.1514
0.8779, 0.1514
0.8779, 0.1514
0.8721, 0.1488
0.8721, 0.1488
0.8721, 0.1488
0.8721, 0.1488
0.8721, 0.1488
0.8721, 0.1488
0.8721, 0.1488
0.8721, 0.1488
0.8721, 0.1488
0.8721, 0.1488
0.8721, 0.1488
0.8721, 0.1488
0.8663, 0.1488
0.8663, 0.1488
0.8663, 0.1488
0.8663, 0.1488
0.8663, 0.1488
0.8663, 0.1488
0.8605, 0.1462
0.8605, 0.1462
0.8605, 0.1462
0.8547, 0.1462
0.8547, 0.1462
0.8547, 0.1462
0.8547, 0.1462
0.8547, 0.1462
0.8547, 0.1462
0.8547, 0.1462
0.8547, 0.1462
0.8488, 0.1436
0.8488, 0.1436
0.8430, 0.1436
0.8430, 0.1436
0.8430, 0.1436
0.8430, 0.1436
0.8430, 0.1436
0.8430, 0.1436
0.8430, 0.1436
0.8372, 0.1436
0.8372, 0.1436
0.8314, 0.1410
0.8314, 0.1410
0.8314, 0.1410
0.8256, 0.1410
0.8256, 0.1410
0.8256, 0.1410
0.8256, 0.1410
0.8256, 0.1410
0.8256, 0.1410
0.8256, 0.1410
0.8198, 0.1410
0.8198, 0.1410
0.8198, 0.1410
0.8140, 0.1410
0.8140, 0.1410
0.8140, 0.1410
0.8140, 0.1410
0.8140, 0.1410
0.8140, 0.1410
0.8140, 0.1410
0.8140, 0.1410
0.8140, 0.1410
0.8081, 0.1410
0.8081, 0.1410
0.8081, 0.1410
0.8081, 0.1410
0.8023, 0.1410
0.8023, 0.1410
0.8023, 0.1410
0.7965, 0.1410
0.7965, 0.1410
0.7965, 0.1410
0.7965, 0.1410
0.7965, 0.1410
0.7965, 0.1410
0.7965, 0.1410
0.7965, 0.1410
0.7907, 0.1410
0.7907, 0.1410
0.7907, 0.1410
0.7907, 0.1410
0.7907, 0.1410
0.7907, 0.1410
0.7907, 0.1410
0.7907, 0.1410
0.7907, 0.1410
0.7907, 0.1410
0.7907, 0.1410
0.7907, 0.1410
0.7907, 0.1410
0.7907, 0.1410
0.7907, 0.1410
0.7907, 0.1410
0.7849, 0.1410
0.7849, 0.1410
0.7849, 0.1410
0.7849, 0.1410
0.7849, 0.1410
0.7849, 0.1410
0.7849, 0.1410
0.7849, 0.1410
0.7849, 0.1410
0.7849, 0.1410
0.7849, 0.1410
0.7849, 0.1410
0.7849, 0.1410
0.7849, 0.1410
0.7849, 0.1410
0.7849, 0.1410
0.7849, 0.1410
0.7849, 0.1410
0.7791, 0.1436
0.7791, 0.1436
0.7791, 0.1436
0.7791, 0.1436
0.7791, 0.1436
0.7791, 0.1436
0.7791, 0.1436
0.7791, 0.1436
0.7791, 0.1436
0.7791, 0.1436
0.7733, 0.1436
0.7733, 0.1436
0.7733, 0.1436
0.7733, 0.1436
0.7733, 0.1436
0.7733, 0.1436
0.7733, 0.1436
0.7733, 0.1436
0.7733, 0.1436
0.7733, 0.1436
0.7733, 0.1436
0.7733, 0.1436
0.7733, 0.1436
0.7733, 0.1436
0.7733, 0.1436
0.7733, 0.1436
0.7733, 0.1436
0.7733, 0.1436
0.7733, 0.1436
0.7733, 0.1436
0.7733, 0.1436
0.7733, 0.1436
0.7733, 0.1436
0.7733, 0.1436
0.7733, 0.1436
0.7733, 0.1436
0.7733, 0.1436
0.7733, 0.1436
0.7733, 0.1436
0.7733, 0.1436
0.7733, 0.1436
0.7733, 0.1436
0.7733, 0.1436
0.7733, 0.1436
0.7733, 0.1436
0.7733, 0.1436
0.7733, 0.1436
0.7733, 0.1436
0.7733, 0.1436
0.7733, 0.1436
0.7733, 0.1436
0.7733, 0.1436
0.7733, 0.1436
0.7733, 0.1436
0.7733, 0.1436
0.7733, 0.1436
0.7733, 0.1436
0.7733, 0.1436
0.7733, 0.1436
0.7733, 0.1436
0.7733, 0.1436
0.7733, 0.1436
0.7733, 0.1436
0.7733, 0.1436
0.7733, 0.1436
0.7733, 0.1436
0.7733, 0.1436
0.7733, 0.1436
0.7733, 0.1436
0.7733, 0.1436
0.7733, 0.1436
0.7733, 0.1436
0.7733, 0.1436
0.7733, 0.1436
0.7733, 0.1436
0.7733, 0.1436
0.7733, 0.1436
0.7733, 0.1436
0.7733, 0.1436
0.7733, 0.1436
0.7733, 0.1436
0.7733, 0.1436
0.7733, 0.1436
0.7733, 0.1436
0.7733, 0.1436
0.7733, 0.1436
0.7733, 0.1436
0.7733, 0.1436
0.7733, 0.1436
0.7733, 0.1436
0.7733, 0.1436
0.7733, 0.1436
0.7733, 0.1436
0.7733, 0.1436
0.7733, 0.1436
0.7733, 0.1436
0.7733, 0.1436
0.7733, 0.1436
0.7733, 0.1436
0.7733, 0.1436
0.7733, 0.1436
0.7733, 0.1436
0.7733, 0.1436
0.7733, 0.1436
0.7733, 0.1436
0.7733, 0.1436
0.7733, 0.1436
0.7791, 0.1436
0.7791, 0.1436
0.7791, 0.1436
0.7791, 0.1436
0.7791, 0.1436
0.7791, 0.1436
0.7791, 0.1436
0.7791, 0.1436
0.7791, 0.1436
0.7849, 0.1436
0.7849, 0.1436
0.7849, 0.1436
0.7907, 0.1436
0.7907, 0.1436
0.7907, 0.1436
0.7907, 0.1436
0.7907, 0.1436
0.7907, 0.1436
0.7907, 0.1436
0.7965, 0.1436
0.7965, 0.1436
0.7965, 0.1436
0.8023, 0.1436
0.8023, 0.1436
0.8023, 0.1436
0.8081, 0.1436
0.8081, 0.1436
0.8081, 0.1436
0.8081, 0.1436
0.8081, 0.1436
0.8081, 0.1436
0.8140, 0.1436
0.8140, 0.1436
0.8140, 0.1436
0.8198, 0.1436
0.8198, 0.1436
0.8198, 0.1436
0.8198, 0.1436
0.8198, 0.1436
0.8198, 0.1436
0.8198, 0.1436
0.8198, 0.1436
0.8198, 0.1436
0.8198, 0.1436
0.8256, 0.1436
0.8256, 0.1436
0.8256, 0.1436
0.8314, 0.1436
0.8314, 0.1436
0.8314, 0.1436
0.8372, 0.1436
0.8372, 0.1436
0.8372, 0.1436
0.8372, 0.1436
0.8372, 0.1436
0.8372, 0.1436
0.8372, 0.1436
0.8430, 0.1436
0.8430, 0.1436
0.8430, 0.1436
0.8488, 0.1436
0.8488, 0.1436
0.8488, 0.1436
0.8488, 0.1436
0.8488, 0.1436
0.8488, 0.1436
0.8488, 0.1436
0.8547, 0.1436
0.8547, 0.1436
0.8547, 0.1436
0.8605, 0.1436
0.8605, 0.1436
0.8605, 0.1436
0.8663, 0.1436
0.8663, 0.1436
0.8663, 0.1436
0.8663, 0.1436
0.8663, 0.1436
0.8663, 0.1436
0.8663, 0.1436
0.8663, 0.1436
0.8663, 0.1436
0.8663, 0.1436
0.8721, 0.1436
0.8721, 0.1436
0.8721, 0.1436
0.8721, 0.1436
0.8721, 0.1436
0.8721, 0.1436
0.8721, 0.1436
0.8721, 0.1436
0.8721, 0.1436
0.8779, 0.1436
0.8779, 0.1436
0.8779, 0.1436
0.8779, 0.1436
0.8779, 0.1410
0.8779, 0.1410
0.8779, 0.1410
0.8779, 0.1410
0.8779, 0.1410
0.8779, 0.1410
0.8779, 0.1410
0.8779, 0.1410
0.8779, 0.1410
0.8779, 0.1410
0.8779, 0.1410
0.8779, 0.1410
0.8779, 0.1410
0.8837, 0.1410
0.8837, 0.1410
0.8837, 0.1410
0.8895, 0.1410
0.8895, 0.1410
0.8895, 0.1410
0.8895, 0.1410
0.8895, 0.1410
0.8895, 0.1410
0.8953, 0.1410
0.8953, 0.1410
0.8953, 0.1410
0.8953, 0.1410
0.8953, 0.1410
0.8953, 0.1410
0.9012, 0.1384
0.9012, 0.1384
0.9012, 0.1384
0.9012, 0.1384
0.9070, 0.1384
0.9070, 0.1384
0.9070, 0.1384
0.9070, 0.1384
0.9070, 0.1384
0.9070, 0.1384
0.9070, 0.1384
0.9070, 0.1384
0.9070, 0.1384
0.9070, 0.1384
0.9070, 0.1384
0.9070, 0.1384
0.9070, 0.1384
0.9070, 0.1358
0.9070, 0.1358
0.9070, 0.1358
0.9070, 0.1358
0.9070, 0.1358
0.9070, 0.1358
0.9128, 0.1358
0.9128, 0.1358
0.9128, 0.1358
0.9128, 0.1358
0.9128, 0.1358
0.9128, 0.1358
0.9128, 0.1358
0.9186, 0.1358
0.9186, 0.1358
0.9186, 0.1358
0.9186, 0.1358
0.9186, 0.1358
0.9186, 0.1358
0.9244, 0.1332
0.9244, 0.1332
0.9244, 0.1332
0.9244, 0.1332
0.9244, 0.1332
0.9244, 0.1332
0.9244, 0.1305
0.9244, 0.1305
0.9244, 0.1305
0.9302, 0.1305
0.9302, 0.1305
0.9302, 0.1305
0.9360, 0.1279
0.9360, 0.1279
0.9360, 0.1279
0.9360, 0.1279
0.9360, 0.1279
0.9360, 0.1279
0.9360, 0.1279
0.9360, 0.1279
0.9360, 0.1279
0.9419, 0.1279
0.9419, 0.1279
0.9419, 0.1279
0.9419, 0.1253
0.9419, 0.1253
0.9419, 0.1253
0.9419, 0.1253
0.9477, 0.1253
0.9477, 0.1253
0.9477, 0.1253
0.9535, 0.1253
0.9535, 0.1253
0.9535, 0.1227
0.9535, 0.1227
0.9535, 0.1227
0.9535, 0.1227
0.9535, 0.1227
0.9535, 0.1227
0.9535, 0.1227
0.9535, 0.1227
0.9535, 0.1227
0.9535, 0.1227
0.9593, 0.1227
0.9593, 0.1227
0.9593, 0.1227
0.9593, 0.1201
0.9593, 0.1201
0.9593, 0.1201
0.9651, 0.1201
0.9651, 0.1201
0.9651, 0.1201
0.9651, 0.1201
0.9651, 0.1201
0.9651, 0.1201
0.9651, 0.1175
0.9651, 0.1175
0.9651, 0.1175
0.9651, 0.1175
0.9651, 0.1175
0.9651, 0.1175
0.9651, 0.1175
0.9709, 0.1149
0.9709, 0.1149
0.9709, 0.1149
0.9709, 0.1149
0.9709, 0.1149
0.9709, 0.1149
0.9709, 0.1149
0.9709, 0.1149
0.9709, 0.1149
0.9767, 0.1149
0.9767, 0.1149
0.9767, 0.1149
0.9767, 0.1149
0.9767, 0.1149
0.9767, 0.1149
0.9767, 0.1149
0.9767, 0.1149
0.9767, 0.1149
0.9767, 0.1123
0.9767, 0.1123
0.9767, 0.1123
0.9826, 0.1123
0.9826, 0.1123
0.9826, 0.1123
0.9826, 0.1097
0.9826, 0.1097
0.9826, 0.1097
0.9826, 0.1097
0.9826, 0.1097
0.9826, 0.1097
0.9826, 0.1097
0.9884, 0.1097
0.9884, 0.1097
0.9884, 0.1097
0.9884, 0.1070
0.9884, 0.1070
0.9884, 0.1070
0.9884, 0.1044
0.9884, 0.1044
0.9884, 0.1044
0.9942, 0.1044
0.9942, 0.1044
0.9942, 0.1044
0.9942, 0.1018
0.9942, 0.1018
0.9942, 0.1018
0.9942, 0.1018
0.9942, 0.1018
0.9942, 0.1018
0.9942, 0.1018
0.9942, 0.1018
0.9942, 0.1018
0.9942, 0.0992
0.9942, 0.0992
0.9942, 0.0992
0.9942, 0.0966
0.9942, 0.0966
0.9942, 0.0966
0.9942, 0.0966
0.9942, 0.0966
0.9942, 0.0966
0.9942, 0.0966
0.9942, 0.0940
0.9942, 0.0940
0.9942, 0.0940
0.9942, 0.0940
0.9942, 0.0940
0.9942, 0.0940
0.9942, 0.0914
0.9942, 0.0914
0.9942, 0.0914
1.0000, 0.0888
1.0000, 0.0888
1.0000, 0.0888
1.0000, 0.0888
1.0000, 0.0888
1.0000, 0.0888
1.0000, 0.0862
1.0000, 0.0862
1.0000, 0.0862
1.0000, 0.0862
1.0000, 0.0862
1.0000, 0.0862
1.0000, 0.0862
1.0000, 0.0836
1.0000, 0.0836
1.0000, 0.0836
1.0000, 0.0836
1.0000, 0.0836
1.0000, 0.0836
1.0000, 0.0836
1.0000, 0.0836
1.0000, 0.0836
1.0000, 0.0809
1.0000, 0.0809
1.0000, 0.0809
1.0000, 0.0783
1.0000, 0.0783
1.0000, 0.0783
1.0000, 0.0757
1.0000, 0.0757
1.0000, 0.0757
1.0000, 0.0757
1.0000, 0.0757
1.0000, 0.0757
1.0000, 0.0757
1.0000, 0.0757
1.0000, 0.0757
1.0000, 0.0757
1.0000, 0.0731
1.0000, 0.0731
1.0000, 0.0731
1.0000, 0.0705
1.0000, 0.0705
1.0000, 0.0705
1.0000, 0.0705
1.0000, 0.0705
1.0000, 0.0705
1.0000, 0.0705
1.0000, 0.0705
1.0000, 0.0705
1.0000, 0.0705
1.0000, 0.0679
1.0000, 0.0679
1.0000, 0.0679
1.0000, 0.0679
1.0000, 0.0679
1.0000, 0.0653
1.0000, 0.0653
1.0000, 0.0653
1.0000, 0.0653
1.0000, 0.0653
1.0000, 0.0653
1.0000, 0.0653
1.0000, 0.0653
1.0000, 0.0653
1.0000, 0.0653
1.0000, 0.0627
1.0000, 0.0627
1.0000, 0.0627
1.0000, 0.0601
1.0000, 0.0601
1.0000, 0.0601
1.0000, 0.0601
1.0000, 0.0601
1.0000, 0.0601
1.0000, 0.0574
1.0000, 0.0574
1.0000, 0.0574
1.0000, 0.0574
1.0000, 0.0574
1.0000, 0.0574
1.0000, 0.0574
1.0000, 0.0574
1.0000, 0.0574
1.0000, 0.0574
1.0000, 0.0574
1.0000, 0.0574
1.0000, 0.0548
1.0000, 0.0548
1.0000, 0.0548
1.0000, 0.0522
1.0000, 0.0522
1.0000, 0.0522
0.9942, 0.0522
0.9942, 0.0522
0.9942, 0.0522
0.9942, 0.0522
0.9942, 0.0522
0.9942, 0.0522
0.9884, 0.0496
0.9884, 0.0496
0.9884, 0.0496
0.9884, 0.0496
0.9884, 0.0496
0.9884, 0.0496
0.9884, 0.0470
0.9884, 0.0470
0.9884, 0.0470
0.9826, 0.0470
0.9826, 0.0470
0.9826, 0.0470
0.9826, 0.0444
0.9826, 0.0444
0.9826, 0.0444
0.9826, 0.0444
0.9826, 0.0444
0.9826, 0.0444
0.9826, 0.0444
0.9826, 0.0444
0.9826, 0.0444
0.9767, 0.0418
0.9767, 0.0418
0.9767, 0.0418
0.9767, 0.0392
0.9767, 0.0392
0.9767, 0.0392
0.9709, 0.0392
0.9709, 0.0392
0.9709, 0.0392
0.9709, 0.0392
0.9709, 0.0392
0.9709, 0.0392
0.9709, 0.0392
0.9709, 0.0392
0.9709, 0.0366
0.9709, 0.0366
0.9709, 0.0366
0.9651, 0.0366
0.9651, 0.0366
0.9651, 0.0366
0.9651, 0.0339
0.9651, 0.0339
0.9651, 0.0339
0.9593, 0.0313
0.9593, 0.0313
0.9593, 0.0313
0.9593, 0.0313
0.9593, 0.0313
0.9593, 0.0313
0.9593, 0.0313
0.9593, 0.0313
0.9593, 0.0313
0.9593, 0.0313
0.9593, 0.0313
0.9593, 0.0313
0.9593, 0.0313
0.9593, 0.0287
0.9593, 0.0287
0.9593, 0.0287
0.9535, 0.0287
0.9535, 0.0287
0.9535, 0.0287
0.9535, 0.0287
0.9535, 0.0287
0.9477, 0.0261
0.9477, 0.0261
0.9477, 0.0261
0.9477, 0.0261
0.9477, 0.0261
0.9477, 0.0261
0.9419, 0.0261
0.9419, 0.0261
0.9419, 0.0261
0.9419, 0.0261
0.9419, 0.0261
0.9419, 0.0261
0.9419, 0.0235
0.9419, 0.0235
0.9419, 0.0235
0.9360, 0.0235
0.9360, 0.0235
0.9360, 0.0235
0.9360, 0.0235
0.9360, 0.0235
0.9360, 0.0235
0.9302, 0.0209
0.9302, 0.0209
0.9302, 0.0209
0.9302, 0.0209
0.9302, 0.0209
0.9302, 0.0209
0.9302, 0.0209
0.9302, 0.0209
0.9302, 0.0209
0.9302, 0.0183
0.9302, 0.0183
0.9302, 0.0183
0.9302, 0.0183
0.9302, 0.0183
0.9302, 0.0183
0.9244, 0.0183
0.9244, 0.0183
0.9244, 0.0183
0.9244, 0.0183
0.9244, 0.0183
0.9244, 0.0183
0.9186, 0.0183
0.9186, 0.0183
0.9186, 0.0183
0.9186, 0.0183
0.9186, 0.0183
0.9186, 0.0183
0.9128, 0.0183
0.9128, 0.0183
0.9128, 0.0157
0.9128, 0.0157
0.9128, 0.0157
0.9128, 0.0157
0.9128, 0.0157
0.9128, 0.0157
0.9128, 0.0157
0.9070, 0.0157
0.9070, 0.0157
0.9070, 0.0131
0.9070, 0.0131
0.9070, 0.0131
0.9012, 0.0131
0.9012, 0.0131
0.9012, 0.0131
0.9012, 0.0131
0.9012, 0.0131
0.9012, 0.0131
0.8953, 0.0131
0.8953, 0.0131
0.8953, 0.0131
0.8895, 0.0131
0.8895, 0.0131
0.8895, 0.0131
0.8895, 0.0131
0.8895, 0.0131
0.8895, 0.0131
0.8837, 0.0131
0.8837, 0.0131
0.8837, 0.0131
0.8837, 0.0104
0.8837, 0.0104
0.8837, 0.0104
0.8779, 0.0104
0.8779, 0.0104
0.8779, 0.0104
0.8779, 0.0104
0.8779, 0.0104
0.8779, 0.0104
0.8721, 0.0104
0.8721, 0.0104
0.8721, 0.0078
0.8721, 0.0078
0.8721, 0.0078
0.8663, 0.0078
0.8663, 0.0078
0.8663, 0.0078
0.8605, 0.0078
0.8605, 0.0078
0.8605, 0.0078
0.8547, 0.0052
0.8547, 0.0052
0.8547, 0.0052
0.8547, 0.0052
0.8547, 0.0052
0.8547, 0.0052
0.8488, 0.0052
0.8488, 0.0052
0.8488, 0.0052
0.8430, 0.0052
0.8430, 0.0052
0.8430, 0.0052
0.8430, 0.0052
0.8430, 0.0052
0.8430, 0.0052
0.8430, 0.0052
0.8430, 0.0052
0.8430, 0.0052
0.8372, 0.0052
0.8372, 0.0052
0.8314, 0.0052
0.8314, 0.0052
0.8314, 0.0052
0.8256, 0.0052
0.8256, 0.0052
0.8256, 0.0026
0.8256, 0.0026
0.8256, 0.0026
0.8256, 0.0026
0.8256, 0.0026
0.8256, 0.0026
0.8198, 0.0026
0.8198, 0.0026
0.8198, 0.0026
0.8140, 0.0026
0.8140, 0.0026
0.8140, 0.0026
0.8140, 0.0026
0.8140, 0.0026
0.8140, 0.0026
0.8140, 0.0000
0.8140, 0.0000
0.8140, 0.0000
0.8081, 0.0000
0.8081, 0.0000
0.8081, 0.0000
0.8023, 0.0000
0.8023, 0.0000
0.8023, 0.0000
0.7965, 0.0000
0.7965, 0.0000
0.7907, 0.0000
0.7907, 0.0000
0.7907, 0.0000
0.7849, 0.0000
0.7849, 0.0000
0.7849, 0.0000
0.7791, 0.0000
0.7791, 0.0000
0.7791, 0.0000
0.7791, 0.0000
0.7791, 0.0000
0.7733, 0.0000
0.7733, 0.0000
0.7733, 0.0000
0.7674, 0.0000
0.7674, 0.0000
0.7674, 0.0000
0.7674, 0.0000
0.7674, 0.0000
0.7674, 0.0000
0.7616, 0.0000
0.7616, 0.0000
0.7616, 0.0000
0.7558, 0.0000
0.7558, 0.0000
0.7558, 0.0000
0.7558, 0.0000
0.7558, 0.0000
0.7500, 0.0000
0.7500, 0.0000
0.7500, 0.0000
0.7442, 0.0000
0.7442, 0.0000
0.7384, 0.0000
0.7384, 0.0000
0.7384, 0.0000
0.7326, 0.0000
0.7326, 0.0000
0.7326, 0.0000
0.7267, 0.0000
0.7267, 0.0000
0.7209, 0.0000
0.7209, 0.0000
0.7209, 0.0000
0.7151, 0.0000
0.7151, 0.0000
0.7151, 0.0000
0.7035, 0.0000
0.7035, 0.0000
0.7035, 0.0000
0.7035, 0.0000
0.7035, 0.0000
0.6919, 0.0000
0.6919, 0.0000
0.6919, 0.0000
0.6802, 0.0000
0.6802, 0.0000
0.6802, 0.0000
0.6744, 0.0000
0.6744, 0.0000
0.6628, 0.0000
0.6628, 0.0000
0.6628, 0.0000
0.6628, 0.0000
0.6628, 0.0000
0.6628, 0.0000
0.6512, 0.0000
0.6512, 0.0000
0.6512, 0.0000
0.6395, 0.0000
0.6395, 0.0000
0.6395, 0.0000
0.6337, 0.0000
0.6337, 0.0000
0.6279, 0.0026
0.6279, 0.0026
0.6279, 0.0026
0.6221, 0.0026
0.6221, 0.0026
0.6221, 0.0026
0.6221, 0.0026
0.6221, 0.0026
0.6221, 0.0026
0.6163, 0.0052
0.6163, 0.0052
0.6163, 0.0052
0.6105, 0.0052
0.6105, 0.0052
0.6105, 0.0052
0.6105, 0.0052
0.6105, 0.0052
0.6105, 0.0052
0.6105, 0.0052
0.6105, 0.0052
0.6105, 0.0052
0.6105, 0.0052
0.6105, 0.0052
0.6105, 0.0052
0.6047, 0.0052
0.6047, 0.0052
0.6047, 0.0052
0.6047, 0.0052
0.6047, 0.0052
0.5988, 0.0052
0.5988, 0.0052
0.5988, 0.0052
0.5988, 0.0052
0.5988, 0.0052
0.5988, 0.0052
0.5930, 0.0052
0.5930, 0.0052
0.5930, 0.0052
0.5930, 0.0078
0.5930, 0.0078
0.5930, 0.0078
0.5930, 0.0078
0.5930, 0.0078
0.5930, 0.0078
0.5930, 0.0078
0.5930, 0.0078
0.5930, 0.0078
0.5930, 0.0078
0.5930, 0.0078
0.5930, 0.0078
0.5930, 0.0078
0.5930, 0.0078
0.5930, 0.0078
0.5930, 0.0078
0.5930, 0.0078
0.5930, 0.0078
0.5930, 0.0078
0.5930, 0.0078
0.5930, 0.0078
0.5930, 0.0078
0.5930, 0.0078
0.5930, 0.0078
0.5930, 0.0078
0.5930, 0.0078
0.5930, 0.0078
0.5930, 0.0078
0.5930, 0.0078
0.5930, 0.0078
0.5930, 0.0078
0.5930, 0.0078
0.5930, 0.0078
0.5930, 0.0078
0.5930, 0.0078
0.5930, 0.0078
0.5930, 0.0078
0.5930, 0.0078
0.5930, 0.0078
0.5930, 0.0078
0.5930, 0.0078
0.5930, 0.0078
0.5930, 0.0078
0.5930, 0.0078
0.5930, 0.0078
0.5930, 0.0078
0.5930, 0.0078
0.5930, 0.0078
0.5930, 0.0078
0.5930, 0.0078
0.5930, 0.0078
0.5930, 0.0078
0.5988, 0.0078
0.0000, 1.0000
0.0000, 1.0000
0.0000, 1.0000
0.0000, 1.0000
0.0000, 1.0000
0.0000, 1.0000
0.0000, 1.0000
0.0000, 1.0000
0.0000, 1.0000
0.0000, 1.0000
0.0000, 1.0000
0.0000, 1.0000
0.0000, 1.0000
0.0000, 1.0000
0.0000, 1.0000
0.0000, 1.0000
0.0000, 1.0000
0.0000, 1.0000
0.0000, 1.0000
0.0000, 1.0000
0.0000, 1.0000
0.0000, 1.0000
0.0000, 1.0000
0.0000, 1.0000
0.0000, 1.0000
0.0000, 1.0000
0.0000, 1.0000
0.0000, 1.0000
0.0000, 1.0000
0.0000, 1.0000
0.0000, 1.0000
0.0000, 1.0000
0.0000, 1.0000
0.0000, 1.0000
0.0000, 1.0000
0.0000, 1.0000
0.0000, 1.0000
0.0000, 1.0000
0.0000, 1.0000
0.0000, 1.0000
0.0000, 1.0000
