0.6513, 0.2545
0.6513, 0.2545
0.6513, 0.2545
0.6513, 0.2545
0.6513, 0.2545
0.6513, 0.2545
0.6513, 0.2545
0.6513, 0.2545
0.6513, 0.2545
0.6513, 0.2545
0.6513, 0.2545
0.6513, 0.2545
0.6513, 0.2545
0.6513, 0.2545
0.6513, 0.2545
0.6513, 0.2545
0.6513, 0.2545
0.6513, 0.2545
0.6513, 0.2545
0.6513, 0.2545
0.6513, 0.2545
0.6513, 0.2545
0.6513, 0.2545
0.6513, 0.2545
0.6513, 0.2545
0.6513, 0.2545
0.6513, 0.2545
0.6513, 0.2545
0.6513, 0.2545
0.6513, 0.2545
0.6513, 0.2545
0.6513, 0.2545
0.6513, 0.2545
0.6513, 0.2545
0.6513, 0.2545
0.6513, 0.2545
0.6513, 0.2545
0.6513, 0.2545
0.6513, 0.2545
0.6513, 0.2545
0.6513, 0.2545
0.6513, 0.2545
0.6513, 0.2545
0.6513, 0.2545
0.6513, 0.2545
0.6513, 0.2545
0.6513, 0.2545
0.6513, 0.2545
0.6513, 0.2545
0.6513, 0.2545
0.6513, 0.2545
0.6513, 0.2545
0.6513, 0.2545
0.6513, 0.2545
0.6513, 0.2545
0.6513, 0.2545
0.6513, 0.2545
0.6513, 0.2545
0.6513, 0.2545
0.6513, 0.2545
0.6513, 0.2545
0.6513, 0.2545
0.6513, 0.2545
0.6513, 0.2545
0.6513, 0.2545
0.6513, 0.2545
0.6513, 0.2545
0.6513, 0.2545
0.6513, 0.2545
0.6513, 0.2545
0.6513, 0.2545
0.6513, 0.2545
0.6513, 0.2545
0.6513, 0.2545
0.6513, 0.2545
0.6513, 0.2545
0.6513, 0.2545
0.6513, 0.2545
0.6513, 0.2545
0.6513, 0.2545
0.6513, 0.2545
0.6513, 0.2545
0.6513, 0.2545
0.6513, 0.2545
0.6513, 0.2545
0.6513, 0.2545
0.6513, 0.2545
0.6513, 0.2545
0.6513, 0.2545
0.6513, 0.2545
0.6513, 0.2545
0.6513, 0.2545
0.6513, 0.2545
0.6513, 0.2545
0.6513, 0.2545
0.6513, 0.2545
0.6513, 0.2545
0.6513, 0.2545
0.6579, 0.2545
0.6579, 0.2545
0.6579, 0.2545
0.6579, 0.2545
0.6579, 0.2545
0.6579, 0.2545
0.6579, 0.2545
0.6579, 0.2545
0.6645, 0.2545
0.6645, 0.2545
0.6645, 0.2545
0.6645, 0.2545
0.6645, 0.2545
0.6645, 0.2545
0.6645, 0.2545
0.6645, 0.2545
0.6645, 0.2545
0.6645, 0.2545
0.6645, 0.2545
0.6645, 0.2545
0.6645, 0.2545
0.6645, 0.2545
0.6645, 0.2545
0.6645, 0.2545
0.6645, 0.2545
0.6645, 0.2545
0.6645, 0.2545
0.6645, 0.2545
0.6645, 0.2545
0.6645, 0.2545
0.6645, 0.2545
0.6711, 0.2545
0.6711, 0.2545
0.6711, 0.2545
0.6711, 0.2545
0.6711, 0.2545
0.6711, 0.2545
0.6711, 0.2545
0.6711, 0.2545
0.6711, 0.2545
0.6776, 0.2571
0.6776, 0.2571
0.6776, 0.2571
0.6776, 0.2571
0.6842, 0.2571
0.6842, 0.2571
0.6842, 0.2571
0.6842, 0.2571
0.6842, 0.2571
0.6842, 0.2571
0.6842, 0.2571
0.6842, 0.2571
0.6842, 0.2571
0.6842, 0.2571
0.6842, 0.2571
0.6842, 0.2571
0.6842, 0.2571
0.6908, 0.2571
0.6908, 0.2571
0.6908, 0.2571
0.6908, 0.2571
0.6908, 0.2571
0.6908, 0.2571
0.6908, 0.2571
0.6908, 0.2571
0.6974, 0.2571
0.6974, 0.2571
0.6974, 0.2571
0.6974, 0.2571
0.6974, 0.2571
0.6974, 0.2571
0.6974, 0.2571
0.6974, 0.2571
0.6974, 0.2571
0.6974, 0.2571
0.6974, 0.2571
0.6974, 0.2571
0.6974, 0.2571
0.6974, 0.2571
0.6974, 0.2571
0.6974, 0.2571
0.6974, 0.2571
0.7039, 0.2571
0.7039, 0.2571
0.7039, 0.2571
0.7039, 0.2571
0.7039, 0.2571
0.7105, 0.2571
0.7105, 0.2571
0.7105, 0.2571
0.7105, 0.2571
0.7105, 0.2571
0.7105, 0.2571
0.7105, 0.2571
0.7105, 0.2571
0.7171, 0.2571
0.7171, 0.2571
0.7171, 0.2571
0.7171, 0.2571
0.7171, 0.2597
0.7171, 0.2597
0.7171, 0.2597
0.7171, 0.2597
0.7171, 0.2597
0.7171, 0.2597
0.7171, 0.2597
0.7171, 0.2597
0.7171, 0.2597
0.7237, 0.2597
0.7237, 0.2597
0.7237, 0.2597
0.7237, 0.2597
0.7303, 0.2597
0.7303, 0.2597
0.7303, 0.2597
0.7303, 0.2597
0.7303, 0.2597
0.7303, 0.2597
0.7303, 0.2597
0.7303, 0.2597
0.7303, 0.2623
0.7303, 0.2623
0.7303, 0.2623
0.7303, 0.2623
0.7303, 0.2623
0.7303, 0.2623
0.7303, 0.2623
0.7303, 0.2623
0.7303, 0.2623
0.7303, 0.2623
0.7303, 0.2623
0.7303, 0.2623
0.7303, 0.2623
0.7368, 0.2623
0.7368, 0.2623
0.7368, 0.2623
0.7368, 0.2623
0.7368, 0.2623
0.7368, 0.2623
0.7368, 0.2623
0.7368, 0.2623
0.7434, 0.2623
0.7434, 0.2623
0.7434, 0.2623
0.7434, 0.2623
0.7434, 0.2623
0.7434, 0.2623
0.7434, 0.2623
0.7434, 0.2623
0.7434, 0.2623
0.7500, 0.2623
0.7500, 0.2623
0.7500, 0.2623
0.7500, 0.2623
0.7500, 0.2623
0.7500, 0.2623
0.7500, 0.2623
0.7500, 0.2623
0.7500, 0.2649
0.7500, 0.2649
0.7500, 0.2649
0.7500, 0.2649
0.7500, 0.2649
0.7500, 0.2649
0.7500, 0.2649
0.7500, 0.2649
0.7500, 0.2649
0.7566, 0.2649
0.7566, 0.2649
0.7566, 0.2649
0.7566, 0.2649
0.7566, 0.2649
0.7566, 0.2649
0.7566, 0.2649
0.7566, 0.2649
0.7566, 0.2649
0.7566, 0.2649
0.7566, 0.2649
0.7566, 0.2649
0.7566, 0.2649
0.7632, 0.2649
0.7632, 0.2649
0.7632, 0.2649
0.7632, 0.2649
0.7632, 0.2649
0.7632, 0.2649
0.7632, 0.2649
0.7632, 0.2649
0.7632, 0.2649
0.7632, 0.2649
0.7632, 0.2649
0.7632, 0.2649
0.7632, 0.2649
0.7632, 0.2649
0.7632, 0.2649
0.7632, 0.2649
0.7697, 0.2649
0.7697, 0.2649
0.7697, 0.2649
0.7697, 0.2649
0.7697, 0.2649
0.7697, 0.2649
0.7697, 0.2649
0.7697, 0.2649
0.7697, 0.2649
0.7763, 0.2649
0.7763, 0.2649
0.7763, 0.2649
0.7763, 0.2649
0.7763, 0.2649
0.7763, 0.2649
0.7763, 0.2649
0.7763, 0.2649
0.7829, 0.2649
0.7829, 0.2649
0.7829, 0.2649
0.7829, 0.2649
0.7829, 0.2649
0.7829, 0.2649
0.7829, 0.2649
0.7829, 0.2649
0.7829, 0.2649
0.7829, 0.2649
0.7829, 0.2649
0.7829, 0.2649
0.7829, 0.2649
0.7895, 0.2649
0.7895, 0.2649
0.7895, 0.2649
0.7895, 0.2649
0.7895, 0.2649
0.7895, 0.2649
0.7895, 0.2649
0.7895, 0.2649
0.7895, 0.2649
0.7895, 0.2649
0.7895, 0.2649
0.7895, 0.2649
0.7961, 0.2675
0.7961, 0.2675
0.7961, 0.2675
0.7961, 0.2675
0.7961, 0.2675
0.7961, 0.2675
0.7961, 0.2675
0.7961, 0.2675
0.7961, 0.2675
0.7961, 0.2675
0.7961, 0.2675
0.7961, 0.2675
0.7961, 0.2675
0.7961, 0.2675
0.7961, 0.2675
0.7961, 0.2675
0.7961, 0.2675
0.7961, 0.2675
0.7961, 0.2675
0.7961, 0.2675
0.7961, 0.2675
0.8026, 0.2675
0.8026, 0.2675
0.8026, 0.2675
0.8026, 0.2675
0.8026, 0.2675
0.8026, 0.2675
0.8026, 0.2675
0.8026, 0.2675
0.8092, 0.2675
0.8092, 0.2675
0.8092, 0.2675
0.8092, 0.2675
0.8158, 0.2675
0.8158, 0.2675
0.8158, 0.2675
0.8158, 0.2675
0.8158, 0.2675
0.8158, 0.2675
0.8158, 0.2675
0.8158, 0.2675
0.8158, 0.2675
0.8158, 0.2675
0.8158, 0.2675
0.8158, 0.2675
0.8158, 0.2675
0.8158, 0.2675
0.8158, 0.2675
0.8158, 0.2675
0.8158, 0.2675
0.8158, 0.2675
0.8158, 0.2675
0.8158, 0.2675
0.8224, 0.2675
0.8224, 0.2675
0.8224, 0.2675
0.8224, 0.2675
0.8224, 0.2675
0.8224, 0.2675
0.8224, 0.2675
0.8224, 0.2675
0.8289, 0.2675
0.8289, 0.2675
0.8289, 0.2675
0.8289, 0.2675
0.8289, 0.2675
0.8289, 0.2675
0.8289, 0.2675
0.8289, 0.2675
0.8289, 0.2675
0.8289, 0.2675
0.8289, 0.2675
0.8289, 0.2675
0.8289, 0.2675
0.8289, 0.2675
0.8289, 0.2675
0.8289, 0.2675
0.8289, 0.2675
0.8355, 0.2675
0.8355, 0.2675
0.8355, 0.2675
0.8421, 0.2675
0.8421, 0.2675
0.8421, 0.2675
0.8421, 0.2675
0.8421, 0.2675
0.8421, 0.2675
0.8421, 0.2675
0.8421, 0.2675
0.8487, 0.2675
0.8487, 0.2675
0.8487, 0.2675
0.8487, 0.2675
0.8487, 0.2675
0.8487, 0.2675
0.8487, 0.2675
0.8487, 0.2675
0.8487, 0.2675
0.8487, 0.2675
0.8487, 0.2675
0.8487, 0.2675
0.8487, 0.2675
0.8487, 0.2675
0.8487, 0.2675
0.8487, 0.2675
0.8487, 0.2675
0.8487, 0.2675
0.8487, 0.2675
0.8487, 0.2675
0.8487, 0.2675
0.8553, 0.2675
0.8553, 0.2675
0.8553, 0.2675
0.8553, 0.2675
0.8553, 0.2675
0.8553, 0.2675
0.8553, 0.2675
0.8553, 0.2675
0.8553, 0.2675
0.8553, 0.2675
0.8553, 0.2675
0.8553, 0.2675
0.8618, 0.2675
0.8618, 0.2675
0.8618, 0.2675
0.8618, 0.2675
0.8618, 0.2675
0.8618, 0.2675
0.8618, 0.2675
0.8618, 0.2675
0.8618, 0.2675
0.8618, 0.2675
0.8618, 0.2675
0.8618, 0.2675
0.8618, 0.2675
0.8618, 0.2675
0.8618, 0.2675
0.8618, 0.2675
0.8618, 0.2675
0.8618, 0.2675
0.8618, 0.2675
0.8618, 0.2675
0.8618, 0.2675
0.8618, 0.2675
0.8618, 0.2675
0.8618, 0.2675
0.8618, 0.2675
0.8618, 0.2675
0.8618, 0.2675
0.8618, 0.2675
0.8684, 0.2675
0.8684, 0.2675
0.8684, 0.2675
0.8684, 0.2675
0.8684, 0.2675
0.8684, 0.2675
0.8684, 0.2675
0.8684, 0.2675
0.8684, 0.2675
0.8684, 0.2675
0.8684, 0.2675
0.8684, 0.2675
0.8684, 0.2675
0.8684, 0.2675
0.8684, 0.2675
0.8684, 0.2675
0.8684, 0.2675
0.8684, 0.2675
0.8684, 0.2675
0.8684, 0.2675
0.8684, 0.2675
0.8684, 0.2675
0.8684, 0.2675
0.8684, 0.2675
0.8750, 0.2675
0.8750, 0.2675
0.8750, 0.2675
0.8750, 0.2675
0.8750, 0.2675
0.8750, 0.2675
0.8750, 0.2675
0.8750, 0.2675
0.8750, 0.2675
0.8750, 0.2675
0.8750, 0.2675
0.8750, 0.2675
0.8750, 0.2675
0.8750, 0.2675
0.8750, 0.2675
0.8750, 0.2675
0.8816, 0.2675
0.8816, 0.2675
0.8816, 0.2675
0.8816, 0.2675
0.8816, 0.2675
0.8816, 0.2675
0.8816, 0.2675
0.8816, 0.2675
0.8882, 0.2675
0.8882, 0.2675
0.8882, 0.2675
0.8882, 0.2675
0.8882, 0.2675
0.8882, 0.2675
0.8882, 0.2675
0.8882, 0.2675
0.8882, 0.2675
0.8882, 0.2675
0.8882, 0.2675
0.8882, 0.2675
0.8882, 0.2675
0.8882, 0.2675
0.8882, 0.2675
0.8882, 0.2675
0.8882, 0.2675
0.8882, 0.2675
0.8882, 0.2675
0.8882, 0.2675
0.8882, 0.2675
0.8882, 0.2675
0.8882, 0.2675
0.8882, 0.2675
0.8947, 0.2675
0.8947, 0.2675
0.8947, 0.2675
0.8947, 0.2675
0.8947, 0.2675
0.8947, 0.2675
0.8947, 0.2675
0.8947, 0.2675
0.8947, 0.2675
0.8947, 0.2675
0.8947, 0.2675
0.8947, 0.2649
0.8947, 0.2649
0.8947, 0.2649
0.8947, 0.2649
0.8947, 0.2649
0.8947, 0.2649
0.8947, 0.2649
0.8947, 0.2649
0.9013, 0.2649
0.9013, 0.2649
0.9013, 0.2649
0.9013, 0.2649
0.9013, 0.2649
0.9013, 0.2649
0.9013, 0.2649
0.9013, 0.2649
0.9013, 0.2649
0.9013, 0.2649
0.9013, 0.2649
0.9013, 0.2649
0.9079, 0.2649
0.9079, 0.2649
0.9079, 0.2649
0.9079, 0.2649
0.9079, 0.2649
0.9079, 0.2649
0.9079, 0.2649
0.9079, 0.2649
0.9079, 0.2623
0.9079, 0.2623
0.9079, 0.2623
0.9079, 0.2623
0.9079, 0.2623
0.9079, 0.2623
0.9079, 0.2623
0.9079, 0.2623
0.9079, 0.2623
0.9079, 0.2623
0.9079, 0.2623
0.9079, 0.2623
0.9079, 0.2623
0.9079, 0.2623
0.9079, 0.2623
0.9079, 0.2623
0.9079, 0.2623
0.9079, 0.2623
0.9079, 0.2623
0.9079, 0.2623
0.9079, 0.2623
0.9079, 0.2623
0.9079, 0.2623
0.9079, 0.2623
0.9145, 0.2597
0.9145, 0.2597
0.9145, 0.2597
0.9145, 0.2597
0.9145, 0.2597
0.9145, 0.2597
0.9145, 0.2597
0.9145, 0.2597
0.9145, 0.2597
0.9145, 0.2597
0.9145, 0.2597
0.9145, 0.2597
0.9145, 0.2597
0.9145, 0.2597
0.9211, 0.2597
0.9211, 0.2597
0.9211, 0.2597
0.9211, 0.2597
0.9211, 0.2597
0.9211, 0.2597
0.9211, 0.2597
0.9211, 0.2597
0.9211, 0.2597
0.9211, 0.2597
0.9211, 0.2597
0.9211, 0.2597
0.9211, 0.2597
0.9211, 0.2597
0.9211, 0.2597
0.9211, 0.2597
0.9276, 0.2597
0.9276, 0.2597
0.9276, 0.2597
0.9276, 0.2597
0.9276, 0.2571
0.9276, 0.2571
0.9276, 0.2571
0.9276, 0.2571
0.9276, 0.2571
0.9276, 0.2571
0.9276, 0.2571
0.9276, 0.2571
0.9276, 0.2571
0.9276, 0.2571
0.9276, 0.2571
0.9276, 0.2545
0.9276, 0.2545
0.9276, 0.2545
0.9276, 0.2545
0.9276, 0.2545
0.9276, 0.2545
0.9276, 0.2545
0.9276, 0.2545
0.9342, 0.2545
0.9342, 0.2545
0.9342, 0.2545
0.9342, 0.2545
0.9342, 0.2545
0.9342, 0.2545
0.9342, 0.2545
0.9342, 0.2545
0.9342, 0.2545
0.9342, 0.2545
0.9342, 0.2545
0.9342, 0.2545
0.9342, 0.2545
0.9342, 0.2545
0.9342, 0.2545
0.9342, 0.2545
0.9342, 0.2545
0.9342, 0.2545
0.9342, 0.2545
0.9342, 0.2545
0.9342, 0.2545
0.9342, 0.2545
0.9408, 0.2519
0.9408, 0.2519
0.9408, 0.2519
0.9408, 0.2519
0.9408, 0.2519
0.9408, 0.2519
0.9408, 0.2519
0.9408, 0.2519
0.9408, 0.2519
0.9408, 0.2519
0.9408, 0.2519
0.9408, 0.2519
0.9408, 0.2519
0.9408, 0.2519
0.9408, 0.2519
0.9408, 0.2519
0.9408, 0.2494
0.9408, 0.2494
0.9408, 0.2494
0.9408, 0.2494
0.9408, 0.2494
0.9408, 0.2494
0.9408, 0.2494
0.9408, 0.2494
0.9474, 0.2468
0.9474, 0.2468
0.9474, 0.2468
0.9474, 0.2468
0.9474, 0.2468
0.9474, 0.2468
0.9474, 0.2468
0.9474, 0.2468
0.9474, 0.2468
0.9474, 0.2468
0.9474, 0.2468
0.9474, 0.2468
0.9474, 0.2468
0.9474, 0.2468
0.9474, 0.2468
0.9474, 0.2468
0.9474, 0.2468
0.9474, 0.2468
0.9474, 0.2468
0.9474, 0.2468
0.9474, 0.2468
0.9474, 0.2468
0.9474, 0.2468
0.9474, 0.2468
0.9474, 0.2468
0.9539, 0.2468
0.9539, 0.2468
0.9539, 0.2468
0.9539, 0.2468
0.9539, 0.2468
0.9539, 0.2468
0.9539, 0.2468
0.9539, 0.2442
0.9539, 0.2442
0.9539, 0.2442
0.9539, 0.2442
0.9539, 0.2442
0.9539, 0.2442
0.9539, 0.2442
0.9539, 0.2442
0.9539, 0.2442
0.9539, 0.2442
0.9539, 0.2442
0.9539, 0.2442
0.9605, 0.2442
0.9605, 0.2442
0.9605, 0.2442
0.9605, 0.2416
0.9605, 0.2416
0.9605, 0.2416
0.9605, 0.2416
0.9605, 0.2416
0.9605, 0.2416
0.9605, 0.2416
0.9605, 0.2416
0.9605, 0.2416
0.9605, 0.2416
0.9605, 0.2416
0.9605, 0.2416
0.9605, 0.2416
0.9605, 0.2416
0.9605, 0.2416
0.9605, 0.2416
0.9605, 0.2416
0.9605, 0.2416
0.9605, 0.2416
0.9605, 0.2416
0.9605, 0.2416
0.9605, 0.2416
0.9605, 0.2416
0.9605, 0.2390
0.9605, 0.2390
0.9605, 0.2390
0.9605, 0.2390
0.9605, 0.2390
0.9605, 0.2390
0.9605, 0.2390
0.9605, 0.2390
0.9605, 0.2390
0.9605, 0.2390
0.9605, 0.2390
0.9605, 0.2390
0.9671, 0.2364
0.9671, 0.2364
0.9671, 0.2364
0.9671, 0.2364
0.9671, 0.2364
0.9671, 0.2364
0.9671, 0.2364
0.9671, 0.2364
0.9671, 0.2364
0.9671, 0.2364
0.9671, 0.2364
0.9671, 0.2364
0.9671, 0.2364
0.9671, 0.2364
0.9671, 0.2364
0.9671, 0.2364
0.9671, 0.2364
0.9671, 0.2364
0.9671, 0.2364
0.9671, 0.2364
0.9671, 0.2364
0.9671, 0.2364
0.9671, 0.2338
0.9671, 0.2338
0.9671, 0.2338
0.9671, 0.2338
0.9671, 0.2338
0.9671, 0.2338
0.9671, 0.2338
0.9671, 0.2338
0.9671, 0.2338
0.9671, 0.2338
0.9671, 0.2338
0.9671, 0.2338
0.9671, 0.2338
0.9671, 0.2338
0.9671, 0.2338
0.9671, 0.2338
0.9671, 0.2338
0.9671, 0.2338
0.9671, 0.2338
0.9737, 0.2338
0.9737, 0.2338
0.9737, 0.2338
0.9737, 0.2338
0.9737, 0.2338
0.9737, 0.2338
0.9737, 0.2338
0.9737, 0.2338
0.9737, 0.2338
0.9737, 0.2338
0.9737, 0.2338
0.9737, 0.2312
0.9737, 0.2312
0.9737, 0.2312
0.9737, 0.2312
0.9737, 0.2312
0.9737, 0.2312
0.9737, 0.2312
0.9737, 0.2312
0.9737, 0.2312
0.9737, 0.2312
0.9737, 0.2312
0.9737, 0.2312
0.9737, 0.2286
0.9737, 0.2286
0.9737, 0.2286
0.9737, 0.2286
0.9737, 0.2286
0.9737, 0.2286
0.9737, 0.2286
0.9737, 0.2286
0.9737, 0.2286
0.9737, 0.2286
0.9737, 0.2286
0.9737, 0.2286
0.9737, 0.2286
0.9737, 0.2286
0.9737, 0.2286
0.9737, 0.2286
0.9737, 0.2286
0.9737, 0.2286
0.9737, 0.2286
0.9737, 0.2286
0.9737, 0.2286
0.9737, 0.2286
0.9737, 0.2286
0.9737, 0.2286
0.9737, 0.2286
0.9737, 0.2286
0.9737, 0.2286
0.9737, 0.2286
0.9737, 0.2260
0.9737, 0.2260
0.9737, 0.2260
0.9737, 0.2260
0.9737, 0.2260
0.9737, 0.2260
0.9737, 0.2260
0.9737, 0.2260
0.9737, 0.2260
0.9737, 0.2260
0.9737, 0.2260
0.9737, 0.2260
0.9737, 0.2260
0.9737, 0.2260
0.9737, 0.2260
0.9737, 0.2234
0.9737, 0.2234
0.9737, 0.2234
0.9737, 0.2234
0.9737, 0.2234
0.9737, 0.2234
0.9737, 0.2234
0.9737, 0.2234
0.9737, 0.2234
0.9737, 0.2234
0.9737, 0.2234
0.9737, 0.2234
0.9737, 0.2234
0.9737, 0.2234
0.9737, 0.2234
0.9737, 0.2234
0.9737, 0.2234
0.9737, 0.2234
0.9803, 0.2208
0.9803, 0.2208
0.9803, 0.2208
0.9803, 0.2208
0.9803, 0.2208
0.9803, 0.2208
0.9803, 0.2208
0.9803, 0.2208
0.9803, 0.2208
0.9803, 0.2208
0.9803, 0.2208
0.9803, 0.2182
0.9803, 0.2182
0.9803, 0.2182
0.9803, 0.2182
0.9803, 0.2182
0.9803, 0.2182
0.9803, 0.2182
0.9803, 0.2156
0.9803, 0.2156
0.9803, 0.2156
0.9803, 0.2156
0.9803, 0.2156
0.9803, 0.2156
0.9803, 0.2156
0.9803, 0.2156
0.9803, 0.2156
0.9803, 0.2156
0.9803, 0.2156
0.9803, 0.2156
0.9803, 0.2156
0.9803, 0.2156
0.9803, 0.2156
0.9803, 0.2156
0.9803, 0.2156
0.9803, 0.2156
0.9803, 0.2156
0.9803, 0.2156
0.9803, 0.2156
0.9803, 0.2130
0.9803, 0.2130
0.9803, 0.2130
0.9803, 0.2130
0.9803, 0.2130
0.9803, 0.2130
0.9803, 0.2130
0.9803, 0.2104
0.9803, 0.2104
0.9803, 0.2104
0.9803, 0.2104
0.9803, 0.2104
0.9803, 0.2104
0.9803, 0.2104
0.9803, 0.2104
0.9803, 0.2104
0.9803, 0.2104
0.9803, 0.2104
0.9803, 0.2104
0.9803, 0.2104
0.9803, 0.2104
0.9803, 0.2104
0.9803, 0.2104
0.9803, 0.2104
0.9803, 0.2104
0.9803, 0.2078
0.9803, 0.2078
0.9803, 0.2078
0.9803, 0.2078
0.9803, 0.2078
0.9803, 0.2078
0.9803, 0.2078
0.9803, 0.2078
0.9803, 0.2078
0.9803, 0.2078
0.9803, 0.2078
0.9803, 0.2052
0.9803, 0.2052
0.9803, 0.2052
0.9803, 0.2052
0.9803, 0.2052
0.9803, 0.2052
0.9803, 0.2052
0.9803, 0.2052
0.9803, 0.2052
0.9803, 0.2052
0.9803, 0.2026
0.9803, 0.2026
0.9803, 0.2026
0.9803, 0.2026
0.9803, 0.2026
0.9803, 0.2026
0.9803, 0.2026
0.9803, 0.2026
0.9803, 0.2026
0.9803, 0.2026
0.9803, 0.2026
0.9803, 0.2026
0.9803, 0.2026
0.9803, 0.2026
0.9803, 0.2026
0.9803, 0.2026
0.9803, 0.2026
0.9803, 0.2026
0.9803, 0.2000
0.9803, 0.2000
0.9803, 0.2000
0.9803, 0.2000
0.9803, 0.2000
0.9803, 0.2000
0.9803, 0.2000
0.9803, 0.2000
0.9803, 0.2000
0.9803, 0.2000
0.9803, 0.2000
0.9803, 0.1974
0.9803, 0.1974
0.9803, 0.1974
0.9803, 0.1974
0.9803, 0.1974
0.9803, 0.1974
0.9803, 0.1974
0.9803, 0.1974
0.9803, 0.1974
0.9803, 0.1974
0.9803, 0.1974
0.9803, 0.1974
0.9803, 0.1974
0.9803, 0.1974
0.9803, 0.1974
0.9803, 0.1974
0.9803, 0.1974
0.9803, 0.1974
0.9803, 0.1974
0.9803, 0.1974
0.9803, 0.1974
0.9803, 0.1974
0.9803, 0.1974
0.9803, 0.1974
0.9803, 0.1974
0.9803, 0.1948
0.9803, 0.1948
0.9803, 0.1948
0.9803, 0.1948
0.9803, 0.1948
0.9803, 0.1948
0.9803, 0.1948
0.9803, 0.1948
0.9803, 0.1948
0.9803, 0.1948
0.9803, 0.1948
0.9803, 0.1922
0.9803, 0.1922
0.9803, 0.1922
0.9803, 0.1922
0.9803, 0.1922
0.9803, 0.1922
0.9803, 0.1922
0.9803, 0.1922
0.9803, 0.1922
0.9803, 0.1922
0.9803, 0.1922
0.9803, 0.1922
0.9803, 0.1922
0.9803, 0.1922
0.9803, 0.1922
0.9803, 0.1922
0.9803, 0.1922
0.9803, 0.1896
0.9803, 0.1896
0.9803, 0.1896
0.9803, 0.1896
0.9803, 0.1896
0.9803, 0.1896
0.9803, 0.1896
0.9803, 0.1896
0.9803, 0.1896
0.9803, 0.1896
0.9803, 0.1896
0.9803, 0.1896
0.9803, 0.1896
0.9803, 0.1896
0.9803, 0.1896
0.9803, 0.1896
0.9803, 0.1896
0.9803, 0.1896
0.9803, 0.1896
0.9803, 0.1896
0.9803, 0.1896
0.9803, 0.1896
0.9803, 0.1896
0.9803, 0.1896
0.9803, 0.1896
0.9803, 0.1896
0.9803, 0.1896
0.9803, 0.1896
0.9803, 0.1896
0.9803, 0.1896
0.9803, 0.1896
0.9803, 0.1896
0.9803, 0.1870
0.9803, 0.1870
0.9803, 0.1870
0.9803, 0.1870
0.9803, 0.1870
0.9803, 0.1870
0.9803, 0.1870
0.9803, 0.1870
0.9803, 0.1870
0.9803, 0.1870
0.9803, 0.1870
0.9803, 0.1870
0.9803, 0.1870
0.9803, 0.1844
0.9803, 0.1844
0.9803, 0.1844
0.9803, 0.1844
0.9803, 0.1844
0.9803, 0.1844
0.9737, 0.1844
0.9737, 0.1844
0.9737, 0.1844
0.9737, 0.1844
0.9737, 0.1844
0.9737, 0.1844
0.9737, 0.1844
0.9737, 0.1844
0.9737, 0.1844
0.9737, 0.1844
0.9737, 0.1844
0.9737, 0.1844
0.9737, 0.1844
0.9737, 0.1844
0.9671, 0.1844
0.9671, 0.1844
0.9671, 0.1844
0.9671, 0.1844
0.9671, 0.1844
0.9671, 0.1844
0.9671, 0.1844
0.9671, 0.1844
0.9671, 0.1844
0.9671, 0.1844
0.9671, 0.1818
0.9671, 0.1818
0.9671, 0.1818
0.9671, 0.1818
0.9671, 0.1818
0.9671, 0.1818
0.9671, 0.1818
0.9671, 0.1818
0.9671, 0.1818
0.9671, 0.1818
0.9671, 0.1818
0.9671, 0.1818
0.9671, 0.1818
0.9671, 0.1818
0.9671, 0.1818
0.9671, 0.1818
0.9671, 0.1818
0.9671, 0.1792
0.9671, 0.1792
0.9671, 0.1792
0.9605, 0.1792
0.9605, 0.1792
0.9605, 0.1792
0.9605, 0.1792
0.9605, 0.1792
0.9605, 0.1792
0.9605, 0.1792
0.9605, 0.1792
0.9605, 0.1792
0.9605, 0.1792
0.9605, 0.1792
0.9605, 0.1792
0.9605, 0.1792
0.9539, 0.1792
0.9539, 0.1792
0.9539, 0.1792
0.9539, 0.1792
0.9539, 0.1792
0.9539, 0.1792
0.9539, 0.1792
0.9539, 0.1766
0.9539, 0.1766
0.9539, 0.1766
0.9474, 0.1766
0.9474, 0.1766
0.9474, 0.1766
0.9474, 0.1766
0.9474, 0.1766
0.9474, 0.1766
0.9474, 0.1766
0.9474, 0.1766
0.9474, 0.1766
0.9474, 0.1766
0.9474, 0.1766
0.9474, 0.1766
0.9474, 0.1766
0.9474, 0.1766
0.9474, 0.1766
0.9474, 0.1766
0.9474, 0.1766
0.9474, 0.1766
0.9474, 0.1766
0.9474, 0.1766
0.9474, 0.1766
0.9408, 0.1766
0.9408, 0.1766
0.9408, 0.1766
0.9408, 0.1766
0.9408, 0.1766
0.9408, 0.1766
0.9408, 0.1740
0.9408, 0.1740
0.9408, 0.1740
0.9408, 0.1740
0.9408, 0.1740
0.9408, 0.1740
0.9408, 0.1740
0.9342, 0.1740
0.9342, 0.1740
0.9342, 0.1740
0.9342, 0.1740
0.9342, 0.1740
0.9342, 0.1740
0.9342, 0.1740
0.9342, 0.1740
0.9342, 0.1740
0.9342, 0.1740
0.9342, 0.1740
0.9342, 0.1740
0.9342, 0.1740
0.9342, 0.1740
0.9342, 0.1714
0.9342, 0.1714
0.9342, 0.1714
0.9342, 0.1714
0.9342, 0.1714
0.9342, 0.1714
0.9342, 0.1714
0.9342, 0.1714
0.9342, 0.1714
0.9342, 0.1714
0.9342, 0.1714
0.9342, 0.1714
0.9342, 0.1714
0.9342, 0.1714
0.9276, 0.1714
0.9276, 0.1714
0.9276, 0.1714
0.9276, 0.1714
0.9276, 0.1714
0.9276, 0.1714
0.9276, 0.1714
0.9276, 0.1714
0.9276, 0.1714
0.9276, 0.1714
0.9276, 0.1714
0.9276, 0.1714
0.9276, 0.1714
0.9211, 0.1714
0.9211, 0.1714
0.9211, 0.1714
0.9211, 0.1714
0.9211, 0.1714
0.9211, 0.1714
0.9211, 0.1714
0.9211, 0.1688
0.9211, 0.1688
0.9211, 0.1688
0.9211, 0.1688
0.9211, 0.1688
0.9211, 0.1688
0.9211, 0.1688
0.9211, 0.1688
0.9211, 0.1688
0.9211, 0.1688
0.9211, 0.1688
0.9145, 0.1688
0.9145, 0.1688
0.9145, 0.1688
0.9145, 0.1688
0.9145, 0.1688
0.9145, 0.1688
0.9145, 0.1688
0.9145, 0.1688
0.9145, 0.1688
0.9145, 0.1662
0.9145, 0.1662
0.9145, 0.1662
0.9145, 0.1662
0.9145, 0.1662
0.9145, 0.1662
0.9145, 0.1662
0.9145, 0.1662
0.9145, 0.1662
0.9145, 0.1662
0.9145, 0.1662
0.9145, 0.1662
0.9145, 0.1662
0.9145, 0.1662
0.9145, 0.1662
0.9145, 0.1662
0.9145, 0.1662
0.9145, 0.1662
0.9079, 0.1636
0.9079, 0.1636
0.9079, 0.1636
0.9079, 0.1636
0.9079, 0.1636
0.9079, 0.1636
0.9079, 0.1636
0.9079, 0.1636
0.9079, 0.1636
0.9079, 0.1636
0.9013, 0.1636
0.9013, 0.1636
0.9013, 0.1636
0.9013, 0.1636
0.9013, 0.1636
0.9013, 0.1636
0.9013, 0.1636
0.9013, 0.1636
0.9013, 0.1636
0.9013, 0.1636
0.9013, 0.1636
0.9013, 0.1636
0.9013, 0.1636
0.9013, 0.1636
0.9013, 0.1636
0.9013, 0.1636
0.9013, 0.1636
0.9013, 0.1636
0.9013, 0.1636
0.9013, 0.1636
0.9013, 0.1636
0.9013, 0.1636
0.9013, 0.1636
0.9013, 0.1636
0.9013, 0.1636
0.9013, 0.1636
0.9013, 0.1636
0.9013, 0.1636
0.9013, 0.1636
0.9013, 0.1636
0.9013, 0.1636
0.8947, 0.1610
0.8947, 0.1610
0.8947, 0.1610
0.8947, 0.1610
0.8947, 0.1610
0.8947, 0.1610
0.8947, 0.1610
0.8947, 0.1610
0.8947, 0.1610
0.8947, 0.1610
0.8947, 0.1610
0.8947, 0.1610
0.8947, 0.1610
0.8882, 0.1610
0.8882, 0.1610
0.8882, 0.1610
0.8882, 0.1610
0.8882, 0.1610
0.8882, 0.1610
0.8882, 0.1610
0.8882, 0.1584
0.8882, 0.1584
0.8882, 0.1584
0.8816, 0.1584
0.8816, 0.1584
0.8816, 0.1584
0.8816, 0.1584
0.8816, 0.1584
0.8816, 0.1584
0.8816, 0.1584
0.8816, 0.1584
0.8816, 0.1584
0.8816, 0.1584
0.8816, 0.1584
0.8816, 0.1584
0.8816, 0.1584
0.8750, 0.1584
0.8750, 0.1584
0.8750, 0.1584
0.8750, 0.1584
0.8750, 0.1584
0.8750, 0.1584
0.8750, 0.1584
0.8750, 0.1584
0.8750, 0.1584
0.8750, 0.1584
0.8684, 0.1584
0.8684, 0.1584
0.8684, 0.1584
0.8684, 0.1584
0.8684, 0.1584
0.8684, 0.1584
0.8684, 0.1584
0.8684, 0.1584
0.8684, 0.1584
0.8684, 0.1584
0.8684, 0.1558
0.8684, 0.1558
0.8684, 0.1558
0.8618, 0.1558
0.8618, 0.1558
0.8618, 0.1558
0.8618, 0.1558
0.8618, 0.1558
0.8618, 0.1558
0.8618, 0.1558
0.8618, 0.1558
0.8618, 0.1558
0.8618, 0.1558
0.8553, 0.1558
0.8553, 0.1558
0.8553, 0.1558
0.8553, 0.1532
0.8553, 0.1532
0.8553, 0.1532
0.8553, 0.1532
0.8553, 0.1532
0.8553, 0.1532
0.8553, 0.1532
0.8487, 0.1532
0.8487, 0.1532
0.8487, 0.1532
0.8421, 0.1532
0.8421, 0.1532
0.8421, 0.1532
0.8421, 0.1532
0.8421, 0.1532
0.8421, 0.1532
0.8355, 0.1532
0.8355, 0.1532
0.8355, 0.1532
0.8355, 0.1532
0.8355, 0.1532
0.8355, 0.1532
0.8355, 0.1532
0.8355, 0.1506
0.8355, 0.1506
0.8355, 0.1506
0.8289, 0.1506
0.8289, 0.1506
0.8289, 0.1506
0.8289, 0.1506
0.8289, 0.1506
0.8289, 0.1506
0.8224, 0.1506
0.8224, 0.1506
0.8224, 0.1506
0.8224, 0.1506
0.8224, 0.1506
0.8224, 0.1506
0.8224, 0.1506
0.8224, 0.1506
0.8224, 0.1506
0.8158, 0.1506
0.8158, 0.1506
0.8158, 0.1506
0.8092, 0.1506
0.8092, 0.1506
0.8092, 0.1506
0.8092, 0.1506
0.8092, 0.1506
0.8092, 0.1506
0.8092, 0.1506
0.8026, 0.1506
0.8026, 0.1506
0.8026, 0.1506
0.8026, 0.1506
0.8026, 0.1506
0.8026, 0.1506
0.7961, 0.1506
0.7961, 0.1506
0.7961, 0.1506
0.7895, 0.1506
0.7895, 0.1506
0.7895, 0.1506
0.7895, 0.1506
0.7895, 0.1506
0.7895, 0.1506
0.7895, 0.1506
0.7895, 0.1506
0.7895, 0.1506
0.7829, 0.1506
0.7829, 0.1506
0.7829, 0.1506
0.7763, 0.1506
0.7763, 0.1506
0.7763, 0.1506
0.7763, 0.1506
0.7763, 0.1506
0.7763, 0.1506
0.7763, 0.1506
0.7697, 0.1506
0.7697, 0.1506
0.7697, 0.1506
0.7697, 0.1506
0.7697, 0.1506
0.7697, 0.1506
0.7632, 0.1506
0.7632, 0.1506
0.7632, 0.1506
0.7566, 0.1506
0.7566, 0.1506
0.7566, 0.1506
0.7566, 0.1506
0.7566, 0.1506
0.7566, 0.1506
0.7566, 0.1506
0.7566, 0.1506
0.7566, 0.1506
0.7566, 0.1506
0.7566, 0.1506
0.7566, 0.1506
0.7566, 0.1506
0.7500, 0.1506
0.7500, 0.1506
0.7500, 0.1506
0.7434, 0.1506
0.7434, 0.1506
0.7368, 0.1506
0.7368, 0.1506
0.7368, 0.1506
0.7368, 0.1506
0.7368, 0.1506
0.7368, 0.1506
0.7368, 0.1506
0.7368, 0.1506
0.7368, 0.1506
0.7368, 0.1506
0.7368, 0.1506
0.7368, 0.1506
0.7368, 0.1506
0.7368, 0.1506
0.7368, 0.1506
0.7368, 0.1506
0.7368, 0.1506
0.7368, 0.1506
0.7368, 0.1506
0.7368, 0.1506
0.7368, 0.1506
0.7368, 0.1506
0.7368, 0.1506
0.7368, 0.1506
0.7368, 0.1506
0.7368, 0.1506
0.7368, 0.1506
0.7368, 0.1506
0.7368, 0.1506
0.7368, 0.1506
0.7368, 0.1506
0.7368, 0.1506
0.7368, 0.1506
0.7368, 0.1506
0.7368, 0.1506
0.7368, 0.1506
0.7368, 0.1506
0.7368, 0.1506
0.7368, 0.1506
0.7368, 0.1506
0.7368, 0.1506
0.7368, 0.1506
0.7368, 0.1506
0.7368, 0.1506
0.7368, 0.1506
0.7368, 0.1506
0.7368, 0.1506
0.7368, 0.1506
0.7368, 0.1506
0.7368, 0.1506
0.7368, 0.1506
0.7368, 0.1506
0.7368, 0.1506
0.7368, 0.1506
0.7368, 0.1506
0.7368, 0.1506
0.7368, 0.1506
0.7368, 0.1506
0.7368, 0.1506
0.7368, 0.1506
0.7368, 0.1506
0.7368, 0.1506
0.7368, 0.1506
0.7368, 0.1506
0.7368, 0.1506
0.7368, 0.1506
0.7368, 0.1506
0.7368, 0.1506
0.7368, 0.1506
0.7368, 0.1506
0.7368, 0.1506
0.7368, 0.1506
0.7368, 0.1506
0.7368, 0.1506
0.7368, 0.1506
0.7368, 0.1506
0.7368, 0.1506
0.7368, 0.1506
0.7368, 0.1506
0.7368, 0.1506
0.7368, 0.1506
0.7368, 0.1506
0.7368, 0.1506
0.7368, 0.1506
0.7368, 0.1506
0.7368, 0.1506
0.7368, 0.1506
0.7368, 0.1506
0.7368, 0.1506
0.7368, 0.1506
0.7368, 0.1506
0.7368, 0.1506
0.7368, 0.1506
0.7368, 0.1506
0.7368, 0.1506
0.7368, 0.1506
0.7368, 0.1506
0.7368, 0.1506
0.7368, 0.1506
0.7368, 0.1506
0.7368, 0.1506
0.7368, 0.1506
0.7368, 0.1506
0.7368, 0.1506
0.7368, 0.1506
0.7368, 0.1506
0.7368, 0.1506
0.7368, 0.1506
0.7368, 0.1506
0.7368, 0.1506
0.7368, 0.1506
0.7368, 0.1506
0.7368, 0.1506
0.7368, 0.1506
0.7434, 0.1506
0.7434, 0.1506
0.7434, 0.1506
0.7434, 0.1506
0.7434, 0.1506
0.7434, 0.1506
0.7500, 0.1506
0.7500, 0.1506
0.7500, 0.1506
0.7500, 0.1506
0.7500, 0.1506
0.7500, 0.1506
0.7500, 0.1506
0.7500, 0.1506
0.7500, 0.1506
0.7500, 0.1506
0.7500, 0.1506
0.7500, 0.1506
0.7566, 0.1506
0.7566, 0.1506
0.7566, 0.1506
0.7632, 0.1506
0.7632, 0.1506
0.7632, 0.1506
0.7632, 0.1506
0.7632, 0.1506
0.7632, 0.1506
0.7632, 0.1506
0.7632, 0.1506
0.7632, 0.1506
0.7632, 0.1506
0.7632, 0.1506
0.7632, 0.1506
0.7632, 0.1506
0.7632, 0.1506
0.7632, 0.1506
0.7632, 0.1506
0.7632, 0.1506
0.7632, 0.1506
0.7632, 0.1506
0.7697, 0.1506
0.7697, 0.1506
0.7697, 0.1506
0.7697, 0.1506
0.7697, 0.1506
0.7697, 0.1506
0.7763, 0.1506
0.7763, 0.1506
0.7763, 0.1506
0.7763, 0.1506
0.7763, 0.1506
0.7763, 0.1506
0.7763, 0.1506
0.7829, 0.1506
0.7829, 0.1506
0.7829, 0.1506
0.7829, 0.1506
0.7829, 0.1506
0.7829, 0.1506
0.7829, 0.1506
0.7829, 0.1506
0.7829, 0.1506
0.7829, 0.1506
0.7829, 0.1506
0.7829, 0.1506
0.7829, 0.1506
0.7829, 0.1506
0.7829, 0.1506
0.7895, 0.1506
0.7895, 0.1506
0.7895, 0.1506
0.7895, 0.1506
0.7895, 0.1506
0.7895, 0.1506
0.7895, 0.1506
0.7895, 0.1506
0.7895, 0.1506
0.7961, 0.1506
0.7961, 0.1506
0.7961, 0.1506
0.7961, 0.1506
0.7961, 0.1506
0.7961, 0.1506
0.7961, 0.1506
0.7961, 0.1506
0.7961, 0.1506
0.7961, 0.1506
0.7961, 0.1506
0.7961, 0.1506
0.7961, 0.1506
0.7961, 0.1506
0.7961, 0.1506
0.7961, 0.1506
0.8026, 0.1506
0.8026, 0.1506
0.8026, 0.1506
0.8026, 0.1506
0.8026, 0.1506
0.8026, 0.1506
0.8092, 0.1506
0.8092, 0.1506
0.8092, 0.1506
0.8092, 0.1506
0.8092, 0.1506
0.8092, 0.1506
0.8092, 0.1506
0.8158, 0.1506
0.8158, 0.1506
0.8158, 0.1506
0.8158, 0.1506
0.8158, 0.1506
0.8158, 0.1506
0.8158, 0.1506
0.8158, 0.1506
0.8158, 0.1506
0.8158, 0.1506
0.8158, 0.1506
0.8158, 0.1506
0.8224, 0.1506
0.8224, 0.1506
0.8224, 0.1506
0.8224, 0.1506
0.8224, 0.1506
0.8224, 0.1506
0.8224, 0.1506
0.8224, 0.1506
0.8224, 0.1506
0.8224, 0.1506
0.8224, 0.1506
0.8224, 0.1506
0.8224, 0.1506
0.8289, 0.1506
0.8289, 0.1506
0.8289, 0.1506
0.8289, 0.1506
0.8289, 0.1506
0.8289, 0.1506
0.8289, 0.1506
0.8289, 0.1506
0.8289, 0.1506
0.8289, 0.1506
0.8289, 0.1506
0.8355, 0.1506
0.8355, 0.1506
0.8355, 0.1506
0.8355, 0.1506
0.8355, 0.1506
0.8355, 0.1506
0.8421, 0.1506
0.8421, 0.1506
0.8421, 0.1506
0.8421, 0.1506
0.8421, 0.1506
0.8421, 0.1506
0.8487, 0.1506
0.8487, 0.1506
0.8487, 0.1506
0.8487, 0.1506
0.8487, 0.1506
0.8487, 0.1506
0.8487, 0.1506
0.8487, 0.1506
0.8487, 0.1506
0.8487, 0.1506
0.8487, 0.1506
0.8487, 0.1506
0.8487, 0.1506
0.8487, 0.1506
0.8487, 0.1506
0.8487, 0.1506
0.8553, 0.1506
0.8553, 0.1506
0.8553, 0.1506
0.8553, 0.1506
0.8553, 0.1506
0.8553, 0.1506
0.8618, 0.1506
0.8618, 0.1506
0.8618, 0.1506
0.8618, 0.1506
0.8618, 0.1506
0.8684, 0.1506
0.8684, 0.1506
0.8684, 0.1506
0.8684, 0.1506
0.8684, 0.1506
0.8684, 0.1506
0.8684, 0.1506
0.8750, 0.1506
0.8750, 0.1506
0.8750, 0.1506
0.8750, 0.1506
0.8750, 0.1506
0.8750, 0.1506
0.8816, 0.1481
0.8816, 0.1481
0.8882, 0.1481
0.8882, 0.1481
0.8882, 0.1481
0.8947, 0.1481
0.8947, 0.1481
0.8947, 0.1481
0.8947, 0.1481
0.8947, 0.1481
0.8947, 0.1481
0.8947, 0.1481
0.8947, 0.1481
0.8947, 0.1481
0.8947, 0.1481
0.8947, 0.1481
0.8947, 0.1481
0.8947, 0.1481
0.9013, 0.1481
0.9013, 0.1481
0.9013, 0.1481
0.9013, 0.1481
0.9013, 0.1481
0.9013, 0.1481
0.9013, 0.1481
0.9013, 0.1481
0.9013, 0.1481
0.9013, 0.1481
0.9013, 0.1481
0.9079, 0.1481
0.9079, 0.1481
0.9079, 0.1481
0.9079, 0.1455
0.9079, 0.1455
0.9079, 0.1455
0.9079, 0.1455
0.9079, 0.1455
0.9079, 0.1455
0.9079, 0.1455
0.9079, 0.1455
0.9079, 0.1455
0.9079, 0.1455
0.9079, 0.1455
0.9079, 0.1455
0.9145, 0.1455
0.9145, 0.1455
0.9145, 0.1455
0.9145, 0.1455
0.9145, 0.1455
0.9145, 0.1455
0.9211, 0.1455
0.9211, 0.1455
0.9211, 0.1455
0.9211, 0.1455
0.9211, 0.1455
0.9211, 0.1455
0.9211, 0.1455
0.9211, 0.1455
0.9211, 0.1455
0.9211, 0.1455
0.9211, 0.1455
0.9211, 0.1455
0.9211, 0.1455
0.9211, 0.1455
0.9211, 0.1455
0.9211, 0.1455
0.9276, 0.1455
0.9276, 0.1455
0.9276, 0.1455
0.9276, 0.1455
0.9276, 0.1455
0.9276, 0.1455
0.9276, 0.1455
0.9276, 0.1455
0.9276, 0.1455
0.9276, 0.1455
0.9276, 0.1455
0.9276, 0.1429
0.9276, 0.1429
0.9276, 0.1429
0.9276, 0.1429
0.9276, 0.1429
0.9276, 0.1429
0.9342, 0.1403
0.9342, 0.1403
0.9342, 0.1403
0.9342, 0.1403
0.9342, 0.1403
0.9342, 0.1403
0.9342, 0.1403
0.9342, 0.1403
0.9342, 0.1403
0.9408, 0.1403
0.9408, 0.1403
0.9408, 0.1403
0.9408, 0.1403
0.9408, 0.1403
0.9408, 0.1377
0.9408, 0.1377
0.9408, 0.1377
0.9408, 0.1377
0.9408, 0.1377
0.9408, 0.1377
0.9408, 0.1377
0.9408, 0.1377
0.9408, 0.1377
0.9474, 0.1351
0.9474, 0.1351
0.9474, 0.1351
0.9474, 0.1351
0.9474, 0.1351
0.9474, 0.1351
0.9474, 0.1351
0.9474, 0.1351
0.9474, 0.1351
0.9539, 0.1325
0.9539, 0.1325
0.9539, 0.1325
0.9539, 0.1325
0.9539, 0.1325
0.9539, 0.1325
0.9539, 0.1325
0.9539, 0.1325
0.9539, 0.1325
0.9539, 0.1325
0.9539, 0.1325
0.9605, 0.1299
0.9605, 0.1299
0.9605, 0.1299
0.9605, 0.1299
0.9605, 0.1299
0.9605, 0.1299
0.9605, 0.1273
0.9605, 0.1273
0.9605, 0.1273
0.9605, 0.1273
0.9605, 0.1273
0.9605, 0.1273
0.9605, 0.1273
0.9605, 0.1273
0.9605, 0.1273
0.9605, 0.1273
0.9605, 0.1273
0.9605, 0.1273
0.9605, 0.1247
0.9605, 0.1247
0.9605, 0.1247
0.9671, 0.1247
0.9671, 0.1247
0.9671, 0.1247
0.9671, 0.1221
0.9671, 0.1221
0.9671, 0.1221
0.9671, 0.1221
0.9671, 0.1221
0.9737, 0.1195
0.9737, 0.1195
0.9737, 0.1195
0.9737, 0.1195
0.9737, 0.1195
0.9737, 0.1195
0.9737, 0.1195
0.9737, 0.1195
0.9737, 0.1195
0.9737, 0.1195
0.9737, 0.1195
0.9737, 0.1195
0.9737, 0.1195
0.9737, 0.1195
0.9737, 0.1195
0.9737, 0.1195
0.9737, 0.1195
0.9737, 0.1195
0.9737, 0.1169
0.9737, 0.1169
0.9737, 0.1169
0.9737, 0.1169
0.9737, 0.1169
0.9737, 0.1169
0.9737, 0.1143
0.9737, 0.1143
0.9737, 0.1143
0.9803, 0.1143
0.9803, 0.1143
0.9803, 0.1143
0.9803, 0.1143
0.9803, 0.1143
0.9803, 0.1143
0.9803, 0.1143
0.9803, 0.1143
0.9803, 0.1143
0.9803, 0.1117
0.9803, 0.1117
0.9803, 0.1117
0.9868, 0.1117
0.9868, 0.1117
0.9868, 0.1117
0.9868, 0.1091
0.9868, 0.1091
0.9868, 0.1091
0.9868, 0.1091
0.9868, 0.1091
0.9868, 0.1091
0.9868, 0.1091
0.9868, 0.1091
0.9868, 0.1065
0.9868, 0.1065
0.9868, 0.1065
0.9868, 0.1065
0.9868, 0.1065
0.9868, 0.1065
0.9868, 0.1065
0.9868, 0.1065
0.9868, 0.1065
0.9934, 0.1039
0.9934, 0.1039
0.9934, 0.1039
0.9934, 0.1039
0.9934, 0.1039
0.9934, 0.1039
0.9934, 0.1013
0.9934, 0.1013
0.9934, 0.1013
0.9934, 0.1013
0.9934, 0.1013
0.9934, 0.1013
0.9934, 0.1013
0.9934, 0.1013
0.9934, 0.0987
0.9934, 0.0987
0.9934, 0.0987
0.9934, 0.0987
0.9934, 0.0987
0.9934, 0.0987
0.9934, 0.0961
0.9934, 0.0961
0.9934, 0.0961
0.9934, 0.0961
0.9934, 0.0961
0.9934, 0.0935
0.9934, 0.0935
0.9934, 0.0935
0.9934, 0.0935
0.9934, 0.0935
0.9934, 0.0935
0.9934, 0.0909
1.0000, 0.0909
1.0000, 0.0883
1.0000, 0.0883
1.0000, 0.0883
1.0000, 0.0883
1.0000, 0.0883
1.0000, 0.0883
1.0000, 0.0857
1.0000, 0.0857
1.0000, 0.0831
1.0000, 0.0831
1.0000, 0.0805
1.0000, 0.0805
1.0000, 0.0805
1.0000, 0.0805
1.0000, 0.0805
1.0000, 0.0805
1.0000, 0.0805
1.0000, 0.0779
1.0000, 0.0779
1.0000, 0.0779
1.0000, 0.0753
1.0000, 0.0753
1.0000, 0.0753
1.0000, 0.0753
1.0000, 0.0753
1.0000, 0.0753
1.0000, 0.0727
1.0000, 0.0727
1.0000, 0.0701
1.0000, 0.0701
1.0000, 0.0701
1.0000, 0.0675
1.0000, 0.0675
1.0000, 0.0675
1.0000, 0.0675
1.0000, 0.0675
1.0000, 0.0649
1.0000, 0.0649
1.0000, 0.0623
1.0000, 0.0623
1.0000, 0.0623
1.0000, 0.0623
1.0000, 0.0597
1.0000, 0.0597
1.0000, 0.0597
1.0000, 0.0571
1.0000, 0.0571
1.0000, 0.0571
1.0000, 0.0571
1.0000, 0.0571
1.0000, 0.0545
1.0000, 0.0545
1.0000, 0.0519
1.0000, 0.0519
0.9934, 0.0519
0.9934, 0.0494
0.9934, 0.0494
0.9934, 0.0494
0.9934, 0.0494
0.9934, 0.0494
0.9934, 0.0468
0.9934, 0.0468
0.9934, 0.0442
0.9868, 0.0442
0.9868, 0.0442
0.9868, 0.0416
0.9868, 0.0416
0.9868, 0.0416
0.9868, 0.0390
0.9868, 0.0390
0.9868, 0.0364
0.9868, 0.0364
0.9868, 0.0364
0.9868, 0.0364
0.9868, 0.0338
0.9868, 0.0338
0.9803, 0.0338
0.9803, 0.0338
0.9803, 0.0338
0.9803, 0.0338
0.9803, 0.0338
0.9803, 0.0338
0.9803, 0.0312
0.9803, 0.0312
0.9803, 0.0312
0.9803, 0.0312
0.9803, 0.0312
0.9803, 0.0312
0.9803, 0.0312
0.9803, 0.0312
0.9803, 0.0312
0.9803, 0.0312
0.9803, 0.0312
0.9803, 0.0312
0.9803, 0.0312
0.9803, 0.0312
0.9803, 0.0312
0.9803, 0.0312
0.9803, 0.0312
0.9803, 0.0312
0.9803, 0.0312
0.9803, 0.0312
0.9803, 0.0312
0.9803, 0.0312
0.9803, 0.0312
0.9803, 0.0312
0.9803, 0.0312
0.9803, 0.0286
0.9803, 0.0286
0.9803, 0.0286
0.9803, 0.0286
0.9803, 0.0286
0.9803, 0.0286
0.9803, 0.0286
0.9803, 0.0286
0.9803, 0.0286
0.9803, 0.0286
0.9803, 0.0286
0.9803, 0.0260
0.9803, 0.0260
0.9737, 0.0260
0.9737, 0.0260
0.9737, 0.0260
0.9737, 0.0234
0.9737, 0.0234
0.9737, 0.0234
0.9737, 0.0234
0.9737, 0.0234
0.9737, 0.0234
0.9671, 0.0234
0.9671, 0.0234
0.9671, 0.0234
0.9671, 0.0234
0.9671, 0.0234
0.9671, 0.0234
0.9671, 0.0234
0.9671, 0.0234
0.9671, 0.0234
0.9671, 0.0234
0.9671, 0.0234
0.9671, 0.0234
0.9671, 0.0234
0.9671, 0.0234
0.9671, 0.0234
0.9671, 0.0234
0.9671, 0.0234
0.9671, 0.0208
0.9671, 0.0208
0.9671, 0.0208
0.9671, 0.0208
0.9671, 0.0208
0.9671, 0.0208
0.9671, 0.0208
0.9671, 0.0208
0.9605, 0.0182
0.9605, 0.0182
0.9605, 0.0182
0.9605, 0.0182
0.9605, 0.0182
0.9605, 0.0182
0.9605, 0.0182
0.9605, 0.0182
0.9605, 0.0182
0.9539, 0.0182
0.9539, 0.0182
0.9539, 0.0182
0.9539, 0.0182
0.9539, 0.0182
0.9539, 0.0156
0.9539, 0.0156
0.9539, 0.0156
0.9474, 0.0156
0.9474, 0.0156
0.9474, 0.0156
0.9474, 0.0156
0.9474, 0.0156
0.9474, 0.0156
0.9474, 0.0156
0.9474, 0.0156
0.9474, 0.0130
0.9474, 0.0130
0.9474, 0.0130
0.9474, 0.0130
0.9474, 0.0130
0.9474, 0.0130
0.9474, 0.0130
0.9474, 0.0130
0.9474, 0.0130
0.9408, 0.0104
0.9408, 0.0104
0.9408, 0.0104
0.9408, 0.0104
0.9408, 0.0104
0.9342, 0.0104
0.9342, 0.0104
0.9342, 0.0104
0.9342, 0.0104
0.9342, 0.0104
0.9342, 0.0104
0.9342, 0.0104
0.9342, 0.0104
0.9342, 0.0104
0.9342, 0.0104
0.9342, 0.0104
0.9342, 0.0104
0.9342, 0.0104
0.9342, 0.0104
0.9276, 0.0104
0.9276, 0.0104
0.9276, 0.0104
0.9276, 0.0104
0.9276, 0.0104
0.9211, 0.0104
0.9211, 0.0104
0.9211, 0.0104
0.9211, 0.0104
0.9211, 0.0104
0.9145, 0.0104
0.9145, 0.0104
0.9145, 0.0104
0.9145, 0.0104
0.9145, 0.0104
0.9145, 0.0104
0.9145, 0.0078
0.9145, 0.0078
0.9145, 0.0078
0.9079, 0.0078
0.9079, 0.0078
0.9079, 0.0078
0.9079, 0.0078
0.9079, 0.0078
0.9013, 0.0078
0.9013, 0.0078
0.9013, 0.0078
0.9013, 0.0078
0.9013, 0.0078
0.9013, 0.0078
0.9013, 0.0078
0.9013, 0.0078
0.9013, 0.0078
0.8947, 0.0052
0.8947, 0.0052
0.8882, 0.0052
0.8882, 0.0052
0.8882, 0.0052
0.8816, 0.0052
0.8816, 0.0052
0.8816, 0.0052
0.8816, 0.0052
0.8816, 0.0052
0.8816, 0.0052
0.8816, 0.0052
0.8816, 0.0052
0.8750, 0.0052
0.8750, 0.0052
0.8750, 0.0052
0.8684, 0.0052
0.8684, 0.0052
0.8684, 0.0052
0.8684, 0.0052
0.8684, 0.0052
0.8684, 0.0052
0.8684, 0.0052
0.8684, 0.0052
0.8684, 0.0052
0.8684, 0.0052
0.8684, 0.0052
0.8684, 0.0052
0.8684, 0.0052
0.8684, 0.0052
0.8618, 0.0052
0.8618, 0.0052
0.8618, 0.0052
0.8618, 0.0052
0.8618, 0.0052
0.8618, 0.0052
0.8618, 0.0052
0.8618, 0.0052
0.8553, 0.0052
0.8553, 0.0052
0.8553, 0.0052
0.8553, 0.0052
0.8553, 0.0052
0.8553, 0.0052
0.8553, 0.0052
0.8553, 0.0052
0.8487, 0.0052
0.8487, 0.0052
0.8487, 0.0052
0.8487, 0.0052
0.8487, 0.0052
0.8421, 0.0052
0.8421, 0.0052
0.8421, 0.0052
0.8421, 0.0052
0.8421, 0.0052
0.8421, 0.0052
0.8355, 0.0026
0.8355, 0.0026
0.8355, 0.0026
0.8355, 0.0026
0.8355, 0.0026
0.8289, 0.0026
0.8289, 0.0026
0.8289, 0.0026
0.8289, 0.0026
0.8289, 0.0026
0.8289, 0.0026
0.8224, 0.0026
0.8224, 0.0026
0.8224, 0.0026
0.8224, 0.0026
0.8224, 0.0026
0.8224, 0.0026
0.8224, 0.0026
0.8224, 0.0026
0.8158, 0.0026
0.8158, 0.0026
0.8158, 0.0026
0.8158, 0.0026
0.8158, 0.0026
0.8092, 0.0026
0.8092, 0.0026
0.8092, 0.0026
0.8092, 0.0026
0.8092, 0.0026
0.8026, 0.0026
0.8026, 0.0026
0.8026, 0.0026
0.8026, 0.0026
0.8026, 0.0026
0.8026, 0.0026
0.7961, 0.0000
0.7961, 0.0000
0.7961, 0.0000
0.7895, 0.0000
0.7895, 0.0000
0.7895, 0.0000
0.7895, 0.0000
0.7895, 0.0000
0.7895, 0.0000
0.7829, 0.0000
0.7829, 0.0000
0.7829, 0.0000
0.7829, 0.0000
0.7763, 0.0000
0.7763, 0.0000
0.7697, 0.0000
0.7697, 0.0000
0.7697, 0.0000
0.7697, 0.0000
0.7697, 0.0000
0.7697, 0.0000
0.7697, 0.0000
0.7697, 0.0000
0.7697, 0.0000
0.7632, 0.0000
0.7632, 0.0000
0.7566, 0.0000
0.7566, 0.0000
0.7566, 0.0000
0.7566, 0.0000
0.7566, 0.0000
0.7566, 0.0000
0.7566, 0.0000
0.7500, 0.0000
0.7500, 0.0000
0.7434, 0.0000
0.7434, 0.0000
0.7368, 0.0000
0.7368, 0.0000
0.7368, 0.0000
0.7368, 0.0000
0.7368, 0.0000
0.7303, 0.0000
0.7303, 0.0000
0.7303, 0.0000
0.7303, 0.0000
0.7237, 0.0000
0.7237, 0.0000
0.7237, 0.0000
0.7237, 0.0000
0.7171, 0.0000
0.7171, 0.0000
0.7171, 0.0000
0.7105, 0.0000
0.7105, 0.0000
0.7039, 0.0000
0.7039, 0.0000
0.7039, 0.0000
0.7039, 0.0000
0.7039, 0.0000
0.7039, 0.0000
0.6974, 0.0000
0.6974, 0.0000
0.6908, 0.0000
0.6908, 0.0000
0.6908, 0.0026
0.6908, 0.0026
0.6776, 0.0026
0.6776, 0.0026
0.6711, 0.0026
0.6711, 0.0026
0.6711, 0.0026
0.6711, 0.0026
0.6645, 0.0026
0.6645, 0.0026
0.6579, 0.0026
0.6579, 0.0026
0.6513, 0.0026
0.6513, 0.0026
0.6513, 0.0026
0.6513, 0.0026
0.6513, 0.0052
0.6513, 0.0052
0.6447, 0.0052
0.6447, 0.0052
0.6382, 0.0052
0.6382, 0.0052
0.6382, 0.0052
0.6382, 0.0052
0.6382, 0.0052
0.6250, 0.0078
0.6250, 0.0078
0.6184, 0.0078
0.6184, 0.0078
0.6184, 0.0104
0.6184, 0.0104
0.6118, 0.0104
0.6118, 0.0104
0.6053, 0.0104
0.6053, 0.0104
0.6053, 0.0104
0.6053, 0.0104
0.6053, 0.0104
0.6053, 0.0104
0.6053, 0.0104
0.5987, 0.0104
0.5987, 0.0104
0.5987, 0.0104
0.5987, 0.0104
0.5987, 0.0104
0.5987, 0.0104
0.5987, 0.0104
0.5987, 0.0104
0.5987, 0.0104
0.5921, 0.0104
0.5921, 0.0104
0.5921, 0.0104
0.5921, 0.0104
0.5921, 0.0104
0.5921, 0.0104
0.5921, 0.0104
0.5921, 0.0104
0.5921, 0.0104
0.5921, 0.0104
0.5921, 0.0104
0.5921, 0.0104
0.5921, 0.0104
0.5921, 0.0104
0.5921, 0.0104
0.5921, 0.0104
0.5921, 0.0104
0.5921, 0.0104
0.5921, 0.0104
0.5921, 0.0104
0.5921, 0.0104
0.5921, 0.0104
0.5921, 0.0104
0.5855, 0.0130
0.5855, 0.0130
0.5855, 0.0130
0.5855, 0.0130
0.5855, 0.0130
0.5855, 0.0130
0.5855, 0.0130
0.5855, 0.0130
0.5855, 0.0130
0.5855, 0.0130
0.5855, 0.0130
0.5855, 0.0130
0.5855, 0.0130
0.5855, 0.0130
0.5855, 0.0130
0.5855, 0.0156
0.5855, 0.0156
0.5855, 0.0156
0.5855, 0.0156
0.5855, 0.0156
0.5855, 0.0156
0.5855, 0.0156
0.5855, 0.0156
0.5855, 0.0156
0.5855, 0.0156
0.5855, 0.0156
0.5855, 0.0156
0.5855, 0.0156
0.5855, 0.0156
0.5855, 0.0156
0.5855, 0.0156
0.5855, 0.0156
0.5855, 0.0156
0.5855, 0.0156
0.5855, 0.0156
0.5855, 0.0156
0.5855, 0.0156
0.5855, 0.0156
0.5855, 0.0156
0.5855, 0.0156
0.5855, 0.0156
0.5855, 0.0156
0.5855, 0.0156
0.5855, 0.0156
0.5855, 0.0156
0.5855, 0.0156
0.5855, 0.0156
0.5855, 0.0156
0.5855, 0.0156
0.5855, 0.0156
0.5855, 0.0156
0.5855, 0.0156
0.5855, 0.0156
0.5855, 0.0156
0.5855, 0.0156
0.5855, 0.0156
0.5855, 0.0156
0.5855, 0.0156
0.5855, 0.0156
0.5855, 0.0156
0.5855, 0.0156
0.5855, 0.0156
0.5855, 0.0156
0.5855, 0.0156
0.5855, 0.0156
0.5855, 0.0156
0.5855, 0.0156
0.5855, 0.0156
0.5855, 0.0156
0.5855, 0.0156
0.5855, 0.0156
0.5855, 0.0156
0.5855, 0.0182
0.0000, 1.0000
0.0000, 1.0000
0.0000, 1.0000
0.0000, 1.0000
0.0000, 1.0000
0.0000, 1.0000
0.0000, 1.0000
0.0000, 1.0000
0.0000, 1.0000
0.0000, 1.0000
0.0000, 1.0000
0.0000, 1.0000
0.0000, 1.0000
0.0000, 1.0000
0.0000, 1.0000
0.0000, 1.0000
0.0000, 1.0000
0.0000, 1.0000
0.0000, 1.0000
0.0000, 1.0000
0.0000, 1.0000
0.0000, 1.0000
0.0000, 1.0000
0.0000, 1.0000
0.0000, 1.0000
0.0000, 1.0000
0.0000, 1.0000
0.0000, 1.0000
0.0000, 1.0000
0.0000, 1.0000
0.0000, 1.0000
0.0000, 1.0000
0.0000, 1.0000
0.0000, 1.0000
0.0000, 1.0000
0.0000, 1.0000
0.0000, 1.0000
0.0000, 1.0000
