0.6687, 0.2513
0.6687, 0.2513
0.6687, 0.2513
0.6687, 0.2513
0.6687, 0.2513
0.6687, 0.2513
0.6687, 0.2513
0.6687, 0.2513
0.6687, 0.2513
0.6687, 0.2513
0.6687, 0.2513
0.6687, 0.2513
0.6687, 0.2513
0.6687, 0.2513
0.6687, 0.2513
0.6687, 0.2513
0.6687, 0.2513
0.6687, 0.2513
0.6687, 0.2513
0.6687, 0.2513
0.6687, 0.2513
0.6687, 0.2513
0.6687, 0.2513
0.6687, 0.2513
0.6687, 0.2513
0.6687, 0.2513
0.6687, 0.2513
0.6687, 0.2513
0.6687, 0.2513
0.6687, 0.2513
0.6687, 0.2513
0.6687, 0.2513
0.6687, 0.2513
0.6687, 0.2513
0.6687, 0.2513
0.6687, 0.2513
0.6687, 0.2513
0.6687, 0.2513
0.6687, 0.2513
0.6687, 0.2513
0.6687, 0.2513
0.6687, 0.2513
0.6687, 0.2513
0.6687, 0.2513
0.6687, 0.2513
0.6687, 0.2513
0.6687, 0.2513
0.6687, 0.2513
0.6687, 0.2513
0.6687, 0.2513
0.6687, 0.2513
0.6687, 0.2513
0.6687, 0.2513
0.6687, 0.2513
0.6687, 0.2513
0.6687, 0.2513
0.6687, 0.2513
0.6687, 0.2513
0.6747, 0.2513
0.6747, 0.2513
0.6747, 0.2513
0.6747, 0.2513
0.6747, 0.2513
0.6747, 0.2513
0.6747, 0.2513
0.6747, 0.2513
0.6747, 0.2513
0.6747, 0.2513
0.6747, 0.2513
0.6747, 0.2513
0.6747, 0.2513
0.6747, 0.2513
0.6747, 0.2513
0.6807, 0.2513
0.6807, 0.2513
0.6807, 0.2513
0.6807, 0.2513
0.6807, 0.2513
0.6807, 0.2513
0.6807, 0.2513
0.6807, 0.2513
0.6867, 0.2513
0.6867, 0.2513
0.6867, 0.2513
0.6867, 0.2513
0.6867, 0.2539
0.6867, 0.2539
0.6867, 0.2539
0.6867, 0.2539
0.6867, 0.2539
0.6867, 0.2539
0.6867, 0.2539
0.6867, 0.2539
0.6928, 0.2539
0.6928, 0.2539
0.6928, 0.2539
0.6988, 0.2539
0.6988, 0.2539
0.6988, 0.2539
0.6988, 0.2539
0.6988, 0.2539
0.6988, 0.2539
0.6988, 0.2539
0.7048, 0.2539
0.7048, 0.2539
0.7048, 0.2539
0.7048, 0.2539
0.7048, 0.2539
0.7048, 0.2539
0.7048, 0.2539
0.7048, 0.2539
0.7048, 0.2539
0.7048, 0.2539
0.7048, 0.2539
0.7048, 0.2539
0.7048, 0.2539
0.7048, 0.2539
0.7048, 0.2565
0.7048, 0.2565
0.7048, 0.2565
0.7048, 0.2565
0.7108, 0.2565
0.7108, 0.2565
0.7108, 0.2565
0.7169, 0.2565
0.7169, 0.2565
0.7169, 0.2565
0.7169, 0.2565
0.7169, 0.2565
0.7169, 0.2565
0.7169, 0.2565
0.7169, 0.2565
0.7169, 0.2565
0.7169, 0.2565
0.7169, 0.2565
0.7169, 0.2592
0.7169, 0.2592
0.7169, 0.2592
0.7169, 0.2592
0.7229, 0.2592
0.7229, 0.2592
0.7229, 0.2592
0.7229, 0.2592
0.7229, 0.2592
0.7229, 0.2592
0.7229, 0.2592
0.7229, 0.2592
0.7229, 0.2592
0.7229, 0.2592
0.7229, 0.2592
0.7289, 0.2592
0.7289, 0.2592
0.7289, 0.2592
0.7289, 0.2592
0.7289, 0.2592
0.7289, 0.2592
0.7289, 0.2592
0.7289, 0.2592
0.7349, 0.2592
0.7349, 0.2592
0.7349, 0.2592
0.7349, 0.2592
0.7349, 0.2592
0.7349, 0.2592
0.7349, 0.2592
0.7349, 0.2592
0.7349, 0.2592
0.7349, 0.2592
0.7410, 0.2592
0.7410, 0.2592
0.7410, 0.2592
0.7410, 0.2592
0.7470, 0.2592
0.7470, 0.2592
0.7470, 0.2592
0.7470, 0.2592
0.7470, 0.2592
0.7470, 0.2592
0.7470, 0.2592
0.7470, 0.2592
0.7470, 0.2592
0.7470, 0.2592
0.7470, 0.2592
0.7470, 0.2618
0.7470, 0.2618
0.7470, 0.2618
0.7470, 0.2618
0.7530, 0.2618
0.7530, 0.2618
0.7530, 0.2618
0.7530, 0.2618
0.7590, 0.2618
0.7590, 0.2618
0.7590, 0.2618
0.7590, 0.2618
0.7590, 0.2618
0.7590, 0.2618
0.7590, 0.2618
0.7590, 0.2618
0.7651, 0.2618
0.7651, 0.2618
0.7651, 0.2618
0.7651, 0.2618
0.7651, 0.2618
0.7651, 0.2618
0.7651, 0.2618
0.7651, 0.2618
0.7651, 0.2644
0.7651, 0.2644
0.7651, 0.2644
0.7651, 0.2644
0.7651, 0.2644
0.7651, 0.2644
0.7651, 0.2644
0.7651, 0.2644
0.7651, 0.2644
0.7651, 0.2644
0.7651, 0.2644
0.7651, 0.2644
0.7651, 0.2644
0.7651, 0.2644
0.7651, 0.2644
0.7651, 0.2644
0.7651, 0.2644
0.7651, 0.2644
0.7651, 0.2644
0.7651, 0.2644
0.7711, 0.2644
0.7711, 0.2644
0.7711, 0.2644
0.7711, 0.2644
0.7711, 0.2644
0.7711, 0.2644
0.7711, 0.2644
0.7711, 0.2644
0.7711, 0.2644
0.7711, 0.2644
0.7711, 0.2644
0.7711, 0.2644
0.7711, 0.2644
0.7771, 0.2644
0.7771, 0.2644
0.7771, 0.2644
0.7771, 0.2644
0.7771, 0.2644
0.7771, 0.2644
0.7771, 0.2644
0.7771, 0.2644
0.7771, 0.2670
0.7771, 0.2670
0.7771, 0.2670
0.7771, 0.2670
0.7831, 0.2670
0.7831, 0.2670
0.7831, 0.2670
0.7892, 0.2670
0.7892, 0.2670
0.7892, 0.2670
0.7892, 0.2670
0.7892, 0.2670
0.7892, 0.2670
0.7892, 0.2670
0.7892, 0.2670
0.7952, 0.2670
0.7952, 0.2670
0.7952, 0.2670
0.7952, 0.2670
0.7952, 0.2670
0.7952, 0.2670
0.7952, 0.2670
0.7952, 0.2670
0.7952, 0.2670
0.7952, 0.2670
0.7952, 0.2670
0.7952, 0.2670
0.7952, 0.2670
0.7952, 0.2670
0.7952, 0.2670
0.7952, 0.2670
0.7952, 0.2670
0.7952, 0.2670
0.7952, 0.2670
0.7952, 0.2670
0.7952, 0.2670
0.8012, 0.2670
0.8012, 0.2670
0.8012, 0.2670
0.8012, 0.2670
0.8072, 0.2670
0.8072, 0.2670
0.8072, 0.2670
0.8072, 0.2670
0.8072, 0.2670
0.8072, 0.2670
0.8072, 0.2670
0.8072, 0.2670
0.8072, 0.2670
0.8072, 0.2670
0.8072, 0.2670
0.8072, 0.2670
0.8072, 0.2670
0.8133, 0.2670
0.8133, 0.2670
0.8133, 0.2670
0.8133, 0.2670
0.8133, 0.2670
0.8133, 0.2670
0.8133, 0.2670
0.8193, 0.2670
0.8193, 0.2670
0.8193, 0.2670
0.8193, 0.2670
0.8193, 0.2670
0.8193, 0.2670
0.8193, 0.2670
0.8193, 0.2670
0.8193, 0.2670
0.8253, 0.2670
0.8253, 0.2670
0.8253, 0.2670
0.8253, 0.2670
0.8253, 0.2670
0.8253, 0.2670
0.8253, 0.2670
0.8253, 0.2670
0.8253, 0.2670
0.8253, 0.2670
0.8253, 0.2670
0.8253, 0.2670
0.8253, 0.2670
0.8253, 0.2670
0.8253, 0.2670
0.8313, 0.2670
0.8313, 0.2670
0.8313, 0.2670
0.8313, 0.2670
0.8313, 0.2670
0.8313, 0.2670
0.8313, 0.2670
0.8313, 0.2670
0.8373, 0.2670
0.8373, 0.2670
0.8373, 0.2670
0.8373, 0.2670
0.8373, 0.2670
0.8373, 0.2670
0.8373, 0.2670
0.8373, 0.2670
0.8373, 0.2670
0.8373, 0.2670
0.8373, 0.2670
0.8373, 0.2670
0.8373, 0.2670
0.8373, 0.2670
0.8373, 0.2670
0.8434, 0.2670
0.8434, 0.2670
0.8434, 0.2670
0.8434, 0.2670
0.8434, 0.2670
0.8434, 0.2670
0.8434, 0.2670
0.8434, 0.2670
0.8494, 0.2670
0.8494, 0.2670
0.8494, 0.2670
0.8494, 0.2670
0.8494, 0.2670
0.8494, 0.2670
0.8494, 0.2670
0.8494, 0.2670
0.8494, 0.2670
0.8494, 0.2670
0.8494, 0.2670
0.8494, 0.2670
0.8494, 0.2670
0.8494, 0.2670
0.8494, 0.2670
0.8494, 0.2670
0.8554, 0.2670
0.8554, 0.2670
0.8554, 0.2670
0.8554, 0.2670
0.8554, 0.2670
0.8554, 0.2670
0.8554, 0.2670
0.8554, 0.2670
0.8614, 0.2670
0.8614, 0.2670
0.8614, 0.2670
0.8614, 0.2670
0.8614, 0.2670
0.8614, 0.2670
0.8614, 0.2670
0.8614, 0.2670
0.8675, 0.2670
0.8675, 0.2670
0.8675, 0.2670
0.8675, 0.2670
0.8675, 0.2670
0.8675, 0.2670
0.8675, 0.2670
0.8675, 0.2670
0.8675, 0.2670
0.8675, 0.2670
0.8675, 0.2670
0.8675, 0.2670
0.8675, 0.2670
0.8675, 0.2670
0.8675, 0.2670
0.8675, 0.2670
0.8675, 0.2670
0.8675, 0.2670
0.8675, 0.2670
0.8675, 0.2670
0.8735, 0.2670
0.8735, 0.2670
0.8735, 0.2670
0.8735, 0.2670
0.8735, 0.2670
0.8735, 0.2670
0.8735, 0.2670
0.8795, 0.2670
0.8795, 0.2670
0.8795, 0.2670
0.8795, 0.2670
0.8795, 0.2670
0.8795, 0.2670
0.8795, 0.2670
0.8795, 0.2670
0.8795, 0.2670
0.8795, 0.2670
0.8855, 0.2670
0.8855, 0.2670
0.8855, 0.2670
0.8855, 0.2670
0.8855, 0.2670
0.8855, 0.2670
0.8855, 0.2670
0.8855, 0.2670
0.8916, 0.2670
0.8916, 0.2670
0.8916, 0.2670
0.8916, 0.2670
0.8916, 0.2644
0.8916, 0.2644
0.8916, 0.2644
0.8916, 0.2644
0.8976, 0.2644
0.8976, 0.2644
0.8976, 0.2644
0.8976, 0.2644
0.8976, 0.2644
0.8976, 0.2644
0.8976, 0.2644
0.8976, 0.2644
0.8976, 0.2644
0.8976, 0.2644
0.8976, 0.2644
0.8976, 0.2644
0.8976, 0.2644
0.8976, 0.2644
0.8976, 0.2644
0.8976, 0.2644
0.8976, 0.2644
0.8976, 0.2644
0.8976, 0.2644
0.9036, 0.2644
0.9036, 0.2644
0.9036, 0.2644
0.9036, 0.2618
0.9036, 0.2618
0.9036, 0.2618
0.9096, 0.2618
0.9096, 0.2618
0.9096, 0.2618
0.9096, 0.2618
0.9096, 0.2618
0.9096, 0.2618
0.9096, 0.2618
0.9096, 0.2618
0.9096, 0.2618
0.9096, 0.2618
0.9096, 0.2618
0.9096, 0.2618
0.9096, 0.2618
0.9096, 0.2618
0.9096, 0.2618
0.9096, 0.2618
0.9096, 0.2618
0.9157, 0.2618
0.9157, 0.2618
0.9157, 0.2618
0.9157, 0.2618
0.9157, 0.2618
0.9157, 0.2618
0.9157, 0.2618
0.9217, 0.2618
0.9217, 0.2618
0.9217, 0.2618
0.9217, 0.2618
0.9217, 0.2592
0.9217, 0.2592
0.9217, 0.2592
0.9277, 0.2592
0.9277, 0.2592
0.9277, 0.2592
0.9277, 0.2592
0.9277, 0.2592
0.9277, 0.2592
0.9277, 0.2592
0.9277, 0.2592
0.9277, 0.2592
0.9277, 0.2592
0.9277, 0.2592
0.9277, 0.2565
0.9277, 0.2565
0.9277, 0.2565
0.9337, 0.2565
0.9337, 0.2565
0.9337, 0.2565
0.9398, 0.2565
0.9398, 0.2565
0.9398, 0.2565
0.9398, 0.2565
0.9398, 0.2565
0.9398, 0.2565
0.9398, 0.2565
0.9398, 0.2565
0.9398, 0.2565
0.9398, 0.2565
0.9398, 0.2565
0.9398, 0.2565
0.9398, 0.2565
0.9398, 0.2565
0.9398, 0.2565
0.9398, 0.2565
0.9398, 0.2539
0.9398, 0.2539
0.9398, 0.2539
0.9398, 0.2539
0.9458, 0.2539
0.9458, 0.2539
0.9458, 0.2539
0.9458, 0.2539
0.9458, 0.2539
0.9458, 0.2539
0.9458, 0.2539
0.9458, 0.2539
0.9458, 0.2539
0.9458, 0.2539
0.9458, 0.2539
0.9458, 0.2539
0.9458, 0.2513
0.9458, 0.2513
0.9458, 0.2513
0.9518, 0.2513
0.9518, 0.2513
0.9518, 0.2513
0.9518, 0.2513
0.9518, 0.2513
0.9518, 0.2513
0.9518, 0.2513
0.9518, 0.2513
0.9518, 0.2513
0.9518, 0.2513
0.9518, 0.2513
0.9518, 0.2513
0.9578, 0.2513
0.9578, 0.2513
0.9578, 0.2513
0.9578, 0.2513
0.9578, 0.2513
0.9578, 0.2513
0.9578, 0.2513
0.9578, 0.2487
0.9578, 0.2487
0.9578, 0.2487
0.9578, 0.2487
0.9578, 0.2487
0.9578, 0.2487
0.9578, 0.2487
0.9578, 0.2487
0.9578, 0.2487
0.9578, 0.2487
0.9578, 0.2461
0.9578, 0.2461
0.9578, 0.2461
0.9578, 0.2461
0.9639, 0.2461
0.9639, 0.2461
0.9639, 0.2461
0.9639, 0.2461
0.9639, 0.2461
0.9639, 0.2461
0.9639, 0.2461
0.9639, 0.2435
0.9639, 0.2435
0.9639, 0.2435
0.9639, 0.2435
0.9699, 0.2435
0.9699, 0.2435
0.9699, 0.2435
0.9699, 0.2435
0.9699, 0.2435
0.9699, 0.2435
0.9699, 0.2435
0.9699, 0.2435
0.9699, 0.2435
0.9699, 0.2435
0.9699, 0.2435
0.9699, 0.2408
0.9699, 0.2408
0.9699, 0.2408
0.9699, 0.2408
0.9699, 0.2408
0.9699, 0.2408
0.9699, 0.2408
0.9699, 0.2382
0.9699, 0.2382
0.9699, 0.2382
0.9699, 0.2382
0.9759, 0.2382
0.9759, 0.2382
0.9759, 0.2382
0.9759, 0.2382
0.9759, 0.2382
0.9759, 0.2382
0.9759, 0.2382
0.9819, 0.2356
0.9819, 0.2356
0.9819, 0.2356
0.9819, 0.2356
0.9819, 0.2356
0.9819, 0.2356
0.9819, 0.2356
0.9819, 0.2356
0.9819, 0.2356
0.9819, 0.2356
0.9819, 0.2356
0.9819, 0.2356
0.9819, 0.2330
0.9819, 0.2330
0.9819, 0.2330
0.9819, 0.2330
0.9880, 0.2330
0.9880, 0.2330
0.9880, 0.2330
0.9880, 0.2304
0.9880, 0.2304
0.9880, 0.2304
0.9880, 0.2304
0.9880, 0.2304
0.9880, 0.2304
0.9880, 0.2304
0.9880, 0.2304
0.9880, 0.2304
0.9880, 0.2304
0.9880, 0.2304
0.9880, 0.2304
0.9880, 0.2304
0.9880, 0.2304
0.9880, 0.2304
0.9880, 0.2304
0.9880, 0.2304
0.9880, 0.2304
0.9880, 0.2304
0.9880, 0.2277
0.9880, 0.2277
0.9880, 0.2277
0.9880, 0.2277
0.9880, 0.2277
0.9880, 0.2277
0.9880, 0.2277
0.9880, 0.2277
0.9880, 0.2277
0.9880, 0.2277
0.9880, 0.2277
0.9880, 0.2251
0.9880, 0.2251
0.9880, 0.2251
0.9940, 0.2251
0.9940, 0.2251
0.9940, 0.2251
0.9940, 0.2251
0.9940, 0.2251
0.9940, 0.2251
0.9940, 0.2251
0.9940, 0.2251
0.9940, 0.2251
0.9940, 0.2251
0.9940, 0.2225
0.9940, 0.2225
0.9940, 0.2225
0.9940, 0.2225
0.9940, 0.2225
0.9940, 0.2225
0.9940, 0.2225
0.9940, 0.2225
1.0000, 0.2199
1.0000, 0.2199
1.0000, 0.2199
1.0000, 0.2199
1.0000, 0.2199
1.0000, 0.2199
1.0000, 0.2199
1.0000, 0.2199
1.0000, 0.2199
1.0000, 0.2199
1.0000, 0.2199
1.0000, 0.2173
1.0000, 0.2173
1.0000, 0.2173
1.0000, 0.2173
1.0000, 0.2173
1.0000, 0.2173
1.0000, 0.2173
1.0000, 0.2173
1.0000, 0.2173
1.0000, 0.2173
1.0000, 0.2173
1.0000, 0.2173
1.0000, 0.2173
1.0000, 0.2173
1.0000, 0.2173
1.0000, 0.2147
1.0000, 0.2147
1.0000, 0.2147
1.0000, 0.2147
1.0000, 0.2147
1.0000, 0.2147
1.0000, 0.2147
1.0000, 0.2120
1.0000, 0.2120
1.0000, 0.2120
1.0000, 0.2120
1.0000, 0.2120
1.0000, 0.2120
1.0000, 0.2120
1.0000, 0.2120
1.0000, 0.2120
1.0000, 0.2120
1.0000, 0.2120
1.0000, 0.2120
1.0000, 0.2120
1.0000, 0.2120
1.0000, 0.2120
1.0000, 0.2094
1.0000, 0.2094
1.0000, 0.2094
1.0000, 0.2094
1.0000, 0.2094
1.0000, 0.2094
1.0000, 0.2094
1.0000, 0.2068
1.0000, 0.2068
1.0000, 0.2068
1.0000, 0.2068
1.0000, 0.2068
1.0000, 0.2068
1.0000, 0.2068
1.0000, 0.2068
1.0000, 0.2068
1.0000, 0.2068
1.0000, 0.2068
1.0000, 0.2042
1.0000, 0.2042
1.0000, 0.2042
1.0000, 0.2042
1.0000, 0.2042
1.0000, 0.2042
1.0000, 0.2042
1.0000, 0.2042
1.0000, 0.2042
1.0000, 0.2042
1.0000, 0.2042
1.0000, 0.2042
1.0000, 0.2042
1.0000, 0.2042
1.0000, 0.2042
1.0000, 0.2042
1.0000, 0.2042
1.0000, 0.2042
1.0000, 0.2016
1.0000, 0.2016
1.0000, 0.2016
1.0000, 0.2016
1.0000, 0.2016
1.0000, 0.2016
1.0000, 0.2016
1.0000, 0.2016
1.0000, 0.2016
1.0000, 0.2016
1.0000, 0.1990
1.0000, 0.1990
1.0000, 0.1990
1.0000, 0.1990
0.9940, 0.1990
0.9940, 0.1990
0.9940, 0.1990
0.9940, 0.1990
0.9940, 0.1990
0.9940, 0.1990
0.9940, 0.1990
0.9940, 0.1990
0.9940, 0.1990
0.9940, 0.1990
0.9940, 0.1990
0.9940, 0.1990
0.9940, 0.1990
0.9940, 0.1990
0.9940, 0.1990
0.9940, 0.1990
0.9940, 0.1990
0.9940, 0.1990
0.9940, 0.1990
0.9940, 0.1990
0.9940, 0.1990
0.9940, 0.1990
0.9940, 0.1990
0.9940, 0.1990
0.9940, 0.1990
0.9940, 0.1990
0.9940, 0.1963
0.9940, 0.1963
0.9940, 0.1963
0.9940, 0.1963
0.9940, 0.1963
0.9940, 0.1963
0.9940, 0.1963
0.9880, 0.1963
0.9880, 0.1963
0.9880, 0.1963
0.9880, 0.1963
0.9880, 0.1937
0.9880, 0.1937
0.9880, 0.1937
0.9880, 0.1937
0.9880, 0.1937
0.9880, 0.1937
0.9880, 0.1937
0.9880, 0.1911
0.9880, 0.1911
0.9880, 0.1911
0.9880, 0.1911
0.9880, 0.1911
0.9880, 0.1911
0.9880, 0.1911
0.9819, 0.1911
0.9819, 0.1911
0.9819, 0.1911
0.9819, 0.1911
0.9819, 0.1911
0.9819, 0.1911
0.9819, 0.1911
0.9759, 0.1911
0.9759, 0.1911
0.9759, 0.1911
0.9759, 0.1911
0.9759, 0.1911
0.9759, 0.1911
0.9759, 0.1911
0.9759, 0.1885
0.9759, 0.1885
0.9759, 0.1885
0.9759, 0.1885
0.9759, 0.1885
0.9759, 0.1885
0.9759, 0.1885
0.9759, 0.1859
0.9759, 0.1859
0.9759, 0.1859
0.9699, 0.1859
0.9699, 0.1859
0.9699, 0.1859
0.9699, 0.1859
0.9699, 0.1859
0.9699, 0.1859
0.9699, 0.1859
0.9639, 0.1859
0.9639, 0.1859
0.9639, 0.1859
0.9639, 0.1859
0.9639, 0.1859
0.9639, 0.1859
0.9639, 0.1859
0.9639, 0.1859
0.9639, 0.1859
0.9639, 0.1859
0.9639, 0.1859
0.9639, 0.1859
0.9639, 0.1859
0.9639, 0.1859
0.9639, 0.1832
0.9639, 0.1832
0.9639, 0.1832
0.9639, 0.1832
0.9639, 0.1832
0.9639, 0.1832
0.9639, 0.1832
0.9639, 0.1832
0.9639, 0.1832
0.9639, 0.1832
0.9639, 0.1832
0.9578, 0.1832
0.9578, 0.1832
0.9578, 0.1832
0.9578, 0.1832
0.9578, 0.1806
0.9578, 0.1806
0.9578, 0.1806
0.9578, 0.1806
0.9578, 0.1806
0.9578, 0.1806
0.9518, 0.1806
0.9518, 0.1806
0.9518, 0.1806
0.9518, 0.1780
0.9518, 0.1780
0.9518, 0.1780
0.9518, 0.1780
0.9458, 0.1780
0.9458, 0.1780
0.9458, 0.1780
0.9458, 0.1780
0.9458, 0.1780
0.9458, 0.1780
0.9458, 0.1780
0.9458, 0.1780
0.9458, 0.1780
0.9458, 0.1780
0.9458, 0.1780
0.9458, 0.1780
0.9458, 0.1780
0.9458, 0.1780
0.9458, 0.1780
0.9458, 0.1780
0.9458, 0.1780
0.9458, 0.1780
0.9398, 0.1780
0.9398, 0.1780
0.9398, 0.1780
0.9398, 0.1754
0.9398, 0.1754
0.9398, 0.1754
0.9398, 0.1754
0.9398, 0.1754
0.9398, 0.1754
0.9398, 0.1754
0.9337, 0.1754
0.9337, 0.1754
0.9337, 0.1754
0.9337, 0.1754
0.9337, 0.1754
0.9337, 0.1754
0.9337, 0.1754
0.9337, 0.1754
0.9337, 0.1728
0.9337, 0.1728
0.9337, 0.1728
0.9337, 0.1728
0.9337, 0.1728
0.9337, 0.1728
0.9277, 0.1728
0.9277, 0.1728
0.9277, 0.1728
0.9277, 0.1728
0.9277, 0.1728
0.9277, 0.1728
0.9277, 0.1728
0.9217, 0.1728
0.9217, 0.1728
0.9217, 0.1728
0.9217, 0.1728
0.9157, 0.1728
0.9157, 0.1728
0.9157, 0.1728
0.9157, 0.1702
0.9157, 0.1702
0.9157, 0.1702
0.9157, 0.1702
0.9157, 0.1702
0.9157, 0.1702
0.9157, 0.1702
0.9157, 0.1702
0.9157, 0.1702
0.9157, 0.1702
0.9157, 0.1702
0.9157, 0.1702
0.9157, 0.1702
0.9157, 0.1702
0.9157, 0.1702
0.9096, 0.1702
0.9096, 0.1702
0.9096, 0.1702
0.9096, 0.1675
0.9096, 0.1675
0.9096, 0.1675
0.9096, 0.1675
0.9096, 0.1675
0.9096, 0.1675
0.9036, 0.1675
0.9036, 0.1675
0.9036, 0.1675
0.9036, 0.1675
0.9036, 0.1675
0.9036, 0.1675
0.9036, 0.1675
0.9036, 0.1675
0.9036, 0.1675
0.9036, 0.1675
0.9036, 0.1675
0.9036, 0.1675
0.9036, 0.1675
0.9036, 0.1675
0.9036, 0.1675
0.9036, 0.1675
0.9036, 0.1675
0.9036, 0.1675
0.8976, 0.1675
0.8976, 0.1675
0.8976, 0.1675
0.8976, 0.1675
0.8976, 0.1675
0.8976, 0.1675
0.8976, 0.1675
0.8916, 0.1675
0.8916, 0.1675
0.8916, 0.1675
0.8916, 0.1675
0.8855, 0.1649
0.8855, 0.1649
0.8855, 0.1649
0.8855, 0.1649
0.8855, 0.1649
0.8855, 0.1649
0.8855, 0.1649
0.8855, 0.1649
0.8855, 0.1649
0.8855, 0.1649
0.8795, 0.1649
0.8795, 0.1649
0.8795, 0.1649
0.8735, 0.1623
0.8735, 0.1623
0.8735, 0.1623
0.8735, 0.1623
0.8735, 0.1623
0.8735, 0.1623
0.8735, 0.1623
0.8735, 0.1623
0.8735, 0.1623
0.8735, 0.1623
0.8735, 0.1623
0.8735, 0.1623
0.8735, 0.1623
0.8735, 0.1623
0.8675, 0.1623
0.8675, 0.1623
0.8675, 0.1623
0.8614, 0.1597
0.8614, 0.1597
0.8614, 0.1597
0.8614, 0.1597
0.8614, 0.1597
0.8614, 0.1597
0.8614, 0.1597
0.8554, 0.1597
0.8554, 0.1597
0.8554, 0.1597
0.8554, 0.1597
0.8554, 0.1597
0.8554, 0.1597
0.8554, 0.1597
0.8494, 0.1597
0.8494, 0.1597
0.8494, 0.1597
0.8434, 0.1597
0.8434, 0.1597
0.8434, 0.1597
0.8434, 0.1597
0.8434, 0.1597
0.8434, 0.1597
0.8434, 0.1597
0.8434, 0.1597
0.8434, 0.1597
0.8434, 0.1597
0.8434, 0.1597
0.8373, 0.1597
0.8373, 0.1597
0.8373, 0.1597
0.8313, 0.1571
0.8313, 0.1571
0.8313, 0.1571
0.8313, 0.1571
0.8313, 0.1571
0.8313, 0.1571
0.8313, 0.1571
0.8253, 0.1571
0.8253, 0.1571
0.8253, 0.1571
0.8193, 0.1571
0.8193, 0.1571
0.8193, 0.1571
0.8133, 0.1571
0.8133, 0.1571
0.8133, 0.1571
0.8133, 0.1571
0.8133, 0.1571
0.8133, 0.1571
0.8133, 0.1571
0.8072, 0.1545
0.8072, 0.1545
0.8072, 0.1545
0.8012, 0.1545
0.8012, 0.1545
0.8012, 0.1545
0.8012, 0.1545
0.8012, 0.1545
0.8012, 0.1545
0.8012, 0.1545
0.8012, 0.1545
0.8012, 0.1545
0.8012, 0.1545
0.8012, 0.1545
0.7952, 0.1545
0.7952, 0.1545
0.7952, 0.1545
0.7892, 0.1545
0.7892, 0.1545
0.7892, 0.1545
0.7831, 0.1545
0.7831, 0.1545
0.7831, 0.1545
0.7831, 0.1545
0.7831, 0.1545
0.7831, 0.1545
0.7831, 0.1545
0.7771, 0.1545
0.7771, 0.1545
0.7771, 0.1545
0.7711, 0.1545
0.7711, 0.1545
0.7711, 0.1545
0.7711, 0.1545
0.7711, 0.1545
0.7711, 0.1545
0.7651, 0.1545
0.7651, 0.1545
0.7651, 0.1545
0.7651, 0.1545
0.7590, 0.1545
0.7590, 0.1545
0.7590, 0.1545
0.7590, 0.1545
0.7590, 0.1545
0.7590, 0.1545
0.7590, 0.1545
0.7590, 0.1545
0.7590, 0.1545
0.7530, 0.1545
0.7530, 0.1545
0.7530, 0.1545
0.7530, 0.1545
0.7530, 0.1545
0.7530, 0.1545
0.7530, 0.1545
0.7530, 0.1545
0.7530, 0.1545
0.7530, 0.1545
0.7530, 0.1545
0.7530, 0.1545
0.7530, 0.1545
0.7530, 0.1545
0.7530, 0.1545
0.7530, 0.1545
0.7530, 0.1545
0.7530, 0.1545
0.7530, 0.1545
0.7530, 0.1545
0.7530, 0.1545
0.7530, 0.1545
0.7530, 0.1545
0.7530, 0.1545
0.7530, 0.1545
0.7530, 0.1545
0.7530, 0.1545
0.7530, 0.1545
0.7530, 0.1545
0.7530, 0.1545
0.7530, 0.1545
0.7530, 0.1545
0.7530, 0.1545
0.7530, 0.1545
0.7530, 0.1545
0.7530, 0.1545
0.7530, 0.1545
0.7530, 0.1545
0.7530, 0.1545
0.7530, 0.1545
0.7530, 0.1545
0.7530, 0.1545
0.7530, 0.1545
0.7530, 0.1545
0.7530, 0.1545
0.7530, 0.1545
0.7530, 0.1545
0.7530, 0.1545
0.7530, 0.1545
0.7530, 0.1545
0.7530, 0.1545
0.7530, 0.1545
0.7530, 0.1545
0.7530, 0.1545
0.7530, 0.1545
0.7530, 0.1545
0.7530, 0.1545
0.7530, 0.1545
0.7530, 0.1545
0.7530, 0.1545
0.7530, 0.1545
0.7530, 0.1545
0.7530, 0.1545
0.7530, 0.1545
0.7530, 0.1545
0.7530, 0.1545
0.7530, 0.1545
0.7530, 0.1545
0.7530, 0.1545
0.7530, 0.1545
0.7530, 0.1545
0.7530, 0.1545
0.7530, 0.1545
0.7530, 0.1545
0.7530, 0.1545
0.7530, 0.1545
0.7530, 0.1545
0.7530, 0.1545
0.7530, 0.1545
0.7530, 0.1545
0.7530, 0.1545
0.7530, 0.1545
0.7590, 0.1545
0.7590, 0.1545
0.7590, 0.1545
0.7590, 0.1545
0.7590, 0.1545
0.7590, 0.1545
0.7651, 0.1545
0.7651, 0.1545
0.7651, 0.1545
0.7651, 0.1545
0.7651, 0.1545
0.7651, 0.1545
0.7651, 0.1545
0.7651, 0.1545
0.7651, 0.1545
0.7651, 0.1545
0.7651, 0.1545
0.7711, 0.1545
0.7711, 0.1545
0.7711, 0.1545
0.7771, 0.1545
0.7771, 0.1545
0.7771, 0.1545
0.7771, 0.1545
0.7771, 0.1545
0.7771, 0.1545
0.7831, 0.1545
0.7831, 0.1545
0.7831, 0.1545
0.7831, 0.1545
0.7831, 0.1545
0.7831, 0.1545
0.7831, 0.1545
0.7952, 0.1545
0.7952, 0.1545
0.7952, 0.1545
0.7952, 0.1545
0.7952, 0.1545
0.7952, 0.1545
0.8012, 0.1545
0.8012, 0.1545
0.8012, 0.1545
0.8012, 0.1545
0.8072, 0.1545
0.8072, 0.1545
0.8072, 0.1545
0.8072, 0.1545
0.8072, 0.1545
0.8072, 0.1545
0.8133, 0.1545
0.8133, 0.1545
0.8133, 0.1545
0.8193, 0.1545
0.8193, 0.1545
0.8193, 0.1545
0.8253, 0.1545
0.8253, 0.1545
0.8253, 0.1545
0.8253, 0.1545
0.8253, 0.1545
0.8253, 0.1545
0.8313, 0.1545
0.8313, 0.1545
0.8313, 0.1545
0.8373, 0.1545
0.8373, 0.1545
0.8373, 0.1545
0.8373, 0.1545
0.8373, 0.1545
0.8373, 0.1545
0.8373, 0.1545
0.8434, 0.1545
0.8434, 0.1545
0.8434, 0.1545
0.8494, 0.1545
0.8494, 0.1545
0.8494, 0.1545
0.8494, 0.1545
0.8494, 0.1545
0.8494, 0.1545
0.8554, 0.1545
0.8554, 0.1545
0.8554, 0.1545
0.8554, 0.1518
0.8554, 0.1518
0.8554, 0.1518
0.8554, 0.1518
0.8554, 0.1518
0.8554, 0.1518
0.8554, 0.1518
0.8614, 0.1518
0.8614, 0.1518
0.8614, 0.1518
0.8675, 0.1518
0.8675, 0.1518
0.8675, 0.1518
0.8675, 0.1518
0.8675, 0.1518
0.8675, 0.1518
0.8675, 0.1518
0.8675, 0.1518
0.8675, 0.1518
0.8735, 0.1518
0.8735, 0.1518
0.8735, 0.1518
0.8795, 0.1492
0.8795, 0.1492
0.8795, 0.1492
0.8855, 0.1492
0.8855, 0.1492
0.8855, 0.1492
0.8855, 0.1492
0.8855, 0.1492
0.8855, 0.1492
0.8855, 0.1492
0.8855, 0.1492
0.8855, 0.1492
0.8916, 0.1466
0.8916, 0.1466
0.8916, 0.1466
0.8916, 0.1466
0.8916, 0.1466
0.8916, 0.1466
0.8976, 0.1466
0.8976, 0.1466
0.8976, 0.1466
0.8976, 0.1466
0.8976, 0.1466
0.8976, 0.1466
0.8976, 0.1466
0.8976, 0.1466
0.8976, 0.1466
0.8976, 0.1466
0.8976, 0.1466
0.8976, 0.1466
0.9036, 0.1466
0.9036, 0.1466
0.9036, 0.1466
0.9036, 0.1440
0.9036, 0.1440
0.9036, 0.1440
0.9096, 0.1440
0.9096, 0.1440
0.9096, 0.1440
0.9157, 0.1440
0.9157, 0.1440
0.9157, 0.1414
0.9157, 0.1414
0.9157, 0.1414
0.9157, 0.1414
0.9157, 0.1414
0.9157, 0.1414
0.9217, 0.1414
0.9217, 0.1414
0.9217, 0.1414
0.9277, 0.1387
0.9277, 0.1387
0.9277, 0.1387
0.9277, 0.1387
0.9277, 0.1387
0.9277, 0.1361
0.9277, 0.1361
0.9277, 0.1361
0.9277, 0.1361
0.9277, 0.1361
0.9277, 0.1361
0.9337, 0.1335
0.9337, 0.1335
0.9337, 0.1335
0.9337, 0.1335
0.9337, 0.1335
0.9337, 0.1335
0.9398, 0.1335
0.9398, 0.1335
0.9398, 0.1335
0.9398, 0.1335
0.9398, 0.1335
0.9458, 0.1309
0.9458, 0.1309
0.9458, 0.1309
0.9458, 0.1309
0.9458, 0.1309
0.9458, 0.1309
0.9458, 0.1283
0.9458, 0.1283
0.9518, 0.1283
0.9518, 0.1283
0.9518, 0.1283
0.9518, 0.1283
0.9518, 0.1283
0.9518, 0.1283
0.9578, 0.1283
0.9578, 0.1283
0.9578, 0.1283
0.9578, 0.1257
0.9578, 0.1257
0.9578, 0.1257
0.9578, 0.1257
0.9578, 0.1230
0.9578, 0.1230
0.9578, 0.1230
0.9578, 0.1230
0.9578, 0.1230
0.9639, 0.1204
0.9639, 0.1204
0.9639, 0.1204
0.9639, 0.1204
0.9639, 0.1204
0.9639, 0.1204
0.9639, 0.1204
0.9639, 0.1204
0.9699, 0.1204
0.9699, 0.1204
0.9699, 0.1178
0.9699, 0.1178
0.9699, 0.1178
0.9699, 0.1178
0.9699, 0.1178
0.9699, 0.1178
0.9699, 0.1152
0.9699, 0.1152
0.9699, 0.1152
0.9699, 0.1152
0.9699, 0.1152
0.9699, 0.1152
0.9699, 0.1126
0.9699, 0.1126
0.9699, 0.1126
0.9699, 0.1126
0.9699, 0.1126
0.9699, 0.1126
0.9759, 0.1099
0.9759, 0.1099
0.9759, 0.1099
0.9759, 0.1099
0.9759, 0.1099
0.9759, 0.1099
0.9759, 0.1073
0.9759, 0.1073
0.9759, 0.1073
0.9759, 0.1073
0.9759, 0.1073
0.9759, 0.1073
0.9759, 0.1073
0.9759, 0.1073
0.9819, 0.1073
0.9819, 0.1073
0.9819, 0.1073
0.9819, 0.1047
0.9819, 0.1047
0.9819, 0.1047
0.9819, 0.1021
0.9819, 0.1021
0.9819, 0.1021
0.9819, 0.1021
0.9819, 0.0995
0.9880, 0.0969
0.9880, 0.0942
0.9880, 0.0942
0.9880, 0.0916
0.9880, 0.0916
0.9880, 0.0916
0.9880, 0.0916
0.9880, 0.0890
0.9880, 0.0890
0.9880, 0.0890
0.9880, 0.0890
0.9880, 0.0890
0.9880, 0.0890
0.9880, 0.0890
0.9880, 0.0890
0.9880, 0.0864
0.9880, 0.0864
0.9880, 0.0864
0.9880, 0.0838
0.9880, 0.0838
0.9880, 0.0838
0.9880, 0.0838
0.9880, 0.0838
0.9880, 0.0838
0.9880, 0.0838
0.9880, 0.0838
0.9880, 0.0838
0.9880, 0.0812
0.9880, 0.0812
0.9880, 0.0812
0.9880, 0.0812
0.9880, 0.0812
0.9880, 0.0812
0.9880, 0.0785
0.9880, 0.0785
0.9880, 0.0785
0.9880, 0.0759
0.9880, 0.0759
0.9880, 0.0759
0.9880, 0.0759
0.9880, 0.0759
0.9880, 0.0759
0.9880, 0.0759
0.9880, 0.0759
0.9880, 0.0759
0.9880, 0.0733
0.9880, 0.0733
0.9880, 0.0733
0.9880, 0.0707
0.9880, 0.0707
0.9880, 0.0707
0.9880, 0.0707
0.9880, 0.0707
0.9880, 0.0681
0.9880, 0.0681
0.9880, 0.0681
0.9880, 0.0681
0.9880, 0.0681
0.9880, 0.0681
0.9880, 0.0681
0.9880, 0.0654
0.9880, 0.0654
0.9880, 0.0654
0.9880, 0.0628
0.9880, 0.0628
0.9880, 0.0628
0.9880, 0.0628
0.9880, 0.0628
0.9880, 0.0628
0.9880, 0.0628
0.9880, 0.0628
0.9880, 0.0602
0.9880, 0.0602
0.9819, 0.0576
0.9819, 0.0576
0.9819, 0.0576
0.9819, 0.0576
0.9819, 0.0576
0.9819, 0.0576
0.9819, 0.0550
0.9819, 0.0550
0.9819, 0.0550
0.9759, 0.0524
0.9759, 0.0524
0.9759, 0.0524
0.9759, 0.0524
0.9759, 0.0524
0.9759, 0.0497
0.9759, 0.0497
0.9759, 0.0497
0.9759, 0.0497
0.9759, 0.0497
0.9759, 0.0497
0.9759, 0.0471
0.9759, 0.0471
0.9759, 0.0471
0.9759, 0.0471
0.9759, 0.0471
0.9699, 0.0445
0.9699, 0.0445
0.9699, 0.0445
0.9699, 0.0445
0.9699, 0.0445
0.9699, 0.0445
0.9699, 0.0445
0.9699, 0.0445
0.9699, 0.0445
0.9699, 0.0419
0.9699, 0.0419
0.9639, 0.0393
0.9639, 0.0393
0.9639, 0.0393
0.9639, 0.0366
0.9639, 0.0366
0.9639, 0.0366
0.9639, 0.0366
0.9639, 0.0366
0.9639, 0.0366
0.9639, 0.0366
0.9639, 0.0366
0.9639, 0.0366
0.9639, 0.0366
0.9639, 0.0340
0.9639, 0.0340
0.9578, 0.0340
0.9578, 0.0340
0.9578, 0.0340
0.9578, 0.0314
0.9578, 0.0314
0.9578, 0.0314
0.9578, 0.0314
0.9578, 0.0314
0.9578, 0.0314
0.9518, 0.0314
0.9518, 0.0314
0.9518, 0.0288
0.9518, 0.0288
0.9518, 0.0288
0.9518, 0.0288
0.9518, 0.0288
0.9518, 0.0262
0.9518, 0.0262
0.9518, 0.0262
0.9518, 0.0262
0.9518, 0.0262
0.9518, 0.0262
0.9518, 0.0236
0.9518, 0.0236
0.9518, 0.0236
0.9518, 0.0236
0.9518, 0.0236
0.9518, 0.0236
0.9458, 0.0236
0.9458, 0.0236
0.9458, 0.0236
0.9458, 0.0236
0.9458, 0.0236
0.9458, 0.0236
0.9458, 0.0209
0.9458, 0.0209
0.9398, 0.0209
0.9398, 0.0209
0.9398, 0.0209
0.9398, 0.0183
0.9398, 0.0183
0.9398, 0.0183
0.9337, 0.0183
0.9337, 0.0183
0.9337, 0.0183
0.9337, 0.0183
0.9337, 0.0183
0.9337, 0.0183
0.9337, 0.0183
0.9337, 0.0183
0.9337, 0.0183
0.9337, 0.0157
0.9337, 0.0157
0.9337, 0.0157
0.9337, 0.0157
0.9277, 0.0131
0.9277, 0.0131
0.9277, 0.0131
0.9277, 0.0131
0.9217, 0.0105
0.9217, 0.0105
0.9217, 0.0105
0.9217, 0.0105
0.9217, 0.0105
0.9217, 0.0105
0.9217, 0.0105
0.9217, 0.0105
0.9217, 0.0105
0.9217, 0.0105
0.9157, 0.0105
0.9157, 0.0105
0.9096, 0.0079
0.9096, 0.0079
0.9096, 0.0079
0.9096, 0.0079
0.9036, 0.0052
0.9036, 0.0052
0.9036, 0.0052
0.9036, 0.0052
0.9036, 0.0052
0.9036, 0.0052
0.8976, 0.0052
0.8976, 0.0052
0.8916, 0.0052
0.8916, 0.0052
0.8916, 0.0052
0.8916, 0.0052
0.8916, 0.0052
0.8916, 0.0052
0.8855, 0.0052
0.8855, 0.0052
0.8855, 0.0052
0.8735, 0.0052
0.8735, 0.0052
0.8735, 0.0026
0.8735, 0.0026
0.8735, 0.0026
0.8675, 0.0026
0.8675, 0.0026
0.8675, 0.0026
0.8554, 0.0026
0.8554, 0.0026
0.8554, 0.0026
0.8554, 0.0026
0.8554, 0.0026
0.8494, 0.0000
0.8494, 0.0000
0.8434, 0.0000
0.8434, 0.0000
0.8434, 0.0000
0.8373, 0.0000
0.8373, 0.0000
0.8313, 0.0000
0.8313, 0.0000
0.8313, 0.0000
0.8253, 0.0000
0.8253, 0.0000
0.8193, 0.0000
0.8193, 0.0000
0.8193, 0.0000
0.8072, 0.0000
0.8072, 0.0000
0.8072, 0.0000
0.8012, 0.0000
0.8012, 0.0000
0.8012, 0.0000
0.7952, 0.0000
0.7952, 0.0000
0.7831, 0.0000
0.7831, 0.0000
0.7831, 0.0000
0.7831, 0.0000
0.7831, 0.0000
0.7831, 0.0000
0.7711, 0.0000
0.7711, 0.0000
0.7711, 0.0000
0.7711, 0.0000
0.7711, 0.0000
0.7651, 0.0000
0.7651, 0.0000
0.7651, 0.0000
0.7651, 0.0000
0.7651, 0.0000
0.7651, 0.0000
0.7590, 0.0000
0.7590, 0.0000
0.7530, 0.0000
0.7530, 0.0000
0.7470, 0.0000
0.7470, 0.0000
0.7470, 0.0000
0.7410, 0.0000
0.7410, 0.0000
0.7349, 0.0000
0.7349, 0.0000
0.7349, 0.0000
0.7289, 0.0000
0.7289, 0.0000
0.7229, 0.0000
0.7229, 0.0000
0.7229, 0.0000
0.7229, 0.0000
0.7229, 0.0000
0.7229, 0.0000
0.7169, 0.0000
0.7169, 0.0000
0.7108, 0.0000
0.7108, 0.0000
0.7108, 0.0000
0.7048, 0.0000
0.7048, 0.0000
0.7048, 0.0000
0.6988, 0.0000
0.6988, 0.0000
0.6928, 0.0000
0.6928, 0.0000
0.6928, 0.0000
0.6867, 0.0000
0.6867, 0.0000
0.6867, 0.0000
0.6807, 0.0000
0.6807, 0.0000
0.6687, 0.0000
0.6687, 0.0000
0.6687, 0.0000
0.6687, 0.0000
0.6687, 0.0000
0.6627, 0.0000
0.6627, 0.0000
0.6627, 0.0000
0.6506, 0.0000
0.6506, 0.0000
0.6506, 0.0000
0.6506, 0.0000
0.6506, 0.0000
0.6506, 0.0000
0.6446, 0.0000
0.6446, 0.0000
0.6446, 0.0000
0.6446, 0.0000
0.6446, 0.0000
0.6446, 0.0000
0.6446, 0.0000
0.6446, 0.0000
0.6386, 0.0000
0.6386, 0.0000
0.6386, 0.0000
0.6386, 0.0000
0.6386, 0.0000
0.6386, 0.0000
0.6386, 0.0000
0.6386, 0.0000
0.6386, 0.0000
0.6386, 0.0000
0.6386, 0.0000
0.6386, 0.0000
0.6386, 0.0000
0.6386, 0.0000
0.6386, 0.0000
0.6386, 0.0000
0.6386, 0.0000
0.6325, 0.0000
0.6325, 0.0000
0.6325, 0.0000
0.6325, 0.0000
0.6325, 0.0000
0.6325, 0.0000
0.6325, 0.0000
0.6325, 0.0000
0.6325, 0.0000
0.6325, 0.0000
0.6325, 0.0000
0.6325, 0.0000
0.6325, 0.0000
0.6325, 0.0000
0.6325, 0.0000
0.6325, 0.0000
0.6325, 0.0000
0.6325, 0.0000
0.6325, 0.0000
0.6325, 0.0000
0.6325, 0.0000
0.6325, 0.0000
0.6325, 0.0000
0.6325, 0.0000
0.6325, 0.0000
0.6325, 0.0000
0.6325, 0.0000
0.6325, 0.0000
0.6325, 0.0000
0.6325, 0.0000
0.6325, 0.0000
0.6325, 0.0000
0.6325, 0.0000
0.6325, 0.0000
0.6325, 0.0000
0.6325, 0.0000
0.6325, 0.0000
0.6325, 0.0000
0.6325, 0.0000
0.6325, 0.0000
0.6325, 0.0000
0.6325, 0.0000
0.6325, 0.0000
0.6325, 0.0000
0.6325, 0.0000
0.6325, 0.0000
0.6325, 0.0000
0.6325, 0.0000
0.6325, 0.0000
0.6325, 0.0000
0.6325, 0.0000
0.6325, 0.0000
0.6325, 0.0000
0.6325, 0.0000
0.6325, 0.0000
0.6325, 0.0000
0.6325, 0.0000
0.6325, 0.0000
0.6325, 0.0000
0.6325, 0.0000
0.6325, 0.0000
0.6325, 0.0000
0.6325, 0.0000
0.6325, 0.0026
0.6325, 0.0026
0.6325, 0.0026
0.6325, 0.0026
0.6325, 0.0026
0.6325, 0.0026
0.6325, 0.0026
0.6325, 0.0026
0.6325, 0.0026
0.6325, 0.0026
0.6325, 0.0026
0.6325, 0.0026
0.6325, 0.0026
0.6325, 0.0026
0.6325, 0.0026
0.6325, 0.0026
0.6325, 0.0026
0.6325, 0.0026
0.6325, 0.0026
0.6325, 0.0026
0.6325, 0.0026
0.6325, 0.0026
0.6325, 0.0026
0.6325, 0.0026
0.6325, 0.0026
0.6325, 0.0026
0.6325, 0.0026
0.6325, 0.0026
0.6325, 0.0026
0.6325, 0.0026
0.6325, 0.0026
0.6325, 0.0026
0.6325, 0.0026
0.6325, 0.0026
0.6325, 0.0026
0.6325, 0.0026
0.6325, 0.0026
0.6325, 0.0026
0.6325, 0.0026
0.6265, 0.0026
0.6265, 0.0026
0.6265, 0.0026
0.6265, 0.0026
0.6265, 0.0026
0.6265, 0.0026
0.6265, 0.0026
0.6265, 0.0026
0.6265, 0.0026
0.6265, 0.0026
0.6265, 0.0026
0.6265, 0.0026
0.6265, 0.0026
0.6265, 0.0026
0.6265, 0.0026
0.6205, 0.0052
0.6205, 0.0052
0.6205, 0.0052
0.6205, 0.0052
0.6205, 0.0052
0.6205, 0.0052
0.6205, 0.0052
0.6205, 0.0052
0.6205, 0.0052
0.6205, 0.0052
0.6205, 0.0052
0.6205, 0.0052
0.6205, 0.0052
0.6205, 0.0052
0.6205, 0.0052
0.6205, 0.0052
0.6205, 0.0052
0.6205, 0.0052
0.6205, 0.0052
0.6205, 0.0052
0.6205, 0.0052
0.6205, 0.0052
0.6205, 0.0052
0.6205, 0.0052
0.6205, 0.0052
0.6205, 0.0052
0.6205, 0.0052
0.6205, 0.0052
0.6205, 0.0052
0.6205, 0.0052
0.6205, 0.0052
0.6205, 0.0052
0.6205, 0.0052
0.6205, 0.0052
0.6205, 0.0052
0.6205, 0.0052
0.6205, 0.0052
0.6205, 0.0052
0.6205, 0.0052
0.6205, 0.0052
0.6205, 0.0052
0.6205, 0.0052
0.6205, 0.0052
0.6205, 0.0052
0.6205, 0.0052
0.6205, 0.0052
0.6205, 0.0052
0.6205, 0.0052
0.6205, 0.0052
0.6205, 0.0052
0.6205, 0.0052
0.6205, 0.0052
0.6205, 0.0052
0.6205, 0.0052
0.6205, 0.0052
0.6205, 0.0052
0.6205, 0.0052
0.6205, 0.0052
0.6205, 0.0052
0.6205, 0.0052
0.6205, 0.0052
0.6205, 0.0052
0.6205, 0.0052
0.6205, 0.0052
0.6205, 0.0052
0.6205, 0.0052
0.6205, 0.0052
0.6205, 0.0052
0.6205, 0.0052
0.6205, 0.0052
0.6205, 0.0052
0.6205, 0.0052
0.6205, 0.0052
0.6205, 0.0052
0.6205, 0.0052
0.6205, 0.0052
0.6205, 0.0052
0.6205, 0.0052
0.6205, 0.0052
0.6205, 0.0052
0.6205, 0.0052
0.6205, 0.0052
0.6205, 0.0052
0.0000, 1.0000
0.0000, 1.0000
0.0000, 1.0000
0.0000, 1.0000
0.0000, 1.0000
0.0000, 1.0000
0.0000, 1.0000
0.0000, 1.0000
0.0000, 1.0000
0.0000, 1.0000
0.0000, 1.0000
0.0000, 1.0000
0.0000, 1.0000
0.0000, 1.0000
0.0000, 1.0000
0.0000, 1.0000
0.0000, 1.0000
0.0000, 1.0000
0.0000, 1.0000
0.0000, 1.0000
0.0000, 1.0000
0.0000, 1.0000
0.0000, 1.0000
0.0000, 1.0000
0.0000, 1.0000
0.0000, 1.0000
0.0000, 1.0000
0.0000, 1.0000
0.0000, 1.0000
0.0000, 1.0000
0.0000, 1.0000
0.0000, 1.0000
0.0000, 1.0000
0.0000, 1.0000
0.0000, 1.0000
0.0000, 1.0000
0.0000, 1.0000
0.0000, 1.0000
0.0000, 1.0000
0.0000, 1.0000
0.0000, 1.0000
0.0000, 1.0000
0.0000, 1.0000
