0.0456, 0.2422
0.0456, 0.2422
0.0456, 0.2422
0.0456, 0.2422
0.0456, 0.2422
0.0456, 0.2422
0.0456, 0.2422
0.0456, 0.2422
0.0456, 0.2422
0.0456, 0.2422
0.0456, 0.2422
0.0456, 0.2422
0.0456, 0.2422
0.0456, 0.2422
0.0456, 0.2422
0.0456, 0.2422
0.0456, 0.2422
0.0456, 0.2422
0.0456, 0.2422
0.0456, 0.2422
0.0456, 0.2422
0.0456, 0.2422
0.0456, 0.2422
0.0456, 0.2422
0.0456, 0.2422
0.0456, 0.2422
0.0456, 0.2422
0.0456, 0.2422
0.0456, 0.2422
0.0456, 0.2422
0.0456, 0.2422
0.0456, 0.2422
0.0456, 0.2422
0.0456, 0.2422
0.0456, 0.2422
0.0456, 0.2422
0.0456, 0.2422
0.0456, 0.2422
0.0456, 0.2422
0.0456, 0.2422
0.0456, 0.2422
0.0456, 0.2422
0.0456, 0.2422
0.0456, 0.2422
0.0456, 0.2422
0.0456, 0.2422
0.0456, 0.2422
0.0456, 0.2422
0.0456, 0.2422
0.0456, 0.2422
0.0456, 0.2422
0.0456, 0.2422
0.0456, 0.2422
0.0456, 0.2422
0.0456, 0.2422
0.0456, 0.2422
0.0456, 0.2422
0.0456, 0.2422
0.0456, 0.2422
0.0456, 0.2422
0.0456, 0.2422
0.0456, 0.2422
0.0456, 0.2422
0.0456, 0.2422
0.0456, 0.2422
0.0456, 0.2422
0.0456, 0.2422
0.0456, 0.2422
0.0456, 0.2422
0.0456, 0.2422
0.0456, 0.2422
0.0456, 0.2422
0.0456, 0.2422
0.0456, 0.2422
0.0456, 0.2422
0.0456, 0.2422
0.0456, 0.2422
0.0456, 0.2422
0.0456, 0.2422
0.0498, 0.2422
0.0498, 0.2422
0.0498, 0.2422
0.0498, 0.2422
0.0498, 0.2422
0.0498, 0.2422
0.0498, 0.2422
0.0498, 0.2422
0.0498, 0.2422
0.0498, 0.2422
0.0498, 0.2422
0.0498, 0.2422
0.0498, 0.2422
0.0539, 0.2422
0.0539, 0.2422
0.0539, 0.2422
0.0539, 0.2422
0.0581, 0.2422
0.0581, 0.2422
0.0581, 0.2422
0.0581, 0.2422
0.0581, 0.2422
0.0581, 0.2422
0.0581, 0.2422
0.0581, 0.2422
0.0622, 0.2422
0.0622, 0.2422
0.0622, 0.2422
0.0622, 0.2422
0.0622, 0.2422
0.0664, 0.2422
0.0664, 0.2422
0.0664, 0.2422
0.0664, 0.2422
0.0664, 0.2422
0.0664, 0.2422
0.0664, 0.2422
0.0664, 0.2422
0.0747, 0.2422
0.0747, 0.2422
0.0747, 0.2422
0.0747, 0.2422
0.0788, 0.2422
0.0788, 0.2422
0.0788, 0.2422
0.0788, 0.2422
0.0788, 0.2422
0.0788, 0.2422
0.0788, 0.2422
0.0788, 0.2422
0.0788, 0.2422
0.0830, 0.2422
0.0830, 0.2422
0.0830, 0.2422
0.0830, 0.2422
0.0871, 0.2422
0.0871, 0.2422
0.0871, 0.2422
0.0871, 0.2422
0.0871, 0.2422
0.0871, 0.2422
0.0871, 0.2422
0.0871, 0.2422
0.0871, 0.2422
0.0913, 0.2422
0.0913, 0.2422
0.0913, 0.2422
0.0913, 0.2422
0.0913, 0.2422
0.0913, 0.2422
0.0913, 0.2422
0.0913, 0.2422
0.0954, 0.2422
0.0954, 0.2422
0.0954, 0.2422
0.0954, 0.2422
0.0954, 0.2422
0.0996, 0.2422
0.0996, 0.2422
0.0996, 0.2422
0.0996, 0.2422
0.0996, 0.2422
0.0996, 0.2422
0.0996, 0.2422
0.0996, 0.2422
0.0996, 0.2422
0.0996, 0.2422
0.0996, 0.2422
0.0996, 0.2422
0.0996, 0.2422
0.1037, 0.2422
0.1037, 0.2422
0.1037, 0.2422
0.1037, 0.2422
0.1079, 0.2422
0.1079, 0.2422
0.1079, 0.2422
0.1079, 0.2422
0.1120, 0.2422
0.1120, 0.2422
0.1120, 0.2422
0.1120, 0.2422
0.1120, 0.2422
0.1120, 0.2422
0.1120, 0.2422
0.1120, 0.2422
0.1120, 0.2422
0.1120, 0.2422
0.1120, 0.2422
0.1120, 0.2422
0.1120, 0.2422
0.1162, 0.2422
0.1162, 0.2422
0.1162, 0.2422
0.1162, 0.2422
0.1203, 0.2422
0.1203, 0.2422
0.1203, 0.2422
0.1203, 0.2422
0.1203, 0.2422
0.1203, 0.2422
0.1203, 0.2422
0.1203, 0.2422
0.1203, 0.2448
0.1203, 0.2448
0.1203, 0.2448
0.1203, 0.2448
0.1245, 0.2448
0.1245, 0.2448
0.1245, 0.2448
0.1245, 0.2448
0.1245, 0.2448
0.1245, 0.2448
0.1245, 0.2448
0.1245, 0.2448
0.1245, 0.2448
0.1286, 0.2448
0.1286, 0.2448
0.1286, 0.2448
0.1286, 0.2448
0.1286, 0.2448
0.1286, 0.2448
0.1286, 0.2448
0.1286, 0.2448
0.1328, 0.2448
0.1328, 0.2448
0.1328, 0.2448
0.1328, 0.2448
0.1328, 0.2448
0.1328, 0.2448
0.1328, 0.2448
0.1328, 0.2448
0.1369, 0.2448
0.1369, 0.2448
0.1369, 0.2448
0.1369, 0.2448
0.1411, 0.2448
0.1411, 0.2448
0.1411, 0.2448
0.1411, 0.2448
0.1411, 0.2448
0.1411, 0.2448
0.1411, 0.2448
0.1411, 0.2448
0.1411, 0.2448
0.1411, 0.2448
0.1411, 0.2448
0.1411, 0.2448
0.1452, 0.2448
0.1452, 0.2448
0.1452, 0.2448
0.1452, 0.2448
0.1452, 0.2448
0.1494, 0.2448
0.1494, 0.2448
0.1494, 0.2448
0.1494, 0.2448
0.1494, 0.2448
0.1494, 0.2448
0.1494, 0.2448
0.1494, 0.2448
0.1494, 0.2448
0.1494, 0.2448
0.1494, 0.2448
0.1494, 0.2448
0.1535, 0.2448
0.1535, 0.2448
0.1535, 0.2448
0.1535, 0.2448
0.1535, 0.2448
0.1577, 0.2448
0.1577, 0.2448
0.1577, 0.2448
0.1577, 0.2448
0.1577, 0.2448
0.1577, 0.2448
0.1577, 0.2448
0.1577, 0.2448
0.1618, 0.2448
0.1618, 0.2448
0.1618, 0.2448
0.1618, 0.2448
0.1618, 0.2448
0.1618, 0.2448
0.1618, 0.2448
0.1618, 0.2448
0.1618, 0.2448
0.1618, 0.2448
0.1618, 0.2448
0.1618, 0.2448
0.1660, 0.2448
0.1660, 0.2448
0.1660, 0.2448
0.1660, 0.2448
0.1701, 0.2448
0.1701, 0.2448
0.1701, 0.2448
0.1701, 0.2448
0.1701, 0.2448
0.1701, 0.2448
0.1701, 0.2448
0.1701, 0.2448
0.1743, 0.2448
0.1743, 0.2448
0.1743, 0.2448
0.1743, 0.2448
0.1743, 0.2448
0.1743, 0.2448
0.1743, 0.2448
0.1743, 0.2448
0.1784, 0.2448
0.1784, 0.2448
0.1784, 0.2448
0.1784, 0.2448
0.1826, 0.2448
0.1826, 0.2448
0.1826, 0.2448
0.1826, 0.2448
0.1826, 0.2448
0.1826, 0.2448
0.1826, 0.2448
0.1826, 0.2448
0.1826, 0.2448
0.1826, 0.2448
0.1826, 0.2448
0.1826, 0.2448
0.1826, 0.2448
0.1867, 0.2448
0.1867, 0.2448
0.1867, 0.2448
0.1867, 0.2448
0.1909, 0.2448
0.1909, 0.2448
0.1909, 0.2448
0.1909, 0.2448
0.1909, 0.2448
0.1909, 0.2448
0.1909, 0.2448
0.1909, 0.2448
0.1950, 0.2448
0.1950, 0.2448
0.1950, 0.2448
0.1992, 0.2448
0.1992, 0.2448
0.1992, 0.2448
0.1992, 0.2448
0.2033, 0.2422
0.2033, 0.2422
0.2033, 0.2422
0.2033, 0.2422
0.2033, 0.2422
0.2033, 0.2422
0.2033, 0.2422
0.2033, 0.2422
0.2033, 0.2422
0.2033, 0.2422
0.2033, 0.2422
0.2033, 0.2422
0.2033, 0.2422
0.2033, 0.2422
0.2033, 0.2422
0.2033, 0.2422
0.2033, 0.2422
0.2075, 0.2422
0.2075, 0.2422
0.2075, 0.2422
0.2075, 0.2422
0.2075, 0.2396
0.2075, 0.2396
0.2075, 0.2396
0.2075, 0.2396
0.2075, 0.2396
0.2075, 0.2396
0.2075, 0.2396
0.2075, 0.2396
0.2116, 0.2396
0.2116, 0.2396
0.2116, 0.2396
0.2116, 0.2396
0.2116, 0.2396
0.2116, 0.2396
0.2116, 0.2396
0.2116, 0.2396
0.2116, 0.2396
0.2116, 0.2396
0.2116, 0.2396
0.2116, 0.2396
0.2116, 0.2396
0.2116, 0.2396
0.2116, 0.2396
0.2116, 0.2396
0.2158, 0.2396
0.2158, 0.2396
0.2158, 0.2396
0.2158, 0.2396
0.2158, 0.2396
0.2158, 0.2396
0.2158, 0.2396
0.2158, 0.2396
0.2158, 0.2370
0.2158, 0.2370
0.2158, 0.2370
0.2158, 0.2370
0.2158, 0.2370
0.2158, 0.2370
0.2158, 0.2370
0.2158, 0.2370
0.2158, 0.2370
0.2158, 0.2370
0.2158, 0.2370
0.2158, 0.2370
0.2199, 0.2370
0.2199, 0.2370
0.2199, 0.2370
0.2199, 0.2370
0.2199, 0.2344
0.2199, 0.2344
0.2199, 0.2344
0.2199, 0.2344
0.2199, 0.2344
0.2199, 0.2344
0.2199, 0.2344
0.2199, 0.2344
0.2199, 0.2318
0.2199, 0.2318
0.2199, 0.2318
0.2199, 0.2318
0.2241, 0.2318
0.2241, 0.2318
0.2241, 0.2318
0.2241, 0.2292
0.2241, 0.2292
0.2241, 0.2292
0.2241, 0.2292
0.2241, 0.2266
0.2241, 0.2266
0.2241, 0.2266
0.2241, 0.2266
0.2241, 0.2266
0.2241, 0.2266
0.2241, 0.2266
0.2241, 0.2266
0.2241, 0.2266
0.2241, 0.2266
0.2241, 0.2266
0.2241, 0.2266
0.2282, 0.2240
0.2282, 0.2240
0.2282, 0.2240
0.2282, 0.2214
0.2282, 0.2214
0.2282, 0.2214
0.2282, 0.2214
0.2282, 0.2187
0.2282, 0.2187
0.2282, 0.2187
0.2282, 0.2187
0.2282, 0.2187
0.2282, 0.2187
0.2282, 0.2187
0.2282, 0.2187
0.2282, 0.2187
0.2282, 0.2187
0.2282, 0.2187
0.2282, 0.2187
0.2282, 0.2187
0.2324, 0.2161
0.2324, 0.2161
0.2324, 0.2161
0.2324, 0.2161
0.2324, 0.2135
0.2324, 0.2135
0.2324, 0.2135
0.2324, 0.2135
0.2324, 0.2135
0.2324, 0.2135
0.2324, 0.2135
0.2324, 0.2109
0.2324, 0.2109
0.2324, 0.2109
0.2324, 0.2109
0.2324, 0.2083
0.2324, 0.2083
0.2324, 0.2083
0.2324, 0.2083
0.2324, 0.2057
0.2324, 0.2057
0.2324, 0.2057
0.2324, 0.2057
0.2324, 0.2057
0.2324, 0.2057
0.2324, 0.2057
0.2324, 0.2057
0.2324, 0.2031
0.2324, 0.2031
0.2324, 0.2031
0.2324, 0.2031
0.2324, 0.2005
0.2324, 0.2005
0.2324, 0.2005
0.2324, 0.2005
0.2324, 0.2005
0.2324, 0.2005
0.2324, 0.2005
0.2324, 0.1979
0.2324, 0.1979
0.2324, 0.1979
0.2324, 0.1979
0.2324, 0.1953
0.2324, 0.1953
0.2324, 0.1953
0.2324, 0.1953
0.2324, 0.1953
0.2324, 0.1953
0.2324, 0.1953
0.2324, 0.1953
0.2324, 0.1927
0.2324, 0.1927
0.2324, 0.1927
0.2324, 0.1901
0.2324, 0.1901
0.2324, 0.1901
0.2324, 0.1901
0.2324, 0.1901
0.2324, 0.1901
0.2324, 0.1901
0.2324, 0.1901
0.2324, 0.1875
0.2324, 0.1875
0.2324, 0.1875
0.2324, 0.1875
0.2324, 0.1875
0.2324, 0.1875
0.2324, 0.1875
0.2324, 0.1875
0.2324, 0.1849
0.2324, 0.1849
0.2324, 0.1849
0.2324, 0.1849
0.2324, 0.1823
0.2324, 0.1823
0.2324, 0.1823
0.2324, 0.1823
0.2324, 0.1823
0.2324, 0.1823
0.2324, 0.1823
0.2324, 0.1771
0.2324, 0.1771
0.2324, 0.1771
0.2324, 0.1745
0.2324, 0.1745
0.2324, 0.1745
0.2324, 0.1745
0.2282, 0.1745
0.2282, 0.1745
0.2282, 0.1745
0.2282, 0.1745
0.2282, 0.1745
0.2282, 0.1745
0.2282, 0.1745
0.2282, 0.1745
0.2282, 0.1719
0.2282, 0.1719
0.2282, 0.1719
0.2282, 0.1693
0.2282, 0.1693
0.2282, 0.1693
0.2282, 0.1693
0.2282, 0.1667
0.2282, 0.1667
0.2282, 0.1667
0.2282, 0.1667
0.2282, 0.1667
0.2282, 0.1667
0.2282, 0.1667
0.2282, 0.1667
0.2282, 0.1641
0.2282, 0.1641
0.2282, 0.1641
0.2282, 0.1615
0.2282, 0.1615
0.2282, 0.1615
0.2282, 0.1615
0.2282, 0.1615
0.2282, 0.1615
0.2282, 0.1615
0.2282, 0.1615
0.2282, 0.1615
0.2282, 0.1615
0.2282, 0.1615
0.2282, 0.1615
0.2241, 0.1563
0.2241, 0.1563
0.2241, 0.1563
0.2241, 0.1536
0.2241, 0.1536
0.2241, 0.1536
0.2241, 0.1536
0.2241, 0.1536
0.2241, 0.1536
0.2241, 0.1536
0.2241, 0.1536
0.2241, 0.1510
0.2241, 0.1510
0.2241, 0.1510
0.2241, 0.1510
0.2241, 0.1510
0.2241, 0.1510
0.2241, 0.1510
0.2241, 0.1484
0.2241, 0.1484
0.2241, 0.1484
0.2241, 0.1484
0.2241, 0.1458
0.2241, 0.1458
0.2241, 0.1458
0.2241, 0.1458
0.2241, 0.1458
0.2241, 0.1458
0.2241, 0.1458
0.2241, 0.1458
0.2241, 0.1458
0.2241, 0.1458
0.2241, 0.1458
0.2241, 0.1432
0.2241, 0.1432
0.2241, 0.1432
0.2241, 0.1432
0.2241, 0.1406
0.2241, 0.1406
0.2241, 0.1406
0.2241, 0.1406
0.2241, 0.1406
0.2241, 0.1406
0.2241, 0.1406
0.2199, 0.1406
0.2199, 0.1406
0.2199, 0.1406
0.2199, 0.1406
0.2199, 0.1380
0.2199, 0.1380
0.2199, 0.1380
0.2199, 0.1354
0.2199, 0.1354
0.2199, 0.1354
0.2199, 0.1354
0.2199, 0.1354
0.2199, 0.1354
0.2199, 0.1354
0.2199, 0.1354
0.2199, 0.1328
0.2199, 0.1328
0.2199, 0.1328
0.2199, 0.1302
0.2199, 0.1302
0.2199, 0.1302
0.2199, 0.1302
0.2199, 0.1276
0.2199, 0.1276
0.2199, 0.1276
0.2199, 0.1276
0.2199, 0.1276
0.2199, 0.1276
0.2199, 0.1276
0.2199, 0.1276
0.2199, 0.1276
0.2199, 0.1276
0.2199, 0.1276
0.2199, 0.1250
0.2199, 0.1250
0.2199, 0.1250
0.2199, 0.1250
0.2199, 0.1224
0.2199, 0.1224
0.2199, 0.1224
0.2199, 0.1224
0.2199, 0.1224
0.2199, 0.1224
0.2199, 0.1224
0.2199, 0.1224
0.2199, 0.1224
0.2199, 0.1224
0.2199, 0.1224
0.2199, 0.1198
0.2199, 0.1198
0.2199, 0.1198
0.2199, 0.1172
0.2199, 0.1172
0.2199, 0.1172
0.2199, 0.1172
0.2199, 0.1146
0.2199, 0.1146
0.2199, 0.1146
0.2199, 0.1146
0.2199, 0.1146
0.2199, 0.1146
0.2199, 0.1146
0.2158, 0.1120
0.2158, 0.1120
0.2158, 0.1120
0.2158, 0.1120
0.2158, 0.1094
0.2158, 0.1094
0.2158, 0.1094
0.2158, 0.1094
0.2158, 0.1094
0.2158, 0.1094
0.2158, 0.1094
0.2158, 0.1068
0.2158, 0.1068
0.2158, 0.1068
0.2158, 0.1068
0.2158, 0.1068
0.2158, 0.1068
0.2158, 0.1068
0.2158, 0.1042
0.2158, 0.1042
0.2158, 0.1042
0.2158, 0.1042
0.2158, 0.1016
0.2158, 0.1016
0.2158, 0.1016
0.2158, 0.1016
0.2158, 0.1016
0.2158, 0.1016
0.2158, 0.1016
0.2158, 0.0990
0.2158, 0.0990
0.2158, 0.0990
0.2158, 0.0964
0.2158, 0.0964
0.2158, 0.0964
0.2158, 0.0964
0.2158, 0.0964
0.2158, 0.0964
0.2158, 0.0964
0.2158, 0.0964
0.2158, 0.0937
0.2158, 0.0937
0.2158, 0.0937
0.2158, 0.0937
0.2158, 0.0937
0.2158, 0.0937
0.2158, 0.0937
0.2158, 0.0911
0.2158, 0.0911
0.2158, 0.0911
0.2158, 0.0911
0.2158, 0.0885
0.2158, 0.0885
0.2158, 0.0885
0.2158, 0.0885
0.2158, 0.0885
0.2158, 0.0885
0.2158, 0.0885
0.2158, 0.0885
0.2158, 0.0885
0.2158, 0.0885
0.2158, 0.0885
0.2158, 0.0859
0.2158, 0.0859
0.2158, 0.0859
0.2158, 0.0859
0.2158, 0.0859
0.2158, 0.0859
0.2158, 0.0859
0.2158, 0.0833
0.2158, 0.0833
0.2158, 0.0833
0.2158, 0.0833
0.2158, 0.0833
0.2158, 0.0833
0.2158, 0.0833
0.2158, 0.0807
0.2158, 0.0807
0.2158, 0.0807
0.2158, 0.0781
0.2158, 0.0781
0.2158, 0.0781
0.2158, 0.0781
0.2158, 0.0755
0.2158, 0.0755
0.2158, 0.0755
0.2158, 0.0755
0.2158, 0.0755
0.2158, 0.0755
0.2158, 0.0755
0.2158, 0.0729
0.2158, 0.0729
0.2158, 0.0729
0.2158, 0.0729
0.2158, 0.0703
0.2158, 0.0703
0.2158, 0.0703
0.2158, 0.0703
0.2158, 0.0703
0.2158, 0.0703
0.2158, 0.0703
0.2158, 0.0703
0.2158, 0.0703
0.2158, 0.0703
0.2158, 0.0703
0.2158, 0.0703
0.2158, 0.0703
0.2158, 0.0703
0.2158, 0.0703
0.2158, 0.0677
0.2158, 0.0677
0.2158, 0.0677
0.2158, 0.0651
0.2158, 0.0651
0.2158, 0.0651
0.2158, 0.0651
0.2158, 0.0625
0.2158, 0.0625
0.2158, 0.0625
0.2158, 0.0625
0.2158, 0.0625
0.2158, 0.0625
0.2158, 0.0625
0.2158, 0.0599
0.2158, 0.0599
0.2158, 0.0599
0.2158, 0.0599
0.2158, 0.0599
0.2158, 0.0599
0.2158, 0.0599
0.2158, 0.0573
0.2158, 0.0573
0.2158, 0.0573
0.2158, 0.0573
0.2158, 0.0573
0.2158, 0.0573
0.2158, 0.0573
0.2158, 0.0573
0.2158, 0.0573
0.2158, 0.0573
0.2158, 0.0573
0.2158, 0.0547
0.2158, 0.0547
0.2158, 0.0547
0.2158, 0.0547
0.2158, 0.0521
0.2158, 0.0521
0.2158, 0.0521
0.2158, 0.0521
0.2158, 0.0521
0.2158, 0.0521
0.2158, 0.0521
0.2158, 0.0495
0.2158, 0.0495
0.2158, 0.0495
0.2158, 0.0469
0.2158, 0.0469
0.2158, 0.0469
0.2158, 0.0469
0.2158, 0.0469
0.2158, 0.0469
0.2158, 0.0469
0.2158, 0.0443
0.2158, 0.0443
0.2158, 0.0443
0.2158, 0.0443
0.2158, 0.0443
0.2158, 0.0443
0.2158, 0.0443
0.2158, 0.0417
0.2158, 0.0417
0.2158, 0.0417
0.2158, 0.0417
0.2158, 0.0417
0.2158, 0.0417
0.2158, 0.0417
0.2158, 0.0391
0.2158, 0.0391
0.2158, 0.0391
0.2158, 0.0391
0.2158, 0.0391
0.2158, 0.0391
0.2158, 0.0391
0.2158, 0.0365
0.2158, 0.0365
0.2158, 0.0365
0.2158, 0.0365
0.2199, 0.0365
0.2199, 0.0365
0.2199, 0.0365
0.2199, 0.0339
0.2199, 0.0339
0.2199, 0.0339
0.2199, 0.0339
0.2199, 0.0313
0.2199, 0.0313
0.2199, 0.0313
0.2199, 0.0313
0.2199, 0.0313
0.2199, 0.0313
0.2199, 0.0313
0.2199, 0.0313
0.2199, 0.0313
0.2199, 0.0313
0.2199, 0.0313
0.2199, 0.0286
0.2199, 0.0286
0.2199, 0.0286
0.2199, 0.0286
0.2199, 0.0286
0.2199, 0.0286
0.2199, 0.0286
0.2241, 0.0260
0.2241, 0.0260
0.2241, 0.0260
0.2241, 0.0260
0.2241, 0.0260
0.2241, 0.0260
0.2241, 0.0260
0.2241, 0.0260
0.2241, 0.0260
0.2241, 0.0260
0.2241, 0.0260
0.2282, 0.0234
0.2282, 0.0234
0.2282, 0.0234
0.2282, 0.0208
0.2282, 0.0208
0.2282, 0.0208
0.2282, 0.0208
0.2324, 0.0208
0.2324, 0.0208
0.2324, 0.0208
0.2324, 0.0182
0.2324, 0.0182
0.2324, 0.0182
0.2324, 0.0182
0.2324, 0.0182
0.2324, 0.0182
0.2324, 0.0182
0.2324, 0.0182
0.2324, 0.0182
0.2324, 0.0182
0.2324, 0.0182
0.2365, 0.0182
0.2365, 0.0182
0.2365, 0.0182
0.2365, 0.0182
0.2365, 0.0182
0.2365, 0.0182
0.2365, 0.0156
0.2365, 0.0156
0.2365, 0.0156
0.2407, 0.0156
0.2407, 0.0156
0.2407, 0.0156
0.2407, 0.0156
0.2407, 0.0156
0.2407, 0.0156
0.2407, 0.0156
0.2407, 0.0130
0.2407, 0.0130
0.2407, 0.0130
0.2407, 0.0130
0.2407, 0.0130
0.2407, 0.0130
0.2407, 0.0130
0.2448, 0.0130
0.2448, 0.0130
0.2448, 0.0130
0.2448, 0.0130
0.2448, 0.0130
0.2448, 0.0130
0.2448, 0.0130
0.2490, 0.0130
0.2490, 0.0130
0.2490, 0.0130
0.2490, 0.0130
0.2490, 0.0130
0.2490, 0.0130
0.2490, 0.0130
0.2490, 0.0130
0.2490, 0.0130
0.2490, 0.0130
0.2490, 0.0130
0.2531, 0.0130
0.2531, 0.0130
0.2531, 0.0130
0.2531, 0.0130
0.2531, 0.0130
0.2531, 0.0130
0.2531, 0.0130
0.2531, 0.0130
0.2531, 0.0130
0.2531, 0.0130
0.2531, 0.0130
0.2531, 0.0104
0.2531, 0.0104
0.2573, 0.0104
0.2573, 0.0104
0.2573, 0.0104
0.2573, 0.0104
0.2573, 0.0104
0.2573, 0.0104
0.2573, 0.0104
0.2614, 0.0104
0.2614, 0.0104
0.2614, 0.0104
0.2614, 0.0104
0.2614, 0.0104
0.2614, 0.0104
0.2614, 0.0104
0.2614, 0.0104
0.2614, 0.0104
0.2614, 0.0104
0.2614, 0.0104
0.2614, 0.0104
0.2614, 0.0104
0.2614, 0.0104
0.2614, 0.0104
0.2656, 0.0078
0.2656, 0.0078
0.2656, 0.0078
0.2656, 0.0078
0.2656, 0.0078
0.2656, 0.0078
0.2656, 0.0078
0.2697, 0.0078
0.2697, 0.0078
0.2697, 0.0078
0.2739, 0.0078
0.2739, 0.0078
0.2739, 0.0078
0.2739, 0.0078
0.2739, 0.0078
0.2739, 0.0078
0.2739, 0.0078
0.2739, 0.0078
0.2739, 0.0078
0.2739, 0.0078
0.2739, 0.0078
0.2780, 0.0078
0.2780, 0.0078
0.2780, 0.0078
0.2822, 0.0052
0.2822, 0.0052
0.2822, 0.0052
0.2822, 0.0052
0.2822, 0.0052
0.2822, 0.0052
0.2822, 0.0052
0.2822, 0.0052
0.2822, 0.0052
0.2822, 0.0052
0.2822, 0.0052
0.2822, 0.0052
0.2822, 0.0052
0.2822, 0.0052
0.2863, 0.0052
0.2863, 0.0052
0.2863, 0.0052
0.2863, 0.0052
0.2863, 0.0052
0.2863, 0.0052
0.2863, 0.0052
0.2863, 0.0052
0.2863, 0.0052
0.2863, 0.0052
0.2905, 0.0052
0.2905, 0.0052
0.2905, 0.0052
0.2905, 0.0052
0.2946, 0.0052
0.2946, 0.0052
0.2946, 0.0052
0.2946, 0.0052
0.2946, 0.0052
0.2946, 0.0052
0.2946, 0.0052
0.2946, 0.0052
0.2946, 0.0052
0.2946, 0.0052
0.2946, 0.0052
0.2946, 0.0052
0.2946, 0.0052
0.2946, 0.0052
0.2946, 0.0052
0.2946, 0.0052
0.2946, 0.0052
0.2988, 0.0052
0.2988, 0.0052
0.2988, 0.0052
0.2988, 0.0052
0.2988, 0.0052
0.2988, 0.0052
0.2988, 0.0052
0.3029, 0.0052
0.3029, 0.0052
0.3029, 0.0052
0.3029, 0.0052
0.3029, 0.0052
0.3029, 0.0052
0.3029, 0.0052
0.3029, 0.0052
0.3029, 0.0052
0.3029, 0.0052
0.3029, 0.0052
0.3071, 0.0026
0.3071, 0.0026
0.3071, 0.0026
0.3112, 0.0026
0.3112, 0.0026
0.3112, 0.0026
0.3112, 0.0026
0.3112, 0.0026
0.3112, 0.0026
0.3112, 0.0026
0.3154, 0.0026
0.3154, 0.0026
0.3154, 0.0026
0.3154, 0.0026
0.3154, 0.0026
0.3154, 0.0026
0.3154, 0.0026
0.3154, 0.0026
0.3154, 0.0026
0.3154, 0.0026
0.3195, 0.0026
0.3195, 0.0026
0.3195, 0.0026
0.3237, 0.0026
0.3237, 0.0026
0.3237, 0.0026
0.3237, 0.0026
0.3237, 0.0026
0.3237, 0.0026
0.3237, 0.0026
0.3237, 0.0026
0.3237, 0.0026
0.3237, 0.0026
0.3237, 0.0026
0.3278, 0.0026
0.3278, 0.0026
0.3278, 0.0026
0.3278, 0.0026
0.3278, 0.0026
0.3278, 0.0026
0.3320, 0.0000
0.3320, 0.0000
0.3320, 0.0000
0.3320, 0.0000
0.3320, 0.0000
0.3320, 0.0000
0.3320, 0.0000
0.3361, 0.0000
0.3361, 0.0000
0.3361, 0.0000
0.3361, 0.0000
0.3361, 0.0000
0.3361, 0.0000
0.3361, 0.0000
0.3361, 0.0000
0.3361, 0.0000
0.3361, 0.0000
0.3361, 0.0000
0.3361, 0.0000
0.3361, 0.0000
0.3361, 0.0000
0.3402, 0.0000
0.3402, 0.0000
0.3402, 0.0000
0.3444, 0.0000
0.3444, 0.0000
0.3444, 0.0000
0.3444, 0.0000
0.3444, 0.0000
0.3444, 0.0000
0.3444, 0.0000
0.3444, 0.0000
0.3444, 0.0000
0.3444, 0.0000
0.3485, 0.0000
0.3485, 0.0000
0.3485, 0.0000
0.3527, 0.0000
0.3527, 0.0000
0.3527, 0.0000
0.3527, 0.0000
0.3527, 0.0000
0.3527, 0.0000
0.3527, 0.0000
0.3527, 0.0000
0.3527, 0.0000
0.3527, 0.0000
0.3568, 0.0000
0.3568, 0.0000
0.3568, 0.0000
0.3568, 0.0000
0.3568, 0.0000
0.3568, 0.0000
0.3568, 0.0000
0.3610, 0.0000
0.3610, 0.0000
0.3610, 0.0000
0.3651, 0.0000
0.3651, 0.0000
0.3651, 0.0000
0.3651, 0.0000
0.3651, 0.0000
0.3651, 0.0000
0.3651, 0.0000
0.3651, 0.0000
0.3651, 0.0000
0.3651, 0.0000
0.3693, 0.0000
0.3693, 0.0000
0.3693, 0.0000
0.3693, 0.0000
0.3693, 0.0000
0.3693, 0.0000
0.3734, 0.0000
0.3734, 0.0000
0.3734, 0.0000
0.3734, 0.0000
0.3734, 0.0000
0.3734, 0.0000
0.3734, 0.0000
0.3776, 0.0000
0.3776, 0.0000
0.3776, 0.0000
0.3817, 0.0000
0.3817, 0.0000
0.3817, 0.0000
0.3817, 0.0026
0.3817, 0.0026
0.3817, 0.0026
0.3817, 0.0026
0.3859, 0.0026
0.3859, 0.0026
0.3859, 0.0026
0.3859, 0.0026
0.3859, 0.0026
0.3859, 0.0026
0.3900, 0.0026
0.3900, 0.0026
0.3900, 0.0026
0.3900, 0.0026
0.3942, 0.0026
0.3942, 0.0026
0.3942, 0.0026
0.3942, 0.0052
0.3942, 0.0052
0.3942, 0.0052
0.3942, 0.0078
0.3942, 0.0078
0.3942, 0.0078
0.3983, 0.0078
0.3983, 0.0078
0.3983, 0.0078
0.4025, 0.0104
0.4025, 0.0104
0.4025, 0.0104
0.4066, 0.0104
0.4066, 0.0104
0.4066, 0.0104
0.4066, 0.0104
0.4066, 0.0104
0.4066, 0.0104
0.4066, 0.0104
0.4066, 0.0130
0.4066, 0.0130
0.4066, 0.0130
0.4108, 0.0156
0.4108, 0.0156
0.4108, 0.0156
0.4108, 0.0156
0.4108, 0.0156
0.4108, 0.0156
0.4108, 0.0156
0.4149, 0.0156
0.4149, 0.0156
0.4149, 0.0156
0.4149, 0.0156
0.4149, 0.0156
0.4149, 0.0156
0.4149, 0.0156
0.4149, 0.0156
0.4149, 0.0156
0.4149, 0.0156
0.4149, 0.0182
0.4149, 0.0182
0.4149, 0.0182
0.4191, 0.0208
0.4191, 0.0208
0.4191, 0.0208
0.4232, 0.0208
0.4232, 0.0208
0.4232, 0.0208
0.4232, 0.0234
0.4232, 0.0234
0.4232, 0.0234
0.4274, 0.0234
0.4274, 0.0234
0.4274, 0.0234
0.4274, 0.0260
0.4274, 0.0260
0.4274, 0.0260
0.4274, 0.0260
0.4274, 0.0260
0.4274, 0.0260
0.4274, 0.0260
0.4274, 0.0286
0.4274, 0.0286
0.4274, 0.0286
0.4315, 0.0286
0.4315, 0.0286
0.4315, 0.0286
0.4315, 0.0313
0.4315, 0.0313
0.4315, 0.0313
0.4357, 0.0313
0.4357, 0.0313
0.4357, 0.0313
0.4357, 0.0339
0.4357, 0.0339
0.4357, 0.0339
0.4357, 0.0365
0.4357, 0.0365
0.4357, 0.0365
0.4398, 0.0365
0.4398, 0.0365
0.4398, 0.0365
0.4398, 0.0391
0.4398, 0.0391
0.4398, 0.0391
0.4440, 0.0391
0.4440, 0.0391
0.4440, 0.0391
0.4440, 0.0417
0.4440, 0.0417
0.4440, 0.0417
0.4481, 0.0417
0.4481, 0.0417
0.4481, 0.0417
0.4481, 0.0417
0.4481, 0.0417
0.4481, 0.0417
0.4481, 0.0443
0.4481, 0.0443
0.4481, 0.0443
0.4481, 0.0469
0.4481, 0.0469
0.4481, 0.0469
0.4481, 0.0469
0.4481, 0.0469
0.4481, 0.0469
0.4481, 0.0495
0.4481, 0.0495
0.4481, 0.0495
0.4523, 0.0495
0.4523, 0.0495
0.4523, 0.0495
0.4523, 0.0495
0.4523, 0.0495
0.4523, 0.0495
0.4564, 0.0495
0.4564, 0.0495
0.4564, 0.0495
0.4564, 0.0495
0.4564, 0.0495
0.4564, 0.0495
0.4564, 0.0521
0.4564, 0.0521
0.4564, 0.0521
0.4564, 0.0521
0.4564, 0.0521
0.4564, 0.0521
0.4606, 0.0547
0.4606, 0.0547
0.4606, 0.0547
0.4606, 0.0547
0.4606, 0.0547
0.4606, 0.0547
0.4647, 0.0547
0.4647, 0.0547
0.4647, 0.0547
0.4647, 0.0573
0.4647, 0.0573
0.4647, 0.0573
0.4689, 0.0573
0.4689, 0.0573
0.4689, 0.0573
0.4689, 0.0599
0.4689, 0.0599
0.4689, 0.0599
0.4689, 0.0599
0.4689, 0.0599
0.4689, 0.0599
0.4689, 0.0599
0.4730, 0.0599
0.4730, 0.0599
0.4730, 0.0599
0.4730, 0.0625
0.4730, 0.0625
0.4730, 0.0625
0.4772, 0.0625
0.4772, 0.0625
0.4772, 0.0625
0.4772, 0.0651
0.4772, 0.0651
0.4772, 0.0651
0.4772, 0.0677
0.4772, 0.0677
0.4772, 0.0677
0.4772, 0.0677
0.4772, 0.0677
0.4772, 0.0677
0.4813, 0.0677
0.4813, 0.0677
0.4813, 0.0677
0.4813, 0.0677
0.4813, 0.0677
0.4813, 0.0677
0.4813, 0.0677
0.4813, 0.0677
0.4813, 0.0677
0.4813, 0.0677
0.4855, 0.0703
0.4855, 0.0703
0.4855, 0.0703
0.4855, 0.0703
0.4855, 0.0703
0.4855, 0.0703
0.4855, 0.0703
0.4855, 0.0703
0.4855, 0.0703
0.4855, 0.0703
0.4855, 0.0703
0.4855, 0.0729
0.4855, 0.0729
0.4855, 0.0729
0.4855, 0.0729
0.4855, 0.0729
0.4855, 0.0729
0.4896, 0.0729
0.4896, 0.0729
0.4896, 0.0729
0.4896, 0.0729
0.4896, 0.0729
0.4896, 0.0729
0.4938, 0.0755
0.4938, 0.0755
0.4938, 0.0755
0.4938, 0.0781
0.4938, 0.0781
0.4979, 0.0781
0.4979, 0.0781
0.4979, 0.0781
0.4979, 0.0807
0.4979, 0.0807
0.4979, 0.0807
0.4979, 0.0807
0.4979, 0.0807
0.4979, 0.0807
0.4979, 0.0807
0.4979, 0.0807
0.4979, 0.0807
0.5021, 0.0807
0.5021, 0.0807
0.5021, 0.0807
0.5021, 0.0833
0.5021, 0.0833
0.5021, 0.0833
0.5062, 0.0833
0.5062, 0.0833
0.5062, 0.0833
0.5062, 0.0833
0.5062, 0.0833
0.5062, 0.0833
0.5062, 0.0859
0.5062, 0.0859
0.5062, 0.0859
0.5062, 0.0859
0.5062, 0.0859
0.5062, 0.0859
0.5104, 0.0885
0.5104, 0.0885
0.5104, 0.0885
0.5104, 0.0911
0.5104, 0.0911
0.5104, 0.0911
0.5145, 0.0937
0.5145, 0.0937
0.5145, 0.0937
0.5187, 0.0937
0.5187, 0.0937
0.5187, 0.0937
0.5187, 0.0937
0.5187, 0.0937
0.5187, 0.0937
0.5187, 0.0964
0.5187, 0.0964
0.5187, 0.0964
0.5228, 0.0964
0.5228, 0.0964
0.5228, 0.0964
0.5228, 0.0964
0.5228, 0.0990
0.5228, 0.0990
0.5228, 0.0990
0.5270, 0.0990
0.5270, 0.0990
0.5270, 0.0990
0.5270, 0.0990
0.5270, 0.0990
0.5270, 0.0990
0.5270, 0.1016
0.5270, 0.1016
0.5270, 0.1016
0.5311, 0.1042
0.5311, 0.1042
0.5311, 0.1042
0.5311, 0.1068
0.5311, 0.1068
0.5311, 0.1068
0.5353, 0.1068
0.5353, 0.1068
0.5353, 0.1068
0.5394, 0.1094
0.5394, 0.1094
0.5394, 0.1094
0.5394, 0.1120
0.5394, 0.1120
0.5394, 0.1120
0.5394, 0.1120
0.5394, 0.1120
0.5394, 0.1120
0.5436, 0.1146
0.5436, 0.1146
0.5436, 0.1172
0.5436, 0.1172
0.5436, 0.1172
0.5477, 0.1198
0.5477, 0.1198
0.5477, 0.1198
0.5477, 0.1198
0.5477, 0.1198
0.5477, 0.1198
0.5477, 0.1198
0.5477, 0.1198
0.5477, 0.1198
0.5477, 0.1198
0.5477, 0.1224
0.5477, 0.1224
0.5477, 0.1224
0.5519, 0.1224
0.5519, 0.1224
0.5519, 0.1224
0.5519, 0.1250
0.5519, 0.1250
0.5519, 0.1250
0.5560, 0.1250
0.5560, 0.1250
0.5560, 0.1250
0.5560, 0.1276
0.5560, 0.1276
0.5560, 0.1276
0.5602, 0.1302
0.5602, 0.1302
0.5602, 0.1328
0.5602, 0.1328
0.5602, 0.1328
0.5602, 0.1328
0.5602, 0.1328
0.5602, 0.1328
0.5602, 0.1328
0.5602, 0.1328
0.5602, 0.1328
0.5602, 0.1328
0.5643, 0.1354
0.5643, 0.1354
0.5643, 0.1354
0.5643, 0.1354
0.5643, 0.1354
0.5643, 0.1354
0.5643, 0.1380
0.5643, 0.1380
0.5643, 0.1380
0.5685, 0.1380
0.5685, 0.1380
0.5685, 0.1380
0.5685, 0.1380
0.5685, 0.1380
0.5685, 0.1380
0.5685, 0.1380
0.5685, 0.1380
0.5685, 0.1380
0.5685, 0.1406
0.5685, 0.1406
0.5685, 0.1432
0.5685, 0.1432
0.5685, 0.1432
0.5685, 0.1432
0.5685, 0.1432
0.5726, 0.1432
0.5726, 0.1432
0.5726, 0.1458
0.5726, 0.1458
0.5726, 0.1458
0.5768, 0.1484
0.5768, 0.1484
0.5768, 0.1510
0.5768, 0.1510
0.5768, 0.1510
0.5768, 0.1510
0.5768, 0.1510
0.5809, 0.1510
0.5809, 0.1510
0.5809, 0.1536
0.5809, 0.1536
0.5809, 0.1536
0.5809, 0.1536
0.5809, 0.1536
0.5809, 0.1563
0.5809, 0.1563
0.5809, 0.1563
0.5809, 0.1563
0.5809, 0.1563
0.5809, 0.1563
0.5809, 0.1563
0.5809, 0.1563
0.5851, 0.1589
0.5851, 0.1589
0.5851, 0.1615
0.5851, 0.1615
0.5851, 0.1615
0.5892, 0.1615
0.5892, 0.1615
0.5892, 0.1641
0.5892, 0.1641
0.5892, 0.1641
0.5892, 0.1641
0.5892, 0.1641
0.5892, 0.1641
0.5892, 0.1641
0.5892, 0.1641
0.5892, 0.1641
0.5892, 0.1667
0.5892, 0.1667
0.5892, 0.1667
0.5934, 0.1693
0.5934, 0.1693
0.5934, 0.1693
0.5934, 0.1693
0.5934, 0.1693
0.5934, 0.1693
0.5934, 0.1693
0.5975, 0.1719
0.5975, 0.1719
0.5975, 0.1719
0.5975, 0.1745
0.5975, 0.1745
0.6017, 0.1771
0.6017, 0.1771
0.6017, 0.1771
0.6017, 0.1771
0.6017, 0.1771
0.6017, 0.1771
0.6017, 0.1771
0.6017, 0.1771
0.6017, 0.1797
0.6017, 0.1797
0.6058, 0.1797
0.6058, 0.1797
0.6058, 0.1797
0.6058, 0.1823
0.6058, 0.1823
0.6058, 0.1823
0.6058, 0.1823
0.6058, 0.1823
0.6100, 0.1823
0.6100, 0.1823
0.6100, 0.1849
0.6100, 0.1849
0.6100, 0.1849
0.6100, 0.1849
0.6100, 0.1849
0.6100, 0.1875
0.6100, 0.1875
0.6100, 0.1875
0.6100, 0.1875
0.6100, 0.1875
0.6100, 0.1875
0.6100, 0.1901
0.6100, 0.1901
0.6141, 0.1901
0.6141, 0.1901
0.6141, 0.1901
0.6141, 0.1901
0.6141, 0.1901
0.6141, 0.1901
0.6141, 0.1901
0.6141, 0.1901
0.6183, 0.1901
0.6183, 0.1901
0.6183, 0.1927
0.6183, 0.1927
0.6183, 0.1927
0.6183, 0.1927
0.6183, 0.1927
0.6183, 0.1953
0.6183, 0.1953
0.6183, 0.1953
0.6183, 0.1953
0.6183, 0.1953
0.6183, 0.1953
0.6183, 0.1953
0.6183, 0.1953
0.6183, 0.1953
0.6224, 0.1979
0.6224, 0.1979
0.6224, 0.1979
0.6224, 0.1979
0.6224, 0.1979
0.6266, 0.2005
0.6266, 0.2005
0.6266, 0.2031
0.6266, 0.2031
0.6307, 0.2031
0.6307, 0.2031
0.6307, 0.2031
0.6307, 0.2031
0.6307, 0.2031
0.6307, 0.2057
0.6307, 0.2057
0.6307, 0.2057
0.6307, 0.2057
0.6307, 0.2057
0.6349, 0.2083
0.6349, 0.2083
0.6349, 0.2083
0.6349, 0.2083
0.6349, 0.2083
0.6349, 0.2083
0.6390, 0.2083
0.6390, 0.2083
0.6390, 0.2083
0.6390, 0.2083
0.6390, 0.2083
0.6390, 0.2083
0.6390, 0.2109
0.6390, 0.2109
0.6390, 0.2109
0.6390, 0.2109
0.6390, 0.2109
0.6390, 0.2109
0.6390, 0.2135
0.6390, 0.2135
0.6390, 0.2135
0.6432, 0.2135
0.6432, 0.2135
0.6432, 0.2135
0.6432, 0.2161
0.6432, 0.2161
0.6473, 0.2161
0.6473, 0.2161
0.6473, 0.2161
0.6473, 0.2161
0.6473, 0.2161
0.6473, 0.2161
0.6473, 0.2161
0.6515, 0.2161
0.6515, 0.2161
0.6515, 0.2187
0.6515, 0.2187
0.6515, 0.2187
0.6515, 0.2187
0.6515, 0.2187
0.6515, 0.2187
0.6515, 0.2214
0.6515, 0.2214
0.6515, 0.2214
0.6515, 0.2214
0.6515, 0.2214
0.6515, 0.2214
0.6556, 0.2214
0.6556, 0.2214
0.6556, 0.2214
0.6598, 0.2240
0.6598, 0.2240
0.6598, 0.2240
0.6598, 0.2266
0.6598, 0.2266
0.6598, 0.2266
0.6598, 0.2266
0.6598, 0.2266
0.6598, 0.2266
0.6598, 0.2266
0.6598, 0.2266
0.6598, 0.2266
0.6639, 0.2292
0.6639, 0.2292
0.6639, 0.2318
0.6639, 0.2318
0.6639, 0.2318
0.6639, 0.2318
0.6639, 0.2318
0.6639, 0.2318
0.6680, 0.2318
0.6680, 0.2318
0.6680, 0.2318
0.6680, 0.2344
0.6680, 0.2344
0.6680, 0.2344
0.6680, 0.2344
0.6680, 0.2344
0.6722, 0.2344
0.6722, 0.2344
0.6722, 0.2344
0.6722, 0.2344
0.6722, 0.2344
0.6722, 0.2344
0.6722, 0.2370
0.6722, 0.2370
0.6722, 0.2370
0.6722, 0.2396
0.6722, 0.2396
0.6722, 0.2396
0.6722, 0.2396
0.6722, 0.2396
0.6722, 0.2396
0.6722, 0.2396
0.6722, 0.2396
0.6722, 0.2396
0.6763, 0.2422
0.6763, 0.2422
0.6763, 0.2422
0.6805, 0.2448
0.6805, 0.2448
0.6805, 0.2474
0.6805, 0.2474
0.6805, 0.2474
0.6805, 0.2474
0.6805, 0.2474
0.6805, 0.2474
0.6805, 0.2474
0.6805, 0.2474
0.6805, 0.2474
0.6805, 0.2474
0.6846, 0.2500
0.6846, 0.2500
0.6846, 0.2526
0.6846, 0.2526
0.6846, 0.2526
0.6888, 0.2526
0.6888, 0.2526
0.6888, 0.2526
0.6888, 0.2552
0.6888, 0.2552
0.6888, 0.2552
0.6929, 0.2552
0.6929, 0.2552
0.6929, 0.2552
0.6929, 0.2578
0.6929, 0.2578
0.6929, 0.2578
0.6929, 0.2578
0.6929, 0.2578
0.6929, 0.2578
0.6929, 0.2604
0.6929, 0.2604
0.6929, 0.2604
0.6929, 0.2604
0.6929, 0.2604
0.6929, 0.2604
0.6929, 0.2604
0.6929, 0.2604
0.6929, 0.2604
0.6971, 0.2604
0.6971, 0.2604
0.6971, 0.2630
0.6971, 0.2630
0.6971, 0.2630
0.6971, 0.2656
0.6971, 0.2656
0.6971, 0.2656
0.7012, 0.2656
0.7012, 0.2656
0.7012, 0.2656
0.7012, 0.2656
0.7012, 0.2656
0.7012, 0.2656
0.7012, 0.2682
0.7012, 0.2682
0.7012, 0.2708
0.7012, 0.2708
0.7012, 0.2708
0.7054, 0.2734
0.7054, 0.2734
0.7054, 0.2734
0.7095, 0.2734
0.7095, 0.2734
0.7095, 0.2734
0.7137, 0.2760
0.7137, 0.2760
0.7137, 0.2760
0.7137, 0.2786
0.7137, 0.2786
0.7137, 0.2786
0.7137, 0.2786
0.7137, 0.2786
0.7178, 0.2812
0.7178, 0.2812
0.7178, 0.2812
0.7178, 0.2839
0.7178, 0.2839
0.7178, 0.2839
0.7220, 0.2839
0.7220, 0.2839
0.7220, 0.2839
0.7220, 0.2865
0.7220, 0.2865
0.7220, 0.2865
0.7220, 0.2865
0.7220, 0.2865
0.7220, 0.2865
0.7220, 0.2865
0.7220, 0.2865
0.7220, 0.2891
0.7220, 0.2891
0.7220, 0.2891
0.7261, 0.2917
0.7261, 0.2917
0.7261, 0.2917
0.7261, 0.2917
0.7261, 0.2917
0.7261, 0.2917
0.7261, 0.2917
0.7261, 0.2917
0.7303, 0.2943
0.7303, 0.2943
0.7303, 0.2943
0.7303, 0.2969
0.7303, 0.2969
0.7303, 0.2969
0.7344, 0.2995
0.7344, 0.2995
0.7344, 0.2995
0.7344, 0.2995
0.7344, 0.2995
0.7344, 0.3021
0.7344, 0.3021
0.7344, 0.3021
0.7344, 0.3021
0.7344, 0.3021
0.7344, 0.3021
0.7386, 0.3047
0.7386, 0.3047
0.7386, 0.3047
0.7386, 0.3047
0.7386, 0.3047
0.7386, 0.3047
0.7427, 0.3047
0.7427, 0.3047
0.7427, 0.3047
0.7427, 0.3073
0.7427, 0.3073
0.7427, 0.3099
0.7427, 0.3099
0.7427, 0.3099
0.7427, 0.3099
0.7427, 0.3099
0.7427, 0.3099
0.7469, 0.3099
0.7469, 0.3099
0.7469, 0.3099
0.7469, 0.3125
0.7469, 0.3125
0.7469, 0.3125
0.7510, 0.3151
0.7510, 0.3151
0.7510, 0.3151
0.7510, 0.3151
0.7510, 0.3151
0.7510, 0.3177
0.7510, 0.3177
0.7510, 0.3177
0.7510, 0.3177
0.7510, 0.3177
0.7510, 0.3177
0.7552, 0.3177
0.7552, 0.3177
0.7552, 0.3177
0.7552, 0.3203
0.7552, 0.3203
0.7552, 0.3203
0.7593, 0.3229
0.7593, 0.3229
0.7593, 0.3229
0.7593, 0.3229
0.7593, 0.3229
0.7593, 0.3229
0.7593, 0.3229
0.7593, 0.3229
0.7593, 0.3229
0.7635, 0.3229
0.7635, 0.3229
0.7635, 0.3255
0.7635, 0.3255
0.7635, 0.3255
0.7635, 0.3255
0.7635, 0.3255
0.7635, 0.3255
0.7635, 0.3281
0.7635, 0.3281
0.7635, 0.3281
0.7676, 0.3307
0.7676, 0.3307
0.7676, 0.3307
0.7676, 0.3307
0.7676, 0.3307
0.7676, 0.3307
0.7718, 0.3307
0.7718, 0.3307
0.7718, 0.3307
0.7718, 0.3307
0.7718, 0.3307
0.7718, 0.3307
0.7718, 0.3333
0.7718, 0.3333
0.7718, 0.3333
0.7718, 0.3333
0.7718, 0.3333
0.7718, 0.3359
0.7718, 0.3359
0.7718, 0.3359
0.7759, 0.3359
0.7759, 0.3359
0.7759, 0.3359
0.7759, 0.3359
0.7759, 0.3359
0.7759, 0.3359
0.7801, 0.3385
0.7801, 0.3385
0.7801, 0.3385
0.7801, 0.3385
0.7801, 0.3385
0.7801, 0.3385
0.7842, 0.3385
0.7842, 0.3385
0.7842, 0.3385
0.7842, 0.3411
0.7842, 0.3411
0.7842, 0.3411
0.7842, 0.3411
0.7842, 0.3411
0.7842, 0.3438
0.7842, 0.3438
0.7842, 0.3438
0.7842, 0.3438
0.7842, 0.3438
0.7842, 0.3438
0.7842, 0.3438
0.7884, 0.3438
0.7884, 0.3438
0.7884, 0.3438
0.7884, 0.3464
0.7884, 0.3464
0.7884, 0.3464
0.7925, 0.3464
0.7925, 0.3464
0.7925, 0.3464
0.7925, 0.3490
0.7925, 0.3490
0.7925, 0.3490
0.7925, 0.3490
0.7925, 0.3490
0.7925, 0.3490
0.7925, 0.3490
0.7967, 0.3490
0.7967, 0.3490
0.7967, 0.3490
0.7967, 0.3516
0.7967, 0.3516
0.8008, 0.3516
0.8008, 0.3516
0.8008, 0.3542
0.8008, 0.3542
0.8008, 0.3542
0.8050, 0.3542
0.8050, 0.3542
0.8050, 0.3542
0.8050, 0.3568
0.8050, 0.3568
0.8050, 0.3568
0.8050, 0.3568
0.8050, 0.3568
0.8050, 0.3568
0.8050, 0.3568
0.8050, 0.3568
0.8050, 0.3568
0.8091, 0.3568
0.8091, 0.3568
0.8091, 0.3568
0.8091, 0.3568
0.8091, 0.3568
0.8091, 0.3568
0.8133, 0.3594
0.8133, 0.3594
0.8133, 0.3594
0.8133, 0.3594
0.8133, 0.3594
0.8133, 0.3594
0.8133, 0.3594
0.8133, 0.3594
0.8174, 0.3620
0.8174, 0.3620
0.8174, 0.3620
0.8174, 0.3620
0.8174, 0.3620
0.8174, 0.3620
0.8216, 0.3620
0.8216, 0.3620
0.8216, 0.3620
0.8216, 0.3620
0.8216, 0.3620
0.8257, 0.3620
0.8257, 0.3620
0.8257, 0.3620
0.8257, 0.3620
0.8257, 0.3620
0.8257, 0.3620
0.8257, 0.3646
0.8257, 0.3646
0.8257, 0.3646
0.8299, 0.3646
0.8299, 0.3646
0.8299, 0.3646
0.8299, 0.3646
0.8299, 0.3646
0.8340, 0.3646
0.8340, 0.3646
0.8340, 0.3646
0.8340, 0.3646
0.8340, 0.3646
0.8340, 0.3646
0.8340, 0.3646
0.8340, 0.3646
0.8340, 0.3672
0.8340, 0.3672
0.8340, 0.3672
0.8382, 0.3672
0.8382, 0.3672
0.8423, 0.3672
0.8423, 0.3672
0.8423, 0.3672
0.8465, 0.3672
0.8465, 0.3672
0.8465, 0.3672
0.8465, 0.3672
0.8465, 0.3672
0.8506, 0.3672
0.8506, 0.3672
0.8506, 0.3672
0.8548, 0.3698
0.8548, 0.3698
0.8548, 0.3698
0.8589, 0.3698
0.8589, 0.3698
0.8631, 0.3698
0.8631, 0.3698
0.8631, 0.3698
0.8672, 0.3698
0.8672, 0.3698
0.8672, 0.3698
0.8672, 0.3698
0.8672, 0.3698
0.8714, 0.3698
0.8714, 0.3698
0.8714, 0.3698
0.8755, 0.3698
0.8755, 0.3698
0.8755, 0.3698
0.8755, 0.3698
0.8755, 0.3698
0.8755, 0.3698
0.8755, 0.3698
0.8755, 0.3698
0.8755, 0.3698
0.8797, 0.3698
0.8797, 0.3698
0.8797, 0.3698
0.8797, 0.3698
0.8797, 0.3698
0.8838, 0.3698
0.8838, 0.3698
0.8838, 0.3698
0.8880, 0.3698
0.8880, 0.3698
0.8880, 0.3698
0.8880, 0.3698
0.8880, 0.3698
0.8880, 0.3698
0.8880, 0.3698
0.8880, 0.3698
0.8921, 0.3698
0.8921, 0.3698
0.8921, 0.3698
0.8963, 0.3698
0.8963, 0.3698
0.8963, 0.3698
0.8963, 0.3698
0.8963, 0.3698
0.8963, 0.3698
0.9004, 0.3698
0.9046, 0.3698
0.9087, 0.3698
0.9129, 0.3698
0.9170, 0.3698
0.9295, 0.3698
0.9295, 0.3698
0.9295, 0.3672
0.9295, 0.3672
0.9295, 0.3672
0.9295, 0.3672
0.9295, 0.3672
0.9295, 0.3672
0.9295, 0.3672
0.9295, 0.3672
0.9336, 0.3672
0.9336, 0.3672
0.9336, 0.3672
0.9336, 0.3646
0.9336, 0.3646
0.9336, 0.3646
0.9378, 0.3646
0.9378, 0.3646
0.9419, 0.3646
0.9419, 0.3646
0.9419, 0.3646
0.9419, 0.3646
0.9419, 0.3646
0.9419, 0.3646
0.9461, 0.3646
0.9461, 0.3646
0.9461, 0.3646
0.9461, 0.3646
0.9461, 0.3646
0.9502, 0.3620
0.9502, 0.3620
0.9502, 0.3620
0.9502, 0.3620
0.9502, 0.3620
0.9544, 0.3594
0.9544, 0.3594
0.9544, 0.3594
0.9585, 0.3594
0.9585, 0.3594
0.9585, 0.3594
0.9627, 0.3594
0.9627, 0.3594
0.9627, 0.3594
0.9627, 0.3594
0.9627, 0.3594
0.9627, 0.3568
0.9627, 0.3568
0.9627, 0.3568
0.9668, 0.3542
0.9668, 0.3542
0.9710, 0.3542
0.9710, 0.3542
0.9710, 0.3542
0.9710, 0.3516
0.9710, 0.3516
0.9710, 0.3516
0.9751, 0.3516
0.9751, 0.3516
0.9751, 0.3516
0.9751, 0.3516
0.9751, 0.3516
0.9793, 0.3490
0.9793, 0.3490
0.9793, 0.3464
0.9793, 0.3464
0.9793, 0.3464
0.9834, 0.3464
0.9834, 0.3464
0.9834, 0.3464
0.9834, 0.3464
0.9834, 0.3464
0.9834, 0.3438
0.9834, 0.3438
0.9834, 0.3438
0.9834, 0.3411
0.9834, 0.3411
0.9876, 0.3411
0.9876, 0.3411
0.9876, 0.3411
0.9876, 0.3385
0.9876, 0.3385
0.9876, 0.3385
0.9876, 0.3385
0.9876, 0.3385
0.9876, 0.3385
0.9917, 0.3385
0.9917, 0.3385
0.9917, 0.3385
0.9917, 0.3385
0.9917, 0.3385
0.9917, 0.3359
0.9917, 0.3359
0.9917, 0.3359
0.9917, 0.3359
0.9917, 0.3359
0.9917, 0.3333
0.9917, 0.3333
0.9917, 0.3333
0.9917, 0.3333
0.9917, 0.3333
0.9917, 0.3333
0.9917, 0.3333
0.9917, 0.3333
0.9917, 0.3307
0.9917, 0.3307
0.9917, 0.3307
0.9917, 0.3281
0.9917, 0.3281
0.9917, 0.3281
0.9959, 0.3281
0.9959, 0.3281
0.9959, 0.3255
0.9959, 0.3255
0.9959, 0.3255
0.9959, 0.3255
0.9959, 0.3255
0.9959, 0.3255
0.9959, 0.3255
0.9959, 0.3255
1.0000, 0.3229
1.0000, 0.3229
1.0000, 0.3229
1.0000, 0.3203
1.0000, 0.3203
1.0000, 0.3203
1.0000, 0.3203
1.0000, 0.3203
1.0000, 0.3203
1.0000, 0.3203
1.0000, 0.3203
1.0000, 0.3203
1.0000, 0.3203
1.0000, 0.3203
1.0000, 0.3203
1.0000, 0.3203
1.0000, 0.3203
1.0000, 0.3203
1.0000, 0.3203
1.0000, 0.3203
1.0000, 0.3203
1.0000, 0.3203
1.0000, 0.3203
1.0000, 0.3203
1.0000, 0.3203
1.0000, 0.3203
1.0000, 0.3203
1.0000, 0.3203
1.0000, 0.3203
1.0000, 0.3203
1.0000, 0.3203
1.0000, 0.3203
1.0000, 0.3203
1.0000, 0.3203
1.0000, 0.3203
1.0000, 0.3203
1.0000, 0.3203
1.0000, 0.3203
1.0000, 0.3203
1.0000, 0.3203
1.0000, 0.3203
1.0000, 0.3203
1.0000, 0.3203
1.0000, 0.3203
1.0000, 0.3203
1.0000, 0.3203
1.0000, 0.3203
0.6846, 0.2474
0.6846, 0.2474
0.6846, 0.2474
0.6846, 0.2474
0.6846, 0.2474
0.6846, 0.2474
0.6846, 0.2474
0.6846, 0.2474
0.6846, 0.2474
0.6846, 0.2474
0.6846, 0.2474
0.6846, 0.2474
0.6846, 0.2474
0.6846, 0.2474
0.6846, 0.2474
0.6846, 0.2474
0.6846, 0.2474
0.6846, 0.2474
0.6846, 0.2474
0.6846, 0.2474
0.6846, 0.2474
0.6846, 0.2474
0.6846, 0.2474
0.6846, 0.2474
0.6846, 0.2474
0.6846, 0.2474
0.6846, 0.2474
0.6846, 0.2474
0.6846, 0.2474
0.6846, 0.2474
0.6846, 0.2474
0.6846, 0.2474
0.6846, 0.2474
0.6846, 0.2474
0.6846, 0.2474
0.6846, 0.2448
0.6846, 0.2448
0.6846, 0.2448
0.6846, 0.2448
0.6846, 0.2448
0.6846, 0.2448
0.6846, 0.2448
0.6846, 0.2448
0.6846, 0.2448
0.6888, 0.2422
0.6888, 0.2422
0.6888, 0.2422
0.6888, 0.2422
0.6888, 0.2422
0.6888, 0.2422
0.6888, 0.2422
0.6888, 0.2422
0.6888, 0.2422
0.6888, 0.2422
0.6888, 0.2422
0.6888, 0.2422
0.6888, 0.2422
0.6888, 0.2396
0.6888, 0.2396
0.6888, 0.2396
0.6929, 0.2370
0.6929, 0.2370
0.6929, 0.2370
0.6929, 0.2370
0.6929, 0.2370
0.6929, 0.2370
0.6971, 0.2370
0.6971, 0.2370
0.6971, 0.2370
0.6971, 0.2344
0.6971, 0.2344
0.6971, 0.2344
0.6971, 0.2318
0.6971, 0.2318
0.6971, 0.2318
0.6971, 0.2318
0.6971, 0.2318
0.6971, 0.2318
0.6971, 0.2292
0.6971, 0.2292
0.6971, 0.2292
0.6971, 0.2292
0.6971, 0.2292
0.6971, 0.2292
0.6971, 0.2292
0.7012, 0.2266
0.7012, 0.2266
0.7012, 0.2266
0.7012, 0.2266
0.7012, 0.2266
0.7012, 0.2266
0.7012, 0.2240
0.7012, 0.2240
0.7012, 0.2240
0.7054, 0.2240
0.7054, 0.2240
0.7054, 0.2240
0.7054, 0.2240
0.7054, 0.2240
0.7054, 0.2240
0.7054, 0.2214
0.7054, 0.2214
0.7054, 0.2214
0.7054, 0.2214
0.7054, 0.2214
0.7054, 0.2214
0.7054, 0.2214
0.7054, 0.2187
0.7054, 0.2187
0.7054, 0.2187
0.7095, 0.2187
0.7095, 0.2187
0.7095, 0.2187
0.7095, 0.2161
0.7095, 0.2161
0.7095, 0.2161
0.7095, 0.2161
0.7095, 0.2161
0.7095, 0.2161
0.7095, 0.2161
0.7095, 0.2161
0.7095, 0.2161
0.7095, 0.2161
0.7095, 0.2135
0.7095, 0.2135
0.7095, 0.2135
0.7095, 0.2135
0.7095, 0.2135
0.7095, 0.2135
0.7137, 0.2109
0.7137, 0.2109
0.7137, 0.2109
0.7137, 0.2109
0.7137, 0.2109
0.7137, 0.2109
0.7137, 0.2109
0.7137, 0.2109
0.7137, 0.2109
0.7178, 0.2083
0.7178, 0.2083
0.7178, 0.2083
0.7178, 0.2083
0.7178, 0.2083
0.7178, 0.2083
0.7178, 0.2057
0.7178, 0.2057
0.7178, 0.2057
0.7178, 0.2057
0.7178, 0.2057
0.7178, 0.2057
0.7178, 0.2057
0.7178, 0.2031
0.7178, 0.2031
0.7178, 0.2031
0.7178, 0.2031
0.7178, 0.2031
0.7178, 0.2031
0.7178, 0.2031
0.7178, 0.2031
0.7178, 0.2031
0.7220, 0.2005
0.7220, 0.2005
0.7220, 0.2005
0.7220, 0.2005
0.7220, 0.2005
0.7220, 0.2005
0.7220, 0.2005
0.7220, 0.1979
0.7220, 0.1979
0.7261, 0.1979
0.7261, 0.1979
0.7261, 0.1979
0.7261, 0.1979
0.7261, 0.1979
0.7261, 0.1979
0.7261, 0.1979
0.7261, 0.1979
0.7261, 0.1979
0.7261, 0.1979
0.7261, 0.1979
0.7261, 0.1979
0.7261, 0.1979
0.7261, 0.1953
0.7261, 0.1953
0.7261, 0.1953
0.7261, 0.1953
0.7261, 0.1953
0.7261, 0.1953
0.7261, 0.1927
0.7261, 0.1927
0.7261, 0.1927
0.7261, 0.1927
0.7261, 0.1927
0.7261, 0.1927
0.7303, 0.1927
0.7303, 0.1927
0.7303, 0.1927
0.7303, 0.1901
0.7303, 0.1901
0.7303, 0.1901
0.7303, 0.1901
0.7303, 0.1901
0.7303, 0.1901
0.7303, 0.1901
0.7303, 0.1875
0.7303, 0.1875
0.7344, 0.1849
0.7344, 0.1849
0.7344, 0.1849
0.7344, 0.1849
0.7344, 0.1849
0.7344, 0.1849
0.7344, 0.1849
0.7344, 0.1849
0.7344, 0.1849
0.7386, 0.1849
0.7386, 0.1849
0.7386, 0.1849
0.7386, 0.1823
0.7386, 0.1823
0.7386, 0.1823
0.7386, 0.1823
0.7386, 0.1823
0.7386, 0.1823
0.7386, 0.1797
0.7386, 0.1797
0.7386, 0.1797
0.7386, 0.1797
0.7386, 0.1797
0.7386, 0.1797
0.7386, 0.1797
0.7386, 0.1797
0.7386, 0.1797
0.7386, 0.1797
0.7386, 0.1797
0.7386, 0.1797
0.7427, 0.1797
0.7427, 0.1797
0.7427, 0.1797
0.7427, 0.1771
0.7427, 0.1771
0.7427, 0.1771
0.7427, 0.1745
0.7427, 0.1745
0.7427, 0.1745
0.7427, 0.1745
0.7427, 0.1745
0.7427, 0.1745
0.7469, 0.1719
0.7469, 0.1719
0.7469, 0.1719
0.7469, 0.1719
0.7469, 0.1719
0.7469, 0.1719
0.7469, 0.1719
0.7469, 0.1719
0.7469, 0.1719
0.7469, 0.1719
0.7469, 0.1719
0.7469, 0.1719
0.7469, 0.1719
0.7469, 0.1693
0.7469, 0.1693
0.7469, 0.1693
0.7469, 0.1693
0.7469, 0.1693
0.7469, 0.1693
0.7510, 0.1667
0.7510, 0.1667
0.7510, 0.1667
0.7510, 0.1667
0.7510, 0.1667
0.7510, 0.1667
0.7510, 0.1667
0.7510, 0.1667
0.7510, 0.1667
0.7510, 0.1667
0.7552, 0.1641
0.7552, 0.1641
0.7552, 0.1641
0.7552, 0.1615
0.7552, 0.1615
0.7593, 0.1615
0.7593, 0.1615
0.7593, 0.1615
0.7593, 0.1589
0.7593, 0.1589
0.7593, 0.1589
0.7593, 0.1589
0.7593, 0.1589
0.7593, 0.1589
0.7593, 0.1589
0.7593, 0.1589
0.7593, 0.1589
0.7593, 0.1589
0.7593, 0.1589
0.7593, 0.1589
0.7593, 0.1589
0.7593, 0.1563
0.7593, 0.1563
0.7593, 0.1563
0.7593, 0.1563
0.7593, 0.1563
0.7593, 0.1563
0.7593, 0.1563
0.7593, 0.1563
0.7593, 0.1563
0.7593, 0.1563
0.7593, 0.1536
0.7593, 0.1536
0.7635, 0.1536
0.7635, 0.1536
0.7635, 0.1536
0.7635, 0.1536
0.7635, 0.1536
0.7635, 0.1536
0.7635, 0.1536
0.7635, 0.1536
0.7635, 0.1536
0.7635, 0.1536
0.7676, 0.1536
0.7676, 0.1536
0.7676, 0.1510
0.7676, 0.1510
0.7676, 0.1510
0.7676, 0.1510
0.7676, 0.1510
0.7676, 0.1510
0.7676, 0.1484
0.7676, 0.1484
0.7676, 0.1484
0.7718, 0.1484
0.7718, 0.1484
0.7718, 0.1484
0.7718, 0.1484
0.7718, 0.1484
0.7718, 0.1484
0.7718, 0.1484
0.7759, 0.1458
0.7759, 0.1458
0.7759, 0.1458
0.7759, 0.1458
0.7759, 0.1458
0.7759, 0.1458
0.7759, 0.1458
0.7759, 0.1458
0.7759, 0.1458
0.7801, 0.1458
0.7801, 0.1458
0.7801, 0.1458
0.7801, 0.1432
0.7801, 0.1432
0.7801, 0.1432
0.7801, 0.1432
0.7801, 0.1432
0.7801, 0.1432
0.7801, 0.1406
0.7801, 0.1406
0.7801, 0.1406
0.7801, 0.1406
0.7801, 0.1406
0.7801, 0.1406
0.7801, 0.1406
0.7801, 0.1406
0.7801, 0.1406
0.7801, 0.1406
0.7801, 0.1406
0.7801, 0.1406
0.7801, 0.1406
0.7801, 0.1406
0.7801, 0.1406
0.7801, 0.1406
0.7801, 0.1406
0.7801, 0.1406
0.7801, 0.1406
0.7801, 0.1406
0.7801, 0.1406
0.7801, 0.1406
0.7801, 0.1406
0.7801, 0.1406
0.7801, 0.1406
0.7801, 0.1406
0.7801, 0.1406
0.7801, 0.1406
0.7801, 0.1406
0.7801, 0.1406
0.7801, 0.1406
0.7801, 0.1406
0.7801, 0.1406
0.7801, 0.1406
0.7801, 0.1380
0.7801, 0.1380
0.7801, 0.1380
0.7842, 0.1380
0.7842, 0.1380
0.7842, 0.1380
0.7842, 0.1380
0.7842, 0.1380
0.7842, 0.1380
0.7842, 0.1380
0.7842, 0.1380
0.7842, 0.1380
0.7842, 0.1380
0.7842, 0.1380
0.7842, 0.1380
0.7842, 0.1380
0.7842, 0.1380
0.7842, 0.1380
0.7842, 0.1380
0.7842, 0.1380
0.7842, 0.1380
0.7842, 0.1380
0.7842, 0.1380
0.7842, 0.1380
0.7842, 0.1380
0.7842, 0.1380
0.7842, 0.1380
0.7842, 0.1380
0.7842, 0.1354
0.7842, 0.1354
0.7842, 0.1354
0.7842, 0.1354
0.7842, 0.1354
0.7842, 0.1354
0.7842, 0.1354
0.7842, 0.1354
0.7842, 0.1354
0.7842, 0.1328
0.7842, 0.1328
0.7842, 0.1328
0.7884, 0.1328
0.7884, 0.1328
0.7884, 0.1328
0.7884, 0.1328
0.7884, 0.1328
0.7884, 0.1328
0.7884, 0.1328
0.7884, 0.1328
0.7884, 0.1328
0.7884, 0.1328
0.7884, 0.1328
0.7884, 0.1328
0.7884, 0.1328
0.7884, 0.1328
0.7884, 0.1328
0.7884, 0.1328
0.7884, 0.1328
0.7884, 0.1328
0.7884, 0.1328
0.7884, 0.1328
0.7884, 0.1328
0.7884, 0.1328
0.7884, 0.1328
0.7884, 0.1328
0.7884, 0.1328
0.7884, 0.1328
0.7884, 0.1328
0.7884, 0.1328
0.7884, 0.1328
0.7884, 0.1328
0.7884, 0.1328
0.7884, 0.1328
0.7884, 0.1328
0.7884, 0.1328
0.7884, 0.1328
0.7884, 0.1328
0.7884, 0.1328
0.7884, 0.1328
0.7884, 0.1328
0.7884, 0.1328
0.7884, 0.1328
0.7884, 0.1328
0.7884, 0.1328
0.7884, 0.1328
0.7884, 0.1328
0.7884, 0.1328
0.7884, 0.1328
0.7884, 0.1328
0.7884, 0.1328
0.7884, 0.1328
0.7884, 0.1328
0.7884, 0.1328
0.7884, 0.1328
0.7884, 0.1328
0.7884, 0.1328
0.7884, 0.1328
0.7884, 0.1328
0.7884, 0.1328
0.7884, 0.1328
0.7884, 0.1328
0.7884, 0.1328
0.7884, 0.1328
0.7884, 0.1328
0.7884, 0.1328
0.7884, 0.1328
0.7884, 0.1328
0.7884, 0.1328
0.7884, 0.1328
0.7884, 0.1328
0.7884, 0.1328
0.7884, 0.1328
0.7884, 0.1328
0.7884, 0.1328
0.7884, 0.1328
0.7884, 0.1328
0.7884, 0.1328
0.7884, 0.1328
0.7884, 0.1328
0.7884, 0.1328
0.7884, 0.1328
0.7884, 0.1328
0.7884, 0.1328
0.7884, 0.1328
0.7884, 0.1328
0.7884, 0.1328
0.7884, 0.1328
0.7884, 0.1328
0.7884, 0.1328
0.7884, 0.1328
0.7884, 0.1328
0.7884, 0.1328
0.7884, 0.1328
0.7884, 0.1328
0.0000, 1.0000
0.0000, 1.0000
0.0000, 1.0000
0.0000, 1.0000
0.0000, 1.0000
0.0000, 1.0000
0.0000, 1.0000
0.0000, 1.0000
0.0000, 1.0000
0.0000, 1.0000
0.0000, 1.0000
0.0000, 1.0000
0.0000, 1.0000
0.0000, 1.0000
0.0000, 1.0000
0.0000, 1.0000
0.0000, 1.0000
0.0000, 1.0000
0.0000, 1.0000
0.0000, 1.0000
0.0000, 1.0000
0.0000, 1.0000
0.0000, 1.0000
0.0000, 1.0000
0.0000, 1.0000
0.0000, 1.0000
0.0000, 1.0000
