0.1496, 0.2358
0.1496, 0.2358
0.1496, 0.2358
0.1496, 0.2358
0.1496, 0.2358
0.1496, 0.2358
0.1496, 0.2358
0.1496, 0.2358
0.1496, 0.2358
0.1496, 0.2358
0.1496, 0.2358
0.1496, 0.2358
0.1496, 0.2358
0.1496, 0.2358
0.1496, 0.2358
0.1496, 0.2358
0.1496, 0.2358
0.1496, 0.2358
0.1496, 0.2358
0.1496, 0.2358
0.1496, 0.2358
0.1496, 0.2358
0.1496, 0.2358
0.1496, 0.2358
0.1496, 0.2358
0.1496, 0.2358
0.1496, 0.2358
0.1496, 0.2358
0.1496, 0.2358
0.1496, 0.2358
0.1496, 0.2358
0.1496, 0.2358
0.1496, 0.2358
0.1496, 0.2358
0.1496, 0.2358
0.1496, 0.2358
0.1496, 0.2358
0.1496, 0.2358
0.1496, 0.2358
0.1496, 0.2358
0.1496, 0.2358
0.1496, 0.2358
0.1496, 0.2358
0.1496, 0.2358
0.1496, 0.2358
0.1496, 0.2358
0.1533, 0.2358
0.1533, 0.2358
0.1533, 0.2358
0.1533, 0.2358
0.1533, 0.2358
0.1533, 0.2358
0.1533, 0.2358
0.1533, 0.2358
0.1533, 0.2358
0.1569, 0.2358
0.1569, 0.2358
0.1569, 0.2358
0.1569, 0.2358
0.1606, 0.2358
0.1606, 0.2358
0.1606, 0.2358
0.1606, 0.2358
0.1606, 0.2358
0.1606, 0.2358
0.1606, 0.2358
0.1606, 0.2358
0.1606, 0.2358
0.1642, 0.2358
0.1642, 0.2358
0.1642, 0.2358
0.1642, 0.2358
0.1642, 0.2358
0.1642, 0.2358
0.1642, 0.2358
0.1642, 0.2358
0.1679, 0.2358
0.1679, 0.2358
0.1679, 0.2358
0.1679, 0.2358
0.1679, 0.2358
0.1679, 0.2358
0.1679, 0.2358
0.1679, 0.2358
0.1679, 0.2358
0.1715, 0.2383
0.1715, 0.2383
0.1715, 0.2383
0.1715, 0.2383
0.1715, 0.2383
0.1715, 0.2383
0.1715, 0.2383
0.1715, 0.2383
0.1715, 0.2383
0.1752, 0.2383
0.1752, 0.2383
0.1752, 0.2383
0.1752, 0.2383
0.1752, 0.2383
0.1752, 0.2383
0.1752, 0.2383
0.1752, 0.2383
0.1752, 0.2383
0.1788, 0.2383
0.1788, 0.2383
0.1788, 0.2383
0.1788, 0.2383
0.1788, 0.2383
0.1788, 0.2383
0.1788, 0.2383
0.1788, 0.2383
0.1788, 0.2383
0.1788, 0.2383
0.1788, 0.2383
0.1788, 0.2383
0.1825, 0.2383
0.1825, 0.2383
0.1825, 0.2383
0.1825, 0.2383
0.1825, 0.2383
0.1825, 0.2383
0.1825, 0.2383
0.1861, 0.2383
0.1861, 0.2383
0.1861, 0.2383
0.1861, 0.2383
0.1861, 0.2383
0.1861, 0.2383
0.1861, 0.2383
0.1861, 0.2383
0.1861, 0.2383
0.1861, 0.2383
0.1861, 0.2383
0.1861, 0.2383
0.1861, 0.2383
0.1898, 0.2383
0.1898, 0.2383
0.1898, 0.2383
0.1898, 0.2383
0.1898, 0.2383
0.1934, 0.2383
0.1934, 0.2383
0.1934, 0.2383
0.1934, 0.2383
0.1934, 0.2383
0.1934, 0.2383
0.1934, 0.2383
0.1934, 0.2383
0.1971, 0.2383
0.1971, 0.2383
0.1971, 0.2383
0.1971, 0.2383
0.1971, 0.2383
0.1971, 0.2383
0.1971, 0.2383
0.1971, 0.2383
0.1971, 0.2383
0.2007, 0.2383
0.2007, 0.2383
0.2007, 0.2383
0.2007, 0.2383
0.2044, 0.2383
0.2044, 0.2383
0.2044, 0.2383
0.2044, 0.2383
0.2044, 0.2383
0.2044, 0.2383
0.2044, 0.2383
0.2044, 0.2383
0.2044, 0.2383
0.2044, 0.2383
0.2044, 0.2383
0.2044, 0.2383
0.2044, 0.2383
0.2080, 0.2409
0.2080, 0.2409
0.2080, 0.2409
0.2080, 0.2409
0.2080, 0.2409
0.2080, 0.2409
0.2080, 0.2409
0.2080, 0.2409
0.2080, 0.2409
0.2080, 0.2409
0.2080, 0.2409
0.2080, 0.2409
0.2080, 0.2409
0.2117, 0.2409
0.2117, 0.2409
0.2117, 0.2409
0.2117, 0.2409
0.2117, 0.2409
0.2117, 0.2409
0.2117, 0.2409
0.2117, 0.2409
0.2117, 0.2409
0.2117, 0.2409
0.2117, 0.2409
0.2117, 0.2409
0.2117, 0.2409
0.2153, 0.2409
0.2153, 0.2409
0.2153, 0.2409
0.2153, 0.2409
0.2153, 0.2409
0.2153, 0.2409
0.2153, 0.2409
0.2153, 0.2409
0.2153, 0.2409
0.2153, 0.2409
0.2153, 0.2409
0.2153, 0.2409
0.2153, 0.2409
0.2153, 0.2409
0.2153, 0.2409
0.2153, 0.2409
0.2153, 0.2409
0.2153, 0.2409
0.2190, 0.2409
0.2190, 0.2409
0.2190, 0.2409
0.2190, 0.2409
0.2190, 0.2409
0.2190, 0.2409
0.2190, 0.2409
0.2190, 0.2409
0.2226, 0.2409
0.2226, 0.2409
0.2226, 0.2409
0.2226, 0.2409
0.2226, 0.2409
0.2226, 0.2409
0.2226, 0.2409
0.2226, 0.2409
0.2226, 0.2409
0.2226, 0.2409
0.2226, 0.2409
0.2226, 0.2409
0.2226, 0.2409
0.2226, 0.2409
0.2226, 0.2409
0.2226, 0.2409
0.2263, 0.2409
0.2263, 0.2409
0.2263, 0.2409
0.2263, 0.2409
0.2263, 0.2409
0.2263, 0.2409
0.2263, 0.2409
0.2263, 0.2409
0.2263, 0.2409
0.2263, 0.2409
0.2263, 0.2409
0.2263, 0.2409
0.2299, 0.2409
0.2299, 0.2409
0.2299, 0.2409
0.2299, 0.2409
0.2336, 0.2409
0.2336, 0.2409
0.2336, 0.2409
0.2336, 0.2409
0.2336, 0.2435
0.2336, 0.2435
0.2336, 0.2435
0.2336, 0.2435
0.2336, 0.2435
0.2336, 0.2435
0.2336, 0.2435
0.2336, 0.2435
0.2372, 0.2435
0.2372, 0.2435
0.2372, 0.2435
0.2372, 0.2435
0.2372, 0.2435
0.2372, 0.2435
0.2372, 0.2435
0.2372, 0.2435
0.2372, 0.2435
0.2409, 0.2435
0.2409, 0.2435
0.2409, 0.2435
0.2409, 0.2435
0.2409, 0.2435
0.2409, 0.2435
0.2409, 0.2435
0.2409, 0.2435
0.2409, 0.2435
0.2409, 0.2435
0.2409, 0.2435
0.2409, 0.2435
0.2445, 0.2435
0.2445, 0.2435
0.2445, 0.2435
0.2445, 0.2435
0.2482, 0.2435
0.2482, 0.2435
0.2482, 0.2435
0.2482, 0.2435
0.2482, 0.2435
0.2482, 0.2435
0.2482, 0.2435
0.2482, 0.2435
0.2518, 0.2435
0.2518, 0.2435
0.2518, 0.2435
0.2518, 0.2435
0.2518, 0.2435
0.2518, 0.2435
0.2518, 0.2435
0.2518, 0.2435
0.2518, 0.2435
0.2518, 0.2435
0.2518, 0.2435
0.2518, 0.2435
0.2518, 0.2435
0.2555, 0.2435
0.2555, 0.2435
0.2555, 0.2435
0.2555, 0.2435
0.2555, 0.2435
0.2555, 0.2435
0.2555, 0.2435
0.2555, 0.2435
0.2591, 0.2435
0.2591, 0.2435
0.2591, 0.2435
0.2591, 0.2435
0.2591, 0.2435
0.2591, 0.2435
0.2591, 0.2435
0.2591, 0.2435
0.2591, 0.2435
0.2591, 0.2435
0.2591, 0.2435
0.2591, 0.2435
0.2628, 0.2435
0.2628, 0.2435
0.2628, 0.2435
0.2628, 0.2435
0.2701, 0.2435
0.2701, 0.2435
0.2701, 0.2435
0.2701, 0.2435
0.2701, 0.2435
0.2701, 0.2435
0.2701, 0.2435
0.2701, 0.2435
0.2701, 0.2435
0.2701, 0.2435
0.2701, 0.2435
0.2701, 0.2435
0.2737, 0.2435
0.2737, 0.2435
0.2737, 0.2435
0.2737, 0.2435
0.2737, 0.2435
0.2737, 0.2435
0.2737, 0.2435
0.2737, 0.2435
0.2774, 0.2435
0.2774, 0.2435
0.2774, 0.2435
0.2774, 0.2435
0.2774, 0.2435
0.2774, 0.2435
0.2774, 0.2435
0.2774, 0.2435
0.2774, 0.2435
0.2774, 0.2435
0.2774, 0.2435
0.2774, 0.2435
0.2774, 0.2409
0.2774, 0.2409
0.2774, 0.2409
0.2810, 0.2409
0.2810, 0.2409
0.2810, 0.2409
0.2810, 0.2409
0.2810, 0.2409
0.2810, 0.2409
0.2810, 0.2409
0.2810, 0.2409
0.2847, 0.2409
0.2847, 0.2409
0.2847, 0.2409
0.2883, 0.2409
0.2883, 0.2409
0.2883, 0.2409
0.2883, 0.2409
0.2883, 0.2409
0.2883, 0.2409
0.2883, 0.2409
0.2883, 0.2409
0.2883, 0.2409
0.2883, 0.2409
0.2883, 0.2409
0.2883, 0.2409
0.2883, 0.2409
0.2920, 0.2409
0.2920, 0.2409
0.2920, 0.2409
0.2920, 0.2409
0.2920, 0.2409
0.2920, 0.2409
0.2920, 0.2409
0.2920, 0.2409
0.2956, 0.2409
0.2956, 0.2409
0.2956, 0.2409
0.2956, 0.2409
0.2956, 0.2409
0.2956, 0.2409
0.2956, 0.2409
0.2956, 0.2409
0.2956, 0.2409
0.2956, 0.2409
0.2956, 0.2409
0.2956, 0.2409
0.2956, 0.2409
0.2956, 0.2409
0.2956, 0.2409
0.2956, 0.2409
0.2956, 0.2409
0.2956, 0.2409
0.2956, 0.2409
0.2956, 0.2409
0.2956, 0.2409
0.2956, 0.2409
0.2956, 0.2409
0.2956, 0.2409
0.2993, 0.2409
0.2993, 0.2409
0.2993, 0.2409
0.2993, 0.2409
0.2993, 0.2409
0.2993, 0.2409
0.2993, 0.2409
0.2993, 0.2409
0.3029, 0.2409
0.3029, 0.2409
0.3029, 0.2409
0.3029, 0.2409
0.3029, 0.2409
0.3029, 0.2409
0.3029, 0.2409
0.3029, 0.2409
0.3029, 0.2409
0.3029, 0.2409
0.3029, 0.2409
0.3029, 0.2409
0.3029, 0.2409
0.3066, 0.2409
0.3066, 0.2409
0.3066, 0.2409
0.3066, 0.2383
0.3066, 0.2383
0.3066, 0.2383
0.3066, 0.2383
0.3066, 0.2383
0.3066, 0.2383
0.3066, 0.2383
0.3066, 0.2383
0.3066, 0.2383
0.3066, 0.2383
0.3066, 0.2383
0.3066, 0.2383
0.3102, 0.2358
0.3102, 0.2358
0.3102, 0.2358
0.3102, 0.2358
0.3139, 0.2358
0.3139, 0.2358
0.3139, 0.2358
0.3139, 0.2332
0.3139, 0.2332
0.3139, 0.2332
0.3139, 0.2332
0.3175, 0.2332
0.3175, 0.2332
0.3175, 0.2332
0.3175, 0.2332
0.3175, 0.2332
0.3175, 0.2332
0.3175, 0.2332
0.3212, 0.2332
0.3212, 0.2332
0.3212, 0.2332
0.3212, 0.2332
0.3212, 0.2332
0.3212, 0.2332
0.3212, 0.2332
0.3212, 0.2332
0.3248, 0.2332
0.3248, 0.2332
0.3248, 0.2332
0.3248, 0.2332
0.3248, 0.2332
0.3248, 0.2332
0.3248, 0.2332
0.3248, 0.2332
0.3248, 0.2332
0.3248, 0.2332
0.3248, 0.2332
0.3248, 0.2332
0.3248, 0.2332
0.3248, 0.2332
0.3248, 0.2332
0.3248, 0.2306
0.3248, 0.2306
0.3248, 0.2306
0.3248, 0.2306
0.3248, 0.2306
0.3248, 0.2306
0.3248, 0.2306
0.3248, 0.2306
0.3248, 0.2280
0.3248, 0.2280
0.3248, 0.2280
0.3248, 0.2280
0.3248, 0.2280
0.3248, 0.2280
0.3248, 0.2280
0.3248, 0.2280
0.3248, 0.2280
0.3248, 0.2280
0.3248, 0.2280
0.3248, 0.2280
0.3248, 0.2254
0.3248, 0.2254
0.3248, 0.2254
0.3248, 0.2254
0.3248, 0.2228
0.3248, 0.2228
0.3248, 0.2228
0.3248, 0.2228
0.3248, 0.2228
0.3248, 0.2228
0.3248, 0.2228
0.3248, 0.2202
0.3248, 0.2202
0.3248, 0.2202
0.3248, 0.2202
0.3248, 0.2202
0.3248, 0.2202
0.3248, 0.2202
0.3248, 0.2202
0.3248, 0.2176
0.3248, 0.2176
0.3248, 0.2176
0.3248, 0.2176
0.3248, 0.2176
0.3248, 0.2176
0.3248, 0.2176
0.3248, 0.2150
0.3248, 0.2150
0.3248, 0.2150
0.3248, 0.2150
0.3248, 0.2150
0.3248, 0.2150
0.3248, 0.2150
0.3285, 0.2150
0.3285, 0.2150
0.3285, 0.2150
0.3285, 0.2150
0.3285, 0.2124
0.3285, 0.2124
0.3285, 0.2124
0.3285, 0.2098
0.3285, 0.2098
0.3285, 0.2098
0.3285, 0.2098
0.3285, 0.2098
0.3285, 0.2098
0.3285, 0.2098
0.3285, 0.2098
0.3285, 0.2073
0.3285, 0.2073
0.3285, 0.2073
0.3285, 0.2073
0.3285, 0.2073
0.3285, 0.2073
0.3285, 0.2073
0.3285, 0.2047
0.3285, 0.2047
0.3285, 0.2047
0.3285, 0.2047
0.3285, 0.2021
0.3285, 0.2021
0.3285, 0.2021
0.3285, 0.2021
0.3285, 0.2021
0.3285, 0.2021
0.3285, 0.2021
0.3285, 0.2021
0.3285, 0.2021
0.3285, 0.2021
0.3285, 0.2021
0.3285, 0.1995
0.3285, 0.1995
0.3285, 0.1995
0.3285, 0.1995
0.3285, 0.1995
0.3285, 0.1995
0.3285, 0.1995
0.3285, 0.1969
0.3285, 0.1969
0.3285, 0.1969
0.3285, 0.1943
0.3285, 0.1943
0.3285, 0.1943
0.3285, 0.1943
0.3285, 0.1943
0.3285, 0.1943
0.3285, 0.1943
0.3285, 0.1943
0.3285, 0.1943
0.3285, 0.1943
0.3285, 0.1943
0.3285, 0.1943
0.3285, 0.1917
0.3285, 0.1917
0.3285, 0.1917
0.3285, 0.1917
0.3285, 0.1917
0.3285, 0.1917
0.3285, 0.1917
0.3285, 0.1891
0.3285, 0.1891
0.3285, 0.1891
0.3285, 0.1891
0.3285, 0.1891
0.3285, 0.1891
0.3285, 0.1891
0.3285, 0.1865
0.3285, 0.1865
0.3285, 0.1865
0.3285, 0.1865
0.3285, 0.1865
0.3285, 0.1865
0.3285, 0.1865
0.3285, 0.1865
0.3285, 0.1839
0.3285, 0.1839
0.3285, 0.1839
0.3285, 0.1839
0.3285, 0.1813
0.3285, 0.1813
0.3285, 0.1813
0.3248, 0.1813
0.3248, 0.1813
0.3248, 0.1813
0.3248, 0.1813
0.3248, 0.1788
0.3248, 0.1788
0.3248, 0.1788
0.3248, 0.1788
0.3248, 0.1788
0.3248, 0.1788
0.3248, 0.1788
0.3248, 0.1788
0.3248, 0.1762
0.3248, 0.1762
0.3248, 0.1762
0.3212, 0.1762
0.3212, 0.1762
0.3212, 0.1762
0.3212, 0.1762
0.3212, 0.1736
0.3212, 0.1736
0.3212, 0.1736
0.3212, 0.1710
0.3212, 0.1710
0.3212, 0.1710
0.3212, 0.1710
0.3212, 0.1710
0.3212, 0.1710
0.3212, 0.1710
0.3175, 0.1684
0.3175, 0.1684
0.3175, 0.1684
0.3175, 0.1684
0.3175, 0.1684
0.3175, 0.1684
0.3175, 0.1684
0.3175, 0.1684
0.3175, 0.1658
0.3175, 0.1658
0.3175, 0.1658
0.3175, 0.1632
0.3175, 0.1632
0.3175, 0.1632
0.3175, 0.1632
0.3175, 0.1632
0.3175, 0.1632
0.3175, 0.1632
0.3175, 0.1632
0.3175, 0.1606
0.3175, 0.1606
0.3175, 0.1606
0.3175, 0.1606
0.3175, 0.1606
0.3175, 0.1606
0.3175, 0.1606
0.3175, 0.1606
0.3175, 0.1580
0.3175, 0.1580
0.3175, 0.1580
0.3139, 0.1580
0.3139, 0.1580
0.3139, 0.1580
0.3139, 0.1580
0.3139, 0.1554
0.3139, 0.1554
0.3139, 0.1554
0.3139, 0.1528
0.3139, 0.1528
0.3139, 0.1528
0.3139, 0.1528
0.3102, 0.1503
0.3102, 0.1503
0.3102, 0.1503
0.3102, 0.1503
0.3102, 0.1503
0.3102, 0.1503
0.3102, 0.1477
0.3102, 0.1477
0.3102, 0.1477
0.3102, 0.1477
0.3102, 0.1451
0.3102, 0.1451
0.3102, 0.1451
0.3066, 0.1451
0.3066, 0.1451
0.3066, 0.1451
0.3066, 0.1451
0.3066, 0.1425
0.3066, 0.1425
0.3066, 0.1425
0.3066, 0.1425
0.3066, 0.1425
0.3066, 0.1425
0.3066, 0.1425
0.3029, 0.1399
0.3029, 0.1399
0.3029, 0.1399
0.3029, 0.1399
0.3029, 0.1373
0.3029, 0.1373
0.3029, 0.1373
0.3029, 0.1373
0.3029, 0.1373
0.3029, 0.1373
0.3029, 0.1373
0.3029, 0.1373
0.3029, 0.1373
0.3029, 0.1373
0.3029, 0.1373
0.3029, 0.1347
0.3029, 0.1347
0.3029, 0.1347
0.3029, 0.1347
0.3029, 0.1347
0.3029, 0.1347
0.3029, 0.1347
0.2993, 0.1321
0.2993, 0.1321
0.2993, 0.1321
0.2993, 0.1321
0.2993, 0.1321
0.2993, 0.1321
0.2993, 0.1321
0.2993, 0.1295
0.2993, 0.1295
0.2993, 0.1295
0.2993, 0.1295
0.2993, 0.1295
0.2993, 0.1295
0.2993, 0.1295
0.2993, 0.1269
0.2993, 0.1269
0.2993, 0.1269
0.2993, 0.1244
0.2993, 0.1244
0.2993, 0.1244
0.2993, 0.1244
0.2993, 0.1244
0.2993, 0.1244
0.2993, 0.1244
0.2993, 0.1244
0.2993, 0.1244
0.2993, 0.1244
0.2993, 0.1244
0.2993, 0.1218
0.2993, 0.1218
0.2993, 0.1218
0.2993, 0.1218
0.2993, 0.1192
0.2993, 0.1192
0.2993, 0.1192
0.2993, 0.1192
0.2993, 0.1192
0.2993, 0.1192
0.2993, 0.1192
0.2956, 0.1166
0.2956, 0.1166
0.2956, 0.1166
0.2956, 0.1166
0.2956, 0.1166
0.2956, 0.1166
0.2956, 0.1166
0.2956, 0.1140
0.2956, 0.1140
0.2956, 0.1140
0.2956, 0.1114
0.2956, 0.1114
0.2956, 0.1114
0.2956, 0.1114
0.2956, 0.1088
0.2956, 0.1088
0.2956, 0.1088
0.2956, 0.1062
0.2956, 0.1062
0.2956, 0.1062
0.2956, 0.1062
0.2956, 0.1062
0.2956, 0.1062
0.2956, 0.1062
0.2956, 0.1036
0.2956, 0.1036
0.2956, 0.1036
0.2956, 0.1036
0.2956, 0.1010
0.2956, 0.1010
0.2956, 0.1010
0.2956, 0.1010
0.2956, 0.1010
0.2956, 0.1010
0.2956, 0.1010
0.2956, 0.0984
0.2956, 0.0984
0.2956, 0.0984
0.2956, 0.0984
0.2956, 0.0984
0.2956, 0.0984
0.2956, 0.0984
0.2956, 0.0984
0.2956, 0.0959
0.2956, 0.0959
0.2956, 0.0959
0.2956, 0.0933
0.2956, 0.0933
0.2956, 0.0933
0.2956, 0.0933
0.2956, 0.0933
0.2956, 0.0933
0.2956, 0.0933
0.2956, 0.0907
0.2956, 0.0907
0.2956, 0.0907
0.2956, 0.0881
0.2956, 0.0881
0.2956, 0.0881
0.2956, 0.0881
0.2956, 0.0855
0.2956, 0.0855
0.2956, 0.0855
0.2956, 0.0855
0.2956, 0.0855
0.2956, 0.0855
0.2956, 0.0855
0.2956, 0.0829
0.2956, 0.0829
0.2956, 0.0829
0.2956, 0.0803
0.2956, 0.0803
0.2956, 0.0803
0.2956, 0.0803
0.2956, 0.0803
0.2956, 0.0803
0.2956, 0.0803
0.2956, 0.0777
0.2956, 0.0777
0.2956, 0.0777
0.2956, 0.0751
0.2956, 0.0751
0.2956, 0.0751
0.2956, 0.0751
0.2956, 0.0725
0.2956, 0.0725
0.2956, 0.0725
0.2956, 0.0725
0.2956, 0.0725
0.2956, 0.0725
0.2956, 0.0725
0.2956, 0.0699
0.2956, 0.0699
0.2956, 0.0699
0.2956, 0.0674
0.2956, 0.0674
0.2956, 0.0674
0.2956, 0.0674
0.2956, 0.0674
0.2956, 0.0674
0.2956, 0.0674
0.2956, 0.0648
0.2956, 0.0648
0.2956, 0.0648
0.2956, 0.0622
0.2956, 0.0622
0.2956, 0.0622
0.2956, 0.0622
0.2956, 0.0596
0.2956, 0.0596
0.2956, 0.0596
0.2956, 0.0570
0.2956, 0.0570
0.2956, 0.0570
0.2956, 0.0570
0.2956, 0.0544
0.2956, 0.0544
0.2956, 0.0544
0.2956, 0.0518
0.2956, 0.0518
0.2956, 0.0518
0.2956, 0.0518
0.2956, 0.0518
0.2956, 0.0518
0.2956, 0.0518
0.2956, 0.0492
0.2956, 0.0492
0.2956, 0.0492
0.2956, 0.0492
0.2956, 0.0466
0.2956, 0.0466
0.2956, 0.0466
0.2993, 0.0466
0.2993, 0.0466
0.2993, 0.0466
0.2993, 0.0440
0.2993, 0.0440
0.2993, 0.0440
0.2993, 0.0415
0.2993, 0.0415
0.2993, 0.0415
0.2993, 0.0415
0.2993, 0.0415
0.2993, 0.0415
0.2993, 0.0415
0.2993, 0.0415
0.2993, 0.0389
0.2993, 0.0389
0.2993, 0.0389
0.3029, 0.0389
0.3029, 0.0389
0.3029, 0.0389
0.3029, 0.0389
0.3029, 0.0389
0.3029, 0.0389
0.3029, 0.0389
0.3029, 0.0363
0.3029, 0.0363
0.3029, 0.0363
0.3029, 0.0363
0.3029, 0.0337
0.3029, 0.0337
0.3029, 0.0337
0.3066, 0.0337
0.3066, 0.0337
0.3066, 0.0337
0.3066, 0.0311
0.3066, 0.0311
0.3066, 0.0311
0.3066, 0.0311
0.3066, 0.0285
0.3066, 0.0285
0.3066, 0.0285
0.3066, 0.0259
0.3066, 0.0259
0.3066, 0.0259
0.3066, 0.0259
0.3066, 0.0259
0.3066, 0.0259
0.3066, 0.0259
0.3102, 0.0233
0.3102, 0.0233
0.3102, 0.0233
0.3102, 0.0207
0.3102, 0.0207
0.3102, 0.0207
0.3139, 0.0207
0.3139, 0.0207
0.3139, 0.0207
0.3139, 0.0207
0.3139, 0.0181
0.3139, 0.0181
0.3139, 0.0181
0.3139, 0.0155
0.3139, 0.0155
0.3139, 0.0155
0.3175, 0.0155
0.3175, 0.0155
0.3175, 0.0155
0.3175, 0.0130
0.3175, 0.0130
0.3175, 0.0130
0.3212, 0.0130
0.3212, 0.0130
0.3212, 0.0130
0.3212, 0.0130
0.3212, 0.0130
0.3212, 0.0130
0.3212, 0.0130
0.3248, 0.0104
0.3248, 0.0104
0.3248, 0.0104
0.3248, 0.0104
0.3248, 0.0104
0.3248, 0.0104
0.3248, 0.0104
0.3248, 0.0104
0.3248, 0.0104
0.3248, 0.0104
0.3248, 0.0104
0.3248, 0.0078
0.3248, 0.0078
0.3248, 0.0078
0.3285, 0.0078
0.3285, 0.0078
0.3285, 0.0078
0.3321, 0.0078
0.3321, 0.0078
0.3321, 0.0078
0.3321, 0.0078
0.3321, 0.0078
0.3321, 0.0078
0.3321, 0.0078
0.3321, 0.0052
0.3321, 0.0052
0.3321, 0.0052
0.3358, 0.0052
0.3358, 0.0052
0.3358, 0.0052
0.3358, 0.0052
0.3358, 0.0026
0.3358, 0.0026
0.3358, 0.0026
0.3394, 0.0026
0.3394, 0.0026
0.3394, 0.0026
0.3431, 0.0026
0.3431, 0.0026
0.3431, 0.0026
0.3431, 0.0026
0.3431, 0.0026
0.3431, 0.0026
0.3431, 0.0026
0.3467, 0.0026
0.3467, 0.0026
0.3467, 0.0026
0.3504, 0.0026
0.3504, 0.0026
0.3504, 0.0026
0.3504, 0.0026
0.3504, 0.0000
0.3504, 0.0000
0.3504, 0.0000
0.3504, 0.0000
0.3504, 0.0000
0.3504, 0.0000
0.3540, 0.0000
0.3540, 0.0000
0.3540, 0.0000
0.3577, 0.0000
0.3577, 0.0000
0.3577, 0.0000
0.3577, 0.0000
0.3613, 0.0000
0.3613, 0.0000
0.3613, 0.0000
0.3613, 0.0000
0.3613, 0.0000
0.3613, 0.0000
0.3650, 0.0000
0.3650, 0.0000
0.3650, 0.0000
0.3650, 0.0000
0.3686, 0.0000
0.3686, 0.0000
0.3686, 0.0000
0.3686, 0.0000
0.3686, 0.0000
0.3686, 0.0000
0.3686, 0.0000
0.3723, 0.0000
0.3723, 0.0000
0.3723, 0.0000
0.3759, 0.0000
0.3759, 0.0000
0.3759, 0.0000
0.3796, 0.0000
0.3796, 0.0000
0.3796, 0.0000
0.3796, 0.0000
0.3796, 0.0000
0.3796, 0.0000
0.3796, 0.0000
0.3796, 0.0000
0.3796, 0.0000
0.3796, 0.0000
0.3832, 0.0000
0.3832, 0.0000
0.3832, 0.0000
0.3869, 0.0000
0.3869, 0.0000
0.3869, 0.0000
0.3869, 0.0000
0.3869, 0.0000
0.3869, 0.0000
0.3869, 0.0000
0.3869, 0.0000
0.3869, 0.0000
0.3869, 0.0000
0.3869, 0.0000
0.3905, 0.0000
0.3905, 0.0000
0.3905, 0.0000
0.3942, 0.0000
0.3942, 0.0000
0.3942, 0.0000
0.3942, 0.0000
0.3942, 0.0000
0.3942, 0.0000
0.3942, 0.0000
0.3942, 0.0000
0.3942, 0.0000
0.3942, 0.0000
0.3978, 0.0000
0.3978, 0.0000
0.3978, 0.0000
0.3978, 0.0000
0.4015, 0.0026
0.4015, 0.0026
0.4015, 0.0026
0.4051, 0.0026
0.4051, 0.0026
0.4051, 0.0026
0.4051, 0.0026
0.4051, 0.0026
0.4051, 0.0026
0.4051, 0.0026
0.4088, 0.0052
0.4088, 0.0052
0.4124, 0.0052
0.4124, 0.0052
0.4124, 0.0052
0.4124, 0.0052
0.4124, 0.0052
0.4124, 0.0052
0.4124, 0.0052
0.4161, 0.0052
0.4161, 0.0052
0.4161, 0.0052
0.4197, 0.0052
0.4197, 0.0052
0.4197, 0.0052
0.4197, 0.0052
0.4197, 0.0052
0.4197, 0.0052
0.4197, 0.0052
0.4234, 0.0052
0.4234, 0.0052
0.4234, 0.0052
0.4234, 0.0052
0.4234, 0.0052
0.4234, 0.0052
0.4234, 0.0052
0.4270, 0.0052
0.4270, 0.0052
0.4270, 0.0052
0.4307, 0.0078
0.4307, 0.0078
0.4307, 0.0078
0.4307, 0.0078
0.4307, 0.0078
0.4307, 0.0078
0.4307, 0.0078
0.4343, 0.0078
0.4343, 0.0078
0.4343, 0.0078
0.4380, 0.0104
0.4380, 0.0104
0.4380, 0.0104
0.4416, 0.0104
0.4416, 0.0104
0.4416, 0.0104
0.4416, 0.0104
0.4416, 0.0104
0.4416, 0.0104
0.4416, 0.0104
0.4416, 0.0104
0.4416, 0.0104
0.4416, 0.0104
0.4453, 0.0104
0.4453, 0.0104
0.4453, 0.0104
0.4453, 0.0104
0.4453, 0.0104
0.4453, 0.0104
0.4453, 0.0104
0.4489, 0.0104
0.4489, 0.0104
0.4489, 0.0104
0.4489, 0.0104
0.4489, 0.0104
0.4489, 0.0104
0.4489, 0.0104
0.4489, 0.0104
0.4489, 0.0104
0.4489, 0.0104
0.4489, 0.0130
0.4489, 0.0130
0.4489, 0.0130
0.4526, 0.0130
0.4526, 0.0130
0.4526, 0.0130
0.4526, 0.0130
0.4526, 0.0130
0.4526, 0.0130
0.4562, 0.0130
0.4562, 0.0130
0.4562, 0.0130
0.4562, 0.0130
0.4599, 0.0155
0.4599, 0.0155
0.4599, 0.0155
0.4599, 0.0155
0.4599, 0.0155
0.4599, 0.0181
0.4599, 0.0181
0.4599, 0.0181
0.4635, 0.0181
0.4635, 0.0181
0.4635, 0.0181
0.4635, 0.0181
0.4635, 0.0181
0.4635, 0.0181
0.4635, 0.0181
0.4672, 0.0181
0.4672, 0.0181
0.4672, 0.0181
0.4672, 0.0207
0.4672, 0.0207
0.4672, 0.0207
0.4708, 0.0207
0.4708, 0.0207
0.4708, 0.0207
0.4708, 0.0233
0.4708, 0.0233
0.4708, 0.0233
0.4708, 0.0233
0.4745, 0.0233
0.4745, 0.0233
0.4745, 0.0233
0.4781, 0.0233
0.4781, 0.0233
0.4781, 0.0233
0.4781, 0.0233
0.4781, 0.0233
0.4781, 0.0233
0.4781, 0.0259
0.4781, 0.0259
0.4781, 0.0259
0.4818, 0.0285
0.4818, 0.0285
0.4818, 0.0285
0.4854, 0.0311
0.4854, 0.0311
0.4854, 0.0311
0.4854, 0.0311
0.4854, 0.0311
0.4854, 0.0311
0.4891, 0.0311
0.4891, 0.0311
0.4891, 0.0311
0.4891, 0.0311
0.4927, 0.0337
0.4927, 0.0337
0.4927, 0.0337
0.4927, 0.0363
0.4927, 0.0363
0.4927, 0.0363
0.4964, 0.0363
0.4964, 0.0363
0.4964, 0.0363
0.4964, 0.0363
0.4964, 0.0363
0.4964, 0.0363
0.4964, 0.0363
0.4964, 0.0363
0.4964, 0.0363
0.5000, 0.0389
0.5000, 0.0389
0.5000, 0.0389
0.5000, 0.0389
0.5036, 0.0415
0.5036, 0.0415
0.5036, 0.0415
0.5036, 0.0440
0.5036, 0.0440
0.5036, 0.0440
0.5036, 0.0440
0.5036, 0.0440
0.5036, 0.0440
0.5073, 0.0466
0.5073, 0.0466
0.5073, 0.0466
0.5109, 0.0492
0.5109, 0.0492
0.5109, 0.0492
0.5146, 0.0518
0.5146, 0.0518
0.5146, 0.0518
0.5146, 0.0518
0.5146, 0.0518
0.5146, 0.0518
0.5146, 0.0518
0.5146, 0.0518
0.5146, 0.0518
0.5146, 0.0518
0.5182, 0.0544
0.5182, 0.0544
0.5182, 0.0544
0.5219, 0.0570
0.5219, 0.0570
0.5219, 0.0570
0.5219, 0.0570
0.5219, 0.0570
0.5219, 0.0570
0.5219, 0.0570
0.5219, 0.0570
0.5219, 0.0570
0.5219, 0.0570
0.5255, 0.0596
0.5255, 0.0596
0.5255, 0.0596
0.5255, 0.0622
0.5255, 0.0622
0.5255, 0.0622
0.5255, 0.0622
0.5292, 0.0648
0.5292, 0.0648
0.5292, 0.0648
0.5328, 0.0648
0.5328, 0.0648
0.5328, 0.0648
0.5328, 0.0674
0.5328, 0.0674
0.5328, 0.0674
0.5328, 0.0674
0.5328, 0.0674
0.5328, 0.0674
0.5365, 0.0699
0.5365, 0.0699
0.5365, 0.0699
0.5365, 0.0699
0.5365, 0.0699
0.5365, 0.0699
0.5401, 0.0699
0.5401, 0.0699
0.5401, 0.0699
0.5401, 0.0725
0.5401, 0.0725
0.5401, 0.0725
0.5401, 0.0725
0.5401, 0.0725
0.5401, 0.0725
0.5401, 0.0751
0.5401, 0.0751
0.5401, 0.0751
0.5401, 0.0751
0.5438, 0.0751
0.5438, 0.0751
0.5438, 0.0751
0.5438, 0.0751
0.5438, 0.0751
0.5438, 0.0751
0.5474, 0.0777
0.5474, 0.0777
0.5474, 0.0777
0.5511, 0.0777
0.5511, 0.0777
0.5511, 0.0777
0.5511, 0.0803
0.5511, 0.0803
0.5511, 0.0803
0.5511, 0.0803
0.5511, 0.0803
0.5511, 0.0803
0.5511, 0.0829
0.5511, 0.0829
0.5511, 0.0829
0.5547, 0.0829
0.5547, 0.0829
0.5547, 0.0829
0.5584, 0.0829
0.5584, 0.0829
0.5584, 0.0829
0.5584, 0.0855
0.5584, 0.0855
0.5584, 0.0855
0.5584, 0.0855
0.5584, 0.0855
0.5584, 0.0855
0.5584, 0.0855
0.5620, 0.0881
0.5620, 0.0881
0.5620, 0.0881
0.5620, 0.0881
0.5620, 0.0881
0.5620, 0.0881
0.5657, 0.0881
0.5657, 0.0881
0.5657, 0.0881
0.5657, 0.0907
0.5657, 0.0907
0.5657, 0.0907
0.5657, 0.0933
0.5657, 0.0933
0.5657, 0.0933
0.5693, 0.0933
0.5693, 0.0933
0.5693, 0.0933
0.5730, 0.0959
0.5730, 0.0959
0.5730, 0.0959
0.5766, 0.0959
0.5766, 0.0959
0.5766, 0.0959
0.5766, 0.0984
0.5766, 0.0984
0.5766, 0.0984
0.5766, 0.1010
0.5766, 0.1010
0.5766, 0.1010
0.5803, 0.1010
0.5803, 0.1010
0.5803, 0.1010
0.5803, 0.1036
0.5803, 0.1036
0.5803, 0.1036
0.5839, 0.1062
0.5839, 0.1062
0.5839, 0.1062
0.5839, 0.1062
0.5839, 0.1062
0.5839, 0.1062
0.5876, 0.1088
0.5876, 0.1088
0.5876, 0.1088
0.5876, 0.1088
0.5876, 0.1088
0.5876, 0.1088
0.5912, 0.1114
0.5912, 0.1114
0.5912, 0.1114
0.5949, 0.1140
0.5949, 0.1140
0.5949, 0.1140
0.5949, 0.1140
0.5949, 0.1140
0.5949, 0.1140
0.5949, 0.1166
0.5949, 0.1166
0.5949, 0.1166
0.5985, 0.1192
0.5985, 0.1192
0.5985, 0.1192
0.6022, 0.1218
0.6022, 0.1218
0.6022, 0.1218
0.6022, 0.1218
0.6022, 0.1218
0.6022, 0.1218
0.6022, 0.1244
0.6022, 0.1244
0.6022, 0.1244
0.6058, 0.1269
0.6058, 0.1269
0.6058, 0.1269
0.6058, 0.1269
0.6058, 0.1269
0.6058, 0.1269
0.6058, 0.1269
0.6095, 0.1295
0.6095, 0.1295
0.6095, 0.1295
0.6131, 0.1321
0.6131, 0.1321
0.6131, 0.1321
0.6131, 0.1347
0.6131, 0.1347
0.6131, 0.1347
0.6131, 0.1373
0.6131, 0.1373
0.6131, 0.1373
0.6168, 0.1399
0.6168, 0.1399
0.6168, 0.1399
0.6204, 0.1399
0.6204, 0.1399
0.6204, 0.1425
0.6204, 0.1425
0.6204, 0.1425
0.6204, 0.1451
0.6204, 0.1451
0.6204, 0.1451
0.6204, 0.1451
0.6241, 0.1477
0.6241, 0.1477
0.6241, 0.1477
0.6241, 0.1477
0.6241, 0.1477
0.6241, 0.1477
0.6277, 0.1477
0.6277, 0.1477
0.6277, 0.1477
0.6277, 0.1503
0.6277, 0.1503
0.6277, 0.1503
0.6314, 0.1528
0.6314, 0.1528
0.6314, 0.1528
0.6314, 0.1528
0.6314, 0.1528
0.6314, 0.1528
0.6314, 0.1554
0.6314, 0.1554
0.6314, 0.1554
0.6314, 0.1580
0.6314, 0.1580
0.6314, 0.1580
0.6350, 0.1606
0.6350, 0.1606
0.6350, 0.1606
0.6387, 0.1606
0.6387, 0.1606
0.6387, 0.1606
0.6387, 0.1632
0.6387, 0.1632
0.6387, 0.1632
0.6387, 0.1658
0.6387, 0.1658
0.6387, 0.1658
0.6387, 0.1658
0.6387, 0.1658
0.6387, 0.1658
0.6423, 0.1684
0.6423, 0.1684
0.6423, 0.1684
0.6460, 0.1710
0.6460, 0.1710
0.6460, 0.1710
0.6460, 0.1736
0.6460, 0.1736
0.6460, 0.1736
0.6496, 0.1736
0.6496, 0.1736
0.6496, 0.1736
0.6496, 0.1762
0.6496, 0.1762
0.6496, 0.1762
0.6496, 0.1788
0.6496, 0.1788
0.6496, 0.1788
0.6533, 0.1788
0.6533, 0.1788
0.6533, 0.1788
0.6569, 0.1813
0.6569, 0.1813
0.6569, 0.1813
0.6569, 0.1839
0.6569, 0.1839
0.6569, 0.1839
0.6569, 0.1839
0.6569, 0.1839
0.6569, 0.1839
0.6569, 0.1865
0.6569, 0.1865
0.6606, 0.1865
0.6606, 0.1865
0.6606, 0.1865
0.6606, 0.1891
0.6606, 0.1891
0.6606, 0.1891
0.6642, 0.1891
0.6642, 0.1891
0.6642, 0.1891
0.6642, 0.1917
0.6642, 0.1917
0.6642, 0.1917
0.6679, 0.1917
0.6679, 0.1917
0.6679, 0.1917
0.6679, 0.1943
0.6679, 0.1943
0.6679, 0.1943
0.6715, 0.1969
0.6715, 0.1969
0.6715, 0.1969
0.6752, 0.1995
0.6752, 0.1995
0.6752, 0.1995
0.6752, 0.1995
0.6752, 0.1995
0.6752, 0.1995
0.6752, 0.2021
0.6752, 0.2021
0.6752, 0.2021
0.6788, 0.2047
0.6788, 0.2047
0.6788, 0.2047
0.6825, 0.2047
0.6825, 0.2047
0.6825, 0.2047
0.6825, 0.2047
0.6825, 0.2047
0.6825, 0.2047
0.6825, 0.2073
0.6825, 0.2073
0.6825, 0.2073
0.6825, 0.2098
0.6825, 0.2098
0.6825, 0.2098
0.6861, 0.2098
0.6861, 0.2098
0.6861, 0.2098
0.6861, 0.2098
0.6861, 0.2098
0.6861, 0.2098
0.6898, 0.2124
0.6898, 0.2124
0.6898, 0.2124
0.6934, 0.2124
0.6934, 0.2124
0.6934, 0.2124
0.6934, 0.2150
0.6934, 0.2150
0.6934, 0.2150
0.6934, 0.2176
0.6934, 0.2176
0.6934, 0.2176
0.6971, 0.2176
0.6971, 0.2176
0.6971, 0.2176
0.6971, 0.2202
0.6971, 0.2202
0.6971, 0.2202
0.7007, 0.2228
0.7007, 0.2228
0.7007, 0.2228
0.7007, 0.2228
0.7007, 0.2228
0.7007, 0.2254
0.7007, 0.2254
0.7007, 0.2254
0.7044, 0.2254
0.7044, 0.2254
0.7044, 0.2254
0.7044, 0.2280
0.7044, 0.2280
0.7044, 0.2280
0.7080, 0.2306
0.7080, 0.2306
0.7080, 0.2306
0.7080, 0.2306
0.7080, 0.2306
0.7080, 0.2306
0.7117, 0.2306
0.7117, 0.2306
0.7117, 0.2306
0.7117, 0.2332
0.7117, 0.2332
0.7117, 0.2332
0.7117, 0.2358
0.7117, 0.2358
0.7117, 0.2358
0.7153, 0.2358
0.7153, 0.2358
0.7153, 0.2358
0.7153, 0.2383
0.7153, 0.2383
0.7153, 0.2383
0.7190, 0.2409
0.7190, 0.2409
0.7190, 0.2409
0.7190, 0.2435
0.7190, 0.2435
0.7190, 0.2435
0.7190, 0.2435
0.7190, 0.2435
0.7190, 0.2435
0.7226, 0.2461
0.7226, 0.2461
0.7226, 0.2461
0.7226, 0.2487
0.7226, 0.2487
0.7226, 0.2487
0.7263, 0.2487
0.7263, 0.2487
0.7263, 0.2487
0.7299, 0.2487
0.7299, 0.2487
0.7299, 0.2487
0.7299, 0.2513
0.7299, 0.2513
0.7299, 0.2539
0.7299, 0.2539
0.7299, 0.2539
0.7336, 0.2565
0.7336, 0.2565
0.7336, 0.2565
0.7336, 0.2565
0.7336, 0.2565
0.7336, 0.2565
0.7336, 0.2565
0.7372, 0.2591
0.7372, 0.2591
0.7372, 0.2617
0.7372, 0.2617
0.7372, 0.2617
0.7372, 0.2617
0.7372, 0.2617
0.7372, 0.2617
0.7409, 0.2617
0.7409, 0.2617
0.7409, 0.2617
0.7445, 0.2642
0.7445, 0.2642
0.7445, 0.2642
0.7445, 0.2668
0.7445, 0.2668
0.7445, 0.2668
0.7482, 0.2694
0.7482, 0.2694
0.7482, 0.2694
0.7482, 0.2694
0.7482, 0.2694
0.7482, 0.2694
0.7518, 0.2720
0.7518, 0.2720
0.7518, 0.2746
0.7518, 0.2746
0.7518, 0.2746
0.7555, 0.2746
0.7555, 0.2746
0.7555, 0.2746
0.7555, 0.2746
0.7555, 0.2746
0.7555, 0.2746
0.7555, 0.2772
0.7555, 0.2772
0.7555, 0.2772
0.7555, 0.2798
0.7555, 0.2798
0.7555, 0.2798
0.7591, 0.2798
0.7591, 0.2798
0.7591, 0.2798
0.7628, 0.2824
0.7628, 0.2824
0.7628, 0.2824
0.7628, 0.2824
0.7628, 0.2824
0.7628, 0.2824
0.7664, 0.2850
0.7664, 0.2850
0.7664, 0.2850
0.7664, 0.2876
0.7664, 0.2876
0.7701, 0.2876
0.7701, 0.2876
0.7701, 0.2876
0.7701, 0.2902
0.7701, 0.2902
0.7701, 0.2902
0.7737, 0.2927
0.7737, 0.2927
0.7737, 0.2927
0.7737, 0.2927
0.7737, 0.2927
0.7737, 0.2927
0.7774, 0.2953
0.7774, 0.2953
0.7774, 0.2953
0.7810, 0.2979
0.7810, 0.2979
0.7847, 0.3005
0.7847, 0.3005
0.7847, 0.3005
0.7847, 0.3031
0.7847, 0.3031
0.7847, 0.3031
0.7847, 0.3031
0.7847, 0.3031
0.7847, 0.3031
0.7883, 0.3057
0.7883, 0.3057
0.7883, 0.3057
0.7883, 0.3083
0.7883, 0.3083
0.7883, 0.3083
0.7920, 0.3083
0.7920, 0.3083
0.7920, 0.3083
0.7920, 0.3109
0.7920, 0.3109
0.7920, 0.3109
0.7920, 0.3135
0.7920, 0.3135
0.7920, 0.3135
0.7956, 0.3135
0.7956, 0.3135
0.7993, 0.3161
0.7993, 0.3161
0.7993, 0.3161
0.7993, 0.3161
0.7993, 0.3161
0.7993, 0.3187
0.7993, 0.3187
0.7993, 0.3187
0.7993, 0.3212
0.7993, 0.3212
0.7993, 0.3212
0.7993, 0.3212
0.7993, 0.3212
0.7993, 0.3212
0.8029, 0.3212
0.8029, 0.3212
0.8029, 0.3212
0.8029, 0.3212
0.8029, 0.3212
0.8029, 0.3212
0.8066, 0.3238
0.8066, 0.3238
0.8066, 0.3238
0.8066, 0.3264
0.8066, 0.3264
0.8066, 0.3264
0.8102, 0.3264
0.8102, 0.3264
0.8102, 0.3264
0.8102, 0.3264
0.8102, 0.3264
0.8102, 0.3264
0.8102, 0.3264
0.8102, 0.3264
0.8102, 0.3264
0.8102, 0.3290
0.8102, 0.3290
0.8102, 0.3290
0.8139, 0.3316
0.8139, 0.3316
0.8139, 0.3316
0.8139, 0.3316
0.8139, 0.3316
0.8139, 0.3316
0.8175, 0.3342
0.8175, 0.3342
0.8175, 0.3342
0.8175, 0.3342
0.8175, 0.3342
0.8175, 0.3342
0.8175, 0.3342
0.8175, 0.3342
0.8175, 0.3342
0.8212, 0.3342
0.8212, 0.3342
0.8212, 0.3342
0.8212, 0.3368
0.8212, 0.3368
0.8248, 0.3368
0.8248, 0.3368
0.8248, 0.3368
0.8285, 0.3394
0.8285, 0.3394
0.8285, 0.3394
0.8285, 0.3394
0.8285, 0.3394
0.8285, 0.3394
0.8321, 0.3394
0.8321, 0.3394
0.8321, 0.3394
0.8321, 0.3420
0.8321, 0.3420
0.8321, 0.3420
0.8358, 0.3420
0.8358, 0.3420
0.8358, 0.3420
0.8358, 0.3420
0.8358, 0.3420
0.8358, 0.3420
0.8358, 0.3446
0.8358, 0.3446
0.8394, 0.3446
0.8394, 0.3446
0.8394, 0.3446
0.8431, 0.3446
0.8431, 0.3446
0.8431, 0.3446
0.8431, 0.3446
0.8431, 0.3446
0.8467, 0.3446
0.8467, 0.3446
0.8467, 0.3446
0.8467, 0.3472
0.8467, 0.3472
0.8467, 0.3472
0.8467, 0.3472
0.8467, 0.3472
0.8467, 0.3472
0.8504, 0.3472
0.8504, 0.3472
0.8504, 0.3472
0.8540, 0.3497
0.8540, 0.3497
0.8540, 0.3497
0.8540, 0.3497
0.8540, 0.3497
0.8577, 0.3523
0.8577, 0.3523
0.8577, 0.3523
0.8577, 0.3523
0.8577, 0.3523
0.8577, 0.3523
0.8613, 0.3523
0.8613, 0.3523
0.8613, 0.3523
0.8613, 0.3523
0.8613, 0.3523
0.8613, 0.3523
0.8650, 0.3523
0.8650, 0.3523
0.8650, 0.3523
0.8650, 0.3523
0.8650, 0.3523
0.8650, 0.3523
0.8650, 0.3523
0.8650, 0.3523
0.8650, 0.3523
0.8686, 0.3549
0.8686, 0.3549
0.8686, 0.3549
0.8686, 0.3549
0.8686, 0.3549
0.8686, 0.3549
0.8723, 0.3549
0.8723, 0.3549
0.8723, 0.3549
0.8723, 0.3549
0.8723, 0.3549
0.8723, 0.3549
0.8723, 0.3549
0.8723, 0.3549
0.8723, 0.3549
0.8759, 0.3575
0.8759, 0.3575
0.8759, 0.3575
0.8796, 0.3575
0.8796, 0.3575
0.8796, 0.3575
0.8796, 0.3575
0.8796, 0.3575
0.8796, 0.3575
0.8832, 0.3575
0.8832, 0.3575
0.8832, 0.3575
0.8832, 0.3575
0.8832, 0.3575
0.8832, 0.3575
0.8832, 0.3575
0.8832, 0.3575
0.8832, 0.3575
0.8869, 0.3575
0.8869, 0.3575
0.8869, 0.3575
0.8905, 0.3575
0.8905, 0.3575
0.8905, 0.3575
0.8905, 0.3575
0.8905, 0.3575
0.8942, 0.3575
0.8942, 0.3575
0.8978, 0.3575
0.8978, 0.3575
0.8978, 0.3575
0.9015, 0.3575
0.9015, 0.3575
0.9015, 0.3575
0.9015, 0.3575
0.9015, 0.3575
0.9015, 0.3575
0.9088, 0.3575
0.9088, 0.3575
0.9088, 0.3575
0.9161, 0.3575
0.9161, 0.3575
0.9197, 0.3575
0.9197, 0.3575
0.9197, 0.3575
0.9197, 0.3575
0.9197, 0.3575
0.9234, 0.3575
0.9270, 0.3575
0.9270, 0.3575
0.9270, 0.3575
0.9307, 0.3575
0.9307, 0.3575
0.9343, 0.3575
0.9343, 0.3575
0.9416, 0.3575
0.9416, 0.3575
0.9416, 0.3575
0.9416, 0.3575
0.9416, 0.3575
0.9416, 0.3575
0.9416, 0.3575
0.9416, 0.3575
0.9453, 0.3575
0.9453, 0.3575
0.9453, 0.3575
0.9453, 0.3575
0.9453, 0.3575
0.9453, 0.3575
0.9489, 0.3575
0.9489, 0.3575
0.9489, 0.3575
0.9489, 0.3575
0.9489, 0.3575
0.9489, 0.3575
0.9489, 0.3575
0.9489, 0.3575
0.9489, 0.3575
0.9489, 0.3575
0.9489, 0.3575
0.9526, 0.3549
0.9526, 0.3549
0.9526, 0.3549
0.9562, 0.3549
0.9562, 0.3549
0.9562, 0.3549
0.9599, 0.3549
0.9599, 0.3549
0.9599, 0.3549
0.9599, 0.3549
0.9599, 0.3549
0.9635, 0.3523
0.9635, 0.3523
0.9635, 0.3523
0.9672, 0.3497
0.9672, 0.3497
0.9672, 0.3497
0.9672, 0.3497
0.9672, 0.3497
0.9672, 0.3497
0.9708, 0.3472
0.9708, 0.3472
0.9745, 0.3472
0.9745, 0.3472
0.9745, 0.3472
0.9745, 0.3472
0.9745, 0.3472
0.9745, 0.3472
0.9745, 0.3446
0.9745, 0.3446
0.9745, 0.3446
0.9781, 0.3420
0.9781, 0.3420
0.9781, 0.3420
0.9781, 0.3420
0.9781, 0.3420
0.9818, 0.3420
0.9818, 0.3420
0.9818, 0.3420
0.9818, 0.3394
0.9818, 0.3394
0.9818, 0.3394
0.9854, 0.3368
0.9854, 0.3368
0.9854, 0.3368
0.9854, 0.3368
0.9854, 0.3368
0.9854, 0.3316
0.9854, 0.3316
0.9854, 0.3316
0.9927, 0.3290
0.9927, 0.3290
0.9927, 0.3290
0.9927, 0.3264
0.9927, 0.3264
0.9964, 0.3264
0.9964, 0.3264
0.9964, 0.3264
0.9964, 0.3238
0.9964, 0.3238
0.9964, 0.3238
0.9964, 0.3212
0.9964, 0.3212
0.9964, 0.3212
1.0000, 0.3212
1.0000, 0.3212
1.0000, 0.3212
1.0000, 0.3212
1.0000, 0.3212
1.0000, 0.3212
1.0000, 0.3212
1.0000, 0.3212
1.0000, 0.3212
1.0000, 0.3212
1.0000, 0.3212
1.0000, 0.3212
1.0000, 0.3212
1.0000, 0.3212
1.0000, 0.3212
1.0000, 0.3212
1.0000, 0.3212
1.0000, 0.3212
1.0000, 0.3212
1.0000, 0.3212
1.0000, 0.3212
1.0000, 0.3212
1.0000, 0.3212
1.0000, 0.3212
1.0000, 0.3212
1.0000, 0.3212
1.0000, 0.3212
1.0000, 0.3212
1.0000, 0.3212
1.0000, 0.3212
1.0000, 0.3212
1.0000, 0.3212
1.0000, 0.3212
1.0000, 0.3212
1.0000, 0.3212
1.0000, 0.3212
1.0000, 0.3212
1.0000, 0.3212
1.0000, 0.3212
1.0000, 0.3212
1.0000, 0.3212
1.0000, 0.3212
0.7153, 0.2306
0.7153, 0.2306
0.7153, 0.2306
0.7153, 0.2306
0.7153, 0.2306
0.7153, 0.2306
0.7153, 0.2306
0.7153, 0.2306
0.7153, 0.2306
0.7153, 0.2306
0.7153, 0.2306
0.7153, 0.2306
0.7153, 0.2306
0.7153, 0.2306
0.7153, 0.2306
0.7153, 0.2306
0.7153, 0.2306
0.7153, 0.2306
0.7153, 0.2306
0.7153, 0.2306
0.7153, 0.2306
0.7153, 0.2306
0.7153, 0.2306
0.7153, 0.2306
0.7153, 0.2306
0.7153, 0.2306
0.7153, 0.2306
0.7153, 0.2306
0.7153, 0.2306
0.7153, 0.2306
0.7153, 0.2306
0.7153, 0.2306
0.7153, 0.2306
0.7153, 0.2306
0.7153, 0.2306
0.7153, 0.2306
0.7153, 0.2306
0.7153, 0.2306
0.7153, 0.2306
0.7153, 0.2306
0.7153, 0.2306
0.7153, 0.2306
0.7153, 0.2306
0.7153, 0.2306
0.7153, 0.2306
0.7153, 0.2306
0.7153, 0.2306
0.7153, 0.2306
0.7153, 0.2306
0.7153, 0.2306
0.7153, 0.2306
0.7153, 0.2306
0.7153, 0.2306
0.7153, 0.2306
0.7153, 0.2306
0.7153, 0.2306
0.7153, 0.2306
0.7153, 0.2306
0.7153, 0.2306
0.7153, 0.2306
0.7153, 0.2306
0.7153, 0.2306
0.7153, 0.2306
0.7153, 0.2306
0.7153, 0.2306
0.7153, 0.2306
0.7153, 0.2306
0.7153, 0.2306
0.7153, 0.2306
0.7153, 0.2306
0.7190, 0.2280
0.7190, 0.2280
0.7190, 0.2280
0.7190, 0.2280
0.7190, 0.2280
0.7190, 0.2280
0.7190, 0.2280
0.7190, 0.2280
0.7190, 0.2280
0.7190, 0.2254
0.7190, 0.2254
0.7190, 0.2254
0.7190, 0.2254
0.7226, 0.2254
0.7226, 0.2254
0.7226, 0.2254
0.7226, 0.2254
0.7226, 0.2254
0.7226, 0.2254
0.7226, 0.2254
0.7226, 0.2254
0.7226, 0.2228
0.7226, 0.2228
0.7226, 0.2228
0.7263, 0.2202
0.7263, 0.2202
0.7263, 0.2202
0.7263, 0.2202
0.7263, 0.2202
0.7263, 0.2202
0.7263, 0.2202
0.7263, 0.2202
0.7299, 0.2176
0.7299, 0.2176
0.7299, 0.2176
0.7299, 0.2176
0.7336, 0.2150
0.7336, 0.2150
0.7336, 0.2150
0.7336, 0.2150
0.7336, 0.2150
0.7336, 0.2150
0.7336, 0.2150
0.7336, 0.2150
0.7336, 0.2124
0.7336, 0.2124
0.7336, 0.2124
0.7336, 0.2124
0.7336, 0.2124
0.7336, 0.2124
0.7336, 0.2124
0.7336, 0.2124
0.7336, 0.2124
0.7336, 0.2124
0.7336, 0.2124
0.7336, 0.2124
0.7336, 0.2124
0.7372, 0.2098
0.7372, 0.2098
0.7372, 0.2098
0.7372, 0.2073
0.7372, 0.2073
0.7372, 0.2073
0.7372, 0.2073
0.7409, 0.2073
0.7409, 0.2073
0.7409, 0.2073
0.7409, 0.2073
0.7409, 0.2073
0.7409, 0.2073
0.7409, 0.2073
0.7409, 0.2073
0.7409, 0.2047
0.7409, 0.2047
0.7409, 0.2047
0.7409, 0.2047
0.7409, 0.2047
0.7409, 0.2047
0.7409, 0.2047
0.7409, 0.2047
0.7409, 0.2021
0.7409, 0.2021
0.7409, 0.2021
0.7409, 0.2021
0.7409, 0.2021
0.7445, 0.1995
0.7445, 0.1995
0.7445, 0.1995
0.7445, 0.1995
0.7445, 0.1995
0.7445, 0.1995
0.7445, 0.1995
0.7445, 0.1995
0.7445, 0.1995
0.7445, 0.1995
0.7445, 0.1995
0.7445, 0.1995
0.7445, 0.1995
0.7482, 0.1969
0.7482, 0.1969
0.7482, 0.1969
0.7482, 0.1969
0.7482, 0.1943
0.7482, 0.1943
0.7482, 0.1943
0.7482, 0.1943
0.7518, 0.1943
0.7518, 0.1943
0.7518, 0.1943
0.7518, 0.1943
0.7518, 0.1943
0.7518, 0.1943
0.7518, 0.1943
0.7518, 0.1943
0.7518, 0.1943
0.7518, 0.1943
0.7518, 0.1943
0.7518, 0.1943
0.7518, 0.1917
0.7518, 0.1917
0.7518, 0.1917
0.7518, 0.1917
0.7518, 0.1891
0.7518, 0.1891
0.7518, 0.1891
0.7518, 0.1891
0.7555, 0.1891
0.7555, 0.1891
0.7555, 0.1891
0.7555, 0.1891
0.7555, 0.1865
0.7555, 0.1865
0.7555, 0.1865
0.7555, 0.1865
0.7555, 0.1865
0.7555, 0.1865
0.7555, 0.1865
0.7555, 0.1865
0.7591, 0.1839
0.7591, 0.1839
0.7591, 0.1839
0.7591, 0.1839
0.7591, 0.1839
0.7591, 0.1839
0.7591, 0.1839
0.7591, 0.1839
0.7591, 0.1813
0.7591, 0.1813
0.7591, 0.1813
0.7591, 0.1813
0.7591, 0.1813
0.7591, 0.1813
0.7591, 0.1813
0.7591, 0.1813
0.7628, 0.1788
0.7628, 0.1788
0.7628, 0.1788
0.7628, 0.1788
0.7628, 0.1788
0.7628, 0.1788
0.7628, 0.1788
0.7628, 0.1788
0.7664, 0.1762
0.7664, 0.1762
0.7664, 0.1762
0.7664, 0.1762
0.7664, 0.1762
0.7664, 0.1762
0.7664, 0.1762
0.7701, 0.1762
0.7701, 0.1762
0.7701, 0.1762
0.7701, 0.1762
0.7701, 0.1736
0.7701, 0.1736
0.7701, 0.1736
0.7701, 0.1736
0.7701, 0.1710
0.7701, 0.1710
0.7701, 0.1710
0.7701, 0.1684
0.7701, 0.1684
0.7701, 0.1684
0.7701, 0.1684
0.7737, 0.1684
0.7737, 0.1684
0.7737, 0.1684
0.7737, 0.1684
0.7737, 0.1684
0.7737, 0.1684
0.7737, 0.1684
0.7737, 0.1684
0.7737, 0.1684
0.7737, 0.1658
0.7737, 0.1658
0.7737, 0.1658
0.7774, 0.1632
0.7774, 0.1632
0.7774, 0.1632
0.7774, 0.1632
0.7774, 0.1632
0.7774, 0.1632
0.7774, 0.1606
0.7774, 0.1606
0.7810, 0.1580
0.7810, 0.1554
0.7847, 0.1554
0.7847, 0.1554
0.7883, 0.1528
0.7883, 0.1503
0.7883, 0.1503
0.7883, 0.1503
0.7883, 0.1503
0.7883, 0.1503
0.7883, 0.1503
0.7883, 0.1503
0.7883, 0.1503
0.7883, 0.1503
0.7920, 0.1477
0.7920, 0.1477
0.7920, 0.1451
0.7920, 0.1451
0.7920, 0.1451
0.7956, 0.1451
0.7956, 0.1451
0.7956, 0.1451
0.7956, 0.1425
0.7956, 0.1425
0.7956, 0.1425
0.7956, 0.1425
0.7956, 0.1425
0.7956, 0.1425
0.7956, 0.1399
0.7956, 0.1399
0.7956, 0.1399
0.7993, 0.1399
0.7993, 0.1399
0.7993, 0.1399
0.8029, 0.1373
0.8029, 0.1373
0.8029, 0.1373
0.8029, 0.1373
0.8029, 0.1373
0.8066, 0.1373
0.8066, 0.1373
0.8066, 0.1373
0.8066, 0.1373
0.8066, 0.1373
0.8066, 0.1373
0.8066, 0.1373
0.8066, 0.1373
0.8066, 0.1373
0.8066, 0.1373
0.8066, 0.1373
0.8066, 0.1373
0.8066, 0.1373
0.8066, 0.1373
0.8066, 0.1373
0.8066, 0.1373
0.8066, 0.1347
0.8066, 0.1347
0.8066, 0.1347
0.8066, 0.1347
0.8066, 0.1347
0.8066, 0.1347
0.8066, 0.1347
0.8066, 0.1347
0.8066, 0.1347
0.8066, 0.1347
0.8066, 0.1347
0.8066, 0.1347
0.8066, 0.1347
0.8066, 0.1347
0.8066, 0.1347
0.8066, 0.1347
0.8066, 0.1347
0.8066, 0.1347
0.8066, 0.1347
0.8066, 0.1347
0.8066, 0.1347
0.8066, 0.1347
0.8066, 0.1347
0.8066, 0.1347
0.8066, 0.1347
0.8066, 0.1347
0.8066, 0.1347
0.8066, 0.1347
0.8066, 0.1347
0.8066, 0.1347
0.8066, 0.1347
0.8066, 0.1347
0.8066, 0.1347
0.8066, 0.1347
0.8066, 0.1347
0.8066, 0.1347
0.8066, 0.1347
0.8066, 0.1347
0.8066, 0.1347
0.8066, 0.1347
0.8066, 0.1347
0.8066, 0.1347
0.8066, 0.1347
0.8066, 0.1347
0.8066, 0.1347
0.8066, 0.1347
0.8066, 0.1347
0.8066, 0.1347
0.8066, 0.1347
0.8066, 0.1347
0.8066, 0.1347
0.8066, 0.1347
0.8066, 0.1347
0.8066, 0.1347
0.8066, 0.1347
0.8066, 0.1347
0.8066, 0.1347
0.8066, 0.1347
0.8066, 0.1347
0.8066, 0.1347
0.8066, 0.1347
0.8066, 0.1347
0.8066, 0.1347
0.8066, 0.1347
0.8066, 0.1347
0.8066, 0.1347
0.8066, 0.1347
0.8066, 0.1347
0.8066, 0.1347
0.8066, 0.1347
0.8066, 0.1347
0.8066, 0.1347
0.8066, 0.1347
0.8066, 0.1347
0.8066, 0.1347
0.8066, 0.1347
0.8066, 0.1347
0.8066, 0.1321
0.8066, 0.1321
0.8066, 0.1321
0.8066, 0.1321
0.8066, 0.1321
0.8066, 0.1321
0.8066, 0.1321
0.8066, 0.1321
0.8066, 0.1321
0.8066, 0.1321
0.8066, 0.1321
0.8066, 0.1321
0.8066, 0.1321
0.8066, 0.1321
0.8066, 0.1321
0.8066, 0.1321
0.8066, 0.1321
0.8066, 0.1321
0.8066, 0.1321
0.8066, 0.1321
0.8066, 0.1321
0.8066, 0.1321
0.8066, 0.1321
0.8066, 0.1321
0.8066, 0.1321
0.8066, 0.1321
0.8066, 0.1321
0.8066, 0.1321
0.8066, 0.1321
0.0000, 1.0000
0.0000, 1.0000
0.0000, 1.0000
0.0000, 1.0000
0.0000, 1.0000
0.0000, 1.0000
0.0000, 1.0000
0.0000, 1.0000
0.0000, 1.0000
0.0000, 1.0000
0.0000, 1.0000
0.0000, 1.0000
0.0000, 1.0000
0.0000, 1.0000
0.0000, 1.0000
0.0000, 1.0000
0.0000, 1.0000
0.0000, 1.0000
0.0000, 1.0000
0.0000, 1.0000
0.0000, 1.0000
0.0000, 1.0000
0.0000, 1.0000
0.0000, 1.0000
0.0000, 1.0000
0.0000, 1.0000
0.0000, 1.0000
0.0000, 1.0000
0.0000, 1.0000
0.0000, 1.0000
0.0000, 1.0000
0.0000, 1.0000
0.0000, 1.0000
0.0000, 1.0000
0.0000, 1.0000
0.0000, 1.0000
0.0000, 1.0000
0.0000, 1.0000
0.0000, 1.0000
0.0000, 1.0000
0.0000, 1.0000
0.0000, 1.0000
0.0000, 1.0000
0.0000, 1.0000
0.0000, 1.0000
0.0000, 1.0000
0.0000, 1.0000
