1.0000, 0.3150
1.0000, 0.3150
1.0000, 0.3150
1.0000, 0.3150
1.0000, 0.3150
1.0000, 0.3150
1.0000, 0.3150
1.0000, 0.3150
1.0000, 0.3150
1.0000, 0.3150
1.0000, 0.3150
1.0000, 0.3150
1.0000, 0.3150
1.0000, 0.3150
1.0000, 0.3150
1.0000, 0.3150
1.0000, 0.3150
1.0000, 0.3150
1.0000, 0.3150
1.0000, 0.3150
1.0000, 0.3150
1.0000, 0.3150
1.0000, 0.3150
1.0000, 0.3150
1.0000, 0.3150
1.0000, 0.3150
1.0000, 0.3150
1.0000, 0.3150
1.0000, 0.3150
1.0000, 0.3150
1.0000, 0.3150
1.0000, 0.3176
1.0000, 0.3176
1.0000, 0.3176
1.0000, 0.3176
1.0000, 0.3202
1.0000, 0.3202
1.0000, 0.3202
1.0000, 0.3202
1.0000, 0.3202
1.0000, 0.3202
1.0000, 0.3202
1.0000, 0.3202
1.0000, 0.3202
1.0000, 0.3202
1.0000, 0.3202
1.0000, 0.3202
1.0000, 0.3202
1.0000, 0.3228
1.0000, 0.3228
1.0000, 0.3228
1.0000, 0.3228
1.0000, 0.3228
1.0000, 0.3228
1.0000, 0.3228
1.0000, 0.3228
1.0000, 0.3228
1.0000, 0.3228
1.0000, 0.3255
1.0000, 0.3255
1.0000, 0.3255
1.0000, 0.3255
0.9965, 0.3255
0.9965, 0.3255
0.9965, 0.3255
0.9965, 0.3255
0.9965, 0.3255
0.9965, 0.3255
0.9965, 0.3255
0.9965, 0.3255
0.9965, 0.3255
0.9965, 0.3281
0.9965, 0.3281
0.9965, 0.3281
0.9965, 0.3281
0.9965, 0.3281
0.9965, 0.3281
0.9965, 0.3281
0.9930, 0.3307
0.9930, 0.3307
0.9930, 0.3307
0.9930, 0.3307
0.9930, 0.3307
0.9930, 0.3307
0.9930, 0.3307
0.9930, 0.3307
0.9930, 0.3307
0.9895, 0.3333
0.9895, 0.3333
0.9895, 0.3333
0.9895, 0.3333
0.9895, 0.3333
0.9895, 0.3333
0.9895, 0.3333
0.9895, 0.3333
0.9895, 0.3333
0.9895, 0.3333
0.9895, 0.3333
0.9895, 0.3333
0.9895, 0.3333
0.9895, 0.3333
0.9861, 0.3360
0.9861, 0.3360
0.9861, 0.3360
0.9861, 0.3360
0.9826, 0.3360
0.9826, 0.3360
0.9826, 0.3360
0.9826, 0.3360
0.9791, 0.3386
0.9791, 0.3386
0.9791, 0.3386
0.9791, 0.3386
0.9791, 0.3386
0.9791, 0.3386
0.9791, 0.3386
0.9791, 0.3386
0.9791, 0.3386
0.9756, 0.3386
0.9756, 0.3386
0.9756, 0.3386
0.9756, 0.3386
0.9721, 0.3412
0.9721, 0.3412
0.9721, 0.3412
0.9721, 0.3412
0.9721, 0.3438
0.9721, 0.3438
0.9721, 0.3438
0.9721, 0.3438
0.9686, 0.3438
0.9686, 0.3438
0.9686, 0.3438
0.9686, 0.3438
0.9686, 0.3438
0.9617, 0.3438
0.9617, 0.3438
0.9617, 0.3438
0.9617, 0.3438
0.9617, 0.3465
0.9617, 0.3465
0.9617, 0.3465
0.9617, 0.3465
0.9582, 0.3465
0.9582, 0.3465
0.9582, 0.3465
0.9582, 0.3465
0.9547, 0.3465
0.9547, 0.3465
0.9547, 0.3465
0.9547, 0.3465
0.9547, 0.3491
0.9547, 0.3491
0.9547, 0.3491
0.9547, 0.3491
0.9512, 0.3491
0.9512, 0.3491
0.9512, 0.3491
0.9512, 0.3491
0.9477, 0.3517
0.9477, 0.3517
0.9477, 0.3517
0.9477, 0.3517
0.9443, 0.3517
0.9443, 0.3517
0.9443, 0.3517
0.9443, 0.3517
0.9443, 0.3517
0.9443, 0.3517
0.9443, 0.3517
0.9443, 0.3517
0.9408, 0.3517
0.9408, 0.3517
0.9408, 0.3517
0.9408, 0.3517
0.9373, 0.3517
0.9373, 0.3517
0.9373, 0.3517
0.9373, 0.3517
0.9373, 0.3543
0.9373, 0.3543
0.9373, 0.3543
0.9373, 0.3543
0.9338, 0.3543
0.9338, 0.3543
0.9338, 0.3543
0.9338, 0.3543
0.9303, 0.3543
0.9303, 0.3543
0.9303, 0.3543
0.9303, 0.3543
0.9268, 0.3543
0.9268, 0.3543
0.9268, 0.3543
0.9268, 0.3543
0.9268, 0.3570
0.9268, 0.3570
0.9268, 0.3570
0.9268, 0.3570
0.9233, 0.3570
0.9233, 0.3570
0.9233, 0.3570
0.9233, 0.3570
0.9199, 0.3570
0.9199, 0.3570
0.9199, 0.3570
0.9199, 0.3570
0.9199, 0.3570
0.9199, 0.3570
0.9199, 0.3570
0.9199, 0.3570
0.9199, 0.3570
0.9199, 0.3570
0.9199, 0.3570
0.9199, 0.3570
0.9199, 0.3570
0.9164, 0.3570
0.9164, 0.3570
0.9164, 0.3570
0.9129, 0.3570
0.9129, 0.3570
0.9129, 0.3570
0.9129, 0.3570
0.9094, 0.3570
0.9094, 0.3570
0.9094, 0.3570
0.9094, 0.3570
0.9094, 0.3570
0.9094, 0.3570
0.9094, 0.3570
0.9094, 0.3570
0.9059, 0.3570
0.9059, 0.3570
0.9059, 0.3570
0.9059, 0.3570
0.9024, 0.3570
0.9024, 0.3570
0.9024, 0.3570
0.9024, 0.3570
0.9024, 0.3570
0.9024, 0.3570
0.9024, 0.3570
0.9024, 0.3570
0.9024, 0.3596
0.9024, 0.3596
0.9024, 0.3596
0.9024, 0.3596
0.9024, 0.3596
0.8990, 0.3596
0.8990, 0.3596
0.8990, 0.3596
0.8990, 0.3596
0.8990, 0.3596
0.8990, 0.3596
0.8990, 0.3596
0.8990, 0.3596
0.8955, 0.3596
0.8955, 0.3596
0.8955, 0.3596
0.8955, 0.3596
0.8955, 0.3596
0.8955, 0.3596
0.8955, 0.3596
0.8955, 0.3596
0.8920, 0.3596
0.8920, 0.3596
0.8920, 0.3596
0.8920, 0.3596
0.8920, 0.3596
0.8920, 0.3596
0.8920, 0.3596
0.8920, 0.3596
0.8920, 0.3596
0.8920, 0.3596
0.8920, 0.3596
0.8920, 0.3596
0.8920, 0.3596
0.8920, 0.3596
0.8920, 0.3596
0.8920, 0.3596
0.8920, 0.3596
0.8885, 0.3596
0.8885, 0.3596
0.8885, 0.3596
0.8885, 0.3596
0.8850, 0.3596
0.8850, 0.3596
0.8850, 0.3596
0.8850, 0.3596
0.8850, 0.3596
0.8850, 0.3596
0.8850, 0.3596
0.8815, 0.3596
0.8815, 0.3596
0.8815, 0.3596
0.8815, 0.3596
0.8780, 0.3596
0.8780, 0.3596
0.8780, 0.3596
0.8780, 0.3596
0.8746, 0.3596
0.8746, 0.3596
0.8746, 0.3596
0.8746, 0.3596
0.8746, 0.3596
0.8746, 0.3596
0.8746, 0.3596
0.8746, 0.3596
0.8746, 0.3596
0.8746, 0.3596
0.8746, 0.3596
0.8746, 0.3596
0.8746, 0.3596
0.8676, 0.3570
0.8676, 0.3570
0.8676, 0.3570
0.8676, 0.3570
0.8676, 0.3570
0.8676, 0.3570
0.8676, 0.3570
0.8676, 0.3570
0.8641, 0.3543
0.8641, 0.3543
0.8641, 0.3543
0.8641, 0.3543
0.8606, 0.3543
0.8606, 0.3543
0.8606, 0.3543
0.8606, 0.3543
0.8571, 0.3517
0.8571, 0.3517
0.8571, 0.3517
0.8571, 0.3517
0.8537, 0.3517
0.8537, 0.3517
0.8537, 0.3517
0.8502, 0.3491
0.8502, 0.3491
0.8502, 0.3491
0.8502, 0.3491
0.8467, 0.3491
0.8467, 0.3491
0.8467, 0.3491
0.8467, 0.3491
0.8432, 0.3465
0.8432, 0.3465
0.8432, 0.3465
0.8432, 0.3465
0.8397, 0.3465
0.8397, 0.3465
0.8397, 0.3465
0.8397, 0.3465
0.8362, 0.3465
0.8362, 0.3465
0.8362, 0.3465
0.8362, 0.3465
0.8362, 0.3438
0.8362, 0.3438
0.8362, 0.3438
0.8362, 0.3438
0.8328, 0.3412
0.8328, 0.3412
0.8328, 0.3412
0.8328, 0.3412
0.8293, 0.3412
0.8293, 0.3412
0.8293, 0.3412
0.8293, 0.3386
0.8293, 0.3386
0.8293, 0.3386
0.8293, 0.3386
0.8258, 0.3360
0.8258, 0.3360
0.8258, 0.3360
0.8258, 0.3360
0.8223, 0.3360
0.8223, 0.3360
0.8223, 0.3360
0.8223, 0.3360
0.8223, 0.3333
0.8223, 0.3333
0.8223, 0.3333
0.8188, 0.3333
0.8188, 0.3333
0.8188, 0.3333
0.8188, 0.3333
0.8188, 0.3307
0.8188, 0.3307
0.8188, 0.3307
0.8153, 0.3281
0.8153, 0.3281
0.8153, 0.3281
0.8153, 0.3281
0.8153, 0.3281
0.8153, 0.3281
0.8153, 0.3281
0.8153, 0.3281
0.8118, 0.3255
0.8118, 0.3255
0.8118, 0.3255
0.8118, 0.3228
0.8118, 0.3228
0.8118, 0.3228
0.8118, 0.3228
0.8084, 0.3202
0.8084, 0.3202
0.8084, 0.3202
0.8084, 0.3202
0.8084, 0.3202
0.8084, 0.3202
0.8084, 0.3202
0.8084, 0.3202
0.8049, 0.3202
0.8049, 0.3202
0.8049, 0.3202
0.8049, 0.3202
0.8049, 0.3176
0.8049, 0.3176
0.8049, 0.3176
0.8049, 0.3176
0.8014, 0.3150
0.8014, 0.3150
0.8014, 0.3150
0.8014, 0.3150
0.8014, 0.3150
0.8014, 0.3150
0.8014, 0.3150
0.8014, 0.3150
0.8014, 0.3150
0.8014, 0.3150
0.8014, 0.3150
0.8014, 0.3123
0.8014, 0.3123
0.8014, 0.3123
0.8014, 0.3123
0.7979, 0.3097
0.7979, 0.3097
0.7979, 0.3097
0.7979, 0.3097
0.7979, 0.3071
0.7979, 0.3071
0.7979, 0.3071
0.7979, 0.3071
0.7944, 0.3071
0.7944, 0.3071
0.7944, 0.3071
0.7944, 0.3071
0.7944, 0.3071
0.7944, 0.3071
0.7944, 0.3071
0.7944, 0.3071
0.7944, 0.3045
0.7944, 0.3045
0.7944, 0.3045
0.7944, 0.3045
0.7944, 0.3045
0.7944, 0.3045
0.7944, 0.3045
0.7944, 0.3045
0.7909, 0.3018
0.7909, 0.3018
0.7909, 0.3018
0.7875, 0.3018
0.7875, 0.3018
0.7875, 0.3018
0.7875, 0.3018
0.7875, 0.3018
0.7875, 0.3018
0.7875, 0.3018
0.7875, 0.2992
0.7875, 0.2992
0.7875, 0.2992
0.7875, 0.2992
0.7875, 0.2966
0.7875, 0.2966
0.7875, 0.2966
0.7875, 0.2966
0.7840, 0.2940
0.7840, 0.2940
0.7840, 0.2940
0.7840, 0.2940
0.7840, 0.2940
0.7840, 0.2940
0.7840, 0.2940
0.7840, 0.2940
0.7805, 0.2940
0.7805, 0.2940
0.7805, 0.2940
0.7805, 0.2940
0.7805, 0.2913
0.7805, 0.2913
0.7805, 0.2913
0.7770, 0.2887
0.7770, 0.2887
0.7770, 0.2887
0.7770, 0.2887
0.7770, 0.2887
0.7770, 0.2887
0.7770, 0.2887
0.7770, 0.2887
0.7770, 0.2887
0.7770, 0.2887
0.7770, 0.2887
0.7770, 0.2887
0.7770, 0.2887
0.7770, 0.2887
0.7770, 0.2887
0.7770, 0.2887
0.7770, 0.2887
0.7770, 0.2861
0.7770, 0.2861
0.7770, 0.2861
0.7770, 0.2861
0.7735, 0.2835
0.7735, 0.2835
0.7735, 0.2835
0.7735, 0.2835
0.7735, 0.2835
0.7735, 0.2835
0.7735, 0.2835
0.7735, 0.2808
0.7735, 0.2808
0.7735, 0.2808
0.7735, 0.2808
0.7700, 0.2808
0.7700, 0.2808
0.7700, 0.2808
0.7700, 0.2808
0.7700, 0.2808
0.7700, 0.2808
0.7700, 0.2808
0.7700, 0.2808
0.7700, 0.2782
0.7700, 0.2782
0.7700, 0.2782
0.7700, 0.2782
0.7700, 0.2782
0.7700, 0.2782
0.7700, 0.2782
0.7666, 0.2756
0.7666, 0.2756
0.7666, 0.2756
0.7666, 0.2756
0.7666, 0.2756
0.7666, 0.2756
0.7666, 0.2756
0.7666, 0.2756
0.7631, 0.2730
0.7631, 0.2730
0.7631, 0.2730
0.7631, 0.2730
0.7631, 0.2730
0.7631, 0.2730
0.7631, 0.2730
0.7596, 0.2703
0.7596, 0.2703
0.7596, 0.2703
0.7596, 0.2703
0.7596, 0.2677
0.7596, 0.2677
0.7596, 0.2677
0.7596, 0.2677
0.7596, 0.2677
0.7596, 0.2677
0.7596, 0.2677
0.7596, 0.2677
0.7596, 0.2677
0.7596, 0.2677
0.7596, 0.2677
0.7561, 0.2677
0.7561, 0.2677
0.7561, 0.2677
0.7561, 0.2677
0.7561, 0.2651
0.7561, 0.2651
0.7561, 0.2651
0.7526, 0.2625
0.7526, 0.2625
0.7526, 0.2625
0.7526, 0.2625
0.7526, 0.2625
0.7526, 0.2625
0.7526, 0.2625
0.7526, 0.2625
0.7526, 0.2598
0.7526, 0.2598
0.7526, 0.2598
0.7526, 0.2598
0.7526, 0.2598
0.7526, 0.2598
0.7526, 0.2598
0.7526, 0.2598
0.7491, 0.2572
0.7491, 0.2572
0.7491, 0.2572
0.7491, 0.2546
0.7491, 0.2546
0.7491, 0.2546
0.7491, 0.2546
0.7456, 0.2546
0.7456, 0.2546
0.7456, 0.2546
0.7456, 0.2546
0.7456, 0.2546
0.7456, 0.2546
0.7456, 0.2546
0.7456, 0.2546
0.7422, 0.2520
0.7422, 0.2520
0.7422, 0.2520
0.7422, 0.2520
0.7422, 0.2493
0.7422, 0.2493
0.7422, 0.2493
0.7422, 0.2493
0.7422, 0.2493
0.7422, 0.2493
0.7422, 0.2493
0.7387, 0.2493
0.7387, 0.2493
0.7387, 0.2493
0.7387, 0.2467
0.7387, 0.2467
0.7387, 0.2467
0.7387, 0.2467
0.7352, 0.2441
0.7352, 0.2441
0.7352, 0.2441
0.7352, 0.2441
0.7352, 0.2441
0.7352, 0.2441
0.7352, 0.2441
0.7352, 0.2441
0.7352, 0.2441
0.7352, 0.2441
0.7352, 0.2441
0.7352, 0.2441
0.7352, 0.2415
0.7352, 0.2415
0.7352, 0.2415
0.7317, 0.2388
0.7317, 0.2388
0.7317, 0.2388
0.7317, 0.2388
0.7317, 0.2362
0.7317, 0.2362
0.7317, 0.2362
0.7282, 0.2362
0.7282, 0.2362
0.7282, 0.2362
0.7282, 0.2362
0.7247, 0.2336
0.7247, 0.2336
0.7247, 0.2336
0.7247, 0.2336
0.7247, 0.2336
0.7247, 0.2336
0.7247, 0.2336
0.7247, 0.2336
0.7247, 0.2310
0.7247, 0.2310
0.7247, 0.2310
0.7213, 0.2310
0.7213, 0.2310
0.7213, 0.2310
0.7213, 0.2283
0.7213, 0.2283
0.7213, 0.2283
0.7213, 0.2283
0.7213, 0.2257
0.7213, 0.2257
0.7213, 0.2257
0.7178, 0.2257
0.7178, 0.2257
0.7178, 0.2257
0.7178, 0.2257
0.7178, 0.2231
0.7178, 0.2231
0.7178, 0.2231
0.7178, 0.2231
0.7178, 0.2231
0.7178, 0.2231
0.7178, 0.2231
0.7178, 0.2231
0.7178, 0.2231
0.7178, 0.2231
0.7178, 0.2231
0.7178, 0.2205
0.7178, 0.2205
0.7178, 0.2205
0.7178, 0.2205
0.7178, 0.2178
0.7178, 0.2178
0.7178, 0.2178
0.7143, 0.2178
0.7143, 0.2178
0.7143, 0.2178
0.7143, 0.2178
0.7143, 0.2178
0.7143, 0.2178
0.7143, 0.2178
0.7108, 0.2178
0.7108, 0.2178
0.7108, 0.2178
0.7108, 0.2152
0.7108, 0.2152
0.7108, 0.2152
0.7108, 0.2152
0.7108, 0.2126
0.7108, 0.2126
0.7108, 0.2126
0.7073, 0.2126
0.7073, 0.2126
0.7073, 0.2126
0.7073, 0.2126
0.7073, 0.2100
0.7073, 0.2100
0.7073, 0.2100
0.7073, 0.2100
0.7073, 0.2100
0.7073, 0.2100
0.7073, 0.2100
0.7073, 0.2100
0.7073, 0.2100
0.7073, 0.2100
0.7073, 0.2100
0.7038, 0.2073
0.7038, 0.2073
0.7038, 0.2073
0.7038, 0.2073
0.7038, 0.2047
0.7038, 0.2047
0.7038, 0.2047
0.7038, 0.2047
0.7038, 0.2047
0.7038, 0.2047
0.7038, 0.2047
0.7003, 0.2047
0.7003, 0.2047
0.7003, 0.2047
0.7003, 0.2047
0.7003, 0.2021
0.7003, 0.2021
0.7003, 0.2021
0.7003, 0.2021
0.7003, 0.2021
0.7003, 0.2021
0.7003, 0.2021
0.7003, 0.1995
0.7003, 0.1995
0.7003, 0.1995
0.6969, 0.1969
0.6969, 0.1969
0.6969, 0.1969
0.6969, 0.1969
0.6969, 0.1969
0.6969, 0.1969
0.6969, 0.1969
0.6969, 0.1969
0.6969, 0.1969
0.6969, 0.1969
0.6969, 0.1969
0.6934, 0.1969
0.6934, 0.1969
0.6934, 0.1969
0.6934, 0.1942
0.6934, 0.1942
0.6934, 0.1942
0.6934, 0.1942
0.6934, 0.1916
0.6934, 0.1916
0.6934, 0.1916
0.6899, 0.1916
0.6899, 0.1916
0.6899, 0.1916
0.6899, 0.1916
0.6899, 0.1916
0.6899, 0.1916
0.6899, 0.1916
0.6899, 0.1916
0.6899, 0.1916
0.6899, 0.1916
0.6899, 0.1916
0.6899, 0.1890
0.6899, 0.1890
0.6899, 0.1890
0.6899, 0.1890
0.6864, 0.1890
0.6864, 0.1890
0.6864, 0.1890
0.6864, 0.1864
0.6864, 0.1864
0.6864, 0.1864
0.6864, 0.1864
0.6864, 0.1864
0.6864, 0.1864
0.6864, 0.1864
0.6829, 0.1837
0.6829, 0.1837
0.6829, 0.1837
0.6829, 0.1837
0.6829, 0.1837
0.6829, 0.1837
0.6829, 0.1837
0.6829, 0.1837
0.6829, 0.1837
0.6829, 0.1837
0.6829, 0.1837
0.6829, 0.1837
0.6829, 0.1837
0.6829, 0.1837
0.6829, 0.1837
0.6829, 0.1837
0.6829, 0.1811
0.6829, 0.1811
0.6829, 0.1811
0.6794, 0.1785
0.6794, 0.1785
0.6794, 0.1785
0.6794, 0.1785
0.6794, 0.1785
0.6794, 0.1785
0.6794, 0.1785
0.6794, 0.1785
0.6760, 0.1785
0.6760, 0.1785
0.6760, 0.1785
0.6760, 0.1759
0.6760, 0.1759
0.6760, 0.1759
0.6760, 0.1759
0.6760, 0.1759
0.6760, 0.1759
0.6760, 0.1759
0.6725, 0.1732
0.6725, 0.1732
0.6725, 0.1732
0.6725, 0.1732
0.6725, 0.1732
0.6725, 0.1732
0.6725, 0.1732
0.6690, 0.1706
0.6690, 0.1706
0.6690, 0.1706
0.6690, 0.1706
0.6690, 0.1706
0.6690, 0.1706
0.6690, 0.1706
0.6655, 0.1706
0.6655, 0.1706
0.6655, 0.1706
0.6655, 0.1706
0.6655, 0.1680
0.6655, 0.1680
0.6655, 0.1680
0.6655, 0.1654
0.6655, 0.1654
0.6655, 0.1654
0.6655, 0.1654
0.6620, 0.1654
0.6620, 0.1654
0.6620, 0.1654
0.6620, 0.1654
0.6620, 0.1654
0.6620, 0.1654
0.6620, 0.1654
0.6585, 0.1627
0.6585, 0.1627
0.6585, 0.1627
0.6585, 0.1601
0.6585, 0.1601
0.6585, 0.1601
0.6585, 0.1601
0.6585, 0.1601
0.6585, 0.1601
0.6585, 0.1601
0.6585, 0.1601
0.6585, 0.1601
0.6585, 0.1601
0.6585, 0.1601
0.6585, 0.1601
0.6551, 0.1575
0.6551, 0.1575
0.6551, 0.1575
0.6551, 0.1549
0.6551, 0.1549
0.6551, 0.1549
0.6516, 0.1522
0.6516, 0.1522
0.6516, 0.1522
0.6516, 0.1522
0.6481, 0.1522
0.6481, 0.1522
0.6481, 0.1522
0.6481, 0.1496
0.6481, 0.1496
0.6481, 0.1496
0.6481, 0.1470
0.6481, 0.1470
0.6481, 0.1470
0.6481, 0.1470
0.6446, 0.1470
0.6446, 0.1470
0.6446, 0.1470
0.6446, 0.1470
0.6446, 0.1470
0.6446, 0.1470
0.6446, 0.1470
0.6411, 0.1444
0.6411, 0.1444
0.6411, 0.1444
0.6411, 0.1417
0.6411, 0.1417
0.6411, 0.1417
0.6411, 0.1417
0.6411, 0.1391
0.6411, 0.1391
0.6411, 0.1391
0.6411, 0.1391
0.6411, 0.1391
0.6411, 0.1391
0.6411, 0.1391
0.6411, 0.1391
0.6411, 0.1391
0.6411, 0.1391
0.6376, 0.1365
0.6376, 0.1365
0.6376, 0.1365
0.6376, 0.1365
0.6376, 0.1339
0.6376, 0.1339
0.6376, 0.1339
0.6341, 0.1339
0.6341, 0.1339
0.6341, 0.1339
0.6341, 0.1339
0.6341, 0.1339
0.6341, 0.1339
0.6307, 0.1312
0.6307, 0.1312
0.6307, 0.1312
0.6307, 0.1312
0.6307, 0.1312
0.6307, 0.1312
0.6307, 0.1312
0.6307, 0.1286
0.6307, 0.1286
0.6307, 0.1286
0.6307, 0.1286
0.6307, 0.1260
0.6307, 0.1260
0.6307, 0.1260
0.6272, 0.1260
0.6272, 0.1260
0.6272, 0.1260
0.6272, 0.1234
0.6272, 0.1234
0.6272, 0.1234
0.6272, 0.1234
0.6237, 0.1234
0.6237, 0.1234
0.6237, 0.1234
0.6237, 0.1207
0.6237, 0.1207
0.6237, 0.1207
0.6237, 0.1207
0.6237, 0.1207
0.6237, 0.1207
0.6237, 0.1207
0.6237, 0.1181
0.6237, 0.1181
0.6237, 0.1181
0.6237, 0.1155
0.6237, 0.1155
0.6237, 0.1155
0.6202, 0.1155
0.6202, 0.1155
0.6202, 0.1155
0.6202, 0.1155
0.6202, 0.1129
0.6202, 0.1129
0.6202, 0.1129
0.6167, 0.1129
0.6167, 0.1129
0.6167, 0.1129
0.6167, 0.1129
0.6167, 0.1129
0.6167, 0.1129
0.6167, 0.1129
0.6132, 0.1102
0.6132, 0.1102
0.6132, 0.1102
0.6132, 0.1076
0.6132, 0.1076
0.6132, 0.1076
0.6132, 0.1076
0.6132, 0.1076
0.6132, 0.1076
0.6132, 0.1076
0.6132, 0.1076
0.6132, 0.1076
0.6132, 0.1076
0.6132, 0.1076
0.6132, 0.1076
0.6132, 0.1076
0.6132, 0.1076
0.6132, 0.1076
0.6098, 0.1050
0.6098, 0.1050
0.6098, 0.1050
0.6098, 0.1050
0.6098, 0.1050
0.6098, 0.1050
0.6098, 0.1050
0.6098, 0.1024
0.6098, 0.1024
0.6098, 0.1024
0.6063, 0.0997
0.6063, 0.0997
0.6063, 0.0997
0.6063, 0.0997
0.6063, 0.0997
0.6063, 0.0997
0.6063, 0.0997
0.6063, 0.0997
0.6063, 0.0997
0.6063, 0.0997
0.6063, 0.0997
0.6063, 0.0971
0.6063, 0.0971
0.6063, 0.0971
0.6063, 0.0971
0.6063, 0.0971
0.6063, 0.0971
0.6063, 0.0971
0.6028, 0.0945
0.6028, 0.0945
0.6028, 0.0945
0.6028, 0.0945
0.6028, 0.0945
0.6028, 0.0945
0.6028, 0.0945
0.5993, 0.0945
0.5993, 0.0945
0.5993, 0.0945
0.5993, 0.0919
0.5993, 0.0919
0.5993, 0.0919
0.5958, 0.0892
0.5958, 0.0892
0.5958, 0.0892
0.5958, 0.0892
0.5958, 0.0892
0.5958, 0.0892
0.5958, 0.0892
0.5958, 0.0892
0.5958, 0.0866
0.5958, 0.0866
0.5958, 0.0866
0.5958, 0.0866
0.5958, 0.0866
0.5958, 0.0866
0.5958, 0.0866
0.5958, 0.0866
0.5958, 0.0866
0.5958, 0.0866
0.5923, 0.0840
0.5923, 0.0840
0.5923, 0.0840
0.5923, 0.0814
0.5923, 0.0814
0.5923, 0.0814
0.5889, 0.0814
0.5889, 0.0814
0.5889, 0.0814
0.5889, 0.0814
0.5889, 0.0814
0.5889, 0.0814
0.5889, 0.0814
0.5889, 0.0787
0.5889, 0.0787
0.5889, 0.0787
0.5889, 0.0787
0.5854, 0.0761
0.5854, 0.0761
0.5854, 0.0761
0.5819, 0.0761
0.5819, 0.0761
0.5819, 0.0761
0.5819, 0.0761
0.5819, 0.0761
0.5819, 0.0761
0.5819, 0.0761
0.5784, 0.0735
0.5784, 0.0735
0.5784, 0.0735
0.5784, 0.0735
0.5784, 0.0735
0.5784, 0.0735
0.5784, 0.0735
0.5784, 0.0709
0.5784, 0.0709
0.5784, 0.0709
0.5749, 0.0682
0.5749, 0.0682
0.5749, 0.0682
0.5749, 0.0682
0.5749, 0.0682
0.5749, 0.0682
0.5749, 0.0682
0.5714, 0.0682
0.5714, 0.0682
0.5714, 0.0682
0.5714, 0.0656
0.5714, 0.0656
0.5714, 0.0656
0.5714, 0.0656
0.5714, 0.0656
0.5714, 0.0656
0.5679, 0.0630
0.5679, 0.0630
0.5679, 0.0630
0.5679, 0.0630
0.5679, 0.0630
0.5679, 0.0630
0.5679, 0.0630
0.5645, 0.0630
0.5645, 0.0630
0.5645, 0.0630
0.5645, 0.0604
0.5645, 0.0604
0.5645, 0.0604
0.5645, 0.0577
0.5645, 0.0577
0.5645, 0.0577
0.5645, 0.0577
0.5610, 0.0551
0.5610, 0.0551
0.5610, 0.0551
0.5575, 0.0551
0.5575, 0.0551
0.5575, 0.0551
0.5575, 0.0551
0.5575, 0.0551
0.5575, 0.0551
0.5540, 0.0551
0.5540, 0.0551
0.5540, 0.0551
0.5540, 0.0551
0.5540, 0.0525
0.5540, 0.0525
0.5540, 0.0525
0.5540, 0.0525
0.5540, 0.0525
0.5540, 0.0525
0.5505, 0.0499
0.5505, 0.0499
0.5505, 0.0499
0.5505, 0.0499
0.5505, 0.0499
0.5505, 0.0499
0.5505, 0.0499
0.5470, 0.0499
0.5470, 0.0499
0.5470, 0.0499
0.5470, 0.0472
0.5470, 0.0472
0.5470, 0.0472
0.5470, 0.0472
0.5470, 0.0472
0.5470, 0.0472
0.5470, 0.0472
0.5436, 0.0446
0.5436, 0.0446
0.5436, 0.0446
0.5436, 0.0446
0.5436, 0.0420
0.5436, 0.0420
0.5436, 0.0420
0.5401, 0.0420
0.5401, 0.0420
0.5401, 0.0420
0.5401, 0.0420
0.5401, 0.0420
0.5401, 0.0420
0.5366, 0.0420
0.5366, 0.0420
0.5366, 0.0420
0.5366, 0.0420
0.5366, 0.0420
0.5366, 0.0420
0.5366, 0.0420
0.5366, 0.0394
0.5366, 0.0394
0.5366, 0.0394
0.5331, 0.0394
0.5331, 0.0394
0.5331, 0.0394
0.5331, 0.0367
0.5331, 0.0367
0.5331, 0.0367
0.5296, 0.0367
0.5296, 0.0367
0.5296, 0.0367
0.5296, 0.0367
0.5296, 0.0367
0.5296, 0.0367
0.5296, 0.0367
0.5261, 0.0341
0.5261, 0.0341
0.5261, 0.0341
0.5261, 0.0341
0.5261, 0.0315
0.5261, 0.0315
0.5261, 0.0315
0.5226, 0.0315
0.5226, 0.0315
0.5226, 0.0315
0.5192, 0.0289
0.5192, 0.0289
0.5192, 0.0289
0.5192, 0.0289
0.5192, 0.0289
0.5192, 0.0289
0.5192, 0.0289
0.5192, 0.0289
0.5192, 0.0289
0.5192, 0.0289
0.5157, 0.0289
0.5157, 0.0289
0.5157, 0.0289
0.5122, 0.0289
0.5122, 0.0289
0.5122, 0.0289
0.5122, 0.0262
0.5122, 0.0262
0.5122, 0.0262
0.5122, 0.0262
0.5122, 0.0262
0.5122, 0.0262
0.5122, 0.0262
0.5087, 0.0236
0.5087, 0.0236
0.5087, 0.0236
0.5087, 0.0236
0.5087, 0.0236
0.5087, 0.0236
0.5087, 0.0236
0.5052, 0.0236
0.5052, 0.0236
0.5052, 0.0236
0.5017, 0.0236
0.5017, 0.0236
0.5017, 0.0236
0.5017, 0.0210
0.5017, 0.0210
0.5017, 0.0210
0.5017, 0.0210
0.5017, 0.0210
0.5017, 0.0210
0.5017, 0.0210
0.4983, 0.0184
0.4983, 0.0184
0.4983, 0.0184
0.4983, 0.0184
0.4983, 0.0184
0.4983, 0.0184
0.4983, 0.0184
0.4948, 0.0157
0.4948, 0.0157
0.4948, 0.0157
0.4948, 0.0157
0.4948, 0.0157
0.4948, 0.0157
0.4948, 0.0157
0.4948, 0.0157
0.4948, 0.0157
0.4913, 0.0157
0.4913, 0.0157
0.4913, 0.0157
0.4913, 0.0157
0.4913, 0.0157
0.4913, 0.0157
0.4878, 0.0131
0.4878, 0.0131
0.4878, 0.0131
0.4843, 0.0105
0.4843, 0.0105
0.4843, 0.0105
0.4843, 0.0105
0.4843, 0.0105
0.4843, 0.0105
0.4843, 0.0105
0.4843, 0.0105
0.4843, 0.0105
0.4843, 0.0105
0.4843, 0.0105
0.4808, 0.0105
0.4808, 0.0105
0.4808, 0.0105
0.4774, 0.0079
0.4774, 0.0079
0.4774, 0.0079
0.4774, 0.0079
0.4774, 0.0079
0.4774, 0.0079
0.4774, 0.0079
0.4774, 0.0079
0.4774, 0.0079
0.4774, 0.0079
0.4739, 0.0079
0.4739, 0.0079
0.4739, 0.0079
0.4739, 0.0052
0.4739, 0.0052
0.4739, 0.0052
0.4704, 0.0052
0.4704, 0.0052
0.4704, 0.0052
0.4669, 0.0026
0.4669, 0.0026
0.4669, 0.0026
0.4669, 0.0026
0.4669, 0.0026
0.4669, 0.0026
0.4669, 0.0026
0.4634, 0.0026
0.4634, 0.0026
0.4634, 0.0026
0.4599, 0.0026
0.4599, 0.0026
0.4599, 0.0026
0.4599, 0.0026
0.4599, 0.0026
0.4599, 0.0026
0.4599, 0.0026
0.4599, 0.0026
0.4599, 0.0026
0.4599, 0.0026
0.4564, 0.0026
0.4564, 0.0026
0.4564, 0.0026
0.4530, 0.0026
0.4530, 0.0026
0.4530, 0.0026
0.4530, 0.0000
0.4530, 0.0000
0.4530, 0.0000
0.4530, 0.0000
0.4530, 0.0000
0.4530, 0.0000
0.4495, 0.0000
0.4495, 0.0000
0.4495, 0.0000
0.4460, 0.0000
0.4460, 0.0000
0.4460, 0.0000
0.4425, 0.0000
0.4425, 0.0000
0.4425, 0.0000
0.4390, 0.0000
0.4390, 0.0000
0.4390, 0.0000
0.4355, 0.0000
0.4355, 0.0000
0.4355, 0.0000
0.4321, 0.0000
0.4321, 0.0000
0.4321, 0.0000
0.4321, 0.0000
0.4321, 0.0000
0.4321, 0.0000
0.4321, 0.0000
0.4251, 0.0000
0.4251, 0.0000
0.4251, 0.0000
0.4251, 0.0000
0.4251, 0.0000
0.4251, 0.0000
0.4216, 0.0000
0.4216, 0.0000
0.4216, 0.0000
0.4181, 0.0000
0.4181, 0.0000
0.4181, 0.0000
0.4146, 0.0000
0.4146, 0.0000
0.4146, 0.0000
0.4146, 0.0000
0.4146, 0.0000
0.4146, 0.0000
0.4111, 0.0000
0.4111, 0.0000
0.4111, 0.0000
0.4111, 0.0000
0.4077, 0.0000
0.4077, 0.0000
0.4077, 0.0000
0.4077, 0.0000
0.4077, 0.0000
0.4077, 0.0000
0.4042, 0.0000
0.4042, 0.0000
0.4042, 0.0000
0.4007, 0.0000
0.4007, 0.0000
0.4007, 0.0000
0.3972, 0.0000
0.3972, 0.0000
0.3972, 0.0000
0.3972, 0.0000
0.3972, 0.0000
0.3972, 0.0000
0.3972, 0.0000
0.3937, 0.0000
0.3937, 0.0000
0.3937, 0.0000
0.3902, 0.0000
0.3902, 0.0000
0.3902, 0.0000
0.3868, 0.0000
0.3868, 0.0000
0.3868, 0.0000
0.3868, 0.0000
0.3868, 0.0000
0.3868, 0.0000
0.3833, 0.0000
0.3833, 0.0000
0.3833, 0.0000
0.3798, 0.0000
0.3798, 0.0000
0.3798, 0.0000
0.3798, 0.0000
0.3798, 0.0000
0.3798, 0.0000
0.3798, 0.0000
0.3798, 0.0000
0.3798, 0.0000
0.3798, 0.0000
0.3763, 0.0000
0.3763, 0.0000
0.3763, 0.0000
0.3693, 0.0026
0.3693, 0.0026
0.3693, 0.0026
0.3693, 0.0026
0.3693, 0.0026
0.3693, 0.0026
0.3659, 0.0026
0.3659, 0.0026
0.3659, 0.0026
0.3659, 0.0026
0.3624, 0.0026
0.3624, 0.0026
0.3624, 0.0026
0.3624, 0.0026
0.3624, 0.0026
0.3624, 0.0026
0.3589, 0.0026
0.3589, 0.0026
0.3589, 0.0026
0.3554, 0.0052
0.3554, 0.0052
0.3554, 0.0052
0.3519, 0.0052
0.3519, 0.0052
0.3519, 0.0052
0.3519, 0.0052
0.3519, 0.0052
0.3519, 0.0052
0.3519, 0.0079
0.3519, 0.0079
0.3519, 0.0079
0.3484, 0.0079
0.3484, 0.0079
0.3484, 0.0079
0.3484, 0.0079
0.3484, 0.0079
0.3484, 0.0079
0.3484, 0.0079
0.3449, 0.0079
0.3449, 0.0079
0.3449, 0.0079
0.3449, 0.0105
0.3449, 0.0105
0.3449, 0.0105
0.3415, 0.0131
0.3415, 0.0131
0.3415, 0.0131
0.3380, 0.0157
0.3380, 0.0157
0.3380, 0.0157
0.3380, 0.0157
0.3380, 0.0157
0.3380, 0.0157
0.3380, 0.0157
0.3345, 0.0157
0.3345, 0.0157
0.3345, 0.0157
0.3345, 0.0157
0.3345, 0.0157
0.3345, 0.0157
0.3345, 0.0184
0.3345, 0.0184
0.3345, 0.0184
0.3345, 0.0210
0.3345, 0.0210
0.3345, 0.0210
0.3345, 0.0210
0.3345, 0.0210
0.3345, 0.0210
0.3345, 0.0210
0.3345, 0.0210
0.3345, 0.0210
0.3345, 0.0210
0.3310, 0.0236
0.3310, 0.0236
0.3310, 0.0236
0.3310, 0.0262
0.3310, 0.0262
0.3310, 0.0262
0.3310, 0.0262
0.3310, 0.0262
0.3310, 0.0262
0.3275, 0.0289
0.3275, 0.0289
0.3275, 0.0289
0.3275, 0.0289
0.3275, 0.0289
0.3275, 0.0289
0.3275, 0.0289
0.3275, 0.0315
0.3275, 0.0315
0.3275, 0.0315
0.3275, 0.0341
0.3275, 0.0341
0.3275, 0.0341
0.3275, 0.0341
0.3275, 0.0341
0.3275, 0.0341
0.3275, 0.0341
0.3275, 0.0341
0.3275, 0.0341
0.3275, 0.0341
0.3275, 0.0367
0.3275, 0.0367
0.3275, 0.0394
0.3275, 0.0394
0.3275, 0.0394
0.3275, 0.0420
0.3275, 0.0420
0.3275, 0.0420
0.3240, 0.0420
0.3240, 0.0420
0.3240, 0.0420
0.3240, 0.0446
0.3240, 0.0446
0.3240, 0.0446
0.3240, 0.0446
0.3240, 0.0446
0.3240, 0.0446
0.3240, 0.0446
0.3240, 0.0472
0.3240, 0.0472
0.3240, 0.0472
0.3240, 0.0472
0.3240, 0.0472
0.3240, 0.0472
0.3240, 0.0499
0.3240, 0.0499
0.3240, 0.0499
0.3240, 0.0499
0.3240, 0.0499
0.3240, 0.0499
0.3240, 0.0499
0.3240, 0.0525
0.3240, 0.0525
0.3240, 0.0525
0.3240, 0.0525
0.3240, 0.0525
0.3240, 0.0525
0.3240, 0.0551
0.3240, 0.0551
0.3240, 0.0551
0.3240, 0.0577
0.3240, 0.0577
0.3240, 0.0577
0.3240, 0.0604
0.3240, 0.0604
0.3240, 0.0604
0.3240, 0.0604
0.3240, 0.0604
0.3240, 0.0604
0.3240, 0.0630
0.3240, 0.0630
0.3240, 0.0630
0.3240, 0.0656
0.3240, 0.0656
0.3240, 0.0656
0.3240, 0.0656
0.3240, 0.0656
0.3240, 0.0656
0.3240, 0.0682
0.3240, 0.0682
0.3240, 0.0682
0.3240, 0.0709
0.3240, 0.0709
0.3240, 0.0709
0.3240, 0.0735
0.3240, 0.0735
0.3240, 0.0735
0.3240, 0.0735
0.3240, 0.0735
0.3240, 0.0735
0.3240, 0.0761
0.3240, 0.0761
0.3240, 0.0761
0.3240, 0.0787
0.3240, 0.0787
0.3240, 0.0787
0.3240, 0.0787
0.3240, 0.0787
0.3240, 0.0787
0.3240, 0.0814
0.3240, 0.0814
0.3240, 0.0814
0.3240, 0.0814
0.3240, 0.0814
0.3240, 0.0814
0.3240, 0.0840
0.3240, 0.0840
0.3240, 0.0840
0.3240, 0.0866
0.3240, 0.0866
0.3240, 0.0866
0.3240, 0.0866
0.3240, 0.0866
0.3240, 0.0866
0.3240, 0.0866
0.3240, 0.0892
0.3240, 0.0892
0.3240, 0.0892
0.3240, 0.0892
0.3240, 0.0892
0.3240, 0.0892
0.3240, 0.0919
0.3240, 0.0919
0.3240, 0.0919
0.3240, 0.0919
0.3240, 0.0919
0.3240, 0.0919
0.3240, 0.0919
0.3240, 0.0919
0.3240, 0.0919
0.3275, 0.0945
0.3275, 0.0945
0.3275, 0.0945
0.3275, 0.0971
0.3275, 0.0971
0.3275, 0.0971
0.3275, 0.0971
0.3275, 0.0971
0.3275, 0.0971
0.3275, 0.0997
0.3275, 0.0997
0.3275, 0.0997
0.3275, 0.0997
0.3275, 0.0997
0.3275, 0.0997
0.3275, 0.0997
0.3275, 0.0997
0.3275, 0.0997
0.3310, 0.1024
0.3310, 0.1024
0.3310, 0.1024
0.3310, 0.1050
0.3310, 0.1050
0.3310, 0.1050
0.3310, 0.1050
0.3310, 0.1050
0.3310, 0.1076
0.3310, 0.1076
0.3310, 0.1102
0.3310, 0.1102
0.3310, 0.1129
0.3310, 0.1129
0.3310, 0.1129
0.3310, 0.1129
0.3310, 0.1129
0.3345, 0.1129
0.3345, 0.1129
0.3345, 0.1129
0.3345, 0.1155
0.3345, 0.1155
0.3345, 0.1155
0.3345, 0.1181
0.3345, 0.1181
0.3345, 0.1181
0.3345, 0.1181
0.3345, 0.1181
0.3345, 0.1181
0.3345, 0.1181
0.3345, 0.1181
0.3345, 0.1181
0.3380, 0.1207
0.3380, 0.1207
0.3380, 0.1207
0.3380, 0.1234
0.3380, 0.1234
0.3380, 0.1234
0.3380, 0.1260
0.3380, 0.1260
0.3380, 0.1260
0.3380, 0.1260
0.3380, 0.1260
0.3415, 0.1286
0.3415, 0.1286
0.3415, 0.1286
0.3415, 0.1312
0.3415, 0.1312
0.3415, 0.1312
0.3415, 0.1312
0.3415, 0.1312
0.3415, 0.1312
0.3415, 0.1312
0.3415, 0.1312
0.3415, 0.1312
0.3415, 0.1339
0.3415, 0.1339
0.3415, 0.1339
0.3415, 0.1365
0.3415, 0.1365
0.3415, 0.1365
0.3415, 0.1365
0.3415, 0.1365
0.3415, 0.1365
0.3415, 0.1391
0.3415, 0.1391
0.3415, 0.1417
0.3415, 0.1417
0.3415, 0.1417
0.3449, 0.1417
0.3449, 0.1417
0.3449, 0.1417
0.3449, 0.1444
0.3449, 0.1444
0.3449, 0.1444
0.3449, 0.1444
0.3449, 0.1444
0.3449, 0.1444
0.3449, 0.1470
0.3449, 0.1470
0.3449, 0.1470
0.3449, 0.1496
0.3449, 0.1496
0.3449, 0.1496
0.3484, 0.1496
0.3484, 0.1496
0.3484, 0.1496
0.3484, 0.1496
0.3484, 0.1496
0.3484, 0.1496
0.3484, 0.1522
0.3484, 0.1522
0.3484, 0.1522
0.3484, 0.1549
0.3484, 0.1549
0.3484, 0.1549
0.3484, 0.1575
0.3484, 0.1575
0.3484, 0.1575
0.3484, 0.1575
0.3484, 0.1575
0.3484, 0.1575
0.3484, 0.1575
0.3484, 0.1575
0.3484, 0.1575
0.3484, 0.1601
0.3484, 0.1601
0.3484, 0.1601
0.3484, 0.1627
0.3484, 0.1627
0.3484, 0.1627
0.3484, 0.1627
0.3484, 0.1627
0.3484, 0.1627
0.3519, 0.1627
0.3519, 0.1627
0.3519, 0.1627
0.3519, 0.1654
0.3519, 0.1654
0.3519, 0.1654
0.3519, 0.1680
0.3519, 0.1680
0.3519, 0.1680
0.3519, 0.1706
0.3519, 0.1706
0.3519, 0.1706
0.3519, 0.1706
0.3519, 0.1706
0.3519, 0.1706
0.3519, 0.1706
0.3519, 0.1706
0.3519, 0.1706
0.3519, 0.1732
0.3519, 0.1732
0.3519, 0.1732
0.3554, 0.1759
0.3554, 0.1759
0.3554, 0.1759
0.3554, 0.1759
0.3554, 0.1759
0.3554, 0.1759
0.3554, 0.1785
0.3554, 0.1785
0.3554, 0.1811
0.3554, 0.1811
0.3554, 0.1811
0.3554, 0.1811
0.3554, 0.1811
0.3554, 0.1811
0.3554, 0.1811
0.3554, 0.1837
0.3554, 0.1837
0.3554, 0.1837
0.3554, 0.1837
0.3554, 0.1837
0.3554, 0.1837
0.3554, 0.1864
0.3554, 0.1864
0.3554, 0.1890
0.3554, 0.1890
0.3554, 0.1890
0.3554, 0.1890
0.3554, 0.1890
0.3554, 0.1890
0.3554, 0.1916
0.3554, 0.1916
0.3554, 0.1916
0.3554, 0.1942
0.3554, 0.1942
0.3554, 0.1942
0.3554, 0.1969
0.3554, 0.1969
0.3554, 0.1969
0.3554, 0.1969
0.3554, 0.1969
0.3554, 0.1969
0.3554, 0.1969
0.3554, 0.1969
0.3554, 0.1969
0.3554, 0.1995
0.3554, 0.1995
0.3554, 0.1995
0.3554, 0.2021
0.3554, 0.2021
0.3554, 0.2021
0.3554, 0.2021
0.3554, 0.2021
0.3554, 0.2021
0.3554, 0.2021
0.3554, 0.2021
0.3554, 0.2021
0.3554, 0.2047
0.3554, 0.2047
0.3554, 0.2047
0.3554, 0.2047
0.3554, 0.2047
0.3554, 0.2047
0.3554, 0.2073
0.3554, 0.2073
0.3554, 0.2073
0.3554, 0.2073
0.3554, 0.2073
0.3554, 0.2073
0.3554, 0.2073
0.3554, 0.2073
0.3554, 0.2073
0.3554, 0.2100
0.3554, 0.2100
0.3554, 0.2100
0.3554, 0.2100
0.3554, 0.2100
0.3554, 0.2100
0.3554, 0.2100
0.3554, 0.2100
0.3554, 0.2100
0.3554, 0.2100
0.3554, 0.2100
0.3554, 0.2100
0.3554, 0.2100
0.3554, 0.2100
0.3554, 0.2100
0.3554, 0.2100
0.3554, 0.2100
0.3554, 0.2100
0.3554, 0.2100
0.3554, 0.2100
0.3554, 0.2100
0.3554, 0.2100
0.3554, 0.2100
0.3554, 0.2100
0.3554, 0.2126
0.3554, 0.2126
0.3554, 0.2126
0.3554, 0.2126
0.3554, 0.2126
0.3554, 0.2126
0.3554, 0.2126
0.3554, 0.2126
0.3554, 0.2126
0.3554, 0.2152
0.3554, 0.2152
0.3554, 0.2152
0.3554, 0.2152
0.3554, 0.2152
0.3554, 0.2152
0.3554, 0.2178
0.3554, 0.2178
0.3554, 0.2178
0.3554, 0.2178
0.3554, 0.2178
0.3554, 0.2178
0.3554, 0.2205
0.3554, 0.2205
0.3554, 0.2205
0.3554, 0.2205
0.3554, 0.2205
0.3554, 0.2205
0.3554, 0.2205
0.3554, 0.2205
0.3554, 0.2205
0.3554, 0.2205
0.3554, 0.2205
0.3554, 0.2205
0.3554, 0.2205
0.3554, 0.2205
0.3554, 0.2205
0.3554, 0.2205
0.3554, 0.2205
0.3554, 0.2205
0.3554, 0.2205
0.3554, 0.2205
0.3554, 0.2205
0.3554, 0.2205
0.3554, 0.2205
0.3554, 0.2205
0.3554, 0.2205
0.3554, 0.2205
0.3554, 0.2205
0.3554, 0.2205
0.3554, 0.2205
0.3554, 0.2205
0.3554, 0.2205
0.3554, 0.2231
0.3554, 0.2231
0.3554, 0.2231
0.3554, 0.2231
0.3554, 0.2231
0.3554, 0.2231
0.3554, 0.2231
0.3554, 0.2231
0.3554, 0.2231
0.3554, 0.2231
0.3554, 0.2231
0.3554, 0.2231
0.3554, 0.2231
0.3554, 0.2231
0.3554, 0.2231
0.3554, 0.2231
0.3554, 0.2231
0.3554, 0.2231
0.3554, 0.2231
0.3554, 0.2231
0.3554, 0.2231
0.3554, 0.2231
0.3554, 0.2231
0.3554, 0.2231
0.3554, 0.2231
0.3554, 0.2231
0.3554, 0.2231
0.3554, 0.2231
0.3554, 0.2231
0.3554, 0.2231
0.3554, 0.2231
0.3554, 0.2231
0.3554, 0.2231
0.3554, 0.2231
0.3554, 0.2231
0.3554, 0.2231
0.3554, 0.2231
0.3554, 0.2231
0.3554, 0.2231
0.3554, 0.2231
0.3554, 0.2231
0.3554, 0.2231
0.3554, 0.2231
0.3554, 0.2231
0.3554, 0.2231
0.3554, 0.2257
0.3554, 0.2257
0.3554, 0.2257
0.3554, 0.2257
0.3554, 0.2257
0.3554, 0.2257
0.3554, 0.2257
0.3554, 0.2257
0.3554, 0.2257
0.3554, 0.2257
0.3554, 0.2257
0.3554, 0.2257
0.3554, 0.2257
0.3554, 0.2257
0.3554, 0.2257
0.3519, 0.2257
0.3519, 0.2257
0.3519, 0.2257
0.3519, 0.2283
0.3519, 0.2283
0.3519, 0.2283
0.3484, 0.2283
0.3484, 0.2283
0.3484, 0.2283
0.3449, 0.2283
0.3449, 0.2283
0.3415, 0.2283
0.3415, 0.2283
0.3415, 0.2283
0.3380, 0.2283
0.3380, 0.2283
0.3380, 0.2283
0.3310, 0.2283
0.3310, 0.2283
0.3310, 0.2283
0.3275, 0.2283
0.3275, 0.2283
0.3206, 0.2283
0.3206, 0.2283
0.3206, 0.2310
0.3206, 0.2310
0.3206, 0.2310
0.3136, 0.2310
0.3136, 0.2310
0.3136, 0.2310
0.3066, 0.2310
0.3066, 0.2310
0.3066, 0.2310
0.3066, 0.2310
0.3066, 0.2310
0.3031, 0.2310
0.3031, 0.2310
0.3031, 0.2310
0.2962, 0.2310
0.2962, 0.2310
0.2962, 0.2310
0.2962, 0.2336
0.2962, 0.2336
0.2962, 0.2336
0.2892, 0.2336
0.2892, 0.2336
0.2892, 0.2336
0.2892, 0.2336
0.2892, 0.2336
0.2857, 0.2336
0.2857, 0.2336
0.2857, 0.2336
0.2822, 0.2362
0.2822, 0.2362
0.2822, 0.2362
0.2787, 0.2362
0.2787, 0.2362
0.2753, 0.2362
0.2753, 0.2362
0.2753, 0.2362
0.2718, 0.2362
0.2718, 0.2362
0.2718, 0.2362
0.2683, 0.2362
0.2683, 0.2362
0.2683, 0.2362
0.2683, 0.2362
0.2683, 0.2362
0.2648, 0.2362
0.2648, 0.2362
0.2648, 0.2362
0.2613, 0.2362
0.2613, 0.2362
0.2613, 0.2362
0.2613, 0.2362
0.2613, 0.2362
0.2578, 0.2362
0.2578, 0.2362
0.2578, 0.2362
0.2509, 0.2362
0.2509, 0.2362
0.2509, 0.2362
0.2509, 0.2362
0.2509, 0.2362
0.2509, 0.2362
0.2474, 0.2388
0.2474, 0.2388
0.2439, 0.2388
0.2439, 0.2388
0.2439, 0.2388
0.2439, 0.2388
0.2439, 0.2388
0.2439, 0.2388
0.2404, 0.2388
0.2404, 0.2388
0.2404, 0.2388
0.2369, 0.2388
0.2369, 0.2388
0.2334, 0.2388
0.2334, 0.2388
0.2334, 0.2388
0.2334, 0.2388
0.2334, 0.2388
0.2334, 0.2388
0.2300, 0.2388
0.2300, 0.2388
0.2300, 0.2388
0.2265, 0.2388
0.2265, 0.2388
0.2265, 0.2388
0.2230, 0.2388
0.2230, 0.2388
0.2195, 0.2415
0.2195, 0.2415
0.2195, 0.2415
0.2160, 0.2415
0.2160, 0.2415
0.2160, 0.2415
0.2160, 0.2415
0.2160, 0.2415
0.2125, 0.2415
0.2125, 0.2415
0.2125, 0.2415
0.2125, 0.2415
0.2125, 0.2415
0.2125, 0.2415
0.2125, 0.2415
0.2125, 0.2415
0.2125, 0.2415
0.2125, 0.2415
0.2125, 0.2415
0.2125, 0.2415
0.2091, 0.2415
0.2091, 0.2415
0.2091, 0.2415
0.2091, 0.2415
0.2091, 0.2415
0.2091, 0.2415
0.2091, 0.2415
0.2091, 0.2415
0.2056, 0.2415
0.2056, 0.2415
0.2056, 0.2415
0.2021, 0.2415
0.2021, 0.2415
0.2021, 0.2415
0.1986, 0.2415
0.1986, 0.2415
0.1986, 0.2415
0.1986, 0.2415
0.1986, 0.2415
0.1986, 0.2415
0.1986, 0.2415
0.1986, 0.2415
0.1986, 0.2415
0.1986, 0.2415
0.1986, 0.2415
0.1986, 0.2415
0.1986, 0.2415
0.1986, 0.2415
0.1986, 0.2415
0.1986, 0.2415
0.1986, 0.2415
0.1986, 0.2415
0.1986, 0.2415
0.1986, 0.2415
0.1986, 0.2415
0.1986, 0.2415
0.1951, 0.2415
0.1847, 0.2415
0.1847, 0.2415
0.1812, 0.2415
0.1812, 0.2415
0.1812, 0.2415
0.1812, 0.2415
0.1812, 0.2415
0.1777, 0.2415
0.1777, 0.2415
0.1777, 0.2415
0.1777, 0.2415
0.1777, 0.2415
0.1777, 0.2415
0.1742, 0.2415
0.1742, 0.2415
0.1742, 0.2415
0.1742, 0.2415
0.1742, 0.2415
0.1742, 0.2415
0.1742, 0.2415
0.1742, 0.2415
0.1742, 0.2415
0.1742, 0.2415
0.1742, 0.2415
0.1742, 0.2415
0.1742, 0.2415
0.1742, 0.2415
0.1742, 0.2415
0.1742, 0.2415
0.1742, 0.2415
0.1742, 0.2415
0.1742, 0.2415
0.1742, 0.2415
0.1742, 0.2415
0.1742, 0.2415
0.1742, 0.2415
0.1742, 0.2415
0.1742, 0.2415
0.1742, 0.2415
0.1742, 0.2415
0.1742, 0.2415
0.1742, 0.2415
0.1742, 0.2415
0.1742, 0.2415
0.1742, 0.2415
0.1742, 0.2415
0.1742, 0.2415
0.1742, 0.2415
0.1742, 0.2415
0.1742, 0.2415
0.1742, 0.2415
0.1742, 0.2415
0.1742, 0.2415
0.1707, 0.2415
0.1707, 0.2415
0.1707, 0.2415
0.1707, 0.2415
0.1707, 0.2415
0.1707, 0.2415
0.1707, 0.2415
0.1707, 0.2415
0.1707, 0.2415
0.1707, 0.2415
0.1707, 0.2415
0.1707, 0.2415
0.1707, 0.2415
0.1707, 0.2415
0.1707, 0.2415
0.1707, 0.2415
0.1707, 0.2415
0.1707, 0.2415
0.1707, 0.2415
0.1707, 0.2415
0.1707, 0.2415
0.1707, 0.2415
0.1707, 0.2415
0.1707, 0.2415
0.1707, 0.2415
0.1707, 0.2415
0.1707, 0.2415
0.1707, 0.2415
0.1707, 0.2415
0.1707, 0.2415
0.1707, 0.2415
0.1707, 0.2415
0.1707, 0.2415
0.1707, 0.2415
0.1707, 0.2415
0.1707, 0.2415
0.1707, 0.2415
0.1707, 0.2415
0.1707, 0.2415
0.1707, 0.2415
0.1707, 0.2415
0.1707, 0.2415
0.1707, 0.2415
0.1707, 0.2415
0.1707, 0.2415
0.1707, 0.2415
0.7352, 0.2336
0.7352, 0.2336
0.7352, 0.2336
0.7352, 0.2336
0.7352, 0.2336
0.7352, 0.2336
0.7352, 0.2336
0.7352, 0.2336
0.7352, 0.2336
0.7352, 0.2336
0.7352, 0.2336
0.7352, 0.2336
0.7352, 0.2336
0.7352, 0.2336
0.7352, 0.2336
0.7352, 0.2336
0.7352, 0.2336
0.7352, 0.2336
0.7352, 0.2336
0.7352, 0.2336
0.7352, 0.2336
0.7352, 0.2336
0.7352, 0.2336
0.7352, 0.2336
0.7352, 0.2336
0.7352, 0.2336
0.7352, 0.2336
0.7352, 0.2336
0.7352, 0.2336
0.7352, 0.2336
0.7352, 0.2336
0.7352, 0.2336
0.7352, 0.2336
0.7352, 0.2336
0.7352, 0.2336
0.7352, 0.2336
0.7352, 0.2336
0.7352, 0.2336
0.7352, 0.2336
0.7352, 0.2336
0.7387, 0.2310
0.7387, 0.2310
0.7387, 0.2310
0.7387, 0.2310
0.7387, 0.2310
0.7387, 0.2310
0.7387, 0.2310
0.7387, 0.2310
0.7387, 0.2310
0.7387, 0.2310
0.7387, 0.2310
0.7387, 0.2310
0.7387, 0.2310
0.7387, 0.2283
0.7387, 0.2283
0.7387, 0.2283
0.7387, 0.2283
0.7422, 0.2257
0.7422, 0.2257
0.7422, 0.2257
0.7422, 0.2257
0.7456, 0.2257
0.7456, 0.2257
0.7456, 0.2257
0.7456, 0.2257
0.7456, 0.2231
0.7456, 0.2231
0.7456, 0.2231
0.7456, 0.2231
0.7491, 0.2205
0.7491, 0.2205
0.7491, 0.2205
0.7491, 0.2205
0.7491, 0.2205
0.7491, 0.2205
0.7491, 0.2205
0.7491, 0.2205
0.7491, 0.2205
0.7526, 0.2178
0.7526, 0.2178
0.7526, 0.2178
0.7526, 0.2178
0.7526, 0.2152
0.7526, 0.2152
0.7526, 0.2152
0.7526, 0.2152
0.7561, 0.2126
0.7561, 0.2126
0.7561, 0.2126
0.7561, 0.2126
0.7596, 0.2100
0.7596, 0.2100
0.7596, 0.2100
0.7596, 0.2100
0.7596, 0.2047
0.7596, 0.2047
0.7596, 0.2047
0.7596, 0.2047
0.7596, 0.2047
0.7596, 0.2047
0.7596, 0.2047
0.7596, 0.2047
0.7631, 0.1995
0.7631, 0.1995
0.7631, 0.1995
0.7631, 0.1995
0.7631, 0.1995
0.7666, 0.1969
0.7666, 0.1969
0.7666, 0.1969
0.7666, 0.1969
0.7666, 0.1942
0.7666, 0.1942
0.7666, 0.1942
0.7700, 0.1890
0.7700, 0.1890
0.7700, 0.1890
0.7700, 0.1890
0.7700, 0.1837
0.7700, 0.1837
0.7700, 0.1837
0.7700, 0.1837
0.7735, 0.1811
0.7735, 0.1811
0.7735, 0.1811
0.7735, 0.1811
0.7735, 0.1785
0.7735, 0.1785
0.7735, 0.1785
0.7735, 0.1785
0.7770, 0.1732
0.7770, 0.1732
0.7770, 0.1732
0.7770, 0.1732
0.7770, 0.1706
0.7770, 0.1706
0.7770, 0.1706
0.7770, 0.1706
0.7805, 0.1654
0.7805, 0.1654
0.7805, 0.1654
0.7805, 0.1654
0.7805, 0.1627
0.7805, 0.1627
0.7805, 0.1627
0.7840, 0.1601
0.7840, 0.1601
0.7840, 0.1601
0.7840, 0.1601
0.7840, 0.1575
0.7840, 0.1575
0.7840, 0.1575
0.7840, 0.1549
0.7840, 0.1549
0.7840, 0.1549
0.7875, 0.1522
0.7875, 0.1522
0.7875, 0.1522
0.7875, 0.1496
0.7875, 0.1496
0.7875, 0.1496
0.7875, 0.1470
0.7875, 0.1470
0.7875, 0.1470
0.7909, 0.1444
0.7909, 0.1444
0.7909, 0.1444
0.7909, 0.1417
0.7909, 0.1417
0.7909, 0.1417
0.7909, 0.1417
0.7909, 0.1417
0.7909, 0.1417
0.7909, 0.1417
0.7944, 0.1391
0.7944, 0.1391
0.7944, 0.1391
0.7944, 0.1391
0.7944, 0.1391
0.7944, 0.1391
0.7944, 0.1365
0.7944, 0.1365
0.7944, 0.1365
0.7944, 0.1365
0.7944, 0.1365
0.7944, 0.1365
0.7944, 0.1339
0.7944, 0.1339
0.7944, 0.1339
0.7944, 0.1339
0.7944, 0.1339
0.7944, 0.1339
0.7944, 0.1339
0.7944, 0.1339
0.7944, 0.1339
0.7944, 0.1339
0.7944, 0.1339
0.7944, 0.1339
0.7944, 0.1339
0.7944, 0.1339
0.7944, 0.1339
0.7944, 0.1339
0.7944, 0.1312
0.7944, 0.1312
0.7944, 0.1312
0.7944, 0.1312
0.7944, 0.1312
0.7944, 0.1312
0.7944, 0.1286
0.7944, 0.1286
0.7944, 0.1286
0.7979, 0.1286
0.7979, 0.1286
0.7979, 0.1286
0.7979, 0.1286
0.7979, 0.1286
0.7979, 0.1286
0.7979, 0.1286
0.7979, 0.1286
0.7979, 0.1286
0.7979, 0.1286
0.7979, 0.1260
0.7979, 0.1260
0.7979, 0.1260
0.7979, 0.1260
0.7979, 0.1260
0.7979, 0.1260
0.7979, 0.1260
0.7979, 0.1260
0.7979, 0.1260
0.7979, 0.1234
0.7979, 0.1234
0.7979, 0.1234
0.7979, 0.1234
0.7979, 0.1234
0.7979, 0.1234
0.7979, 0.1234
0.8014, 0.1234
0.8014, 0.1234
0.8014, 0.1234
0.8014, 0.1207
0.8014, 0.1207
0.8014, 0.1207
0.8014, 0.1207
0.8014, 0.1207
0.8014, 0.1207
0.8014, 0.1207
0.8014, 0.1207
0.8014, 0.1207
0.8014, 0.1207
0.8014, 0.1207
0.8014, 0.1207
0.8014, 0.1207
0.8014, 0.1207
0.8014, 0.1207
0.8014, 0.1207
0.8014, 0.1207
0.8014, 0.1207
0.8014, 0.1207
0.8014, 0.1207
0.8014, 0.1207
0.8014, 0.1207
0.8014, 0.1181
0.8014, 0.1181
0.8014, 0.1181
0.8014, 0.1181
0.8014, 0.1181
0.8014, 0.1181
0.8014, 0.1181
0.8014, 0.1155
0.8014, 0.1155
0.8014, 0.1155
0.8014, 0.1155
0.8014, 0.1155
0.8014, 0.1155
0.8014, 0.1155
0.8014, 0.1155
0.8014, 0.1155
0.8014, 0.1155
0.8014, 0.1155
0.8014, 0.1155
0.8014, 0.1155
0.8014, 0.1155
0.8014, 0.1155
0.8014, 0.1155
0.8014, 0.1155
0.8014, 0.1155
0.8014, 0.1155
0.8014, 0.1155
0.8014, 0.1155
0.8014, 0.1155
0.8014, 0.1155
0.8014, 0.1155
0.8014, 0.1155
0.8014, 0.1155
0.8014, 0.1155
0.8014, 0.1155
0.8014, 0.1155
0.8014, 0.1155
0.8014, 0.1155
0.8014, 0.1155
0.8014, 0.1155
0.8014, 0.1155
0.8014, 0.1155
0.8014, 0.1155
0.8014, 0.1155
0.8014, 0.1155
0.8014, 0.1155
0.8014, 0.1155
0.8014, 0.1155
0.8014, 0.1155
0.8014, 0.1155
0.8014, 0.1155
0.8014, 0.1155
0.8014, 0.1155
0.8014, 0.1155
0.8014, 0.1155
0.8014, 0.1155
0.8014, 0.1155
0.8014, 0.1155
0.8014, 0.1155
0.8014, 0.1155
0.8014, 0.1155
0.8014, 0.1155
0.8014, 0.1155
0.8014, 0.1155
0.8014, 0.1155
0.8049, 0.1155
0.8049, 0.1155
0.8049, 0.1155
0.8084, 0.1155
0.8084, 0.1155
0.8084, 0.1155
0.8118, 0.1155
0.0000, 1.0000
0.0000, 1.0000
0.0000, 1.0000
0.0000, 1.0000
0.0000, 1.0000
0.0000, 1.0000
0.0000, 1.0000
0.0000, 1.0000
0.0000, 1.0000
0.0000, 1.0000
0.0000, 1.0000
0.0000, 1.0000
0.0000, 1.0000
0.0000, 1.0000
0.0000, 1.0000
0.0000, 1.0000
0.0000, 1.0000
0.0000, 1.0000
0.0000, 1.0000
0.0000, 1.0000
0.0000, 1.0000
0.0000, 1.0000
0.0000, 1.0000
0.0000, 1.0000
0.0000, 1.0000
0.0000, 1.0000
0.0000, 1.0000
0.0000, 1.0000
0.0000, 1.0000
0.0000, 1.0000
0.0000, 1.0000
0.0000, 1.0000
0.0000, 1.0000
0.0000, 1.0000
0.0000, 1.0000
0.0000, 1.0000
0.0000, 1.0000
0.0000, 1.0000
0.0000, 1.0000
0.0000, 1.0000
0.0000, 1.0000
