1.0000, 0.3122
1.0000, 0.3122
1.0000, 0.3122
1.0000, 0.3122
1.0000, 0.3122
1.0000, 0.3122
1.0000, 0.3122
1.0000, 0.3122
1.0000, 0.3122
1.0000, 0.3122
1.0000, 0.3122
1.0000, 0.3122
1.0000, 0.3122
1.0000, 0.3122
1.0000, 0.3122
1.0000, 0.3122
1.0000, 0.3122
1.0000, 0.3122
1.0000, 0.3122
1.0000, 0.3122
1.0000, 0.3122
1.0000, 0.3122
1.0000, 0.3122
1.0000, 0.3122
1.0000, 0.3122
1.0000, 0.3122
1.0000, 0.3122
1.0000, 0.3122
1.0000, 0.3122
1.0000, 0.3122
1.0000, 0.3122
1.0000, 0.3122
1.0000, 0.3122
1.0000, 0.3122
1.0000, 0.3122
1.0000, 0.3122
1.0000, 0.3122
1.0000, 0.3122
1.0000, 0.3122
1.0000, 0.3122
1.0000, 0.3122
1.0000, 0.3122
1.0000, 0.3122
1.0000, 0.3122
1.0000, 0.3122
1.0000, 0.3148
1.0000, 0.3148
1.0000, 0.3148
1.0000, 0.3148
1.0000, 0.3148
1.0000, 0.3148
1.0000, 0.3148
1.0000, 0.3148
1.0000, 0.3148
1.0000, 0.3175
1.0000, 0.3175
1.0000, 0.3175
1.0000, 0.3175
1.0000, 0.3175
1.0000, 0.3175
1.0000, 0.3175
1.0000, 0.3175
1.0000, 0.3175
1.0000, 0.3175
1.0000, 0.3175
1.0000, 0.3175
1.0000, 0.3201
1.0000, 0.3201
1.0000, 0.3201
1.0000, 0.3201
0.9960, 0.3228
0.9960, 0.3228
0.9960, 0.3228
0.9960, 0.3228
0.9960, 0.3228
0.9960, 0.3228
0.9960, 0.3228
0.9960, 0.3228
0.9960, 0.3228
0.9960, 0.3254
0.9960, 0.3254
0.9960, 0.3254
0.9960, 0.3254
0.9920, 0.3254
0.9920, 0.3254
0.9920, 0.3254
0.9920, 0.3254
0.9920, 0.3280
0.9920, 0.3280
0.9920, 0.3280
0.9920, 0.3280
0.9920, 0.3307
0.9920, 0.3307
0.9920, 0.3307
0.9920, 0.3307
0.9920, 0.3307
0.9920, 0.3307
0.9920, 0.3307
0.9920, 0.3307
0.9920, 0.3307
0.9920, 0.3307
0.9920, 0.3307
0.9920, 0.3307
0.9920, 0.3307
0.9920, 0.3307
0.9920, 0.3307
0.9920, 0.3307
0.9920, 0.3307
0.9920, 0.3333
0.9920, 0.3333
0.9920, 0.3333
0.9880, 0.3360
0.9880, 0.3360
0.9880, 0.3360
0.9880, 0.3360
0.9880, 0.3360
0.9880, 0.3360
0.9880, 0.3360
0.9880, 0.3360
0.9840, 0.3360
0.9840, 0.3360
0.9840, 0.3360
0.9840, 0.3360
0.9840, 0.3386
0.9840, 0.3386
0.9840, 0.3386
0.9840, 0.3386
0.9840, 0.3386
0.9840, 0.3386
0.9840, 0.3386
0.9840, 0.3386
0.9840, 0.3386
0.9840, 0.3413
0.9840, 0.3413
0.9840, 0.3413
0.9800, 0.3413
0.9800, 0.3413
0.9800, 0.3413
0.9800, 0.3413
0.9800, 0.3413
0.9800, 0.3413
0.9800, 0.3413
0.9800, 0.3413
0.9800, 0.3413
0.9800, 0.3439
0.9800, 0.3439
0.9800, 0.3439
0.9800, 0.3439
0.9800, 0.3439
0.9800, 0.3439
0.9800, 0.3439
0.9800, 0.3439
0.9800, 0.3439
0.9800, 0.3439
0.9800, 0.3439
0.9800, 0.3439
0.9800, 0.3439
0.9800, 0.3439
0.9800, 0.3439
0.9800, 0.3439
0.9800, 0.3439
0.9800, 0.3439
0.9800, 0.3439
0.9800, 0.3439
0.9800, 0.3439
0.9800, 0.3439
0.9800, 0.3439
0.9800, 0.3439
0.9800, 0.3439
0.9800, 0.3439
0.9760, 0.3439
0.9760, 0.3439
0.9760, 0.3439
0.9760, 0.3466
0.9760, 0.3466
0.9760, 0.3466
0.9760, 0.3466
0.9760, 0.3466
0.9760, 0.3466
0.9760, 0.3466
0.9720, 0.3466
0.9720, 0.3466
0.9720, 0.3466
0.9720, 0.3492
0.9720, 0.3492
0.9720, 0.3492
0.9720, 0.3492
0.9720, 0.3492
0.9720, 0.3492
0.9720, 0.3492
0.9720, 0.3492
0.9720, 0.3492
0.9720, 0.3492
0.9720, 0.3492
0.9720, 0.3492
0.9720, 0.3492
0.9720, 0.3492
0.9720, 0.3492
0.9720, 0.3492
0.9720, 0.3492
0.9680, 0.3519
0.9680, 0.3519
0.9680, 0.3519
0.9680, 0.3519
0.9680, 0.3519
0.9680, 0.3519
0.9680, 0.3519
0.9680, 0.3519
0.9680, 0.3519
0.9640, 0.3519
0.9640, 0.3519
0.9640, 0.3519
0.9640, 0.3519
0.9640, 0.3519
0.9640, 0.3519
0.9640, 0.3519
0.9640, 0.3519
0.9640, 0.3545
0.9640, 0.3545
0.9640, 0.3545
0.9640, 0.3545
0.9600, 0.3545
0.9600, 0.3545
0.9600, 0.3545
0.9600, 0.3545
0.9600, 0.3545
0.9600, 0.3545
0.9600, 0.3545
0.9600, 0.3545
0.9600, 0.3545
0.9600, 0.3545
0.9600, 0.3545
0.9600, 0.3545
0.9600, 0.3545
0.9600, 0.3545
0.9600, 0.3545
0.9600, 0.3545
0.9600, 0.3545
0.9560, 0.3545
0.9560, 0.3545
0.9560, 0.3545
0.9560, 0.3545
0.9560, 0.3545
0.9560, 0.3545
0.9560, 0.3545
0.9560, 0.3545
0.9560, 0.3545
0.9560, 0.3571
0.9560, 0.3571
0.9560, 0.3571
0.9520, 0.3571
0.9520, 0.3571
0.9520, 0.3571
0.9520, 0.3571
0.9520, 0.3571
0.9520, 0.3571
0.9520, 0.3571
0.9520, 0.3571
0.9520, 0.3571
0.9520, 0.3598
0.9520, 0.3598
0.9520, 0.3598
0.9520, 0.3598
0.9520, 0.3598
0.9520, 0.3598
0.9520, 0.3598
0.9520, 0.3598
0.9480, 0.3598
0.9480, 0.3598
0.9480, 0.3598
0.9480, 0.3598
0.9480, 0.3624
0.9480, 0.3624
0.9480, 0.3624
0.9480, 0.3624
0.9440, 0.3624
0.9440, 0.3624
0.9440, 0.3624
0.9440, 0.3624
0.9440, 0.3624
0.9440, 0.3624
0.9440, 0.3624
0.9440, 0.3624
0.9400, 0.3624
0.9400, 0.3624
0.9400, 0.3624
0.9400, 0.3624
0.9400, 0.3624
0.9400, 0.3624
0.9400, 0.3624
0.9400, 0.3624
0.9360, 0.3624
0.9360, 0.3624
0.9360, 0.3624
0.9360, 0.3624
0.9360, 0.3624
0.9360, 0.3624
0.9360, 0.3624
0.9360, 0.3624
0.9360, 0.3624
0.9360, 0.3624
0.9360, 0.3624
0.9360, 0.3624
0.9320, 0.3624
0.9320, 0.3624
0.9320, 0.3624
0.9320, 0.3624
0.9320, 0.3624
0.9320, 0.3624
0.9320, 0.3624
0.9320, 0.3624
0.9320, 0.3624
0.9320, 0.3624
0.9320, 0.3624
0.9320, 0.3624
0.9320, 0.3624
0.9320, 0.3624
0.9320, 0.3624
0.9320, 0.3624
0.9320, 0.3624
0.9280, 0.3651
0.9280, 0.3651
0.9280, 0.3651
0.9280, 0.3651
0.9240, 0.3651
0.9240, 0.3651
0.9240, 0.3651
0.9240, 0.3651
0.9240, 0.3651
0.9240, 0.3651
0.9240, 0.3651
0.9240, 0.3651
0.9240, 0.3651
0.9240, 0.3651
0.9240, 0.3651
0.9240, 0.3651
0.9240, 0.3651
0.9200, 0.3651
0.9200, 0.3651
0.9200, 0.3651
0.9200, 0.3651
0.9160, 0.3651
0.9160, 0.3651
0.9160, 0.3651
0.9120, 0.3651
0.9120, 0.3651
0.9120, 0.3651
0.9120, 0.3651
0.9120, 0.3651
0.9120, 0.3651
0.9120, 0.3651
0.9120, 0.3651
0.9120, 0.3651
0.9120, 0.3651
0.9120, 0.3651
0.9120, 0.3651
0.9120, 0.3651
0.9120, 0.3651
0.9120, 0.3651
0.9120, 0.3651
0.9120, 0.3651
0.9120, 0.3651
0.9120, 0.3651
0.9120, 0.3651
0.9120, 0.3651
0.9080, 0.3651
0.9080, 0.3651
0.9080, 0.3651
0.9080, 0.3651
0.9080, 0.3651
0.9080, 0.3651
0.9080, 0.3651
0.9080, 0.3651
0.9080, 0.3651
0.9080, 0.3651
0.9080, 0.3651
0.9040, 0.3651
0.9040, 0.3651
0.9040, 0.3651
0.9040, 0.3651
0.9040, 0.3651
0.9040, 0.3651
0.9040, 0.3651
0.9040, 0.3651
0.9040, 0.3651
0.9040, 0.3651
0.9040, 0.3651
0.9040, 0.3651
0.9040, 0.3651
0.9040, 0.3651
0.9040, 0.3651
0.9040, 0.3651
0.9040, 0.3651
0.9000, 0.3651
0.9000, 0.3651
0.9000, 0.3651
0.9000, 0.3651
0.9000, 0.3651
0.9000, 0.3651
0.9000, 0.3651
0.9000, 0.3651
0.9000, 0.3651
0.9000, 0.3651
0.9000, 0.3651
0.9000, 0.3651
0.8960, 0.3651
0.8960, 0.3651
0.8960, 0.3651
0.8960, 0.3651
0.8960, 0.3651
0.8960, 0.3651
0.8960, 0.3651
0.8960, 0.3651
0.8960, 0.3651
0.8920, 0.3651
0.8920, 0.3651
0.8920, 0.3651
0.8920, 0.3651
0.8920, 0.3651
0.8920, 0.3651
0.8920, 0.3651
0.8920, 0.3651
0.8920, 0.3651
0.8920, 0.3651
0.8920, 0.3651
0.8920, 0.3651
0.8880, 0.3651
0.8880, 0.3651
0.8880, 0.3651
0.8880, 0.3651
0.8880, 0.3651
0.8880, 0.3651
0.8880, 0.3651
0.8880, 0.3651
0.8840, 0.3651
0.8840, 0.3651
0.8840, 0.3651
0.8840, 0.3651
0.8840, 0.3651
0.8840, 0.3651
0.8840, 0.3651
0.8840, 0.3651
0.8840, 0.3651
0.8840, 0.3651
0.8840, 0.3651
0.8800, 0.3651
0.8800, 0.3651
0.8800, 0.3651
0.8800, 0.3651
0.8800, 0.3651
0.8800, 0.3651
0.8800, 0.3651
0.8800, 0.3651
0.8800, 0.3651
0.8760, 0.3651
0.8760, 0.3651
0.8760, 0.3651
0.8720, 0.3651
0.8720, 0.3651
0.8720, 0.3651
0.8720, 0.3651
0.8720, 0.3651
0.8720, 0.3651
0.8720, 0.3651
0.8720, 0.3651
0.8720, 0.3651
0.8720, 0.3651
0.8720, 0.3651
0.8720, 0.3651
0.8720, 0.3651
0.8680, 0.3651
0.8680, 0.3651
0.8680, 0.3651
0.8680, 0.3651
0.8680, 0.3651
0.8680, 0.3651
0.8680, 0.3651
0.8640, 0.3651
0.8640, 0.3651
0.8640, 0.3651
0.8640, 0.3651
0.8640, 0.3651
0.8640, 0.3651
0.8640, 0.3651
0.8640, 0.3651
0.8640, 0.3651
0.8640, 0.3651
0.8640, 0.3651
0.8640, 0.3651
0.8640, 0.3651
0.8640, 0.3651
0.8640, 0.3651
0.8640, 0.3651
0.8600, 0.3651
0.8600, 0.3651
0.8600, 0.3651
0.8600, 0.3651
0.8600, 0.3651
0.8600, 0.3651
0.8600, 0.3651
0.8600, 0.3651
0.8560, 0.3651
0.8560, 0.3651
0.8560, 0.3651
0.8560, 0.3651
0.8520, 0.3651
0.8520, 0.3651
0.8520, 0.3651
0.8520, 0.3651
0.8520, 0.3651
0.8520, 0.3651
0.8520, 0.3651
0.8520, 0.3651
0.8520, 0.3651
0.8520, 0.3651
0.8520, 0.3651
0.8480, 0.3651
0.8480, 0.3651
0.8480, 0.3651
0.8480, 0.3651
0.8440, 0.3651
0.8440, 0.3651
0.8440, 0.3651
0.8440, 0.3651
0.8440, 0.3651
0.8440, 0.3651
0.8440, 0.3651
0.8440, 0.3651
0.8440, 0.3651
0.8440, 0.3651
0.8440, 0.3651
0.8440, 0.3651
0.8400, 0.3651
0.8400, 0.3651
0.8400, 0.3651
0.8360, 0.3651
0.8360, 0.3651
0.8360, 0.3651
0.8360, 0.3651
0.8360, 0.3651
0.8360, 0.3651
0.8360, 0.3651
0.8320, 0.3651
0.8320, 0.3651
0.8320, 0.3651
0.8320, 0.3651
0.8320, 0.3651
0.8320, 0.3651
0.8320, 0.3651
0.8320, 0.3651
0.8320, 0.3651
0.8320, 0.3651
0.8320, 0.3651
0.8320, 0.3651
0.8280, 0.3651
0.8280, 0.3651
0.8280, 0.3651
0.8280, 0.3624
0.8280, 0.3624
0.8280, 0.3624
0.8280, 0.3624
0.8240, 0.3624
0.8240, 0.3624
0.8240, 0.3624
0.8240, 0.3624
0.8240, 0.3624
0.8240, 0.3624
0.8240, 0.3624
0.8240, 0.3624
0.8240, 0.3624
0.8240, 0.3624
0.8240, 0.3624
0.8240, 0.3624
0.8240, 0.3624
0.8240, 0.3624
0.8200, 0.3598
0.8200, 0.3598
0.8200, 0.3598
0.8200, 0.3598
0.8200, 0.3598
0.8200, 0.3598
0.8200, 0.3598
0.8200, 0.3598
0.8160, 0.3598
0.8160, 0.3598
0.8160, 0.3598
0.8160, 0.3571
0.8160, 0.3571
0.8160, 0.3571
0.8160, 0.3571
0.8160, 0.3571
0.8160, 0.3571
0.8160, 0.3571
0.8160, 0.3571
0.8160, 0.3571
0.8160, 0.3571
0.8160, 0.3571
0.8160, 0.3571
0.8120, 0.3571
0.8120, 0.3571
0.8120, 0.3571
0.8120, 0.3571
0.8120, 0.3571
0.8120, 0.3571
0.8120, 0.3571
0.8080, 0.3545
0.8080, 0.3545
0.8080, 0.3545
0.8080, 0.3545
0.8080, 0.3545
0.8080, 0.3545
0.8080, 0.3545
0.8040, 0.3519
0.8040, 0.3519
0.8040, 0.3519
0.8040, 0.3519
0.8040, 0.3519
0.8040, 0.3519
0.8040, 0.3519
0.8040, 0.3519
0.8040, 0.3519
0.8040, 0.3519
0.8040, 0.3519
0.8040, 0.3519
0.8040, 0.3492
0.8040, 0.3492
0.8040, 0.3492
0.8040, 0.3492
0.8000, 0.3492
0.8000, 0.3492
0.8000, 0.3492
0.8000, 0.3466
0.8000, 0.3466
0.8000, 0.3466
0.7960, 0.3466
0.7960, 0.3466
0.7960, 0.3466
0.7960, 0.3466
0.7960, 0.3466
0.7960, 0.3466
0.7960, 0.3466
0.7960, 0.3466
0.7960, 0.3439
0.7960, 0.3439
0.7960, 0.3439
0.7960, 0.3413
0.7960, 0.3413
0.7960, 0.3413
0.7920, 0.3413
0.7920, 0.3413
0.7920, 0.3413
0.7920, 0.3413
0.7920, 0.3386
0.7920, 0.3386
0.7920, 0.3386
0.7880, 0.3386
0.7880, 0.3386
0.7880, 0.3386
0.7880, 0.3386
0.7880, 0.3386
0.7880, 0.3386
0.7880, 0.3386
0.7880, 0.3386
0.7840, 0.3360
0.7840, 0.3360
0.7840, 0.3360
0.7840, 0.3360
0.7840, 0.3360
0.7840, 0.3360
0.7840, 0.3360
0.7840, 0.3333
0.7840, 0.3333
0.7840, 0.3333
0.7840, 0.3333
0.7840, 0.3333
0.7840, 0.3333
0.7840, 0.3333
0.7800, 0.3333
0.7800, 0.3333
0.7800, 0.3333
0.7800, 0.3333
0.7800, 0.3307
0.7800, 0.3307
0.7800, 0.3307
0.7760, 0.3307
0.7760, 0.3307
0.7760, 0.3307
0.7760, 0.3307
0.7760, 0.3280
0.7760, 0.3280
0.7760, 0.3280
0.7760, 0.3254
0.7760, 0.3254
0.7760, 0.3254
0.7760, 0.3254
0.7760, 0.3254
0.7760, 0.3254
0.7760, 0.3254
0.7720, 0.3254
0.7720, 0.3254
0.7720, 0.3254
0.7720, 0.3254
0.7720, 0.3254
0.7720, 0.3254
0.7720, 0.3254
0.7720, 0.3254
0.7680, 0.3228
0.7680, 0.3228
0.7680, 0.3228
0.7680, 0.3201
0.7680, 0.3201
0.7680, 0.3201
0.7680, 0.3201
0.7640, 0.3201
0.7640, 0.3201
0.7640, 0.3201
0.7640, 0.3201
0.7640, 0.3201
0.7640, 0.3201
0.7640, 0.3201
0.7640, 0.3175
0.7640, 0.3175
0.7640, 0.3175
0.7640, 0.3175
0.7600, 0.3148
0.7600, 0.3148
0.7600, 0.3148
0.7600, 0.3148
0.7600, 0.3148
0.7600, 0.3148
0.7600, 0.3148
0.7600, 0.3122
0.7600, 0.3122
0.7600, 0.3122
0.7560, 0.3122
0.7560, 0.3122
0.7560, 0.3122
0.7560, 0.3122
0.7560, 0.3122
0.7560, 0.3122
0.7560, 0.3122
0.7560, 0.3122
0.7560, 0.3122
0.7560, 0.3122
0.7560, 0.3122
0.7560, 0.3122
0.7560, 0.3122
0.7560, 0.3122
0.7560, 0.3122
0.7560, 0.3095
0.7560, 0.3095
0.7560, 0.3095
0.7520, 0.3095
0.7520, 0.3095
0.7520, 0.3095
0.7520, 0.3095
0.7520, 0.3069
0.7520, 0.3069
0.7520, 0.3069
0.7480, 0.3069
0.7480, 0.3069
0.7480, 0.3069
0.7480, 0.3069
0.7480, 0.3069
0.7480, 0.3069
0.7480, 0.3069
0.7440, 0.3042
0.7440, 0.3042
0.7440, 0.3042
0.7440, 0.3016
0.7440, 0.3016
0.7440, 0.3016
0.7440, 0.3016
0.7440, 0.3016
0.7440, 0.3016
0.7440, 0.3016
0.7440, 0.2989
0.7440, 0.2989
0.7440, 0.2989
0.7440, 0.2989
0.7440, 0.2989
0.7440, 0.2989
0.7440, 0.2989
0.7440, 0.2989
0.7440, 0.2989
0.7440, 0.2989
0.7440, 0.2989
0.7400, 0.2989
0.7400, 0.2989
0.7400, 0.2989
0.7400, 0.2963
0.7400, 0.2963
0.7400, 0.2963
0.7400, 0.2963
0.7360, 0.2963
0.7360, 0.2963
0.7360, 0.2963
0.7360, 0.2937
0.7360, 0.2937
0.7360, 0.2937
0.7360, 0.2937
0.7360, 0.2937
0.7360, 0.2937
0.7360, 0.2937
0.7360, 0.2937
0.7360, 0.2937
0.7360, 0.2937
0.7360, 0.2937
0.7360, 0.2937
0.7360, 0.2910
0.7360, 0.2910
0.7360, 0.2910
0.7320, 0.2910
0.7320, 0.2910
0.7320, 0.2910
0.7320, 0.2884
0.7320, 0.2884
0.7320, 0.2884
0.7320, 0.2884
0.7320, 0.2857
0.7320, 0.2857
0.7320, 0.2857
0.7280, 0.2857
0.7280, 0.2857
0.7280, 0.2857
0.7280, 0.2857
0.7280, 0.2857
0.7280, 0.2857
0.7280, 0.2857
0.7240, 0.2831
0.7240, 0.2831
0.7240, 0.2831
0.7240, 0.2804
0.7240, 0.2804
0.7240, 0.2804
0.7240, 0.2804
0.7240, 0.2804
0.7240, 0.2804
0.7240, 0.2804
0.7240, 0.2804
0.7200, 0.2778
0.7200, 0.2778
0.7200, 0.2778
0.7200, 0.2751
0.7200, 0.2751
0.7200, 0.2751
0.7200, 0.2751
0.7160, 0.2725
0.7160, 0.2725
0.7160, 0.2725
0.7160, 0.2725
0.7160, 0.2725
0.7160, 0.2725
0.7160, 0.2725
0.7160, 0.2725
0.7160, 0.2725
0.7160, 0.2725
0.7160, 0.2698
0.7160, 0.2698
0.7160, 0.2698
0.7160, 0.2698
0.7120, 0.2672
0.7120, 0.2672
0.7120, 0.2672
0.7120, 0.2672
0.7120, 0.2672
0.7120, 0.2672
0.7120, 0.2672
0.7080, 0.2672
0.7080, 0.2672
0.7080, 0.2672
0.7080, 0.2646
0.7080, 0.2646
0.7080, 0.2646
0.7080, 0.2646
0.7040, 0.2619
0.7040, 0.2619
0.7040, 0.2619
0.7040, 0.2619
0.7040, 0.2619
0.7040, 0.2619
0.7040, 0.2619
0.7040, 0.2619
0.7040, 0.2619
0.7040, 0.2619
0.7040, 0.2619
0.7040, 0.2593
0.7040, 0.2593
0.7040, 0.2593
0.7040, 0.2593
0.7000, 0.2593
0.7000, 0.2593
0.7000, 0.2593
0.7000, 0.2566
0.7000, 0.2566
0.7000, 0.2566
0.7000, 0.2566
0.7000, 0.2566
0.7000, 0.2566
0.7000, 0.2566
0.7000, 0.2566
0.7000, 0.2566
0.7000, 0.2566
0.7000, 0.2566
0.7000, 0.2566
0.7000, 0.2566
0.6960, 0.2513
0.6960, 0.2513
0.6960, 0.2513
0.6960, 0.2513
0.6960, 0.2487
0.6960, 0.2487
0.6960, 0.2487
0.6920, 0.2487
0.6920, 0.2487
0.6920, 0.2487
0.6920, 0.2487
0.6920, 0.2487
0.6920, 0.2487
0.6920, 0.2487
0.6880, 0.2460
0.6880, 0.2460
0.6880, 0.2460
0.6880, 0.2460
0.6880, 0.2460
0.6880, 0.2460
0.6880, 0.2460
0.6880, 0.2434
0.6880, 0.2434
0.6880, 0.2434
0.6880, 0.2407
0.6880, 0.2407
0.6880, 0.2407
0.6880, 0.2407
0.6880, 0.2407
0.6880, 0.2407
0.6880, 0.2407
0.6880, 0.2407
0.6880, 0.2407
0.6880, 0.2407
0.6880, 0.2407
0.6880, 0.2407
0.6840, 0.2381
0.6840, 0.2381
0.6840, 0.2381
0.6840, 0.2381
0.6840, 0.2381
0.6840, 0.2381
0.6800, 0.2354
0.6800, 0.2354
0.6800, 0.2354
0.6800, 0.2354
0.6800, 0.2354
0.6800, 0.2354
0.6800, 0.2354
0.6760, 0.2328
0.6760, 0.2328
0.6760, 0.2328
0.6760, 0.2302
0.6760, 0.2302
0.6760, 0.2302
0.6760, 0.2302
0.6760, 0.2302
0.6760, 0.2302
0.6760, 0.2302
0.6760, 0.2275
0.6760, 0.2275
0.6760, 0.2275
0.6760, 0.2275
0.6760, 0.2275
0.6760, 0.2275
0.6760, 0.2275
0.6760, 0.2275
0.6760, 0.2275
0.6760, 0.2275
0.6760, 0.2275
0.6720, 0.2249
0.6720, 0.2249
0.6720, 0.2249
0.6720, 0.2222
0.6720, 0.2222
0.6720, 0.2222
0.6720, 0.2222
0.6720, 0.2222
0.6720, 0.2222
0.6680, 0.2222
0.6680, 0.2222
0.6680, 0.2222
0.6680, 0.2196
0.6680, 0.2196
0.6680, 0.2196
0.6680, 0.2196
0.6680, 0.2169
0.6680, 0.2169
0.6680, 0.2169
0.6680, 0.2169
0.6680, 0.2169
0.6680, 0.2169
0.6680, 0.2169
0.6680, 0.2143
0.6680, 0.2143
0.6680, 0.2143
0.6640, 0.2143
0.6640, 0.2143
0.6640, 0.2143
0.6640, 0.2116
0.6640, 0.2116
0.6640, 0.2116
0.6640, 0.2116
0.6640, 0.2116
0.6640, 0.2116
0.6640, 0.2116
0.6600, 0.2090
0.6600, 0.2090
0.6600, 0.2090
0.6600, 0.2090
0.6600, 0.2090
0.6600, 0.2090
0.6600, 0.2063
0.6600, 0.2063
0.6600, 0.2063
0.6600, 0.2063
0.6560, 0.2063
0.6560, 0.2063
0.6560, 0.2063
0.6560, 0.2037
0.6560, 0.2037
0.6560, 0.2037
0.6560, 0.2037
0.6560, 0.2011
0.6560, 0.2011
0.6560, 0.2011
0.6560, 0.2011
0.6560, 0.2011
0.6560, 0.2011
0.6560, 0.2011
0.6560, 0.2011
0.6560, 0.2011
0.6560, 0.1984
0.6560, 0.1984
0.6560, 0.1984
0.6520, 0.1958
0.6520, 0.1958
0.6520, 0.1958
0.6520, 0.1958
0.6520, 0.1958
0.6520, 0.1958
0.6520, 0.1958
0.6480, 0.1931
0.6480, 0.1931
0.6480, 0.1931
0.6480, 0.1905
0.6480, 0.1905
0.6480, 0.1905
0.6480, 0.1905
0.6480, 0.1878
0.6480, 0.1878
0.6480, 0.1878
0.6480, 0.1878
0.6480, 0.1878
0.6480, 0.1878
0.6480, 0.1878
0.6480, 0.1878
0.6480, 0.1878
0.6480, 0.1878
0.6440, 0.1852
0.6440, 0.1852
0.6440, 0.1852
0.6440, 0.1852
0.6440, 0.1825
0.6440, 0.1825
0.6440, 0.1825
0.6400, 0.1825
0.6400, 0.1825
0.6400, 0.1825
0.6400, 0.1825
0.6400, 0.1825
0.6400, 0.1825
0.6400, 0.1825
0.6400, 0.1799
0.6400, 0.1799
0.6400, 0.1799
0.6360, 0.1772
0.6360, 0.1772
0.6360, 0.1772
0.6360, 0.1772
0.6360, 0.1772
0.6360, 0.1772
0.6360, 0.1772
0.6360, 0.1772
0.6360, 0.1772
0.6360, 0.1772
0.6360, 0.1746
0.6360, 0.1746
0.6360, 0.1746
0.6360, 0.1746
0.6360, 0.1746
0.6360, 0.1746
0.6360, 0.1746
0.6360, 0.1720
0.6360, 0.1720
0.6360, 0.1720
0.6320, 0.1693
0.6320, 0.1693
0.6320, 0.1693
0.6320, 0.1693
0.6320, 0.1693
0.6320, 0.1693
0.6320, 0.1693
0.6280, 0.1693
0.6280, 0.1693
0.6280, 0.1693
0.6280, 0.1667
0.6280, 0.1667
0.6280, 0.1667
0.6280, 0.1640
0.6280, 0.1640
0.6280, 0.1640
0.6280, 0.1640
0.6280, 0.1640
0.6280, 0.1640
0.6280, 0.1640
0.6280, 0.1640
0.6280, 0.1640
0.6280, 0.1640
0.6280, 0.1640
0.6240, 0.1614
0.6240, 0.1614
0.6240, 0.1614
0.6240, 0.1587
0.6240, 0.1587
0.6240, 0.1587
0.6240, 0.1587
0.6240, 0.1587
0.6240, 0.1587
0.6240, 0.1587
0.6200, 0.1561
0.6200, 0.1561
0.6200, 0.1561
0.6200, 0.1561
0.6200, 0.1561
0.6200, 0.1561
0.6200, 0.1561
0.6200, 0.1561
0.6200, 0.1561
0.6200, 0.1561
0.6160, 0.1534
0.6160, 0.1534
0.6160, 0.1534
0.6160, 0.1534
0.6160, 0.1534
0.6160, 0.1534
0.6160, 0.1534
0.6160, 0.1508
0.6160, 0.1508
0.6160, 0.1508
0.6160, 0.1508
0.6160, 0.1508
0.6160, 0.1508
0.6160, 0.1508
0.6120, 0.1481
0.6120, 0.1481
0.6120, 0.1481
0.6120, 0.1455
0.6120, 0.1455
0.6120, 0.1455
0.6080, 0.1455
0.6080, 0.1455
0.6080, 0.1455
0.6080, 0.1429
0.6080, 0.1429
0.6080, 0.1429
0.6080, 0.1429
0.6080, 0.1429
0.6080, 0.1429
0.6080, 0.1429
0.6040, 0.1402
0.6040, 0.1402
0.6040, 0.1402
0.6040, 0.1402
0.6040, 0.1402
0.6040, 0.1402
0.6040, 0.1402
0.6000, 0.1376
0.6000, 0.1376
0.6000, 0.1376
0.5960, 0.1376
0.5960, 0.1376
0.5960, 0.1376
0.5960, 0.1349
0.5960, 0.1349
0.5960, 0.1349
0.5960, 0.1323
0.5960, 0.1323
0.5960, 0.1323
0.5920, 0.1323
0.5920, 0.1323
0.5920, 0.1323
0.5920, 0.1296
0.5920, 0.1296
0.5920, 0.1296
0.5880, 0.1296
0.5880, 0.1296
0.5880, 0.1296
0.5880, 0.1270
0.5880, 0.1270
0.5880, 0.1270
0.5880, 0.1270
0.5840, 0.1243
0.5840, 0.1243
0.5840, 0.1243
0.5840, 0.1243
0.5840, 0.1243
0.5840, 0.1243
0.5800, 0.1243
0.5800, 0.1243
0.5800, 0.1243
0.5760, 0.1217
0.5760, 0.1217
0.5760, 0.1217
0.5760, 0.1190
0.5760, 0.1190
0.5760, 0.1190
0.5760, 0.1190
0.5720, 0.1164
0.5720, 0.1164
0.5720, 0.1164
0.5680, 0.1164
0.5680, 0.1164
0.5680, 0.1164
0.5680, 0.1164
0.5680, 0.1164
0.5680, 0.1164
0.5680, 0.1164
0.5680, 0.1138
0.5680, 0.1138
0.5680, 0.1138
0.5640, 0.1111
0.5640, 0.1111
0.5640, 0.1111
0.5640, 0.1111
0.5640, 0.1111
0.5640, 0.1111
0.5600, 0.1111
0.5600, 0.1111
0.5600, 0.1111
0.5600, 0.1111
0.5600, 0.1085
0.5600, 0.1085
0.5600, 0.1085
0.5600, 0.1085
0.5600, 0.1085
0.5600, 0.1085
0.5560, 0.1058
0.5560, 0.1058
0.5560, 0.1058
0.5520, 0.1032
0.5520, 0.1032
0.5520, 0.1032
0.5520, 0.1032
0.5480, 0.1032
0.5480, 0.1032
0.5480, 0.1032
0.5480, 0.1032
0.5480, 0.1032
0.5480, 0.1032
0.5440, 0.1005
0.5440, 0.1005
0.5440, 0.1005
0.5440, 0.0979
0.5440, 0.0979
0.5440, 0.0979
0.5400, 0.0979
0.5400, 0.0979
0.5400, 0.0979
0.5400, 0.0979
0.5400, 0.0979
0.5400, 0.0979
0.5360, 0.0952
0.5360, 0.0952
0.5360, 0.0952
0.5320, 0.0926
0.5320, 0.0926
0.5320, 0.0926
0.5320, 0.0926
0.5320, 0.0926
0.5320, 0.0926
0.5280, 0.0926
0.5280, 0.0926
0.5280, 0.0926
0.5280, 0.0926
0.5280, 0.0899
0.5280, 0.0899
0.5280, 0.0899
0.5240, 0.0873
0.5240, 0.0873
0.5240, 0.0873
0.5200, 0.0873
0.5200, 0.0873
0.5200, 0.0873
0.5200, 0.0847
0.5200, 0.0847
0.5200, 0.0847
0.5200, 0.0847
0.5200, 0.0847
0.5200, 0.0847
0.5160, 0.0820
0.5160, 0.0820
0.5160, 0.0820
0.5160, 0.0820
0.5120, 0.0794
0.5120, 0.0794
0.5120, 0.0794
0.5080, 0.0794
0.5080, 0.0794
0.5080, 0.0794
0.5080, 0.0767
0.5080, 0.0767
0.5080, 0.0767
0.5040, 0.0767
0.5040, 0.0767
0.5040, 0.0767
0.5040, 0.0741
0.5040, 0.0741
0.5040, 0.0741
0.5000, 0.0714
0.5000, 0.0714
0.5000, 0.0714
0.5000, 0.0714
0.5000, 0.0714
0.5000, 0.0714
0.5000, 0.0714
0.5000, 0.0714
0.5000, 0.0714
0.5000, 0.0714
0.4960, 0.0688
0.4960, 0.0688
0.4960, 0.0688
0.4960, 0.0688
0.4960, 0.0688
0.4960, 0.0688
0.4920, 0.0661
0.4920, 0.0661
0.4920, 0.0661
0.4920, 0.0661
0.4920, 0.0661
0.4920, 0.0661
0.4920, 0.0661
0.4880, 0.0635
0.4880, 0.0635
0.4880, 0.0635
0.4880, 0.0635
0.4880, 0.0635
0.4880, 0.0635
0.4880, 0.0635
0.4880, 0.0608
0.4880, 0.0608
0.4880, 0.0608
0.4840, 0.0582
0.4840, 0.0582
0.4840, 0.0582
0.4800, 0.0582
0.4800, 0.0582
0.4800, 0.0582
0.4800, 0.0556
0.4800, 0.0556
0.4800, 0.0556
0.4800, 0.0529
0.4800, 0.0529
0.4800, 0.0529
0.4760, 0.0529
0.4760, 0.0529
0.4760, 0.0529
0.4760, 0.0529
0.4760, 0.0529
0.4760, 0.0529
0.4720, 0.0529
0.4720, 0.0529
0.4720, 0.0529
0.4720, 0.0529
0.4720, 0.0503
0.4720, 0.0503
0.4720, 0.0503
0.4680, 0.0476
0.4680, 0.0476
0.4680, 0.0476
0.4680, 0.0476
0.4680, 0.0476
0.4680, 0.0476
0.4680, 0.0450
0.4680, 0.0450
0.4680, 0.0450
0.4640, 0.0450
0.4640, 0.0450
0.4640, 0.0450
0.4640, 0.0450
0.4640, 0.0450
0.4640, 0.0450
0.4640, 0.0450
0.4640, 0.0450
0.4640, 0.0450
0.4640, 0.0450
0.4600, 0.0423
0.4600, 0.0423
0.4600, 0.0423
0.4600, 0.0423
0.4600, 0.0423
0.4600, 0.0423
0.4600, 0.0423
0.4600, 0.0423
0.4600, 0.0423
0.4600, 0.0423
0.4600, 0.0397
0.4600, 0.0397
0.4600, 0.0397
0.4600, 0.0397
0.4600, 0.0397
0.4600, 0.0397
0.4560, 0.0397
0.4560, 0.0397
0.4520, 0.0397
0.4520, 0.0397
0.4520, 0.0397
0.4520, 0.0370
0.4520, 0.0370
0.4520, 0.0370
0.4480, 0.0370
0.4480, 0.0370
0.4480, 0.0370
0.4480, 0.0370
0.4480, 0.0344
0.4480, 0.0344
0.4480, 0.0344
0.4480, 0.0344
0.4480, 0.0344
0.4480, 0.0344
0.4440, 0.0317
0.4440, 0.0317
0.4440, 0.0317
0.4440, 0.0317
0.4440, 0.0317
0.4400, 0.0317
0.4400, 0.0317
0.4400, 0.0317
0.4400, 0.0291
0.4400, 0.0291
0.4400, 0.0291
0.4360, 0.0265
0.4360, 0.0265
0.4360, 0.0265
0.4360, 0.0265
0.4360, 0.0265
0.4360, 0.0265
0.4360, 0.0265
0.4320, 0.0265
0.4320, 0.0265
0.4320, 0.0265
0.4320, 0.0265
0.4320, 0.0265
0.4320, 0.0265
0.4280, 0.0238
0.4280, 0.0238
0.4280, 0.0238
0.4280, 0.0238
0.4280, 0.0238
0.4280, 0.0238
0.4280, 0.0238
0.4240, 0.0212
0.4240, 0.0212
0.4240, 0.0212
0.4200, 0.0185
0.4200, 0.0185
0.4200, 0.0185
0.4200, 0.0185
0.4200, 0.0185
0.4200, 0.0185
0.4200, 0.0185
0.4200, 0.0185
0.4200, 0.0185
0.4160, 0.0185
0.4160, 0.0185
0.4160, 0.0185
0.4120, 0.0159
0.4120, 0.0159
0.4120, 0.0159
0.4120, 0.0159
0.4120, 0.0159
0.4120, 0.0159
0.4120, 0.0159
0.4120, 0.0159
0.4120, 0.0159
0.4080, 0.0132
0.4080, 0.0132
0.4080, 0.0132
0.4040, 0.0132
0.4040, 0.0132
0.4040, 0.0132
0.4000, 0.0132
0.4000, 0.0132
0.4000, 0.0132
0.4000, 0.0132
0.4000, 0.0132
0.4000, 0.0132
0.4000, 0.0106
0.4000, 0.0106
0.4000, 0.0106
0.3960, 0.0106
0.3960, 0.0106
0.3960, 0.0106
0.3920, 0.0079
0.3920, 0.0079
0.3920, 0.0079
0.3920, 0.0079
0.3920, 0.0079
0.3920, 0.0079
0.3920, 0.0079
0.3920, 0.0079
0.3920, 0.0079
0.3920, 0.0079
0.3920, 0.0079
0.3920, 0.0079
0.3920, 0.0079
0.3880, 0.0079
0.3880, 0.0079
0.3880, 0.0079
0.3840, 0.0079
0.3840, 0.0079
0.3840, 0.0079
0.3840, 0.0079
0.3840, 0.0079
0.3840, 0.0079
0.3800, 0.0053
0.3800, 0.0053
0.3800, 0.0053
0.3800, 0.0053
0.3800, 0.0053
0.3800, 0.0053
0.3800, 0.0053
0.3800, 0.0053
0.3800, 0.0053
0.3800, 0.0053
0.3760, 0.0026
0.3760, 0.0026
0.3760, 0.0026
0.3760, 0.0026
0.3760, 0.0026
0.3760, 0.0026
0.3760, 0.0026
0.3720, 0.0026
0.3720, 0.0026
0.3720, 0.0026
0.3720, 0.0026
0.3720, 0.0026
0.3720, 0.0026
0.3720, 0.0026
0.3720, 0.0026
0.3720, 0.0026
0.3680, 0.0000
0.3680, 0.0000
0.3680, 0.0000
0.3640, 0.0000
0.3640, 0.0000
0.3640, 0.0000
0.3640, 0.0000
0.3640, 0.0000
0.3640, 0.0000
0.3600, 0.0000
0.3600, 0.0000
0.3600, 0.0000
0.3600, 0.0000
0.3600, 0.0000
0.3600, 0.0000
0.3600, 0.0000
0.3560, 0.0000
0.3560, 0.0000
0.3560, 0.0000
0.3560, 0.0000
0.3560, 0.0000
0.3520, 0.0000
0.3520, 0.0000
0.3520, 0.0000
0.3520, 0.0000
0.3520, 0.0000
0.3520, 0.0000
0.3520, 0.0000
0.3480, 0.0000
0.3480, 0.0000
0.3480, 0.0000
0.3480, 0.0000
0.3480, 0.0000
0.3480, 0.0000
0.3440, 0.0000
0.3440, 0.0000
0.3440, 0.0000
0.3400, 0.0000
0.3400, 0.0000
0.3400, 0.0000
0.3400, 0.0000
0.3400, 0.0000
0.3400, 0.0000
0.3360, 0.0000
0.3360, 0.0000
0.3360, 0.0000
0.3320, 0.0000
0.3320, 0.0000
0.3320, 0.0000
0.3320, 0.0000
0.3320, 0.0000
0.3320, 0.0000
0.3280, 0.0000
0.3280, 0.0000
0.3280, 0.0000
0.3240, 0.0000
0.3240, 0.0000
0.3240, 0.0000
0.3240, 0.0000
0.3240, 0.0000
0.3240, 0.0000
0.3240, 0.0000
0.3200, 0.0000
0.3200, 0.0000
0.3200, 0.0000
0.3200, 0.0000
0.3200, 0.0000
0.3200, 0.0000
0.3160, 0.0000
0.3160, 0.0000
0.3160, 0.0000
0.3120, 0.0000
0.3120, 0.0000
0.3120, 0.0000
0.3120, 0.0000
0.3120, 0.0000
0.3120, 0.0000
0.3120, 0.0000
0.3120, 0.0000
0.3120, 0.0000
0.3080, 0.0000
0.3080, 0.0000
0.3080, 0.0000
0.3040, 0.0000
0.3040, 0.0000
0.3040, 0.0000
0.3040, 0.0000
0.3040, 0.0000
0.3040, 0.0000
0.3040, 0.0000
0.3040, 0.0000
0.3040, 0.0000
0.3040, 0.0000
0.3000, 0.0000
0.3000, 0.0000
0.3000, 0.0000
0.2960, 0.0000
0.2960, 0.0000
0.2960, 0.0000
0.2920, 0.0000
0.2920, 0.0000
0.2920, 0.0000
0.2920, 0.0000
0.2920, 0.0000
0.2920, 0.0000
0.2880, 0.0000
0.2880, 0.0000
0.2880, 0.0000
0.2880, 0.0000
0.2880, 0.0000
0.2880, 0.0000
0.2840, 0.0000
0.2840, 0.0000
0.2840, 0.0000
0.2840, 0.0000
0.2840, 0.0000
0.2840, 0.0000
0.2840, 0.0000
0.2840, 0.0000
0.2840, 0.0000
0.2800, 0.0000
0.2800, 0.0000
0.2800, 0.0000
0.2760, 0.0000
0.2760, 0.0000
0.2760, 0.0000
0.2760, 0.0026
0.2760, 0.0026
0.2760, 0.0026
0.2720, 0.0026
0.2720, 0.0026
0.2720, 0.0026
0.2720, 0.0026
0.2720, 0.0026
0.2720, 0.0026
0.2720, 0.0026
0.2720, 0.0026
0.2720, 0.0026
0.2680, 0.0026
0.2680, 0.0026
0.2680, 0.0026
0.2640, 0.0053
0.2640, 0.0053
0.2640, 0.0053
0.2640, 0.0053
0.2640, 0.0053
0.2640, 0.0053
0.2640, 0.0053
0.2640, 0.0053
0.2640, 0.0053
0.2640, 0.0053
0.2640, 0.0053
0.2640, 0.0053
0.2640, 0.0053
0.2640, 0.0053
0.2640, 0.0053
0.2640, 0.0053
0.2600, 0.0053
0.2600, 0.0053
0.2600, 0.0053
0.2560, 0.0053
0.2560, 0.0053
0.2560, 0.0053
0.2560, 0.0053
0.2560, 0.0053
0.2560, 0.0053
0.2560, 0.0053
0.2560, 0.0053
0.2560, 0.0053
0.2520, 0.0079
0.2520, 0.0079
0.2520, 0.0079
0.2520, 0.0079
0.2520, 0.0079
0.2520, 0.0079
0.2520, 0.0079
0.2520, 0.0079
0.2520, 0.0079
0.2480, 0.0106
0.2480, 0.0106
0.2480, 0.0106
0.2480, 0.0106
0.2480, 0.0106
0.2480, 0.0106
0.2440, 0.0106
0.2440, 0.0106
0.2440, 0.0106
0.2440, 0.0106
0.2440, 0.0106
0.2440, 0.0106
0.2440, 0.0106
0.2440, 0.0106
0.2440, 0.0106
0.2440, 0.0106
0.2440, 0.0106
0.2440, 0.0106
0.2440, 0.0106
0.2440, 0.0106
0.2440, 0.0106
0.2440, 0.0106
0.2440, 0.0132
0.2440, 0.0132
0.2440, 0.0132
0.2440, 0.0132
0.2440, 0.0132
0.2440, 0.0132
0.2400, 0.0132
0.2400, 0.0132
0.2400, 0.0132
0.2400, 0.0159
0.2400, 0.0159
0.2400, 0.0159
0.2400, 0.0159
0.2400, 0.0159
0.2400, 0.0159
0.2360, 0.0159
0.2360, 0.0159
0.2360, 0.0159
0.2360, 0.0159
0.2360, 0.0159
0.2360, 0.0159
0.2320, 0.0185
0.2320, 0.0185
0.2320, 0.0185
0.2320, 0.0212
0.2320, 0.0212
0.2320, 0.0212
0.2320, 0.0212
0.2320, 0.0212
0.2320, 0.0212
0.2320, 0.0238
0.2320, 0.0238
0.2320, 0.0238
0.2320, 0.0238
0.2320, 0.0238
0.2320, 0.0238
0.2320, 0.0238
0.2320, 0.0238
0.2320, 0.0238
0.2320, 0.0238
0.2320, 0.0238
0.2320, 0.0265
0.2320, 0.0265
0.2320, 0.0265
0.2280, 0.0291
0.2280, 0.0291
0.2280, 0.0291
0.2280, 0.0291
0.2280, 0.0291
0.2280, 0.0291
0.2280, 0.0291
0.2280, 0.0291
0.2280, 0.0291
0.2280, 0.0317
0.2280, 0.0317
0.2280, 0.0317
0.2280, 0.0344
0.2280, 0.0344
0.2240, 0.0370
0.2240, 0.0370
0.2240, 0.0370
0.2240, 0.0370
0.2240, 0.0370
0.2240, 0.0370
0.2240, 0.0397
0.2240, 0.0397
0.2240, 0.0397
0.2240, 0.0423
0.2240, 0.0423
0.2240, 0.0423
0.2240, 0.0423
0.2240, 0.0423
0.2240, 0.0423
0.2240, 0.0423
0.2240, 0.0423
0.2240, 0.0450
0.2240, 0.0450
0.2240, 0.0450
0.2240, 0.0476
0.2240, 0.0476
0.2240, 0.0476
0.2240, 0.0503
0.2240, 0.0503
0.2240, 0.0503
0.2240, 0.0503
0.2240, 0.0503
0.2240, 0.0503
0.2240, 0.0503
0.2240, 0.0503
0.2240, 0.0503
0.2240, 0.0503
0.2240, 0.0529
0.2240, 0.0529
0.2240, 0.0529
0.2240, 0.0556
0.2240, 0.0556
0.2240, 0.0556
0.2240, 0.0556
0.2240, 0.0556
0.2240, 0.0556
0.2240, 0.0582
0.2240, 0.0582
0.2240, 0.0608
0.2240, 0.0608
0.2240, 0.0608
0.2240, 0.0635
0.2240, 0.0635
0.2240, 0.0635
0.2240, 0.0635
0.2240, 0.0635
0.2240, 0.0635
0.2240, 0.0661
0.2240, 0.0661
0.2240, 0.0661
0.2240, 0.0688
0.2240, 0.0688
0.2240, 0.0688
0.2240, 0.0688
0.2240, 0.0688
0.2240, 0.0688
0.2240, 0.0688
0.2240, 0.0688
0.2240, 0.0688
0.2240, 0.0714
0.2240, 0.0714
0.2240, 0.0714
0.2240, 0.0741
0.2240, 0.0741
0.2240, 0.0767
0.2240, 0.0767
0.2240, 0.0767
0.2240, 0.0767
0.2240, 0.0767
0.2240, 0.0767
0.2240, 0.0767
0.2240, 0.0794
0.2240, 0.0794
0.2240, 0.0820
0.2240, 0.0820
0.2240, 0.0820
0.2240, 0.0820
0.2240, 0.0820
0.2240, 0.0820
0.2240, 0.0820
0.2240, 0.0820
0.2240, 0.0820
0.2240, 0.0847
0.2240, 0.0847
0.2240, 0.0847
0.2240, 0.0873
0.2240, 0.0873
0.2240, 0.0873
0.2240, 0.0873
0.2240, 0.0873
0.2240, 0.0873
0.2240, 0.0899
0.2240, 0.0899
0.2240, 0.0899
0.2240, 0.0899
0.2240, 0.0899
0.2240, 0.0899
0.2240, 0.0899
0.2240, 0.0899
0.2240, 0.0899
0.2280, 0.0926
0.2280, 0.0926
0.2280, 0.0926
0.2280, 0.0926
0.2280, 0.0926
0.2280, 0.0926
0.2280, 0.0952
0.2280, 0.0952
0.2280, 0.0952
0.2280, 0.0952
0.2280, 0.0952
0.2280, 0.0952
0.2280, 0.0952
0.2280, 0.0952
0.2280, 0.0952
0.2280, 0.0979
0.2280, 0.0979
0.2280, 0.0979
0.2280, 0.1005
0.2280, 0.1005
0.2280, 0.1005
0.2280, 0.1005
0.2280, 0.1005
0.2280, 0.1005
0.2280, 0.1005
0.2280, 0.1005
0.2280, 0.1005
0.2280, 0.1032
0.2280, 0.1032
0.2280, 0.1032
0.2280, 0.1058
0.2280, 0.1058
0.2280, 0.1058
0.2280, 0.1058
0.2280, 0.1058
0.2280, 0.1058
0.2320, 0.1085
0.2320, 0.1085
0.2320, 0.1085
0.2320, 0.1085
0.2320, 0.1085
0.2320, 0.1085
0.2320, 0.1085
0.2320, 0.1085
0.2320, 0.1111
0.2320, 0.1111
0.2320, 0.1111
0.2320, 0.1111
0.2320, 0.1111
0.2320, 0.1111
0.2320, 0.1138
0.2320, 0.1138
0.2320, 0.1138
0.2320, 0.1138
0.2320, 0.1138
0.2320, 0.1138
0.2360, 0.1138
0.2360, 0.1138
0.2360, 0.1164
0.2360, 0.1164
0.2360, 0.1164
0.2360, 0.1190
0.2360, 0.1190
0.2360, 0.1190
0.2360, 0.1217
0.2360, 0.1217
0.2360, 0.1217
0.2360, 0.1217
0.2360, 0.1217
0.2360, 0.1217
0.2400, 0.1217
0.2400, 0.1217
0.2400, 0.1217
0.2400, 0.1243
0.2400, 0.1243
0.2400, 0.1270
0.2400, 0.1270
0.2400, 0.1270
0.2400, 0.1270
0.2400, 0.1270
0.2400, 0.1270
0.2400, 0.1270
0.2400, 0.1270
0.2400, 0.1270
0.2400, 0.1296
0.2400, 0.1296
0.2400, 0.1296
0.2400, 0.1323
0.2400, 0.1323
0.2400, 0.1323
0.2400, 0.1349
0.2400, 0.1349
0.2400, 0.1349
0.2400, 0.1349
0.2400, 0.1349
0.2400, 0.1349
0.2400, 0.1376
0.2400, 0.1376
0.2400, 0.1402
0.2400, 0.1402
0.2400, 0.1402
0.2440, 0.1402
0.2440, 0.1402
0.2440, 0.1402
0.2440, 0.1402
0.2440, 0.1402
0.2440, 0.1402
0.2440, 0.1429
0.2440, 0.1429
0.2440, 0.1429
0.2440, 0.1455
0.2440, 0.1455
0.2440, 0.1455
0.2440, 0.1455
0.2440, 0.1455
0.2440, 0.1455
0.2440, 0.1481
0.2440, 0.1481
0.2440, 0.1481
0.2440, 0.1481
0.2440, 0.1481
0.2440, 0.1508
0.2440, 0.1508
0.2440, 0.1508
0.2440, 0.1534
0.2440, 0.1534
0.2440, 0.1534
0.2440, 0.1534
0.2440, 0.1534
0.2440, 0.1534
0.2440, 0.1561
0.2440, 0.1561
0.2440, 0.1587
0.2440, 0.1587
0.2440, 0.1587
0.2440, 0.1614
0.2440, 0.1614
0.2440, 0.1614
0.2440, 0.1614
0.2440, 0.1614
0.2440, 0.1614
0.2440, 0.1640
0.2440, 0.1640
0.2440, 0.1640
0.2480, 0.1667
0.2480, 0.1667
0.2480, 0.1667
0.2480, 0.1667
0.2480, 0.1667
0.2480, 0.1667
0.2480, 0.1667
0.2480, 0.1667
0.2480, 0.1693
0.2480, 0.1693
0.2480, 0.1693
0.2480, 0.1693
0.2480, 0.1693
0.2480, 0.1693
0.2480, 0.1720
0.2480, 0.1720
0.2480, 0.1720
0.2480, 0.1746
0.2480, 0.1746
0.2480, 0.1746
0.2480, 0.1746
0.2480, 0.1746
0.2480, 0.1746
0.2480, 0.1746
0.2480, 0.1746
0.2480, 0.1772
0.2480, 0.1772
0.2480, 0.1772
0.2480, 0.1772
0.2480, 0.1772
0.2480, 0.1772
0.2480, 0.1799
0.2480, 0.1799
0.2480, 0.1799
0.2480, 0.1799
0.2480, 0.1799
0.2480, 0.1799
0.2480, 0.1825
0.2480, 0.1825
0.2480, 0.1878
0.2480, 0.1878
0.2480, 0.1878
0.2480, 0.1878
0.2480, 0.1878
0.2480, 0.1878
0.2480, 0.1878
0.2480, 0.1878
0.2480, 0.1878
0.2480, 0.1905
0.2480, 0.1905
0.2480, 0.1905
0.2480, 0.1931
0.2480, 0.1931
0.2480, 0.1931
0.2480, 0.1931
0.2480, 0.1931
0.2480, 0.1958
0.2480, 0.1958
0.2480, 0.1958
0.2480, 0.1984
0.2480, 0.1984
0.2480, 0.1984
0.2480, 0.2011
0.2480, 0.2011
0.2480, 0.2011
0.2480, 0.2011
0.2480, 0.2011
0.2480, 0.2037
0.2480, 0.2037
0.2480, 0.2037
0.2480, 0.2063
0.2480, 0.2063
0.2480, 0.2063
0.2480, 0.2063
0.2480, 0.2063
0.2480, 0.2090
0.2480, 0.2090
0.2480, 0.2116
0.2480, 0.2116
0.2480, 0.2116
0.2480, 0.2143
0.2480, 0.2143
0.2480, 0.2143
0.2480, 0.2143
0.2480, 0.2143
0.2480, 0.2169
0.2480, 0.2169
0.2480, 0.2169
0.2480, 0.2196
0.2480, 0.2196
0.2480, 0.2196
0.2480, 0.2196
0.2480, 0.2196
0.2480, 0.2222
0.2480, 0.2222
0.2480, 0.2222
0.2480, 0.2249
0.2480, 0.2249
0.2480, 0.2249
0.2480, 0.2249
0.2480, 0.2249
0.2480, 0.2275
0.2480, 0.2275
0.2480, 0.2275
0.2480, 0.2275
0.2480, 0.2275
0.2480, 0.2275
0.2480, 0.2275
0.2480, 0.2275
0.2480, 0.2275
0.2480, 0.2275
0.2480, 0.2275
0.2480, 0.2275
0.2520, 0.2275
0.2520, 0.2275
0.2520, 0.2275
0.2520, 0.2275
0.2520, 0.2275
0.2520, 0.2275
0.2520, 0.2275
0.2520, 0.2275
0.2520, 0.2275
0.2520, 0.2275
0.2520, 0.2275
0.2520, 0.2275
0.2520, 0.2275
0.2520, 0.2275
0.2520, 0.2275
0.2520, 0.2275
0.2520, 0.2275
0.2520, 0.2302
0.2520, 0.2302
0.2520, 0.2302
0.2520, 0.2302
0.2520, 0.2302
0.2520, 0.2302
0.2520, 0.2302
0.2520, 0.2302
0.2520, 0.2328
0.2520, 0.2328
0.2520, 0.2328
0.2520, 0.2328
0.2520, 0.2328
0.2520, 0.2328
0.2520, 0.2328
0.2520, 0.2328
0.2520, 0.2328
0.2520, 0.2328
0.2520, 0.2328
0.2520, 0.2328
0.2520, 0.2328
0.2520, 0.2328
0.2520, 0.2328
0.2520, 0.2354
0.2520, 0.2354
0.2520, 0.2354
0.2520, 0.2354
0.2520, 0.2354
0.2520, 0.2354
0.2520, 0.2354
0.2520, 0.2354
0.2520, 0.2354
0.2520, 0.2354
0.2520, 0.2354
0.2520, 0.2354
0.2520, 0.2354
0.2520, 0.2354
0.2520, 0.2354
0.2520, 0.2354
0.2520, 0.2354
0.2520, 0.2354
0.2520, 0.2354
0.2520, 0.2354
0.2520, 0.2354
0.2520, 0.2354
0.2520, 0.2354
0.2520, 0.2354
0.2520, 0.2354
0.2520, 0.2354
0.2520, 0.2354
0.2520, 0.2354
0.2520, 0.2354
0.2520, 0.2354
0.2520, 0.2354
0.2520, 0.2354
0.2520, 0.2354
0.2520, 0.2354
0.2520, 0.2354
0.2520, 0.2354
0.2520, 0.2354
0.2520, 0.2354
0.2520, 0.2354
0.2520, 0.2354
0.2520, 0.2354
0.2520, 0.2354
0.2520, 0.2354
0.2520, 0.2354
0.2480, 0.2354
0.2480, 0.2354
0.2480, 0.2354
0.2480, 0.2354
0.2480, 0.2354
0.2480, 0.2354
0.2440, 0.2354
0.2440, 0.2354
0.2440, 0.2354
0.2440, 0.2354
0.2440, 0.2354
0.2400, 0.2354
0.2400, 0.2354
0.2400, 0.2354
0.2360, 0.2354
0.2360, 0.2354
0.2320, 0.2354
0.2320, 0.2354
0.2320, 0.2354
0.2280, 0.2354
0.2280, 0.2354
0.2280, 0.2354
0.2240, 0.2354
0.2240, 0.2354
0.2200, 0.2354
0.2200, 0.2354
0.2160, 0.2354
0.2160, 0.2354
0.2160, 0.2354
0.2080, 0.2354
0.2080, 0.2354
0.2080, 0.2354
0.2080, 0.2354
0.2080, 0.2354
0.2000, 0.2354
0.2000, 0.2354
0.2000, 0.2354
0.2000, 0.2354
0.2000, 0.2354
0.1960, 0.2354
0.1960, 0.2354
0.1960, 0.2354
0.1920, 0.2354
0.1920, 0.2354
0.1920, 0.2354
0.1880, 0.2354
0.1880, 0.2354
0.1880, 0.2354
0.1880, 0.2354
0.1880, 0.2354
0.1840, 0.2354
0.1840, 0.2354
0.1840, 0.2354
0.1800, 0.2354
0.1800, 0.2354
0.1800, 0.2354
0.1800, 0.2354
0.1800, 0.2354
0.1760, 0.2354
0.1760, 0.2354
0.1720, 0.2354
0.1720, 0.2354
0.1720, 0.2354
0.1680, 0.2354
0.1680, 0.2354
0.1640, 0.2354
0.1640, 0.2354
0.1640, 0.2354
0.1600, 0.2354
0.1600, 0.2354
0.1600, 0.2354
0.1560, 0.2354
0.1560, 0.2354
0.1520, 0.2354
0.1520, 0.2354
0.1520, 0.2354
0.1480, 0.2354
0.1480, 0.2354
0.1480, 0.2354
0.1480, 0.2354
0.1480, 0.2354
0.1440, 0.2354
0.1440, 0.2354
0.1440, 0.2354
0.1360, 0.2354
0.1360, 0.2354
0.1360, 0.2354
0.1360, 0.2354
0.1360, 0.2354
0.1320, 0.2354
0.1320, 0.2354
0.1320, 0.2354
0.1280, 0.2354
0.1280, 0.2354
0.1280, 0.2354
0.1280, 0.2354
0.1280, 0.2354
0.1200, 0.2354
0.1200, 0.2354
0.1160, 0.2354
0.1160, 0.2354
0.1160, 0.2354
0.1160, 0.2354
0.1160, 0.2354
0.1160, 0.2354
0.1080, 0.2381
0.1080, 0.2381
0.1000, 0.2381
0.1000, 0.2381
0.1000, 0.2381
0.1000, 0.2381
0.1000, 0.2381
0.0920, 0.2381
0.0920, 0.2381
0.0920, 0.2381
0.0880, 0.2381
0.0880, 0.2381
0.0880, 0.2381
0.0880, 0.2381
0.0880, 0.2381
0.0840, 0.2381
0.0840, 0.2381
0.0840, 0.2381
0.0840, 0.2407
0.0840, 0.2407
0.0800, 0.2407
0.0800, 0.2407
0.0800, 0.2407
0.0800, 0.2407
0.0800, 0.2407
0.0800, 0.2407
0.0800, 0.2407
0.0800, 0.2407
0.0800, 0.2407
0.0760, 0.2407
0.0760, 0.2407
0.0760, 0.2407
0.0760, 0.2407
0.0760, 0.2407
0.0720, 0.2407
0.0720, 0.2407
0.0720, 0.2407
0.0720, 0.2407
0.0720, 0.2407
0.0720, 0.2407
0.0680, 0.2407
0.0680, 0.2407
0.0640, 0.2407
0.0640, 0.2407
0.0640, 0.2407
0.0600, 0.2407
0.0600, 0.2407
0.0600, 0.2407
0.0600, 0.2407
0.0600, 0.2407
0.0600, 0.2407
0.0600, 0.2407
0.0600, 0.2407
0.0600, 0.2407
0.0600, 0.2407
0.0600, 0.2407
0.0560, 0.2407
0.0560, 0.2407
0.0560, 0.2407
0.0560, 0.2407
0.0560, 0.2407
0.0560, 0.2407
0.0560, 0.2407
0.0560, 0.2407
0.0560, 0.2407
0.0560, 0.2407
0.0560, 0.2407
0.0560, 0.2407
0.0560, 0.2407
0.0560, 0.2407
0.0560, 0.2407
0.0560, 0.2407
0.0560, 0.2407
0.0560, 0.2407
0.0560, 0.2407
0.0560, 0.2407
0.0560, 0.2407
0.0560, 0.2407
0.0560, 0.2407
0.0560, 0.2407
0.0560, 0.2407
0.0560, 0.2407
0.0560, 0.2407
0.0560, 0.2407
0.0560, 0.2407
0.0560, 0.2407
0.0560, 0.2407
0.0560, 0.2407
0.0560, 0.2407
0.0560, 0.2407
0.0560, 0.2407
0.0560, 0.2407
0.0560, 0.2407
0.0560, 0.2407
0.0560, 0.2407
0.0560, 0.2407
0.0560, 0.2407
0.0560, 0.2407
0.0560, 0.2407
0.0560, 0.2407
0.0560, 0.2407
0.0560, 0.2407
0.0560, 0.2407
0.0560, 0.2407
0.0560, 0.2407
0.0560, 0.2407
0.0560, 0.2407
0.0560, 0.2407
0.0560, 0.2407
0.0560, 0.2407
0.0560, 0.2407
0.0560, 0.2407
0.0560, 0.2407
0.0560, 0.2407
0.0560, 0.2407
0.0560, 0.2407
0.0560, 0.2407
0.0560, 0.2407
0.0560, 0.2407
0.0560, 0.2407
0.0560, 0.2407
0.0560, 0.2407
0.0560, 0.2407
0.6800, 0.2275
0.6800, 0.2275
0.6800, 0.2275
0.6800, 0.2275
0.6800, 0.2275
0.6800, 0.2275
0.6800, 0.2275
0.6800, 0.2275
0.6800, 0.2275
0.6800, 0.2275
0.6800, 0.2275
0.6800, 0.2275
0.6800, 0.2275
0.6800, 0.2275
0.6800, 0.2275
0.6800, 0.2275
0.6800, 0.2275
0.6800, 0.2275
0.6800, 0.2275
0.6800, 0.2275
0.6800, 0.2275
0.6800, 0.2275
0.6800, 0.2275
0.6800, 0.2275
0.6800, 0.2275
0.6800, 0.2275
0.6800, 0.2275
0.6800, 0.2275
0.6800, 0.2275
0.6800, 0.2275
0.6800, 0.2275
0.6800, 0.2275
0.6800, 0.2275
0.6800, 0.2275
0.6800, 0.2275
0.6800, 0.2275
0.6800, 0.2275
0.6800, 0.2275
0.6800, 0.2275
0.6800, 0.2275
0.6800, 0.2275
0.6800, 0.2275
0.6800, 0.2275
0.6800, 0.2275
0.6800, 0.2275
0.6800, 0.2275
0.6800, 0.2275
0.6840, 0.2275
0.6840, 0.2275
0.6840, 0.2275
0.6840, 0.2249
0.6840, 0.2249
0.6840, 0.2249
0.6880, 0.2222
0.6880, 0.2222
0.6880, 0.2222
0.6920, 0.2222
0.6920, 0.2222
0.6920, 0.2222
0.6920, 0.2222
0.6960, 0.2169
0.6960, 0.2169
0.6960, 0.2169
0.6960, 0.2143
0.6960, 0.2143
0.6960, 0.2143
0.7040, 0.2116
0.7040, 0.2116
0.7040, 0.2116
0.7080, 0.2090
0.7080, 0.2090
0.7080, 0.2090
0.7080, 0.2063
0.7080, 0.2063
0.7080, 0.2063
0.7120, 0.2037
0.7120, 0.2037
0.7120, 0.2037
0.7160, 0.2011
0.7160, 0.2011
0.7160, 0.2011
0.7160, 0.2011
0.7200, 0.1984
0.7200, 0.1984
0.7200, 0.1958
0.7200, 0.1958
0.7200, 0.1958
0.7240, 0.1931
0.7240, 0.1931
0.7240, 0.1931
0.7280, 0.1905
0.7280, 0.1905
0.7280, 0.1905
0.7280, 0.1878
0.7280, 0.1878
0.7280, 0.1878
0.7280, 0.1852
0.7280, 0.1852
0.7280, 0.1852
0.7280, 0.1825
0.7280, 0.1825
0.7280, 0.1825
0.7320, 0.1825
0.7320, 0.1825
0.7320, 0.1825
0.7360, 0.1799
0.7360, 0.1799
0.7360, 0.1799
0.7400, 0.1772
0.7400, 0.1772
0.7400, 0.1772
0.7400, 0.1772
0.7400, 0.1772
0.7400, 0.1772
0.7400, 0.1772
0.7400, 0.1720
0.7400, 0.1720
0.7400, 0.1720
0.7440, 0.1693
0.7440, 0.1693
0.7440, 0.1693
0.7440, 0.1693
0.7440, 0.1693
0.7440, 0.1693
0.7480, 0.1667
0.7480, 0.1667
0.7480, 0.1667
0.7480, 0.1614
0.7480, 0.1614
0.7480, 0.1614
0.7520, 0.1614
0.7520, 0.1614
0.7520, 0.1614
0.7520, 0.1587
0.7520, 0.1587
0.7520, 0.1587
0.7520, 0.1561
0.7520, 0.1561
0.7520, 0.1561
0.7560, 0.1534
0.7560, 0.1534
0.7560, 0.1534
0.7560, 0.1508
0.7560, 0.1508
0.7560, 0.1508
0.7600, 0.1481
0.7600, 0.1481
0.7600, 0.1481
0.7600, 0.1481
0.7600, 0.1481
0.7600, 0.1481
0.7600, 0.1481
0.7600, 0.1429
0.7600, 0.1429
0.7600, 0.1429
0.7640, 0.1402
0.7640, 0.1402
0.7640, 0.1402
0.7680, 0.1402
0.7680, 0.1402
0.7680, 0.1402
0.7720, 0.1376
0.7720, 0.1376
0.7720, 0.1376
0.7720, 0.1349
0.7720, 0.1349
0.7720, 0.1349
0.7720, 0.1349
0.7720, 0.1349
0.7720, 0.1349
0.7720, 0.1349
0.7720, 0.1349
0.7720, 0.1349
0.7720, 0.1323
0.7720, 0.1323
0.7720, 0.1323
0.7720, 0.1323
0.7720, 0.1323
0.7720, 0.1323
0.7720, 0.1323
0.7720, 0.1323
0.7720, 0.1323
0.7720, 0.1323
0.7720, 0.1296
0.7720, 0.1296
0.7720, 0.1296
0.7720, 0.1296
0.7720, 0.1296
0.7720, 0.1296
0.7760, 0.1270
0.7760, 0.1270
0.7760, 0.1270
0.7760, 0.1270
0.7760, 0.1270
0.7760, 0.1270
0.7760, 0.1270
0.7760, 0.1270
0.7760, 0.1270
0.7760, 0.1270
0.7800, 0.1243
0.7800, 0.1243
0.7800, 0.1243
0.7800, 0.1243
0.7800, 0.1243
0.7800, 0.1243
0.7800, 0.1217
0.7800, 0.1217
0.7800, 0.1217
0.7800, 0.1217
0.7800, 0.1217
0.7800, 0.1217
0.7800, 0.1217
0.7800, 0.1217
0.7800, 0.1217
0.7800, 0.1217
0.7800, 0.1217
0.7800, 0.1217
0.7800, 0.1217
0.7800, 0.1217
0.7800, 0.1217
0.7800, 0.1217
0.7840, 0.1190
0.7840, 0.1190
0.7840, 0.1190
0.7840, 0.1190
0.7840, 0.1190
0.7840, 0.1190
0.7840, 0.1190
0.7840, 0.1190
0.7840, 0.1190
0.7840, 0.1164
0.7840, 0.1164
0.7840, 0.1164
0.7880, 0.1164
0.7880, 0.1164
0.7880, 0.1164
0.7880, 0.1138
0.7880, 0.1138
0.7880, 0.1138
0.7880, 0.1138
0.7880, 0.1138
0.7880, 0.1138
0.7920, 0.1138
0.7920, 0.1138
0.7920, 0.1138
0.7920, 0.1138
0.7920, 0.1138
0.7920, 0.1138
0.7920, 0.1138
0.7920, 0.1138
0.7920, 0.1138
0.7920, 0.1138
0.7920, 0.1138
0.7920, 0.1138
0.7920, 0.1138
0.7920, 0.1138
0.7920, 0.1138
0.7920, 0.1138
0.7920, 0.1138
0.7920, 0.1138
0.7920, 0.1138
0.7920, 0.1138
0.7920, 0.1138
0.7920, 0.1138
0.7920, 0.1138
0.7920, 0.1138
0.7920, 0.1138
0.7920, 0.1138
0.7920, 0.1138
0.7920, 0.1138
0.7920, 0.1138
0.7920, 0.1138
0.7920, 0.1138
0.7920, 0.1138
0.7920, 0.1138
0.7920, 0.1138
0.7920, 0.1138
0.7920, 0.1138
0.7920, 0.1138
0.7920, 0.1138
0.7920, 0.1138
0.0000, 1.0000
0.0000, 1.0000
0.0000, 1.0000
0.0000, 1.0000
0.0000, 1.0000
0.0000, 1.0000
0.0000, 1.0000
0.0000, 1.0000
0.0000, 1.0000
0.0000, 1.0000
0.0000, 1.0000
0.0000, 1.0000
0.0000, 1.0000
0.0000, 1.0000
0.0000, 1.0000
0.0000, 1.0000
0.0000, 1.0000
0.0000, 1.0000
0.0000, 1.0000
0.0000, 1.0000
0.0000, 1.0000
0.0000, 1.0000
0.0000, 1.0000
0.0000, 1.0000
0.0000, 1.0000
0.0000, 1.0000
0.0000, 1.0000
0.0000, 1.0000
0.0000, 1.0000
0.0000, 1.0000
0.0000, 1.0000
0.0000, 1.0000
0.0000, 1.0000
0.0000, 1.0000
0.0000, 1.0000
0.0000, 1.0000
0.0000, 1.0000
