0.0723, 0.2316
0.0723, 0.2316
0.0723, 0.2316
0.0723, 0.2316
0.0723, 0.2316
0.0723, 0.2316
0.0723, 0.2316
0.0723, 0.2316
0.0723, 0.2316
0.0723, 0.2316
0.0723, 0.2316
0.0723, 0.2316
0.0723, 0.2316
0.0723, 0.2316
0.0723, 0.2316
0.0723, 0.2316
0.0723, 0.2316
0.0723, 0.2316
0.0723, 0.2316
0.0723, 0.2316
0.0723, 0.2316
0.0723, 0.2316
0.0723, 0.2316
0.0723, 0.2316
0.0723, 0.2316
0.0723, 0.2316
0.0723, 0.2316
0.0723, 0.2316
0.0723, 0.2316
0.0723, 0.2316
0.0723, 0.2316
0.0723, 0.2316
0.0723, 0.2316
0.0723, 0.2316
0.0723, 0.2316
0.0723, 0.2316
0.0723, 0.2316
0.0723, 0.2316
0.0723, 0.2316
0.0723, 0.2316
0.0723, 0.2316
0.0723, 0.2316
0.0723, 0.2316
0.0723, 0.2316
0.0723, 0.2316
0.0723, 0.2316
0.0723, 0.2316
0.0723, 0.2316
0.0723, 0.2316
0.0723, 0.2316
0.0723, 0.2316
0.0723, 0.2316
0.0723, 0.2316
0.0723, 0.2316
0.0723, 0.2316
0.0723, 0.2316
0.0723, 0.2316
0.0723, 0.2316
0.0723, 0.2316
0.0723, 0.2316
0.0723, 0.2316
0.0723, 0.2316
0.0723, 0.2316
0.0723, 0.2316
0.0723, 0.2316
0.0723, 0.2316
0.0723, 0.2316
0.0723, 0.2316
0.0723, 0.2316
0.0723, 0.2316
0.0723, 0.2316
0.0723, 0.2316
0.0723, 0.2316
0.0723, 0.2316
0.0723, 0.2316
0.0763, 0.2316
0.0763, 0.2316
0.0763, 0.2316
0.0763, 0.2316
0.0803, 0.2316
0.0803, 0.2316
0.0803, 0.2316
0.0803, 0.2316
0.0843, 0.2316
0.0843, 0.2316
0.0843, 0.2316
0.0843, 0.2316
0.0843, 0.2316
0.0843, 0.2316
0.0843, 0.2316
0.0843, 0.2316
0.0884, 0.2316
0.0884, 0.2316
0.0884, 0.2316
0.0884, 0.2316
0.0924, 0.2316
0.0924, 0.2316
0.0924, 0.2316
0.0924, 0.2316
0.0924, 0.2316
0.0924, 0.2316
0.0924, 0.2316
0.0924, 0.2316
0.0924, 0.2316
0.0964, 0.2316
0.0964, 0.2316
0.0964, 0.2316
0.0964, 0.2316
0.1004, 0.2316
0.1004, 0.2316
0.1004, 0.2316
0.1004, 0.2316
0.1044, 0.2316
0.1044, 0.2316
0.1044, 0.2316
0.1044, 0.2316
0.1044, 0.2316
0.1044, 0.2316
0.1044, 0.2316
0.1044, 0.2316
0.1044, 0.2316
0.1084, 0.2316
0.1084, 0.2316
0.1084, 0.2316
0.1084, 0.2316
0.1084, 0.2316
0.1124, 0.2316
0.1124, 0.2316
0.1124, 0.2316
0.1124, 0.2316
0.1124, 0.2316
0.1124, 0.2316
0.1124, 0.2316
0.1124, 0.2316
0.1124, 0.2316
0.1124, 0.2316
0.1124, 0.2316
0.1124, 0.2316
0.1165, 0.2316
0.1165, 0.2316
0.1165, 0.2316
0.1165, 0.2316
0.1165, 0.2316
0.1205, 0.2316
0.1205, 0.2316
0.1205, 0.2316
0.1205, 0.2316
0.1245, 0.2316
0.1245, 0.2316
0.1245, 0.2316
0.1245, 0.2316
0.1245, 0.2316
0.1245, 0.2316
0.1245, 0.2316
0.1245, 0.2316
0.1245, 0.2316
0.1285, 0.2316
0.1285, 0.2316
0.1285, 0.2316
0.1285, 0.2316
0.1285, 0.2316
0.1285, 0.2316
0.1285, 0.2316
0.1285, 0.2316
0.1285, 0.2316
0.1325, 0.2316
0.1325, 0.2316
0.1325, 0.2316
0.1325, 0.2316
0.1365, 0.2316
0.1365, 0.2316
0.1365, 0.2316
0.1365, 0.2316
0.1406, 0.2289
0.1406, 0.2289
0.1406, 0.2289
0.1406, 0.2289
0.1446, 0.2289
0.1446, 0.2289
0.1446, 0.2289
0.1446, 0.2289
0.1446, 0.2289
0.1446, 0.2289
0.1446, 0.2289
0.1446, 0.2289
0.1446, 0.2289
0.1446, 0.2289
0.1446, 0.2289
0.1446, 0.2289
0.1446, 0.2289
0.1486, 0.2289
0.1486, 0.2289
0.1486, 0.2289
0.1486, 0.2289
0.1486, 0.2289
0.1486, 0.2289
0.1486, 0.2289
0.1486, 0.2289
0.1526, 0.2289
0.1526, 0.2289
0.1526, 0.2289
0.1526, 0.2289
0.1526, 0.2289
0.1526, 0.2289
0.1526, 0.2289
0.1526, 0.2289
0.1526, 0.2289
0.1526, 0.2289
0.1526, 0.2289
0.1526, 0.2289
0.1526, 0.2289
0.1526, 0.2289
0.1526, 0.2289
0.1526, 0.2289
0.1526, 0.2289
0.1526, 0.2289
0.1566, 0.2289
0.1566, 0.2289
0.1566, 0.2289
0.1566, 0.2289
0.1566, 0.2289
0.1566, 0.2289
0.1566, 0.2289
0.1566, 0.2289
0.1606, 0.2289
0.1606, 0.2289
0.1606, 0.2289
0.1606, 0.2289
0.1647, 0.2289
0.1647, 0.2289
0.1647, 0.2289
0.1647, 0.2289
0.1647, 0.2289
0.1647, 0.2289
0.1647, 0.2289
0.1647, 0.2289
0.1647, 0.2289
0.1647, 0.2289
0.1647, 0.2289
0.1647, 0.2289
0.1687, 0.2289
0.1687, 0.2289
0.1687, 0.2289
0.1727, 0.2289
0.1727, 0.2289
0.1727, 0.2289
0.1727, 0.2289
0.1727, 0.2289
0.1727, 0.2289
0.1727, 0.2289
0.1727, 0.2289
0.1727, 0.2289
0.1727, 0.2289
0.1727, 0.2289
0.1727, 0.2289
0.1767, 0.2289
0.1767, 0.2289
0.1767, 0.2289
0.1767, 0.2289
0.1807, 0.2289
0.1807, 0.2289
0.1807, 0.2289
0.1807, 0.2289
0.1807, 0.2289
0.1807, 0.2289
0.1807, 0.2289
0.1807, 0.2289
0.1847, 0.2289
0.1847, 0.2289
0.1847, 0.2289
0.1847, 0.2289
0.1847, 0.2289
0.1847, 0.2289
0.1847, 0.2289
0.1847, 0.2289
0.1847, 0.2289
0.1847, 0.2289
0.1847, 0.2289
0.1847, 0.2289
0.1847, 0.2289
0.1888, 0.2289
0.1888, 0.2289
0.1888, 0.2289
0.1888, 0.2289
0.1928, 0.2289
0.1928, 0.2289
0.1928, 0.2289
0.1928, 0.2289
0.1928, 0.2289
0.1928, 0.2289
0.1928, 0.2289
0.1928, 0.2289
0.1928, 0.2289
0.1928, 0.2289
0.1928, 0.2289
0.1928, 0.2289
0.1928, 0.2289
0.1968, 0.2289
0.1968, 0.2289
0.1968, 0.2289
0.1968, 0.2289
0.1968, 0.2289
0.1968, 0.2289
0.1968, 0.2289
0.1968, 0.2289
0.2008, 0.2289
0.2008, 0.2289
0.2008, 0.2289
0.2008, 0.2289
0.2008, 0.2289
0.2008, 0.2289
0.2008, 0.2289
0.2008, 0.2289
0.2008, 0.2289
0.2048, 0.2289
0.2048, 0.2289
0.2048, 0.2289
0.2048, 0.2289
0.2048, 0.2289
0.2048, 0.2289
0.2048, 0.2289
0.2048, 0.2289
0.2088, 0.2289
0.2088, 0.2289
0.2088, 0.2289
0.2088, 0.2289
0.2129, 0.2289
0.2129, 0.2289
0.2129, 0.2289
0.2129, 0.2289
0.2129, 0.2289
0.2129, 0.2289
0.2129, 0.2289
0.2129, 0.2289
0.2129, 0.2289
0.2169, 0.2289
0.2169, 0.2289
0.2169, 0.2289
0.2169, 0.2289
0.2209, 0.2263
0.2209, 0.2263
0.2209, 0.2263
0.2209, 0.2263
0.2209, 0.2263
0.2209, 0.2263
0.2209, 0.2263
0.2209, 0.2263
0.2209, 0.2263
0.2209, 0.2263
0.2209, 0.2263
0.2209, 0.2263
0.2249, 0.2263
0.2249, 0.2263
0.2249, 0.2263
0.2249, 0.2263
0.2249, 0.2263
0.2249, 0.2263
0.2249, 0.2263
0.2249, 0.2263
0.2289, 0.2263
0.2289, 0.2263
0.2289, 0.2263
0.2289, 0.2263
0.2289, 0.2263
0.2289, 0.2263
0.2289, 0.2263
0.2289, 0.2263
0.2289, 0.2263
0.2289, 0.2263
0.2289, 0.2263
0.2289, 0.2263
0.2289, 0.2263
0.2329, 0.2263
0.2329, 0.2263
0.2329, 0.2263
0.2329, 0.2263
0.2329, 0.2263
0.2329, 0.2263
0.2329, 0.2263
0.2329, 0.2263
0.2329, 0.2263
0.2329, 0.2263
0.2329, 0.2263
0.2329, 0.2263
0.2329, 0.2237
0.2329, 0.2237
0.2329, 0.2237
0.2329, 0.2237
0.2329, 0.2237
0.2329, 0.2237
0.2329, 0.2237
0.2329, 0.2237
0.2329, 0.2237
0.2329, 0.2237
0.2329, 0.2237
0.2329, 0.2237
0.2369, 0.2237
0.2369, 0.2237
0.2369, 0.2237
0.2369, 0.2237
0.2369, 0.2237
0.2369, 0.2237
0.2369, 0.2237
0.2369, 0.2237
0.2369, 0.2237
0.2369, 0.2237
0.2369, 0.2237
0.2369, 0.2237
0.2410, 0.2237
0.2410, 0.2237
0.2410, 0.2237
0.2410, 0.2237
0.2410, 0.2237
0.2410, 0.2237
0.2410, 0.2237
0.2410, 0.2237
0.2410, 0.2237
0.2410, 0.2237
0.2410, 0.2237
0.2410, 0.2237
0.2410, 0.2211
0.2410, 0.2211
0.2410, 0.2211
0.2410, 0.2211
0.2410, 0.2211
0.2410, 0.2211
0.2410, 0.2211
0.2410, 0.2211
0.2410, 0.2184
0.2410, 0.2184
0.2410, 0.2184
0.2410, 0.2184
0.2450, 0.2184
0.2450, 0.2184
0.2450, 0.2184
0.2450, 0.2184
0.2450, 0.2184
0.2450, 0.2184
0.2450, 0.2184
0.2450, 0.2158
0.2450, 0.2158
0.2450, 0.2158
0.2450, 0.2158
0.2490, 0.2132
0.2490, 0.2132
0.2490, 0.2132
0.2490, 0.2132
0.2490, 0.2105
0.2490, 0.2105
0.2490, 0.2105
0.2530, 0.2105
0.2530, 0.2105
0.2530, 0.2105
0.2530, 0.2105
0.2530, 0.2079
0.2530, 0.2079
0.2530, 0.2079
0.2530, 0.2079
0.2530, 0.2079
0.2530, 0.2079
0.2530, 0.2079
0.2530, 0.2079
0.2530, 0.2053
0.2530, 0.2053
0.2530, 0.2053
0.2530, 0.2053
0.2530, 0.2053
0.2530, 0.2053
0.2530, 0.2053
0.2530, 0.2053
0.2530, 0.2026
0.2530, 0.2026
0.2530, 0.2026
0.2530, 0.2000
0.2530, 0.2000
0.2530, 0.2000
0.2530, 0.2000
0.2530, 0.1974
0.2530, 0.1974
0.2530, 0.1974
0.2530, 0.1974
0.2530, 0.1974
0.2530, 0.1974
0.2530, 0.1974
0.2530, 0.1974
0.2530, 0.1947
0.2530, 0.1947
0.2530, 0.1947
0.2530, 0.1947
0.2530, 0.1921
0.2530, 0.1921
0.2530, 0.1921
0.2530, 0.1921
0.2530, 0.1921
0.2530, 0.1921
0.2530, 0.1921
0.2530, 0.1895
0.2530, 0.1895
0.2530, 0.1895
0.2530, 0.1895
0.2530, 0.1868
0.2530, 0.1868
0.2530, 0.1868
0.2530, 0.1868
0.2530, 0.1842
0.2530, 0.1842
0.2530, 0.1842
0.2530, 0.1842
0.2530, 0.1842
0.2530, 0.1842
0.2530, 0.1842
0.2530, 0.1842
0.2530, 0.1842
0.2530, 0.1842
0.2530, 0.1842
0.2530, 0.1842
0.2530, 0.1816
0.2530, 0.1816
0.2530, 0.1816
0.2530, 0.1789
0.2530, 0.1789
0.2530, 0.1789
0.2530, 0.1789
0.2530, 0.1789
0.2530, 0.1789
0.2530, 0.1789
0.2530, 0.1789
0.2530, 0.1789
0.2530, 0.1789
0.2530, 0.1789
0.2530, 0.1789
0.2530, 0.1763
0.2530, 0.1763
0.2530, 0.1763
0.2530, 0.1763
0.2530, 0.1737
0.2530, 0.1737
0.2530, 0.1737
0.2530, 0.1737
0.2530, 0.1737
0.2530, 0.1737
0.2530, 0.1737
0.2530, 0.1737
0.2530, 0.1711
0.2530, 0.1711
0.2530, 0.1711
0.2530, 0.1711
0.2530, 0.1711
0.2530, 0.1711
0.2530, 0.1711
0.2530, 0.1684
0.2530, 0.1684
0.2530, 0.1684
0.2530, 0.1684
0.2530, 0.1658
0.2530, 0.1658
0.2530, 0.1658
0.2490, 0.1658
0.2490, 0.1658
0.2490, 0.1658
0.2490, 0.1658
0.2490, 0.1658
0.2490, 0.1658
0.2490, 0.1658
0.2490, 0.1658
0.2490, 0.1632
0.2490, 0.1632
0.2490, 0.1632
0.2490, 0.1632
0.2490, 0.1605
0.2490, 0.1605
0.2490, 0.1605
0.2490, 0.1605
0.2490, 0.1605
0.2490, 0.1605
0.2490, 0.1605
0.2490, 0.1605
0.2490, 0.1605
0.2490, 0.1605
0.2490, 0.1605
0.2490, 0.1605
0.2490, 0.1579
0.2490, 0.1579
0.2490, 0.1579
0.2490, 0.1579
0.2490, 0.1579
0.2490, 0.1579
0.2490, 0.1579
0.2490, 0.1579
0.2490, 0.1553
0.2490, 0.1553
0.2490, 0.1553
0.2490, 0.1526
0.2490, 0.1526
0.2490, 0.1526
0.2490, 0.1526
0.2490, 0.1526
0.2490, 0.1526
0.2490, 0.1526
0.2490, 0.1526
0.2490, 0.1526
0.2490, 0.1526
0.2490, 0.1526
0.2450, 0.1500
0.2450, 0.1500
0.2450, 0.1500
0.2450, 0.1500
0.2450, 0.1474
0.2450, 0.1474
0.2450, 0.1474
0.2450, 0.1474
0.2450, 0.1474
0.2450, 0.1474
0.2450, 0.1474
0.2450, 0.1474
0.2450, 0.1474
0.2450, 0.1474
0.2450, 0.1474
0.2450, 0.1474
0.2450, 0.1447
0.2450, 0.1447
0.2450, 0.1447
0.2450, 0.1447
0.2450, 0.1447
0.2450, 0.1447
0.2450, 0.1447
0.2450, 0.1421
0.2450, 0.1421
0.2450, 0.1421
0.2450, 0.1421
0.2450, 0.1421
0.2450, 0.1421
0.2450, 0.1421
0.2450, 0.1421
0.2450, 0.1395
0.2450, 0.1395
0.2450, 0.1395
0.2450, 0.1395
0.2450, 0.1395
0.2450, 0.1395
0.2450, 0.1395
0.2450, 0.1395
0.2450, 0.1395
0.2450, 0.1395
0.2450, 0.1395
0.2450, 0.1395
0.2450, 0.1368
0.2450, 0.1368
0.2450, 0.1368
0.2450, 0.1368
0.2450, 0.1368
0.2450, 0.1368
0.2450, 0.1368
0.2450, 0.1342
0.2450, 0.1342
0.2450, 0.1342
0.2450, 0.1342
0.2450, 0.1342
0.2450, 0.1342
0.2450, 0.1342
0.2450, 0.1342
0.2450, 0.1342
0.2450, 0.1342
0.2450, 0.1342
0.2450, 0.1342
0.2450, 0.1316
0.2450, 0.1316
0.2450, 0.1316
0.2450, 0.1316
0.2450, 0.1316
0.2450, 0.1316
0.2450, 0.1316
0.2450, 0.1289
0.2450, 0.1289
0.2450, 0.1289
0.2450, 0.1289
0.2450, 0.1289
0.2450, 0.1289
0.2450, 0.1289
0.2450, 0.1289
0.2450, 0.1263
0.2450, 0.1263
0.2450, 0.1263
0.2450, 0.1263
0.2450, 0.1263
0.2450, 0.1263
0.2450, 0.1263
0.2450, 0.1237
0.2450, 0.1237
0.2450, 0.1237
0.2450, 0.1237
0.2450, 0.1237
0.2450, 0.1237
0.2450, 0.1237
0.2450, 0.1211
0.2450, 0.1211
0.2450, 0.1211
0.2450, 0.1211
0.2450, 0.1211
0.2450, 0.1211
0.2450, 0.1211
0.2450, 0.1211
0.2450, 0.1211
0.2450, 0.1211
0.2450, 0.1211
0.2450, 0.1211
0.2450, 0.1184
0.2450, 0.1184
0.2450, 0.1184
0.2450, 0.1184
0.2450, 0.1184
0.2450, 0.1184
0.2450, 0.1184
0.2450, 0.1184
0.2450, 0.1158
0.2450, 0.1158
0.2450, 0.1158
0.2450, 0.1158
0.2450, 0.1158
0.2450, 0.1158
0.2450, 0.1132
0.2450, 0.1132
0.2450, 0.1132
0.2450, 0.1132
0.2450, 0.1132
0.2450, 0.1132
0.2450, 0.1132
0.2450, 0.1132
0.2450, 0.1132
0.2450, 0.1132
0.2450, 0.1132
0.2450, 0.1105
0.2450, 0.1105
0.2450, 0.1105
0.2450, 0.1105
0.2450, 0.1079
0.2450, 0.1079
0.2450, 0.1079
0.2450, 0.1079
0.2450, 0.1079
0.2450, 0.1079
0.2450, 0.1079
0.2450, 0.1079
0.2450, 0.1053
0.2450, 0.1053
0.2450, 0.1026
0.2450, 0.1000
0.2450, 0.1000
0.2410, 0.1000
0.2410, 0.1000
0.2410, 0.0947
0.2410, 0.0947
0.2410, 0.0947
0.2410, 0.0947
0.2410, 0.0947
0.2410, 0.0947
0.2410, 0.0947
0.2410, 0.0947
0.2369, 0.0921
0.2369, 0.0921
0.2369, 0.0921
0.2369, 0.0895
0.2369, 0.0895
0.2369, 0.0895
0.2369, 0.0895
0.2369, 0.0895
0.2369, 0.0895
0.2369, 0.0895
0.2369, 0.0868
0.2369, 0.0868
0.2369, 0.0868
0.2369, 0.0868
0.2369, 0.0842
0.2369, 0.0842
0.2369, 0.0842
0.2369, 0.0816
0.2369, 0.0816
0.2369, 0.0816
0.2369, 0.0816
0.2369, 0.0816
0.2369, 0.0816
0.2369, 0.0816
0.2369, 0.0816
0.2369, 0.0816
0.2369, 0.0816
0.2369, 0.0816
0.2369, 0.0816
0.2329, 0.0789
0.2329, 0.0789
0.2329, 0.0789
0.2329, 0.0789
0.2329, 0.0789
0.2329, 0.0789
0.2329, 0.0789
0.2329, 0.0763
0.2329, 0.0763
0.2329, 0.0763
0.2329, 0.0763
0.2329, 0.0763
0.2329, 0.0763
0.2329, 0.0763
0.2329, 0.0763
0.2329, 0.0763
0.2329, 0.0763
0.2329, 0.0763
0.2329, 0.0737
0.2329, 0.0737
0.2329, 0.0737
0.2329, 0.0737
0.2329, 0.0737
0.2329, 0.0737
0.2329, 0.0737
0.2329, 0.0711
0.2329, 0.0711
0.2329, 0.0711
0.2329, 0.0711
0.2329, 0.0711
0.2329, 0.0711
0.2329, 0.0711
0.2329, 0.0711
0.2289, 0.0684
0.2289, 0.0684
0.2289, 0.0684
0.2289, 0.0684
0.2289, 0.0684
0.2289, 0.0684
0.2289, 0.0684
0.2289, 0.0684
0.2289, 0.0684
0.2289, 0.0684
0.2289, 0.0684
0.2289, 0.0684
0.2289, 0.0684
0.2289, 0.0684
0.2289, 0.0684
0.2289, 0.0684
0.2289, 0.0684
0.2289, 0.0684
0.2289, 0.0658
0.2289, 0.0658
0.2289, 0.0658
0.2289, 0.0658
0.2289, 0.0658
0.2289, 0.0658
0.2289, 0.0658
0.2289, 0.0632
0.2289, 0.0632
0.2289, 0.0632
0.2289, 0.0632
0.2289, 0.0632
0.2289, 0.0632
0.2289, 0.0632
0.2289, 0.0632
0.2289, 0.0632
0.2289, 0.0632
0.2289, 0.0632
0.2289, 0.0605
0.2289, 0.0605
0.2289, 0.0605
0.2289, 0.0605
0.2289, 0.0605
0.2289, 0.0605
0.2289, 0.0605
0.2289, 0.0579
0.2289, 0.0579
0.2289, 0.0579
0.2289, 0.0579
0.2289, 0.0553
0.2289, 0.0553
0.2289, 0.0553
0.2289, 0.0553
0.2289, 0.0553
0.2289, 0.0553
0.2289, 0.0553
0.2289, 0.0553
0.2289, 0.0553
0.2289, 0.0553
0.2289, 0.0553
0.2289, 0.0553
0.2289, 0.0553
0.2289, 0.0553
0.2289, 0.0553
0.2289, 0.0553
0.2289, 0.0553
0.2289, 0.0553
0.2289, 0.0553
0.2289, 0.0526
0.2289, 0.0526
0.2289, 0.0526
0.2289, 0.0526
0.2289, 0.0526
0.2289, 0.0526
0.2289, 0.0526
0.2289, 0.0500
0.2289, 0.0500
0.2289, 0.0500
0.2289, 0.0500
0.2289, 0.0500
0.2289, 0.0500
0.2289, 0.0500
0.2289, 0.0500
0.2289, 0.0500
0.2289, 0.0500
0.2289, 0.0474
0.2289, 0.0474
0.2289, 0.0474
0.2289, 0.0474
0.2289, 0.0447
0.2289, 0.0447
0.2289, 0.0447
0.2289, 0.0421
0.2289, 0.0421
0.2289, 0.0421
0.2289, 0.0421
0.2289, 0.0421
0.2289, 0.0421
0.2289, 0.0421
0.2289, 0.0421
0.2289, 0.0421
0.2289, 0.0421
0.2289, 0.0421
0.2289, 0.0421
0.2289, 0.0395
0.2289, 0.0395
0.2289, 0.0395
0.2329, 0.0395
0.2329, 0.0395
0.2329, 0.0395
0.2329, 0.0395
0.2329, 0.0368
0.2329, 0.0368
0.2329, 0.0368
0.2329, 0.0368
0.2329, 0.0368
0.2329, 0.0368
0.2329, 0.0368
0.2329, 0.0368
0.2329, 0.0368
0.2329, 0.0368
0.2329, 0.0368
0.2329, 0.0368
0.2329, 0.0368
0.2329, 0.0342
0.2329, 0.0342
0.2329, 0.0342
0.2329, 0.0316
0.2329, 0.0316
0.2329, 0.0316
0.2369, 0.0316
0.2369, 0.0316
0.2369, 0.0316
0.2369, 0.0316
0.2369, 0.0289
0.2369, 0.0289
0.2369, 0.0289
0.2369, 0.0289
0.2369, 0.0289
0.2369, 0.0289
0.2369, 0.0289
0.2410, 0.0263
0.2410, 0.0263
0.2410, 0.0263
0.2410, 0.0237
0.2410, 0.0237
0.2410, 0.0237
0.2410, 0.0237
0.2410, 0.0237
0.2410, 0.0237
0.2410, 0.0237
0.2410, 0.0211
0.2410, 0.0211
0.2410, 0.0211
0.2410, 0.0211
0.2410, 0.0211
0.2410, 0.0211
0.2410, 0.0211
0.2410, 0.0211
0.2450, 0.0184
0.2450, 0.0184
0.2450, 0.0184
0.2450, 0.0184
0.2450, 0.0184
0.2450, 0.0184
0.2450, 0.0184
0.2450, 0.0158
0.2450, 0.0158
0.2450, 0.0158
0.2490, 0.0158
0.2490, 0.0158
0.2490, 0.0158
0.2490, 0.0158
0.2490, 0.0158
0.2490, 0.0158
0.2490, 0.0158
0.2490, 0.0158
0.2490, 0.0158
0.2490, 0.0158
0.2490, 0.0132
0.2490, 0.0132
0.2490, 0.0132
0.2530, 0.0132
0.2530, 0.0132
0.2530, 0.0132
0.2530, 0.0132
0.2530, 0.0132
0.2530, 0.0132
0.2530, 0.0132
0.2530, 0.0105
0.2530, 0.0105
0.2530, 0.0105
0.2530, 0.0105
0.2530, 0.0105
0.2530, 0.0105
0.2530, 0.0105
0.2530, 0.0105
0.2530, 0.0105
0.2530, 0.0105
0.2530, 0.0105
0.2530, 0.0105
0.2530, 0.0105
0.2530, 0.0105
0.2530, 0.0105
0.2530, 0.0105
0.2530, 0.0105
0.2530, 0.0105
0.2530, 0.0105
0.2530, 0.0105
0.2530, 0.0105
0.2570, 0.0105
0.2570, 0.0105
0.2570, 0.0105
0.2570, 0.0105
0.2570, 0.0105
0.2570, 0.0105
0.2570, 0.0105
0.2570, 0.0079
0.2570, 0.0079
0.2570, 0.0079
0.2570, 0.0079
0.2570, 0.0079
0.2570, 0.0079
0.2570, 0.0079
0.2610, 0.0079
0.2610, 0.0079
0.2610, 0.0079
0.2610, 0.0079
0.2610, 0.0079
0.2610, 0.0079
0.2610, 0.0079
0.2610, 0.0079
0.2610, 0.0079
0.2610, 0.0079
0.2651, 0.0079
0.2651, 0.0079
0.2651, 0.0079
0.2651, 0.0079
0.2691, 0.0053
0.2691, 0.0053
0.2691, 0.0053
0.2731, 0.0053
0.2731, 0.0053
0.2731, 0.0053
0.2731, 0.0053
0.2731, 0.0053
0.2731, 0.0053
0.2731, 0.0053
0.2731, 0.0053
0.2731, 0.0053
0.2731, 0.0053
0.2731, 0.0053
0.2771, 0.0053
0.2771, 0.0053
0.2771, 0.0053
0.2771, 0.0053
0.2771, 0.0053
0.2771, 0.0053
0.2771, 0.0053
0.2811, 0.0053
0.2811, 0.0053
0.2811, 0.0053
0.2811, 0.0053
0.2811, 0.0053
0.2811, 0.0053
0.2811, 0.0053
0.2811, 0.0053
0.2811, 0.0053
0.2811, 0.0053
0.2811, 0.0053
0.2811, 0.0053
0.2811, 0.0053
0.2811, 0.0053
0.2851, 0.0053
0.2851, 0.0053
0.2851, 0.0053
0.2892, 0.0053
0.2892, 0.0053
0.2892, 0.0053
0.2892, 0.0053
0.2892, 0.0053
0.2892, 0.0053
0.2892, 0.0053
0.2892, 0.0053
0.2932, 0.0053
0.2932, 0.0053
0.2932, 0.0053
0.2932, 0.0026
0.2932, 0.0026
0.2932, 0.0026
0.2932, 0.0026
0.2932, 0.0026
0.2932, 0.0026
0.2932, 0.0026
0.2972, 0.0026
0.2972, 0.0026
0.2972, 0.0026
0.3012, 0.0026
0.3012, 0.0026
0.3012, 0.0026
0.3012, 0.0026
0.3012, 0.0026
0.3012, 0.0026
0.3012, 0.0026
0.3012, 0.0026
0.3012, 0.0026
0.3012, 0.0026
0.3052, 0.0026
0.3052, 0.0026
0.3052, 0.0026
0.3052, 0.0026
0.3052, 0.0026
0.3052, 0.0026
0.3052, 0.0026
0.3092, 0.0000
0.3092, 0.0000
0.3092, 0.0000
0.3133, 0.0000
0.3133, 0.0000
0.3133, 0.0000
0.3133, 0.0000
0.3133, 0.0000
0.3133, 0.0000
0.3133, 0.0000
0.3133, 0.0000
0.3133, 0.0000
0.3133, 0.0000
0.3133, 0.0000
0.3173, 0.0000
0.3173, 0.0000
0.3173, 0.0000
0.3213, 0.0000
0.3213, 0.0000
0.3213, 0.0000
0.3213, 0.0000
0.3213, 0.0000
0.3213, 0.0000
0.3213, 0.0000
0.3213, 0.0000
0.3213, 0.0000
0.3213, 0.0000
0.3213, 0.0000
0.3213, 0.0000
0.3213, 0.0000
0.3253, 0.0000
0.3253, 0.0000
0.3253, 0.0000
0.3293, 0.0000
0.3293, 0.0000
0.3293, 0.0000
0.3293, 0.0000
0.3293, 0.0000
0.3293, 0.0000
0.3293, 0.0000
0.3333, 0.0000
0.3333, 0.0000
0.3333, 0.0000
0.3333, 0.0000
0.3333, 0.0000
0.3333, 0.0000
0.3333, 0.0000
0.3333, 0.0000
0.3333, 0.0000
0.3333, 0.0000
0.3333, 0.0000
0.3373, 0.0000
0.3373, 0.0000
0.3373, 0.0000
0.3373, 0.0000
0.3373, 0.0000
0.3373, 0.0000
0.3373, 0.0000
0.3414, 0.0000
0.3414, 0.0000
0.3414, 0.0000
0.3414, 0.0000
0.3414, 0.0000
0.3414, 0.0000
0.3414, 0.0000
0.3414, 0.0000
0.3414, 0.0000
0.3414, 0.0000
0.3454, 0.0000
0.3454, 0.0000
0.3454, 0.0000
0.3494, 0.0000
0.3494, 0.0000
0.3494, 0.0000
0.3494, 0.0000
0.3494, 0.0000
0.3494, 0.0000
0.3494, 0.0000
0.3494, 0.0000
0.3494, 0.0000
0.3494, 0.0000
0.3534, 0.0000
0.3534, 0.0000
0.3534, 0.0000
0.3574, 0.0000
0.3574, 0.0000
0.3574, 0.0000
0.3574, 0.0000
0.3574, 0.0000
0.3574, 0.0000
0.3574, 0.0000
0.3614, 0.0000
0.3614, 0.0000
0.3614, 0.0000
0.3614, 0.0000
0.3614, 0.0000
0.3614, 0.0000
0.3614, 0.0000
0.3614, 0.0000
0.3614, 0.0000
0.3614, 0.0000
0.3655, 0.0000
0.3655, 0.0000
0.3655, 0.0000
0.3655, 0.0000
0.3655, 0.0000
0.3655, 0.0000
0.3655, 0.0000
0.3695, 0.0000
0.3695, 0.0000
0.3695, 0.0000
0.3695, 0.0000
0.3695, 0.0000
0.3695, 0.0000
0.3735, 0.0000
0.3735, 0.0000
0.3735, 0.0000
0.3735, 0.0026
0.3735, 0.0026
0.3735, 0.0026
0.3775, 0.0026
0.3775, 0.0026
0.3775, 0.0026
0.3775, 0.0026
0.3815, 0.0026
0.3815, 0.0026
0.3815, 0.0026
0.3815, 0.0026
0.3815, 0.0026
0.3815, 0.0026
0.3815, 0.0026
0.3815, 0.0026
0.3815, 0.0026
0.3855, 0.0026
0.3855, 0.0026
0.3855, 0.0026
0.3855, 0.0026
0.3855, 0.0026
0.3855, 0.0026
0.3855, 0.0026
0.3896, 0.0053
0.3896, 0.0053
0.3896, 0.0053
0.3896, 0.0053
0.3896, 0.0053
0.3896, 0.0053
0.3896, 0.0053
0.3896, 0.0053
0.3896, 0.0053
0.3896, 0.0053
0.3936, 0.0079
0.3936, 0.0079
0.3936, 0.0079
0.3936, 0.0079
0.3936, 0.0079
0.3936, 0.0079
0.3976, 0.0079
0.3976, 0.0079
0.3976, 0.0079
0.4016, 0.0079
0.4016, 0.0079
0.4016, 0.0079
0.4016, 0.0079
0.4016, 0.0079
0.4016, 0.0079
0.4016, 0.0105
0.4016, 0.0105
0.4016, 0.0105
0.4016, 0.0105
0.4056, 0.0105
0.4056, 0.0105
0.4056, 0.0105
0.4096, 0.0105
0.4096, 0.0105
0.4096, 0.0105
0.4096, 0.0132
0.4096, 0.0132
0.4096, 0.0132
0.4096, 0.0132
0.4096, 0.0132
0.4096, 0.0132
0.4096, 0.0132
0.4096, 0.0132
0.4096, 0.0132
0.4096, 0.0132
0.4096, 0.0132
0.4096, 0.0132
0.4096, 0.0132
0.4137, 0.0132
0.4137, 0.0132
0.4137, 0.0132
0.4137, 0.0132
0.4137, 0.0132
0.4137, 0.0132
0.4137, 0.0132
0.4137, 0.0132
0.4137, 0.0132
0.4177, 0.0132
0.4177, 0.0132
0.4177, 0.0132
0.4177, 0.0158
0.4177, 0.0158
0.4177, 0.0158
0.4177, 0.0158
0.4217, 0.0158
0.4217, 0.0158
0.4217, 0.0158
0.4217, 0.0158
0.4217, 0.0158
0.4217, 0.0158
0.4217, 0.0158
0.4217, 0.0158
0.4217, 0.0158
0.4217, 0.0158
0.4217, 0.0184
0.4217, 0.0184
0.4217, 0.0184
0.4257, 0.0184
0.4257, 0.0184
0.4257, 0.0184
0.4257, 0.0184
0.4257, 0.0184
0.4257, 0.0184
0.4257, 0.0211
0.4257, 0.0211
0.4257, 0.0211
0.4297, 0.0211
0.4297, 0.0211
0.4297, 0.0211
0.4297, 0.0211
0.4297, 0.0211
0.4297, 0.0211
0.4297, 0.0211
0.4297, 0.0211
0.4297, 0.0211
0.4297, 0.0211
0.4297, 0.0211
0.4297, 0.0211
0.4297, 0.0211
0.4337, 0.0211
0.4337, 0.0211
0.4337, 0.0211
0.4337, 0.0211
0.4337, 0.0211
0.4337, 0.0211
0.4337, 0.0211
0.4378, 0.0237
0.4378, 0.0237
0.4378, 0.0237
0.4378, 0.0237
0.4378, 0.0237
0.4378, 0.0237
0.4378, 0.0237
0.4418, 0.0237
0.4418, 0.0237
0.4418, 0.0237
0.4418, 0.0263
0.4418, 0.0263
0.4418, 0.0263
0.4418, 0.0263
0.4418, 0.0263
0.4418, 0.0263
0.4418, 0.0263
0.4418, 0.0263
0.4418, 0.0263
0.4458, 0.0263
0.4458, 0.0263
0.4458, 0.0263
0.4458, 0.0263
0.4458, 0.0263
0.4458, 0.0263
0.4458, 0.0263
0.4498, 0.0263
0.4498, 0.0263
0.4498, 0.0263
0.4498, 0.0263
0.4498, 0.0263
0.4498, 0.0289
0.4498, 0.0289
0.4498, 0.0289
0.4498, 0.0289
0.4498, 0.0289
0.4498, 0.0289
0.4498, 0.0289
0.4538, 0.0289
0.4538, 0.0289
0.4538, 0.0289
0.4538, 0.0289
0.4538, 0.0289
0.4538, 0.0289
0.4578, 0.0316
0.4578, 0.0316
0.4578, 0.0316
0.4578, 0.0316
0.4578, 0.0316
0.4578, 0.0316
0.4578, 0.0316
0.4618, 0.0342
0.4618, 0.0342
0.4618, 0.0342
0.4618, 0.0342
0.4618, 0.0342
0.4618, 0.0342
0.4618, 0.0342
0.4618, 0.0342
0.4618, 0.0342
0.4618, 0.0342
0.4659, 0.0342
0.4659, 0.0342
0.4659, 0.0342
0.4659, 0.0368
0.4659, 0.0368
0.4659, 0.0368
0.4699, 0.0368
0.4699, 0.0368
0.4699, 0.0368
0.4699, 0.0368
0.4699, 0.0368
0.4699, 0.0368
0.4699, 0.0395
0.4699, 0.0395
0.4699, 0.0395
0.4739, 0.0395
0.4739, 0.0395
0.4739, 0.0395
0.4779, 0.0395
0.4779, 0.0395
0.4779, 0.0395
0.4779, 0.0395
0.4779, 0.0395
0.4779, 0.0395
0.4779, 0.0395
0.4779, 0.0421
0.4779, 0.0421
0.4779, 0.0421
0.4819, 0.0447
0.4819, 0.0447
0.4819, 0.0447
0.4819, 0.0447
0.4819, 0.0447
0.4819, 0.0447
0.4859, 0.0474
0.4859, 0.0474
0.4859, 0.0474
0.4900, 0.0474
0.4900, 0.0474
0.4900, 0.0474
0.4900, 0.0474
0.4900, 0.0474
0.4900, 0.0474
0.4900, 0.0474
0.4900, 0.0500
0.4900, 0.0500
0.4900, 0.0500
0.4900, 0.0500
0.4900, 0.0500
0.4900, 0.0500
0.4940, 0.0526
0.4940, 0.0526
0.4940, 0.0526
0.4940, 0.0526
0.4940, 0.0526
0.4940, 0.0526
0.4980, 0.0553
0.4980, 0.0553
0.4980, 0.0553
0.4980, 0.0553
0.4980, 0.0553
0.4980, 0.0553
0.4980, 0.0553
0.4980, 0.0579
0.4980, 0.0579
0.4980, 0.0579
0.4980, 0.0605
0.4980, 0.0605
0.4980, 0.0605
0.5020, 0.0605
0.5020, 0.0605
0.5020, 0.0605
0.5020, 0.0605
0.5020, 0.0605
0.5020, 0.0605
0.5060, 0.0632
0.5060, 0.0632
0.5060, 0.0632
0.5060, 0.0658
0.5060, 0.0658
0.5060, 0.0658
0.5100, 0.0658
0.5100, 0.0658
0.5100, 0.0658
0.5100, 0.0658
0.5100, 0.0658
0.5100, 0.0658
0.5100, 0.0658
0.5100, 0.0684
0.5100, 0.0684
0.5100, 0.0684
0.5100, 0.0711
0.5100, 0.0711
0.5100, 0.0711
0.5141, 0.0737
0.5141, 0.0737
0.5141, 0.0737
0.5141, 0.0737
0.5141, 0.0737
0.5141, 0.0737
0.5181, 0.0737
0.5181, 0.0737
0.5181, 0.0737
0.5181, 0.0763
0.5181, 0.0763
0.5181, 0.0763
0.5181, 0.0789
0.5181, 0.0789
0.5181, 0.0789
0.5221, 0.0789
0.5221, 0.0789
0.5221, 0.0789
0.5221, 0.0789
0.5221, 0.0789
0.5221, 0.0789
0.5261, 0.0816
0.5261, 0.0816
0.5261, 0.0816
0.5261, 0.0816
0.5261, 0.0816
0.5261, 0.0816
0.5261, 0.0816
0.5301, 0.0842
0.5301, 0.0842
0.5301, 0.0842
0.5301, 0.0842
0.5301, 0.0842
0.5301, 0.0842
0.5301, 0.0868
0.5301, 0.0868
0.5301, 0.0868
0.5301, 0.0868
0.5301, 0.0868
0.5301, 0.0868
0.5341, 0.0868
0.5341, 0.0868
0.5341, 0.0868
0.5341, 0.0895
0.5341, 0.0895
0.5341, 0.0895
0.5382, 0.0921
0.5382, 0.0921
0.5382, 0.0921
0.5382, 0.0921
0.5382, 0.0921
0.5382, 0.0921
0.5382, 0.0921
0.5382, 0.0921
0.5382, 0.0921
0.5382, 0.0921
0.5422, 0.0947
0.5422, 0.0947
0.5422, 0.0947
0.5462, 0.0974
0.5462, 0.0974
0.5462, 0.0974
0.5462, 0.0974
0.5462, 0.0974
0.5462, 0.0974
0.5502, 0.0974
0.5502, 0.0974
0.5502, 0.0974
0.5502, 0.1000
0.5502, 0.1000
0.5502, 0.1000
0.5502, 0.1000
0.5502, 0.1000
0.5502, 0.1000
0.5502, 0.1026
0.5502, 0.1026
0.5502, 0.1026
0.5542, 0.1053
0.5542, 0.1053
0.5542, 0.1053
0.5542, 0.1053
0.5542, 0.1053
0.5542, 0.1053
0.5542, 0.1053
0.5582, 0.1053
0.5582, 0.1053
0.5582, 0.1053
0.5582, 0.1079
0.5582, 0.1079
0.5582, 0.1079
0.5582, 0.1105
0.5582, 0.1105
0.5582, 0.1105
0.5622, 0.1105
0.5622, 0.1105
0.5622, 0.1105
0.5622, 0.1105
0.5622, 0.1105
0.5622, 0.1105
0.5663, 0.1132
0.5663, 0.1132
0.5663, 0.1132
0.5663, 0.1158
0.5663, 0.1158
0.5663, 0.1158
0.5703, 0.1158
0.5703, 0.1158
0.5703, 0.1158
0.5703, 0.1184
0.5703, 0.1184
0.5703, 0.1184
0.5703, 0.1184
0.5703, 0.1184
0.5703, 0.1184
0.5743, 0.1211
0.5743, 0.1211
0.5743, 0.1211
0.5743, 0.1237
0.5743, 0.1237
0.5743, 0.1237
0.5783, 0.1237
0.5783, 0.1237
0.5783, 0.1237
0.5783, 0.1263
0.5783, 0.1263
0.5783, 0.1289
0.5783, 0.1289
0.5783, 0.1289
0.5783, 0.1316
0.5783, 0.1316
0.5783, 0.1316
0.5823, 0.1316
0.5823, 0.1316
0.5823, 0.1316
0.5823, 0.1316
0.5823, 0.1316
0.5823, 0.1316
0.5823, 0.1316
0.5863, 0.1316
0.5863, 0.1316
0.5863, 0.1342
0.5863, 0.1342
0.5863, 0.1342
0.5863, 0.1368
0.5863, 0.1368
0.5863, 0.1368
0.5904, 0.1368
0.5904, 0.1368
0.5904, 0.1368
0.5904, 0.1368
0.5904, 0.1368
0.5904, 0.1368
0.5904, 0.1395
0.5904, 0.1395
0.5904, 0.1395
0.5904, 0.1421
0.5904, 0.1421
0.5904, 0.1421
0.5944, 0.1421
0.5944, 0.1421
0.5944, 0.1421
0.5944, 0.1447
0.5944, 0.1447
0.5944, 0.1447
0.5984, 0.1447
0.5984, 0.1447
0.5984, 0.1447
0.5984, 0.1474
0.5984, 0.1474
0.5984, 0.1474
0.5984, 0.1474
0.5984, 0.1474
0.5984, 0.1474
0.5984, 0.1500
0.5984, 0.1500
0.5984, 0.1500
0.5984, 0.1500
0.5984, 0.1500
0.5984, 0.1500
0.6024, 0.1526
0.6024, 0.1526
0.6024, 0.1526
0.6024, 0.1553
0.6024, 0.1553
0.6024, 0.1553
0.6064, 0.1553
0.6064, 0.1553
0.6064, 0.1553
0.6064, 0.1579
0.6064, 0.1579
0.6064, 0.1579
0.6064, 0.1579
0.6064, 0.1579
0.6064, 0.1579
0.6064, 0.1579
0.6064, 0.1579
0.6064, 0.1579
0.6064, 0.1605
0.6064, 0.1605
0.6064, 0.1605
0.6064, 0.1605
0.6064, 0.1605
0.6064, 0.1605
0.6104, 0.1632
0.6104, 0.1632
0.6104, 0.1632
0.6104, 0.1632
0.6104, 0.1632
0.6104, 0.1632
0.6145, 0.1632
0.6145, 0.1632
0.6145, 0.1632
0.6145, 0.1658
0.6145, 0.1658
0.6145, 0.1658
0.6145, 0.1658
0.6145, 0.1658
0.6145, 0.1658
0.6185, 0.1684
0.6185, 0.1684
0.6185, 0.1684
0.6185, 0.1711
0.6185, 0.1711
0.6185, 0.1711
0.6185, 0.1711
0.6185, 0.1711
0.6185, 0.1711
0.6185, 0.1711
0.6185, 0.1711
0.6185, 0.1711
0.6225, 0.1737
0.6225, 0.1737
0.6225, 0.1737
0.6225, 0.1763
0.6225, 0.1763
0.6225, 0.1763
0.6265, 0.1763
0.6265, 0.1763
0.6265, 0.1763
0.6265, 0.1763
0.6265, 0.1763
0.6265, 0.1763
0.6265, 0.1789
0.6265, 0.1789
0.6265, 0.1789
0.6265, 0.1816
0.6265, 0.1816
0.6265, 0.1816
0.6265, 0.1816
0.6265, 0.1816
0.6265, 0.1816
0.6305, 0.1816
0.6305, 0.1816
0.6305, 0.1816
0.6305, 0.1842
0.6305, 0.1842
0.6305, 0.1842
0.6305, 0.1842
0.6305, 0.1842
0.6305, 0.1842
0.6345, 0.1868
0.6345, 0.1868
0.6345, 0.1868
0.6345, 0.1895
0.6345, 0.1895
0.6345, 0.1895
0.6345, 0.1895
0.6345, 0.1895
0.6345, 0.1895
0.6386, 0.1895
0.6386, 0.1895
0.6386, 0.1895
0.6386, 0.1921
0.6386, 0.1921
0.6386, 0.1947
0.6386, 0.1947
0.6386, 0.1947
0.6386, 0.1947
0.6386, 0.1947
0.6386, 0.1947
0.6386, 0.1947
0.6426, 0.1947
0.6426, 0.1947
0.6426, 0.1974
0.6426, 0.1974
0.6426, 0.1974
0.6426, 0.2000
0.6426, 0.2000
0.6426, 0.2000
0.6426, 0.2000
0.6426, 0.2000
0.6426, 0.2000
0.6466, 0.2000
0.6466, 0.2000
0.6466, 0.2000
0.6466, 0.2026
0.6466, 0.2026
0.6466, 0.2026
0.6466, 0.2026
0.6466, 0.2026
0.6466, 0.2026
0.6466, 0.2026
0.6466, 0.2026
0.6466, 0.2053
0.6466, 0.2053
0.6466, 0.2053
0.6506, 0.2053
0.6506, 0.2053
0.6506, 0.2053
0.6506, 0.2079
0.6506, 0.2079
0.6506, 0.2079
0.6546, 0.2079
0.6546, 0.2079
0.6546, 0.2079
0.6546, 0.2105
0.6546, 0.2105
0.6546, 0.2105
0.6546, 0.2105
0.6546, 0.2105
0.6546, 0.2105
0.6586, 0.2132
0.6586, 0.2132
0.6586, 0.2132
0.6586, 0.2158
0.6586, 0.2158
0.6586, 0.2158
0.6586, 0.2158
0.6586, 0.2158
0.6586, 0.2158
0.6586, 0.2158
0.6586, 0.2158
0.6586, 0.2158
0.6627, 0.2184
0.6627, 0.2184
0.6627, 0.2184
0.6627, 0.2184
0.6627, 0.2184
0.6627, 0.2184
0.6627, 0.2211
0.6627, 0.2211
0.6667, 0.2211
0.6667, 0.2211
0.6667, 0.2211
0.6667, 0.2211
0.6667, 0.2211
0.6667, 0.2211
0.6667, 0.2237
0.6667, 0.2237
0.6667, 0.2237
0.6667, 0.2263
0.6667, 0.2263
0.6667, 0.2263
0.6707, 0.2263
0.6707, 0.2263
0.6707, 0.2263
0.6707, 0.2289
0.6707, 0.2289
0.6707, 0.2289
0.6747, 0.2289
0.6747, 0.2289
0.6747, 0.2289
0.6787, 0.2289
0.6787, 0.2289
0.6787, 0.2289
0.6787, 0.2316
0.6787, 0.2316
0.6787, 0.2342
0.6787, 0.2342
0.6787, 0.2342
0.6787, 0.2342
0.6787, 0.2342
0.6787, 0.2342
0.6827, 0.2342
0.6827, 0.2342
0.6827, 0.2342
0.6827, 0.2342
0.6827, 0.2342
0.6827, 0.2342
0.6867, 0.2368
0.6867, 0.2368
0.6867, 0.2368
0.6867, 0.2368
0.6867, 0.2368
0.6867, 0.2368
0.6867, 0.2395
0.6867, 0.2395
0.6867, 0.2395
0.6867, 0.2395
0.6867, 0.2395
0.6867, 0.2395
0.6908, 0.2421
0.6908, 0.2421
0.6908, 0.2421
0.6908, 0.2421
0.6908, 0.2421
0.6908, 0.2421
0.6948, 0.2421
0.6948, 0.2421
0.6948, 0.2447
0.6948, 0.2447
0.6948, 0.2447
0.6988, 0.2447
0.6988, 0.2447
0.6988, 0.2447
0.6988, 0.2474
0.6988, 0.2474
0.6988, 0.2474
0.6988, 0.2474
0.6988, 0.2474
0.6988, 0.2474
0.6988, 0.2474
0.6988, 0.2474
0.7028, 0.2474
0.7028, 0.2474
0.7028, 0.2474
0.7028, 0.2500
0.7028, 0.2500
0.7068, 0.2500
0.7068, 0.2500
0.7068, 0.2500
0.7068, 0.2526
0.7068, 0.2526
0.7068, 0.2526
0.7068, 0.2526
0.7068, 0.2526
0.7068, 0.2526
0.7068, 0.2553
0.7068, 0.2553
0.7068, 0.2553
0.7068, 0.2553
0.7068, 0.2553
0.7068, 0.2553
0.7108, 0.2553
0.7108, 0.2553
0.7108, 0.2579
0.7108, 0.2579
0.7108, 0.2579
0.7149, 0.2579
0.7149, 0.2579
0.7149, 0.2579
0.7149, 0.2605
0.7149, 0.2605
0.7149, 0.2605
0.7149, 0.2605
0.7149, 0.2605
0.7149, 0.2605
0.7189, 0.2605
0.7189, 0.2605
0.7189, 0.2632
0.7189, 0.2632
0.7189, 0.2632
0.7189, 0.2632
0.7189, 0.2632
0.7189, 0.2632
0.7189, 0.2658
0.7189, 0.2658
0.7189, 0.2658
0.7189, 0.2658
0.7189, 0.2658
0.7189, 0.2658
0.7229, 0.2658
0.7229, 0.2658
0.7229, 0.2658
0.7229, 0.2684
0.7229, 0.2684
0.7229, 0.2684
0.7269, 0.2684
0.7269, 0.2684
0.7269, 0.2684
0.7269, 0.2711
0.7269, 0.2711
0.7269, 0.2711
0.7269, 0.2711
0.7269, 0.2711
0.7269, 0.2737
0.7269, 0.2737
0.7269, 0.2737
0.7269, 0.2737
0.7269, 0.2737
0.7269, 0.2737
0.7269, 0.2737
0.7269, 0.2737
0.7269, 0.2737
0.7269, 0.2737
0.7269, 0.2737
0.7269, 0.2737
0.7309, 0.2737
0.7309, 0.2737
0.7309, 0.2737
0.7309, 0.2763
0.7309, 0.2763
0.7309, 0.2763
0.7309, 0.2789
0.7309, 0.2789
0.7349, 0.2789
0.7349, 0.2789
0.7349, 0.2789
0.7349, 0.2789
0.7349, 0.2789
0.7349, 0.2789
0.7349, 0.2789
0.7349, 0.2789
0.7349, 0.2789
0.7349, 0.2816
0.7349, 0.2816
0.7349, 0.2816
0.7349, 0.2842
0.7349, 0.2842
0.7390, 0.2842
0.7390, 0.2842
0.7390, 0.2842
0.7390, 0.2868
0.7390, 0.2868
0.7390, 0.2868
0.7390, 0.2868
0.7390, 0.2868
0.7390, 0.2868
0.7430, 0.2868
0.7430, 0.2868
0.7430, 0.2895
0.7430, 0.2895
0.7430, 0.2895
0.7430, 0.2895
0.7430, 0.2895
0.7430, 0.2895
0.7470, 0.2921
0.7470, 0.2921
0.7470, 0.2921
0.7470, 0.2921
0.7470, 0.2921
0.7470, 0.2921
0.7470, 0.2921
0.7470, 0.2921
0.7470, 0.2921
0.7470, 0.2947
0.7470, 0.2947
0.7470, 0.2947
0.7470, 0.2947
0.7470, 0.2947
0.7470, 0.2947
0.7510, 0.2974
0.7510, 0.2974
0.7510, 0.2974
0.7510, 0.2974
0.7510, 0.2974
0.7510, 0.3000
0.7510, 0.3000
0.7510, 0.3000
0.7550, 0.3000
0.7550, 0.3000
0.7550, 0.3000
0.7550, 0.3000
0.7550, 0.3000
0.7550, 0.3000
0.7550, 0.3026
0.7550, 0.3026
0.7550, 0.3053
0.7550, 0.3053
0.7550, 0.3053
0.7550, 0.3053
0.7550, 0.3053
0.7550, 0.3053
0.7550, 0.3053
0.7550, 0.3053
0.7550, 0.3053
0.7590, 0.3053
0.7590, 0.3053
0.7590, 0.3053
0.7590, 0.3079
0.7590, 0.3079
0.7590, 0.3079
0.7631, 0.3105
0.7631, 0.3105
0.7631, 0.3105
0.7631, 0.3105
0.7631, 0.3105
0.7631, 0.3132
0.7631, 0.3132
0.7631, 0.3132
0.7671, 0.3132
0.7671, 0.3132
0.7671, 0.3132
0.7671, 0.3132
0.7671, 0.3132
0.7671, 0.3132
0.7671, 0.3158
0.7671, 0.3158
0.7671, 0.3184
0.7671, 0.3184
0.7671, 0.3184
0.7671, 0.3184
0.7671, 0.3184
0.7671, 0.3184
0.7711, 0.3211
0.7711, 0.3211
0.7711, 0.3211
0.7711, 0.3211
0.7711, 0.3211
0.7711, 0.3211
0.7751, 0.3237
0.7751, 0.3237
0.7751, 0.3237
0.7751, 0.3237
0.7751, 0.3237
0.7751, 0.3263
0.7751, 0.3263
0.7751, 0.3263
0.7751, 0.3263
0.7751, 0.3263
0.7751, 0.3263
0.7751, 0.3263
0.7751, 0.3263
0.7751, 0.3263
0.7751, 0.3263
0.7751, 0.3263
0.7751, 0.3263
0.7791, 0.3289
0.7791, 0.3289
0.7791, 0.3289
0.7791, 0.3289
0.7791, 0.3289
0.7791, 0.3289
0.7791, 0.3316
0.7791, 0.3316
0.7831, 0.3316
0.7831, 0.3316
0.7831, 0.3316
0.7831, 0.3316
0.7831, 0.3316
0.7831, 0.3316
0.7831, 0.3316
0.7831, 0.3316
0.7831, 0.3316
0.7871, 0.3316
0.7871, 0.3316
0.7871, 0.3316
0.7871, 0.3342
0.7871, 0.3342
0.7871, 0.3342
0.7871, 0.3342
0.7871, 0.3342
0.7871, 0.3368
0.7871, 0.3368
0.7871, 0.3368
0.7871, 0.3368
0.7871, 0.3368
0.7871, 0.3368
0.7871, 0.3368
0.7871, 0.3368
0.7871, 0.3368
0.7912, 0.3395
0.7912, 0.3395
0.7912, 0.3395
0.7912, 0.3395
0.7912, 0.3395
0.7912, 0.3395
0.7912, 0.3395
0.7912, 0.3395
0.7912, 0.3395
0.7952, 0.3395
0.7952, 0.3395
0.7952, 0.3421
0.7952, 0.3421
0.7952, 0.3421
0.7952, 0.3421
0.7952, 0.3421
0.7952, 0.3421
0.7992, 0.3447
0.7992, 0.3447
0.7992, 0.3447
0.7992, 0.3447
0.7992, 0.3447
0.7992, 0.3447
0.7992, 0.3447
0.7992, 0.3447
0.7992, 0.3447
0.8032, 0.3447
0.8032, 0.3447
0.8032, 0.3447
0.8032, 0.3447
0.8032, 0.3447
0.8072, 0.3447
0.8072, 0.3447
0.8072, 0.3447
0.8072, 0.3474
0.8072, 0.3474
0.8072, 0.3474
0.8072, 0.3474
0.8072, 0.3474
0.8072, 0.3474
0.8072, 0.3474
0.8072, 0.3474
0.8072, 0.3474
0.8072, 0.3500
0.8072, 0.3500
0.8072, 0.3500
0.8072, 0.3500
0.8072, 0.3500
0.8112, 0.3500
0.8112, 0.3500
0.8112, 0.3500
0.8112, 0.3500
0.8112, 0.3500
0.8112, 0.3500
0.8153, 0.3500
0.8153, 0.3500
0.8153, 0.3500
0.8153, 0.3500
0.8153, 0.3500
0.8153, 0.3500
0.8153, 0.3500
0.8153, 0.3500
0.8153, 0.3500
0.8193, 0.3526
0.8193, 0.3526
0.8193, 0.3526
0.8193, 0.3526
0.8193, 0.3526
0.8233, 0.3553
0.8233, 0.3553
0.8233, 0.3553
0.8273, 0.3553
0.8273, 0.3553
0.8273, 0.3553
0.8273, 0.3553
0.8273, 0.3553
0.8273, 0.3553
0.8273, 0.3579
0.8273, 0.3579
0.8313, 0.3579
0.8313, 0.3579
0.8313, 0.3579
0.8313, 0.3579
0.8313, 0.3579
0.8313, 0.3579
0.8353, 0.3579
0.8353, 0.3579
0.8353, 0.3579
0.8353, 0.3579
0.8353, 0.3579
0.8353, 0.3579
0.8353, 0.3579
0.8353, 0.3579
0.8394, 0.3579
0.8394, 0.3579
0.8394, 0.3579
0.8434, 0.3579
0.8434, 0.3579
0.8434, 0.3579
0.8434, 0.3579
0.8434, 0.3579
0.8474, 0.3605
0.8474, 0.3605
0.8474, 0.3605
0.8474, 0.3605
0.8474, 0.3605
0.8514, 0.3605
0.8514, 0.3605
0.8514, 0.3605
0.8554, 0.3605
0.8554, 0.3605
0.8554, 0.3605
0.8554, 0.3605
0.8554, 0.3605
0.8554, 0.3605
0.8635, 0.3632
0.8635, 0.3632
0.8675, 0.3632
0.8675, 0.3632
0.8675, 0.3632
0.8675, 0.3632
0.8675, 0.3632
0.8675, 0.3632
0.8675, 0.3632
0.8675, 0.3632
0.8715, 0.3632
0.8715, 0.3632
0.8715, 0.3632
0.8755, 0.3632
0.8755, 0.3632
0.8755, 0.3632
0.8755, 0.3658
0.8755, 0.3658
0.8755, 0.3658
0.8755, 0.3658
0.8755, 0.3658
0.8795, 0.3658
0.8795, 0.3658
0.8795, 0.3658
0.8795, 0.3658
0.8795, 0.3658
0.8795, 0.3658
0.8835, 0.3658
0.8835, 0.3658
0.8876, 0.3658
0.8876, 0.3658
0.8876, 0.3658
0.8876, 0.3658
0.8876, 0.3658
0.8876, 0.3658
0.8916, 0.3658
0.8916, 0.3658
0.8956, 0.3658
0.8956, 0.3658
0.8956, 0.3658
0.8956, 0.3658
0.8956, 0.3658
0.8956, 0.3658
0.8996, 0.3658
0.8996, 0.3658
0.8996, 0.3658
0.9036, 0.3658
0.9036, 0.3658
0.9076, 0.3658
0.9076, 0.3658
0.9076, 0.3658
0.9076, 0.3658
0.9076, 0.3658
0.9076, 0.3658
0.9076, 0.3658
0.9076, 0.3658
0.9076, 0.3658
0.9076, 0.3658
0.9076, 0.3658
0.9076, 0.3658
0.9116, 0.3658
0.9116, 0.3658
0.9116, 0.3658
0.9116, 0.3658
0.9116, 0.3658
0.9157, 0.3658
0.9157, 0.3658
0.9157, 0.3658
0.9157, 0.3658
0.9157, 0.3658
0.9157, 0.3658
0.9157, 0.3658
0.9157, 0.3658
0.9197, 0.3658
0.9197, 0.3658
0.9197, 0.3658
0.9237, 0.3658
0.9237, 0.3658
0.9277, 0.3658
0.9277, 0.3658
0.9277, 0.3658
0.9277, 0.3658
0.9277, 0.3658
0.9317, 0.3658
0.9317, 0.3658
0.9317, 0.3658
0.9357, 0.3658
0.9357, 0.3658
0.9357, 0.3658
0.9357, 0.3658
0.9357, 0.3658
0.9357, 0.3658
0.9398, 0.3632
0.9398, 0.3632
0.9398, 0.3632
0.9398, 0.3632
0.9398, 0.3632
0.9438, 0.3632
0.9438, 0.3632
0.9438, 0.3632
0.9438, 0.3605
0.9438, 0.3605
0.9478, 0.3605
0.9478, 0.3605
0.9478, 0.3605
0.9478, 0.3605
0.9478, 0.3605
0.9478, 0.3605
0.9478, 0.3605
0.9478, 0.3605
0.9478, 0.3605
0.9518, 0.3605
0.9518, 0.3605
0.9558, 0.3579
0.9558, 0.3579
0.9558, 0.3579
0.9558, 0.3579
0.9558, 0.3579
0.9558, 0.3579
0.9558, 0.3553
0.9558, 0.3553
0.9598, 0.3553
0.9598, 0.3553
0.9598, 0.3553
0.9598, 0.3553
0.9598, 0.3553
0.9639, 0.3526
0.9639, 0.3526
0.9639, 0.3526
0.9679, 0.3526
0.9679, 0.3526
0.9679, 0.3500
0.9679, 0.3500
0.9719, 0.3474
0.9719, 0.3474
0.9719, 0.3474
0.9719, 0.3474
0.9759, 0.3474
0.9759, 0.3474
0.9759, 0.3474
0.9759, 0.3474
0.9759, 0.3474
0.9759, 0.3447
0.9759, 0.3447
0.9759, 0.3447
0.9759, 0.3447
0.9799, 0.3421
0.9799, 0.3421
0.9799, 0.3421
0.9799, 0.3421
0.9799, 0.3421
0.9839, 0.3421
0.9839, 0.3421
0.9839, 0.3395
0.9839, 0.3395
0.9880, 0.3368
0.9880, 0.3368
0.9880, 0.3368
0.9880, 0.3368
0.9880, 0.3342
0.9880, 0.3342
0.9880, 0.3342
0.9880, 0.3342
0.9880, 0.3342
0.9880, 0.3342
0.9880, 0.3342
0.9920, 0.3316
0.9920, 0.3316
0.9920, 0.3316
0.9920, 0.3316
0.9920, 0.3316
0.9920, 0.3316
0.9920, 0.3316
0.9920, 0.3289
0.9920, 0.3289
0.9920, 0.3289
0.9920, 0.3289
0.9920, 0.3289
0.9920, 0.3289
0.9920, 0.3289
0.9920, 0.3289
0.9920, 0.3289
0.9920, 0.3289
0.9920, 0.3289
0.9960, 0.3289
0.9960, 0.3289
0.9960, 0.3289
0.9960, 0.3289
0.9960, 0.3289
0.9960, 0.3289
0.9960, 0.3289
0.9960, 0.3289
0.9960, 0.3289
0.9960, 0.3289
0.9960, 0.3289
0.9960, 0.3289
0.9960, 0.3289
0.9960, 0.3289
0.9960, 0.3289
0.9960, 0.3289
0.9960, 0.3289
0.9960, 0.3289
0.9960, 0.3289
0.9960, 0.3289
0.9960, 0.3289
0.9960, 0.3289
0.9960, 0.3289
0.9960, 0.3263
0.9960, 0.3263
0.9960, 0.3263
0.9960, 0.3263
0.9960, 0.3263
0.9960, 0.3263
0.9960, 0.3263
0.9960, 0.3263
1.0000, 0.3237
1.0000, 0.3237
1.0000, 0.3237
1.0000, 0.3237
1.0000, 0.3237
1.0000, 0.3237
1.0000, 0.3237
1.0000, 0.3237
1.0000, 0.3237
1.0000, 0.3211
1.0000, 0.3211
1.0000, 0.3211
1.0000, 0.3211
1.0000, 0.3211
1.0000, 0.3211
1.0000, 0.3211
1.0000, 0.3211
1.0000, 0.3211
1.0000, 0.3211
1.0000, 0.3211
1.0000, 0.3211
1.0000, 0.3211
1.0000, 0.3211
1.0000, 0.3211
1.0000, 0.3211
1.0000, 0.3211
1.0000, 0.3211
1.0000, 0.3211
1.0000, 0.3211
1.0000, 0.3211
1.0000, 0.3211
1.0000, 0.3211
1.0000, 0.3211
1.0000, 0.3211
1.0000, 0.3211
1.0000, 0.3211
1.0000, 0.3211
1.0000, 0.3211
1.0000, 0.3211
0.6827, 0.2289
0.6827, 0.2289
0.6827, 0.2289
0.6827, 0.2289
0.6827, 0.2289
0.6827, 0.2289
0.6827, 0.2289
0.6827, 0.2289
0.6827, 0.2289
0.6827, 0.2289
0.6827, 0.2289
0.6827, 0.2289
0.6827, 0.2289
0.6827, 0.2289
0.6827, 0.2289
0.6827, 0.2289
0.6827, 0.2289
0.6827, 0.2289
0.6827, 0.2289
0.6827, 0.2289
0.6827, 0.2289
0.6827, 0.2289
0.6827, 0.2289
0.6827, 0.2289
0.6827, 0.2289
0.6827, 0.2289
0.6827, 0.2289
0.6827, 0.2289
0.6827, 0.2289
0.6827, 0.2289
0.6827, 0.2289
0.6827, 0.2289
0.6827, 0.2289
0.6827, 0.2289
0.6827, 0.2289
0.6827, 0.2289
0.6827, 0.2289
0.6827, 0.2289
0.6827, 0.2289
0.6827, 0.2289
0.6827, 0.2289
0.6867, 0.2263
0.6867, 0.2263
0.6867, 0.2263
0.6867, 0.2263
0.6867, 0.2263
0.6867, 0.2263
0.6908, 0.2263
0.6908, 0.2263
0.6908, 0.2263
0.6908, 0.2263
0.6908, 0.2237
0.6908, 0.2237
0.6948, 0.2184
0.6948, 0.2184
0.6948, 0.2184
0.6948, 0.2184
0.6948, 0.2184
0.6948, 0.2184
0.6948, 0.2184
0.6988, 0.2158
0.6988, 0.2158
0.6988, 0.2158
0.7028, 0.2132
0.7028, 0.2132
0.7028, 0.2132
0.7028, 0.2132
0.7028, 0.2132
0.7028, 0.2132
0.7028, 0.2132
0.7068, 0.2079
0.7068, 0.2079
0.7108, 0.2053
0.7149, 0.2053
0.7149, 0.2026
0.7189, 0.2000
0.7189, 0.2000
0.7189, 0.1974
0.7229, 0.1974
0.7309, 0.1921
0.7309, 0.1921
0.7309, 0.1921
0.7309, 0.1921
0.7309, 0.1921
0.7309, 0.1921
0.7349, 0.1895
0.7349, 0.1895
0.7349, 0.1895
0.7349, 0.1868
0.7349, 0.1868
0.7349, 0.1868
0.7349, 0.1868
0.7349, 0.1868
0.7349, 0.1868
0.7349, 0.1868
0.7390, 0.1842
0.7390, 0.1842
0.7390, 0.1842
0.7390, 0.1842
0.7390, 0.1842
0.7390, 0.1842
0.7430, 0.1842
0.7430, 0.1842
0.7430, 0.1842
0.7430, 0.1816
0.7430, 0.1816
0.7430, 0.1816
0.7430, 0.1789
0.7430, 0.1789
0.7430, 0.1789
0.7430, 0.1789
0.7430, 0.1789
0.7430, 0.1789
0.7430, 0.1789
0.7470, 0.1789
0.7470, 0.1789
0.7470, 0.1789
0.7470, 0.1763
0.7470, 0.1763
0.7470, 0.1763
0.7510, 0.1737
0.7510, 0.1737
0.7510, 0.1737
0.7510, 0.1711
0.7510, 0.1711
0.7510, 0.1711
0.7550, 0.1711
0.7550, 0.1711
0.7550, 0.1711
0.7550, 0.1711
0.7550, 0.1711
0.7550, 0.1711
0.7550, 0.1684
0.7550, 0.1684
0.7550, 0.1684
0.7590, 0.1658
0.7590, 0.1658
0.7590, 0.1658
0.7590, 0.1658
0.7590, 0.1658
0.7590, 0.1658
0.7631, 0.1632
0.7631, 0.1632
0.7631, 0.1632
0.7631, 0.1605
0.7631, 0.1605
0.7631, 0.1605
0.7631, 0.1579
0.7631, 0.1579
0.7631, 0.1579
0.7671, 0.1553
0.7671, 0.1553
0.7671, 0.1553
0.7671, 0.1553
0.7671, 0.1553
0.7671, 0.1553
0.7711, 0.1526
0.7711, 0.1526
0.7711, 0.1526
0.7751, 0.1500
0.7751, 0.1500
0.7751, 0.1500
0.7751, 0.1500
0.7751, 0.1500
0.7751, 0.1500
0.7751, 0.1500
0.7751, 0.1474
0.7751, 0.1474
0.7751, 0.1474
0.7751, 0.1474
0.7751, 0.1474
0.7751, 0.1474
0.7751, 0.1447
0.7751, 0.1447
0.7751, 0.1447
0.7791, 0.1447
0.7791, 0.1447
0.7791, 0.1447
0.7791, 0.1447
0.7791, 0.1447
0.7791, 0.1447
0.7791, 0.1447
0.7791, 0.1447
0.7791, 0.1447
0.7791, 0.1421
0.7791, 0.1421
0.7791, 0.1421
0.7791, 0.1421
0.7791, 0.1421
0.7791, 0.1421
0.7831, 0.1395
0.7831, 0.1395
0.7831, 0.1395
0.7831, 0.1395
0.7831, 0.1395
0.7831, 0.1395
0.7831, 0.1395
0.7831, 0.1395
0.7831, 0.1395
0.7831, 0.1395
0.7831, 0.1395
0.7831, 0.1395
0.7831, 0.1395
0.7831, 0.1395
0.7831, 0.1395
0.7831, 0.1395
0.7831, 0.1395
0.7831, 0.1395
0.7831, 0.1395
0.7831, 0.1395
0.7871, 0.1395
0.7871, 0.1395
0.7871, 0.1368
0.7871, 0.1368
0.7871, 0.1368
0.7871, 0.1368
0.7871, 0.1368
0.7871, 0.1368
0.7871, 0.1368
0.7871, 0.1368
0.7871, 0.1368
0.7871, 0.1368
0.7871, 0.1368
0.7871, 0.1368
0.7871, 0.1368
0.7871, 0.1368
0.7871, 0.1368
0.7871, 0.1368
0.7871, 0.1368
0.7871, 0.1368
0.7871, 0.1368
0.7871, 0.1368
0.7871, 0.1368
0.7871, 0.1368
0.7871, 0.1368
0.7871, 0.1368
0.7871, 0.1368
0.7871, 0.1368
0.7871, 0.1368
0.7871, 0.1342
0.7871, 0.1342
0.7871, 0.1342
0.7871, 0.1342
0.7871, 0.1342
0.7871, 0.1342
0.7871, 0.1342
0.7871, 0.1342
0.7871, 0.1342
0.7871, 0.1342
0.7871, 0.1342
0.7871, 0.1342
0.7871, 0.1342
0.7871, 0.1316
0.7871, 0.1316
0.7871, 0.1316
0.7871, 0.1316
0.7871, 0.1316
0.7871, 0.1316
0.7871, 0.1316
0.7871, 0.1316
0.7912, 0.1316
0.7912, 0.1316
0.7912, 0.1316
0.7912, 0.1316
0.7912, 0.1316
0.7912, 0.1316
0.7912, 0.1289
0.7912, 0.1289
0.7912, 0.1289
0.7952, 0.1289
0.7952, 0.1289
0.7952, 0.1289
0.7952, 0.1289
0.7952, 0.1289
0.7952, 0.1289
0.7952, 0.1289
0.7952, 0.1289
0.7952, 0.1289
0.7952, 0.1289
0.7952, 0.1289
0.7952, 0.1289
0.7952, 0.1289
0.7952, 0.1289
0.7952, 0.1289
0.7952, 0.1289
0.7952, 0.1289
0.7952, 0.1289
0.7952, 0.1289
0.7952, 0.1289
0.7952, 0.1289
0.7952, 0.1289
0.7952, 0.1289
0.7952, 0.1289
0.7952, 0.1289
0.7952, 0.1289
0.7952, 0.1289
0.7952, 0.1289
0.7952, 0.1289
0.7952, 0.1289
0.7952, 0.1289
0.7952, 0.1289
0.7952, 0.1289
0.7952, 0.1289
0.7952, 0.1289
0.7952, 0.1289
0.7952, 0.1289
0.7952, 0.1289
0.7952, 0.1289
0.7952, 0.1289
0.7952, 0.1289
0.7952, 0.1289
0.7952, 0.1289
0.7952, 0.1289
0.7952, 0.1289
0.7952, 0.1289
0.7952, 0.1289
0.7952, 0.1289
0.7952, 0.1289
0.7952, 0.1289
0.7952, 0.1289
0.7952, 0.1289
0.7952, 0.1289
0.7952, 0.1289
0.7952, 0.1289
0.7952, 0.1289
0.7952, 0.1289
0.7952, 0.1289
0.7952, 0.1289
0.7952, 0.1289
0.7952, 0.1289
0.7952, 0.1289
0.0000, 1.0000
0.0000, 1.0000
0.0000, 1.0000
0.0000, 1.0000
0.0000, 1.0000
0.0000, 1.0000
0.0000, 1.0000
0.0000, 1.0000
0.0000, 1.0000
0.0000, 1.0000
0.0000, 1.0000
0.0000, 1.0000
0.0000, 1.0000
0.0000, 1.0000
0.0000, 1.0000
0.0000, 1.0000
0.0000, 1.0000
0.0000, 1.0000
0.0000, 1.0000
0.0000, 1.0000
0.0000, 1.0000
0.0000, 1.0000
0.0000, 1.0000
0.0000, 1.0000
0.0000, 1.0000
0.0000, 1.0000
0.0000, 1.0000
0.0000, 1.0000
0.0000, 1.0000
0.0000, 1.0000
0.0000, 1.0000
0.0000, 1.0000
0.0000, 1.0000
0.0000, 1.0000
0.0000, 1.0000
0.0000, 1.0000
0.0000, 1.0000
0.0000, 1.0000
0.0000, 1.0000
0.0000, 1.0000
0.0000, 1.0000
