0.9919, 0.0504
0.9919, 0.0504
0.9919, 0.0504
0.9919, 0.0504
0.9919, 0.0504
0.9919, 0.0504
0.9919, 0.0504
0.9919, 0.0504
0.9919, 0.0504
0.9919, 0.0504
0.9919, 0.0504
0.9919, 0.0504
0.9919, 0.0504
0.9919, 0.0504
0.9919, 0.0504
0.9919, 0.0504
0.9919, 0.0504
0.9919, 0.0504
0.9919, 0.0504
0.9919, 0.0504
0.9919, 0.0504
0.9919, 0.0504
0.9919, 0.0504
0.9919, 0.0504
0.9919, 0.0504
0.9919, 0.0504
0.9919, 0.0504
0.9919, 0.0504
0.9919, 0.0504
0.9919, 0.0504
0.9919, 0.0504
0.9919, 0.0504
0.9919, 0.0504
0.9919, 0.0504
0.9919, 0.0504
0.9919, 0.0504
0.9919, 0.0504
0.9919, 0.0504
0.9919, 0.0504
0.9919, 0.0504
0.9919, 0.0504
0.9919, 0.0504
0.9919, 0.0504
0.9919, 0.0504
0.9919, 0.0504
0.9919, 0.0504
0.9919, 0.0504
0.9919, 0.0504
0.9919, 0.0504
0.9919, 0.0504
0.9919, 0.0504
0.9919, 0.0504
0.9919, 0.0504
0.9919, 0.0504
0.9919, 0.0504
0.9919, 0.0504
0.9919, 0.0504
0.9919, 0.0504
0.9919, 0.0504
0.9919, 0.0504
0.9919, 0.0504
0.9919, 0.0504
0.9919, 0.0504
0.9919, 0.0504
0.9919, 0.0504
0.9919, 0.0504
0.9919, 0.0504
0.9919, 0.0504
0.9919, 0.0504
0.9919, 0.0504
0.9919, 0.0504
0.9919, 0.0504
0.9919, 0.0504
0.9919, 0.0504
0.9919, 0.0504
0.9919, 0.0504
0.9919, 0.0504
0.9919, 0.0504
0.9919, 0.0504
0.9919, 0.0504
0.9919, 0.0504
0.9919, 0.0504
0.9919, 0.0504
0.9919, 0.0504
0.9919, 0.0504
0.9919, 0.0504
0.9919, 0.0504
0.9919, 0.0504
0.9919, 0.0504
0.9919, 0.0504
0.9919, 0.0504
0.9919, 0.0504
0.9919, 0.0504
0.9919, 0.0504
0.9919, 0.0504
0.9919, 0.0504
0.9919, 0.0504
0.9919, 0.0504
0.9919, 0.0504
0.9919, 0.0504
0.9919, 0.0504
0.9919, 0.0504
0.9919, 0.0504
0.9919, 0.0504
0.9919, 0.0504
0.9919, 0.0504
0.9919, 0.0504
0.9919, 0.0504
0.9919, 0.0504
0.9919, 0.0504
0.9919, 0.0504
0.9919, 0.0504
0.9919, 0.0504
0.9919, 0.0504
0.9919, 0.0504
0.9919, 0.0504
0.9919, 0.0504
0.9919, 0.0504
0.9919, 0.0504
0.9919, 0.0504
0.9919, 0.0504
0.9919, 0.0504
0.9919, 0.0504
0.9919, 0.0504
0.9919, 0.0504
0.9919, 0.0504
0.9919, 0.0504
0.9919, 0.0504
0.9919, 0.0504
0.9919, 0.0504
0.9919, 0.0504
0.9919, 0.0504
0.9919, 0.0504
0.9919, 0.0504
0.9919, 0.0504
0.9919, 0.0504
0.9919, 0.0504
0.9919, 0.0504
0.9919, 0.0504
0.9919, 0.0504
0.9919, 0.0531
0.9919, 0.0531
0.9919, 0.0531
0.9919, 0.0531
0.9919, 0.0531
0.9919, 0.0531
0.9919, 0.0531
0.9919, 0.0531
0.9919, 0.0531
0.9919, 0.0531
0.9919, 0.0531
0.9919, 0.0531
0.9919, 0.0531
0.9919, 0.0557
0.9919, 0.0557
0.9919, 0.0557
0.9919, 0.0557
0.9879, 0.0557
0.9879, 0.0557
0.9879, 0.0557
0.9879, 0.0557
0.9838, 0.0557
0.9838, 0.0557
0.9838, 0.0557
0.9838, 0.0557
0.9838, 0.0584
0.9838, 0.0584
0.9838, 0.0584
0.9838, 0.0584
0.9838, 0.0584
0.9838, 0.0584
0.9838, 0.0584
0.9838, 0.0584
0.9838, 0.0584
0.9798, 0.0584
0.9798, 0.0584
0.9798, 0.0584
0.9798, 0.0584
0.9757, 0.0584
0.9757, 0.0584
0.9757, 0.0584
0.9757, 0.0584
0.9717, 0.0584
0.9717, 0.0584
0.9717, 0.0584
0.9717, 0.0584
0.9717, 0.0584
0.9717, 0.0584
0.9717, 0.0584
0.9717, 0.0584
0.9676, 0.0610
0.9676, 0.0610
0.9676, 0.0610
0.9636, 0.0610
0.9636, 0.0610
0.9636, 0.0610
0.9636, 0.0610
0.9636, 0.0610
0.9636, 0.0610
0.9636, 0.0610
0.9636, 0.0610
0.9595, 0.0610
0.9595, 0.0610
0.9595, 0.0610
0.9595, 0.0610
0.9555, 0.0637
0.9555, 0.0637
0.9555, 0.0637
0.9555, 0.0637
0.9555, 0.0637
0.9555, 0.0637
0.9555, 0.0637
0.9555, 0.0637
0.9514, 0.0637
0.9514, 0.0637
0.9514, 0.0637
0.9514, 0.0637
0.9514, 0.0637
0.9514, 0.0637
0.9514, 0.0637
0.9514, 0.0637
0.9474, 0.0637
0.9474, 0.0637
0.9474, 0.0637
0.9474, 0.0637
0.9474, 0.0637
0.9474, 0.0637
0.9474, 0.0637
0.9474, 0.0637
0.9474, 0.0637
0.9433, 0.0637
0.9433, 0.0637
0.9433, 0.0637
0.9433, 0.0637
0.9433, 0.0637
0.9433, 0.0637
0.9433, 0.0637
0.9433, 0.0637
0.9393, 0.0663
0.9393, 0.0663
0.9393, 0.0663
0.9393, 0.0663
0.9352, 0.0663
0.9352, 0.0663
0.9352, 0.0663
0.9352, 0.0663
0.9312, 0.0663
0.9312, 0.0663
0.9312, 0.0663
0.9312, 0.0690
0.9312, 0.0690
0.9312, 0.0690
0.9312, 0.0690
0.9271, 0.0690
0.9271, 0.0690
0.9271, 0.0690
0.9271, 0.0690
0.9231, 0.0690
0.9231, 0.0690
0.9231, 0.0690
0.9231, 0.0690
0.9231, 0.0716
0.9231, 0.0716
0.9231, 0.0716
0.9231, 0.0716
0.9190, 0.0716
0.9190, 0.0716
0.9190, 0.0716
0.9190, 0.0716
0.9109, 0.0716
0.9109, 0.0716
0.9109, 0.0716
0.9109, 0.0716
0.9109, 0.0716
0.9109, 0.0716
0.9109, 0.0716
0.9109, 0.0716
0.9069, 0.0716
0.9069, 0.0716
0.9069, 0.0716
0.9069, 0.0716
0.9028, 0.0716
0.9028, 0.0716
0.9028, 0.0716
0.9028, 0.0716
0.9028, 0.0743
0.9028, 0.0743
0.9028, 0.0743
0.8988, 0.0743
0.8988, 0.0743
0.8988, 0.0743
0.8988, 0.0743
0.8947, 0.0743
0.8947, 0.0743
0.8947, 0.0743
0.8947, 0.0743
0.8907, 0.0769
0.8907, 0.0769
0.8907, 0.0769
0.8907, 0.0769
0.8907, 0.0769
0.8907, 0.0769
0.8907, 0.0769
0.8907, 0.0769
0.8866, 0.0769
0.8866, 0.0769
0.8866, 0.0769
0.8866, 0.0769
0.8866, 0.0769
0.8826, 0.0769
0.8826, 0.0769
0.8826, 0.0769
0.8826, 0.0769
0.8826, 0.0769
0.8826, 0.0769
0.8826, 0.0769
0.8785, 0.0769
0.8785, 0.0769
0.8785, 0.0769
0.8785, 0.0769
0.8745, 0.0769
0.8745, 0.0769
0.8745, 0.0769
0.8745, 0.0769
0.8704, 0.0796
0.8704, 0.0796
0.8704, 0.0796
0.8704, 0.0796
0.8704, 0.0796
0.8704, 0.0796
0.8704, 0.0796
0.8704, 0.0796
0.8664, 0.0796
0.8664, 0.0796
0.8664, 0.0796
0.8623, 0.0822
0.8623, 0.0822
0.8623, 0.0822
0.8623, 0.0822
0.8623, 0.0822
0.8623, 0.0822
0.8623, 0.0822
0.8623, 0.0822
0.8583, 0.0822
0.8583, 0.0822
0.8583, 0.0822
0.8583, 0.0822
0.8543, 0.0849
0.8543, 0.0849
0.8543, 0.0849
0.8543, 0.0849
0.8502, 0.0849
0.8502, 0.0849
0.8502, 0.0849
0.8502, 0.0849
0.8502, 0.0849
0.8502, 0.0849
0.8502, 0.0849
0.8462, 0.0849
0.8462, 0.0849
0.8462, 0.0849
0.8462, 0.0849
0.8381, 0.0849
0.8381, 0.0849
0.8381, 0.0849
0.8381, 0.0849
0.8381, 0.0849
0.8381, 0.0849
0.8381, 0.0849
0.8381, 0.0849
0.8340, 0.0849
0.8340, 0.0849
0.8340, 0.0849
0.8300, 0.0849
0.8300, 0.0849
0.8300, 0.0849
0.8300, 0.0849
0.8300, 0.0875
0.8300, 0.0875
0.8300, 0.0875
0.8300, 0.0875
0.8259, 0.0875
0.8259, 0.0875
0.8259, 0.0875
0.8259, 0.0875
0.8219, 0.0875
0.8219, 0.0875
0.8219, 0.0875
0.8219, 0.0875
0.8219, 0.0875
0.8219, 0.0875
0.8219, 0.0875
0.8219, 0.0875
0.8178, 0.0875
0.8178, 0.0875
0.8178, 0.0875
0.8138, 0.0875
0.8138, 0.0875
0.8138, 0.0875
0.8138, 0.0875
0.8097, 0.0875
0.8097, 0.0875
0.8097, 0.0875
0.8097, 0.0875
0.8097, 0.0875
0.8097, 0.0875
0.8097, 0.0875
0.8097, 0.0875
0.8057, 0.0902
0.8057, 0.0902
0.8057, 0.0902
0.8057, 0.0902
0.8016, 0.0902
0.8016, 0.0902
0.8016, 0.0902
0.8016, 0.0902
0.8016, 0.0902
0.8016, 0.0902
0.8016, 0.0902
0.8016, 0.0902
0.7935, 0.0902
0.7935, 0.0902
0.7935, 0.0902
0.7935, 0.0902
0.7895, 0.0902
0.7895, 0.0902
0.7895, 0.0902
0.7895, 0.0902
0.7895, 0.0902
0.7895, 0.0902
0.7895, 0.0902
0.7895, 0.0902
0.7854, 0.0902
0.7854, 0.0902
0.7854, 0.0902
0.7814, 0.0902
0.7814, 0.0902
0.7814, 0.0902
0.7814, 0.0902
0.7773, 0.0902
0.7773, 0.0902
0.7773, 0.0902
0.7773, 0.0902
0.7733, 0.0902
0.7733, 0.0902
0.7733, 0.0902
0.7733, 0.0902
0.7692, 0.0902
0.7692, 0.0902
0.7692, 0.0902
0.7692, 0.0902
0.7692, 0.0902
0.7692, 0.0902
0.7692, 0.0902
0.7692, 0.0902
0.7652, 0.0902
0.7652, 0.0902
0.7652, 0.0902
0.7652, 0.0902
0.7571, 0.0902
0.7571, 0.0902
0.7571, 0.0902
0.7571, 0.0902
0.7571, 0.0902
0.7571, 0.0902
0.7571, 0.0902
0.7530, 0.0902
0.7530, 0.0902
0.7530, 0.0902
0.7530, 0.0902
0.7490, 0.0902
0.7490, 0.0902
0.7490, 0.0902
0.7490, 0.0902
0.7449, 0.0902
0.7449, 0.0902
0.7449, 0.0902
0.7449, 0.0902
0.7449, 0.0902
0.7449, 0.0902
0.7449, 0.0902
0.7409, 0.0902
0.7409, 0.0902
0.7409, 0.0902
0.7409, 0.0902
0.7368, 0.0902
0.7368, 0.0902
0.7368, 0.0902
0.7368, 0.0902
0.7328, 0.0902
0.7328, 0.0902
0.7328, 0.0902
0.7287, 0.0902
0.7287, 0.0902
0.7287, 0.0902
0.7287, 0.0902
0.7247, 0.0902
0.7247, 0.0902
0.7247, 0.0902
0.7247, 0.0902
0.7206, 0.0902
0.7206, 0.0902
0.7206, 0.0902
0.7166, 0.0902
0.7166, 0.0902
0.7166, 0.0902
0.7166, 0.0902
0.7126, 0.0902
0.7126, 0.0902
0.7126, 0.0902
0.7126, 0.0902
0.7085, 0.0902
0.7085, 0.0902
0.7085, 0.0902
0.7085, 0.0902
0.7045, 0.0902
0.7045, 0.0902
0.7045, 0.0902
0.7004, 0.0902
0.7004, 0.0902
0.7004, 0.0902
0.7004, 0.0902
0.7004, 0.0902
0.7004, 0.0902
0.7004, 0.0902
0.7004, 0.0902
0.6964, 0.0902
0.6964, 0.0902
0.6964, 0.0902
0.6923, 0.0902
0.6923, 0.0902
0.6923, 0.0902
0.6923, 0.0902
0.6883, 0.0875
0.6883, 0.0875
0.6883, 0.0875
0.6842, 0.0875
0.6842, 0.0875
0.6842, 0.0875
0.6842, 0.0875
0.6802, 0.0875
0.6802, 0.0875
0.6802, 0.0875
0.6802, 0.0875
0.6761, 0.0875
0.6761, 0.0875
0.6761, 0.0875
0.6721, 0.0875
0.6721, 0.0875
0.6721, 0.0875
0.6721, 0.0875
0.6680, 0.0875
0.6680, 0.0875
0.6680, 0.0875
0.6680, 0.0875
0.6680, 0.0849
0.6680, 0.0849
0.6680, 0.0849
0.6680, 0.0849
0.6640, 0.0849
0.6640, 0.0849
0.6640, 0.0849
0.6599, 0.0849
0.6599, 0.0849
0.6599, 0.0849
0.6599, 0.0849
0.6599, 0.0849
0.6599, 0.0849
0.6599, 0.0849
0.6599, 0.0849
0.6559, 0.0849
0.6559, 0.0849
0.6559, 0.0849
0.6559, 0.0849
0.6518, 0.0822
0.6518, 0.0822
0.6518, 0.0822
0.6518, 0.0822
0.6518, 0.0822
0.6518, 0.0822
0.6518, 0.0822
0.6518, 0.0822
0.6478, 0.0822
0.6478, 0.0822
0.6478, 0.0822
0.6437, 0.0822
0.6437, 0.0822
0.6437, 0.0822
0.6437, 0.0822
0.6397, 0.0796
0.6397, 0.0796
0.6397, 0.0796
0.6397, 0.0796
0.6356, 0.0796
0.6356, 0.0796
0.6356, 0.0796
0.6316, 0.0796
0.6316, 0.0796
0.6316, 0.0796
0.6316, 0.0796
0.6275, 0.0796
0.6275, 0.0796
0.6275, 0.0796
0.6275, 0.0796
0.6275, 0.0796
0.6275, 0.0796
0.6275, 0.0796
0.6275, 0.0796
0.6235, 0.0769
0.6235, 0.0769
0.6235, 0.0769
0.6194, 0.0769
0.6194, 0.0769
0.6194, 0.0769
0.6194, 0.0769
0.6194, 0.0769
0.6194, 0.0769
0.6194, 0.0769
0.6194, 0.0769
0.6154, 0.0769
0.6154, 0.0769
0.6154, 0.0769
0.6113, 0.0743
0.6113, 0.0743
0.6113, 0.0743
0.6113, 0.0743
0.6113, 0.0743
0.6113, 0.0743
0.6113, 0.0743
0.6113, 0.0743
0.6073, 0.0743
0.6073, 0.0743
0.6073, 0.0743
0.6073, 0.0716
0.6073, 0.0716
0.6073, 0.0716
0.6073, 0.0716
0.6032, 0.0716
0.6032, 0.0716
0.6032, 0.0716
0.6032, 0.0716
0.5992, 0.0716
0.5992, 0.0716
0.5992, 0.0716
0.5992, 0.0716
0.5992, 0.0716
0.5992, 0.0716
0.5992, 0.0716
0.5951, 0.0716
0.5951, 0.0716
0.5951, 0.0716
0.5951, 0.0716
0.5911, 0.0716
0.5911, 0.0716
0.5911, 0.0716
0.5911, 0.0716
0.5870, 0.0690
0.5870, 0.0690
0.5870, 0.0690
0.5870, 0.0690
0.5870, 0.0690
0.5870, 0.0690
0.5870, 0.0690
0.5830, 0.0663
0.5830, 0.0663
0.5830, 0.0663
0.5830, 0.0663
0.5789, 0.0663
0.5789, 0.0663
0.5789, 0.0663
0.5789, 0.0663
0.5789, 0.0663
0.5789, 0.0663
0.5789, 0.0663
0.5749, 0.0663
0.5749, 0.0663
0.5749, 0.0663
0.5749, 0.0663
0.5709, 0.0663
0.5709, 0.0663
0.5709, 0.0663
0.5668, 0.0663
0.5668, 0.0663
0.5668, 0.0663
0.5668, 0.0663
0.5668, 0.0663
0.5668, 0.0663
0.5668, 0.0663
0.5668, 0.0663
0.5668, 0.0637
0.5668, 0.0637
0.5668, 0.0637
0.5668, 0.0637
0.5628, 0.0637
0.5628, 0.0637
0.5628, 0.0637
0.5587, 0.0637
0.5587, 0.0637
0.5587, 0.0637
0.5587, 0.0637
0.5587, 0.0610
0.5587, 0.0610
0.5587, 0.0610
0.5547, 0.0610
0.5547, 0.0610
0.5547, 0.0610
0.5506, 0.0610
0.5506, 0.0610
0.5506, 0.0610
0.5466, 0.0584
0.5466, 0.0584
0.5466, 0.0584
0.5466, 0.0584
0.5466, 0.0584
0.5466, 0.0584
0.5466, 0.0584
0.5425, 0.0584
0.5425, 0.0584
0.5425, 0.0584
0.5425, 0.0584
0.5385, 0.0584
0.5385, 0.0584
0.5385, 0.0584
0.5385, 0.0584
0.5385, 0.0584
0.5385, 0.0584
0.5385, 0.0584
0.5344, 0.0584
0.5344, 0.0584
0.5344, 0.0584
0.5304, 0.0584
0.5304, 0.0584
0.5304, 0.0584
0.5304, 0.0584
0.5304, 0.0584
0.5304, 0.0584
0.5304, 0.0584
0.5304, 0.0584
0.5263, 0.0584
0.5263, 0.0584
0.5263, 0.0584
0.5263, 0.0557
0.5263, 0.0557
0.5263, 0.0557
0.5263, 0.0557
0.5263, 0.0557
0.5263, 0.0557
0.5263, 0.0557
0.5223, 0.0557
0.5223, 0.0557
0.5223, 0.0557
0.5182, 0.0557
0.5182, 0.0557
0.5182, 0.0557
0.5182, 0.0557
0.5182, 0.0557
0.5182, 0.0557
0.5182, 0.0557
0.5142, 0.0557
0.5142, 0.0557
0.5142, 0.0557
0.5142, 0.0557
0.5061, 0.0531
0.5061, 0.0531
0.5061, 0.0531
0.5061, 0.0531
0.5061, 0.0531
0.5061, 0.0531
0.5061, 0.0531
0.5020, 0.0531
0.5020, 0.0531
0.5020, 0.0531
0.5020, 0.0531
0.4980, 0.0531
0.4980, 0.0531
0.4980, 0.0531
0.4980, 0.0531
0.4980, 0.0531
0.4980, 0.0531
0.4980, 0.0531
0.4980, 0.0531
0.4980, 0.0531
0.4980, 0.0531
0.4980, 0.0531
0.4939, 0.0531
0.4939, 0.0531
0.4939, 0.0531
0.4899, 0.0531
0.4899, 0.0531
0.4899, 0.0531
0.4899, 0.0531
0.4858, 0.0531
0.4858, 0.0531
0.4858, 0.0531
0.4858, 0.0531
0.4858, 0.0531
0.4858, 0.0531
0.4858, 0.0531
0.4818, 0.0504
0.4818, 0.0504
0.4818, 0.0504
0.4818, 0.0504
0.4777, 0.0504
0.4777, 0.0504
0.4777, 0.0504
0.4777, 0.0504
0.4777, 0.0504
0.4777, 0.0504
0.4777, 0.0504
0.4737, 0.0504
0.4737, 0.0504
0.4737, 0.0504
0.4696, 0.0504
0.4696, 0.0504
0.4696, 0.0504
0.4696, 0.0504
0.4656, 0.0504
0.4656, 0.0504
0.4656, 0.0504
0.4615, 0.0504
0.4615, 0.0504
0.4615, 0.0504
0.4575, 0.0477
0.4575, 0.0477
0.4575, 0.0477
0.4575, 0.0477
0.4534, 0.0477
0.4534, 0.0477
0.4534, 0.0477
0.4534, 0.0477
0.4534, 0.0477
0.4534, 0.0477
0.4494, 0.0477
0.4494, 0.0477
0.4494, 0.0477
0.4494, 0.0477
0.4453, 0.0477
0.4453, 0.0477
0.4453, 0.0477
0.4453, 0.0477
0.4453, 0.0477
0.4453, 0.0477
0.4453, 0.0477
0.4413, 0.0477
0.4413, 0.0477
0.4413, 0.0477
0.4372, 0.0477
0.4372, 0.0477
0.4372, 0.0477
0.4372, 0.0477
0.4372, 0.0477
0.4372, 0.0477
0.4372, 0.0477
0.4291, 0.0477
0.4291, 0.0477
0.4291, 0.0477
0.4291, 0.0477
0.4251, 0.0477
0.4251, 0.0477
0.4251, 0.0477
0.4251, 0.0477
0.4251, 0.0477
0.4251, 0.0477
0.4211, 0.0477
0.4211, 0.0477
0.4211, 0.0477
0.4211, 0.0477
0.4170, 0.0477
0.4170, 0.0477
0.4170, 0.0477
0.4130, 0.0477
0.4130, 0.0477
0.4130, 0.0477
0.4130, 0.0477
0.4089, 0.0477
0.4089, 0.0477
0.4089, 0.0477
0.4049, 0.0477
0.4049, 0.0477
0.4049, 0.0477
0.4049, 0.0477
0.4049, 0.0477
0.4049, 0.0477
0.4049, 0.0477
0.4008, 0.0477
0.4008, 0.0477
0.4008, 0.0477
0.4008, 0.0477
0.3968, 0.0477
0.3968, 0.0477
0.3968, 0.0477
0.3927, 0.0477
0.3927, 0.0477
0.3927, 0.0477
0.3927, 0.0477
0.3927, 0.0477
0.3927, 0.0477
0.3927, 0.0477
0.3887, 0.0477
0.3887, 0.0477
0.3887, 0.0477
0.3887, 0.0477
0.3846, 0.0477
0.3846, 0.0477
0.3846, 0.0477
0.3846, 0.0477
0.3846, 0.0477
0.3846, 0.0477
0.3846, 0.0477
0.3806, 0.0477
0.3806, 0.0477
0.3806, 0.0477
0.3765, 0.0477
0.3765, 0.0477
0.3765, 0.0477
0.3765, 0.0477
0.3725, 0.0477
0.3725, 0.0477
0.3725, 0.0477
0.3725, 0.0477
0.3725, 0.0477
0.3725, 0.0477
0.3725, 0.0477
0.3684, 0.0477
0.3684, 0.0477
0.3684, 0.0477
0.3644, 0.0477
0.3644, 0.0477
0.3644, 0.0477
0.3644, 0.0477
0.3644, 0.0477
0.3644, 0.0477
0.3644, 0.0477
0.3603, 0.0477
0.3603, 0.0477
0.3603, 0.0477
0.3603, 0.0477
0.3563, 0.0477
0.3563, 0.0477
0.3563, 0.0477
0.3522, 0.0477
0.3522, 0.0477
0.3522, 0.0477
0.3522, 0.0477
0.3522, 0.0477
0.3522, 0.0477
0.3522, 0.0477
0.3482, 0.0477
0.3482, 0.0477
0.3482, 0.0477
0.3482, 0.0477
0.3441, 0.0477
0.3441, 0.0477
0.3441, 0.0477
0.3441, 0.0477
0.3441, 0.0477
0.3441, 0.0477
0.3441, 0.0477
0.3401, 0.0477
0.3401, 0.0477
0.3401, 0.0477
0.3360, 0.0477
0.3360, 0.0477
0.3360, 0.0477
0.3320, 0.0477
0.3320, 0.0477
0.3320, 0.0477
0.3320, 0.0477
0.3320, 0.0477
0.3320, 0.0477
0.3320, 0.0477
0.3279, 0.0477
0.3279, 0.0477
0.3279, 0.0477
0.3279, 0.0477
0.3239, 0.0477
0.3239, 0.0477
0.3239, 0.0477
0.3198, 0.0477
0.3198, 0.0477
0.3198, 0.0477
0.3158, 0.0477
0.3158, 0.0477
0.3158, 0.0477
0.3158, 0.0477
0.3117, 0.0477
0.3117, 0.0477
0.3117, 0.0477
0.3117, 0.0477
0.3117, 0.0477
0.3117, 0.0477
0.3117, 0.0477
0.3077, 0.0477
0.3077, 0.0477
0.3077, 0.0477
0.3036, 0.0477
0.3036, 0.0477
0.3036, 0.0477
0.3036, 0.0477
0.3036, 0.0477
0.3036, 0.0477
0.3036, 0.0477
0.3036, 0.0477
0.3036, 0.0477
0.3036, 0.0477
0.3036, 0.0477
0.2996, 0.0477
0.2996, 0.0477
0.2996, 0.0477
0.2955, 0.0477
0.2955, 0.0477
0.2955, 0.0477
0.2955, 0.0477
0.2915, 0.0477
0.2915, 0.0477
0.2915, 0.0477
0.2915, 0.0477
0.2915, 0.0477
0.2915, 0.0477
0.2915, 0.0477
0.2915, 0.0477
0.2915, 0.0477
0.2915, 0.0477
0.2874, 0.0477
0.2874, 0.0477
0.2874, 0.0477
0.2834, 0.0477
0.2834, 0.0477
0.2834, 0.0477
0.2834, 0.0477
0.2834, 0.0477
0.2834, 0.0477
0.2834, 0.0477
0.2794, 0.0477
0.2794, 0.0477
0.2794, 0.0477
0.2794, 0.0477
0.2753, 0.0504
0.2753, 0.0504
0.2753, 0.0504
0.2713, 0.0504
0.2713, 0.0504
0.2713, 0.0504
0.2713, 0.0504
0.2713, 0.0504
0.2713, 0.0504
0.2713, 0.0504
0.2672, 0.0504
0.2672, 0.0504
0.2672, 0.0504
0.2591, 0.0504
0.2591, 0.0504
0.2591, 0.0504
0.2591, 0.0504
0.2591, 0.0504
0.2591, 0.0504
0.2551, 0.0504
0.2551, 0.0504
0.2551, 0.0504
0.2551, 0.0504
0.2510, 0.0531
0.2510, 0.0531
0.2510, 0.0531
0.2510, 0.0531
0.2510, 0.0531
0.2510, 0.0531
0.2470, 0.0531
0.2470, 0.0531
0.2470, 0.0531
0.2470, 0.0531
0.2429, 0.0557
0.2429, 0.0557
0.2429, 0.0557
0.2429, 0.0557
0.2429, 0.0557
0.2429, 0.0557
0.2389, 0.0557
0.2389, 0.0557
0.2389, 0.0557
0.2389, 0.0557
0.2389, 0.0557
0.2389, 0.0557
0.2389, 0.0557
0.2348, 0.0557
0.2348, 0.0557
0.2348, 0.0557
0.2348, 0.0557
0.2308, 0.0557
0.2308, 0.0557
0.2308, 0.0557
0.2308, 0.0557
0.2308, 0.0557
0.2308, 0.0557
0.2308, 0.0584
0.2308, 0.0584
0.2308, 0.0584
0.2308, 0.0584
0.2267, 0.0584
0.2267, 0.0584
0.2267, 0.0584
0.2227, 0.0584
0.2227, 0.0584
0.2227, 0.0584
0.2227, 0.0584
0.2186, 0.0610
0.2186, 0.0610
0.2186, 0.0610
0.2186, 0.0610
0.2186, 0.0610
0.2186, 0.0610
0.2186, 0.0637
0.2186, 0.0637
0.2186, 0.0637
0.2146, 0.0637
0.2146, 0.0637
0.2146, 0.0637
0.2146, 0.0637
0.2105, 0.0637
0.2105, 0.0637
0.2105, 0.0637
0.2105, 0.0637
0.2105, 0.0637
0.2105, 0.0637
0.2105, 0.0637
0.2105, 0.0637
0.2105, 0.0637
0.2105, 0.0637
0.2065, 0.0663
0.2065, 0.0663
0.2065, 0.0663
0.2065, 0.0663
0.2065, 0.0663
0.2065, 0.0663
0.2065, 0.0663
0.2024, 0.0663
0.2024, 0.0663
0.2024, 0.0663
0.2024, 0.0690
0.2024, 0.0690
0.2024, 0.0690
0.2024, 0.0690
0.1984, 0.0690
0.1984, 0.0690
0.1984, 0.0690
0.1984, 0.0690
0.1984, 0.0690
0.1984, 0.0690
0.1984, 0.0690
0.1984, 0.0690
0.1984, 0.0690
0.1984, 0.0690
0.1984, 0.0690
0.1984, 0.0690
0.1984, 0.0690
0.1943, 0.0690
0.1943, 0.0690
0.1943, 0.0690
0.1943, 0.0690
0.1943, 0.0690
0.1943, 0.0690
0.1943, 0.0690
0.1943, 0.0716
0.1943, 0.0716
0.1903, 0.0716
0.1903, 0.0716
0.1903, 0.0716
0.1903, 0.0716
0.1903, 0.0743
0.1903, 0.0743
0.1903, 0.0743
0.1903, 0.0743
0.1903, 0.0743
0.1903, 0.0743
0.1903, 0.0743
0.1903, 0.0769
0.1903, 0.0769
0.1903, 0.0769
0.1903, 0.0769
0.1903, 0.0769
0.1903, 0.0769
0.1903, 0.0769
0.1862, 0.0769
0.1862, 0.0769
0.1862, 0.0769
0.1822, 0.0796
0.1822, 0.0796
0.1822, 0.0796
0.1822, 0.0796
0.1822, 0.0796
0.1822, 0.0796
0.1822, 0.0796
0.1822, 0.0822
0.1822, 0.0822
0.1822, 0.0822
0.1822, 0.0822
0.1822, 0.0822
0.1822, 0.0822
0.1822, 0.0822
0.1822, 0.0822
0.1822, 0.0822
0.1822, 0.0822
0.1822, 0.0822
0.1822, 0.0822
0.1822, 0.0822
0.1822, 0.0822
0.1822, 0.0822
0.1822, 0.0822
0.1822, 0.0822
0.1822, 0.0849
0.1822, 0.0849
0.1822, 0.0849
0.1822, 0.0849
0.1822, 0.0849
0.1822, 0.0849
0.1781, 0.0849
0.1781, 0.0849
0.1781, 0.0849
0.1781, 0.0849
0.1781, 0.0875
0.1781, 0.0875
0.1781, 0.0875
0.1781, 0.0902
0.1781, 0.0902
0.1781, 0.0902
0.1781, 0.0902
0.1781, 0.0902
0.1781, 0.0902
0.1781, 0.0902
0.1781, 0.0902
0.1781, 0.0902
0.1781, 0.0902
0.1741, 0.0928
0.1741, 0.0928
0.1741, 0.0928
0.1741, 0.0928
0.1741, 0.0928
0.1741, 0.0928
0.1741, 0.0928
0.1741, 0.0955
0.1741, 0.0955
0.1741, 0.0955
0.1741, 0.0955
0.1741, 0.0955
0.1741, 0.0955
0.1700, 0.0981
0.1700, 0.0981
0.1700, 0.0981
0.1700, 0.0981
0.1700, 0.0981
0.1700, 0.0981
0.1700, 0.0981
0.1700, 0.1008
0.1700, 0.1008
0.1700, 0.1008
0.1700, 0.1034
0.1700, 0.1034
0.1700, 0.1034
0.1700, 0.1034
0.1700, 0.1034
0.1700, 0.1034
0.1700, 0.1034
0.1700, 0.1034
0.1700, 0.1034
0.1700, 0.1061
0.1700, 0.1061
0.1700, 0.1061
0.1700, 0.1088
0.1700, 0.1088
0.1700, 0.1088
0.1700, 0.1088
0.1700, 0.1088
0.1700, 0.1088
0.1700, 0.1088
0.1700, 0.1114
0.1700, 0.1114
0.1700, 0.1114
0.1700, 0.1114
0.1700, 0.1114
0.1700, 0.1114
0.1700, 0.1141
0.1700, 0.1141
0.1700, 0.1141
0.1700, 0.1141
0.1700, 0.1167
0.1700, 0.1167
0.1700, 0.1167
0.1700, 0.1167
0.1700, 0.1167
0.1700, 0.1167
0.1700, 0.1167
0.1700, 0.1167
0.1700, 0.1167
0.1700, 0.1194
0.1700, 0.1194
0.1700, 0.1194
0.1700, 0.1194
0.1700, 0.1220
0.1700, 0.1220
0.1700, 0.1220
0.1700, 0.1220
0.1700, 0.1220
0.1700, 0.1220
0.1700, 0.1247
0.1700, 0.1247
0.1700, 0.1247
0.1700, 0.1247
0.1700, 0.1247
0.1700, 0.1247
0.1700, 0.1247
0.1700, 0.1273
0.1700, 0.1273
0.1700, 0.1273
0.1700, 0.1300
0.1700, 0.1300
0.1700, 0.1300
0.1700, 0.1300
0.1700, 0.1300
0.1700, 0.1300
0.1700, 0.1300
0.1700, 0.1300
0.1700, 0.1300
0.1700, 0.1300
0.1700, 0.1300
0.1700, 0.1300
0.1700, 0.1300
0.1700, 0.1326
0.1700, 0.1326
0.1700, 0.1326
0.1700, 0.1353
0.1700, 0.1353
0.1700, 0.1353
0.1700, 0.1353
0.1700, 0.1353
0.1700, 0.1353
0.1700, 0.1353
0.1700, 0.1353
0.1700, 0.1353
0.1700, 0.1353
0.1700, 0.1353
0.1700, 0.1379
0.1700, 0.1379
0.1700, 0.1379
0.1700, 0.1406
0.1700, 0.1406
0.1700, 0.1406
0.1700, 0.1406
0.1700, 0.1406
0.1700, 0.1406
0.1700, 0.1406
0.1700, 0.1406
0.1700, 0.1406
0.1700, 0.1406
0.1700, 0.1432
0.1700, 0.1432
0.1700, 0.1432
0.1700, 0.1459
0.1700, 0.1459
0.1700, 0.1459
0.1700, 0.1485
0.1700, 0.1485
0.1700, 0.1485
0.1700, 0.1485
0.1700, 0.1485
0.1700, 0.1485
0.1700, 0.1485
0.1700, 0.1485
0.1700, 0.1485
0.1700, 0.1485
0.1700, 0.1512
0.1700, 0.1512
0.1700, 0.1512
0.1700, 0.1538
0.1700, 0.1538
0.1700, 0.1538
0.1700, 0.1538
0.1700, 0.1538
0.1700, 0.1538
0.1700, 0.1538
0.1700, 0.1565
0.1700, 0.1565
0.1700, 0.1592
0.1700, 0.1592
0.1700, 0.1592
0.1700, 0.1618
0.1700, 0.1618
0.1700, 0.1618
0.1700, 0.1618
0.1700, 0.1618
0.1700, 0.1618
0.1700, 0.1618
0.1700, 0.1645
0.1700, 0.1645
0.1700, 0.1645
0.1700, 0.1671
0.1700, 0.1671
0.1700, 0.1671
0.1700, 0.1671
0.1700, 0.1671
0.1700, 0.1671
0.1741, 0.1671
0.1741, 0.1671
0.1741, 0.1671
0.1741, 0.1698
0.1741, 0.1698
0.1741, 0.1698
0.1741, 0.1724
0.1741, 0.1724
0.1741, 0.1724
0.1781, 0.1751
0.1781, 0.1751
0.1781, 0.1751
0.1781, 0.1751
0.1781, 0.1751
0.1781, 0.1751
0.1781, 0.1751
0.1781, 0.1777
0.1781, 0.1777
0.1781, 0.1777
0.1781, 0.1804
0.1781, 0.1804
0.1781, 0.1804
0.1781, 0.1804
0.1781, 0.1804
0.1781, 0.1804
0.1781, 0.1804
0.1822, 0.1830
0.1822, 0.1830
0.1822, 0.1830
0.1822, 0.1857
0.1822, 0.1857
0.1822, 0.1857
0.1822, 0.1857
0.1822, 0.1857
0.1822, 0.1857
0.1862, 0.1883
0.1862, 0.1883
0.1862, 0.1883
0.1862, 0.1883
0.1862, 0.1883
0.1862, 0.1883
0.1862, 0.1883
0.1862, 0.1910
0.1862, 0.1910
0.1862, 0.1910
0.1862, 0.1936
0.1862, 0.1936
0.1862, 0.1936
0.1903, 0.1936
0.1903, 0.1936
0.1903, 0.1936
0.1903, 0.1963
0.1903, 0.1963
0.1903, 0.1963
0.1943, 0.1963
0.1943, 0.1963
0.1943, 0.1963
0.1943, 0.1989
0.1943, 0.1989
0.1943, 0.1989
0.1943, 0.2016
0.1943, 0.2016
0.1943, 0.2016
0.1984, 0.2016
0.1984, 0.2016
0.1984, 0.2016
0.2024, 0.2042
0.2024, 0.2042
0.2024, 0.2042
0.2024, 0.2069
0.2024, 0.2069
0.2024, 0.2069
0.2065, 0.2069
0.2065, 0.2069
0.2065, 0.2069
0.2065, 0.2095
0.2065, 0.2095
0.2065, 0.2095
0.2065, 0.2122
0.2065, 0.2122
0.2065, 0.2122
0.2105, 0.2149
0.2105, 0.2149
0.2105, 0.2149
0.2105, 0.2149
0.2105, 0.2149
0.2105, 0.2149
0.2105, 0.2175
0.2105, 0.2175
0.2105, 0.2175
0.2146, 0.2202
0.2146, 0.2202
0.2146, 0.2202
0.2146, 0.2202
0.2146, 0.2202
0.2146, 0.2202
0.2146, 0.2202
0.2146, 0.2202
0.2146, 0.2202
0.2146, 0.2202
0.2146, 0.2228
0.2146, 0.2228
0.2146, 0.2228
0.2186, 0.2255
0.2186, 0.2255
0.2186, 0.2255
0.2186, 0.2255
0.2186, 0.2255
0.2186, 0.2255
0.2227, 0.2281
0.2227, 0.2281
0.2227, 0.2281
0.2227, 0.2281
0.2227, 0.2281
0.2227, 0.2281
0.2227, 0.2308
0.2227, 0.2308
0.2227, 0.2308
0.2267, 0.2334
0.2267, 0.2334
0.2267, 0.2334
0.2267, 0.2334
0.2267, 0.2334
0.2267, 0.2334
0.2267, 0.2334
0.2267, 0.2334
0.2267, 0.2334
0.2267, 0.2334
0.2267, 0.2361
0.2267, 0.2361
0.2267, 0.2361
0.2267, 0.2361
0.2267, 0.2361
0.2267, 0.2361
0.2308, 0.2387
0.2308, 0.2387
0.2308, 0.2387
0.2348, 0.2387
0.2348, 0.2387
0.2348, 0.2387
0.2348, 0.2387
0.2348, 0.2387
0.2348, 0.2387
0.2348, 0.2387
0.2348, 0.2414
0.2348, 0.2414
0.2348, 0.2414
0.2348, 0.2440
0.2348, 0.2440
0.2389, 0.2440
0.2389, 0.2440
0.2389, 0.2440
0.2429, 0.2467
0.2429, 0.2467
0.2429, 0.2467
0.2429, 0.2467
0.2429, 0.2467
0.2429, 0.2467
0.2470, 0.2467
0.2470, 0.2467
0.2470, 0.2467
0.2470, 0.2493
0.2470, 0.2493
0.2470, 0.2493
0.2470, 0.2520
0.2470, 0.2520
0.2470, 0.2520
0.2510, 0.2520
0.2510, 0.2520
0.2510, 0.2520
0.2551, 0.2546
0.2551, 0.2546
0.2551, 0.2546
0.2551, 0.2546
0.2551, 0.2546
0.2551, 0.2546
0.2551, 0.2573
0.2551, 0.2573
0.2551, 0.2599
0.2551, 0.2599
0.2551, 0.2599
0.2591, 0.2599
0.2591, 0.2599
0.2591, 0.2599
0.2591, 0.2599
0.2591, 0.2599
0.2591, 0.2599
0.2632, 0.2599
0.2632, 0.2599
0.2632, 0.2599
0.2632, 0.2626
0.2632, 0.2626
0.2632, 0.2626
0.2672, 0.2626
0.2672, 0.2626
0.2672, 0.2626
0.2672, 0.2653
0.2672, 0.2653
0.2672, 0.2653
0.2672, 0.2653
0.2672, 0.2653
0.2672, 0.2653
0.2713, 0.2653
0.2713, 0.2653
0.2713, 0.2653
0.2713, 0.2653
0.2713, 0.2653
0.2713, 0.2653
0.2753, 0.2679
0.2753, 0.2679
0.2753, 0.2679
0.2753, 0.2679
0.2753, 0.2679
0.2753, 0.2679
0.2753, 0.2706
0.2753, 0.2706
0.2753, 0.2706
0.2753, 0.2706
0.2753, 0.2706
0.2753, 0.2706
0.2753, 0.2706
0.2794, 0.2732
0.2794, 0.2732
0.2794, 0.2732
0.2834, 0.2732
0.2834, 0.2732
0.2834, 0.2732
0.2834, 0.2732
0.2834, 0.2732
0.2834, 0.2732
0.2834, 0.2732
0.2834, 0.2732
0.2834, 0.2732
0.2874, 0.2732
0.2874, 0.2732
0.2874, 0.2732
0.2874, 0.2732
0.2874, 0.2732
0.2874, 0.2732
0.2874, 0.2732
0.2874, 0.2732
0.2874, 0.2732
0.2874, 0.2732
0.2874, 0.2732
0.2874, 0.2732
0.2874, 0.2732
0.2874, 0.2732
0.2874, 0.2732
0.2874, 0.2732
0.2874, 0.2732
0.2874, 0.2732
0.2874, 0.2732
0.2874, 0.2732
0.2874, 0.2732
0.2874, 0.2732
0.2874, 0.2732
0.2874, 0.2732
0.2874, 0.2732
0.2874, 0.2732
0.2874, 0.2732
0.2874, 0.2732
0.2874, 0.2732
0.2874, 0.2732
0.2874, 0.2732
0.2874, 0.2732
0.2874, 0.2732
0.2874, 0.2732
0.2874, 0.2732
0.2874, 0.2732
0.2874, 0.2732
0.2874, 0.2732
0.2874, 0.2732
0.2874, 0.2732
0.2874, 0.2732
0.2874, 0.2732
0.2874, 0.2732
0.2874, 0.2732
0.2874, 0.2732
0.2874, 0.2732
0.2874, 0.2732
0.2874, 0.2732
0.2874, 0.2732
0.2874, 0.2732
0.1134, 0.3077
0.1134, 0.3077
0.1134, 0.3077
0.1134, 0.3077
0.1134, 0.3077
0.1134, 0.3077
0.1134, 0.3077
0.1134, 0.3077
0.1134, 0.3077
0.1134, 0.3077
0.1134, 0.3077
0.1134, 0.3077
0.1134, 0.3077
0.1134, 0.3077
0.1134, 0.3077
0.1134, 0.3077
0.1134, 0.3077
0.1134, 0.3077
0.1134, 0.3077
0.1134, 0.3077
0.1134, 0.3077
0.1134, 0.3077
0.1134, 0.3077
0.1134, 0.3077
0.1134, 0.3077
0.1134, 0.3077
0.1134, 0.3077
0.1134, 0.3077
0.1134, 0.3077
0.1134, 0.3077
0.1134, 0.3077
0.1134, 0.3077
0.1134, 0.3077
0.1134, 0.3077
0.1134, 0.3077
0.1134, 0.3077
0.1134, 0.3077
0.1134, 0.3077
0.1134, 0.3077
0.1134, 0.3077
0.1134, 0.3077
0.1134, 0.3077
0.1134, 0.3077
0.1134, 0.3077
0.1134, 0.3077
0.1134, 0.3077
0.1134, 0.3077
0.1134, 0.3077
0.1134, 0.3077
0.1134, 0.3077
0.1134, 0.3077
0.1134, 0.3077
0.1134, 0.3077
0.1134, 0.3077
0.1134, 0.3077
0.1134, 0.3077
0.1134, 0.3077
0.1134, 0.3077
0.1134, 0.3077
0.1134, 0.3077
0.1134, 0.3077
0.1134, 0.3077
0.1134, 0.3077
0.1134, 0.3077
0.1134, 0.3077
0.1174, 0.3077
0.1174, 0.3077
0.1174, 0.3077
0.1174, 0.3077
0.1174, 0.3077
0.1174, 0.3077
0.1174, 0.3077
0.1174, 0.3077
0.1174, 0.3077
0.1215, 0.3077
0.1215, 0.3077
0.1215, 0.3077
0.1215, 0.3077
0.1215, 0.3077
0.1215, 0.3077
0.1215, 0.3077
0.1215, 0.3077
0.1215, 0.3077
0.1215, 0.3077
0.1215, 0.3077
0.1215, 0.3077
0.1215, 0.3077
0.1215, 0.3077
0.1215, 0.3077
0.1215, 0.3077
0.1215, 0.3077
0.1215, 0.3077
0.1255, 0.3077
0.1255, 0.3077
0.1255, 0.3077
0.1255, 0.3077
0.1296, 0.3050
0.1296, 0.3050
0.1296, 0.3050
0.1296, 0.3050
0.1296, 0.3050
0.1296, 0.3050
0.1296, 0.3050
0.1296, 0.3050
0.1296, 0.3050
0.1296, 0.3050
0.1296, 0.3050
0.1296, 0.3050
0.1296, 0.3050
0.1336, 0.3050
0.1336, 0.3050
0.1336, 0.3050
0.1336, 0.3050
0.1377, 0.3050
0.1377, 0.3050
0.1377, 0.3050
0.1417, 0.3024
0.1417, 0.3024
0.1417, 0.3024
0.1417, 0.3024
0.1417, 0.3024
0.1417, 0.3024
0.1417, 0.3024
0.1417, 0.3024
0.1417, 0.3024
0.1417, 0.3024
0.1417, 0.3024
0.1417, 0.3024
0.1417, 0.3024
0.1457, 0.2997
0.1457, 0.2997
0.1457, 0.2997
0.1457, 0.2997
0.1498, 0.2997
0.1498, 0.2997
0.1498, 0.2997
0.1498, 0.2997
0.1498, 0.2997
0.1498, 0.2997
0.1498, 0.2997
0.1498, 0.2997
0.1498, 0.2997
0.1498, 0.2971
0.1498, 0.2971
0.1498, 0.2971
0.1498, 0.2971
0.1538, 0.2971
0.1538, 0.2971
0.1538, 0.2971
0.1538, 0.2971
0.1538, 0.2971
0.1538, 0.2971
0.1538, 0.2971
0.1538, 0.2971
0.1579, 0.2971
0.1579, 0.2971
0.1579, 0.2971
0.1579, 0.2971
0.1619, 0.2971
0.1619, 0.2971
0.1619, 0.2971
0.1619, 0.2971
0.1619, 0.2971
0.1619, 0.2971
0.1619, 0.2971
0.1619, 0.2971
0.1619, 0.2971
0.1619, 0.2971
0.1619, 0.2971
0.1619, 0.2971
0.1619, 0.2971
0.1660, 0.2944
0.1660, 0.2944
0.1660, 0.2944
0.1660, 0.2944
0.1700, 0.2944
0.1700, 0.2944
0.1700, 0.2944
0.1700, 0.2944
0.1700, 0.2944
0.1700, 0.2944
0.1700, 0.2944
0.1700, 0.2944
0.1700, 0.2944
0.1700, 0.2944
0.1700, 0.2944
0.1700, 0.2944
0.1700, 0.2918
0.1700, 0.2918
0.1700, 0.2918
0.1700, 0.2918
0.1741, 0.2918
0.1741, 0.2918
0.1741, 0.2918
0.1741, 0.2918
0.1781, 0.2918
0.1781, 0.2918
0.1781, 0.2918
0.1781, 0.2918
0.1781, 0.2918
0.1781, 0.2918
0.1781, 0.2918
0.1781, 0.2918
0.1781, 0.2918
0.1781, 0.2918
0.1781, 0.2918
0.1781, 0.2918
0.1781, 0.2918
0.1822, 0.2918
0.1822, 0.2918
0.1822, 0.2918
0.1822, 0.2918
0.1822, 0.2918
0.1822, 0.2918
0.1822, 0.2918
0.1822, 0.2918
0.1822, 0.2918
0.1862, 0.2891
0.1862, 0.2891
0.1862, 0.2891
0.1903, 0.2891
0.1903, 0.2891
0.1903, 0.2891
0.1903, 0.2891
0.1903, 0.2891
0.1903, 0.2891
0.1903, 0.2891
0.1903, 0.2891
0.1903, 0.2891
0.1903, 0.2891
0.1903, 0.2891
0.1903, 0.2891
0.1903, 0.2891
0.1943, 0.2865
0.1943, 0.2865
0.1943, 0.2865
0.1984, 0.2865
0.1984, 0.2865
0.1984, 0.2865
0.1984, 0.2865
0.1984, 0.2865
0.1984, 0.2865
0.1984, 0.2865
0.1984, 0.2865
0.1984, 0.2865
0.1984, 0.2865
0.1984, 0.2865
0.1984, 0.2865
0.1984, 0.2865
0.1984, 0.2838
0.1984, 0.2838
0.1984, 0.2838
0.1984, 0.2838
0.2024, 0.2838
0.2024, 0.2838
0.2024, 0.2838
0.2024, 0.2838
0.2024, 0.2838
0.2024, 0.2838
0.2024, 0.2838
0.2024, 0.2838
0.2065, 0.2838
0.2065, 0.2838
0.2065, 0.2838
0.2065, 0.2838
0.2065, 0.2838
0.2065, 0.2838
0.2065, 0.2838
0.2065, 0.2838
0.2105, 0.2838
0.2105, 0.2838
0.2105, 0.2838
0.2105, 0.2838
0.2105, 0.2812
0.2105, 0.2812
0.2105, 0.2812
0.2105, 0.2812
0.2105, 0.2812
0.2105, 0.2812
0.2105, 0.2812
0.2105, 0.2812
0.2105, 0.2812
0.2105, 0.2812
0.2105, 0.2812
0.2105, 0.2812
0.2146, 0.2812
0.2146, 0.2812
0.2146, 0.2812
0.2146, 0.2812
0.2146, 0.2785
0.2146, 0.2785
0.2146, 0.2785
0.2146, 0.2785
0.2186, 0.2785
0.2186, 0.2785
0.2186, 0.2785
0.2186, 0.2785
0.2186, 0.2785
0.2186, 0.2785
0.2186, 0.2785
0.2186, 0.2785
0.2186, 0.2785
0.2186, 0.2785
0.2186, 0.2785
0.2186, 0.2785
0.2186, 0.2785
0.2186, 0.2785
0.2186, 0.2785
0.2186, 0.2785
0.2186, 0.2785
0.2227, 0.2785
0.2227, 0.2785
0.2227, 0.2785
0.2227, 0.2785
0.2267, 0.2785
0.2267, 0.2785
0.2267, 0.2785
0.2267, 0.2785
0.2267, 0.2785
0.2267, 0.2785
0.2267, 0.2785
0.2267, 0.2785
0.2308, 0.2759
0.2308, 0.2759
0.2308, 0.2759
0.2308, 0.2759
0.2308, 0.2759
0.2308, 0.2759
0.2308, 0.2759
0.2308, 0.2759
0.2308, 0.2759
0.2308, 0.2759
0.2308, 0.2759
0.2308, 0.2759
0.2348, 0.2759
0.2348, 0.2759
0.2348, 0.2759
0.2348, 0.2759
0.2348, 0.2759
0.2348, 0.2759
0.2348, 0.2759
0.2348, 0.2759
0.2389, 0.2732
0.2389, 0.2732
0.2389, 0.2732
0.2389, 0.2732
0.2389, 0.2732
0.2389, 0.2732
0.2389, 0.2732
0.2389, 0.2732
0.2389, 0.2732
0.2389, 0.2732
0.2389, 0.2732
0.2389, 0.2732
0.2429, 0.2732
0.2429, 0.2732
0.2429, 0.2732
0.2429, 0.2732
0.2429, 0.2732
0.2429, 0.2732
0.2429, 0.2732
0.2429, 0.2732
0.2470, 0.2732
0.2470, 0.2732
0.2470, 0.2732
0.2470, 0.2732
0.2470, 0.2732
0.2470, 0.2732
0.2470, 0.2732
0.2470, 0.2732
0.2510, 0.2732
0.2510, 0.2732
0.2510, 0.2732
0.2510, 0.2706
0.2510, 0.2706
0.2510, 0.2706
0.2510, 0.2706
0.2510, 0.2706
0.2510, 0.2706
0.2510, 0.2706
0.2510, 0.2706
0.2510, 0.2706
0.2510, 0.2706
0.2510, 0.2706
0.2510, 0.2706
0.2510, 0.2706
0.2551, 0.2706
0.2551, 0.2706
0.2551, 0.2706
0.2551, 0.2706
0.2591, 0.2706
0.2591, 0.2706
0.2591, 0.2706
0.2591, 0.2706
0.2591, 0.2706
0.2591, 0.2706
0.2591, 0.2706
0.2591, 0.2706
0.2591, 0.2706
0.2591, 0.2706
0.2591, 0.2706
0.2591, 0.2706
0.2591, 0.2706
0.2591, 0.2706
0.2591, 0.2706
0.2632, 0.2706
0.2632, 0.2706
0.2632, 0.2706
0.2632, 0.2706
0.2632, 0.2706
0.2632, 0.2706
0.2632, 0.2706
0.2632, 0.2706
0.2672, 0.2706
0.2672, 0.2706
0.2672, 0.2706
0.2672, 0.2706
0.2672, 0.2706
0.2672, 0.2706
0.2672, 0.2706
0.2713, 0.2706
0.2713, 0.2706
0.2713, 0.2706
0.2713, 0.2706
0.2713, 0.2706
0.2713, 0.2706
0.2713, 0.2706
0.2713, 0.2706
0.2753, 0.2706
0.2753, 0.2706
0.2753, 0.2706
0.2753, 0.2706
0.2794, 0.2706
0.2794, 0.2706
0.2794, 0.2706
0.2794, 0.2706
0.2794, 0.2706
0.2794, 0.2706
0.2794, 0.2706
0.2794, 0.2706
0.2794, 0.2706
0.2794, 0.2706
0.2794, 0.2706
0.2834, 0.2679
0.2834, 0.2679
0.2834, 0.2679
0.2834, 0.2679
0.2834, 0.2679
0.2834, 0.2679
0.2834, 0.2679
0.2834, 0.2679
0.2874, 0.2679
0.2874, 0.2679
0.2874, 0.2679
0.2874, 0.2679
0.2915, 0.2679
0.2915, 0.2679
0.2915, 0.2679
0.2915, 0.2679
0.2915, 0.2679
0.2915, 0.2679
0.2915, 0.2679
0.2915, 0.2679
0.2915, 0.2679
0.2915, 0.2679
0.2915, 0.2679
0.2915, 0.2679
0.2955, 0.2679
0.2955, 0.2679
0.2955, 0.2679
0.2955, 0.2679
0.2955, 0.2679
0.2955, 0.2679
0.2955, 0.2679
0.2996, 0.2679
0.2996, 0.2679
0.2996, 0.2679
0.2996, 0.2679
0.2996, 0.2679
0.2996, 0.2679
0.2996, 0.2679
0.2996, 0.2679
0.2996, 0.2679
0.2996, 0.2679
0.2996, 0.2679
0.2996, 0.2679
0.3036, 0.2679
0.3036, 0.2679
0.3036, 0.2679
0.3036, 0.2679
0.3036, 0.2679
0.3036, 0.2679
0.3036, 0.2679
0.3036, 0.2679
0.3077, 0.2679
0.3077, 0.2679
0.3077, 0.2679
0.3077, 0.2679
0.3077, 0.2679
0.3077, 0.2679
0.3077, 0.2679
0.3077, 0.2679
0.3117, 0.2653
0.3117, 0.2653
0.3117, 0.2653
0.3117, 0.2653
0.3117, 0.2653
0.3117, 0.2653
0.3117, 0.2653
0.3117, 0.2653
0.3158, 0.2653
0.3158, 0.2653
0.3158, 0.2653
0.3158, 0.2653
0.3198, 0.2653
0.3198, 0.2653
0.3198, 0.2653
0.3198, 0.2653
0.3198, 0.2653
0.3198, 0.2653
0.3198, 0.2653
0.3198, 0.2653
0.3198, 0.2653
0.3198, 0.2653
0.3198, 0.2653
0.3239, 0.2653
0.3239, 0.2653
0.3239, 0.2653
0.3239, 0.2653
0.3239, 0.2653
0.3239, 0.2653
0.3239, 0.2653
0.3239, 0.2653
0.3279, 0.2653
0.3279, 0.2653
0.3279, 0.2653
0.3279, 0.2653
0.3279, 0.2653
0.3279, 0.2653
0.3279, 0.2653
0.3279, 0.2653
0.3279, 0.2653
0.3279, 0.2653
0.3279, 0.2653
0.3320, 0.2653
0.3320, 0.2653
0.3320, 0.2653
0.3320, 0.2653
0.3360, 0.2653
0.3360, 0.2653
0.3360, 0.2653
0.3401, 0.2653
0.3401, 0.2653
0.3401, 0.2653
0.3401, 0.2653
0.3401, 0.2653
0.3401, 0.2653
0.3401, 0.2653
0.3401, 0.2653
0.3401, 0.2653
0.3401, 0.2653
0.3401, 0.2653
0.3401, 0.2653
0.3441, 0.2653
0.3441, 0.2653
0.3441, 0.2653
0.3482, 0.2653
0.3482, 0.2653
0.3482, 0.2653
0.3482, 0.2653
0.3482, 0.2653
0.3482, 0.2653
0.3482, 0.2653
0.3522, 0.2653
0.3522, 0.2653
0.3522, 0.2653
0.3522, 0.2653
0.3563, 0.2653
0.3563, 0.2653
0.3563, 0.2653
0.3563, 0.2653
0.3603, 0.2653
0.3603, 0.2653
0.3603, 0.2653
0.3603, 0.2653
0.3603, 0.2653
0.3603, 0.2653
0.3603, 0.2653
0.3644, 0.2653
0.3644, 0.2653
0.3644, 0.2653
0.3644, 0.2653
0.3684, 0.2653
0.3684, 0.2653
0.3684, 0.2653
0.3684, 0.2653
0.3684, 0.2653
0.3684, 0.2653
0.3684, 0.2653
0.3684, 0.2653
0.3684, 0.2653
0.3684, 0.2653
0.3684, 0.2653
0.3725, 0.2653
0.3725, 0.2653
0.3725, 0.2653
0.3725, 0.2653
0.3765, 0.2653
0.3765, 0.2653
0.3765, 0.2653
0.3765, 0.2653
0.3765, 0.2653
0.3765, 0.2653
0.3806, 0.2653
0.3806, 0.2653
0.3806, 0.2653
0.3806, 0.2653
0.3806, 0.2653
0.3806, 0.2653
0.3806, 0.2653
0.3806, 0.2653
0.3846, 0.2653
0.3846, 0.2653
0.3846, 0.2653
0.3887, 0.2653
0.3887, 0.2653
0.3887, 0.2653
0.3887, 0.2653
0.3887, 0.2653
0.3887, 0.2653
0.3887, 0.2653
0.3887, 0.2653
0.3927, 0.2653
0.3927, 0.2653
0.3927, 0.2653
0.3968, 0.2653
0.3968, 0.2653
0.3968, 0.2653
0.3968, 0.2653
0.4008, 0.2653
0.4008, 0.2653
0.4008, 0.2653
0.4008, 0.2653
0.4008, 0.2653
0.4008, 0.2653
0.4008, 0.2653
0.4049, 0.2653
0.4049, 0.2653
0.4049, 0.2653
0.4049, 0.2653
0.4049, 0.2653
0.4049, 0.2653
0.4049, 0.2653
0.4049, 0.2653
0.4089, 0.2653
0.4089, 0.2653
0.4089, 0.2653
0.4089, 0.2653
0.4089, 0.2653
0.4089, 0.2653
0.4089, 0.2653
0.4130, 0.2653
0.4130, 0.2653
0.4130, 0.2653
0.4130, 0.2653
0.4170, 0.2653
0.4170, 0.2653
0.4170, 0.2653
0.4170, 0.2653
0.4170, 0.2653
0.4170, 0.2653
0.4170, 0.2653
0.4211, 0.2653
0.4211, 0.2653
0.4211, 0.2653
0.4211, 0.2653
0.4211, 0.2653
0.4211, 0.2653
0.4211, 0.2653
0.4211, 0.2653
0.4251, 0.2653
0.4251, 0.2653
0.4251, 0.2653
0.4251, 0.2653
0.4251, 0.2653
0.4251, 0.2653
0.4251, 0.2653
0.4291, 0.2653
0.4291, 0.2653
0.4291, 0.2653
0.4291, 0.2653
0.4291, 0.2653
0.4291, 0.2653
0.4291, 0.2653
0.4291, 0.2653
0.4332, 0.2653
0.4332, 0.2653
0.4332, 0.2653
0.4372, 0.2653
0.4372, 0.2653
0.4372, 0.2653
0.4372, 0.2653
0.4372, 0.2653
0.4372, 0.2653
0.4372, 0.2653
0.4372, 0.2653
0.4372, 0.2653
0.4372, 0.2653
0.4372, 0.2653
0.4413, 0.2653
0.4413, 0.2653
0.4413, 0.2653
0.4453, 0.2653
0.4453, 0.2653
0.4453, 0.2653
0.4453, 0.2653
0.4453, 0.2653
0.4453, 0.2653
0.4494, 0.2653
0.4494, 0.2653
0.4494, 0.2653
0.4494, 0.2653
0.4494, 0.2653
0.4494, 0.2653
0.4534, 0.2653
0.4534, 0.2653
0.4534, 0.2653
0.4534, 0.2679
0.4534, 0.2679
0.4534, 0.2679
0.4534, 0.2679
0.4575, 0.2679
0.4575, 0.2679
0.4575, 0.2679
0.4575, 0.2679
0.4575, 0.2679
0.4575, 0.2679
0.4575, 0.2679
0.4575, 0.2679
0.4575, 0.2679
0.4575, 0.2679
0.4575, 0.2679
0.4615, 0.2679
0.4615, 0.2679
0.4615, 0.2679
0.4656, 0.2679
0.4656, 0.2679
0.4656, 0.2679
0.4656, 0.2679
0.4656, 0.2679
0.4656, 0.2679
0.4696, 0.2679
0.4696, 0.2679
0.4696, 0.2679
0.4696, 0.2706
0.4696, 0.2706
0.4696, 0.2706
0.4696, 0.2706
0.4696, 0.2706
0.4737, 0.2706
0.4737, 0.2706
0.4737, 0.2706
0.4777, 0.2706
0.4777, 0.2706
0.4777, 0.2732
0.4777, 0.2732
0.4777, 0.2732
0.4818, 0.2732
0.4818, 0.2732
0.4818, 0.2732
0.4818, 0.2732
0.4818, 0.2732
0.4858, 0.2759
0.4858, 0.2759
0.4858, 0.2759
0.4899, 0.2759
0.4899, 0.2759
0.4899, 0.2759
0.4899, 0.2759
0.4899, 0.2759
0.4939, 0.2759
0.4939, 0.2759
0.4939, 0.2759
0.4939, 0.2759
0.4939, 0.2759
0.4980, 0.2759
0.4980, 0.2759
0.4980, 0.2759
0.4980, 0.2759
0.4980, 0.2759
0.4980, 0.2759
0.4980, 0.2785
0.4980, 0.2785
0.4980, 0.2785
0.4980, 0.2785
0.4980, 0.2785
0.5020, 0.2785
0.5020, 0.2785
0.5061, 0.2785
0.5061, 0.2785
0.5061, 0.2785
0.5061, 0.2812
0.5061, 0.2812
0.5061, 0.2812
0.5101, 0.2812
0.5101, 0.2812
0.5101, 0.2812
0.5101, 0.2812
0.5101, 0.2812
0.5101, 0.2812
0.5101, 0.2812
0.5101, 0.2812
0.5142, 0.2812
0.5142, 0.2812
0.5142, 0.2812
0.5142, 0.2812
0.5142, 0.2812
0.5142, 0.2812
0.5182, 0.2812
0.5182, 0.2812
0.5182, 0.2838
0.5182, 0.2838
0.5182, 0.2838
0.5223, 0.2838
0.5223, 0.2838
0.5223, 0.2838
0.5223, 0.2838
0.5223, 0.2838
0.5223, 0.2838
0.5263, 0.2838
0.5263, 0.2838
0.5304, 0.2865
0.5304, 0.2865
0.5304, 0.2865
0.5304, 0.2865
0.5304, 0.2865
0.5304, 0.2865
0.5304, 0.2865
0.5304, 0.2865
0.5304, 0.2865
0.5304, 0.2865
0.5304, 0.2865
0.5304, 0.2865
0.5344, 0.2891
0.5344, 0.2891
0.5344, 0.2891
0.5344, 0.2891
0.5344, 0.2891
0.5344, 0.2891
0.5385, 0.2891
0.5385, 0.2891
0.5385, 0.2891
0.5385, 0.2891
0.5385, 0.2891
0.5385, 0.2891
0.5385, 0.2891
0.5385, 0.2891
0.5425, 0.2891
0.5425, 0.2891
0.5425, 0.2891
0.5425, 0.2891
0.5425, 0.2891
0.5466, 0.2891
0.5466, 0.2891
0.5466, 0.2891
0.5506, 0.2891
0.5506, 0.2891
0.5506, 0.2891
0.5506, 0.2891
0.5506, 0.2891
0.5547, 0.2918
0.5547, 0.2918
0.5547, 0.2918
0.5587, 0.2918
0.5587, 0.2918
0.5587, 0.2918
0.5587, 0.2918
0.5587, 0.2918
0.5587, 0.2918
0.5587, 0.2918
0.5587, 0.2918
0.5628, 0.2944
0.5628, 0.2944
0.5628, 0.2944
0.5668, 0.2944
0.5668, 0.2944
0.5668, 0.2944
0.5668, 0.2944
0.5668, 0.2944
0.5668, 0.2944
0.5668, 0.2944
0.5668, 0.2944
0.5709, 0.2944
0.5709, 0.2944
0.5749, 0.2944
0.5749, 0.2944
0.5749, 0.2944
0.5789, 0.2944
0.5789, 0.2944
0.5789, 0.2971
0.5789, 0.2971
0.5789, 0.2971
0.5789, 0.2971
0.5789, 0.2971
0.5789, 0.2971
0.5789, 0.2971
0.5789, 0.2971
0.5789, 0.2971
0.5830, 0.2971
0.5830, 0.2971
0.5870, 0.2997
0.5870, 0.2997
0.5870, 0.2997
0.5870, 0.2997
0.5870, 0.2997
0.5870, 0.2997
0.5911, 0.2997
0.5911, 0.2997
0.5951, 0.3024
0.5951, 0.3024
0.5951, 0.3024
0.5951, 0.3024
0.5951, 0.3024
0.5951, 0.3024
0.5992, 0.3024
0.5992, 0.3024
0.5992, 0.3024
0.5992, 0.3024
0.5992, 0.3024
0.5992, 0.3024
0.6032, 0.3024
0.6032, 0.3024
0.6032, 0.3024
0.6032, 0.3024
0.6032, 0.3024
0.6073, 0.3024
0.6073, 0.3024
0.6073, 0.3024
0.6073, 0.3024
0.6073, 0.3024
0.6073, 0.3024
0.6073, 0.3024
0.6073, 0.3024
0.6113, 0.3024
0.6113, 0.3024
0.6113, 0.3024
0.6113, 0.3024
0.6113, 0.3024
0.6113, 0.3024
0.6154, 0.3050
0.6154, 0.3050
0.6194, 0.3050
0.6194, 0.3050
0.6194, 0.3050
0.6194, 0.3050
0.6194, 0.3050
0.6194, 0.3050
0.6194, 0.3050
0.6194, 0.3050
0.6235, 0.3050
0.6235, 0.3050
0.6275, 0.3077
0.6275, 0.3077
0.6275, 0.3077
0.6275, 0.3077
0.6275, 0.3077
0.6316, 0.3077
0.6316, 0.3077
0.6316, 0.3077
0.6316, 0.3077
0.6316, 0.3077
0.6316, 0.3077
0.6356, 0.3077
0.6356, 0.3077
0.6397, 0.3077
0.6397, 0.3077
0.6397, 0.3077
0.6397, 0.3077
0.6397, 0.3077
0.6397, 0.3077
0.6397, 0.3077
0.6397, 0.3077
0.6397, 0.3077
0.6437, 0.3077
0.6437, 0.3077
0.6437, 0.3077
0.6437, 0.3077
0.6437, 0.3077
0.6478, 0.3077
0.6478, 0.3077
0.6478, 0.3103
0.6478, 0.3103
0.6478, 0.3103
0.6518, 0.3103
0.6518, 0.3103
0.6518, 0.3103
0.6518, 0.3103
0.6518, 0.3103
0.6559, 0.3103
0.6559, 0.3103
0.6559, 0.3103
0.6599, 0.3103
0.6599, 0.3103
0.6599, 0.3103
0.6599, 0.3103
0.6599, 0.3103
0.6599, 0.3103
0.6599, 0.3130
0.6599, 0.3130
0.6640, 0.3130
0.6640, 0.3130
0.6640, 0.3130
0.6640, 0.3130
0.6640, 0.3130
0.6640, 0.3130
0.6680, 0.3130
0.6680, 0.3130
0.6680, 0.3130
0.6680, 0.3130
0.6680, 0.3130
0.6680, 0.3130
0.6680, 0.3130
0.6680, 0.3130
0.6721, 0.3130
0.6721, 0.3130
0.6721, 0.3130
0.6721, 0.3130
0.6721, 0.3130
0.6721, 0.3156
0.6721, 0.3156
0.6721, 0.3156
0.6761, 0.3156
0.6761, 0.3156
0.6802, 0.3156
0.6802, 0.3156
0.6802, 0.3156
0.6802, 0.3156
0.6802, 0.3156
0.6802, 0.3156
0.6802, 0.3156
0.6802, 0.3156
0.6802, 0.3156
0.6802, 0.3156
0.6802, 0.3156
0.6802, 0.3156
0.6802, 0.3156
0.6802, 0.3156
0.6802, 0.3156
0.6802, 0.3156
0.6802, 0.3156
0.6802, 0.3156
0.6802, 0.3156
0.6842, 0.3156
0.6842, 0.3156
0.6842, 0.3156
0.6842, 0.3156
0.6842, 0.3156
0.6883, 0.3156
0.6883, 0.3156
0.6883, 0.3156
0.6883, 0.3156
0.6883, 0.3156
0.6883, 0.3156
0.6883, 0.3156
0.6883, 0.3156
0.6923, 0.3156
0.6923, 0.3156
0.6923, 0.3156
0.6923, 0.3156
0.6923, 0.3156
0.6923, 0.3156
0.6964, 0.3183
0.6964, 0.3183
0.6964, 0.3183
0.6964, 0.3183
0.6964, 0.3183
0.6964, 0.3183
0.6964, 0.3183
0.6964, 0.3183
0.7004, 0.3183
0.7004, 0.3183
0.7004, 0.3183
0.7004, 0.3183
0.7004, 0.3183
0.7045, 0.3183
0.7045, 0.3183
0.7045, 0.3210
0.7045, 0.3210
0.7045, 0.3210
0.7085, 0.3210
0.7085, 0.3210
0.7085, 0.3210
0.7085, 0.3210
0.7085, 0.3210
0.7085, 0.3210
0.7085, 0.3210
0.7085, 0.3210
0.7126, 0.3210
0.7126, 0.3210
0.7126, 0.3210
0.7126, 0.3210
0.7126, 0.3210
0.7126, 0.3210
0.7166, 0.3210
0.7166, 0.3210
0.7166, 0.3210
0.7166, 0.3210
0.7166, 0.3210
0.7166, 0.3210
0.7166, 0.3210
0.7166, 0.3210
0.7206, 0.3210
0.7206, 0.3210
0.7247, 0.3210
0.7247, 0.3210
0.7247, 0.3210
0.7287, 0.3210
0.7287, 0.3210
0.7287, 0.3210
0.7287, 0.3210
0.7287, 0.3210
0.7287, 0.3210
0.7287, 0.3210
0.7287, 0.3210
0.7287, 0.3210
0.7287, 0.3210
0.7328, 0.3210
0.7328, 0.3210
0.7328, 0.3210
0.7328, 0.3210
0.7328, 0.3210
0.7368, 0.3210
0.7368, 0.3210
0.7368, 0.3210
0.7368, 0.3210
0.7368, 0.3210
0.7368, 0.3210
0.7368, 0.3210
0.7368, 0.3210
0.7409, 0.3210
0.7409, 0.3210
0.7409, 0.3210
0.7409, 0.3210
0.7409, 0.3210
0.7409, 0.3210
0.7449, 0.3210
0.7449, 0.3210
0.7449, 0.3210
0.7449, 0.3210
0.7449, 0.3210
0.7490, 0.3210
0.7490, 0.3210
0.7490, 0.3210
0.7490, 0.3210
0.7490, 0.3210
0.7490, 0.3210
0.7490, 0.3210
0.7490, 0.3210
0.7530, 0.3210
0.7530, 0.3210
0.7530, 0.3210
0.7571, 0.3210
0.7571, 0.3210
0.7571, 0.3210
0.7571, 0.3210
0.7571, 0.3210
0.7611, 0.3210
0.7611, 0.3210
0.7652, 0.3210
0.7652, 0.3210
0.7652, 0.3210
0.7692, 0.3210
0.7692, 0.3210
0.7733, 0.3210
0.7733, 0.3210
0.7733, 0.3210
0.7733, 0.3210
0.7733, 0.3210
0.7733, 0.3210
0.7773, 0.3210
0.7773, 0.3210
0.7773, 0.3210
0.7773, 0.3210
0.7773, 0.3210
0.7814, 0.3210
0.7814, 0.3210
0.7814, 0.3210
0.7814, 0.3210
0.7854, 0.3210
0.7854, 0.3210
0.7854, 0.3210
0.7895, 0.3210
0.7895, 0.3210
0.7895, 0.3210
0.7895, 0.3210
0.7895, 0.3210
0.7895, 0.3210
0.7895, 0.3210
0.7895, 0.3210
0.7935, 0.3210
0.7935, 0.3210
0.7976, 0.3210
0.7976, 0.3210
0.7976, 0.3210
0.7976, 0.3210
0.7976, 0.3210
0.7976, 0.3210
0.7976, 0.3210
0.7976, 0.3210
0.8016, 0.3210
0.8016, 0.3210
0.8016, 0.3210
0.8016, 0.3210
0.8016, 0.3210
0.8057, 0.3210
0.8057, 0.3210
0.8057, 0.3210
0.8057, 0.3210
0.8057, 0.3210
0.8097, 0.3210
0.8097, 0.3210
0.8097, 0.3210
0.8097, 0.3210
0.8097, 0.3210
0.8097, 0.3210
0.8097, 0.3210
0.8097, 0.3210
0.8138, 0.3210
0.8138, 0.3210
0.8138, 0.3210
0.8178, 0.3210
0.8178, 0.3210
0.8178, 0.3210
0.8178, 0.3210
0.8178, 0.3210
0.8178, 0.3183
0.8178, 0.3183
0.8219, 0.3183
0.8219, 0.3183
0.8219, 0.3183
0.8259, 0.3183
0.8259, 0.3183
0.8259, 0.3183
0.8259, 0.3183
0.8259, 0.3183
0.8300, 0.3183
0.8300, 0.3183
0.8300, 0.3183
0.8300, 0.3183
0.8300, 0.3183
0.8300, 0.3183
0.8300, 0.3183
0.8300, 0.3183
0.8300, 0.3183
0.8300, 0.3183
0.8340, 0.3183
0.8340, 0.3183
0.8340, 0.3183
0.8340, 0.3183
0.8340, 0.3183
0.8381, 0.3183
0.8381, 0.3183
0.8381, 0.3183
0.8381, 0.3156
0.8381, 0.3156
0.8421, 0.3156
0.8421, 0.3156
0.8421, 0.3156
0.8462, 0.3156
0.8462, 0.3156
0.8462, 0.3156
0.8462, 0.3156
0.8462, 0.3156
0.8502, 0.3130
0.8502, 0.3130
0.8502, 0.3130
0.8502, 0.3130
0.8502, 0.3130
0.8543, 0.3130
0.8543, 0.3130
0.8583, 0.3130
0.8583, 0.3130
0.8583, 0.3130
0.8583, 0.3103
0.8583, 0.3103
0.8623, 0.3103
0.8623, 0.3103
0.8623, 0.3103
0.8664, 0.3103
0.8664, 0.3103
0.8704, 0.3103
0.8704, 0.3103
0.8704, 0.3103
0.8704, 0.3103
0.8704, 0.3103
0.8704, 0.3103
0.8704, 0.3103
0.8704, 0.3103
0.8745, 0.3077
0.8745, 0.3077
0.8785, 0.3077
0.8785, 0.3077
0.8785, 0.3077
0.8785, 0.3077
0.8785, 0.3077
0.8785, 0.3077
0.8785, 0.3077
0.8785, 0.3077
0.8785, 0.3077
0.8785, 0.3077
0.8785, 0.3077
0.8785, 0.3077
0.8785, 0.3077
0.8785, 0.3077
0.8785, 0.3077
0.8785, 0.3077
0.8826, 0.3050
0.8826, 0.3050
0.8826, 0.3050
0.8826, 0.3050
0.8826, 0.3050
0.8826, 0.3050
0.8826, 0.3050
0.8866, 0.3050
0.8866, 0.3050
0.8866, 0.3050
0.8907, 0.3050
0.8907, 0.3050
0.8907, 0.3050
0.8907, 0.3050
0.8907, 0.3050
0.8907, 0.3050
0.8907, 0.3050
0.8907, 0.3050
0.8947, 0.3024
0.8947, 0.3024
0.8947, 0.3024
0.8947, 0.3024
0.8947, 0.3024
0.8988, 0.3024
0.8988, 0.3024
0.8988, 0.2997
0.8988, 0.2997
0.8988, 0.2997
0.8988, 0.2997
0.8988, 0.2997
0.9028, 0.2997
0.9028, 0.2997
0.9028, 0.2997
0.9069, 0.2971
0.9069, 0.2971
0.9069, 0.2971
0.9069, 0.2971
0.9069, 0.2971
0.9069, 0.2971
0.9069, 0.2971
0.9069, 0.2971
0.9109, 0.2971
0.9109, 0.2971
0.9150, 0.2971
0.9150, 0.2971
0.9150, 0.2971
0.9190, 0.2971
0.9190, 0.2971
0.9190, 0.2944
0.9190, 0.2944
0.9231, 0.2944
0.9231, 0.2944
0.9231, 0.2944
0.9271, 0.2944
0.9271, 0.2944
0.9271, 0.2944
0.9271, 0.2944
0.9271, 0.2944
0.9271, 0.2918
0.9271, 0.2918
0.9271, 0.2918
0.9312, 0.2918
0.9312, 0.2918
0.9312, 0.2918
0.9312, 0.2918
0.9352, 0.2918
0.9352, 0.2918
0.9352, 0.2918
0.9393, 0.2918
0.9393, 0.2918
0.9393, 0.2918
0.9393, 0.2918
0.9393, 0.2918
0.9393, 0.2918
0.9393, 0.2918
0.9393, 0.2918
0.9393, 0.2918
0.9393, 0.2918
0.9433, 0.2918
0.9433, 0.2918
0.9433, 0.2891
0.9433, 0.2891
0.9433, 0.2891
0.9474, 0.2891
0.9474, 0.2891
0.9474, 0.2891
0.9474, 0.2891
0.9474, 0.2891
0.9474, 0.2891
0.9474, 0.2891
0.9474, 0.2891
0.9474, 0.2891
0.9474, 0.2891
0.9514, 0.2891
0.9514, 0.2891
0.9555, 0.2865
0.9555, 0.2865
0.9555, 0.2865
0.9555, 0.2865
0.9555, 0.2865
0.9595, 0.2865
0.9595, 0.2865
0.9595, 0.2865
0.9595, 0.2865
0.9595, 0.2865
0.9595, 0.2865
0.9595, 0.2865
0.9595, 0.2865
0.9595, 0.2865
0.9595, 0.2865
0.9595, 0.2865
0.9595, 0.2865
0.9595, 0.2865
0.9636, 0.2838
0.9636, 0.2838
0.9636, 0.2838
0.9636, 0.2838
0.9636, 0.2838
0.9636, 0.2838
0.9636, 0.2838
0.9636, 0.2838
0.9676, 0.2838
0.9676, 0.2838
0.9676, 0.2838
0.9676, 0.2838
0.9676, 0.2838
0.9676, 0.2838
0.9676, 0.2838
0.9676, 0.2838
0.9676, 0.2838
0.9717, 0.2838
0.9717, 0.2838
0.9717, 0.2838
0.9717, 0.2838
0.9717, 0.2838
0.9757, 0.2838
0.9757, 0.2838
0.9757, 0.2838
0.9757, 0.2838
0.9757, 0.2838
0.9798, 0.2812
0.9798, 0.2812
0.9798, 0.2812
0.9798, 0.2812
0.9798, 0.2812
0.9798, 0.2812
0.9798, 0.2812
0.9798, 0.2812
0.9798, 0.2812
0.9798, 0.2812
0.9798, 0.2812
0.9798, 0.2812
0.9798, 0.2812
0.9798, 0.2812
0.9798, 0.2812
0.9798, 0.2812
0.9838, 0.2812
0.9838, 0.2812
0.9838, 0.2812
0.9838, 0.2812
0.9838, 0.2812
0.9879, 0.2812
0.9879, 0.2812
0.9879, 0.2812
0.9879, 0.2812
0.9879, 0.2812
0.9879, 0.2812
0.9879, 0.2812
0.9879, 0.2812
0.9879, 0.2785
0.9879, 0.2785
0.9879, 0.2785
0.9879, 0.2785
0.9879, 0.2785
0.9879, 0.2785
0.9879, 0.2785
0.9879, 0.2785
0.9879, 0.2785
0.9879, 0.2785
0.9879, 0.2785
0.9879, 0.2785
0.9879, 0.2785
0.9879, 0.2785
0.9879, 0.2785
0.9879, 0.2785
0.9879, 0.2785
0.9879, 0.2785
0.9879, 0.2785
0.9879, 0.2785
0.9879, 0.2785
0.9879, 0.2785
0.9879, 0.2785
0.9919, 0.2785
0.9919, 0.2785
0.9919, 0.2785
0.9919, 0.2785
0.9919, 0.2785
0.9919, 0.2785
0.9919, 0.2785
0.9919, 0.2785
0.9919, 0.2785
0.9919, 0.2785
0.9919, 0.2785
0.9919, 0.2785
0.9919, 0.2785
0.9919, 0.2785
0.9919, 0.2785
0.9919, 0.2785
0.9919, 0.2785
0.9919, 0.2785
0.9919, 0.2785
0.9919, 0.2785
0.9919, 0.2785
0.9919, 0.2785
0.9919, 0.2785
0.9919, 0.2785
0.9919, 0.2785
0.9919, 0.2785
0.9919, 0.2785
0.9919, 0.2785
0.9919, 0.2785
0.9919, 0.2785
0.9919, 0.2785
0.9919, 0.2785
0.9919, 0.2785
0.9919, 0.2785
0.9960, 0.2785
0.9960, 0.2785
0.9960, 0.2785
0.9960, 0.2785
0.9960, 0.2785
0.9960, 0.2785
0.9960, 0.2785
0.9960, 0.2785
0.9960, 0.2785
0.9960, 0.2785
0.9960, 0.2785
0.9960, 0.2785
1.0000, 0.2785
1.0000, 0.2785
1.0000, 0.2785
1.0000, 0.2785
1.0000, 0.2785
1.0000, 0.2785
1.0000, 0.2785
1.0000, 0.2785
1.0000, 0.2785
1.0000, 0.2785
1.0000, 0.2785
1.0000, 0.2785
1.0000, 0.2785
1.0000, 0.2785
1.0000, 0.2785
1.0000, 0.2785
1.0000, 0.2785
1.0000, 0.2785
1.0000, 0.2785
1.0000, 0.2785
1.0000, 0.2785
1.0000, 0.2785
1.0000, 0.2785
1.0000, 0.2785
1.0000, 0.2785
1.0000, 0.2785
1.0000, 0.2785
1.0000, 0.2785
1.0000, 0.2785
1.0000, 0.2785
1.0000, 0.2785
1.0000, 0.2785
1.0000, 0.2785
1.0000, 0.2785
1.0000, 0.2785
1.0000, 0.2785
1.0000, 0.2785
1.0000, 0.2785
1.0000, 0.2785
1.0000, 0.2785
1.0000, 0.2785
1.0000, 0.2785
1.0000, 0.2785
1.0000, 0.2785
1.0000, 0.2785
1.0000, 0.2785
1.0000, 0.2785
1.0000, 0.2785
1.0000, 0.2785
1.0000, 0.2785
1.0000, 0.2785
1.0000, 0.2785
1.0000, 0.2785
1.0000, 0.2785
1.0000, 0.2785
1.0000, 0.2785
1.0000, 0.2785
1.0000, 0.2785
1.0000, 0.2785
1.0000, 0.2785
1.0000, 0.2785
1.0000, 0.2785
1.0000, 0.2785
1.0000, 0.2785
1.0000, 0.2785
1.0000, 0.2785
1.0000, 0.2785
1.0000, 0.2785
1.0000, 0.2785
1.0000, 0.2785
1.0000, 0.2785
1.0000, 0.2785
1.0000, 0.2785
1.0000, 0.2759
1.0000, 0.2759
1.0000, 0.2759
0.9960, 0.2732
0.9960, 0.2732
0.9919, 0.2706
0.5870, 0.1565
0.5870, 0.1565
0.5870, 0.1565
0.5870, 0.1565
0.5870, 0.1565
0.5870, 0.1565
0.5870, 0.1565
0.5870, 0.1565
0.5870, 0.1565
0.5870, 0.1565
0.5870, 0.1565
0.5870, 0.1565
0.5870, 0.1565
0.5870, 0.1565
0.5870, 0.1565
0.5870, 0.1565
0.5870, 0.1565
0.5870, 0.1565
0.5870, 0.1565
0.5870, 0.1565
0.5870, 0.1565
0.5870, 0.1565
0.5870, 0.1565
0.5870, 0.1565
0.5870, 0.1565
0.5870, 0.1565
0.5870, 0.1565
0.5870, 0.1565
0.5870, 0.1565
0.5870, 0.1565
0.5870, 0.1565
0.5870, 0.1565
0.5870, 0.1565
0.5870, 0.1565
0.5870, 0.1565
0.5870, 0.1565
0.5870, 0.1565
0.5870, 0.1565
0.5870, 0.1565
0.5870, 0.1565
0.5870, 0.1565
0.5870, 0.1565
0.5870, 0.1565
0.5870, 0.1565
0.5870, 0.1565
0.5870, 0.1565
0.5870, 0.1565
0.5870, 0.1565
0.5870, 0.1565
0.5870, 0.1565
0.5870, 0.1565
0.5870, 0.1565
0.5870, 0.1565
0.5870, 0.1565
0.5870, 0.1565
0.5870, 0.1565
0.5870, 0.1565
0.5870, 0.1565
0.5870, 0.1565
0.5870, 0.1565
0.5870, 0.1565
0.5870, 0.1565
0.5870, 0.1565
0.5870, 0.1565
0.5870, 0.1538
0.5870, 0.1538
0.5870, 0.1538
0.5870, 0.1538
0.5870, 0.1538
0.5870, 0.1538
0.5870, 0.1512
0.5870, 0.1512
0.5870, 0.1512
0.5870, 0.1512
0.5870, 0.1512
0.5870, 0.1512
0.5870, 0.1512
0.5870, 0.1512
0.5870, 0.1512
0.5870, 0.1512
0.5870, 0.1485
0.5870, 0.1485
0.5870, 0.1485
0.5870, 0.1485
0.5870, 0.1485
0.5870, 0.1485
0.5870, 0.1485
0.5870, 0.1485
0.5870, 0.1485
0.5870, 0.1459
0.5870, 0.1459
0.5870, 0.1459
0.5870, 0.1459
0.5870, 0.1459
0.5870, 0.1459
0.5870, 0.1459
0.5870, 0.1432
0.5870, 0.1432
0.5870, 0.1432
0.5870, 0.1432
0.5870, 0.1432
0.5870, 0.1432
0.5870, 0.1432
0.5870, 0.1432
0.5870, 0.1432
0.5911, 0.1432
0.5911, 0.1432
0.5911, 0.1432
0.5911, 0.1406
0.5911, 0.1406
0.5911, 0.1406
0.5911, 0.1406
0.5911, 0.1406
0.5911, 0.1406
0.5911, 0.1406
0.5911, 0.1379
0.5911, 0.1379
0.5911, 0.1379
0.5911, 0.1379
0.5911, 0.1379
0.5911, 0.1379
0.5951, 0.1379
0.5951, 0.1379
0.5951, 0.1379
0.5951, 0.1353
0.5951, 0.1353
0.5951, 0.1353
0.5951, 0.1353
0.5951, 0.1353
0.5951, 0.1353
0.5951, 0.1326
0.5951, 0.1326
0.5951, 0.1326
0.5951, 0.1326
0.5951, 0.1326
0.5951, 0.1326
0.5951, 0.1326
0.5951, 0.1300
0.5951, 0.1300
0.5951, 0.1300
0.5992, 0.1300
0.5992, 0.1300
0.5992, 0.1300
0.5992, 0.1300
0.5992, 0.1300
0.5992, 0.1300
0.5992, 0.1300
0.5992, 0.1300
0.5992, 0.1300
0.5992, 0.1300
0.5992, 0.1300
0.5992, 0.1300
0.5992, 0.1300
0.5992, 0.1273
0.5992, 0.1273
0.5992, 0.1247
0.5992, 0.1247
0.5992, 0.1247
0.5992, 0.1247
0.5992, 0.1247
0.5992, 0.1247
0.5992, 0.1247
0.5992, 0.1247
0.5992, 0.1247
0.5992, 0.1220
0.5992, 0.1220
0.5992, 0.1220
0.6032, 0.1220
0.6032, 0.1220
0.6032, 0.1220
0.6032, 0.1194
0.6032, 0.1194
0.6032, 0.1194
0.6032, 0.1194
0.6032, 0.1194
0.6032, 0.1194
0.6073, 0.1194
0.6073, 0.1194
0.6073, 0.1194
0.6073, 0.1167
0.6073, 0.1167
0.6073, 0.1167
0.6073, 0.1167
0.6073, 0.1167
0.6073, 0.1167
0.6073, 0.1141
0.6073, 0.1141
0.6073, 0.1141
0.6073, 0.1114
0.6073, 0.1114
0.6073, 0.1114
0.6073, 0.1114
0.6073, 0.1114
0.6073, 0.1114
0.6073, 0.1114
0.6073, 0.1114
0.6073, 0.1114
0.6073, 0.1114
0.6073, 0.1114
0.6073, 0.1114
0.6073, 0.1088
0.6073, 0.1088
0.6073, 0.1088
0.6073, 0.1088
0.6073, 0.1088
0.6073, 0.1088
0.6073, 0.1061
0.6073, 0.1061
0.6073, 0.1061
0.6073, 0.1061
0.6073, 0.1061
0.6073, 0.1061
0.6073, 0.1034
0.6073, 0.1034
0.6073, 0.1034
0.6113, 0.1034
0.6113, 0.1034
0.6113, 0.1034
0.6113, 0.1008
0.6113, 0.1008
0.6113, 0.1008
0.6113, 0.0981
0.6113, 0.0981
0.6113, 0.0981
0.6113, 0.0981
0.6113, 0.0981
0.6113, 0.0981
0.6113, 0.0981
0.6113, 0.0981
0.6113, 0.0981
0.6113, 0.0981
0.6113, 0.0955
0.6113, 0.0955
0.6113, 0.0955
0.6113, 0.0955
0.6113, 0.0955
0.6113, 0.0955
0.6154, 0.0928
0.6154, 0.0928
0.6154, 0.0928
0.6154, 0.0928
0.6154, 0.0928
0.6154, 0.0928
0.6154, 0.0902
0.6154, 0.0902
0.6154, 0.0902
0.6154, 0.0902
0.6154, 0.0902
0.6154, 0.0902
0.6154, 0.0875
0.6154, 0.0875
0.6154, 0.0875
0.6154, 0.0849
0.6154, 0.0849
0.6154, 0.0849
0.6154, 0.0849
0.6154, 0.0849
0.6154, 0.0849
0.6194, 0.0849
0.6194, 0.0849
0.6194, 0.0849
0.6194, 0.0849
0.6194, 0.0849
0.6194, 0.0849
0.6194, 0.0822
0.6194, 0.0822
0.6194, 0.0822
0.6194, 0.0796
0.6194, 0.0796
0.6194, 0.0796
0.6194, 0.0796
0.6194, 0.0796
0.6194, 0.0796
0.6194, 0.0796
0.6194, 0.0796
0.6194, 0.0796
0.6194, 0.0769
0.6194, 0.0769
0.6194, 0.0769
0.6194, 0.0769
0.6194, 0.0769
0.6194, 0.0769
0.6194, 0.0743
0.6194, 0.0743
0.6194, 0.0743
0.6194, 0.0716
0.6194, 0.0716
0.6194, 0.0716
0.6194, 0.0716
0.6194, 0.0716
0.6194, 0.0716
0.6235, 0.0716
0.6235, 0.0716
0.6235, 0.0716
0.6235, 0.0690
0.6235, 0.0690
0.6235, 0.0690
0.6235, 0.0663
0.6235, 0.0663
0.6235, 0.0663
0.6235, 0.0663
0.6235, 0.0663
0.6235, 0.0663
0.6235, 0.0663
0.6235, 0.0663
0.6235, 0.0663
0.6275, 0.0637
0.6275, 0.0637
0.6275, 0.0637
0.6275, 0.0637
0.6275, 0.0637
0.6275, 0.0637
0.6275, 0.0610
0.6275, 0.0610
0.6275, 0.0610
0.6275, 0.0610
0.6275, 0.0610
0.6275, 0.0610
0.6275, 0.0584
0.6275, 0.0584
0.6275, 0.0584
0.6275, 0.0584
0.6275, 0.0584
0.6275, 0.0584
0.6275, 0.0584
0.6275, 0.0584
0.6275, 0.0584
0.6275, 0.0557
0.6275, 0.0557
0.6275, 0.0557
0.6275, 0.0531
0.6275, 0.0531
0.6275, 0.0531
0.6275, 0.0531
0.6275, 0.0531
0.6275, 0.0531
0.6316, 0.0531
0.6316, 0.0531
0.6316, 0.0531
0.6316, 0.0531
0.6316, 0.0531
0.6316, 0.0531
0.6316, 0.0504
0.6316, 0.0504
0.6316, 0.0504
0.6316, 0.0477
0.6316, 0.0477
0.6316, 0.0477
0.6316, 0.0477
0.6316, 0.0477
0.6316, 0.0477
0.6316, 0.0477
0.6316, 0.0477
0.6316, 0.0477
0.6356, 0.0451
0.6356, 0.0451
0.6356, 0.0451
0.6356, 0.0451
0.6356, 0.0451
0.6356, 0.0451
0.6356, 0.0451
0.6356, 0.0451
0.6356, 0.0451
0.6356, 0.0451
0.6356, 0.0451
0.6356, 0.0451
0.6356, 0.0424
0.6356, 0.0424
0.6356, 0.0424
0.6356, 0.0424
0.6356, 0.0424
0.6356, 0.0424
0.6356, 0.0398
0.6356, 0.0398
0.6356, 0.0398
0.6397, 0.0398
0.6397, 0.0398
0.6397, 0.0398
0.6397, 0.0398
0.6397, 0.0398
0.6397, 0.0398
0.6397, 0.0398
0.6397, 0.0398
0.6397, 0.0371
0.6397, 0.0371
0.6397, 0.0371
0.6397, 0.0371
0.6397, 0.0371
0.6397, 0.0371
0.6397, 0.0371
0.6397, 0.0371
0.6397, 0.0371
0.6397, 0.0345
0.6397, 0.0345
0.6397, 0.0345
0.6397, 0.0345
0.6397, 0.0345
0.6397, 0.0345
0.6397, 0.0345
0.6397, 0.0345
0.6397, 0.0345
0.6397, 0.0345
0.6397, 0.0345
0.6397, 0.0345
0.6397, 0.0345
0.6397, 0.0345
0.6397, 0.0345
0.6397, 0.0345
0.6397, 0.0318
0.6397, 0.0318
0.6397, 0.0318
0.6397, 0.0318
0.6397, 0.0318
0.6397, 0.0318
0.6397, 0.0292
0.6397, 0.0292
0.6397, 0.0292
0.6397, 0.0265
0.6397, 0.0265
0.6397, 0.0265
0.6397, 0.0265
0.6397, 0.0265
0.6397, 0.0265
0.6397, 0.0265
0.6397, 0.0265
0.6397, 0.0265
0.6397, 0.0265
0.6397, 0.0265
0.6397, 0.0265
0.6397, 0.0265
0.6397, 0.0265
0.6397, 0.0265
0.6437, 0.0239
0.6437, 0.0239
0.6437, 0.0239
0.6437, 0.0239
0.6437, 0.0239
0.6437, 0.0239
0.6437, 0.0212
0.6437, 0.0212
0.6437, 0.0212
0.6437, 0.0212
0.6437, 0.0212
0.6437, 0.0212
0.6437, 0.0212
0.6437, 0.0212
0.6437, 0.0212
0.6437, 0.0212
0.6437, 0.0212
0.6437, 0.0212
0.6437, 0.0212
0.6437, 0.0212
0.6437, 0.0212
0.6437, 0.0212
0.6437, 0.0212
0.6437, 0.0212
0.6437, 0.0212
0.6437, 0.0212
0.6437, 0.0212
0.6437, 0.0212
0.6437, 0.0212
0.6437, 0.0212
0.6437, 0.0212
0.6437, 0.0212
0.6437, 0.0212
0.6437, 0.0186
0.6437, 0.0186
0.6437, 0.0186
0.6437, 0.0186
0.6437, 0.0186
0.6437, 0.0186
0.6437, 0.0159
0.6437, 0.0159
0.6437, 0.0159
0.6437, 0.0159
0.6437, 0.0159
0.6437, 0.0159
0.6478, 0.0159
0.6478, 0.0159
0.6478, 0.0159
0.6478, 0.0133
0.6478, 0.0133
0.6478, 0.0133
0.6478, 0.0133
0.6478, 0.0133
0.6478, 0.0133
0.6478, 0.0133
0.6478, 0.0133
0.6478, 0.0133
0.6478, 0.0133
0.6478, 0.0133
0.6478, 0.0133
0.6478, 0.0133
0.6478, 0.0133
0.6478, 0.0133
0.6478, 0.0106
0.6478, 0.0106
0.6478, 0.0106
0.6478, 0.0106
0.6478, 0.0106
0.6478, 0.0106
0.6478, 0.0106
0.6478, 0.0106
0.6478, 0.0106
0.6478, 0.0106
0.6478, 0.0106
0.6478, 0.0106
0.6478, 0.0080
0.6478, 0.0080
0.6478, 0.0080
0.6478, 0.0080
0.6478, 0.0080
0.6478, 0.0080
0.6478, 0.0080
0.6478, 0.0080
0.6478, 0.0080
0.6478, 0.0080
0.6478, 0.0080
0.6478, 0.0080
0.6478, 0.0080
0.6478, 0.0080
0.6478, 0.0080
0.6478, 0.0080
0.6478, 0.0080
0.6478, 0.0080
0.6478, 0.0080
0.6478, 0.0080
0.6478, 0.0080
0.6478, 0.0080
0.6478, 0.0080
0.6478, 0.0080
0.6478, 0.0080
0.6478, 0.0080
0.6478, 0.0080
0.6478, 0.0080
0.6478, 0.0080
0.6478, 0.0080
0.6478, 0.0053
0.6478, 0.0053
0.6478, 0.0053
0.6478, 0.0053
0.6478, 0.0053
0.6478, 0.0053
0.6478, 0.0053
0.6478, 0.0053
0.6478, 0.0053
0.6478, 0.0053
0.6478, 0.0053
0.6478, 0.0053
0.6518, 0.0053
0.6518, 0.0053
0.6518, 0.0053
0.6518, 0.0053
0.6518, 0.0053
0.6518, 0.0053
0.6518, 0.0053
0.6518, 0.0053
0.6518, 0.0053
0.6518, 0.0053
0.6518, 0.0053
0.6518, 0.0053
0.6518, 0.0053
0.6518, 0.0053
0.6518, 0.0053
0.6518, 0.0053
0.6518, 0.0053
0.6518, 0.0053
0.6518, 0.0053
0.6518, 0.0053
0.6518, 0.0053
0.6518, 0.0053
0.6518, 0.0053
0.6518, 0.0053
0.6518, 0.0053
0.6518, 0.0053
0.6518, 0.0053
0.6518, 0.0053
0.6518, 0.0053
0.6518, 0.0053
0.6518, 0.0053
0.6518, 0.0053
0.6518, 0.0053
0.6518, 0.0053
0.6518, 0.0053
0.6518, 0.0053
0.6518, 0.0053
0.6518, 0.0053
0.6518, 0.0053
0.6518, 0.0053
0.6518, 0.0053
0.6518, 0.0053
0.6518, 0.0053
0.6518, 0.0027
0.6518, 0.0027
0.6518, 0.0027
0.6518, 0.0027
0.6518, 0.0027
0.6518, 0.0027
0.6518, 0.0027
0.6518, 0.0027
0.6518, 0.0027
0.6518, 0.0027
0.6518, 0.0027
0.6518, 0.0027
0.6518, 0.0027
0.6518, 0.0027
0.6518, 0.0027
0.6518, 0.0027
0.6518, 0.0027
0.6518, 0.0027
0.6518, 0.0027
0.6518, 0.0027
0.6518, 0.0027
0.6518, 0.0027
0.6518, 0.0027
0.6518, 0.0027
0.6518, 0.0027
0.6518, 0.0027
0.6518, 0.0027
0.6518, 0.0027
0.6518, 0.0027
0.6518, 0.0027
0.6518, 0.0000
0.6518, 0.0000
0.6518, 0.0000
0.6518, 0.0000
0.6518, 0.0000
0.6518, 0.0000
0.6518, 0.0000
0.6518, 0.0000
0.6518, 0.0000
0.6518, 0.0000
0.6518, 0.0000
0.6518, 0.0000
0.6518, 0.0000
0.6518, 0.0000
0.6518, 0.0000
0.6518, 0.0000
0.6518, 0.0000
0.6518, 0.0000
0.6518, 0.0000
0.6518, 0.0000
0.6518, 0.0000
0.6518, 0.0000
0.6518, 0.0000
0.6518, 0.0000
0.6518, 0.0000
0.6518, 0.0000
0.6518, 0.0000
0.6518, 0.0000
0.6518, 0.0000
0.6518, 0.0000
0.6518, 0.0000
0.6518, 0.0000
0.6518, 0.0000
0.6518, 0.0000
0.6518, 0.0000
0.6518, 0.0000
0.6518, 0.0000
0.6518, 0.0000
0.6518, 0.0000
0.6518, 0.0000
0.6518, 0.0000
0.6518, 0.0000
0.6518, 0.0000
0.6518, 0.0000
0.6518, 0.0000
0.6518, 0.0000
0.6518, 0.0000
0.6518, 0.0000
0.6518, 0.0000
0.6518, 0.0000
0.6518, 0.0000
0.6518, 0.0000
0.6518, 0.0000
0.6518, 0.0000
0.6518, 0.0000
0.6518, 0.0000
0.6518, 0.0000
0.6518, 0.0000
0.6518, 0.0000
0.6518, 0.0000
0.6518, 0.0000
0.6518, 0.0000
0.6518, 0.0000
0.6518, 0.0000
0.6518, 0.0000
0.0000, 1.0000
0.0000, 1.0000
0.0000, 1.0000
0.0000, 1.0000
0.0000, 1.0000
0.0000, 1.0000
0.0000, 1.0000
0.0000, 1.0000
0.0000, 1.0000
0.0000, 1.0000
0.0000, 1.0000
0.0000, 1.0000
0.0000, 1.0000
0.0000, 1.0000
0.0000, 1.0000
0.0000, 1.0000
0.0000, 1.0000
0.0000, 1.0000
0.0000, 1.0000
0.0000, 1.0000
0.0000, 1.0000
0.0000, 1.0000
0.0000, 1.0000
0.0000, 1.0000
0.0000, 1.0000
0.0000, 1.0000
0.0000, 1.0000
0.0000, 1.0000
0.0000, 1.0000
0.0000, 1.0000
0.0000, 1.0000
0.0000, 1.0000
0.0000, 1.0000
0.0000, 1.0000
0.0000, 1.0000
0.0000, 1.0000
