0.9960, 0.0398
0.9960, 0.0398
0.9960, 0.0398
0.9960, 0.0398
0.9960, 0.0398
0.9960, 0.0398
0.9960, 0.0398
0.9960, 0.0398
0.9960, 0.0398
0.9960, 0.0398
0.9960, 0.0398
0.9960, 0.0398
0.9960, 0.0398
0.9960, 0.0398
0.9960, 0.0398
0.9960, 0.0398
0.9960, 0.0398
0.9960, 0.0398
0.9960, 0.0398
0.9960, 0.0398
0.9960, 0.0398
0.9960, 0.0398
0.9960, 0.0398
0.9960, 0.0398
0.9960, 0.0398
0.9960, 0.0398
0.9960, 0.0398
0.9960, 0.0398
0.9960, 0.0398
0.9960, 0.0398
0.9960, 0.0398
0.9960, 0.0398
0.9960, 0.0398
0.9960, 0.0398
0.9960, 0.0398
0.9960, 0.0398
0.9960, 0.0398
0.9960, 0.0398
0.9960, 0.0398
0.9960, 0.0398
0.9960, 0.0398
0.9960, 0.0398
0.9960, 0.0398
0.9960, 0.0398
0.9960, 0.0398
0.9960, 0.0398
0.9960, 0.0398
0.9960, 0.0398
0.9960, 0.0398
0.9960, 0.0398
0.9960, 0.0398
0.9960, 0.0398
0.9960, 0.0398
0.9920, 0.0398
0.9920, 0.0398
0.9920, 0.0398
0.9920, 0.0398
0.9920, 0.0398
0.9920, 0.0398
0.9920, 0.0398
0.9920, 0.0424
0.9920, 0.0424
0.9920, 0.0424
0.9920, 0.0424
0.9920, 0.0424
0.9920, 0.0424
0.9920, 0.0424
0.9920, 0.0424
0.9920, 0.0424
0.9880, 0.0451
0.9880, 0.0451
0.9880, 0.0451
0.9880, 0.0451
0.9880, 0.0451
0.9880, 0.0451
0.9880, 0.0451
0.9880, 0.0451
0.9880, 0.0451
0.9880, 0.0451
0.9880, 0.0451
0.9880, 0.0451
0.9880, 0.0451
0.9841, 0.0451
0.9841, 0.0451
0.9841, 0.0451
0.9841, 0.0451
0.9841, 0.0451
0.9841, 0.0451
0.9841, 0.0451
0.9841, 0.0451
0.9841, 0.0451
0.9841, 0.0477
0.9841, 0.0477
0.9841, 0.0477
0.9841, 0.0477
0.9841, 0.0477
0.9841, 0.0477
0.9841, 0.0477
0.9841, 0.0477
0.9841, 0.0477
0.9801, 0.0504
0.9801, 0.0504
0.9801, 0.0504
0.9801, 0.0504
0.9801, 0.0504
0.9801, 0.0504
0.9801, 0.0504
0.9801, 0.0504
0.9801, 0.0504
0.9761, 0.0531
0.9761, 0.0531
0.9761, 0.0531
0.9761, 0.0531
0.9721, 0.0531
0.9721, 0.0531
0.9721, 0.0531
0.9721, 0.0531
0.9721, 0.0531
0.9721, 0.0531
0.9721, 0.0531
0.9721, 0.0531
0.9721, 0.0531
0.9721, 0.0531
0.9721, 0.0531
0.9721, 0.0531
0.9721, 0.0531
0.9721, 0.0557
0.9721, 0.0557
0.9721, 0.0557
0.9721, 0.0557
0.9681, 0.0557
0.9681, 0.0557
0.9681, 0.0557
0.9681, 0.0557
0.9641, 0.0584
0.9641, 0.0584
0.9641, 0.0584
0.9641, 0.0584
0.9641, 0.0584
0.9641, 0.0584
0.9641, 0.0584
0.9641, 0.0584
0.9641, 0.0584
0.9641, 0.0584
0.9641, 0.0584
0.9641, 0.0584
0.9641, 0.0584
0.9602, 0.0584
0.9602, 0.0584
0.9602, 0.0584
0.9562, 0.0610
0.9562, 0.0610
0.9562, 0.0610
0.9562, 0.0610
0.9562, 0.0610
0.9562, 0.0610
0.9562, 0.0610
0.9562, 0.0610
0.9562, 0.0610
0.9562, 0.0610
0.9562, 0.0610
0.9562, 0.0610
0.9562, 0.0610
0.9522, 0.0637
0.9522, 0.0637
0.9522, 0.0637
0.9522, 0.0637
0.9522, 0.0637
0.9522, 0.0637
0.9522, 0.0637
0.9522, 0.0637
0.9482, 0.0637
0.9482, 0.0637
0.9482, 0.0637
0.9482, 0.0637
0.9482, 0.0637
0.9442, 0.0663
0.9442, 0.0663
0.9442, 0.0663
0.9442, 0.0663
0.9442, 0.0663
0.9442, 0.0663
0.9442, 0.0663
0.9442, 0.0663
0.9442, 0.0663
0.9442, 0.0663
0.9442, 0.0663
0.9442, 0.0663
0.9442, 0.0663
0.9402, 0.0690
0.9402, 0.0690
0.9402, 0.0690
0.9402, 0.0690
0.9363, 0.0716
0.9363, 0.0716
0.9363, 0.0716
0.9363, 0.0716
0.9363, 0.0716
0.9363, 0.0716
0.9363, 0.0716
0.9363, 0.0716
0.9323, 0.0716
0.9323, 0.0716
0.9323, 0.0716
0.9323, 0.0716
0.9283, 0.0716
0.9283, 0.0716
0.9283, 0.0716
0.9283, 0.0716
0.9243, 0.0743
0.9243, 0.0743
0.9243, 0.0743
0.9243, 0.0743
0.9203, 0.0743
0.9203, 0.0743
0.9203, 0.0743
0.9203, 0.0743
0.9203, 0.0743
0.9203, 0.0743
0.9203, 0.0743
0.9203, 0.0743
0.9203, 0.0743
0.9163, 0.0769
0.9163, 0.0769
0.9163, 0.0769
0.9163, 0.0769
0.9124, 0.0769
0.9124, 0.0769
0.9124, 0.0769
0.9124, 0.0769
0.9124, 0.0769
0.9124, 0.0769
0.9124, 0.0769
0.9124, 0.0769
0.9124, 0.0769
0.9124, 0.0769
0.9124, 0.0769
0.9124, 0.0769
0.9124, 0.0769
0.9084, 0.0796
0.9084, 0.0796
0.9084, 0.0796
0.9084, 0.0796
0.9044, 0.0796
0.9044, 0.0796
0.9044, 0.0796
0.9044, 0.0796
0.9044, 0.0796
0.9044, 0.0796
0.9044, 0.0796
0.9044, 0.0796
0.9044, 0.0796
0.9044, 0.0796
0.9044, 0.0796
0.9044, 0.0796
0.9004, 0.0796
0.9004, 0.0796
0.9004, 0.0796
0.9004, 0.0796
0.8964, 0.0796
0.8964, 0.0796
0.8964, 0.0796
0.8964, 0.0796
0.8924, 0.0796
0.8924, 0.0796
0.8924, 0.0796
0.8924, 0.0796
0.8924, 0.0796
0.8924, 0.0796
0.8924, 0.0796
0.8924, 0.0796
0.8884, 0.0796
0.8884, 0.0796
0.8884, 0.0796
0.8884, 0.0796
0.8845, 0.0796
0.8845, 0.0796
0.8845, 0.0796
0.8845, 0.0796
0.8845, 0.0822
0.8845, 0.0822
0.8845, 0.0822
0.8845, 0.0822
0.8845, 0.0822
0.8845, 0.0822
0.8845, 0.0822
0.8845, 0.0822
0.8845, 0.0822
0.8805, 0.0822
0.8805, 0.0822
0.8805, 0.0822
0.8805, 0.0822
0.8805, 0.0822
0.8805, 0.0822
0.8805, 0.0822
0.8765, 0.0822
0.8765, 0.0822
0.8765, 0.0822
0.8765, 0.0822
0.8765, 0.0822
0.8765, 0.0822
0.8765, 0.0822
0.8765, 0.0822
0.8765, 0.0822
0.8765, 0.0822
0.8765, 0.0822
0.8765, 0.0822
0.8725, 0.0822
0.8725, 0.0822
0.8725, 0.0822
0.8685, 0.0822
0.8685, 0.0822
0.8685, 0.0822
0.8685, 0.0822
0.8645, 0.0849
0.8645, 0.0849
0.8645, 0.0849
0.8645, 0.0849
0.8645, 0.0849
0.8645, 0.0849
0.8645, 0.0849
0.8645, 0.0849
0.8645, 0.0849
0.8645, 0.0849
0.8645, 0.0849
0.8645, 0.0849
0.8606, 0.0849
0.8606, 0.0849
0.8606, 0.0849
0.8566, 0.0849
0.8566, 0.0849
0.8566, 0.0849
0.8566, 0.0849
0.8566, 0.0849
0.8566, 0.0849
0.8566, 0.0849
0.8566, 0.0849
0.8526, 0.0849
0.8526, 0.0849
0.8526, 0.0849
0.8526, 0.0849
0.8486, 0.0849
0.8486, 0.0849
0.8486, 0.0849
0.8486, 0.0849
0.8446, 0.0849
0.8446, 0.0849
0.8446, 0.0849
0.8446, 0.0849
0.8446, 0.0849
0.8446, 0.0849
0.8446, 0.0849
0.8446, 0.0849
0.8446, 0.0849
0.8446, 0.0849
0.8446, 0.0849
0.8446, 0.0849
0.8406, 0.0849
0.8406, 0.0849
0.8406, 0.0849
0.8406, 0.0849
0.8367, 0.0849
0.8367, 0.0849
0.8367, 0.0849
0.8367, 0.0849
0.8367, 0.0849
0.8367, 0.0849
0.8367, 0.0849
0.8367, 0.0849
0.8327, 0.0875
0.8327, 0.0875
0.8327, 0.0875
0.8327, 0.0875
0.8287, 0.0875
0.8287, 0.0875
0.8287, 0.0875
0.8287, 0.0875
0.8247, 0.0875
0.8247, 0.0875
0.8247, 0.0875
0.8247, 0.0875
0.8247, 0.0875
0.8247, 0.0875
0.8247, 0.0875
0.8247, 0.0875
0.8207, 0.0875
0.8207, 0.0875
0.8207, 0.0875
0.8167, 0.0875
0.8167, 0.0875
0.8167, 0.0875
0.8167, 0.0875
0.8167, 0.0875
0.8167, 0.0875
0.8167, 0.0875
0.8167, 0.0875
0.8127, 0.0875
0.8127, 0.0875
0.8127, 0.0875
0.8127, 0.0875
0.8088, 0.0875
0.8088, 0.0875
0.8088, 0.0875
0.8088, 0.0875
0.8048, 0.0875
0.8048, 0.0875
0.8048, 0.0875
0.8048, 0.0875
0.8048, 0.0875
0.8048, 0.0875
0.8048, 0.0875
0.8048, 0.0875
0.8048, 0.0875
0.8048, 0.0875
0.8048, 0.0875
0.8048, 0.0875
0.8008, 0.0875
0.8008, 0.0875
0.8008, 0.0875
0.7968, 0.0875
0.7968, 0.0875
0.7968, 0.0875
0.7968, 0.0875
0.7968, 0.0875
0.7968, 0.0875
0.7968, 0.0875
0.7968, 0.0875
0.7968, 0.0902
0.7968, 0.0902
0.7968, 0.0902
0.7968, 0.0902
0.7928, 0.0902
0.7928, 0.0902
0.7928, 0.0902
0.7888, 0.0902
0.7888, 0.0902
0.7888, 0.0902
0.7888, 0.0902
0.7849, 0.0902
0.7849, 0.0902
0.7849, 0.0902
0.7849, 0.0902
0.7849, 0.0902
0.7849, 0.0902
0.7849, 0.0902
0.7849, 0.0902
0.7809, 0.0902
0.7809, 0.0902
0.7809, 0.0902
0.7809, 0.0902
0.7769, 0.0902
0.7769, 0.0902
0.7769, 0.0902
0.7769, 0.0902
0.7769, 0.0902
0.7769, 0.0902
0.7769, 0.0902
0.7769, 0.0902
0.7729, 0.0902
0.7729, 0.0902
0.7729, 0.0902
0.7689, 0.0902
0.7689, 0.0902
0.7689, 0.0902
0.7689, 0.0902
0.7649, 0.0902
0.7649, 0.0902
0.7649, 0.0902
0.7649, 0.0902
0.7649, 0.0902
0.7649, 0.0902
0.7649, 0.0902
0.7649, 0.0902
0.7610, 0.0902
0.7610, 0.0902
0.7610, 0.0902
0.7610, 0.0902
0.7570, 0.0902
0.7570, 0.0902
0.7570, 0.0902
0.7570, 0.0902
0.7570, 0.0902
0.7570, 0.0902
0.7570, 0.0902
0.7570, 0.0902
0.7530, 0.0902
0.7530, 0.0902
0.7530, 0.0902
0.7530, 0.0902
0.7530, 0.0902
0.7530, 0.0902
0.7530, 0.0902
0.7530, 0.0902
0.7490, 0.0902
0.7490, 0.0902
0.7490, 0.0902
0.7490, 0.0902
0.7490, 0.0902
0.7490, 0.0902
0.7490, 0.0902
0.7490, 0.0902
0.7490, 0.0902
0.7490, 0.0902
0.7490, 0.0902
0.7490, 0.0902
0.7450, 0.0902
0.7450, 0.0902
0.7450, 0.0902
0.7450, 0.0902
0.7450, 0.0902
0.7450, 0.0902
0.7450, 0.0902
0.7450, 0.0902
0.7410, 0.0902
0.7410, 0.0902
0.7410, 0.0902
0.7371, 0.0902
0.7371, 0.0902
0.7371, 0.0902
0.7371, 0.0902
0.7371, 0.0902
0.7371, 0.0902
0.7371, 0.0902
0.7371, 0.0902
0.7331, 0.0902
0.7331, 0.0902
0.7331, 0.0902
0.7331, 0.0902
0.7331, 0.0902
0.7331, 0.0902
0.7331, 0.0902
0.7331, 0.0902
0.7291, 0.0902
0.7291, 0.0902
0.7291, 0.0902
0.7291, 0.0902
0.7291, 0.0902
0.7291, 0.0902
0.7291, 0.0902
0.7291, 0.0902
0.7291, 0.0902
0.7291, 0.0902
0.7291, 0.0902
0.7251, 0.0902
0.7251, 0.0902
0.7251, 0.0902
0.7251, 0.0902
0.7211, 0.0902
0.7211, 0.0902
0.7211, 0.0902
0.7211, 0.0902
0.7211, 0.0902
0.7211, 0.0902
0.7211, 0.0902
0.7211, 0.0902
0.7171, 0.0902
0.7171, 0.0902
0.7171, 0.0902
0.7171, 0.0902
0.7171, 0.0902
0.7171, 0.0902
0.7171, 0.0902
0.7131, 0.0902
0.7131, 0.0902
0.7131, 0.0902
0.7092, 0.0875
0.7092, 0.0875
0.7092, 0.0875
0.7092, 0.0875
0.7092, 0.0875
0.7092, 0.0875
0.7092, 0.0875
0.7092, 0.0875
0.7052, 0.0875
0.7052, 0.0875
0.7052, 0.0875
0.7052, 0.0875
0.7012, 0.0875
0.7012, 0.0875
0.7012, 0.0875
0.6972, 0.0875
0.6972, 0.0875
0.6972, 0.0875
0.6972, 0.0875
0.6972, 0.0875
0.6972, 0.0875
0.6972, 0.0875
0.6972, 0.0875
0.6932, 0.0875
0.6932, 0.0875
0.6932, 0.0875
0.6932, 0.0875
0.6892, 0.0875
0.6892, 0.0875
0.6892, 0.0875
0.6892, 0.0875
0.6892, 0.0875
0.6892, 0.0875
0.6892, 0.0875
0.6853, 0.0875
0.6853, 0.0875
0.6853, 0.0875
0.6853, 0.0875
0.6853, 0.0849
0.6853, 0.0849
0.6853, 0.0849
0.6813, 0.0849
0.6813, 0.0849
0.6813, 0.0849
0.6813, 0.0849
0.6773, 0.0849
0.6773, 0.0849
0.6773, 0.0849
0.6773, 0.0849
0.6773, 0.0849
0.6773, 0.0849
0.6773, 0.0849
0.6773, 0.0849
0.6773, 0.0849
0.6773, 0.0849
0.6773, 0.0849
0.6773, 0.0849
0.6773, 0.0822
0.6773, 0.0822
0.6773, 0.0822
0.6773, 0.0822
0.6733, 0.0822
0.6733, 0.0822
0.6733, 0.0822
0.6693, 0.0822
0.6693, 0.0822
0.6693, 0.0822
0.6693, 0.0822
0.6693, 0.0822
0.6693, 0.0822
0.6693, 0.0822
0.6693, 0.0822
0.6693, 0.0822
0.6693, 0.0822
0.6693, 0.0822
0.6693, 0.0822
0.6653, 0.0822
0.6653, 0.0822
0.6653, 0.0822
0.6614, 0.0796
0.6614, 0.0796
0.6614, 0.0796
0.6614, 0.0796
0.6614, 0.0796
0.6614, 0.0796
0.6614, 0.0796
0.6614, 0.0796
0.6574, 0.0796
0.6574, 0.0796
0.6574, 0.0796
0.6574, 0.0769
0.6574, 0.0769
0.6574, 0.0769
0.6574, 0.0769
0.6574, 0.0769
0.6574, 0.0769
0.6574, 0.0769
0.6574, 0.0769
0.6534, 0.0743
0.6534, 0.0743
0.6534, 0.0743
0.6534, 0.0743
0.6494, 0.0743
0.6494, 0.0743
0.6494, 0.0743
0.6494, 0.0743
0.6494, 0.0743
0.6494, 0.0743
0.6494, 0.0743
0.6494, 0.0743
0.6494, 0.0743
0.6494, 0.0743
0.6494, 0.0743
0.6494, 0.0743
0.6454, 0.0743
0.6454, 0.0743
0.6454, 0.0743
0.6414, 0.0716
0.6414, 0.0716
0.6414, 0.0716
0.6414, 0.0716
0.6375, 0.0716
0.6375, 0.0716
0.6375, 0.0716
0.6375, 0.0716
0.6375, 0.0716
0.6375, 0.0716
0.6375, 0.0716
0.6375, 0.0716
0.6375, 0.0690
0.6375, 0.0690
0.6375, 0.0690
0.6335, 0.0690
0.6335, 0.0690
0.6335, 0.0690
0.6295, 0.0690
0.6295, 0.0690
0.6295, 0.0690
0.6295, 0.0690
0.6295, 0.0690
0.6295, 0.0690
0.6295, 0.0690
0.6295, 0.0690
0.6255, 0.0690
0.6255, 0.0690
0.6255, 0.0690
0.6255, 0.0690
0.6215, 0.0690
0.6215, 0.0690
0.6215, 0.0690
0.6215, 0.0663
0.6215, 0.0663
0.6215, 0.0663
0.6215, 0.0663
0.6215, 0.0663
0.6215, 0.0663
0.6215, 0.0663
0.6215, 0.0663
0.6175, 0.0663
0.6175, 0.0663
0.6175, 0.0663
0.6175, 0.0663
0.6175, 0.0637
0.6175, 0.0637
0.6175, 0.0637
0.6135, 0.0637
0.6135, 0.0637
0.6135, 0.0637
0.6135, 0.0637
0.6096, 0.0637
0.6096, 0.0637
0.6096, 0.0637
0.6096, 0.0637
0.6096, 0.0637
0.6096, 0.0637
0.6096, 0.0637
0.6096, 0.0610
0.6096, 0.0610
0.6096, 0.0610
0.6056, 0.0610
0.6056, 0.0610
0.6056, 0.0610
0.6056, 0.0610
0.6016, 0.0610
0.6016, 0.0610
0.6016, 0.0610
0.6016, 0.0610
0.6016, 0.0610
0.6016, 0.0610
0.6016, 0.0610
0.6016, 0.0610
0.6016, 0.0610
0.6016, 0.0610
0.6016, 0.0610
0.5976, 0.0610
0.5976, 0.0610
0.5976, 0.0610
0.5976, 0.0610
0.5936, 0.0610
0.5936, 0.0610
0.5936, 0.0610
0.5936, 0.0610
0.5936, 0.0610
0.5936, 0.0610
0.5936, 0.0610
0.5896, 0.0610
0.5896, 0.0610
0.5896, 0.0610
0.5896, 0.0584
0.5896, 0.0584
0.5896, 0.0584
0.5896, 0.0584
0.5857, 0.0584
0.5857, 0.0584
0.5857, 0.0584
0.5857, 0.0584
0.5857, 0.0584
0.5857, 0.0584
0.5857, 0.0584
0.5817, 0.0584
0.5817, 0.0584
0.5817, 0.0584
0.5817, 0.0557
0.5817, 0.0557
0.5817, 0.0557
0.5817, 0.0557
0.5777, 0.0557
0.5777, 0.0557
0.5777, 0.0557
0.5777, 0.0557
0.5777, 0.0557
0.5777, 0.0557
0.5777, 0.0557
0.5737, 0.0557
0.5737, 0.0557
0.5737, 0.0557
0.5697, 0.0557
0.5697, 0.0557
0.5697, 0.0557
0.5697, 0.0557
0.5697, 0.0557
0.5697, 0.0557
0.5697, 0.0557
0.5697, 0.0557
0.5657, 0.0557
0.5657, 0.0557
0.5657, 0.0557
0.5618, 0.0557
0.5618, 0.0557
0.5618, 0.0557
0.5618, 0.0557
0.5618, 0.0557
0.5618, 0.0557
0.5618, 0.0557
0.5618, 0.0557
0.5618, 0.0531
0.5618, 0.0531
0.5618, 0.0531
0.5578, 0.0531
0.5578, 0.0531
0.5578, 0.0531
0.5578, 0.0531
0.5578, 0.0531
0.5578, 0.0531
0.5578, 0.0531
0.5538, 0.0531
0.5538, 0.0531
0.5538, 0.0531
0.5498, 0.0531
0.5498, 0.0531
0.5498, 0.0531
0.5498, 0.0531
0.5498, 0.0504
0.5498, 0.0504
0.5498, 0.0504
0.5498, 0.0504
0.5498, 0.0504
0.5498, 0.0504
0.5498, 0.0504
0.5458, 0.0504
0.5458, 0.0504
0.5458, 0.0504
0.5458, 0.0504
0.5418, 0.0504
0.5418, 0.0504
0.5418, 0.0504
0.5418, 0.0504
0.5418, 0.0504
0.5418, 0.0504
0.5418, 0.0504
0.5418, 0.0477
0.5418, 0.0477
0.5418, 0.0477
0.5378, 0.0477
0.5378, 0.0477
0.5378, 0.0477
0.5378, 0.0477
0.5378, 0.0477
0.5378, 0.0477
0.5378, 0.0477
0.5378, 0.0477
0.5339, 0.0477
0.5339, 0.0477
0.5339, 0.0477
0.5299, 0.0477
0.5299, 0.0477
0.5299, 0.0477
0.5299, 0.0477
0.5299, 0.0477
0.5299, 0.0477
0.5299, 0.0477
0.5259, 0.0477
0.5259, 0.0477
0.5259, 0.0477
0.5259, 0.0477
0.5259, 0.0477
0.5259, 0.0477
0.5259, 0.0477
0.5219, 0.0477
0.5219, 0.0477
0.5219, 0.0477
0.5219, 0.0477
0.5219, 0.0477
0.5219, 0.0477
0.5219, 0.0477
0.5179, 0.0477
0.5179, 0.0477
0.5179, 0.0477
0.5179, 0.0477
0.5179, 0.0477
0.5179, 0.0477
0.5179, 0.0477
0.5139, 0.0477
0.5139, 0.0477
0.5139, 0.0477
0.5139, 0.0477
0.5100, 0.0451
0.5100, 0.0451
0.5100, 0.0451
0.5100, 0.0451
0.5100, 0.0451
0.5100, 0.0451
0.5100, 0.0451
0.5100, 0.0451
0.5100, 0.0451
0.5100, 0.0451
0.5100, 0.0451
0.5100, 0.0451
0.5100, 0.0451
0.5100, 0.0451
0.5060, 0.0451
0.5060, 0.0451
0.5060, 0.0451
0.5020, 0.0451
0.5020, 0.0451
0.5020, 0.0451
0.5020, 0.0451
0.5020, 0.0451
0.5020, 0.0451
0.5020, 0.0451
0.4980, 0.0451
0.4980, 0.0451
0.4980, 0.0451
0.4980, 0.0451
0.4940, 0.0451
0.4940, 0.0451
0.4940, 0.0451
0.4940, 0.0451
0.4940, 0.0451
0.4940, 0.0451
0.4940, 0.0451
0.4940, 0.0451
0.4940, 0.0451
0.4940, 0.0451
0.4940, 0.0451
0.4900, 0.0451
0.4900, 0.0451
0.4900, 0.0451
0.4861, 0.0424
0.4861, 0.0424
0.4861, 0.0424
0.4861, 0.0424
0.4861, 0.0424
0.4861, 0.0424
0.4861, 0.0424
0.4821, 0.0424
0.4821, 0.0424
0.4821, 0.0424
0.4821, 0.0424
0.4821, 0.0424
0.4821, 0.0424
0.4821, 0.0424
0.4821, 0.0424
0.4821, 0.0424
0.4821, 0.0424
0.4821, 0.0424
0.4821, 0.0424
0.4781, 0.0424
0.4781, 0.0424
0.4741, 0.0424
0.4741, 0.0424
0.4741, 0.0424
0.4741, 0.0424
0.4741, 0.0424
0.4741, 0.0424
0.4741, 0.0424
0.4701, 0.0424
0.4701, 0.0424
0.4701, 0.0424
0.4701, 0.0424
0.4661, 0.0424
0.4661, 0.0424
0.4661, 0.0424
0.4622, 0.0424
0.4622, 0.0424
0.4622, 0.0424
0.4582, 0.0424
0.4582, 0.0424
0.4582, 0.0424
0.4582, 0.0424
0.4582, 0.0424
0.4582, 0.0424
0.4582, 0.0424
0.4582, 0.0424
0.4542, 0.0424
0.4542, 0.0424
0.4542, 0.0424
0.4502, 0.0424
0.4502, 0.0424
0.4502, 0.0424
0.4502, 0.0424
0.4502, 0.0424
0.4502, 0.0424
0.4502, 0.0424
0.4462, 0.0424
0.4462, 0.0424
0.4462, 0.0424
0.4462, 0.0424
0.4462, 0.0424
0.4462, 0.0424
0.4462, 0.0424
0.4422, 0.0424
0.4422, 0.0424
0.4422, 0.0424
0.4422, 0.0424
0.4422, 0.0424
0.4422, 0.0424
0.4422, 0.0424
0.4382, 0.0424
0.4382, 0.0424
0.4382, 0.0424
0.4343, 0.0424
0.4343, 0.0424
0.4343, 0.0424
0.4303, 0.0424
0.4303, 0.0424
0.4303, 0.0424
0.4303, 0.0424
0.4303, 0.0424
0.4303, 0.0424
0.4303, 0.0424
0.4263, 0.0424
0.4263, 0.0424
0.4263, 0.0424
0.4223, 0.0424
0.4223, 0.0424
0.4223, 0.0424
0.4223, 0.0424
0.4223, 0.0424
0.4223, 0.0424
0.4223, 0.0424
0.4183, 0.0424
0.4183, 0.0424
0.4183, 0.0424
0.4183, 0.0424
0.4104, 0.0424
0.4104, 0.0424
0.4104, 0.0424
0.4104, 0.0424
0.4104, 0.0424
0.4104, 0.0424
0.4064, 0.0424
0.4064, 0.0424
0.4064, 0.0424
0.4064, 0.0424
0.3984, 0.0424
0.3984, 0.0424
0.3984, 0.0424
0.3984, 0.0424
0.3984, 0.0424
0.3984, 0.0424
0.3944, 0.0424
0.3944, 0.0424
0.3944, 0.0424
0.3944, 0.0424
0.3904, 0.0424
0.3904, 0.0424
0.3904, 0.0424
0.3865, 0.0424
0.3865, 0.0424
0.3865, 0.0424
0.3825, 0.0424
0.3825, 0.0424
0.3825, 0.0424
0.3785, 0.0424
0.3785, 0.0424
0.3785, 0.0424
0.3785, 0.0424
0.3785, 0.0424
0.3785, 0.0424
0.3785, 0.0424
0.3705, 0.0424
0.3705, 0.0424
0.3705, 0.0424
0.3705, 0.0424
0.3665, 0.0424
0.3665, 0.0424
0.3665, 0.0424
0.3665, 0.0424
0.3665, 0.0424
0.3665, 0.0424
0.3625, 0.0424
0.3625, 0.0424
0.3625, 0.0424
0.3625, 0.0424
0.3586, 0.0424
0.3586, 0.0424
0.3586, 0.0424
0.3586, 0.0424
0.3586, 0.0424
0.3586, 0.0424
0.3546, 0.0424
0.3546, 0.0424
0.3546, 0.0424
0.3506, 0.0424
0.3506, 0.0424
0.3506, 0.0424
0.3506, 0.0424
0.3506, 0.0424
0.3506, 0.0424
0.3506, 0.0424
0.3466, 0.0424
0.3466, 0.0424
0.3466, 0.0424
0.3426, 0.0424
0.3426, 0.0424
0.3426, 0.0424
0.3386, 0.0424
0.3386, 0.0424
0.3386, 0.0424
0.3386, 0.0424
0.3386, 0.0424
0.3386, 0.0424
0.3386, 0.0424
0.3347, 0.0424
0.3347, 0.0424
0.3347, 0.0424
0.3307, 0.0424
0.3307, 0.0424
0.3307, 0.0424
0.3307, 0.0424
0.3307, 0.0424
0.3307, 0.0424
0.3307, 0.0424
0.3307, 0.0424
0.3307, 0.0424
0.3307, 0.0424
0.3267, 0.0424
0.3267, 0.0424
0.3267, 0.0424
0.3187, 0.0424
0.3187, 0.0424
0.3187, 0.0424
0.3187, 0.0424
0.3187, 0.0424
0.3187, 0.0424
0.3187, 0.0424
0.3147, 0.0424
0.3147, 0.0424
0.3147, 0.0424
0.3108, 0.0424
0.3108, 0.0424
0.3108, 0.0424
0.3108, 0.0424
0.3068, 0.0424
0.3068, 0.0424
0.3068, 0.0424
0.3068, 0.0424
0.3068, 0.0424
0.3068, 0.0424
0.3068, 0.0424
0.3028, 0.0424
0.3028, 0.0424
0.3028, 0.0424
0.2988, 0.0424
0.2988, 0.0424
0.2988, 0.0424
0.2988, 0.0451
0.2988, 0.0451
0.2988, 0.0451
0.2988, 0.0451
0.2988, 0.0451
0.2988, 0.0451
0.2948, 0.0451
0.2948, 0.0451
0.2948, 0.0451
0.2908, 0.0451
0.2908, 0.0451
0.2908, 0.0451
0.2908, 0.0451
0.2908, 0.0451
0.2908, 0.0451
0.2908, 0.0451
0.2869, 0.0451
0.2869, 0.0451
0.2869, 0.0451
0.2869, 0.0451
0.2869, 0.0451
0.2869, 0.0451
0.2869, 0.0451
0.2829, 0.0451
0.2829, 0.0451
0.2829, 0.0451
0.2789, 0.0451
0.2789, 0.0451
0.2789, 0.0451
0.2789, 0.0451
0.2789, 0.0477
0.2789, 0.0477
0.2789, 0.0477
0.2749, 0.0477
0.2749, 0.0477
0.2749, 0.0477
0.2709, 0.0477
0.2709, 0.0477
0.2709, 0.0477
0.2709, 0.0477
0.2709, 0.0477
0.2709, 0.0477
0.2669, 0.0477
0.2669, 0.0477
0.2669, 0.0477
0.2669, 0.0504
0.2669, 0.0504
0.2669, 0.0504
0.2669, 0.0504
0.2629, 0.0504
0.2629, 0.0504
0.2629, 0.0504
0.2629, 0.0504
0.2629, 0.0504
0.2629, 0.0504
0.2590, 0.0504
0.2590, 0.0504
0.2590, 0.0504
0.2590, 0.0504
0.2590, 0.0504
0.2590, 0.0504
0.2590, 0.0504
0.2590, 0.0504
0.2590, 0.0504
0.2590, 0.0504
0.2590, 0.0531
0.2590, 0.0531
0.2590, 0.0531
0.2550, 0.0531
0.2550, 0.0531
0.2550, 0.0531
0.2510, 0.0531
0.2510, 0.0531
0.2510, 0.0531
0.2510, 0.0531
0.2510, 0.0531
0.2510, 0.0531
0.2510, 0.0531
0.2470, 0.0531
0.2470, 0.0531
0.2470, 0.0531
0.2430, 0.0557
0.2430, 0.0557
0.2430, 0.0557
0.2430, 0.0557
0.2390, 0.0557
0.2390, 0.0557
0.2390, 0.0557
0.2390, 0.0557
0.2390, 0.0557
0.2390, 0.0557
0.2351, 0.0584
0.2351, 0.0584
0.2351, 0.0584
0.2351, 0.0584
0.2351, 0.0584
0.2351, 0.0584
0.2351, 0.0584
0.2351, 0.0584
0.2351, 0.0584
0.2351, 0.0584
0.2311, 0.0584
0.2311, 0.0584
0.2311, 0.0584
0.2311, 0.0584
0.2311, 0.0584
0.2311, 0.0584
0.2311, 0.0584
0.2311, 0.0584
0.2311, 0.0584
0.2311, 0.0584
0.2311, 0.0584
0.2311, 0.0584
0.2311, 0.0584
0.2311, 0.0610
0.2311, 0.0610
0.2311, 0.0610
0.2311, 0.0610
0.2311, 0.0610
0.2311, 0.0610
0.2311, 0.0637
0.2311, 0.0637
0.2311, 0.0637
0.2271, 0.0637
0.2271, 0.0637
0.2271, 0.0637
0.2271, 0.0663
0.2271, 0.0663
0.2271, 0.0663
0.2271, 0.0663
0.2271, 0.0663
0.2271, 0.0663
0.2271, 0.0663
0.2231, 0.0663
0.2231, 0.0663
0.2231, 0.0663
0.2231, 0.0690
0.2231, 0.0690
0.2191, 0.0690
0.2191, 0.0690
0.2191, 0.0690
0.2191, 0.0690
0.2191, 0.0716
0.2191, 0.0716
0.2191, 0.0716
0.2191, 0.0716
0.2191, 0.0716
0.2191, 0.0716
0.2191, 0.0716
0.2191, 0.0716
0.2191, 0.0716
0.2151, 0.0743
0.2151, 0.0743
0.2151, 0.0743
0.2151, 0.0769
0.2151, 0.0769
0.2151, 0.0769
0.2151, 0.0769
0.2151, 0.0769
0.2151, 0.0769
0.2151, 0.0769
0.2112, 0.0796
0.2112, 0.0796
0.2112, 0.0796
0.2112, 0.0796
0.2112, 0.0796
0.2112, 0.0796
0.2112, 0.0796
0.2112, 0.0796
0.2112, 0.0796
0.2112, 0.0796
0.2112, 0.0796
0.2112, 0.0796
0.2112, 0.0796
0.2112, 0.0796
0.2112, 0.0822
0.2112, 0.0822
0.2112, 0.0822
0.2112, 0.0849
0.2112, 0.0849
0.2112, 0.0849
0.2112, 0.0849
0.2112, 0.0849
0.2112, 0.0849
0.2072, 0.0875
0.2072, 0.0875
0.2072, 0.0875
0.2072, 0.0875
0.2072, 0.0875
0.2072, 0.0875
0.2072, 0.0875
0.2072, 0.0902
0.2072, 0.0902
0.2072, 0.0902
0.2072, 0.0928
0.2072, 0.0928
0.2072, 0.0928
0.2032, 0.0928
0.2032, 0.0928
0.2032, 0.0928
0.2032, 0.0928
0.2032, 0.0928
0.2032, 0.0928
0.2032, 0.0955
0.2032, 0.0955
0.2032, 0.0955
0.2032, 0.0955
0.2032, 0.0955
0.2032, 0.0955
0.2032, 0.0955
0.2032, 0.0981
0.2032, 0.0981
0.2032, 0.0981
0.2032, 0.0981
0.2032, 0.0981
0.2032, 0.0981
0.2032, 0.0981
0.2032, 0.0981
0.2032, 0.0981
0.2032, 0.0981
0.1992, 0.0981
0.1992, 0.0981
0.1992, 0.0981
0.1992, 0.1008
0.1992, 0.1008
0.1992, 0.1008
0.1992, 0.1008
0.1992, 0.1008
0.1992, 0.1008
0.1992, 0.1034
0.1992, 0.1034
0.1992, 0.1034
0.1992, 0.1034
0.1992, 0.1034
0.1992, 0.1034
0.1992, 0.1061
0.1992, 0.1061
0.1992, 0.1061
0.1992, 0.1061
0.1992, 0.1061
0.1992, 0.1061
0.1992, 0.1061
0.1992, 0.1061
0.1992, 0.1061
0.1992, 0.1061
0.1992, 0.1088
0.1992, 0.1088
0.1992, 0.1088
0.1992, 0.1088
0.1992, 0.1088
0.1992, 0.1088
0.1992, 0.1114
0.1992, 0.1114
0.1992, 0.1114
0.1992, 0.1114
0.1992, 0.1114
0.1992, 0.1114
0.1992, 0.1114
0.1992, 0.1114
0.1992, 0.1114
0.1992, 0.1114
0.1992, 0.1141
0.1992, 0.1141
0.1992, 0.1141
0.1992, 0.1141
0.1992, 0.1141
0.1992, 0.1141
0.1992, 0.1167
0.1992, 0.1167
0.1992, 0.1167
0.1992, 0.1194
0.1992, 0.1194
0.1992, 0.1194
0.1992, 0.1194
0.1992, 0.1194
0.1992, 0.1194
0.1992, 0.1194
0.1992, 0.1194
0.1992, 0.1194
0.1992, 0.1194
0.1992, 0.1220
0.1992, 0.1220
0.1992, 0.1220
0.1992, 0.1247
0.1992, 0.1247
0.1992, 0.1247
0.1992, 0.1247
0.1992, 0.1247
0.1992, 0.1247
0.1992, 0.1247
0.1992, 0.1273
0.1992, 0.1273
0.1992, 0.1273
0.1992, 0.1273
0.1992, 0.1273
0.1992, 0.1273
0.1992, 0.1300
0.1992, 0.1300
0.1992, 0.1300
0.1992, 0.1300
0.1992, 0.1300
0.1992, 0.1300
0.1992, 0.1326
0.1992, 0.1326
0.1992, 0.1326
0.1992, 0.1353
0.1992, 0.1353
0.1992, 0.1353
0.1992, 0.1353
0.1992, 0.1353
0.1992, 0.1353
0.1992, 0.1379
0.1992, 0.1379
0.1992, 0.1379
0.1992, 0.1379
0.1992, 0.1379
0.1992, 0.1379
0.1992, 0.1379
0.1992, 0.1406
0.1992, 0.1406
0.1992, 0.1406
0.1992, 0.1432
0.1992, 0.1432
0.1992, 0.1432
0.1992, 0.1432
0.1992, 0.1432
0.1992, 0.1432
0.1992, 0.1432
0.1992, 0.1432
0.1992, 0.1432
0.1992, 0.1432
0.1992, 0.1459
0.1992, 0.1459
0.1992, 0.1459
0.1992, 0.1485
0.1992, 0.1485
0.1992, 0.1485
0.1992, 0.1512
0.1992, 0.1512
0.1992, 0.1512
0.1992, 0.1512
0.1992, 0.1512
0.1992, 0.1512
0.1992, 0.1512
0.1992, 0.1512
0.1992, 0.1512
0.1992, 0.1538
0.1992, 0.1538
0.1992, 0.1538
0.1992, 0.1565
0.1992, 0.1565
0.1992, 0.1565
0.1992, 0.1565
0.1992, 0.1565
0.1992, 0.1565
0.1992, 0.1565
0.1992, 0.1565
0.1992, 0.1565
0.1992, 0.1565
0.1992, 0.1592
0.1992, 0.1592
0.1992, 0.1592
0.1992, 0.1618
0.1992, 0.1618
0.1992, 0.1618
0.1992, 0.1645
0.1992, 0.1645
0.1992, 0.1645
0.1992, 0.1645
0.1992, 0.1645
0.1992, 0.1645
0.1992, 0.1671
0.1992, 0.1671
0.1992, 0.1671
0.1992, 0.1698
0.1992, 0.1698
0.1992, 0.1698
0.1992, 0.1698
0.1992, 0.1698
0.1992, 0.1698
0.1992, 0.1724
0.1992, 0.1724
0.1992, 0.1724
0.1992, 0.1751
0.1992, 0.1751
0.1992, 0.1751
0.1992, 0.1777
0.1992, 0.1777
0.1992, 0.1777
0.2032, 0.1777
0.2032, 0.1777
0.2032, 0.1777
0.2032, 0.1777
0.2032, 0.1804
0.2032, 0.1804
0.2032, 0.1804
0.2032, 0.1830
0.2032, 0.1830
0.2032, 0.1830
0.2072, 0.1830
0.2072, 0.1830
0.2072, 0.1830
0.2072, 0.1830
0.2072, 0.1830
0.2072, 0.1830
0.2072, 0.1857
0.2072, 0.1857
0.2072, 0.1857
0.2072, 0.1883
0.2072, 0.1883
0.2072, 0.1883
0.2072, 0.1910
0.2072, 0.1910
0.2072, 0.1910
0.2072, 0.1910
0.2072, 0.1910
0.2072, 0.1910
0.2072, 0.1936
0.2072, 0.1936
0.2072, 0.1936
0.2072, 0.1963
0.2072, 0.1963
0.2072, 0.1963
0.2112, 0.1963
0.2112, 0.1963
0.2112, 0.1963
0.2112, 0.1989
0.2112, 0.1989
0.2112, 0.1989
0.2151, 0.2016
0.2151, 0.2016
0.2151, 0.2042
0.2151, 0.2042
0.2151, 0.2042
0.2151, 0.2069
0.2151, 0.2069
0.2151, 0.2069
0.2151, 0.2095
0.2151, 0.2095
0.2151, 0.2095
0.2151, 0.2095
0.2151, 0.2095
0.2151, 0.2095
0.2191, 0.2122
0.2191, 0.2122
0.2191, 0.2122
0.2191, 0.2122
0.2191, 0.2149
0.2191, 0.2149
0.2191, 0.2149
0.2231, 0.2175
0.2231, 0.2175
0.2231, 0.2175
0.2231, 0.2175
0.2231, 0.2175
0.2231, 0.2202
0.2231, 0.2202
0.2231, 0.2202
0.2231, 0.2202
0.2271, 0.2228
0.2271, 0.2228
0.2271, 0.2228
0.2271, 0.2228
0.2271, 0.2228
0.2271, 0.2228
0.2271, 0.2255
0.2271, 0.2255
0.2271, 0.2255
0.2271, 0.2308
0.2271, 0.2308
0.2271, 0.2308
0.2311, 0.2308
0.2311, 0.2308
0.2311, 0.2308
0.2311, 0.2334
0.2311, 0.2334
0.2311, 0.2334
0.2351, 0.2334
0.2351, 0.2334
0.2351, 0.2334
0.2351, 0.2361
0.2351, 0.2361
0.2351, 0.2361
0.2351, 0.2387
0.2351, 0.2387
0.2351, 0.2387
0.2351, 0.2387
0.2351, 0.2387
0.2351, 0.2387
0.2351, 0.2387
0.2351, 0.2387
0.2351, 0.2387
0.2390, 0.2387
0.2390, 0.2387
0.2390, 0.2387
0.2390, 0.2414
0.2390, 0.2414
0.2390, 0.2414
0.2390, 0.2440
0.2390, 0.2440
0.2390, 0.2440
0.2430, 0.2440
0.2430, 0.2440
0.2430, 0.2440
0.2430, 0.2440
0.2430, 0.2440
0.2470, 0.2467
0.2470, 0.2467
0.2470, 0.2467
0.2470, 0.2493
0.2470, 0.2493
0.2470, 0.2493
0.2470, 0.2493
0.2470, 0.2493
0.2470, 0.2493
0.2510, 0.2520
0.2510, 0.2520
0.2510, 0.2520
0.2510, 0.2520
0.2510, 0.2520
0.2510, 0.2520
0.2550, 0.2520
0.2550, 0.2520
0.2550, 0.2520
0.2550, 0.2546
0.2550, 0.2546
0.2550, 0.2546
0.2590, 0.2573
0.2590, 0.2573
0.2590, 0.2573
0.2590, 0.2573
0.2590, 0.2573
0.2590, 0.2573
0.2629, 0.2573
0.2629, 0.2573
0.2669, 0.2599
0.2669, 0.2599
0.2669, 0.2599
0.2669, 0.2599
0.2669, 0.2599
0.2669, 0.2599
0.2669, 0.2599
0.2669, 0.2599
0.2669, 0.2599
0.2669, 0.2599
0.2669, 0.2626
0.2669, 0.2626
0.2669, 0.2626
0.2709, 0.2626
0.2709, 0.2626
0.2709, 0.2626
0.2709, 0.2626
0.2709, 0.2626
0.2709, 0.2626
0.2749, 0.2626
0.2749, 0.2626
0.2749, 0.2626
0.2749, 0.2626
0.2749, 0.2626
0.2749, 0.2626
0.2749, 0.2653
0.2749, 0.2653
0.2749, 0.2653
0.2789, 0.2653
0.2789, 0.2653
0.2789, 0.2653
0.2789, 0.2679
0.2789, 0.2679
0.2789, 0.2679
0.2789, 0.2679
0.2789, 0.2679
0.2789, 0.2679
0.2789, 0.2679
0.2789, 0.2679
0.2789, 0.2679
0.2829, 0.2679
0.2829, 0.2679
0.2829, 0.2679
0.2829, 0.2679
0.2829, 0.2679
0.2829, 0.2679
0.2829, 0.2679
0.2829, 0.2706
0.2829, 0.2706
0.2829, 0.2706
0.2829, 0.2706
0.2829, 0.2706
0.2829, 0.2706
0.2869, 0.2706
0.2869, 0.2706
0.2869, 0.2706
0.2869, 0.2706
0.2869, 0.2706
0.2869, 0.2706
0.2869, 0.2706
0.2869, 0.2706
0.2869, 0.2706
0.2869, 0.2706
0.2869, 0.2706
0.2869, 0.2706
0.2908, 0.2732
0.2908, 0.2732
0.2908, 0.2732
0.2908, 0.2732
0.2908, 0.2732
0.2908, 0.2732
0.2908, 0.2732
0.2908, 0.2732
0.2908, 0.2732
0.2908, 0.2732
0.2908, 0.2732
0.2908, 0.2732
0.2908, 0.2732
0.2908, 0.2732
0.2908, 0.2732
0.2908, 0.2732
0.2948, 0.2732
0.2948, 0.2732
0.2948, 0.2732
0.2948, 0.2732
0.2948, 0.2732
0.2948, 0.2732
0.2948, 0.2732
0.2948, 0.2732
0.2948, 0.2732
0.2948, 0.2732
0.2948, 0.2732
0.2948, 0.2732
0.2948, 0.2759
0.2948, 0.2759
0.2948, 0.2759
0.2948, 0.2759
0.2948, 0.2759
0.2948, 0.2759
0.2948, 0.2759
0.2948, 0.2759
0.2948, 0.2759
0.2948, 0.2759
0.2948, 0.2759
0.2948, 0.2759
0.2948, 0.2759
0.2948, 0.2759
0.2948, 0.2759
0.2948, 0.2759
0.2948, 0.2759
0.2948, 0.2759
0.2948, 0.2759
0.2948, 0.2759
0.1554, 0.3103
0.1554, 0.3103
0.1554, 0.3103
0.1554, 0.3103
0.1554, 0.3103
0.1554, 0.3103
0.1554, 0.3103
0.1554, 0.3103
0.1554, 0.3103
0.1554, 0.3103
0.1554, 0.3103
0.1554, 0.3103
0.1554, 0.3103
0.1554, 0.3103
0.1554, 0.3103
0.1554, 0.3103
0.1554, 0.3103
0.1554, 0.3103
0.1554, 0.3103
0.1554, 0.3103
0.1554, 0.3103
0.1554, 0.3103
0.1554, 0.3103
0.1554, 0.3103
0.1554, 0.3103
0.1554, 0.3103
0.1554, 0.3103
0.1554, 0.3103
0.1554, 0.3103
0.1554, 0.3103
0.1554, 0.3103
0.1554, 0.3103
0.1554, 0.3103
0.1554, 0.3103
0.1554, 0.3103
0.1554, 0.3103
0.1554, 0.3103
0.1554, 0.3103
0.1554, 0.3103
0.1554, 0.3103
0.1554, 0.3103
0.1554, 0.3103
0.1554, 0.3103
0.1554, 0.3103
0.1554, 0.3103
0.1554, 0.3103
0.1554, 0.3103
0.1554, 0.3103
0.1554, 0.3103
0.1554, 0.3103
0.1554, 0.3103
0.1554, 0.3103
0.1554, 0.3103
0.1554, 0.3103
0.1554, 0.3103
0.1554, 0.3103
0.1554, 0.3103
0.1554, 0.3103
0.1554, 0.3103
0.1554, 0.3103
0.1554, 0.3103
0.1554, 0.3103
0.1554, 0.3103
0.1554, 0.3103
0.1554, 0.3103
0.1554, 0.3103
0.1554, 0.3103
0.1554, 0.3103
0.1554, 0.3077
0.1554, 0.3077
0.1554, 0.3077
0.1554, 0.3077
0.1554, 0.3077
0.1554, 0.3077
0.1554, 0.3077
0.1554, 0.3077
0.1554, 0.3077
0.1554, 0.3077
0.1554, 0.3077
0.1554, 0.3077
0.1554, 0.3077
0.1554, 0.3077
0.1554, 0.3077
0.1554, 0.3077
0.1554, 0.3077
0.1594, 0.3050
0.1594, 0.3050
0.1594, 0.3050
0.1594, 0.3050
0.1633, 0.3050
0.1633, 0.3050
0.1633, 0.3050
0.1633, 0.3050
0.1673, 0.3024
0.1673, 0.3024
0.1673, 0.3024
0.1673, 0.3024
0.1673, 0.3024
0.1673, 0.3024
0.1673, 0.3024
0.1673, 0.3024
0.1673, 0.3024
0.1673, 0.3024
0.1673, 0.3024
0.1673, 0.3024
0.1673, 0.3024
0.1673, 0.3024
0.1673, 0.3024
0.1673, 0.3024
0.1673, 0.3024
0.1673, 0.3024
0.1713, 0.3024
0.1713, 0.3024
0.1713, 0.3024
0.1713, 0.3024
0.1713, 0.3024
0.1713, 0.3024
0.1713, 0.3024
0.1713, 0.3024
0.1753, 0.3024
0.1753, 0.3024
0.1753, 0.3024
0.1753, 0.3024
0.1753, 0.2997
0.1753, 0.2997
0.1753, 0.2997
0.1753, 0.2997
0.1793, 0.2997
0.1793, 0.2997
0.1793, 0.2997
0.1833, 0.2971
0.1833, 0.2971
0.1833, 0.2971
0.1833, 0.2971
0.1833, 0.2971
0.1833, 0.2971
0.1833, 0.2971
0.1833, 0.2971
0.1833, 0.2971
0.1873, 0.2971
0.1873, 0.2971
0.1873, 0.2971
0.1873, 0.2971
0.1873, 0.2944
0.1873, 0.2944
0.1873, 0.2944
0.1873, 0.2944
0.1912, 0.2944
0.1912, 0.2944
0.1912, 0.2944
0.1912, 0.2944
0.1952, 0.2944
0.1952, 0.2944
0.1952, 0.2944
0.1952, 0.2944
0.1952, 0.2944
0.1952, 0.2944
0.1952, 0.2944
0.1952, 0.2944
0.1952, 0.2944
0.1952, 0.2944
0.1952, 0.2944
0.1952, 0.2944
0.1952, 0.2944
0.1952, 0.2944
0.1952, 0.2944
0.1952, 0.2944
0.1952, 0.2944
0.1952, 0.2918
0.1952, 0.2918
0.1952, 0.2918
0.1952, 0.2918
0.1992, 0.2918
0.1992, 0.2918
0.1992, 0.2918
0.1992, 0.2918
0.1992, 0.2918
0.1992, 0.2918
0.1992, 0.2918
0.1992, 0.2918
0.2032, 0.2918
0.2032, 0.2918
0.2032, 0.2918
0.2032, 0.2918
0.2072, 0.2891
0.2072, 0.2891
0.2072, 0.2891
0.2072, 0.2891
0.2072, 0.2891
0.2072, 0.2891
0.2072, 0.2891
0.2072, 0.2891
0.2072, 0.2891
0.2072, 0.2891
0.2072, 0.2891
0.2072, 0.2891
0.2072, 0.2891
0.2112, 0.2891
0.2112, 0.2891
0.2112, 0.2891
0.2112, 0.2891
0.2151, 0.2891
0.2151, 0.2891
0.2151, 0.2891
0.2151, 0.2891
0.2151, 0.2891
0.2151, 0.2891
0.2151, 0.2891
0.2151, 0.2891
0.2151, 0.2891
0.2151, 0.2865
0.2151, 0.2865
0.2151, 0.2865
0.2151, 0.2865
0.2191, 0.2865
0.2191, 0.2865
0.2191, 0.2865
0.2191, 0.2865
0.2191, 0.2865
0.2191, 0.2865
0.2191, 0.2865
0.2191, 0.2865
0.2231, 0.2838
0.2231, 0.2838
0.2231, 0.2838
0.2231, 0.2838
0.2231, 0.2838
0.2231, 0.2838
0.2231, 0.2838
0.2231, 0.2838
0.2231, 0.2838
0.2231, 0.2838
0.2231, 0.2838
0.2231, 0.2838
0.2231, 0.2838
0.2271, 0.2812
0.2271, 0.2812
0.2271, 0.2812
0.2271, 0.2812
0.2311, 0.2812
0.2311, 0.2812
0.2311, 0.2812
0.2311, 0.2812
0.2311, 0.2812
0.2311, 0.2812
0.2311, 0.2812
0.2311, 0.2812
0.2351, 0.2812
0.2351, 0.2812
0.2351, 0.2812
0.2351, 0.2812
0.2351, 0.2812
0.2351, 0.2812
0.2351, 0.2812
0.2351, 0.2812
0.2351, 0.2812
0.2351, 0.2812
0.2351, 0.2812
0.2351, 0.2812
0.2390, 0.2812
0.2390, 0.2812
0.2390, 0.2812
0.2390, 0.2812
0.2390, 0.2812
0.2390, 0.2812
0.2390, 0.2812
0.2390, 0.2812
0.2430, 0.2785
0.2430, 0.2785
0.2430, 0.2785
0.2430, 0.2785
0.2430, 0.2785
0.2430, 0.2785
0.2430, 0.2785
0.2430, 0.2785
0.2430, 0.2785
0.2430, 0.2785
0.2430, 0.2785
0.2430, 0.2785
0.2430, 0.2785
0.2430, 0.2759
0.2430, 0.2759
0.2430, 0.2759
0.2430, 0.2759
0.2470, 0.2759
0.2470, 0.2759
0.2470, 0.2759
0.2510, 0.2759
0.2510, 0.2759
0.2510, 0.2759
0.2510, 0.2759
0.2550, 0.2759
0.2550, 0.2759
0.2550, 0.2759
0.2550, 0.2759
0.2550, 0.2759
0.2550, 0.2759
0.2550, 0.2759
0.2550, 0.2759
0.2590, 0.2759
0.2590, 0.2759
0.2590, 0.2759
0.2590, 0.2759
0.2629, 0.2759
0.2629, 0.2759
0.2629, 0.2759
0.2629, 0.2759
0.2629, 0.2759
0.2629, 0.2759
0.2629, 0.2759
0.2629, 0.2759
0.2629, 0.2759
0.2629, 0.2759
0.2629, 0.2759
0.2629, 0.2759
0.2629, 0.2759
0.2669, 0.2732
0.2669, 0.2732
0.2669, 0.2732
0.2669, 0.2732
0.2669, 0.2732
0.2669, 0.2732
0.2669, 0.2732
0.2669, 0.2732
0.2709, 0.2732
0.2709, 0.2732
0.2709, 0.2732
0.2749, 0.2732
0.2749, 0.2732
0.2749, 0.2732
0.2749, 0.2732
0.2749, 0.2732
0.2749, 0.2732
0.2749, 0.2732
0.2749, 0.2732
0.2789, 0.2732
0.2789, 0.2732
0.2789, 0.2732
0.2789, 0.2732
0.2829, 0.2706
0.2829, 0.2706
0.2829, 0.2706
0.2829, 0.2706
0.2829, 0.2706
0.2829, 0.2706
0.2829, 0.2706
0.2829, 0.2706
0.2869, 0.2706
0.2869, 0.2706
0.2869, 0.2706
0.2869, 0.2706
0.2908, 0.2706
0.2908, 0.2706
0.2908, 0.2706
0.2908, 0.2706
0.2948, 0.2706
0.2948, 0.2706
0.2948, 0.2706
0.2948, 0.2706
0.2948, 0.2706
0.2948, 0.2706
0.2948, 0.2706
0.2948, 0.2706
0.2948, 0.2706
0.2948, 0.2706
0.2948, 0.2706
0.2948, 0.2706
0.2988, 0.2706
0.2988, 0.2706
0.2988, 0.2706
0.3028, 0.2706
0.3028, 0.2706
0.3028, 0.2706
0.3028, 0.2706
0.3028, 0.2706
0.3028, 0.2706
0.3028, 0.2706
0.3028, 0.2706
0.3028, 0.2706
0.3028, 0.2706
0.3028, 0.2706
0.3028, 0.2706
0.3068, 0.2706
0.3068, 0.2706
0.3068, 0.2706
0.3068, 0.2706
0.3108, 0.2706
0.3108, 0.2706
0.3108, 0.2706
0.3147, 0.2706
0.3147, 0.2706
0.3147, 0.2706
0.3147, 0.2706
0.3147, 0.2679
0.3147, 0.2679
0.3147, 0.2679
0.3147, 0.2679
0.3147, 0.2679
0.3147, 0.2679
0.3147, 0.2679
0.3147, 0.2679
0.3187, 0.2679
0.3187, 0.2679
0.3187, 0.2679
0.3187, 0.2679
0.3187, 0.2679
0.3187, 0.2679
0.3187, 0.2679
0.3227, 0.2679
0.3227, 0.2679
0.3227, 0.2679
0.3227, 0.2679
0.3227, 0.2679
0.3227, 0.2679
0.3227, 0.2679
0.3227, 0.2679
0.3267, 0.2679
0.3267, 0.2679
0.3267, 0.2679
0.3267, 0.2679
0.3307, 0.2679
0.3307, 0.2679
0.3307, 0.2679
0.3347, 0.2679
0.3347, 0.2679
0.3347, 0.2679
0.3347, 0.2679
0.3347, 0.2679
0.3347, 0.2679
0.3347, 0.2679
0.3347, 0.2679
0.3386, 0.2679
0.3386, 0.2679
0.3386, 0.2679
0.3386, 0.2679
0.3386, 0.2679
0.3386, 0.2679
0.3386, 0.2679
0.3386, 0.2679
0.3426, 0.2679
0.3426, 0.2679
0.3426, 0.2679
0.3426, 0.2679
0.3426, 0.2679
0.3426, 0.2679
0.3426, 0.2679
0.3426, 0.2679
0.3426, 0.2679
0.3426, 0.2679
0.3426, 0.2679
0.3426, 0.2679
0.3426, 0.2679
0.3466, 0.2679
0.3466, 0.2679
0.3466, 0.2679
0.3506, 0.2679
0.3506, 0.2679
0.3506, 0.2679
0.3506, 0.2679
0.3506, 0.2679
0.3506, 0.2679
0.3506, 0.2679
0.3506, 0.2679
0.3506, 0.2679
0.3506, 0.2679
0.3506, 0.2679
0.3506, 0.2679
0.3546, 0.2679
0.3546, 0.2679
0.3546, 0.2679
0.3546, 0.2679
0.3586, 0.2679
0.3586, 0.2679
0.3586, 0.2679
0.3625, 0.2679
0.3625, 0.2679
0.3625, 0.2679
0.3625, 0.2679
0.3625, 0.2679
0.3625, 0.2679
0.3625, 0.2679
0.3625, 0.2679
0.3665, 0.2679
0.3665, 0.2679
0.3665, 0.2679
0.3705, 0.2679
0.3705, 0.2679
0.3705, 0.2679
0.3705, 0.2679
0.3705, 0.2679
0.3705, 0.2679
0.3705, 0.2679
0.3745, 0.2679
0.3745, 0.2679
0.3745, 0.2679
0.3745, 0.2679
0.3785, 0.2679
0.3785, 0.2679
0.3785, 0.2679
0.3785, 0.2679
0.3785, 0.2679
0.3785, 0.2679
0.3785, 0.2679
0.3785, 0.2679
0.3825, 0.2679
0.3825, 0.2679
0.3825, 0.2679
0.3825, 0.2679
0.3825, 0.2679
0.3825, 0.2679
0.3825, 0.2679
0.3825, 0.2679
0.3825, 0.2706
0.3825, 0.2706
0.3825, 0.2706
0.3865, 0.2706
0.3865, 0.2706
0.3865, 0.2706
0.3865, 0.2706
0.3865, 0.2706
0.3865, 0.2706
0.3865, 0.2706
0.3865, 0.2706
0.3904, 0.2706
0.3904, 0.2706
0.3904, 0.2706
0.3904, 0.2706
0.3904, 0.2706
0.3904, 0.2706
0.3904, 0.2706
0.3904, 0.2706
0.3904, 0.2706
0.3904, 0.2706
0.3904, 0.2706
0.3904, 0.2706
0.3944, 0.2706
0.3944, 0.2706
0.3944, 0.2706
0.3984, 0.2732
0.3984, 0.2732
0.3984, 0.2732
0.3984, 0.2732
0.4024, 0.2732
0.4024, 0.2732
0.4024, 0.2732
0.4024, 0.2732
0.4024, 0.2732
0.4024, 0.2732
0.4024, 0.2732
0.4024, 0.2732
0.4064, 0.2732
0.4064, 0.2732
0.4064, 0.2732
0.4064, 0.2732
0.4064, 0.2732
0.4064, 0.2732
0.4064, 0.2732
0.4064, 0.2732
0.4104, 0.2732
0.4104, 0.2732
0.4104, 0.2732
0.4104, 0.2732
0.4104, 0.2732
0.4104, 0.2732
0.4104, 0.2732
0.4143, 0.2732
0.4143, 0.2732
0.4143, 0.2732
0.4183, 0.2732
0.4183, 0.2732
0.4183, 0.2732
0.4183, 0.2732
0.4223, 0.2732
0.4223, 0.2732
0.4223, 0.2732
0.4223, 0.2732
0.4223, 0.2732
0.4223, 0.2732
0.4223, 0.2732
0.4223, 0.2732
0.4263, 0.2759
0.4263, 0.2759
0.4263, 0.2759
0.4263, 0.2759
0.4263, 0.2759
0.4263, 0.2759
0.4263, 0.2759
0.4263, 0.2759
0.4303, 0.2759
0.4303, 0.2759
0.4303, 0.2759
0.4303, 0.2759
0.4303, 0.2759
0.4303, 0.2759
0.4303, 0.2759
0.4343, 0.2759
0.4343, 0.2759
0.4343, 0.2759
0.4343, 0.2759
0.4382, 0.2785
0.4382, 0.2785
0.4382, 0.2785
0.4422, 0.2785
0.4422, 0.2785
0.4422, 0.2785
0.4422, 0.2785
0.4422, 0.2785
0.4422, 0.2785
0.4422, 0.2785
0.4422, 0.2785
0.4422, 0.2785
0.4422, 0.2785
0.4422, 0.2785
0.4422, 0.2785
0.4462, 0.2785
0.4462, 0.2785
0.4462, 0.2785
0.4502, 0.2785
0.4502, 0.2785
0.4502, 0.2785
0.4502, 0.2785
0.4502, 0.2785
0.4502, 0.2785
0.4502, 0.2785
0.4502, 0.2785
0.4502, 0.2785
0.4542, 0.2785
0.4542, 0.2785
0.4542, 0.2785
0.4582, 0.2785
0.4582, 0.2785
0.4582, 0.2785
0.4622, 0.2785
0.4622, 0.2785
0.4622, 0.2785
0.4622, 0.2812
0.4622, 0.2812
0.4622, 0.2812
0.4622, 0.2812
0.4622, 0.2812
0.4661, 0.2812
0.4661, 0.2812
0.4661, 0.2812
0.4701, 0.2812
0.4701, 0.2812
0.4701, 0.2812
0.4701, 0.2812
0.4701, 0.2812
0.4701, 0.2812
0.4701, 0.2812
0.4701, 0.2812
0.4741, 0.2838
0.4741, 0.2838
0.4741, 0.2838
0.4781, 0.2838
0.4781, 0.2838
0.4781, 0.2838
0.4781, 0.2838
0.4781, 0.2838
0.4781, 0.2838
0.4781, 0.2838
0.4781, 0.2838
0.4781, 0.2838
0.4821, 0.2838
0.4821, 0.2838
0.4861, 0.2865
0.4861, 0.2865
0.4861, 0.2865
0.4861, 0.2865
0.4861, 0.2865
0.4861, 0.2865
0.4900, 0.2865
0.4900, 0.2865
0.4900, 0.2865
0.4900, 0.2865
0.4900, 0.2865
0.4900, 0.2865
0.4940, 0.2865
0.4940, 0.2865
0.4940, 0.2865
0.4940, 0.2865
0.4940, 0.2865
0.4980, 0.2865
0.4980, 0.2865
0.4980, 0.2865
0.4980, 0.2865
0.4980, 0.2865
0.4980, 0.2865
0.4980, 0.2865
0.4980, 0.2865
0.4980, 0.2865
0.5020, 0.2865
0.5020, 0.2865
0.5020, 0.2865
0.5060, 0.2865
0.5060, 0.2865
0.5060, 0.2865
0.5100, 0.2891
0.5100, 0.2891
0.5100, 0.2891
0.5100, 0.2891
0.5100, 0.2891
0.5139, 0.2891
0.5139, 0.2891
0.5139, 0.2891
0.5179, 0.2891
0.5179, 0.2891
0.5179, 0.2891
0.5179, 0.2891
0.5179, 0.2891
0.5219, 0.2891
0.5219, 0.2891
0.5219, 0.2891
0.5219, 0.2891
0.5219, 0.2891
0.5219, 0.2891
0.5259, 0.2891
0.5259, 0.2891
0.5299, 0.2918
0.5299, 0.2918
0.5299, 0.2918
0.5299, 0.2918
0.5299, 0.2918
0.5299, 0.2918
0.5339, 0.2918
0.5339, 0.2918
0.5339, 0.2918
0.5339, 0.2918
0.5339, 0.2918
0.5378, 0.2918
0.5378, 0.2918
0.5378, 0.2918
0.5378, 0.2918
0.5378, 0.2918
0.5378, 0.2918
0.5418, 0.2918
0.5418, 0.2918
0.5418, 0.2918
0.5458, 0.2918
0.5458, 0.2918
0.5498, 0.2944
0.5498, 0.2944
0.5498, 0.2944
0.5498, 0.2944
0.5498, 0.2944
0.5498, 0.2944
0.5538, 0.2944
0.5538, 0.2944
0.5538, 0.2944
0.5578, 0.2944
0.5578, 0.2944
0.5578, 0.2944
0.5578, 0.2944
0.5578, 0.2944
0.5578, 0.2971
0.5578, 0.2971
0.5578, 0.2971
0.5618, 0.2971
0.5618, 0.2971
0.5618, 0.2971
0.5657, 0.2971
0.5657, 0.2971
0.5697, 0.2971
0.5697, 0.2971
0.5697, 0.2971
0.5697, 0.2997
0.5697, 0.2997
0.5697, 0.2997
0.5697, 0.2997
0.5697, 0.2997
0.5697, 0.2997
0.5737, 0.2997
0.5737, 0.2997
0.5737, 0.2997
0.5777, 0.2997
0.5777, 0.2997
0.5817, 0.2997
0.5817, 0.2997
0.5817, 0.2997
0.5857, 0.2997
0.5857, 0.2997
0.5857, 0.2997
0.5896, 0.2997
0.5896, 0.2997
0.5896, 0.2997
0.5896, 0.2997
0.5896, 0.2997
0.5936, 0.3024
0.5936, 0.3024
0.5976, 0.3024
0.5976, 0.3024
0.5976, 0.3024
0.5976, 0.3024
0.5976, 0.3024
0.5976, 0.3024
0.6016, 0.3024
0.6016, 0.3024
0.6016, 0.3024
0.6016, 0.3024
0.6016, 0.3024
0.6016, 0.3024
0.6016, 0.3024
0.6016, 0.3024
0.6056, 0.3050
0.6056, 0.3050
0.6056, 0.3050
0.6096, 0.3050
0.6096, 0.3050
0.6096, 0.3050
0.6096, 0.3050
0.6096, 0.3050
0.6096, 0.3050
0.6135, 0.3050
0.6135, 0.3050
0.6175, 0.3050
0.6175, 0.3050
0.6175, 0.3050
0.6175, 0.3050
0.6175, 0.3050
0.6175, 0.3050
0.6255, 0.3050
0.6255, 0.3050
0.6295, 0.3077
0.6295, 0.3077
0.6295, 0.3077
0.6295, 0.3077
0.6295, 0.3077
0.6295, 0.3077
0.6335, 0.3077
0.6335, 0.3077
0.6335, 0.3077
0.6375, 0.3103
0.6375, 0.3103
0.6414, 0.3103
0.6414, 0.3103
0.6414, 0.3103
0.6414, 0.3103
0.6414, 0.3103
0.6414, 0.3103
0.6454, 0.3103
0.6454, 0.3103
0.6454, 0.3103
0.6494, 0.3130
0.6494, 0.3130
0.6494, 0.3130
0.6494, 0.3130
0.6494, 0.3130
0.6494, 0.3130
0.6494, 0.3130
0.6494, 0.3130
0.6534, 0.3130
0.6534, 0.3130
0.6534, 0.3130
0.6574, 0.3130
0.6574, 0.3130
0.6574, 0.3130
0.6614, 0.3130
0.6614, 0.3130
0.6614, 0.3130
0.6614, 0.3130
0.6614, 0.3130
0.6614, 0.3130
0.6614, 0.3130
0.6653, 0.3156
0.6653, 0.3156
0.6653, 0.3156
0.6693, 0.3156
0.6693, 0.3156
0.6693, 0.3156
0.6693, 0.3156
0.6693, 0.3156
0.6693, 0.3156
0.6733, 0.3156
0.6733, 0.3156
0.6773, 0.3156
0.6773, 0.3156
0.6773, 0.3156
0.6773, 0.3156
0.6773, 0.3156
0.6773, 0.3156
0.6813, 0.3183
0.6813, 0.3183
0.6813, 0.3183
0.6813, 0.3183
0.6813, 0.3183
0.6853, 0.3183
0.6853, 0.3183
0.6853, 0.3183
0.6892, 0.3183
0.6892, 0.3183
0.6892, 0.3183
0.6892, 0.3183
0.6892, 0.3183
0.6932, 0.3183
0.6932, 0.3183
0.6932, 0.3183
0.6972, 0.3183
0.6972, 0.3183
0.6972, 0.3183
0.6972, 0.3183
0.6972, 0.3183
0.6972, 0.3183
0.6972, 0.3183
0.6972, 0.3183
0.7012, 0.3183
0.7012, 0.3183
0.7012, 0.3183
0.7052, 0.3183
0.7052, 0.3183
0.7052, 0.3183
0.7092, 0.3183
0.7092, 0.3183
0.7092, 0.3183
0.7092, 0.3183
0.7092, 0.3183
0.7092, 0.3183
0.7092, 0.3183
0.7092, 0.3183
0.7131, 0.3183
0.7131, 0.3183
0.7131, 0.3183
0.7171, 0.3183
0.7171, 0.3183
0.7171, 0.3183
0.7171, 0.3183
0.7171, 0.3183
0.7211, 0.3210
0.7211, 0.3210
0.7211, 0.3210
0.7251, 0.3210
0.7251, 0.3210
0.7251, 0.3210
0.7251, 0.3210
0.7251, 0.3210
0.7291, 0.3210
0.7291, 0.3210
0.7291, 0.3210
0.7291, 0.3210
0.7291, 0.3210
0.7291, 0.3210
0.7331, 0.3210
0.7331, 0.3210
0.7331, 0.3210
0.7410, 0.3210
0.7410, 0.3210
0.7410, 0.3210
0.7410, 0.3210
0.7410, 0.3210
0.7450, 0.3210
0.7450, 0.3210
0.7450, 0.3210
0.7490, 0.3210
0.7490, 0.3210
0.7530, 0.3210
0.7530, 0.3210
0.7530, 0.3210
0.7570, 0.3210
0.7570, 0.3210
0.7610, 0.3210
0.7610, 0.3210
0.7610, 0.3210
0.7649, 0.3210
0.7649, 0.3210
0.7689, 0.3210
0.7689, 0.3210
0.7689, 0.3210
0.7729, 0.3210
0.7729, 0.3210
0.7729, 0.3210
0.7769, 0.3210
0.7769, 0.3210
0.7809, 0.3210
0.7809, 0.3210
0.7809, 0.3210
0.7809, 0.3210
0.7809, 0.3210
0.7809, 0.3210
0.7888, 0.3210
0.7888, 0.3210
0.7968, 0.3210
0.7968, 0.3210
0.7968, 0.3210
0.8008, 0.3210
0.8008, 0.3210
0.8048, 0.3210
0.8048, 0.3210
0.8048, 0.3210
0.8088, 0.3210
0.8088, 0.3210
0.8088, 0.3210
0.8127, 0.3210
0.8127, 0.3210
0.8207, 0.3210
0.8207, 0.3210
0.8207, 0.3210
0.8207, 0.3210
0.8207, 0.3210
0.8247, 0.3210
0.8247, 0.3210
0.8247, 0.3210
0.8287, 0.3210
0.8287, 0.3210
0.8287, 0.3210
0.8287, 0.3210
0.8287, 0.3210
0.8327, 0.3210
0.8327, 0.3210
0.8327, 0.3210
0.8327, 0.3210
0.8327, 0.3210
0.8327, 0.3210
0.8327, 0.3210
0.8327, 0.3210
0.8327, 0.3210
0.8327, 0.3210
0.8327, 0.3210
0.8367, 0.3210
0.8367, 0.3210
0.8367, 0.3210
0.8406, 0.3183
0.8406, 0.3183
0.8406, 0.3183
0.8406, 0.3183
0.8406, 0.3183
0.8446, 0.3183
0.8446, 0.3183
0.8446, 0.3183
0.8486, 0.3183
0.8486, 0.3183
0.8526, 0.3183
0.8526, 0.3183
0.8526, 0.3183
0.8566, 0.3156
0.8566, 0.3156
0.8566, 0.3156
0.8606, 0.3156
0.8606, 0.3156
0.8645, 0.3156
0.8645, 0.3156
0.8645, 0.3156
0.8645, 0.3130
0.8645, 0.3130
0.8685, 0.3130
0.8685, 0.3130
0.8685, 0.3130
0.8765, 0.3130
0.8765, 0.3130
0.8765, 0.3130
0.8765, 0.3130
0.8765, 0.3130
0.8805, 0.3130
0.8805, 0.3130
0.8805, 0.3130
0.8845, 0.3103
0.8845, 0.3103
0.8845, 0.3103
0.8845, 0.3103
0.8845, 0.3103
0.8845, 0.3103
0.8845, 0.3103
0.8845, 0.3103
0.8884, 0.3077
0.8884, 0.3077
0.8924, 0.3077
0.8924, 0.3077
0.8924, 0.3077
0.8924, 0.3077
0.8924, 0.3077
0.8924, 0.3077
0.8924, 0.3050
0.8924, 0.3050
0.9004, 0.3050
0.9004, 0.3050
0.9004, 0.3050
0.9004, 0.3050
0.9004, 0.3050
0.9084, 0.3050
0.9084, 0.3050
0.9084, 0.3050
0.9084, 0.3024
0.9084, 0.3024
0.9084, 0.3024
0.9124, 0.3024
0.9124, 0.3024
0.9163, 0.2997
0.9163, 0.2997
0.9163, 0.2997
0.9203, 0.2997
0.9203, 0.2997
0.9243, 0.2971
0.9243, 0.2971
0.9243, 0.2971
0.9243, 0.2971
0.9243, 0.2971
0.9283, 0.2971
0.9283, 0.2971
0.9283, 0.2971
0.9323, 0.2971
0.9323, 0.2971
0.9323, 0.2944
0.9323, 0.2944
0.9323, 0.2944
0.9323, 0.2944
0.9323, 0.2944
0.9323, 0.2944
0.9323, 0.2944
0.9323, 0.2944
0.9323, 0.2944
0.9363, 0.2918
0.9363, 0.2918
0.9402, 0.2918
0.9402, 0.2918
0.9402, 0.2918
0.9402, 0.2918
0.9402, 0.2918
0.9402, 0.2918
0.9402, 0.2918
0.9402, 0.2918
0.9442, 0.2918
0.9442, 0.2918
0.9442, 0.2918
0.9482, 0.2891
0.9482, 0.2891
0.9482, 0.2891
0.9482, 0.2891
0.9482, 0.2891
0.9522, 0.2865
0.9522, 0.2865
0.9522, 0.2865
0.9522, 0.2865
0.9522, 0.2865
0.9522, 0.2865
0.9522, 0.2865
0.9522, 0.2865
0.9562, 0.2838
0.9562, 0.2838
0.9562, 0.2838
0.9562, 0.2838
0.9562, 0.2838
0.9602, 0.2838
0.9602, 0.2838
0.9602, 0.2838
0.9602, 0.2838
0.9602, 0.2838
0.9602, 0.2838
0.9602, 0.2838
0.9602, 0.2838
0.9602, 0.2838
0.9602, 0.2838
0.9602, 0.2838
0.9641, 0.2838
0.9641, 0.2838
0.9641, 0.2812
0.9641, 0.2812
0.9681, 0.2812
0.9681, 0.2812
0.9681, 0.2812
0.9681, 0.2812
0.9681, 0.2812
0.9681, 0.2812
0.9681, 0.2812
0.9681, 0.2812
0.9681, 0.2785
0.9681, 0.2785
0.9681, 0.2785
0.9681, 0.2785
0.9681, 0.2785
0.9721, 0.2785
0.9721, 0.2785
0.9721, 0.2785
0.9721, 0.2785
0.9721, 0.2785
0.9721, 0.2785
0.9761, 0.2785
0.9761, 0.2785
0.9761, 0.2785
0.9761, 0.2785
0.9761, 0.2785
0.9801, 0.2785
0.9801, 0.2785
0.9801, 0.2759
0.9801, 0.2759
0.9801, 0.2759
0.9801, 0.2759
0.9801, 0.2759
0.9801, 0.2759
0.9841, 0.2759
0.9841, 0.2759
0.9880, 0.2732
0.9880, 0.2732
0.9880, 0.2732
0.9880, 0.2732
0.9880, 0.2732
0.9880, 0.2732
0.9880, 0.2732
0.9880, 0.2732
0.9880, 0.2732
0.9880, 0.2732
0.9880, 0.2732
0.9880, 0.2732
0.9880, 0.2732
0.9880, 0.2732
0.9880, 0.2732
0.9880, 0.2732
0.9880, 0.2732
0.9880, 0.2732
0.9880, 0.2732
0.9880, 0.2732
0.9880, 0.2732
0.9880, 0.2732
0.9880, 0.2732
0.9880, 0.2732
0.9880, 0.2732
0.9880, 0.2732
0.9880, 0.2732
0.9880, 0.2732
0.9880, 0.2732
0.9880, 0.2732
0.9880, 0.2706
0.9880, 0.2706
0.9880, 0.2706
0.9880, 0.2706
0.9880, 0.2706
0.9920, 0.2706
0.9920, 0.2706
0.9920, 0.2706
0.9920, 0.2706
0.9920, 0.2706
0.9920, 0.2706
0.9920, 0.2706
0.9920, 0.2706
0.9920, 0.2706
0.9920, 0.2706
0.9920, 0.2706
0.9920, 0.2706
0.9920, 0.2706
0.9920, 0.2706
0.9920, 0.2706
0.9920, 0.2706
0.9960, 0.2706
0.9960, 0.2706
0.9960, 0.2706
0.9960, 0.2706
0.9960, 0.2706
0.9960, 0.2706
0.9960, 0.2706
0.9960, 0.2706
0.9960, 0.2706
0.9960, 0.2706
0.9960, 0.2706
0.9960, 0.2706
0.9960, 0.2706
0.9960, 0.2706
0.9960, 0.2706
0.9960, 0.2706
0.9960, 0.2706
0.9960, 0.2706
0.9960, 0.2706
1.0000, 0.2706
1.0000, 0.2706
1.0000, 0.2706
1.0000, 0.2706
1.0000, 0.2706
1.0000, 0.2706
1.0000, 0.2706
1.0000, 0.2706
1.0000, 0.2706
1.0000, 0.2706
1.0000, 0.2706
1.0000, 0.2706
1.0000, 0.2706
1.0000, 0.2706
1.0000, 0.2706
1.0000, 0.2706
1.0000, 0.2706
1.0000, 0.2706
1.0000, 0.2706
1.0000, 0.2706
1.0000, 0.2706
1.0000, 0.2706
1.0000, 0.2706
1.0000, 0.2706
0.6056, 0.1592
0.6056, 0.1592
0.6056, 0.1592
0.6056, 0.1592
0.6056, 0.1592
0.6056, 0.1592
0.6056, 0.1592
0.6056, 0.1592
0.6056, 0.1592
0.6056, 0.1592
0.6056, 0.1592
0.6056, 0.1592
0.6056, 0.1592
0.6056, 0.1592
0.6056, 0.1592
0.6056, 0.1592
0.6056, 0.1592
0.6056, 0.1592
0.6056, 0.1592
0.6056, 0.1592
0.6056, 0.1592
0.6056, 0.1592
0.6056, 0.1592
0.6056, 0.1592
0.6056, 0.1592
0.6056, 0.1592
0.6056, 0.1592
0.6056, 0.1592
0.6056, 0.1592
0.6056, 0.1592
0.6056, 0.1592
0.6056, 0.1592
0.6056, 0.1592
0.6056, 0.1592
0.6056, 0.1592
0.6056, 0.1592
0.6056, 0.1592
0.6056, 0.1592
0.6056, 0.1592
0.6056, 0.1592
0.6056, 0.1592
0.6056, 0.1592
0.6056, 0.1592
0.6056, 0.1592
0.6056, 0.1592
0.6056, 0.1592
0.6056, 0.1592
0.6056, 0.1592
0.6056, 0.1592
0.6056, 0.1592
0.6056, 0.1592
0.6056, 0.1592
0.6056, 0.1592
0.6056, 0.1592
0.6056, 0.1565
0.6056, 0.1565
0.6056, 0.1565
0.6056, 0.1565
0.6056, 0.1565
0.6056, 0.1565
0.6056, 0.1538
0.6056, 0.1538
0.6056, 0.1538
0.6096, 0.1538
0.6096, 0.1538
0.6096, 0.1538
0.6096, 0.1538
0.6096, 0.1538
0.6096, 0.1538
0.6096, 0.1538
0.6096, 0.1512
0.6096, 0.1512
0.6096, 0.1512
0.6096, 0.1512
0.6096, 0.1512
0.6096, 0.1512
0.6096, 0.1485
0.6096, 0.1485
0.6096, 0.1485
0.6096, 0.1485
0.6096, 0.1485
0.6096, 0.1485
0.6135, 0.1485
0.6135, 0.1485
0.6135, 0.1485
0.6135, 0.1485
0.6135, 0.1459
0.6135, 0.1459
0.6135, 0.1432
0.6135, 0.1432
0.6135, 0.1432
0.6135, 0.1432
0.6135, 0.1432
0.6135, 0.1432
0.6175, 0.1406
0.6175, 0.1406
0.6175, 0.1406
0.6175, 0.1406
0.6175, 0.1406
0.6175, 0.1406
0.6175, 0.1406
0.6175, 0.1379
0.6175, 0.1379
0.6175, 0.1353
0.6175, 0.1353
0.6175, 0.1353
0.6215, 0.1353
0.6215, 0.1353
0.6215, 0.1353
0.6215, 0.1326
0.6215, 0.1326
0.6215, 0.1326
0.6215, 0.1300
0.6215, 0.1300
0.6215, 0.1300
0.6215, 0.1273
0.6215, 0.1273
0.6215, 0.1273
0.6215, 0.1273
0.6215, 0.1247
0.6215, 0.1247
0.6215, 0.1220
0.6215, 0.1220
0.6215, 0.1220
0.6215, 0.1220
0.6215, 0.1194
0.6215, 0.1194
0.6215, 0.1194
0.6215, 0.1194
0.6215, 0.1194
0.6215, 0.1194
0.6215, 0.1167
0.6215, 0.1167
0.6215, 0.1167
0.6215, 0.1167
0.6215, 0.1167
0.6215, 0.1167
0.6215, 0.1141
0.6215, 0.1141
0.6215, 0.1141
0.6215, 0.1141
0.6215, 0.1141
0.6215, 0.1141
0.6215, 0.1141
0.6215, 0.1141
0.6215, 0.1141
0.6215, 0.1114
0.6215, 0.1114
0.6215, 0.1114
0.6215, 0.1088
0.6215, 0.1088
0.6215, 0.1088
0.6215, 0.1061
0.6215, 0.1061
0.6215, 0.1061
0.6215, 0.1061
0.6215, 0.1061
0.6215, 0.1061
0.6215, 0.1061
0.6215, 0.1061
0.6215, 0.1061
0.6215, 0.1061
0.6255, 0.1034
0.6255, 0.1034
0.6255, 0.1034
0.6255, 0.1008
0.6255, 0.1008
0.6255, 0.1008
0.6255, 0.1008
0.6255, 0.1008
0.6255, 0.1008
0.6255, 0.1008
0.6255, 0.1008
0.6255, 0.1008
0.6255, 0.0981
0.6255, 0.0981
0.6255, 0.0981
0.6255, 0.0955
0.6255, 0.0955
0.6255, 0.0955
0.6255, 0.0955
0.6255, 0.0955
0.6255, 0.0955
0.6255, 0.0928
0.6255, 0.0928
0.6255, 0.0928
0.6295, 0.0902
0.6295, 0.0902
0.6295, 0.0902
0.6295, 0.0902
0.6295, 0.0902
0.6295, 0.0902
0.6295, 0.0875
0.6295, 0.0875
0.6295, 0.0875
0.6295, 0.0875
0.6295, 0.0875
0.6295, 0.0875
0.6295, 0.0849
0.6295, 0.0849
0.6295, 0.0849
0.6295, 0.0849
0.6295, 0.0822
0.6295, 0.0822
0.6295, 0.0822
0.6295, 0.0822
0.6295, 0.0822
0.6295, 0.0822
0.6295, 0.0822
0.6295, 0.0822
0.6295, 0.0822
0.6295, 0.0796
0.6295, 0.0796
0.6295, 0.0796
0.6295, 0.0769
0.6295, 0.0769
0.6295, 0.0769
0.6295, 0.0769
0.6295, 0.0769
0.6295, 0.0769
0.6295, 0.0743
0.6295, 0.0743
0.6295, 0.0743
0.6295, 0.0743
0.6295, 0.0743
0.6295, 0.0743
0.6335, 0.0743
0.6335, 0.0743
0.6335, 0.0743
0.6335, 0.0716
0.6335, 0.0716
0.6335, 0.0716
0.6335, 0.0716
0.6335, 0.0716
0.6335, 0.0716
0.6335, 0.0716
0.6335, 0.0690
0.6335, 0.0690
0.6335, 0.0690
0.6335, 0.0690
0.6335, 0.0690
0.6335, 0.0690
0.6335, 0.0690
0.6335, 0.0690
0.6335, 0.0690
0.6335, 0.0663
0.6335, 0.0663
0.6335, 0.0663
0.6335, 0.0637
0.6335, 0.0637
0.6335, 0.0637
0.6335, 0.0610
0.6335, 0.0610
0.6335, 0.0610
0.6375, 0.0610
0.6375, 0.0610
0.6375, 0.0610
0.6375, 0.0610
0.6375, 0.0610
0.6375, 0.0610
0.6375, 0.0584
0.6375, 0.0584
0.6375, 0.0584
0.6375, 0.0557
0.6375, 0.0557
0.6375, 0.0557
0.6375, 0.0557
0.6375, 0.0557
0.6375, 0.0557
0.6375, 0.0557
0.6375, 0.0557
0.6375, 0.0557
0.6375, 0.0531
0.6375, 0.0531
0.6375, 0.0531
0.6375, 0.0504
0.6375, 0.0504
0.6375, 0.0504
0.6375, 0.0504
0.6375, 0.0504
0.6375, 0.0504
0.6375, 0.0504
0.6375, 0.0477
0.6375, 0.0477
0.6414, 0.0477
0.6414, 0.0477
0.6414, 0.0477
0.6414, 0.0451
0.6414, 0.0451
0.6414, 0.0451
0.6414, 0.0424
0.6414, 0.0424
0.6414, 0.0424
0.6414, 0.0424
0.6414, 0.0424
0.6414, 0.0424
0.6414, 0.0424
0.6414, 0.0424
0.6414, 0.0424
0.6414, 0.0398
0.6414, 0.0398
0.6414, 0.0398
0.6414, 0.0371
0.6414, 0.0371
0.6414, 0.0371
0.6414, 0.0345
0.6414, 0.0345
0.6414, 0.0345
0.6414, 0.0345
0.6414, 0.0345
0.6414, 0.0345
0.6414, 0.0345
0.6414, 0.0345
0.6414, 0.0345
0.6414, 0.0318
0.6414, 0.0318
0.6414, 0.0318
0.6414, 0.0318
0.6414, 0.0318
0.6414, 0.0318
0.6414, 0.0292
0.6414, 0.0292
0.6414, 0.0292
0.6414, 0.0292
0.6414, 0.0292
0.6414, 0.0292
0.6414, 0.0292
0.6414, 0.0292
0.6414, 0.0292
0.6414, 0.0265
0.6414, 0.0265
0.6414, 0.0265
0.6414, 0.0265
0.6414, 0.0265
0.6414, 0.0265
0.6414, 0.0239
0.6414, 0.0239
0.6414, 0.0239
0.6414, 0.0239
0.6414, 0.0239
0.6414, 0.0239
0.6414, 0.0212
0.6414, 0.0212
0.6414, 0.0212
0.6414, 0.0212
0.6414, 0.0212
0.6414, 0.0212
0.6414, 0.0212
0.6414, 0.0212
0.6414, 0.0212
0.6414, 0.0212
0.6414, 0.0212
0.6414, 0.0212
0.6454, 0.0186
0.6454, 0.0186
0.6454, 0.0186
0.6454, 0.0186
0.6454, 0.0186
0.6454, 0.0186
0.6454, 0.0186
0.6454, 0.0186
0.6454, 0.0186
0.6454, 0.0186
0.6454, 0.0186
0.6454, 0.0186
0.6454, 0.0186
0.6454, 0.0186
0.6454, 0.0186
0.6454, 0.0186
0.6454, 0.0186
0.6454, 0.0186
0.6454, 0.0186
0.6454, 0.0186
0.6454, 0.0186
0.6454, 0.0186
0.6454, 0.0186
0.6454, 0.0186
0.6454, 0.0186
0.6454, 0.0186
0.6454, 0.0186
0.6454, 0.0186
0.6454, 0.0186
0.6454, 0.0186
0.6454, 0.0186
0.6454, 0.0186
0.6454, 0.0186
0.6454, 0.0186
0.6454, 0.0186
0.6454, 0.0186
0.6454, 0.0186
0.6454, 0.0186
0.6454, 0.0186
0.6454, 0.0186
0.6454, 0.0159
0.6454, 0.0159
0.6454, 0.0159
0.6454, 0.0159
0.6454, 0.0159
0.6454, 0.0159
0.6454, 0.0159
0.6454, 0.0159
0.6454, 0.0159
0.6454, 0.0159
0.6454, 0.0159
0.6454, 0.0159
0.6494, 0.0133
0.6494, 0.0133
0.6494, 0.0133
0.6494, 0.0106
0.6494, 0.0106
0.6494, 0.0106
0.6494, 0.0106
0.6494, 0.0106
0.6494, 0.0106
0.6494, 0.0106
0.6494, 0.0106
0.6494, 0.0106
0.6494, 0.0106
0.6494, 0.0106
0.6494, 0.0106
0.6494, 0.0080
0.6494, 0.0080
0.6494, 0.0080
0.6494, 0.0080
0.6494, 0.0080
0.6494, 0.0080
0.6534, 0.0053
0.6534, 0.0053
0.6534, 0.0053
0.6534, 0.0053
0.6534, 0.0053
0.6534, 0.0053
0.6534, 0.0027
0.6534, 0.0027
0.6534, 0.0027
0.6574, 0.0027
0.6574, 0.0027
0.6574, 0.0027
0.6574, 0.0027
0.6574, 0.0027
0.6574, 0.0027
0.6614, 0.0027
0.6614, 0.0027
0.6614, 0.0027
0.6614, 0.0000
0.6614, 0.0000
0.6614, 0.0000
0.6614, 0.0000
0.6614, 0.0000
0.6614, 0.0000
0.6614, 0.0000
0.6614, 0.0000
0.6614, 0.0000
0.6614, 0.0000
0.6614, 0.0000
0.6614, 0.0000
0.6614, 0.0000
0.6614, 0.0000
0.6614, 0.0000
0.6614, 0.0000
0.6614, 0.0000
0.6614, 0.0000
0.6614, 0.0000
0.6614, 0.0000
0.6614, 0.0000
0.6614, 0.0000
0.6614, 0.0000
0.6614, 0.0000
0.6614, 0.0000
0.6614, 0.0000
0.6614, 0.0000
0.6614, 0.0000
0.6614, 0.0000
0.6614, 0.0000
0.6614, 0.0000
0.6614, 0.0000
0.6614, 0.0000
0.6614, 0.0000
0.6614, 0.0000
0.6614, 0.0000
0.6614, 0.0000
0.6614, 0.0000
0.6614, 0.0000
0.6614, 0.0000
0.6614, 0.0000
0.6614, 0.0000
0.6614, 0.0000
0.6614, 0.0000
0.6614, 0.0000
0.6614, 0.0000
0.6614, 0.0000
0.6614, 0.0000
0.6614, 0.0000
0.0000, 1.0000
0.0000, 1.0000
0.0000, 1.0000
0.0000, 1.0000
0.0000, 1.0000
0.0000, 1.0000
0.0000, 1.0000
0.0000, 1.0000
0.0000, 1.0000
0.0000, 1.0000
0.0000, 1.0000
0.0000, 1.0000
0.0000, 1.0000
0.0000, 1.0000
0.0000, 1.0000
0.0000, 1.0000
0.0000, 1.0000
0.0000, 1.0000
0.0000, 1.0000
0.0000, 1.0000
0.0000, 1.0000
0.0000, 1.0000
0.0000, 1.0000
0.0000, 1.0000
0.0000, 1.0000
0.0000, 1.0000
0.0000, 1.0000
0.0000, 1.0000
0.0000, 1.0000
0.0000, 1.0000
0.0000, 1.0000
0.0000, 1.0000
0.0000, 1.0000
0.0000, 1.0000
0.0000, 1.0000
0.0000, 1.0000
0.0000, 1.0000
0.0000, 1.0000
0.0000, 1.0000
0.0000, 1.0000
0.0000, 1.0000
0.0000, 1.0000
0.0000, 1.0000
