0.1615, 0.3128
0.1615, 0.3128
0.1615, 0.3128
0.1615, 0.3128
0.1615, 0.3128
0.1615, 0.3128
0.1615, 0.3128
0.1615, 0.3128
0.1615, 0.3128
0.1615, 0.3128
0.1615, 0.3128
0.1615, 0.3128
0.1615, 0.3128
0.1615, 0.3128
0.1615, 0.3128
0.1615, 0.3128
0.1615, 0.3128
0.1615, 0.3128
0.1615, 0.3128
0.1615, 0.3128
0.1615, 0.3128
0.1615, 0.3128
0.1615, 0.3128
0.1615, 0.3128
0.1615, 0.3128
0.1615, 0.3128
0.1615, 0.3128
0.1615, 0.3128
0.1615, 0.3128
0.1615, 0.3128
0.1615, 0.3128
0.1615, 0.3128
0.1615, 0.3102
0.1615, 0.3102
0.1615, 0.3102
0.1615, 0.3102
0.1615, 0.3102
0.1615, 0.3102
0.1615, 0.3102
0.1615, 0.3102
0.1615, 0.3102
0.1615, 0.3102
0.1615, 0.3102
0.1615, 0.3102
0.1615, 0.3102
0.1615, 0.3102
0.1615, 0.3102
0.1615, 0.3102
0.1615, 0.3102
0.1615, 0.3102
0.1615, 0.3102
0.1615, 0.3102
0.1615, 0.3102
0.1615, 0.3102
0.1615, 0.3102
0.1615, 0.3102
0.1615, 0.3102
0.1615, 0.3102
0.1615, 0.3102
0.1615, 0.3102
0.1615, 0.3102
0.1615, 0.3102
0.1615, 0.3102
0.1615, 0.3102
0.1615, 0.3102
0.1615, 0.3075
0.1615, 0.3075
0.1615, 0.3075
0.1615, 0.3075
0.1615, 0.3075
0.1615, 0.3075
0.1615, 0.3075
0.1615, 0.3075
0.1615, 0.3075
0.1615, 0.3075
0.1615, 0.3075
0.1615, 0.3075
0.1615, 0.3075
0.1615, 0.3075
0.1615, 0.3075
0.1615, 0.3075
0.1615, 0.3075
0.1615, 0.3075
0.1615, 0.3075
0.1615, 0.3075
0.1615, 0.3075
0.1615, 0.3075
0.1615, 0.3075
0.1615, 0.3075
0.1615, 0.3075
0.1615, 0.3075
0.1615, 0.3075
0.1615, 0.3075
0.1615, 0.3075
0.1615, 0.3075
0.1615, 0.3075
0.1615, 0.3075
0.1615, 0.3075
0.1615, 0.3075
0.1615, 0.3075
0.1615, 0.3075
0.1615, 0.3075
0.1615, 0.3075
0.1615, 0.3075
0.1615, 0.3075
0.1615, 0.3075
0.1615, 0.3075
0.1615, 0.3075
0.1615, 0.3075
0.1615, 0.3075
0.1615, 0.3075
0.1615, 0.3075
0.1615, 0.3075
0.1615, 0.3075
0.1615, 0.3075
0.1615, 0.3075
0.1615, 0.3075
0.1615, 0.3075
0.1615, 0.3075
0.1615, 0.3075
0.1615, 0.3075
0.1615, 0.3075
0.1615, 0.3075
0.1615, 0.3075
0.1615, 0.3075
0.1615, 0.3075
0.1615, 0.3075
0.1615, 0.3075
0.1615, 0.3075
0.1615, 0.3075
0.1615, 0.3075
0.1615, 0.3075
0.1615, 0.3075
0.1615, 0.3075
0.1654, 0.3075
0.1654, 0.3075
0.1654, 0.3075
0.1654, 0.3075
0.1654, 0.3075
0.1654, 0.3075
0.1654, 0.3075
0.1654, 0.3075
0.1654, 0.3075
0.1654, 0.3075
0.1654, 0.3075
0.1654, 0.3075
0.1654, 0.3075
0.1654, 0.3048
0.1654, 0.3048
0.1654, 0.3048
0.1654, 0.3048
0.1654, 0.3048
0.1654, 0.3048
0.1654, 0.3048
0.1654, 0.3048
0.1654, 0.3048
0.1654, 0.3048
0.1654, 0.3048
0.1654, 0.3048
0.1654, 0.3048
0.1692, 0.3048
0.1692, 0.3048
0.1692, 0.3048
0.1692, 0.3048
0.1692, 0.3048
0.1692, 0.3048
0.1692, 0.3048
0.1692, 0.3048
0.1692, 0.3048
0.1692, 0.3048
0.1692, 0.3048
0.1692, 0.3048
0.1692, 0.3048
0.1692, 0.3048
0.1692, 0.3048
0.1692, 0.3048
0.1692, 0.3048
0.1692, 0.3048
0.1692, 0.3048
0.1692, 0.3048
0.1692, 0.3048
0.1692, 0.3048
0.1692, 0.3048
0.1692, 0.3048
0.1692, 0.3048
0.1692, 0.3048
0.1692, 0.3021
0.1692, 0.3021
0.1692, 0.3021
0.1692, 0.3021
0.1692, 0.3021
0.1692, 0.3021
0.1692, 0.3021
0.1692, 0.3021
0.1692, 0.3021
0.1692, 0.3021
0.1692, 0.3021
0.1692, 0.3021
0.1692, 0.3021
0.1692, 0.3021
0.1692, 0.3021
0.1692, 0.3021
0.1692, 0.3021
0.1692, 0.3021
0.1692, 0.3021
0.1692, 0.3021
0.1692, 0.3021
0.1731, 0.3021
0.1731, 0.3021
0.1731, 0.3021
0.1731, 0.3021
0.1731, 0.3021
0.1731, 0.3021
0.1731, 0.3021
0.1731, 0.3021
0.1731, 0.3021
0.1731, 0.3021
0.1731, 0.3021
0.1731, 0.3021
0.1731, 0.3021
0.1731, 0.3021
0.1731, 0.3021
0.1731, 0.3021
0.1731, 0.3021
0.1731, 0.3021
0.1769, 0.3021
0.1769, 0.3021
0.1769, 0.3021
0.1769, 0.3021
0.1769, 0.3021
0.1769, 0.3021
0.1769, 0.3021
0.1769, 0.3021
0.1769, 0.3021
0.1769, 0.3021
0.1769, 0.3021
0.1769, 0.3021
0.1769, 0.3021
0.1769, 0.3021
0.1769, 0.3021
0.1769, 0.3021
0.1769, 0.3021
0.1769, 0.3021
0.1808, 0.3021
0.1808, 0.3021
0.1808, 0.3021
0.1808, 0.3021
0.1808, 0.2995
0.1808, 0.2995
0.1808, 0.2995
0.1808, 0.2995
0.1808, 0.2995
0.1808, 0.2995
0.1808, 0.2995
0.1808, 0.2995
0.1808, 0.2995
0.1808, 0.2995
0.1808, 0.2995
0.1808, 0.2995
0.1808, 0.2995
0.1808, 0.2995
0.1808, 0.2995
0.1808, 0.2995
0.1808, 0.2995
0.1808, 0.2995
0.1808, 0.2995
0.1808, 0.2995
0.1808, 0.2995
0.1808, 0.2995
0.1808, 0.2995
0.1808, 0.2995
0.1808, 0.2995
0.1808, 0.2995
0.1808, 0.2995
0.1808, 0.2995
0.1808, 0.2995
0.1808, 0.2995
0.1846, 0.2968
0.1846, 0.2968
0.1846, 0.2968
0.1846, 0.2968
0.1846, 0.2968
0.1846, 0.2968
0.1846, 0.2968
0.1846, 0.2968
0.1846, 0.2968
0.1846, 0.2968
0.1846, 0.2968
0.1846, 0.2968
0.1846, 0.2968
0.1846, 0.2968
0.1846, 0.2968
0.1846, 0.2968
0.1846, 0.2968
0.1885, 0.2968
0.1885, 0.2968
0.1885, 0.2968
0.1885, 0.2968
0.1885, 0.2968
0.1885, 0.2968
0.1885, 0.2968
0.1885, 0.2968
0.1885, 0.2968
0.1885, 0.2968
0.1885, 0.2968
0.1885, 0.2968
0.1885, 0.2968
0.1885, 0.2941
0.1885, 0.2941
0.1885, 0.2941
0.1885, 0.2941
0.1885, 0.2941
0.1885, 0.2941
0.1885, 0.2941
0.1885, 0.2941
0.1885, 0.2941
0.1885, 0.2941
0.1885, 0.2941
0.1885, 0.2941
0.1885, 0.2941
0.1923, 0.2941
0.1923, 0.2941
0.1923, 0.2941
0.1923, 0.2941
0.1923, 0.2941
0.1923, 0.2941
0.1923, 0.2941
0.1923, 0.2941
0.1923, 0.2941
0.1923, 0.2941
0.1923, 0.2941
0.1923, 0.2941
0.1962, 0.2941
0.1962, 0.2941
0.1962, 0.2941
0.1962, 0.2941
0.1962, 0.2941
0.1962, 0.2941
0.1962, 0.2941
0.1962, 0.2941
0.1962, 0.2941
0.2000, 0.2941
0.2000, 0.2941
0.2000, 0.2941
0.2000, 0.2941
0.2000, 0.2941
0.2000, 0.2941
0.2000, 0.2941
0.2000, 0.2941
0.2000, 0.2914
0.2000, 0.2914
0.2000, 0.2914
0.2000, 0.2914
0.2000, 0.2914
0.2000, 0.2914
0.2000, 0.2914
0.2000, 0.2914
0.2000, 0.2914
0.2000, 0.2914
0.2000, 0.2914
0.2000, 0.2914
0.2000, 0.2914
0.2000, 0.2914
0.2000, 0.2914
0.2000, 0.2914
0.2000, 0.2914
0.2038, 0.2914
0.2038, 0.2914
0.2038, 0.2914
0.2038, 0.2914
0.2038, 0.2914
0.2038, 0.2914
0.2038, 0.2914
0.2038, 0.2914
0.2038, 0.2914
0.2038, 0.2914
0.2038, 0.2914
0.2038, 0.2914
0.2038, 0.2914
0.2038, 0.2914
0.2038, 0.2914
0.2038, 0.2914
0.2038, 0.2914
0.2077, 0.2888
0.2077, 0.2888
0.2077, 0.2888
0.2077, 0.2888
0.2077, 0.2888
0.2077, 0.2888
0.2077, 0.2888
0.2077, 0.2888
0.2077, 0.2888
0.2077, 0.2888
0.2077, 0.2888
0.2077, 0.2888
0.2077, 0.2888
0.2077, 0.2888
0.2077, 0.2888
0.2077, 0.2888
0.2077, 0.2888
0.2077, 0.2888
0.2077, 0.2888
0.2077, 0.2888
0.2077, 0.2888
0.2077, 0.2888
0.2077, 0.2888
0.2077, 0.2888
0.2077, 0.2888
0.2115, 0.2888
0.2115, 0.2888
0.2115, 0.2888
0.2115, 0.2888
0.2115, 0.2888
0.2115, 0.2888
0.2115, 0.2888
0.2115, 0.2888
0.2115, 0.2888
0.2115, 0.2888
0.2115, 0.2888
0.2115, 0.2888
0.2115, 0.2888
0.2115, 0.2888
0.2115, 0.2888
0.2115, 0.2888
0.2154, 0.2888
0.2154, 0.2888
0.2154, 0.2888
0.2154, 0.2888
0.2154, 0.2888
0.2154, 0.2888
0.2154, 0.2888
0.2154, 0.2888
0.2154, 0.2888
0.2154, 0.2888
0.2154, 0.2888
0.2154, 0.2888
0.2154, 0.2888
0.2154, 0.2888
0.2154, 0.2888
0.2154, 0.2888
0.2192, 0.2888
0.2192, 0.2888
0.2192, 0.2888
0.2192, 0.2888
0.2192, 0.2888
0.2192, 0.2888
0.2192, 0.2888
0.2192, 0.2888
0.2192, 0.2861
0.2192, 0.2861
0.2192, 0.2861
0.2192, 0.2861
0.2192, 0.2861
0.2192, 0.2861
0.2192, 0.2861
0.2192, 0.2861
0.2192, 0.2861
0.2192, 0.2861
0.2192, 0.2861
0.2192, 0.2861
0.2231, 0.2861
0.2231, 0.2861
0.2231, 0.2861
0.2231, 0.2861
0.2231, 0.2861
0.2231, 0.2861
0.2231, 0.2861
0.2269, 0.2861
0.2269, 0.2861
0.2269, 0.2861
0.2269, 0.2861
0.2269, 0.2834
0.2269, 0.2834
0.2269, 0.2834
0.2269, 0.2834
0.2269, 0.2834
0.2269, 0.2834
0.2269, 0.2834
0.2269, 0.2834
0.2269, 0.2834
0.2269, 0.2834
0.2269, 0.2834
0.2269, 0.2834
0.2269, 0.2834
0.2269, 0.2834
0.2269, 0.2834
0.2269, 0.2834
0.2269, 0.2834
0.2269, 0.2834
0.2269, 0.2834
0.2269, 0.2834
0.2308, 0.2834
0.2308, 0.2834
0.2308, 0.2834
0.2308, 0.2834
0.2308, 0.2834
0.2308, 0.2834
0.2308, 0.2834
0.2308, 0.2834
0.2308, 0.2834
0.2308, 0.2834
0.2308, 0.2834
0.2308, 0.2834
0.2308, 0.2834
0.2308, 0.2834
0.2308, 0.2834
0.2308, 0.2834
0.2308, 0.2834
0.2308, 0.2834
0.2308, 0.2834
0.2308, 0.2834
0.2308, 0.2834
0.2308, 0.2807
0.2308, 0.2807
0.2308, 0.2807
0.2346, 0.2807
0.2346, 0.2807
0.2346, 0.2807
0.2346, 0.2807
0.2346, 0.2807
0.2346, 0.2807
0.2346, 0.2807
0.2346, 0.2807
0.2346, 0.2807
0.2346, 0.2807
0.2346, 0.2807
0.2346, 0.2807
0.2346, 0.2807
0.2346, 0.2807
0.2346, 0.2807
0.2346, 0.2807
0.2346, 0.2807
0.2385, 0.2807
0.2385, 0.2807
0.2385, 0.2807
0.2385, 0.2807
0.2385, 0.2807
0.2385, 0.2807
0.2385, 0.2807
0.2385, 0.2807
0.2385, 0.2807
0.2385, 0.2807
0.2385, 0.2807
0.2385, 0.2807
0.2385, 0.2807
0.2385, 0.2807
0.2385, 0.2807
0.2385, 0.2807
0.2423, 0.2807
0.2423, 0.2807
0.2423, 0.2807
0.2423, 0.2807
0.2423, 0.2807
0.2423, 0.2807
0.2423, 0.2807
0.2423, 0.2807
0.2423, 0.2807
0.2423, 0.2807
0.2423, 0.2807
0.2462, 0.2807
0.2462, 0.2807
0.2462, 0.2807
0.2462, 0.2807
0.2462, 0.2807
0.2462, 0.2807
0.2462, 0.2807
0.2462, 0.2807
0.2462, 0.2807
0.2462, 0.2807
0.2462, 0.2807
0.2462, 0.2781
0.2462, 0.2781
0.2462, 0.2781
0.2462, 0.2781
0.2462, 0.2781
0.2462, 0.2781
0.2462, 0.2781
0.2500, 0.2781
0.2500, 0.2781
0.2500, 0.2781
0.2500, 0.2781
0.2500, 0.2781
0.2500, 0.2781
0.2500, 0.2781
0.2538, 0.2781
0.2538, 0.2781
0.2538, 0.2781
0.2538, 0.2781
0.2538, 0.2781
0.2538, 0.2781
0.2577, 0.2781
0.2577, 0.2781
0.2577, 0.2781
0.2577, 0.2781
0.2577, 0.2781
0.2577, 0.2781
0.2577, 0.2781
0.2577, 0.2781
0.2577, 0.2781
0.2577, 0.2781
0.2577, 0.2781
0.2577, 0.2781
0.2577, 0.2781
0.2577, 0.2781
0.2577, 0.2781
0.2577, 0.2781
0.2615, 0.2754
0.2615, 0.2754
0.2615, 0.2754
0.2615, 0.2754
0.2654, 0.2754
0.2654, 0.2754
0.2654, 0.2754
0.2654, 0.2754
0.2654, 0.2754
0.2654, 0.2754
0.2654, 0.2754
0.2654, 0.2754
0.2654, 0.2754
0.2654, 0.2754
0.2654, 0.2754
0.2654, 0.2754
0.2654, 0.2754
0.2654, 0.2754
0.2654, 0.2754
0.2654, 0.2754
0.2654, 0.2754
0.2654, 0.2754
0.2654, 0.2754
0.2654, 0.2754
0.2692, 0.2754
0.2692, 0.2754
0.2692, 0.2754
0.2731, 0.2754
0.2731, 0.2754
0.2731, 0.2754
0.2731, 0.2754
0.2731, 0.2754
0.2731, 0.2754
0.2731, 0.2754
0.2731, 0.2754
0.2731, 0.2754
0.2731, 0.2754
0.2731, 0.2754
0.2731, 0.2754
0.2769, 0.2754
0.2769, 0.2754
0.2769, 0.2754
0.2808, 0.2754
0.2808, 0.2754
0.2808, 0.2754
0.2808, 0.2754
0.2808, 0.2754
0.2808, 0.2754
0.2808, 0.2754
0.2808, 0.2754
0.2846, 0.2727
0.2846, 0.2727
0.2846, 0.2727
0.2846, 0.2727
0.2846, 0.2727
0.2846, 0.2727
0.2846, 0.2727
0.2846, 0.2727
0.2846, 0.2727
0.2846, 0.2727
0.2846, 0.2727
0.2846, 0.2727
0.2846, 0.2727
0.2846, 0.2727
0.2846, 0.2727
0.2846, 0.2727
0.2846, 0.2727
0.2846, 0.2727
0.2846, 0.2727
0.2846, 0.2727
0.2885, 0.2727
0.2885, 0.2727
0.2885, 0.2727
0.2885, 0.2727
0.2885, 0.2727
0.2885, 0.2727
0.2885, 0.2727
0.2923, 0.2727
0.2923, 0.2727
0.2923, 0.2727
0.2923, 0.2727
0.2923, 0.2727
0.2923, 0.2727
0.2923, 0.2727
0.2923, 0.2727
0.2923, 0.2727
0.2923, 0.2727
0.2923, 0.2727
0.2923, 0.2701
0.2923, 0.2701
0.2923, 0.2701
0.2923, 0.2701
0.2923, 0.2701
0.2923, 0.2701
0.2923, 0.2701
0.2923, 0.2701
0.2923, 0.2701
0.2923, 0.2701
0.2923, 0.2701
0.2962, 0.2701
0.2962, 0.2701
0.2962, 0.2701
0.2962, 0.2701
0.2962, 0.2701
0.2962, 0.2701
0.2962, 0.2701
0.2962, 0.2701
0.3000, 0.2701
0.3000, 0.2701
0.3000, 0.2701
0.3000, 0.2701
0.3000, 0.2701
0.3000, 0.2701
0.3000, 0.2701
0.3038, 0.2701
0.3038, 0.2701
0.3038, 0.2701
0.3038, 0.2701
0.3038, 0.2701
0.3038, 0.2701
0.3038, 0.2701
0.3038, 0.2701
0.3038, 0.2701
0.3038, 0.2701
0.3038, 0.2701
0.3038, 0.2701
0.3038, 0.2701
0.3038, 0.2701
0.3038, 0.2701
0.3077, 0.2701
0.3077, 0.2701
0.3077, 0.2701
0.3077, 0.2701
0.3077, 0.2701
0.3077, 0.2701
0.3077, 0.2701
0.3115, 0.2701
0.3115, 0.2701
0.3115, 0.2701
0.3115, 0.2701
0.3115, 0.2701
0.3115, 0.2701
0.3115, 0.2701
0.3115, 0.2701
0.3115, 0.2701
0.3115, 0.2701
0.3115, 0.2701
0.3115, 0.2701
0.3115, 0.2701
0.3115, 0.2701
0.3115, 0.2701
0.3154, 0.2701
0.3154, 0.2701
0.3154, 0.2701
0.3154, 0.2701
0.3154, 0.2701
0.3154, 0.2701
0.3154, 0.2701
0.3192, 0.2701
0.3192, 0.2701
0.3192, 0.2701
0.3192, 0.2701
0.3192, 0.2701
0.3192, 0.2701
0.3192, 0.2701
0.3192, 0.2701
0.3231, 0.2701
0.3231, 0.2701
0.3231, 0.2701
0.3231, 0.2701
0.3231, 0.2701
0.3231, 0.2701
0.3231, 0.2701
0.3231, 0.2701
0.3231, 0.2701
0.3231, 0.2701
0.3231, 0.2701
0.3231, 0.2701
0.3231, 0.2701
0.3231, 0.2701
0.3231, 0.2701
0.3269, 0.2701
0.3269, 0.2701
0.3269, 0.2701
0.3269, 0.2701
0.3269, 0.2701
0.3269, 0.2701
0.3269, 0.2701
0.3308, 0.2701
0.3308, 0.2701
0.3308, 0.2701
0.3308, 0.2701
0.3308, 0.2701
0.3308, 0.2701
0.3308, 0.2701
0.3308, 0.2701
0.3308, 0.2701
0.3308, 0.2701
0.3308, 0.2701
0.3308, 0.2701
0.3308, 0.2701
0.3308, 0.2701
0.3346, 0.2701
0.3346, 0.2701
0.3346, 0.2701
0.3346, 0.2701
0.3385, 0.2701
0.3385, 0.2701
0.3385, 0.2701
0.3385, 0.2701
0.3385, 0.2701
0.3385, 0.2701
0.3385, 0.2701
0.3423, 0.2701
0.3423, 0.2701
0.3423, 0.2701
0.3423, 0.2701
0.3423, 0.2701
0.3423, 0.2701
0.3423, 0.2701
0.3423, 0.2701
0.3423, 0.2701
0.3423, 0.2701
0.3423, 0.2701
0.3423, 0.2701
0.3423, 0.2701
0.3423, 0.2701
0.3423, 0.2701
0.3423, 0.2701
0.3423, 0.2701
0.3423, 0.2701
0.3423, 0.2701
0.3462, 0.2701
0.3462, 0.2701
0.3462, 0.2701
0.3462, 0.2701
0.3462, 0.2701
0.3462, 0.2701
0.3462, 0.2701
0.3500, 0.2701
0.3500, 0.2701
0.3500, 0.2701
0.3500, 0.2674
0.3500, 0.2674
0.3500, 0.2674
0.3500, 0.2674
0.3500, 0.2674
0.3500, 0.2674
0.3500, 0.2674
0.3500, 0.2674
0.3538, 0.2674
0.3538, 0.2674
0.3538, 0.2674
0.3538, 0.2674
0.3538, 0.2674
0.3538, 0.2674
0.3538, 0.2674
0.3577, 0.2674
0.3577, 0.2674
0.3577, 0.2674
0.3577, 0.2674
0.3577, 0.2674
0.3577, 0.2674
0.3577, 0.2674
0.3615, 0.2674
0.3615, 0.2674
0.3615, 0.2674
0.3615, 0.2674
0.3615, 0.2674
0.3615, 0.2674
0.3615, 0.2674
0.3615, 0.2674
0.3615, 0.2674
0.3615, 0.2674
0.3615, 0.2674
0.3615, 0.2674
0.3615, 0.2674
0.3615, 0.2674
0.3615, 0.2674
0.3615, 0.2674
0.3615, 0.2674
0.3615, 0.2674
0.3654, 0.2674
0.3654, 0.2674
0.3654, 0.2674
0.3654, 0.2674
0.3654, 0.2674
0.3654, 0.2674
0.3654, 0.2674
0.3654, 0.2647
0.3654, 0.2647
0.3654, 0.2647
0.3692, 0.2647
0.3692, 0.2647
0.3692, 0.2647
0.3692, 0.2647
0.3692, 0.2647
0.3692, 0.2647
0.3692, 0.2647
0.3692, 0.2647
0.3692, 0.2647
0.3692, 0.2647
0.3692, 0.2647
0.3731, 0.2647
0.3731, 0.2647
0.3731, 0.2647
0.3731, 0.2647
0.3731, 0.2647
0.3731, 0.2647
0.3731, 0.2647
0.3769, 0.2647
0.3769, 0.2647
0.3769, 0.2647
0.3769, 0.2647
0.3769, 0.2647
0.3769, 0.2647
0.3769, 0.2647
0.3769, 0.2647
0.3769, 0.2647
0.3769, 0.2647
0.3808, 0.2647
0.3808, 0.2647
0.3808, 0.2647
0.3808, 0.2647
0.3808, 0.2647
0.3808, 0.2647
0.3808, 0.2647
0.3808, 0.2647
0.3808, 0.2647
0.3808, 0.2647
0.3808, 0.2647
0.3808, 0.2647
0.3808, 0.2647
0.3808, 0.2647
0.3808, 0.2647
0.3808, 0.2647
0.3808, 0.2647
0.3808, 0.2647
0.3846, 0.2647
0.3846, 0.2647
0.3846, 0.2647
0.3846, 0.2647
0.3846, 0.2647
0.3846, 0.2647
0.3846, 0.2647
0.3846, 0.2647
0.3846, 0.2647
0.3846, 0.2647
0.3846, 0.2647
0.3885, 0.2647
0.3885, 0.2647
0.3885, 0.2647
0.3885, 0.2647
0.3885, 0.2647
0.3885, 0.2647
0.3885, 0.2647
0.3885, 0.2647
0.3885, 0.2647
0.3885, 0.2647
0.3885, 0.2647
0.3885, 0.2647
0.3885, 0.2647
0.3885, 0.2647
0.3885, 0.2647
0.3885, 0.2647
0.3885, 0.2647
0.3885, 0.2647
0.3885, 0.2647
0.3923, 0.2647
0.3923, 0.2647
0.3923, 0.2647
0.3923, 0.2647
0.3923, 0.2647
0.3923, 0.2647
0.3923, 0.2647
0.3962, 0.2647
0.3962, 0.2647
0.3962, 0.2647
0.3962, 0.2647
0.3962, 0.2647
0.3962, 0.2647
0.3962, 0.2647
0.3962, 0.2647
0.3962, 0.2647
0.3962, 0.2647
0.4000, 0.2647
0.4000, 0.2647
0.4000, 0.2647
0.4000, 0.2647
0.4000, 0.2647
0.4000, 0.2647
0.4000, 0.2647
0.4038, 0.2647
0.4038, 0.2647
0.4038, 0.2647
0.4038, 0.2647
0.4077, 0.2647
0.4077, 0.2647
0.4077, 0.2647
0.4077, 0.2647
0.4077, 0.2647
0.4077, 0.2647
0.4077, 0.2647
0.4077, 0.2647
0.4077, 0.2647
0.4077, 0.2647
0.4077, 0.2620
0.4077, 0.2620
0.4077, 0.2620
0.4115, 0.2620
0.4115, 0.2620
0.4115, 0.2620
0.4115, 0.2620
0.4115, 0.2620
0.4115, 0.2620
0.4115, 0.2620
0.4154, 0.2620
0.4154, 0.2620
0.4154, 0.2620
0.4154, 0.2620
0.4154, 0.2620
0.4154, 0.2620
0.4154, 0.2620
0.4154, 0.2620
0.4154, 0.2620
0.4154, 0.2620
0.4154, 0.2620
0.4154, 0.2620
0.4154, 0.2620
0.4154, 0.2620
0.4154, 0.2620
0.4154, 0.2620
0.4154, 0.2620
0.4154, 0.2620
0.4192, 0.2620
0.4192, 0.2620
0.4192, 0.2620
0.4192, 0.2620
0.4192, 0.2620
0.4192, 0.2620
0.4231, 0.2620
0.4231, 0.2620
0.4231, 0.2620
0.4231, 0.2620
0.4231, 0.2620
0.4269, 0.2620
0.4269, 0.2620
0.4269, 0.2620
0.4269, 0.2620
0.4269, 0.2620
0.4269, 0.2620
0.4269, 0.2620
0.4269, 0.2620
0.4269, 0.2620
0.4269, 0.2620
0.4269, 0.2620
0.4269, 0.2620
0.4269, 0.2620
0.4269, 0.2620
0.4308, 0.2620
0.4308, 0.2620
0.4308, 0.2620
0.4308, 0.2620
0.4346, 0.2620
0.4346, 0.2620
0.4346, 0.2620
0.4346, 0.2620
0.4346, 0.2620
0.4346, 0.2620
0.4346, 0.2620
0.4346, 0.2620
0.4385, 0.2620
0.4385, 0.2620
0.4385, 0.2620
0.4385, 0.2620
0.4385, 0.2620
0.4385, 0.2620
0.4423, 0.2620
0.4423, 0.2620
0.4423, 0.2620
0.4423, 0.2620
0.4423, 0.2620
0.4423, 0.2620
0.4462, 0.2620
0.4462, 0.2620
0.4462, 0.2620
0.4462, 0.2620
0.4462, 0.2620
0.4462, 0.2620
0.4462, 0.2620
0.4500, 0.2620
0.4500, 0.2620
0.4500, 0.2620
0.4500, 0.2620
0.4500, 0.2620
0.4500, 0.2620
0.4538, 0.2620
0.4538, 0.2620
0.4538, 0.2620
0.4538, 0.2620
0.4538, 0.2620
0.4577, 0.2620
0.4577, 0.2620
0.4577, 0.2620
0.4615, 0.2620
0.4615, 0.2620
0.4615, 0.2620
0.4615, 0.2620
0.4615, 0.2620
0.4615, 0.2620
0.4654, 0.2620
0.4654, 0.2620
0.4654, 0.2620
0.4654, 0.2620
0.4654, 0.2620
0.4654, 0.2620
0.4654, 0.2620
0.4654, 0.2620
0.4654, 0.2620
0.4654, 0.2620
0.4692, 0.2620
0.4692, 0.2620
0.4692, 0.2620
0.4692, 0.2620
0.4731, 0.2620
0.4731, 0.2620
0.4731, 0.2620
0.4731, 0.2620
0.4731, 0.2620
0.4731, 0.2620
0.4731, 0.2620
0.4731, 0.2620
0.4731, 0.2620
0.4731, 0.2620
0.4769, 0.2620
0.4769, 0.2620
0.4769, 0.2620
0.4808, 0.2620
0.4808, 0.2620
0.4808, 0.2620
0.4846, 0.2620
0.4846, 0.2620
0.4846, 0.2620
0.4846, 0.2647
0.4846, 0.2647
0.4846, 0.2647
0.4885, 0.2647
0.4885, 0.2647
0.4885, 0.2647
0.4923, 0.2647
0.4923, 0.2647
0.4923, 0.2647
0.4923, 0.2647
0.4923, 0.2674
0.4923, 0.2674
0.4923, 0.2674
0.4962, 0.2674
0.4962, 0.2674
0.4962, 0.2674
0.5000, 0.2674
0.5000, 0.2674
0.5000, 0.2674
0.5038, 0.2674
0.5038, 0.2674
0.5038, 0.2674
0.5038, 0.2674
0.5038, 0.2674
0.5038, 0.2674
0.5038, 0.2674
0.5077, 0.2674
0.5077, 0.2674
0.5077, 0.2674
0.5115, 0.2701
0.5115, 0.2701
0.5115, 0.2701
0.5115, 0.2701
0.5115, 0.2701
0.5115, 0.2701
0.5115, 0.2701
0.5115, 0.2701
0.5115, 0.2701
0.5115, 0.2701
0.5154, 0.2727
0.5154, 0.2727
0.5154, 0.2727
0.5192, 0.2727
0.5192, 0.2727
0.5192, 0.2727
0.5192, 0.2727
0.5192, 0.2727
0.5192, 0.2727
0.5192, 0.2727
0.5231, 0.2727
0.5231, 0.2727
0.5231, 0.2727
0.5231, 0.2727
0.5231, 0.2727
0.5231, 0.2727
0.5231, 0.2727
0.5308, 0.2754
0.5308, 0.2754
0.5308, 0.2754
0.5308, 0.2754
0.5308, 0.2754
0.5308, 0.2754
0.5346, 0.2781
0.5346, 0.2781
0.5346, 0.2781
0.5385, 0.2781
0.5385, 0.2781
0.5385, 0.2781
0.5385, 0.2781
0.5423, 0.2807
0.5423, 0.2807
0.5423, 0.2807
0.5423, 0.2807
0.5423, 0.2807
0.5423, 0.2807
0.5423, 0.2807
0.5423, 0.2807
0.5423, 0.2807
0.5462, 0.2807
0.5462, 0.2807
0.5462, 0.2807
0.5500, 0.2807
0.5500, 0.2807
0.5500, 0.2807
0.5500, 0.2807
0.5500, 0.2807
0.5500, 0.2807
0.5500, 0.2807
0.5500, 0.2834
0.5500, 0.2834
0.5500, 0.2834
0.5538, 0.2834
0.5538, 0.2834
0.5577, 0.2834
0.5577, 0.2834
0.5577, 0.2834
0.5577, 0.2834
0.5615, 0.2834
0.5615, 0.2834
0.5615, 0.2834
0.5615, 0.2861
0.5615, 0.2861
0.5615, 0.2861
0.5615, 0.2861
0.5615, 0.2861
0.5615, 0.2861
0.5654, 0.2861
0.5654, 0.2861
0.5654, 0.2861
0.5654, 0.2861
0.5692, 0.2861
0.5692, 0.2861
0.5692, 0.2861
0.5731, 0.2861
0.5731, 0.2861
0.5731, 0.2861
0.5731, 0.2861
0.5731, 0.2861
0.5731, 0.2861
0.5769, 0.2888
0.5769, 0.2888
0.5769, 0.2888
0.5808, 0.2888
0.5808, 0.2888
0.5808, 0.2888
0.5808, 0.2888
0.5808, 0.2888
0.5808, 0.2888
0.5808, 0.2888
0.5846, 0.2914
0.5846, 0.2914
0.5846, 0.2914
0.5885, 0.2914
0.5885, 0.2914
0.5885, 0.2914
0.5923, 0.2914
0.5923, 0.2914
0.5923, 0.2914
0.5923, 0.2914
0.5923, 0.2914
0.5923, 0.2914
0.5923, 0.2914
0.5962, 0.2941
0.5962, 0.2941
0.5962, 0.2941
0.6000, 0.2941
0.6000, 0.2941
0.6000, 0.2941
0.6000, 0.2941
0.6000, 0.2941
0.6000, 0.2941
0.6000, 0.2941
0.6038, 0.2941
0.6038, 0.2941
0.6077, 0.2941
0.6077, 0.2941
0.6077, 0.2941
0.6077, 0.2968
0.6077, 0.2968
0.6077, 0.2968
0.6115, 0.2968
0.6115, 0.2968
0.6115, 0.2968
0.6154, 0.2968
0.6154, 0.2968
0.6154, 0.2968
0.6154, 0.2968
0.6192, 0.2995
0.6192, 0.2995
0.6192, 0.2995
0.6192, 0.2995
0.6192, 0.2995
0.6192, 0.2995
0.6192, 0.2995
0.6192, 0.2995
0.6192, 0.2995
0.6231, 0.2995
0.6231, 0.2995
0.6231, 0.2995
0.6269, 0.2995
0.6269, 0.2995
0.6269, 0.2995
0.6269, 0.2995
0.6269, 0.2995
0.6269, 0.2995
0.6269, 0.2995
0.6308, 0.3021
0.6308, 0.3021
0.6308, 0.3021
0.6346, 0.3021
0.6346, 0.3021
0.6346, 0.3021
0.6385, 0.3021
0.6385, 0.3021
0.6385, 0.3021
0.6423, 0.3048
0.6423, 0.3048
0.6423, 0.3048
0.6462, 0.3048
0.6462, 0.3048
0.6462, 0.3048
0.6462, 0.3075
0.6462, 0.3075
0.6462, 0.3075
0.6500, 0.3075
0.6500, 0.3075
0.6500, 0.3075
0.6500, 0.3075
0.6500, 0.3075
0.6500, 0.3075
0.6500, 0.3075
0.6538, 0.3075
0.6538, 0.3075
0.6538, 0.3075
0.6577, 0.3075
0.6577, 0.3075
0.6577, 0.3075
0.6577, 0.3075
0.6577, 0.3075
0.6577, 0.3075
0.6577, 0.3102
0.6577, 0.3102
0.6577, 0.3102
0.6615, 0.3102
0.6615, 0.3102
0.6615, 0.3102
0.6615, 0.3102
0.6654, 0.3102
0.6654, 0.3102
0.6654, 0.3102
0.6654, 0.3128
0.6654, 0.3128
0.6654, 0.3128
0.6692, 0.3128
0.6692, 0.3128
0.6692, 0.3128
0.6692, 0.3128
0.6692, 0.3128
0.6692, 0.3128
0.6692, 0.3128
0.6692, 0.3128
0.6692, 0.3128
0.6692, 0.3128
0.6731, 0.3128
0.6731, 0.3128
0.6731, 0.3128
0.6731, 0.3128
0.6731, 0.3128
0.6731, 0.3128
0.6769, 0.3128
0.6769, 0.3128
0.6769, 0.3128
0.6769, 0.3128
0.6769, 0.3128
0.6769, 0.3128
0.6769, 0.3128
0.6769, 0.3155
0.6769, 0.3155
0.6769, 0.3155
0.6808, 0.3155
0.6808, 0.3155
0.6808, 0.3155
0.6846, 0.3155
0.6846, 0.3155
0.6846, 0.3155
0.6885, 0.3155
0.6885, 0.3155
0.6885, 0.3155
0.6885, 0.3182
0.6885, 0.3182
0.6885, 0.3182
0.6923, 0.3182
0.6923, 0.3182
0.6923, 0.3182
0.6923, 0.3182
0.6923, 0.3182
0.6923, 0.3182
0.6962, 0.3182
0.6962, 0.3182
0.6962, 0.3182
0.6962, 0.3182
0.6962, 0.3182
0.6962, 0.3182
0.6962, 0.3182
0.7000, 0.3182
0.7000, 0.3182
0.7000, 0.3182
0.7000, 0.3182
0.7000, 0.3182
0.7000, 0.3182
0.7038, 0.3209
0.7038, 0.3209
0.7038, 0.3209
0.7077, 0.3209
0.7077, 0.3209
0.7077, 0.3209
0.7077, 0.3209
0.7077, 0.3209
0.7077, 0.3209
0.7115, 0.3209
0.7115, 0.3209
0.7115, 0.3209
0.7154, 0.3209
0.7154, 0.3209
0.7154, 0.3209
0.7154, 0.3209
0.7154, 0.3209
0.7154, 0.3209
0.7231, 0.3209
0.7231, 0.3209
0.7231, 0.3209
0.7269, 0.3209
0.7269, 0.3209
0.7269, 0.3209
0.7269, 0.3209
0.7269, 0.3209
0.7269, 0.3209
0.7308, 0.3209
0.7308, 0.3209
0.7308, 0.3209
0.7346, 0.3209
0.7346, 0.3209
0.7385, 0.3209
0.7385, 0.3209
0.7385, 0.3209
0.7462, 0.3209
0.7462, 0.3209
0.7500, 0.3209
0.7500, 0.3209
0.7500, 0.3209
0.7500, 0.3209
0.7538, 0.3209
0.7538, 0.3209
0.7577, 0.3209
0.7577, 0.3209
0.7577, 0.3209
0.7577, 0.3209
0.7615, 0.3209
0.7615, 0.3209
0.7654, 0.3209
0.7654, 0.3209
0.7692, 0.3209
0.7692, 0.3209
0.7731, 0.3209
0.7731, 0.3209
0.7769, 0.3209
0.7769, 0.3209
0.7769, 0.3209
0.7769, 0.3209
0.7769, 0.3209
0.7769, 0.3209
0.7808, 0.3209
0.7808, 0.3209
0.7808, 0.3209
0.7846, 0.3209
0.7846, 0.3209
0.7885, 0.3209
0.7885, 0.3209
0.7885, 0.3209
0.7923, 0.3209
0.7923, 0.3209
0.7923, 0.3209
0.7962, 0.3209
0.7962, 0.3209
0.7962, 0.3209
0.8000, 0.3209
0.8000, 0.3209
0.8000, 0.3209
0.8000, 0.3209
0.8000, 0.3209
0.8000, 0.3209
0.8038, 0.3209
0.8038, 0.3209
0.8038, 0.3209
0.8077, 0.3209
0.8077, 0.3209
0.8077, 0.3209
0.8077, 0.3209
0.8077, 0.3209
0.8077, 0.3209
0.8077, 0.3209
0.8115, 0.3209
0.8115, 0.3209
0.8115, 0.3209
0.8154, 0.3209
0.8154, 0.3209
0.8154, 0.3209
0.8154, 0.3209
0.8154, 0.3209
0.8154, 0.3209
0.8192, 0.3209
0.8192, 0.3209
0.8192, 0.3209
0.8231, 0.3209
0.8231, 0.3209
0.8231, 0.3209
0.8269, 0.3182
0.8269, 0.3182
0.8269, 0.3182
0.8269, 0.3182
0.8269, 0.3182
0.8269, 0.3182
0.8346, 0.3182
0.8346, 0.3182
0.8346, 0.3182
0.8385, 0.3182
0.8385, 0.3182
0.8385, 0.3182
0.8385, 0.3155
0.8385, 0.3155
0.8385, 0.3155
0.8462, 0.3155
0.8462, 0.3155
0.8462, 0.3155
0.8462, 0.3155
0.8462, 0.3155
0.8462, 0.3155
0.8500, 0.3155
0.8500, 0.3155
0.8500, 0.3155
0.8538, 0.3155
0.8538, 0.3155
0.8538, 0.3155
0.8577, 0.3155
0.8577, 0.3155
0.8577, 0.3155
0.8577, 0.3155
0.8577, 0.3155
0.8577, 0.3155
0.8615, 0.3155
0.8615, 0.3155
0.8615, 0.3155
0.8654, 0.3155
0.8654, 0.3155
0.8654, 0.3155
0.8654, 0.3128
0.8654, 0.3128
0.8654, 0.3128
0.8692, 0.3128
0.8692, 0.3128
0.8692, 0.3128
0.8731, 0.3128
0.8731, 0.3128
0.8731, 0.3128
0.8769, 0.3128
0.8769, 0.3128
0.8769, 0.3128
0.8769, 0.3128
0.8769, 0.3128
0.8769, 0.3128
0.8769, 0.3102
0.8769, 0.3102
0.8769, 0.3102
0.8808, 0.3102
0.8808, 0.3102
0.8808, 0.3102
0.8846, 0.3102
0.8846, 0.3102
0.8885, 0.3102
0.8885, 0.3102
0.8885, 0.3102
0.8923, 0.3102
0.8923, 0.3102
0.8923, 0.3102
0.8962, 0.3102
0.8962, 0.3102
0.8962, 0.3102
0.8962, 0.3102
0.8962, 0.3102
0.8962, 0.3102
0.8962, 0.3102
0.8962, 0.3102
0.8962, 0.3102
0.8962, 0.3102
0.9000, 0.3102
0.9000, 0.3102
0.9000, 0.3102
0.9038, 0.3102
0.9038, 0.3102
0.9038, 0.3102
0.9077, 0.3102
0.9077, 0.3102
0.9077, 0.3102
0.9077, 0.3102
0.9077, 0.3102
0.9077, 0.3102
0.9077, 0.3075
0.9077, 0.3075
0.9077, 0.3075
0.9115, 0.3075
0.9115, 0.3075
0.9115, 0.3075
0.9115, 0.3075
0.9115, 0.3075
0.9115, 0.3075
0.9154, 0.3075
0.9154, 0.3075
0.9154, 0.3075
0.9154, 0.3048
0.9154, 0.3048
0.9154, 0.3048
0.9192, 0.3048
0.9192, 0.3048
0.9192, 0.3048
0.9192, 0.3048
0.9192, 0.3048
0.9192, 0.3048
0.9231, 0.3048
0.9231, 0.3048
0.9231, 0.3048
0.9231, 0.3021
0.9231, 0.3021
0.9231, 0.3021
0.9231, 0.3021
0.9231, 0.3021
0.9231, 0.3021
0.9269, 0.3021
0.9269, 0.3021
0.9269, 0.3021
0.9308, 0.3021
0.9308, 0.3021
0.9308, 0.3021
0.9346, 0.3021
0.9346, 0.3021
0.9346, 0.3021
0.9346, 0.3021
0.9346, 0.3021
0.9346, 0.3021
0.9385, 0.3021
0.9385, 0.3021
0.9385, 0.3021
0.9423, 0.3021
0.9423, 0.3021
0.9423, 0.3021
0.9423, 0.3021
0.9423, 0.3021
0.9423, 0.3021
0.9423, 0.2995
0.9423, 0.2995
0.9423, 0.2995
0.9462, 0.2995
0.9462, 0.2995
0.9462, 0.2995
0.9462, 0.2995
0.9462, 0.2995
0.9462, 0.2995
0.9500, 0.2968
0.9500, 0.2968
0.9538, 0.2968
0.9538, 0.2968
0.9538, 0.2968
0.9538, 0.2968
0.9538, 0.2968
0.9538, 0.2968
0.9538, 0.2968
0.9538, 0.2968
0.9538, 0.2968
0.9538, 0.2968
0.9538, 0.2968
0.9538, 0.2968
0.9538, 0.2968
0.9577, 0.2968
0.9577, 0.2968
0.9577, 0.2968
0.9615, 0.2941
0.9615, 0.2941
0.9615, 0.2941
0.9615, 0.2941
0.9615, 0.2941
0.9615, 0.2941
0.9615, 0.2941
0.9615, 0.2941
0.9615, 0.2941
0.9654, 0.2914
0.9654, 0.2914
0.9654, 0.2914
0.9654, 0.2914
0.9654, 0.2914
0.9654, 0.2914
0.9692, 0.2914
0.9692, 0.2914
0.9692, 0.2914
0.9692, 0.2914
0.9692, 0.2914
0.9692, 0.2914
0.9731, 0.2888
0.9731, 0.2888
0.9731, 0.2888
0.9731, 0.2888
0.9731, 0.2888
0.9731, 0.2888
0.9731, 0.2888
0.9731, 0.2888
0.9731, 0.2888
0.9731, 0.2888
0.9731, 0.2888
0.9731, 0.2888
0.9731, 0.2888
0.9731, 0.2888
0.9731, 0.2888
0.9731, 0.2888
0.9731, 0.2888
0.9731, 0.2888
0.9769, 0.2888
0.9769, 0.2888
0.9769, 0.2888
0.9769, 0.2888
0.9769, 0.2888
0.9769, 0.2888
0.9769, 0.2888
0.9769, 0.2888
0.9769, 0.2888
0.9808, 0.2861
0.9808, 0.2861
0.9808, 0.2861
0.9808, 0.2861
0.9808, 0.2861
0.9808, 0.2861
0.9808, 0.2861
0.9808, 0.2861
0.9808, 0.2861
0.9808, 0.2861
0.9808, 0.2861
0.9808, 0.2861
0.9808, 0.2861
0.9808, 0.2861
0.9808, 0.2861
0.9808, 0.2861
0.9808, 0.2861
0.9808, 0.2861
0.9808, 0.2861
0.9808, 0.2861
0.9808, 0.2861
0.9808, 0.2834
0.9808, 0.2834
0.9808, 0.2834
0.9808, 0.2834
0.9808, 0.2834
0.9808, 0.2834
0.9808, 0.2834
0.9808, 0.2834
0.9808, 0.2834
0.9808, 0.2834
0.9808, 0.2834
0.9808, 0.2834
0.9808, 0.2834
0.9808, 0.2834
0.9808, 0.2834
0.9808, 0.2834
0.9846, 0.2834
0.9846, 0.2834
0.9846, 0.2834
0.9846, 0.2834
0.9846, 0.2834
0.9846, 0.2834
0.9846, 0.2807
0.9846, 0.2807
0.9846, 0.2807
0.9846, 0.2807
0.9846, 0.2807
0.9846, 0.2807
0.9885, 0.2807
0.9885, 0.2807
0.9885, 0.2781
0.9885, 0.2781
0.9885, 0.2781
0.9885, 0.2781
0.9885, 0.2781
0.9885, 0.2781
0.9885, 0.2781
0.9885, 0.2781
0.9885, 0.2781
0.9885, 0.2781
0.9885, 0.2781
0.9885, 0.2781
0.9885, 0.2781
0.9923, 0.2781
0.9923, 0.2781
0.9923, 0.2781
0.9923, 0.2781
0.9923, 0.2781
0.9923, 0.2781
0.9923, 0.2781
0.9923, 0.2781
0.9923, 0.2781
0.9923, 0.2781
0.9923, 0.2781
0.9923, 0.2781
0.9923, 0.2754
0.9923, 0.2754
0.9923, 0.2754
0.9923, 0.2754
0.9923, 0.2754
0.9923, 0.2754
0.9923, 0.2754
0.9923, 0.2754
0.9923, 0.2754
0.9923, 0.2754
0.9923, 0.2754
0.9923, 0.2754
0.9923, 0.2727
0.9923, 0.2727
0.9923, 0.2727
0.9923, 0.2727
0.9923, 0.2727
0.9923, 0.2727
0.9923, 0.2727
0.9923, 0.2727
0.9923, 0.2727
0.9923, 0.2727
0.9962, 0.2727
0.9962, 0.2727
0.9962, 0.2727
0.9962, 0.2727
0.9962, 0.2727
0.9962, 0.2727
0.9962, 0.2701
0.9962, 0.2701
0.9962, 0.2701
0.9962, 0.2701
0.9962, 0.2701
0.9962, 0.2701
0.9962, 0.2701
0.9962, 0.2701
0.9962, 0.2701
1.0000, 0.2701
1.0000, 0.2701
1.0000, 0.2701
1.0000, 0.2701
1.0000, 0.2701
1.0000, 0.2701
1.0000, 0.2674
1.0000, 0.2674
1.0000, 0.2674
1.0000, 0.2674
1.0000, 0.2674
1.0000, 0.2674
1.0000, 0.2674
1.0000, 0.2674
1.0000, 0.2674
1.0000, 0.2674
1.0000, 0.2674
1.0000, 0.2674
1.0000, 0.2674
1.0000, 0.2674
1.0000, 0.2674
1.0000, 0.2674
1.0000, 0.2674
1.0000, 0.2674
1.0000, 0.2674
1.0000, 0.2674
1.0000, 0.2674
1.0000, 0.2674
1.0000, 0.2674
1.0000, 0.2674
1.0000, 0.2674
1.0000, 0.2674
1.0000, 0.2674
1.0000, 0.2674
1.0000, 0.2674
1.0000, 0.2674
1.0000, 0.2674
1.0000, 0.2674
1.0000, 0.2674
1.0000, 0.2674
1.0000, 0.2674
1.0000, 0.2674
1.0000, 0.2674
1.0000, 0.2674
1.0000, 0.2674
0.9923, 0.0428
0.9923, 0.0428
0.9923, 0.0428
0.9923, 0.0428
0.9923, 0.0428
0.9923, 0.0428
0.9923, 0.0428
0.9923, 0.0428
0.9923, 0.0428
0.9923, 0.0428
0.9923, 0.0428
0.9923, 0.0428
0.9923, 0.0428
0.9923, 0.0428
0.9923, 0.0428
0.9923, 0.0428
0.9923, 0.0428
0.9923, 0.0428
0.9923, 0.0428
0.9923, 0.0428
0.9923, 0.0428
0.9923, 0.0428
0.9923, 0.0428
0.9923, 0.0428
0.9923, 0.0428
0.9923, 0.0428
0.9923, 0.0428
0.9923, 0.0428
0.9923, 0.0428
0.9923, 0.0428
0.9923, 0.0428
0.9923, 0.0428
0.9923, 0.0428
0.9923, 0.0428
0.9923, 0.0428
0.9923, 0.0428
0.9923, 0.0428
0.9923, 0.0428
0.9923, 0.0428
0.9923, 0.0428
0.9923, 0.0428
0.9923, 0.0428
0.9923, 0.0428
0.9923, 0.0428
0.9923, 0.0428
0.9923, 0.0428
0.9923, 0.0428
0.9923, 0.0428
0.9923, 0.0428
0.9923, 0.0428
0.9923, 0.0428
0.9923, 0.0428
0.9923, 0.0428
0.9923, 0.0428
0.9923, 0.0428
0.9923, 0.0428
0.9923, 0.0428
0.9923, 0.0428
0.9923, 0.0428
0.9923, 0.0428
0.9923, 0.0428
0.9923, 0.0428
0.9923, 0.0428
0.9923, 0.0428
0.9923, 0.0428
0.9923, 0.0428
0.9923, 0.0428
0.9923, 0.0428
0.9923, 0.0428
0.9923, 0.0428
0.9923, 0.0428
0.9923, 0.0428
0.9923, 0.0428
0.9923, 0.0428
0.9923, 0.0428
0.9923, 0.0428
0.9885, 0.0455
0.9885, 0.0455
0.9885, 0.0455
0.9885, 0.0455
0.9885, 0.0455
0.9885, 0.0455
0.9885, 0.0455
0.9885, 0.0455
0.9885, 0.0455
0.9808, 0.0481
0.9808, 0.0481
0.9808, 0.0481
0.9808, 0.0481
0.9731, 0.0481
0.9731, 0.0481
0.9731, 0.0481
0.9731, 0.0481
0.9692, 0.0508
0.9692, 0.0508
0.9692, 0.0508
0.9692, 0.0508
0.9615, 0.0535
0.9615, 0.0535
0.9615, 0.0535
0.9615, 0.0535
0.9538, 0.0535
0.9538, 0.0535
0.9538, 0.0535
0.9538, 0.0535
0.9462, 0.0535
0.9462, 0.0535
0.9462, 0.0535
0.9462, 0.0535
0.9385, 0.0561
0.9385, 0.0561
0.9385, 0.0561
0.9385, 0.0561
0.9308, 0.0588
0.9308, 0.0588
0.9308, 0.0588
0.9308, 0.0588
0.9231, 0.0588
0.9231, 0.0588
0.9231, 0.0588
0.9231, 0.0588
0.9154, 0.0615
0.9154, 0.0615
0.9154, 0.0615
0.9154, 0.0615
0.9077, 0.0615
0.9077, 0.0615
0.9077, 0.0615
0.9077, 0.0615
0.9038, 0.0642
0.9038, 0.0642
0.9038, 0.0642
0.9038, 0.0642
0.9000, 0.0668
0.9000, 0.0668
0.9000, 0.0668
0.9000, 0.0668
0.8923, 0.0668
0.8923, 0.0668
0.8923, 0.0668
0.8923, 0.0668
0.8923, 0.0668
0.8923, 0.0668
0.8923, 0.0668
0.8923, 0.0668
0.8846, 0.0668
0.8846, 0.0668
0.8846, 0.0668
0.8846, 0.0668
0.8808, 0.0668
0.8808, 0.0668
0.8808, 0.0668
0.8808, 0.0668
0.8769, 0.0695
0.8769, 0.0695
0.8769, 0.0695
0.8769, 0.0695
0.8731, 0.0695
0.8731, 0.0695
0.8731, 0.0695
0.8731, 0.0695
0.8692, 0.0695
0.8692, 0.0695
0.8692, 0.0695
0.8692, 0.0695
0.8654, 0.0695
0.8654, 0.0695
0.8654, 0.0695
0.8654, 0.0695
0.8615, 0.0722
0.8615, 0.0722
0.8615, 0.0722
0.8615, 0.0722
0.8577, 0.0722
0.8577, 0.0722
0.8577, 0.0722
0.8577, 0.0722
0.8538, 0.0722
0.8538, 0.0722
0.8538, 0.0722
0.8538, 0.0722
0.8500, 0.0722
0.8500, 0.0722
0.8500, 0.0722
0.8500, 0.0722
0.8462, 0.0749
0.8462, 0.0749
0.8462, 0.0749
0.8462, 0.0749
0.8423, 0.0749
0.8423, 0.0749
0.8423, 0.0749
0.8423, 0.0749
0.8346, 0.0749
0.8346, 0.0749
0.8346, 0.0749
0.8346, 0.0749
0.8346, 0.0749
0.8346, 0.0749
0.8346, 0.0749
0.8346, 0.0749
0.8308, 0.0749
0.8308, 0.0749
0.8308, 0.0749
0.8308, 0.0749
0.8269, 0.0749
0.8269, 0.0749
0.8269, 0.0749
0.8269, 0.0749
0.8231, 0.0775
0.8231, 0.0775
0.8231, 0.0775
0.8231, 0.0775
0.8192, 0.0775
0.8192, 0.0775
0.8192, 0.0775
0.8154, 0.0775
0.8154, 0.0775
0.8154, 0.0775
0.8154, 0.0775
0.8154, 0.0775
0.8154, 0.0775
0.8154, 0.0775
0.8154, 0.0775
0.8154, 0.0775
0.8154, 0.0775
0.8154, 0.0775
0.8154, 0.0775
0.8154, 0.0775
0.8077, 0.0775
0.8077, 0.0775
0.8077, 0.0775
0.8077, 0.0775
0.8038, 0.0802
0.8038, 0.0802
0.8038, 0.0802
0.8038, 0.0802
0.8038, 0.0802
0.8038, 0.0802
0.8038, 0.0802
0.8038, 0.0802
0.8000, 0.0802
0.8000, 0.0802
0.8000, 0.0802
0.8000, 0.0802
0.7923, 0.0802
0.7923, 0.0802
0.7923, 0.0802
0.7923, 0.0802
0.7923, 0.0802
0.7923, 0.0802
0.7923, 0.0802
0.7923, 0.0802
0.7885, 0.0802
0.7885, 0.0802
0.7885, 0.0802
0.7885, 0.0802
0.7846, 0.0802
0.7846, 0.0802
0.7846, 0.0802
0.7846, 0.0802
0.7808, 0.0802
0.7808, 0.0802
0.7808, 0.0802
0.7769, 0.0802
0.7769, 0.0802
0.7769, 0.0802
0.7769, 0.0802
0.7731, 0.0802
0.7731, 0.0802
0.7731, 0.0802
0.7731, 0.0802
0.7731, 0.0802
0.7731, 0.0802
0.7731, 0.0802
0.7731, 0.0802
0.7692, 0.0802
0.7692, 0.0802
0.7692, 0.0802
0.7692, 0.0802
0.7615, 0.0829
0.7615, 0.0829
0.7615, 0.0829
0.7615, 0.0829
0.7615, 0.0829
0.7615, 0.0829
0.7615, 0.0829
0.7577, 0.0829
0.7577, 0.0829
0.7577, 0.0829
0.7577, 0.0829
0.7538, 0.0829
0.7538, 0.0829
0.7538, 0.0829
0.7538, 0.0829
0.7500, 0.0829
0.7500, 0.0829
0.7500, 0.0829
0.7462, 0.0829
0.7462, 0.0829
0.7462, 0.0829
0.7423, 0.0829
0.7423, 0.0829
0.7423, 0.0829
0.7423, 0.0829
0.7423, 0.0829
0.7423, 0.0829
0.7423, 0.0829
0.7423, 0.0829
0.7385, 0.0829
0.7385, 0.0829
0.7385, 0.0829
0.7385, 0.0829
0.7346, 0.0829
0.7346, 0.0829
0.7346, 0.0829
0.7346, 0.0829
0.7346, 0.0829
0.7346, 0.0829
0.7346, 0.0829
0.7346, 0.0829
0.7346, 0.0829
0.7346, 0.0829
0.7346, 0.0829
0.7346, 0.0829
0.7308, 0.0829
0.7308, 0.0829
0.7308, 0.0829
0.7308, 0.0829
0.7269, 0.0829
0.7269, 0.0829
0.7269, 0.0829
0.7269, 0.0829
0.7231, 0.0829
0.7231, 0.0829
0.7231, 0.0829
0.7231, 0.0829
0.7231, 0.0829
0.7231, 0.0829
0.7231, 0.0829
0.7231, 0.0829
0.7192, 0.0829
0.7192, 0.0829
0.7192, 0.0829
0.7154, 0.0829
0.7154, 0.0829
0.7154, 0.0829
0.7154, 0.0829
0.7154, 0.0829
0.7154, 0.0829
0.7154, 0.0829
0.7077, 0.0829
0.7077, 0.0829
0.7077, 0.0829
0.7077, 0.0829
0.7038, 0.0829
0.7038, 0.0829
0.7038, 0.0829
0.7038, 0.0829
0.7000, 0.0829
0.7000, 0.0829
0.7000, 0.0829
0.7000, 0.0829
0.6962, 0.0829
0.6962, 0.0829
0.6962, 0.0829
0.6962, 0.0829
0.6923, 0.0829
0.6923, 0.0829
0.6923, 0.0829
0.6923, 0.0829
0.6885, 0.0829
0.6885, 0.0829
0.6885, 0.0829
0.6846, 0.0829
0.6846, 0.0829
0.6846, 0.0829
0.6846, 0.0829
0.6808, 0.0829
0.6808, 0.0829
0.6808, 0.0829
0.6808, 0.0829
0.6808, 0.0829
0.6808, 0.0829
0.6808, 0.0829
0.6808, 0.0829
0.6808, 0.0829
0.6808, 0.0829
0.6808, 0.0829
0.6808, 0.0829
0.6769, 0.0802
0.6769, 0.0802
0.6769, 0.0802
0.6769, 0.0802
0.6731, 0.0802
0.6731, 0.0802
0.6731, 0.0802
0.6731, 0.0802
0.6731, 0.0802
0.6731, 0.0802
0.6731, 0.0802
0.6654, 0.0802
0.6654, 0.0802
0.6654, 0.0802
0.6654, 0.0802
0.6615, 0.0802
0.6615, 0.0802
0.6615, 0.0802
0.6615, 0.0802
0.6615, 0.0775
0.6615, 0.0775
0.6615, 0.0775
0.6615, 0.0775
0.6577, 0.0775
0.6577, 0.0775
0.6577, 0.0775
0.6500, 0.0775
0.6500, 0.0775
0.6500, 0.0775
0.6500, 0.0775
0.6500, 0.0775
0.6500, 0.0775
0.6500, 0.0775
0.6500, 0.0775
0.6500, 0.0775
0.6423, 0.0775
0.6423, 0.0775
0.6423, 0.0775
0.6423, 0.0775
0.6423, 0.0775
0.6423, 0.0775
0.6423, 0.0775
0.6385, 0.0775
0.6385, 0.0775
0.6385, 0.0775
0.6385, 0.0775
0.6346, 0.0749
0.6346, 0.0749
0.6346, 0.0749
0.6346, 0.0749
0.6308, 0.0749
0.6308, 0.0749
0.6308, 0.0749
0.6308, 0.0749
0.6308, 0.0749
0.6308, 0.0749
0.6308, 0.0749
0.6269, 0.0722
0.6269, 0.0722
0.6269, 0.0722
0.6231, 0.0722
0.6231, 0.0722
0.6231, 0.0722
0.6231, 0.0722
0.6231, 0.0722
0.6231, 0.0722
0.6231, 0.0722
0.6231, 0.0722
0.6192, 0.0722
0.6192, 0.0722
0.6192, 0.0722
0.6192, 0.0722
0.6192, 0.0722
0.6192, 0.0722
0.6192, 0.0722
0.6192, 0.0722
0.6154, 0.0695
0.6154, 0.0695
0.6154, 0.0695
0.6115, 0.0695
0.6115, 0.0695
0.6115, 0.0695
0.6115, 0.0695
0.6115, 0.0695
0.6115, 0.0695
0.6115, 0.0695
0.6115, 0.0695
0.6077, 0.0695
0.6077, 0.0695
0.6077, 0.0695
0.6077, 0.0695
0.6038, 0.0695
0.6038, 0.0695
0.6038, 0.0695
0.6038, 0.0668
0.6038, 0.0668
0.6038, 0.0668
0.6038, 0.0668
0.6000, 0.0668
0.6000, 0.0668
0.6000, 0.0668
0.6000, 0.0668
0.5962, 0.0668
0.5962, 0.0668
0.5962, 0.0668
0.5923, 0.0668
0.5923, 0.0668
0.5923, 0.0668
0.5923, 0.0668
0.5923, 0.0668
0.5923, 0.0668
0.5923, 0.0668
0.5923, 0.0668
0.5885, 0.0668
0.5885, 0.0668
0.5885, 0.0668
0.5885, 0.0668
0.5846, 0.0668
0.5846, 0.0668
0.5846, 0.0668
0.5846, 0.0668
0.5846, 0.0668
0.5846, 0.0668
0.5808, 0.0642
0.5808, 0.0642
0.5808, 0.0642
0.5769, 0.0642
0.5769, 0.0642
0.5731, 0.0642
0.5731, 0.0642
0.5731, 0.0642
0.5731, 0.0642
0.5731, 0.0642
0.5731, 0.0642
0.5731, 0.0615
0.5731, 0.0615
0.5731, 0.0615
0.5692, 0.0615
0.5692, 0.0615
0.5692, 0.0615
0.5654, 0.0615
0.5654, 0.0615
0.5654, 0.0615
0.5654, 0.0588
0.5654, 0.0588
0.5654, 0.0588
0.5654, 0.0588
0.5654, 0.0588
0.5615, 0.0588
0.5615, 0.0588
0.5615, 0.0588
0.5577, 0.0588
0.5577, 0.0588
0.5577, 0.0588
0.5538, 0.0588
0.5538, 0.0588
0.5538, 0.0588
0.5538, 0.0561
0.5538, 0.0561
0.5538, 0.0561
0.5462, 0.0561
0.5462, 0.0561
0.5462, 0.0561
0.5462, 0.0561
0.5462, 0.0561
0.5423, 0.0535
0.5423, 0.0535
0.5423, 0.0535
0.5385, 0.0535
0.5385, 0.0535
0.5385, 0.0535
0.5346, 0.0535
0.5346, 0.0535
0.5346, 0.0535
0.5346, 0.0535
0.5346, 0.0535
0.5308, 0.0535
0.5308, 0.0535
0.5308, 0.0535
0.5269, 0.0535
0.5269, 0.0535
0.5269, 0.0535
0.5269, 0.0508
0.5269, 0.0508
0.5269, 0.0508
0.5231, 0.0508
0.5231, 0.0508
0.5192, 0.0508
0.5192, 0.0508
0.5192, 0.0508
0.5192, 0.0481
0.5192, 0.0481
0.5192, 0.0481
0.5154, 0.0481
0.5154, 0.0481
0.5154, 0.0481
0.5154, 0.0481
0.5154, 0.0481
0.5154, 0.0481
0.5115, 0.0481
0.5115, 0.0481
0.5115, 0.0481
0.5077, 0.0481
0.5077, 0.0481
0.5077, 0.0455
0.5077, 0.0455
0.5077, 0.0455
0.5038, 0.0455
0.5038, 0.0455
0.5038, 0.0455
0.5000, 0.0455
0.5000, 0.0455
0.5000, 0.0455
0.5000, 0.0455
0.5000, 0.0455
0.5000, 0.0455
0.4962, 0.0455
0.4962, 0.0455
0.4923, 0.0455
0.4923, 0.0455
0.4923, 0.0455
0.4885, 0.0455
0.4885, 0.0455
0.4885, 0.0455
0.4846, 0.0455
0.4846, 0.0455
0.4808, 0.0428
0.4808, 0.0428
0.4808, 0.0428
0.4769, 0.0428
0.4769, 0.0428
0.4769, 0.0428
0.4731, 0.0428
0.4731, 0.0428
0.4731, 0.0401
0.4731, 0.0401
0.4731, 0.0401
0.4692, 0.0401
0.4692, 0.0401
0.4692, 0.0401
0.4654, 0.0401
0.4654, 0.0401
0.4654, 0.0401
0.4654, 0.0401
0.4654, 0.0401
0.4615, 0.0401
0.4615, 0.0401
0.4615, 0.0401
0.4577, 0.0401
0.4577, 0.0401
0.4577, 0.0401
0.4538, 0.0401
0.4538, 0.0401
0.4538, 0.0401
0.4538, 0.0401
0.4538, 0.0401
0.4500, 0.0401
0.4500, 0.0401
0.4500, 0.0401
0.4462, 0.0401
0.4462, 0.0374
0.4423, 0.0374
0.4385, 0.0374
0.4346, 0.0374
0.4308, 0.0374
0.4308, 0.0374
0.4231, 0.0374
0.4192, 0.0374
0.4192, 0.0374
0.4192, 0.0374
0.4154, 0.0374
0.4154, 0.0374
0.4154, 0.0374
0.4154, 0.0374
0.4154, 0.0374
0.4154, 0.0374
0.4154, 0.0374
0.4154, 0.0374
0.4154, 0.0374
0.4115, 0.0374
0.4115, 0.0374
0.4115, 0.0374
0.4077, 0.0374
0.4077, 0.0374
0.4077, 0.0374
0.4077, 0.0374
0.4077, 0.0374
0.4038, 0.0374
0.4038, 0.0374
0.4038, 0.0374
0.4000, 0.0374
0.4000, 0.0374
0.4000, 0.0374
0.3962, 0.0374
0.3962, 0.0374
0.3962, 0.0374
0.3962, 0.0374
0.3962, 0.0374
0.3962, 0.0374
0.3962, 0.0374
0.3962, 0.0374
0.3923, 0.0374
0.3923, 0.0374
0.3923, 0.0374
0.3885, 0.0374
0.3885, 0.0374
0.3885, 0.0374
0.3885, 0.0374
0.3885, 0.0374
0.3846, 0.0374
0.3846, 0.0374
0.3846, 0.0374
0.3808, 0.0374
0.3808, 0.0374
0.3808, 0.0374
0.3769, 0.0374
0.3769, 0.0374
0.3769, 0.0374
0.3769, 0.0374
0.3769, 0.0374
0.3769, 0.0374
0.3731, 0.0374
0.3731, 0.0374
0.3692, 0.0374
0.3692, 0.0374
0.3692, 0.0374
0.3654, 0.0374
0.3654, 0.0374
0.3654, 0.0374
0.3654, 0.0374
0.3654, 0.0374
0.3654, 0.0374
0.3615, 0.0374
0.3615, 0.0374
0.3577, 0.0374
0.3577, 0.0374
0.3577, 0.0374
0.3577, 0.0374
0.3577, 0.0374
0.3577, 0.0374
0.3538, 0.0374
0.3538, 0.0374
0.3500, 0.0374
0.3500, 0.0374
0.3500, 0.0374
0.3500, 0.0374
0.3500, 0.0374
0.3500, 0.0374
0.3462, 0.0374
0.3462, 0.0374
0.3462, 0.0374
0.3423, 0.0374
0.3423, 0.0374
0.3385, 0.0374
0.3385, 0.0374
0.3385, 0.0374
0.3385, 0.0374
0.3385, 0.0374
0.3385, 0.0374
0.3346, 0.0374
0.3346, 0.0374
0.3346, 0.0374
0.3308, 0.0374
0.3308, 0.0374
0.3308, 0.0374
0.3308, 0.0374
0.3308, 0.0374
0.3308, 0.0374
0.3269, 0.0374
0.3269, 0.0374
0.3231, 0.0374
0.3231, 0.0374
0.3231, 0.0374
0.3192, 0.0374
0.3192, 0.0374
0.3192, 0.0374
0.3192, 0.0374
0.3192, 0.0374
0.3192, 0.0374
0.3192, 0.0374
0.3192, 0.0374
0.3154, 0.0374
0.3154, 0.0374
0.3154, 0.0374
0.3115, 0.0374
0.3115, 0.0374
0.3115, 0.0374
0.3115, 0.0374
0.3115, 0.0374
0.3115, 0.0374
0.3115, 0.0374
0.3115, 0.0374
0.3115, 0.0374
0.3077, 0.0374
0.3077, 0.0374
0.3038, 0.0374
0.3038, 0.0374
0.3038, 0.0374
0.3000, 0.0374
0.3000, 0.0374
0.3000, 0.0374
0.3000, 0.0374
0.3000, 0.0374
0.3000, 0.0374
0.2962, 0.0374
0.2962, 0.0374
0.2962, 0.0374
0.2923, 0.0374
0.2923, 0.0374
0.2923, 0.0374
0.2923, 0.0374
0.2923, 0.0374
0.2923, 0.0374
0.2923, 0.0374
0.2923, 0.0374
0.2885, 0.0374
0.2885, 0.0374
0.2846, 0.0401
0.2846, 0.0401
0.2846, 0.0401
0.2846, 0.0401
0.2846, 0.0401
0.2846, 0.0401
0.2846, 0.0401
0.2846, 0.0401
0.2846, 0.0401
0.2846, 0.0401
0.2846, 0.0401
0.2846, 0.0401
0.2808, 0.0401
0.2808, 0.0401
0.2808, 0.0401
0.2808, 0.0401
0.2808, 0.0401
0.2769, 0.0401
0.2769, 0.0401
0.2769, 0.0401
0.2769, 0.0401
0.2769, 0.0401
0.2769, 0.0401
0.2731, 0.0428
0.2731, 0.0428
0.2731, 0.0428
0.2731, 0.0428
0.2731, 0.0428
0.2731, 0.0428
0.2731, 0.0428
0.2731, 0.0428
0.2731, 0.0428
0.2731, 0.0428
0.2731, 0.0428
0.2731, 0.0428
0.2731, 0.0428
0.2731, 0.0428
0.2731, 0.0428
0.2731, 0.0428
0.2731, 0.0428
0.2731, 0.0428
0.2692, 0.0428
0.2692, 0.0428
0.2692, 0.0428
0.2692, 0.0428
0.2692, 0.0428
0.2654, 0.0428
0.2654, 0.0428
0.2654, 0.0428
0.2654, 0.0428
0.2654, 0.0428
0.2654, 0.0428
0.2654, 0.0428
0.2654, 0.0428
0.2654, 0.0428
0.2654, 0.0455
0.2654, 0.0455
0.2654, 0.0455
0.2615, 0.0455
0.2615, 0.0455
0.2615, 0.0455
0.2615, 0.0455
0.2615, 0.0455
0.2577, 0.0481
0.2577, 0.0481
0.2577, 0.0481
0.2577, 0.0481
0.2577, 0.0481
0.2577, 0.0481
0.2577, 0.0481
0.2577, 0.0481
0.2538, 0.0481
0.2538, 0.0481
0.2538, 0.0481
0.2538, 0.0481
0.2538, 0.0481
0.2538, 0.0481
0.2538, 0.0481
0.2538, 0.0481
0.2538, 0.0481
0.2538, 0.0508
0.2538, 0.0508
0.2538, 0.0508
0.2538, 0.0508
0.2538, 0.0508
0.2538, 0.0508
0.2538, 0.0508
0.2538, 0.0508
0.2538, 0.0535
0.2538, 0.0535
0.2538, 0.0535
0.2500, 0.0535
0.2500, 0.0535
0.2500, 0.0535
0.2500, 0.0535
0.2500, 0.0535
0.2500, 0.0535
0.2500, 0.0535
0.2500, 0.0535
0.2462, 0.0561
0.2462, 0.0561
0.2462, 0.0561
0.2462, 0.0561
0.2462, 0.0561
0.2462, 0.0561
0.2462, 0.0561
0.2462, 0.0561
0.2462, 0.0561
0.2462, 0.0561
0.2462, 0.0561
0.2462, 0.0561
0.2462, 0.0561
0.2462, 0.0561
0.2462, 0.0588
0.2462, 0.0588
0.2462, 0.0588
0.2423, 0.0588
0.2423, 0.0588
0.2385, 0.0615
0.2385, 0.0615
0.2385, 0.0615
0.2385, 0.0615
0.2385, 0.0615
0.2385, 0.0615
0.2346, 0.0615
0.2346, 0.0615
0.2346, 0.0615
0.2346, 0.0615
0.2346, 0.0615
0.2346, 0.0615
0.2346, 0.0615
0.2346, 0.0615
0.2346, 0.0642
0.2346, 0.0642
0.2346, 0.0642
0.2346, 0.0642
0.2346, 0.0642
0.2346, 0.0642
0.2346, 0.0642
0.2346, 0.0642
0.2346, 0.0642
0.2308, 0.0668
0.2308, 0.0668
0.2308, 0.0668
0.2308, 0.0668
0.2308, 0.0668
0.2308, 0.0695
0.2308, 0.0695
0.2269, 0.0695
0.2269, 0.0695
0.2269, 0.0695
0.2269, 0.0695
0.2269, 0.0695
0.2269, 0.0695
0.2269, 0.0695
0.2269, 0.0695
0.2269, 0.0695
0.2269, 0.0722
0.2269, 0.0722
0.2269, 0.0722
0.2269, 0.0722
0.2269, 0.0722
0.2269, 0.0722
0.2269, 0.0722
0.2269, 0.0722
0.2231, 0.0749
0.2231, 0.0749
0.2231, 0.0749
0.2231, 0.0749
0.2231, 0.0749
0.2231, 0.0749
0.2231, 0.0749
0.2231, 0.0749
0.2192, 0.0749
0.2192, 0.0749
0.2192, 0.0749
0.2192, 0.0749
0.2192, 0.0749
0.2192, 0.0749
0.2192, 0.0775
0.2192, 0.0775
0.2192, 0.0775
0.2192, 0.0775
0.2192, 0.0775
0.2154, 0.0802
0.2154, 0.0802
0.2154, 0.0802
0.2154, 0.0802
0.2154, 0.0802
0.2154, 0.0802
0.2154, 0.0802
0.2154, 0.0802
0.2154, 0.0829
0.2154, 0.0829
0.2154, 0.0829
0.2154, 0.0829
0.2154, 0.0829
0.2154, 0.0829
0.2154, 0.0856
0.2154, 0.0856
0.2154, 0.0882
0.2154, 0.0882
0.2154, 0.0882
0.2154, 0.0882
0.2154, 0.0882
0.2154, 0.0882
0.2154, 0.0882
0.2154, 0.0882
0.2154, 0.0909
0.2154, 0.0909
0.2154, 0.0909
0.2115, 0.0909
0.2115, 0.0909
0.2115, 0.0909
0.2115, 0.0936
0.2115, 0.0936
0.2115, 0.0936
0.2115, 0.0936
0.2115, 0.0936
0.2115, 0.0963
0.2115, 0.0963
0.2115, 0.0989
0.2115, 0.0989
0.2115, 0.0989
0.2115, 0.0989
0.2115, 0.0989
0.2115, 0.0989
0.2077, 0.1016
0.2077, 0.1016
0.2077, 0.1016
0.2077, 0.1016
0.2077, 0.1016
0.2077, 0.1043
0.2077, 0.1043
0.2077, 0.1070
0.2077, 0.1070
0.2077, 0.1070
0.2077, 0.1070
0.2077, 0.1070
0.2077, 0.1070
0.2077, 0.1096
0.2077, 0.1096
0.2077, 0.1096
0.2077, 0.1096
0.2077, 0.1096
0.2077, 0.1123
0.2077, 0.1123
0.2077, 0.1150
0.2077, 0.1150
0.2077, 0.1150
0.2077, 0.1150
0.2077, 0.1150
0.2077, 0.1150
0.2077, 0.1176
0.2077, 0.1176
0.2077, 0.1176
0.2077, 0.1176
0.2077, 0.1176
0.2077, 0.1203
0.2077, 0.1203
0.2077, 0.1203
0.2077, 0.1203
0.2077, 0.1203
0.2077, 0.1230
0.2077, 0.1230
0.2077, 0.1230
0.2077, 0.1230
0.2077, 0.1230
0.2077, 0.1257
0.2077, 0.1257
0.2077, 0.1283
0.2077, 0.1283
0.2077, 0.1283
0.2077, 0.1283
0.2077, 0.1283
0.2077, 0.1283
0.2077, 0.1283
0.2077, 0.1283
0.2077, 0.1283
0.2077, 0.1283
0.2077, 0.1283
0.2077, 0.1310
0.2077, 0.1310
0.2077, 0.1310
0.2077, 0.1310
0.2077, 0.1310
0.2077, 0.1310
0.2077, 0.1337
0.2077, 0.1337
0.2077, 0.1337
0.2077, 0.1337
0.2077, 0.1337
0.2077, 0.1337
0.2077, 0.1337
0.2077, 0.1337
0.2077, 0.1364
0.2077, 0.1364
0.2077, 0.1390
0.2077, 0.1390
0.2077, 0.1390
0.2077, 0.1390
0.2077, 0.1390
0.2077, 0.1390
0.2077, 0.1417
0.2077, 0.1417
0.2077, 0.1417
0.2077, 0.1417
0.2077, 0.1417
0.2077, 0.1417
0.2077, 0.1417
0.2077, 0.1417
0.2115, 0.1444
0.2115, 0.1444
0.2115, 0.1444
0.2115, 0.1444
0.2115, 0.1444
0.2115, 0.1471
0.2115, 0.1471
0.2115, 0.1471
0.2115, 0.1471
0.2115, 0.1471
0.2115, 0.1497
0.2115, 0.1497
0.2115, 0.1497
0.2115, 0.1497
0.2115, 0.1497
0.2115, 0.1497
0.2115, 0.1524
0.2115, 0.1524
0.2115, 0.1551
0.2115, 0.1551
0.2115, 0.1551
0.2115, 0.1551
0.2115, 0.1551
0.2115, 0.1551
0.2115, 0.1551
0.2115, 0.1578
0.2115, 0.1578
0.2115, 0.1578
0.2115, 0.1604
0.2115, 0.1604
0.2115, 0.1604
0.2115, 0.1604
0.2115, 0.1604
0.2115, 0.1604
0.2115, 0.1604
0.2115, 0.1604
0.2115, 0.1604
0.2115, 0.1604
0.2115, 0.1631
0.2115, 0.1631
0.2115, 0.1631
0.2115, 0.1658
0.2115, 0.1658
0.2115, 0.1658
0.2154, 0.1658
0.2154, 0.1658
0.2154, 0.1684
0.2154, 0.1684
0.2154, 0.1684
0.2154, 0.1684
0.2154, 0.1684
0.2154, 0.1684
0.2154, 0.1711
0.2154, 0.1711
0.2154, 0.1738
0.2154, 0.1738
0.2154, 0.1738
0.2154, 0.1738
0.2154, 0.1738
0.2192, 0.1738
0.2192, 0.1738
0.2192, 0.1738
0.2192, 0.1765
0.2192, 0.1765
0.2192, 0.1791
0.2192, 0.1791
0.2192, 0.1791
0.2192, 0.1791
0.2192, 0.1791
0.2192, 0.1791
0.2192, 0.1791
0.2192, 0.1791
0.2192, 0.1791
0.2192, 0.1791
0.2192, 0.1791
0.2231, 0.1818
0.2231, 0.1818
0.2231, 0.1845
0.2231, 0.1845
0.2231, 0.1845
0.2231, 0.1845
0.2231, 0.1845
0.2231, 0.1872
0.2231, 0.1872
0.2231, 0.1872
0.2231, 0.1872
0.2231, 0.1872
0.2231, 0.1872
0.2231, 0.1872
0.2231, 0.1872
0.2231, 0.1898
0.2231, 0.1898
0.2231, 0.1898
0.2269, 0.1898
0.2269, 0.1898
0.2269, 0.1925
0.2269, 0.1925
0.2269, 0.1925
0.2269, 0.1925
0.2269, 0.1925
0.2308, 0.1952
0.2308, 0.1952
0.2308, 0.1952
0.2308, 0.1952
0.2308, 0.1952
0.2308, 0.1979
0.2308, 0.1979
0.2308, 0.1979
0.2308, 0.2005
0.2308, 0.2005
0.2308, 0.2005
0.2308, 0.2005
0.2308, 0.2005
0.2346, 0.2005
0.2346, 0.2005
0.2346, 0.2005
0.2346, 0.2032
0.2346, 0.2032
0.2385, 0.2059
0.2385, 0.2059
0.2385, 0.2059
0.2385, 0.2059
0.2385, 0.2059
0.2385, 0.2086
0.2385, 0.2086
0.2423, 0.2112
0.2423, 0.2112
0.2423, 0.2112
0.2423, 0.2139
0.2423, 0.2139
0.2423, 0.2166
0.2423, 0.2166
0.2423, 0.2166
0.2423, 0.2193
0.2423, 0.2193
0.2462, 0.2193
0.2462, 0.2193
0.2462, 0.2193
0.2462, 0.2219
0.2462, 0.2219
0.2500, 0.2246
0.2500, 0.2246
0.2500, 0.2246
0.2500, 0.2246
0.2500, 0.2246
0.2500, 0.2246
0.2500, 0.2273
0.2500, 0.2273
0.2500, 0.2273
0.2500, 0.2273
0.2500, 0.2273
0.2500, 0.2299
0.2500, 0.2299
0.2538, 0.2326
0.2538, 0.2326
0.2538, 0.2326
0.2538, 0.2326
0.2538, 0.2326
0.2577, 0.2326
0.2577, 0.2326
0.2577, 0.2326
0.2577, 0.2353
0.2577, 0.2353
0.2577, 0.2353
0.2577, 0.2353
0.2577, 0.2353
0.2615, 0.2380
0.2615, 0.2380
0.2615, 0.2380
0.2615, 0.2380
0.2615, 0.2380
0.2615, 0.2406
0.2615, 0.2406
0.2615, 0.2406
0.2615, 0.2406
0.2615, 0.2406
0.2615, 0.2406
0.2615, 0.2406
0.2615, 0.2406
0.2654, 0.2433
0.2654, 0.2433
0.2654, 0.2433
0.2654, 0.2433
0.2654, 0.2433
0.2654, 0.2460
0.2654, 0.2460
0.2692, 0.2460
0.2692, 0.2460
0.2692, 0.2460
0.2692, 0.2460
0.2692, 0.2460
0.2692, 0.2460
0.2692, 0.2460
0.2692, 0.2460
0.2731, 0.2487
0.2731, 0.2487
0.2731, 0.2487
0.2731, 0.2513
0.2731, 0.2513
0.2769, 0.2513
0.2769, 0.2513
0.2769, 0.2513
0.2769, 0.2540
0.2769, 0.2540
0.2769, 0.2540
0.2769, 0.2540
0.2769, 0.2540
0.2808, 0.2540
0.2808, 0.2540
0.2808, 0.2540
0.2808, 0.2540
0.2808, 0.2540
0.2808, 0.2540
0.2808, 0.2540
0.2808, 0.2540
0.2808, 0.2540
0.2808, 0.2540
0.2808, 0.2567
0.2808, 0.2567
0.2808, 0.2567
0.2808, 0.2567
0.2808, 0.2567
0.2808, 0.2567
0.2808, 0.2567
0.2808, 0.2567
0.2846, 0.2567
0.2846, 0.2567
0.2846, 0.2567
0.2846, 0.2594
0.2846, 0.2594
0.2846, 0.2594
0.2846, 0.2594
0.2885, 0.2594
0.2885, 0.2594
0.2885, 0.2594
0.2885, 0.2594
0.2885, 0.2594
0.2885, 0.2594
0.2885, 0.2620
0.2885, 0.2620
0.2885, 0.2620
0.2885, 0.2620
0.2885, 0.2620
0.2923, 0.2620
0.2923, 0.2620
0.2923, 0.2647
0.2923, 0.2647
0.2923, 0.2647
0.2962, 0.2647
0.2962, 0.2647
0.2962, 0.2647
0.2962, 0.2647
0.2962, 0.2647
0.2962, 0.2647
0.2962, 0.2647
0.2962, 0.2674
0.2962, 0.2674
0.2962, 0.2674
0.2962, 0.2674
0.2962, 0.2674
0.2962, 0.2674
0.2962, 0.2674
0.2962, 0.2674
0.3000, 0.2674
0.3000, 0.2674
0.3000, 0.2674
0.3000, 0.2674
0.3000, 0.2674
0.3000, 0.2674
0.3000, 0.2674
0.3000, 0.2674
0.3038, 0.2674
0.3038, 0.2674
0.3077, 0.2674
0.3077, 0.2674
0.3077, 0.2674
0.3077, 0.2674
0.3077, 0.2674
0.3077, 0.2701
0.3077, 0.2701
0.3077, 0.2701
0.3077, 0.2701
0.3077, 0.2701
0.3077, 0.2701
0.3077, 0.2701
0.3077, 0.2701
0.3077, 0.2701
0.3077, 0.2701
0.3077, 0.2701
0.3077, 0.2701
0.3077, 0.2701
0.3115, 0.2701
0.3115, 0.2701
0.3115, 0.2701
0.3115, 0.2701
0.3115, 0.2701
0.3115, 0.2727
0.3115, 0.2727
0.3115, 0.2727
0.3115, 0.2727
0.3115, 0.2727
0.3154, 0.2727
0.3154, 0.2727
0.3154, 0.2727
0.3154, 0.2727
0.3154, 0.2727
0.3154, 0.2727
0.3154, 0.2727
0.3154, 0.2727
0.3154, 0.2727
0.3154, 0.2727
0.3154, 0.2727
0.3154, 0.2727
0.3154, 0.2727
0.3154, 0.2727
0.3154, 0.2727
0.3154, 0.2727
0.3154, 0.2727
0.3154, 0.2727
0.3154, 0.2727
0.3154, 0.2727
0.3154, 0.2727
0.3154, 0.2727
0.3154, 0.2727
0.3154, 0.2727
0.3154, 0.2727
0.3154, 0.2727
0.3154, 0.2727
0.3154, 0.2727
0.3154, 0.2727
0.3154, 0.2727
0.3154, 0.2727
0.3154, 0.2727
0.3154, 0.2727
0.3154, 0.2727
0.3154, 0.2727
0.3154, 0.2727
0.3154, 0.2727
0.3154, 0.2727
0.3154, 0.2727
0.3154, 0.2727
0.3154, 0.2727
0.3154, 0.2727
0.3154, 0.2727
0.3154, 0.2727
0.3154, 0.2727
0.6115, 0.1551
0.6115, 0.1551
0.6115, 0.1551
0.6115, 0.1551
0.6115, 0.1551
0.6115, 0.1551
0.6115, 0.1551
0.6115, 0.1551
0.6115, 0.1551
0.6115, 0.1551
0.6115, 0.1551
0.6115, 0.1551
0.6115, 0.1551
0.6115, 0.1551
0.6115, 0.1551
0.6115, 0.1551
0.6115, 0.1551
0.6115, 0.1551
0.6115, 0.1551
0.6115, 0.1551
0.6115, 0.1551
0.6115, 0.1551
0.6115, 0.1551
0.6115, 0.1551
0.6115, 0.1551
0.6115, 0.1551
0.6115, 0.1551
0.6115, 0.1551
0.6115, 0.1551
0.6115, 0.1551
0.6115, 0.1551
0.6115, 0.1551
0.6115, 0.1551
0.6115, 0.1551
0.6115, 0.1551
0.6115, 0.1551
0.6115, 0.1551
0.6115, 0.1551
0.6115, 0.1551
0.6115, 0.1551
0.6115, 0.1551
0.6115, 0.1551
0.6115, 0.1551
0.6115, 0.1551
0.6115, 0.1551
0.6115, 0.1551
0.6115, 0.1551
0.6115, 0.1551
0.6115, 0.1551
0.6115, 0.1551
0.6115, 0.1551
0.6115, 0.1551
0.6115, 0.1551
0.6115, 0.1551
0.6115, 0.1551
0.6115, 0.1551
0.6115, 0.1551
0.6115, 0.1551
0.6115, 0.1551
0.6115, 0.1551
0.6115, 0.1524
0.6115, 0.1524
0.6115, 0.1524
0.6115, 0.1524
0.6115, 0.1524
0.6115, 0.1524
0.6115, 0.1524
0.6115, 0.1524
0.6115, 0.1524
0.6115, 0.1497
0.6115, 0.1497
0.6115, 0.1497
0.6115, 0.1497
0.6115, 0.1497
0.6115, 0.1497
0.6115, 0.1497
0.6115, 0.1471
0.6115, 0.1471
0.6154, 0.1444
0.6154, 0.1444
0.6154, 0.1444
0.6154, 0.1444
0.6154, 0.1444
0.6154, 0.1444
0.6154, 0.1444
0.6154, 0.1444
0.6154, 0.1444
0.6154, 0.1444
0.6154, 0.1417
0.6154, 0.1417
0.6154, 0.1417
0.6154, 0.1390
0.6154, 0.1390
0.6154, 0.1390
0.6192, 0.1390
0.6192, 0.1390
0.6192, 0.1390
0.6192, 0.1390
0.6192, 0.1390
0.6192, 0.1390
0.6192, 0.1364
0.6192, 0.1364
0.6192, 0.1364
0.6192, 0.1364
0.6192, 0.1337
0.6192, 0.1337
0.6192, 0.1337
0.6192, 0.1310
0.6192, 0.1310
0.6192, 0.1310
0.6192, 0.1310
0.6192, 0.1310
0.6192, 0.1310
0.6192, 0.1310
0.6192, 0.1310
0.6192, 0.1310
0.6192, 0.1283
0.6192, 0.1283
0.6192, 0.1283
0.6192, 0.1283
0.6192, 0.1283
0.6192, 0.1283
0.6231, 0.1257
0.6231, 0.1257
0.6231, 0.1257
0.6231, 0.1257
0.6231, 0.1257
0.6231, 0.1257
0.6231, 0.1257
0.6231, 0.1230
0.6231, 0.1230
0.6231, 0.1230
0.6231, 0.1203
0.6231, 0.1203
0.6231, 0.1203
0.6269, 0.1203
0.6269, 0.1203
0.6269, 0.1203
0.6269, 0.1176
0.6269, 0.1176
0.6269, 0.1176
0.6269, 0.1176
0.6269, 0.1176
0.6269, 0.1176
0.6308, 0.1176
0.6308, 0.1176
0.6308, 0.1176
0.6308, 0.1150
0.6308, 0.1150
0.6308, 0.1150
0.6308, 0.1150
0.6308, 0.1150
0.6308, 0.1150
0.6308, 0.1123
0.6308, 0.1123
0.6308, 0.1123
0.6308, 0.1123
0.6308, 0.1123
0.6308, 0.1123
0.6308, 0.1096
0.6308, 0.1096
0.6308, 0.1096
0.6308, 0.1070
0.6308, 0.1070
0.6308, 0.1070
0.6346, 0.1043
0.6346, 0.1043
0.6346, 0.1043
0.6346, 0.1043
0.6346, 0.1043
0.6346, 0.1043
0.6346, 0.1043
0.6346, 0.1043
0.6346, 0.1043
0.6346, 0.1016
0.6346, 0.1016
0.6346, 0.1016
0.6346, 0.0989
0.6346, 0.0989
0.6346, 0.0989
0.6346, 0.0989
0.6346, 0.0989
0.6346, 0.0989
0.6346, 0.0989
0.6346, 0.0989
0.6346, 0.0989
0.6346, 0.0989
0.6385, 0.0963
0.6385, 0.0963
0.6385, 0.0963
0.6385, 0.0963
0.6385, 0.0963
0.6385, 0.0963
0.6385, 0.0936
0.6385, 0.0936
0.6385, 0.0936
0.6385, 0.0936
0.6385, 0.0936
0.6385, 0.0936
0.6385, 0.0909
0.6385, 0.0909
0.6385, 0.0909
0.6385, 0.0909
0.6385, 0.0909
0.6385, 0.0909
0.6385, 0.0882
0.6385, 0.0882
0.6385, 0.0882
0.6385, 0.0882
0.6385, 0.0882
0.6385, 0.0882
0.6385, 0.0882
0.6385, 0.0856
0.6385, 0.0856
0.6385, 0.0856
0.6385, 0.0856
0.6385, 0.0856
0.6385, 0.0829
0.6385, 0.0829
0.6385, 0.0829
0.6385, 0.0802
0.6385, 0.0802
0.6385, 0.0802
0.6385, 0.0802
0.6385, 0.0802
0.6385, 0.0802
0.6385, 0.0802
0.6385, 0.0802
0.6385, 0.0802
0.6385, 0.0802
0.6385, 0.0775
0.6385, 0.0775
0.6385, 0.0775
0.6385, 0.0775
0.6385, 0.0775
0.6385, 0.0775
0.6385, 0.0749
0.6385, 0.0749
0.6385, 0.0749
0.6385, 0.0722
0.6385, 0.0722
0.6385, 0.0722
0.6385, 0.0722
0.6385, 0.0722
0.6385, 0.0722
0.6385, 0.0695
0.6385, 0.0695
0.6385, 0.0695
0.6385, 0.0695
0.6385, 0.0695
0.6385, 0.0695
0.6385, 0.0668
0.6385, 0.0668
0.6385, 0.0668
0.6423, 0.0668
0.6423, 0.0668
0.6423, 0.0668
0.6423, 0.0642
0.6423, 0.0642
0.6423, 0.0642
0.6423, 0.0615
0.6423, 0.0615
0.6423, 0.0615
0.6423, 0.0615
0.6423, 0.0615
0.6423, 0.0615
0.6423, 0.0588
0.6423, 0.0588
0.6423, 0.0588
0.6423, 0.0588
0.6423, 0.0588
0.6423, 0.0561
0.6423, 0.0561
0.6423, 0.0561
0.6462, 0.0535
0.6462, 0.0535
0.6462, 0.0535
0.6462, 0.0535
0.6462, 0.0535
0.6462, 0.0535
0.6462, 0.0535
0.6462, 0.0535
0.6462, 0.0535
0.6462, 0.0508
0.6462, 0.0508
0.6462, 0.0508
0.6500, 0.0481
0.6500, 0.0481
0.6500, 0.0481
0.6500, 0.0481
0.6500, 0.0481
0.6500, 0.0481
0.6500, 0.0481
0.6500, 0.0455
0.6500, 0.0455
0.6500, 0.0455
0.6500, 0.0455
0.6500, 0.0455
0.6500, 0.0455
0.6500, 0.0428
0.6500, 0.0428
0.6500, 0.0428
0.6500, 0.0401
0.6500, 0.0401
0.6500, 0.0401
0.6500, 0.0401
0.6500, 0.0401
0.6500, 0.0401
0.6538, 0.0401
0.6538, 0.0401
0.6538, 0.0374
0.6538, 0.0374
0.6538, 0.0374
0.6577, 0.0348
0.6577, 0.0348
0.6577, 0.0348
0.6577, 0.0321
0.6577, 0.0321
0.6577, 0.0321
0.6577, 0.0321
0.6577, 0.0321
0.6577, 0.0321
0.6577, 0.0321
0.6577, 0.0321
0.6577, 0.0321
0.6577, 0.0321
0.6577, 0.0321
0.6577, 0.0321
0.6577, 0.0294
0.6577, 0.0294
0.6577, 0.0294
0.6615, 0.0294
0.6615, 0.0294
0.6615, 0.0294
0.6615, 0.0267
0.6615, 0.0267
0.6615, 0.0267
0.6654, 0.0267
0.6654, 0.0267
0.6654, 0.0267
0.6654, 0.0267
0.6654, 0.0267
0.6654, 0.0267
0.6654, 0.0241
0.6654, 0.0241
0.6654, 0.0241
0.6654, 0.0214
0.6654, 0.0214
0.6654, 0.0214
0.6654, 0.0214
0.6654, 0.0214
0.6654, 0.0214
0.6654, 0.0187
0.6654, 0.0187
0.6654, 0.0187
0.6654, 0.0187
0.6654, 0.0187
0.6654, 0.0187
0.6692, 0.0187
0.6692, 0.0187
0.6692, 0.0187
0.6692, 0.0160
0.6692, 0.0160
0.6692, 0.0160
0.6692, 0.0160
0.6692, 0.0160
0.6692, 0.0160
0.6692, 0.0134
0.6692, 0.0134
0.6692, 0.0134
0.6692, 0.0134
0.6692, 0.0134
0.6692, 0.0134
0.6731, 0.0134
0.6731, 0.0134
0.6731, 0.0134
0.6731, 0.0134
0.6731, 0.0134
0.6731, 0.0134
0.6731, 0.0107
0.6731, 0.0107
0.6731, 0.0107
0.6731, 0.0107
0.6731, 0.0107
0.6731, 0.0107
0.6731, 0.0107
0.6731, 0.0107
0.6731, 0.0080
0.6731, 0.0080
0.6731, 0.0080
0.6731, 0.0080
0.6731, 0.0080
0.6731, 0.0080
0.6731, 0.0080
0.6731, 0.0080
0.6731, 0.0080
0.6731, 0.0080
0.6731, 0.0053
0.6731, 0.0053
0.6731, 0.0053
0.6731, 0.0053
0.6731, 0.0053
0.6731, 0.0053
0.6731, 0.0053
0.6731, 0.0053
0.6731, 0.0053
0.6731, 0.0053
0.6731, 0.0053
0.6731, 0.0053
0.6731, 0.0053
0.6731, 0.0053
0.6731, 0.0053
0.6731, 0.0053
0.6731, 0.0053
0.6731, 0.0053
0.6731, 0.0053
0.6731, 0.0053
0.6731, 0.0053
0.6769, 0.0027
0.6769, 0.0027
0.6769, 0.0027
0.6769, 0.0027
0.6769, 0.0027
0.6769, 0.0027
0.6769, 0.0027
0.6769, 0.0027
0.6769, 0.0027
0.6769, 0.0000
0.6769, 0.0000
0.6769, 0.0000
0.6769, 0.0000
0.6769, 0.0000
0.6769, 0.0000
0.6769, 0.0000
0.6769, 0.0000
0.6769, 0.0000
0.6769, 0.0000
0.6769, 0.0000
0.6769, 0.0000
0.6769, 0.0000
0.6769, 0.0000
0.6769, 0.0000
0.6769, 0.0000
0.6769, 0.0000
0.6769, 0.0000
0.6769, 0.0000
0.6769, 0.0000
0.6769, 0.0000
0.6769, 0.0000
0.6769, 0.0000
0.6769, 0.0000
0.6769, 0.0000
0.6769, 0.0000
0.6769, 0.0000
0.6769, 0.0000
0.6769, 0.0000
0.6769, 0.0000
0.6769, 0.0000
0.6769, 0.0000
0.6769, 0.0000
0.6769, 0.0000
0.6769, 0.0000
0.6769, 0.0000
0.6769, 0.0000
0.6769, 0.0000
0.6769, 0.0000
0.6769, 0.0000
0.6769, 0.0000
0.6769, 0.0000
0.6769, 0.0000
0.6769, 0.0000
0.6769, 0.0000
0.6769, 0.0000
0.6769, 0.0000
0.6769, 0.0000
0.6769, 0.0000
0.6769, 0.0000
0.6769, 0.0000
0.6769, 0.0000
0.6769, 0.0000
0.6769, 0.0000
0.6769, 0.0000
0.6769, 0.0000
0.6769, 0.0000
0.6769, 0.0000
0.6769, 0.0000
0.6769, 0.0000
0.6769, 0.0000
0.6769, 0.0000
0.6769, 0.0000
0.6769, 0.0000
0.6769, 0.0000
0.6808, 0.0000
0.0000, 1.0000
0.0000, 1.0000
0.0000, 1.0000
0.0000, 1.0000
0.0000, 1.0000
0.0000, 1.0000
0.0000, 1.0000
0.0000, 1.0000
0.0000, 1.0000
0.0000, 1.0000
0.0000, 1.0000
0.0000, 1.0000
0.0000, 1.0000
0.0000, 1.0000
0.0000, 1.0000
0.0000, 1.0000
0.0000, 1.0000
0.0000, 1.0000
0.0000, 1.0000
0.0000, 1.0000
0.0000, 1.0000
0.0000, 1.0000
0.0000, 1.0000
0.0000, 1.0000
0.0000, 1.0000
0.0000, 1.0000
0.0000, 1.0000
0.0000, 1.0000
0.0000, 1.0000
0.0000, 1.0000
0.0000, 1.0000
0.0000, 1.0000
0.0000, 1.0000
0.0000, 1.0000
0.0000, 1.0000
0.0000, 1.0000
0.0000, 1.0000
0.0000, 1.0000
0.0000, 1.0000
0.0000, 1.0000
