0.1384, 0.3966
0.1384, 0.3966
0.1384, 0.3966
0.1384, 0.3966
0.1384, 0.3966
0.1384, 0.3966
0.1384, 0.3966
0.1384, 0.3966
0.1384, 0.3966
0.1384, 0.3966
0.1384, 0.3966
0.1384, 0.3966
0.1384, 0.3966
0.1384, 0.3966
0.1384, 0.3966
0.1384, 0.3966
0.1384, 0.3966
0.1384, 0.3966
0.1384, 0.3966
0.1384, 0.3966
0.1384, 0.3966
0.1384, 0.3966
0.1384, 0.3966
0.1384, 0.3966
0.1384, 0.3966
0.1384, 0.3966
0.1384, 0.3966
0.1384, 0.3966
0.1384, 0.3966
0.1384, 0.3966
0.1384, 0.3966
0.1384, 0.3966
0.1384, 0.3966
0.1384, 0.3966
0.1384, 0.3966
0.1384, 0.3966
0.1384, 0.3966
0.1384, 0.3966
0.1384, 0.3966
0.1384, 0.3966
0.1384, 0.3966
0.1384, 0.3966
0.1384, 0.3966
0.1384, 0.3966
0.1384, 0.3966
0.1384, 0.3966
0.1384, 0.3966
0.1384, 0.3966
0.1384, 0.3966
0.1384, 0.3966
0.1384, 0.3966
0.1384, 0.3966
0.1384, 0.3966
0.1384, 0.3966
0.1429, 0.3966
0.1429, 0.3966
0.1429, 0.3966
0.1429, 0.3966
0.1518, 0.3966
0.1518, 0.3966
0.1518, 0.3966
0.1518, 0.3966
0.1518, 0.3966
0.1518, 0.3966
0.1518, 0.3966
0.1518, 0.3966
0.1518, 0.3966
0.1563, 0.3966
0.1563, 0.3966
0.1563, 0.3966
0.1563, 0.3966
0.1607, 0.3966
0.1607, 0.3966
0.1607, 0.3966
0.1607, 0.3966
0.1652, 0.3966
0.1652, 0.3966
0.1652, 0.3966
0.1652, 0.3966
0.1696, 0.3966
0.1696, 0.3966
0.1696, 0.3966
0.1696, 0.3966
0.1696, 0.3966
0.1741, 0.3966
0.1741, 0.3966
0.1741, 0.3966
0.1741, 0.3966
0.1741, 0.3966
0.1741, 0.3966
0.1741, 0.3966
0.1741, 0.3966
0.1830, 0.3966
0.1830, 0.3966
0.1830, 0.3966
0.1830, 0.3966
0.1875, 0.3966
0.1875, 0.3966
0.1875, 0.3966
0.1875, 0.3966
0.1875, 0.3966
0.1875, 0.3966
0.1875, 0.3966
0.1875, 0.3966
0.1920, 0.3966
0.1920, 0.3966
0.1920, 0.3966
0.1920, 0.3966
0.2009, 0.3966
0.2009, 0.3966
0.2009, 0.3966
0.2009, 0.3966
0.2009, 0.3966
0.2009, 0.3966
0.2009, 0.3966
0.2009, 0.3966
0.2054, 0.3966
0.2054, 0.3966
0.2054, 0.3966
0.2054, 0.3966
0.2098, 0.3966
0.2098, 0.3966
0.2098, 0.3966
0.2098, 0.3966
0.2098, 0.3966
0.2098, 0.3966
0.2098, 0.3966
0.2098, 0.3966
0.2098, 0.3966
0.2143, 0.3966
0.2143, 0.3966
0.2143, 0.3966
0.2143, 0.3966
0.2187, 0.3966
0.2187, 0.3966
0.2187, 0.3966
0.2187, 0.3966
0.2232, 0.3966
0.2232, 0.3966
0.2232, 0.3966
0.2232, 0.3966
0.2232, 0.3966
0.2232, 0.3966
0.2232, 0.3966
0.2232, 0.3966
0.2232, 0.3966
0.2277, 0.3966
0.2277, 0.3966
0.2277, 0.3966
0.2277, 0.3966
0.2321, 0.3966
0.2321, 0.3966
0.2321, 0.3966
0.2321, 0.3966
0.2321, 0.3966
0.2321, 0.3966
0.2321, 0.3966
0.2321, 0.3966
0.2366, 0.3966
0.2366, 0.3966
0.2366, 0.3966
0.2366, 0.3966
0.2411, 0.3966
0.2411, 0.3966
0.2411, 0.3966
0.2411, 0.3966
0.2455, 0.3966
0.2455, 0.3966
0.2455, 0.3966
0.2455, 0.3966
0.2455, 0.3966
0.2455, 0.3966
0.2455, 0.3966
0.2455, 0.3966
0.2455, 0.3966
0.2455, 0.3966
0.2455, 0.3966
0.2455, 0.3966
0.2455, 0.3966
0.2500, 0.3966
0.2500, 0.3966
0.2500, 0.3966
0.2500, 0.3966
0.2545, 0.3966
0.2545, 0.3966
0.2545, 0.3966
0.2545, 0.3966
0.2545, 0.3966
0.2545, 0.3966
0.2545, 0.3966
0.2545, 0.3966
0.2545, 0.3966
0.2589, 0.3966
0.2589, 0.3966
0.2589, 0.3966
0.2634, 0.3966
0.2634, 0.3966
0.2634, 0.3966
0.2634, 0.3966
0.2634, 0.3966
0.2679, 0.3966
0.2679, 0.3966
0.2679, 0.3966
0.2679, 0.3966
0.2679, 0.3966
0.2679, 0.3966
0.2679, 0.3966
0.2679, 0.3966
0.2723, 0.3966
0.2723, 0.3966
0.2723, 0.3966
0.2723, 0.3966
0.2768, 0.3966
0.2768, 0.3966
0.2768, 0.3966
0.2768, 0.3966
0.2812, 0.3966
0.2812, 0.3966
0.2812, 0.3966
0.2812, 0.3966
0.2857, 0.3966
0.2857, 0.3966
0.2857, 0.3966
0.2857, 0.3966
0.2902, 0.3966
0.2902, 0.3966
0.2902, 0.3966
0.2902, 0.3966
0.2902, 0.3966
0.2946, 0.3966
0.2946, 0.3966
0.2946, 0.3966
0.2946, 0.3966
0.2991, 0.3994
0.2991, 0.3994
0.2991, 0.3994
0.2991, 0.3994
0.2991, 0.3994
0.2991, 0.3994
0.2991, 0.3994
0.2991, 0.3994
0.3036, 0.3994
0.3036, 0.3994
0.3036, 0.3994
0.3036, 0.3994
0.3036, 0.3994
0.3036, 0.3994
0.3036, 0.3994
0.3036, 0.3994
0.3080, 0.3994
0.3080, 0.3994
0.3080, 0.3994
0.3080, 0.3994
0.3080, 0.3994
0.3080, 0.3994
0.3080, 0.3994
0.3080, 0.3994
0.3080, 0.3994
0.3125, 0.3994
0.3125, 0.3994
0.3125, 0.3994
0.3125, 0.3994
0.3125, 0.3994
0.3125, 0.3994
0.3125, 0.3994
0.3125, 0.3994
0.3125, 0.3994
0.3125, 0.3994
0.3125, 0.3994
0.3125, 0.3994
0.3125, 0.3994
0.3125, 0.3994
0.3125, 0.3994
0.3125, 0.3994
0.3125, 0.3994
0.3125, 0.3994
0.3125, 0.3994
0.3125, 0.3994
0.3125, 0.3994
0.3125, 0.3994
0.3125, 0.3994
0.3125, 0.3994
0.3125, 0.3994
0.3125, 0.3994
0.3125, 0.3994
0.3125, 0.3994
0.3125, 0.3994
0.3125, 0.3994
0.3125, 0.3994
0.3125, 0.3994
0.3125, 0.3994
0.3125, 0.3994
0.3125, 0.3994
0.3125, 0.3994
0.3125, 0.3994
0.3125, 0.3994
0.3125, 0.3994
0.3125, 0.3994
0.3125, 0.3994
0.3125, 0.3994
0.3125, 0.3994
0.3170, 0.3994
0.3170, 0.3994
0.3170, 0.3994
0.3170, 0.3994
0.3170, 0.3966
0.3170, 0.3966
0.3170, 0.3966
0.3170, 0.3966
0.3170, 0.3966
0.3170, 0.3966
0.3170, 0.3966
0.3170, 0.3966
0.3170, 0.3966
0.3214, 0.3938
0.3214, 0.3938
0.3214, 0.3938
0.3214, 0.3938
0.3214, 0.3938
0.3214, 0.3938
0.3214, 0.3938
0.3214, 0.3938
0.3214, 0.3938
0.3214, 0.3938
0.3214, 0.3938
0.3214, 0.3938
0.3214, 0.3938
0.3214, 0.3938
0.3214, 0.3938
0.3214, 0.3938
0.3259, 0.3909
0.3259, 0.3909
0.3259, 0.3909
0.3259, 0.3909
0.3259, 0.3881
0.3259, 0.3881
0.3259, 0.3881
0.3259, 0.3881
0.3259, 0.3881
0.3259, 0.3881
0.3259, 0.3881
0.3259, 0.3881
0.3259, 0.3881
0.3259, 0.3881
0.3259, 0.3881
0.3259, 0.3881
0.3259, 0.3881
0.3259, 0.3853
0.3259, 0.3853
0.3259, 0.3853
0.3259, 0.3853
0.3259, 0.3824
0.3259, 0.3824
0.3259, 0.3824
0.3259, 0.3796
0.3259, 0.3796
0.3259, 0.3796
0.3259, 0.3796
0.3259, 0.3796
0.3259, 0.3796
0.3259, 0.3796
0.3259, 0.3796
0.3259, 0.3796
0.3259, 0.3768
0.3259, 0.3768
0.3259, 0.3768
0.3259, 0.3768
0.3304, 0.3739
0.3304, 0.3739
0.3304, 0.3739
0.3304, 0.3739
0.3304, 0.3739
0.3304, 0.3739
0.3304, 0.3739
0.3304, 0.3739
0.3304, 0.3711
0.3304, 0.3711
0.3304, 0.3711
0.3304, 0.3711
0.3304, 0.3683
0.3304, 0.3683
0.3304, 0.3683
0.3304, 0.3683
0.3304, 0.3654
0.3304, 0.3654
0.3304, 0.3654
0.3304, 0.3654
0.3304, 0.3626
0.3304, 0.3626
0.3304, 0.3626
0.3304, 0.3598
0.3304, 0.3598
0.3304, 0.3598
0.3304, 0.3598
0.3304, 0.3598
0.3304, 0.3598
0.3304, 0.3598
0.3304, 0.3598
0.3304, 0.3598
0.3304, 0.3569
0.3304, 0.3569
0.3304, 0.3569
0.3304, 0.3569
0.3304, 0.3541
0.3304, 0.3541
0.3304, 0.3541
0.3304, 0.3513
0.3304, 0.3513
0.3304, 0.3513
0.3304, 0.3513
0.3304, 0.3484
0.3304, 0.3484
0.3304, 0.3484
0.3304, 0.3484
0.3304, 0.3456
0.3304, 0.3456
0.3304, 0.3456
0.3304, 0.3456
0.3304, 0.3428
0.3304, 0.3428
0.3304, 0.3428
0.3304, 0.3399
0.3304, 0.3399
0.3304, 0.3399
0.3304, 0.3399
0.3304, 0.3371
0.3304, 0.3371
0.3304, 0.3371
0.3304, 0.3371
0.3304, 0.3343
0.3304, 0.3343
0.3304, 0.3343
0.3304, 0.3343
0.3304, 0.3314
0.3304, 0.3314
0.3304, 0.3314
0.3304, 0.3314
0.3304, 0.3286
0.3304, 0.3286
0.3304, 0.3286
0.3304, 0.3258
0.3304, 0.3258
0.3304, 0.3258
0.3304, 0.3258
0.3304, 0.3229
0.3304, 0.3229
0.3304, 0.3229
0.3304, 0.3229
0.3304, 0.3201
0.3304, 0.3201
0.3304, 0.3201
0.3304, 0.3201
0.3304, 0.3173
0.3304, 0.3173
0.3304, 0.3173
0.3304, 0.3173
0.3304, 0.3144
0.3304, 0.3144
0.3304, 0.3144
0.3304, 0.3116
0.3304, 0.3116
0.3304, 0.3116
0.3304, 0.3116
0.3304, 0.3116
0.3304, 0.3116
0.3304, 0.3116
0.3304, 0.3116
0.3304, 0.3116
0.3304, 0.3088
0.3304, 0.3088
0.3304, 0.3088
0.3304, 0.3059
0.3304, 0.3059
0.3304, 0.3059
0.3304, 0.3059
0.3259, 0.3059
0.3259, 0.3059
0.3259, 0.3059
0.3259, 0.3031
0.3259, 0.3031
0.3259, 0.3031
0.3259, 0.3031
0.3259, 0.3003
0.3259, 0.3003
0.3259, 0.3003
0.3259, 0.3003
0.3259, 0.3003
0.3259, 0.3003
0.3259, 0.3003
0.3259, 0.3003
0.3259, 0.2975
0.3259, 0.2975
0.3259, 0.2975
0.3259, 0.2975
0.3259, 0.2975
0.3259, 0.2975
0.3259, 0.2975
0.3259, 0.2975
0.3259, 0.2946
0.3259, 0.2946
0.3259, 0.2946
0.3259, 0.2946
0.3259, 0.2946
0.3259, 0.2946
0.3259, 0.2946
0.3259, 0.2946
0.3259, 0.2918
0.3259, 0.2918
0.3259, 0.2918
0.3259, 0.2918
0.3259, 0.2890
0.3259, 0.2890
0.3259, 0.2890
0.3259, 0.2890
0.3259, 0.2890
0.3259, 0.2890
0.3259, 0.2890
0.3259, 0.2890
0.3259, 0.2861
0.3259, 0.2861
0.3259, 0.2861
0.3259, 0.2861
0.3259, 0.2833
0.3259, 0.2833
0.3259, 0.2833
0.3259, 0.2833
0.3259, 0.2833
0.3259, 0.2833
0.3259, 0.2833
0.3259, 0.2833
0.3259, 0.2805
0.3259, 0.2805
0.3259, 0.2805
0.3259, 0.2805
0.3259, 0.2805
0.3259, 0.2805
0.3259, 0.2805
0.3259, 0.2805
0.3259, 0.2776
0.3259, 0.2776
0.3259, 0.2776
0.3259, 0.2776
0.3259, 0.2776
0.3259, 0.2776
0.3259, 0.2776
0.3259, 0.2748
0.3259, 0.2748
0.3259, 0.2748
0.3259, 0.2748
0.3259, 0.2720
0.3259, 0.2720
0.3259, 0.2720
0.3259, 0.2720
0.3259, 0.2720
0.3259, 0.2720
0.3259, 0.2720
0.3259, 0.2720
0.3259, 0.2691
0.3259, 0.2691
0.3259, 0.2691
0.3259, 0.2691
0.3259, 0.2691
0.3259, 0.2691
0.3259, 0.2691
0.3259, 0.2663
0.3259, 0.2663
0.3259, 0.2663
0.3259, 0.2663
0.3259, 0.2635
0.3259, 0.2635
0.3259, 0.2635
0.3259, 0.2635
0.3259, 0.2635
0.3259, 0.2635
0.3259, 0.2635
0.3259, 0.2635
0.3259, 0.2635
0.3259, 0.2635
0.3259, 0.2635
0.3259, 0.2635
0.3259, 0.2606
0.3259, 0.2606
0.3259, 0.2606
0.3259, 0.2606
0.3259, 0.2578
0.3259, 0.2578
0.3259, 0.2578
0.3259, 0.2550
0.3259, 0.2550
0.3259, 0.2550
0.3259, 0.2550
0.3259, 0.2550
0.3259, 0.2550
0.3259, 0.2550
0.3259, 0.2521
0.3259, 0.2521
0.3259, 0.2521
0.3259, 0.2521
0.3259, 0.2465
0.3259, 0.2465
0.3259, 0.2465
0.3259, 0.2465
0.3259, 0.2465
0.3259, 0.2465
0.3259, 0.2465
0.3259, 0.2465
0.3259, 0.2436
0.3259, 0.2436
0.3259, 0.2436
0.3259, 0.2408
0.3259, 0.2408
0.3259, 0.2408
0.3259, 0.2408
0.3259, 0.2408
0.3259, 0.2408
0.3259, 0.2408
0.3259, 0.2408
0.3259, 0.2408
0.3259, 0.2408
0.3259, 0.2380
0.3259, 0.2380
0.3259, 0.2380
0.3259, 0.2380
0.3259, 0.2351
0.3259, 0.2351
0.3259, 0.2351
0.3259, 0.2351
0.3259, 0.2351
0.3259, 0.2351
0.3259, 0.2351
0.3259, 0.2351
0.3259, 0.2351
0.3259, 0.2351
0.3259, 0.2351
0.3259, 0.2351
0.3259, 0.2323
0.3259, 0.2323
0.3259, 0.2323
0.3259, 0.2295
0.3259, 0.2295
0.3259, 0.2295
0.3259, 0.2295
0.3259, 0.2266
0.3259, 0.2266
0.3259, 0.2266
0.3259, 0.2266
0.3259, 0.2266
0.3259, 0.2266
0.3259, 0.2266
0.3259, 0.2238
0.3259, 0.2238
0.3259, 0.2238
0.3259, 0.2238
0.3259, 0.2210
0.3259, 0.2210
0.3259, 0.2210
0.3259, 0.2210
0.3259, 0.2210
0.3259, 0.2210
0.3259, 0.2210
0.3259, 0.2210
0.3259, 0.2210
0.3259, 0.2210
0.3259, 0.2210
0.3259, 0.2181
0.3259, 0.2181
0.3259, 0.2181
0.3259, 0.2153
0.3259, 0.2153
0.3259, 0.2153
0.3259, 0.2153
0.3259, 0.2125
0.3259, 0.2125
0.3259, 0.2125
0.3259, 0.2125
0.3259, 0.2125
0.3259, 0.2125
0.3259, 0.2125
0.3259, 0.2096
0.3259, 0.2096
0.3259, 0.2096
0.3259, 0.2096
0.3259, 0.2068
0.3259, 0.2068
0.3259, 0.2068
0.3259, 0.2068
0.3259, 0.2068
0.3259, 0.2068
0.3259, 0.2068
0.3259, 0.2040
0.3259, 0.2040
0.3259, 0.2040
0.3259, 0.2040
0.3259, 0.2011
0.3259, 0.2011
0.3259, 0.2011
0.3259, 0.1983
0.3259, 0.1983
0.3259, 0.1983
0.3259, 0.1983
0.3259, 0.1955
0.3259, 0.1955
0.3259, 0.1955
0.3259, 0.1955
0.3259, 0.1898
0.3259, 0.1898
0.3259, 0.1898
0.3259, 0.1898
0.3259, 0.1898
0.3259, 0.1898
0.3259, 0.1898
0.3259, 0.1841
0.3259, 0.1841
0.3259, 0.1841
0.3259, 0.1813
0.3259, 0.1813
0.3259, 0.1813
0.3259, 0.1813
0.3259, 0.1813
0.3259, 0.1813
0.3259, 0.1813
0.3259, 0.1813
0.3304, 0.1785
0.3304, 0.1785
0.3304, 0.1785
0.3304, 0.1785
0.3304, 0.1785
0.3304, 0.1785
0.3304, 0.1785
0.3304, 0.1785
0.3304, 0.1756
0.3304, 0.1756
0.3304, 0.1756
0.3304, 0.1756
0.3304, 0.1756
0.3304, 0.1756
0.3304, 0.1756
0.3304, 0.1728
0.3304, 0.1728
0.3304, 0.1728
0.3304, 0.1728
0.3304, 0.1700
0.3304, 0.1700
0.3304, 0.1700
0.3304, 0.1700
0.3304, 0.1700
0.3304, 0.1700
0.3304, 0.1700
0.3304, 0.1700
0.3304, 0.1700
0.3304, 0.1700
0.3304, 0.1700
0.3304, 0.1671
0.3304, 0.1671
0.3304, 0.1671
0.3304, 0.1671
0.3304, 0.1671
0.3304, 0.1671
0.3304, 0.1671
0.3304, 0.1671
0.3304, 0.1671
0.3304, 0.1671
0.3304, 0.1671
0.3304, 0.1671
0.3304, 0.1671
0.3304, 0.1671
0.3304, 0.1671
0.3304, 0.1671
0.3304, 0.1671
0.3304, 0.1671
0.3304, 0.1671
0.3304, 0.1671
0.3304, 0.1671
0.3304, 0.1671
0.3304, 0.1671
0.3304, 0.1671
0.3304, 0.1671
0.3304, 0.1671
0.3304, 0.1671
0.3304, 0.1671
0.3304, 0.1671
0.3304, 0.1671
0.3304, 0.1643
0.3304, 0.1643
0.3304, 0.1643
0.3304, 0.1643
0.3304, 0.1643
0.3304, 0.1643
0.3304, 0.1643
0.3304, 0.1643
0.3304, 0.1643
0.3304, 0.1643
0.3304, 0.1643
0.3304, 0.1643
0.3304, 0.1615
0.3304, 0.1615
0.3304, 0.1615
0.3304, 0.1615
0.3304, 0.1615
0.3304, 0.1615
0.3304, 0.1615
0.3304, 0.1615
0.3304, 0.1615
0.3304, 0.1615
0.3304, 0.1615
0.3304, 0.1615
0.3304, 0.1615
0.3304, 0.1615
0.3304, 0.1615
0.3304, 0.1586
0.3304, 0.1586
0.3304, 0.1586
0.3304, 0.1586
0.3304, 0.1586
0.3304, 0.1586
0.3304, 0.1586
0.3304, 0.1558
0.3304, 0.1558
0.3304, 0.1558
0.3304, 0.1558
0.3304, 0.1558
0.3304, 0.1558
0.3304, 0.1558
0.3304, 0.1558
0.3304, 0.1530
0.3304, 0.1530
0.3304, 0.1530
0.3304, 0.1530
0.3304, 0.1530
0.3304, 0.1530
0.3304, 0.1530
0.3304, 0.1530
0.3304, 0.1530
0.3304, 0.1530
0.3304, 0.1530
0.3304, 0.1501
0.3304, 0.1501
0.3304, 0.1501
0.3304, 0.1473
0.3304, 0.1473
0.3304, 0.1473
0.3304, 0.1473
0.3304, 0.1473
0.3304, 0.1473
0.3304, 0.1473
0.3304, 0.1473
0.3304, 0.1445
0.3304, 0.1445
0.3304, 0.1445
0.3304, 0.1416
0.3304, 0.1416
0.3304, 0.1416
0.3304, 0.1416
0.3304, 0.1416
0.3304, 0.1416
0.3304, 0.1416
0.3304, 0.1388
0.3304, 0.1388
0.3304, 0.1388
0.3304, 0.1388
0.3304, 0.1388
0.3304, 0.1388
0.3304, 0.1388
0.3304, 0.1388
0.3304, 0.1360
0.3304, 0.1360
0.3304, 0.1360
0.3304, 0.1331
0.3304, 0.1331
0.3304, 0.1331
0.3304, 0.1331
0.3304, 0.1331
0.3304, 0.1331
0.3304, 0.1331
0.3304, 0.1303
0.3304, 0.1303
0.3304, 0.1303
0.3304, 0.1303
0.3304, 0.1275
0.3304, 0.1275
0.3304, 0.1275
0.3304, 0.1246
0.3304, 0.1246
0.3304, 0.1246
0.3304, 0.1246
0.3304, 0.1246
0.3304, 0.1246
0.3304, 0.1246
0.3304, 0.1218
0.3304, 0.1218
0.3304, 0.1218
0.3304, 0.1190
0.3304, 0.1190
0.3304, 0.1190
0.3304, 0.1190
0.3304, 0.1190
0.3304, 0.1190
0.3304, 0.1190
0.3304, 0.1161
0.3304, 0.1161
0.3304, 0.1161
0.3304, 0.1161
0.3304, 0.1133
0.3304, 0.1133
0.3304, 0.1133
0.3304, 0.1105
0.3304, 0.1105
0.3304, 0.1105
0.3304, 0.1105
0.3304, 0.1105
0.3304, 0.1105
0.3304, 0.1105
0.3304, 0.1076
0.3304, 0.1076
0.3304, 0.1076
0.3304, 0.1048
0.3304, 0.1048
0.3304, 0.1048
0.3304, 0.1048
0.3304, 0.1048
0.3304, 0.1048
0.3304, 0.1048
0.3304, 0.1048
0.3304, 0.1020
0.3304, 0.1020
0.3304, 0.1020
0.3304, 0.0992
0.3304, 0.0992
0.3304, 0.0992
0.3304, 0.0992
0.3304, 0.0992
0.3304, 0.0992
0.3304, 0.0992
0.3304, 0.0963
0.3304, 0.0963
0.3304, 0.0963
0.3304, 0.0963
0.3304, 0.0935
0.3304, 0.0935
0.3304, 0.0935
0.3304, 0.0907
0.3304, 0.0907
0.3304, 0.0907
0.3304, 0.0907
0.3304, 0.0907
0.3304, 0.0907
0.3304, 0.0907
0.3304, 0.0878
0.3304, 0.0878
0.3304, 0.0878
0.3304, 0.0850
0.3304, 0.0850
0.3304, 0.0850
0.3304, 0.0850
0.3304, 0.0850
0.3304, 0.0850
0.3304, 0.0850
0.3304, 0.0822
0.3304, 0.0822
0.3304, 0.0822
0.3304, 0.0822
0.3259, 0.0793
0.3259, 0.0793
0.3259, 0.0793
0.3259, 0.0765
0.3259, 0.0765
0.3259, 0.0765
0.3259, 0.0765
0.3259, 0.0765
0.3259, 0.0765
0.3259, 0.0765
0.3259, 0.0737
0.3259, 0.0737
0.3259, 0.0737
0.3259, 0.0708
0.3259, 0.0708
0.3259, 0.0708
0.3259, 0.0708
0.3259, 0.0708
0.3259, 0.0708
0.3259, 0.0680
0.3259, 0.0680
0.3259, 0.0680
0.3259, 0.0680
0.3259, 0.0652
0.3259, 0.0652
0.3259, 0.0652
0.3259, 0.0623
0.3259, 0.0623
0.3259, 0.0623
0.3259, 0.0623
0.3259, 0.0623
0.3259, 0.0623
0.3259, 0.0623
0.3259, 0.0595
0.3259, 0.0595
0.3259, 0.0595
0.3259, 0.0595
0.3259, 0.0567
0.3259, 0.0567
0.3259, 0.0567
0.3259, 0.0567
0.3259, 0.0567
0.3259, 0.0567
0.3259, 0.0567
0.3259, 0.0567
0.3259, 0.0567
0.3259, 0.0567
0.3259, 0.0567
0.3259, 0.0538
0.3259, 0.0538
0.3259, 0.0538
0.3259, 0.0510
0.3259, 0.0510
0.3259, 0.0510
0.3259, 0.0482
0.3259, 0.0482
0.3259, 0.0482
0.3259, 0.0482
0.3259, 0.0482
0.3259, 0.0482
0.3259, 0.0482
0.3259, 0.0482
0.3259, 0.0482
0.3259, 0.0482
0.3259, 0.0482
0.3259, 0.0453
0.3259, 0.0453
0.3259, 0.0453
0.3259, 0.0425
0.3259, 0.0425
0.3259, 0.0425
0.3259, 0.0425
0.3259, 0.0425
0.3259, 0.0425
0.3259, 0.0425
0.3259, 0.0425
0.3259, 0.0425
0.3259, 0.0425
0.3259, 0.0397
0.3259, 0.0397
0.3259, 0.0397
0.3259, 0.0397
0.3259, 0.0397
0.3259, 0.0397
0.3259, 0.0397
0.3259, 0.0368
0.3259, 0.0368
0.3259, 0.0368
0.3259, 0.0368
0.3259, 0.0368
0.3259, 0.0368
0.3259, 0.0368
0.3259, 0.0340
0.3259, 0.0340
0.3259, 0.0340
0.3259, 0.0340
0.3259, 0.0340
0.3259, 0.0340
0.3259, 0.0340
0.3259, 0.0340
0.3259, 0.0340
0.3259, 0.0340
0.3259, 0.0340
0.3259, 0.0340
0.3259, 0.0340
0.3259, 0.0312
0.3259, 0.0312
0.3259, 0.0312
0.3259, 0.0312
0.3259, 0.0312
0.3259, 0.0312
0.3259, 0.0312
0.3259, 0.0312
0.3259, 0.0312
0.3259, 0.0312
0.3259, 0.0312
0.3259, 0.0283
0.3259, 0.0283
0.3259, 0.0283
0.3259, 0.0283
0.3259, 0.0283
0.3259, 0.0283
0.3259, 0.0283
0.3259, 0.0283
0.3259, 0.0283
0.3259, 0.0283
0.3259, 0.0283
0.3259, 0.0283
0.3259, 0.0283
0.3259, 0.0283
0.3259, 0.0283
0.3259, 0.0283
0.3259, 0.0283
0.3259, 0.0283
0.3259, 0.0255
0.3259, 0.0255
0.3259, 0.0255
0.3259, 0.0255
0.3259, 0.0255
0.3259, 0.0255
0.3259, 0.0255
0.3259, 0.0227
0.3259, 0.0227
0.3259, 0.0227
0.3259, 0.0227
0.3259, 0.0227
0.3259, 0.0227
0.3259, 0.0227
0.3259, 0.0198
0.3259, 0.0198
0.3259, 0.0198
0.3259, 0.0198
0.3259, 0.0198
0.3259, 0.0198
0.3259, 0.0198
0.3259, 0.0198
0.3259, 0.0198
0.3259, 0.0198
0.3259, 0.0198
0.3259, 0.0198
0.3259, 0.0198
0.3259, 0.0198
0.3259, 0.0198
0.3259, 0.0198
0.3259, 0.0198
0.3259, 0.0170
0.3259, 0.0170
0.3259, 0.0170
0.3259, 0.0170
0.3259, 0.0170
0.3259, 0.0170
0.3259, 0.0170
0.3259, 0.0170
0.3259, 0.0170
0.3259, 0.0170
0.3259, 0.0170
0.3259, 0.0142
0.3259, 0.0142
0.3259, 0.0142
0.3259, 0.0142
0.3259, 0.0142
0.3259, 0.0142
0.3259, 0.0142
0.3259, 0.0142
0.3259, 0.0142
0.3259, 0.0142
0.3259, 0.0142
0.3259, 0.0142
0.3259, 0.0142
0.3259, 0.0142
0.3259, 0.0142
0.3259, 0.0142
0.3259, 0.0142
0.3259, 0.0142
0.3259, 0.0142
0.3259, 0.0142
0.3259, 0.0142
0.3259, 0.0113
0.3259, 0.0113
0.3259, 0.0113
0.3259, 0.0113
0.3259, 0.0113
0.3259, 0.0113
0.3259, 0.0113
0.3259, 0.0113
0.3259, 0.0113
0.3259, 0.0113
0.3259, 0.0113
0.3259, 0.0113
0.3259, 0.0113
0.3259, 0.0113
0.3259, 0.0113
0.3259, 0.0113
0.3259, 0.0113
0.3259, 0.0113
0.3259, 0.0113
0.3259, 0.0113
0.3259, 0.0113
0.3259, 0.0113
0.3259, 0.0085
0.3259, 0.0085
0.3259, 0.0085
0.3259, 0.0085
0.3259, 0.0085
0.3259, 0.0085
0.3259, 0.0085
0.3259, 0.0085
0.3259, 0.0085
0.3259, 0.0085
0.3259, 0.0085
0.3259, 0.0085
0.3259, 0.0085
0.3259, 0.0085
0.3259, 0.0085
0.3259, 0.0085
0.3259, 0.0085
0.3259, 0.0085
0.3259, 0.0085
0.3259, 0.0085
0.3259, 0.0085
0.3259, 0.0085
0.3259, 0.0085
0.3259, 0.0085
0.3259, 0.0085
0.3259, 0.0085
0.3259, 0.0085
0.3259, 0.0085
0.3259, 0.0085
0.3259, 0.0085
0.3259, 0.0085
0.3259, 0.0085
0.3259, 0.0085
0.3259, 0.0085
0.3259, 0.0085
0.3259, 0.0085
0.3259, 0.0085
0.3259, 0.0085
0.3259, 0.0085
0.3259, 0.0085
0.3259, 0.0085
0.3259, 0.0085
0.3259, 0.0085
0.3259, 0.0085
0.3259, 0.0085
0.3259, 0.0085
0.3259, 0.0085
0.3259, 0.0085
0.3259, 0.0085
0.3259, 0.0085
0.3259, 0.0085
0.3259, 0.0085
0.3259, 0.0085
0.3259, 0.0085
0.3259, 0.0085
0.3259, 0.0085
0.3259, 0.0085
0.3259, 0.0085
0.3259, 0.0085
0.3259, 0.0085
0.3259, 0.0085
0.3259, 0.0085
0.3259, 0.0085
0.3259, 0.0085
0.3259, 0.0085
0.3259, 0.0085
0.3259, 0.0085
0.3259, 0.0085
0.3259, 0.0085
0.3259, 0.0085
0.3259, 0.0085
0.3259, 0.0085
0.3259, 0.0085
0.3259, 0.0085
0.3259, 0.0085
0.3259, 0.0085
0.3259, 0.0085
0.3259, 0.0085
0.3259, 0.0085
0.3259, 0.0085
0.3259, 0.0085
0.3259, 0.0085
0.3259, 0.0113
0.3259, 0.0113
0.3259, 0.0113
0.3259, 0.0113
0.3259, 0.0113
0.3259, 0.0113
0.3259, 0.0113
0.3259, 0.0113
0.3259, 0.0113
0.3259, 0.0113
0.3259, 0.0113
0.3259, 0.0113
0.3259, 0.0113
0.3259, 0.0113
0.3304, 0.0113
0.3304, 0.0113
0.3304, 0.0113
0.3304, 0.0113
0.3304, 0.0113
0.3304, 0.0113
0.3304, 0.0113
0.3304, 0.0113
0.3304, 0.0113
0.3304, 0.0113
0.3304, 0.0142
0.3304, 0.0142
0.3304, 0.0142
0.3304, 0.0142
0.3304, 0.0142
0.3304, 0.0142
0.3304, 0.0142
0.3348, 0.0142
0.3348, 0.0142
0.3348, 0.0142
0.3348, 0.0170
0.3348, 0.0170
0.3348, 0.0170
0.3348, 0.0170
0.3348, 0.0170
0.3348, 0.0170
0.3348, 0.0170
0.3348, 0.0170
0.3348, 0.0170
0.3348, 0.0170
0.3348, 0.0170
0.3348, 0.0170
0.3348, 0.0170
0.3348, 0.0170
0.3348, 0.0170
0.3348, 0.0170
0.3348, 0.0170
0.3348, 0.0170
0.3348, 0.0170
0.3348, 0.0170
0.3348, 0.0198
0.3348, 0.0198
0.3348, 0.0198
0.3393, 0.0198
0.3393, 0.0198
0.3393, 0.0198
0.3393, 0.0198
0.3393, 0.0227
0.3393, 0.0227
0.3393, 0.0227
0.3393, 0.0227
0.3393, 0.0227
0.3393, 0.0227
0.3438, 0.0227
0.3438, 0.0227
0.3438, 0.0227
0.3438, 0.0227
0.3438, 0.0255
0.3438, 0.0255
0.3438, 0.0255
0.3438, 0.0255
0.3438, 0.0255
0.3438, 0.0255
0.3438, 0.0255
0.3438, 0.0255
0.3438, 0.0255
0.3438, 0.0255
0.3438, 0.0255
0.3438, 0.0255
0.3438, 0.0255
0.3438, 0.0255
0.3438, 0.0255
0.3438, 0.0255
0.3438, 0.0255
0.3438, 0.0255
0.3438, 0.0255
0.3438, 0.0255
0.3482, 0.0283
0.3482, 0.0283
0.3482, 0.0283
0.3482, 0.0283
0.3482, 0.0283
0.3482, 0.0283
0.3482, 0.0283
0.3482, 0.0312
0.3482, 0.0312
0.3482, 0.0312
0.3527, 0.0312
0.3527, 0.0312
0.3527, 0.0312
0.3527, 0.0312
0.3527, 0.0312
0.3527, 0.0312
0.3527, 0.0312
0.3527, 0.0312
0.3527, 0.0312
0.3527, 0.0312
0.3571, 0.0340
0.3571, 0.0340
0.3571, 0.0340
0.3571, 0.0340
0.3571, 0.0340
0.3571, 0.0340
0.3571, 0.0340
0.3571, 0.0340
0.3571, 0.0340
0.3571, 0.0340
0.3571, 0.0368
0.3571, 0.0368
0.3571, 0.0368
0.3571, 0.0368
0.3571, 0.0397
0.3571, 0.0397
0.3571, 0.0397
0.3571, 0.0397
0.3571, 0.0397
0.3571, 0.0397
0.3571, 0.0397
0.3571, 0.0397
0.3616, 0.0397
0.3616, 0.0397
0.3616, 0.0397
0.3616, 0.0425
0.3616, 0.0425
0.3616, 0.0425
0.3616, 0.0425
0.3616, 0.0425
0.3616, 0.0425
0.3616, 0.0425
0.3616, 0.0425
0.3616, 0.0425
0.3616, 0.0425
0.3661, 0.0453
0.3661, 0.0453
0.3661, 0.0453
0.3661, 0.0453
0.3661, 0.0453
0.3661, 0.0453
0.3661, 0.0453
0.3661, 0.0453
0.3661, 0.0453
0.3661, 0.0453
0.3661, 0.0453
0.3661, 0.0453
0.3661, 0.0453
0.3661, 0.0453
0.3661, 0.0453
0.3661, 0.0453
0.3661, 0.0453
0.3661, 0.0453
0.3661, 0.0453
0.3661, 0.0453
0.3661, 0.0482
0.3661, 0.0482
0.3661, 0.0482
0.3661, 0.0482
0.3661, 0.0482
0.3661, 0.0510
0.3661, 0.0510
0.3661, 0.0510
0.3661, 0.0510
0.3705, 0.0510
0.3705, 0.0510
0.3705, 0.0510
0.3705, 0.0538
0.3705, 0.0538
0.3705, 0.0538
0.3705, 0.0538
0.3705, 0.0538
0.3705, 0.0538
0.3750, 0.0538
0.3750, 0.0538
0.3750, 0.0538
0.3750, 0.0538
0.3750, 0.0538
0.3750, 0.0538
0.3750, 0.0538
0.3750, 0.0567
0.3750, 0.0567
0.3750, 0.0567
0.3750, 0.0567
0.3750, 0.0567
0.3750, 0.0567
0.3795, 0.0595
0.3795, 0.0595
0.3795, 0.0595
0.3795, 0.0595
0.3795, 0.0595
0.3795, 0.0595
0.3795, 0.0595
0.3795, 0.0595
0.3795, 0.0595
0.3795, 0.0595
0.3795, 0.0595
0.3795, 0.0595
0.3795, 0.0595
0.3795, 0.0595
0.3795, 0.0595
0.3795, 0.0595
0.3795, 0.0595
0.3795, 0.0595
0.3795, 0.0595
0.3795, 0.0595
0.3795, 0.0623
0.3795, 0.0623
0.3795, 0.0623
0.3795, 0.0623
0.3795, 0.0623
0.3795, 0.0623
0.3795, 0.0623
0.3795, 0.0652
0.3795, 0.0652
0.3795, 0.0652
0.3795, 0.0652
0.3795, 0.0652
0.3795, 0.0652
0.3839, 0.0680
0.3839, 0.0680
0.3839, 0.0680
0.3839, 0.0680
0.3839, 0.0680
0.3839, 0.0680
0.3839, 0.0680
0.3839, 0.0680
0.3839, 0.0680
0.3839, 0.0680
0.3884, 0.0708
0.3884, 0.0708
0.3884, 0.0708
0.3884, 0.0737
0.3884, 0.0737
0.3884, 0.0737
0.3884, 0.0737
0.3884, 0.0737
0.3884, 0.0737
0.3884, 0.0737
0.3884, 0.0737
0.3884, 0.0737
0.3884, 0.0737
0.3884, 0.0765
0.3884, 0.0765
0.3884, 0.0765
0.3884, 0.0765
0.3884, 0.0765
0.3884, 0.0765
0.3884, 0.0793
0.3884, 0.0793
0.3884, 0.0793
0.3929, 0.0793
0.3929, 0.0793
0.3929, 0.0793
0.3929, 0.0822
0.3929, 0.0822
0.3929, 0.0822
0.3929, 0.0822
0.3929, 0.0822
0.3929, 0.0822
0.3929, 0.0822
0.3929, 0.0822
0.3929, 0.0822
0.3973, 0.0822
0.3973, 0.0822
0.3973, 0.0822
0.3973, 0.0850
0.3973, 0.0850
0.3973, 0.0850
0.3973, 0.0850
0.3973, 0.0850
0.3973, 0.0850
0.3973, 0.0850
0.4018, 0.0878
0.4018, 0.0878
0.4018, 0.0878
0.4018, 0.0878
0.4018, 0.0878
0.4018, 0.0878
0.4018, 0.0878
0.4018, 0.0878
0.4018, 0.0878
0.4018, 0.0878
0.4018, 0.0878
0.4018, 0.0878
0.4018, 0.0878
0.4018, 0.0878
0.4018, 0.0878
0.4018, 0.0878
0.4018, 0.0907
0.4018, 0.0907
0.4018, 0.0907
0.4018, 0.0935
0.4018, 0.0935
0.4018, 0.0935
0.4062, 0.0935
0.4062, 0.0935
0.4062, 0.0935
0.4062, 0.0963
0.4062, 0.0963
0.4062, 0.0963
0.4062, 0.0963
0.4062, 0.0963
0.4062, 0.0963
0.4107, 0.0963
0.4107, 0.0963
0.4107, 0.0963
0.4107, 0.0963
0.4107, 0.0963
0.4107, 0.0963
0.4107, 0.0963
0.4107, 0.0963
0.4107, 0.0963
0.4107, 0.0963
0.4107, 0.0992
0.4107, 0.0992
0.4107, 0.0992
0.4107, 0.0992
0.4107, 0.0992
0.4107, 0.0992
0.4107, 0.0992
0.4107, 0.0992
0.4107, 0.0992
0.4152, 0.1020
0.4152, 0.1020
0.4152, 0.1020
0.4152, 0.1020
0.4152, 0.1020
0.4152, 0.1020
0.4152, 0.1020
0.4152, 0.1020
0.4152, 0.1020
0.4152, 0.1020
0.4152, 0.1020
0.4152, 0.1020
0.4152, 0.1020
0.4196, 0.1020
0.4196, 0.1020
0.4196, 0.1020
0.4196, 0.1048
0.4196, 0.1048
0.4196, 0.1048
0.4196, 0.1048
0.4196, 0.1048
0.4196, 0.1048
0.4196, 0.1048
0.4196, 0.1076
0.4196, 0.1076
0.4196, 0.1076
0.4196, 0.1076
0.4196, 0.1076
0.4196, 0.1076
0.4241, 0.1076
0.4241, 0.1076
0.4241, 0.1076
0.4241, 0.1076
0.4241, 0.1076
0.4241, 0.1076
0.4286, 0.1105
0.4286, 0.1105
0.4286, 0.1105
0.4286, 0.1105
0.4286, 0.1105
0.4286, 0.1105
0.4286, 0.1105
0.4286, 0.1133
0.4286, 0.1133
0.4286, 0.1133
0.4286, 0.1133
0.4286, 0.1133
0.4286, 0.1133
0.4330, 0.1133
0.4330, 0.1133
0.4330, 0.1133
0.4330, 0.1161
0.4330, 0.1161
0.4330, 0.1161
0.4330, 0.1161
0.4330, 0.1161
0.4330, 0.1161
0.4330, 0.1161
0.4330, 0.1161
0.4330, 0.1161
0.4375, 0.1190
0.4375, 0.1190
0.4375, 0.1190
0.4375, 0.1218
0.4375, 0.1218
0.4375, 0.1218
0.4375, 0.1218
0.4420, 0.1218
0.4420, 0.1218
0.4420, 0.1218
0.4420, 0.1218
0.4420, 0.1218
0.4420, 0.1218
0.4420, 0.1218
0.4420, 0.1218
0.4420, 0.1218
0.4420, 0.1246
0.4420, 0.1246
0.4420, 0.1246
0.4420, 0.1246
0.4420, 0.1246
0.4420, 0.1246
0.4420, 0.1246
0.4420, 0.1246
0.4420, 0.1246
0.4420, 0.1246
0.4464, 0.1275
0.4464, 0.1275
0.4464, 0.1275
0.4464, 0.1275
0.4464, 0.1275
0.4464, 0.1303
0.4464, 0.1303
0.4464, 0.1303
0.4509, 0.1303
0.4509, 0.1303
0.4509, 0.1303
0.4509, 0.1303
0.4509, 0.1303
0.4509, 0.1303
0.4554, 0.1331
0.4554, 0.1331
0.4554, 0.1331
0.4554, 0.1331
0.4554, 0.1331
0.4554, 0.1331
0.4554, 0.1360
0.4554, 0.1360
0.4554, 0.1360
0.4554, 0.1360
0.4554, 0.1360
0.4554, 0.1360
0.4554, 0.1360
0.4554, 0.1360
0.4554, 0.1360
0.4598, 0.1388
0.4598, 0.1388
0.4598, 0.1388
0.4598, 0.1388
0.4598, 0.1388
0.4598, 0.1388
0.4598, 0.1388
0.4598, 0.1416
0.4598, 0.1416
0.4598, 0.1416
0.4643, 0.1445
0.4643, 0.1445
0.4643, 0.1445
0.4643, 0.1445
0.4643, 0.1445
0.4643, 0.1445
0.4643, 0.1445
0.4643, 0.1445
0.4643, 0.1445
0.4643, 0.1473
0.4643, 0.1473
0.4643, 0.1473
0.4643, 0.1473
0.4643, 0.1473
0.4643, 0.1473
0.4643, 0.1473
0.4687, 0.1501
0.4687, 0.1501
0.4687, 0.1501
0.4687, 0.1501
0.4687, 0.1501
0.4687, 0.1501
0.4732, 0.1501
0.4732, 0.1501
0.4732, 0.1530
0.4732, 0.1530
0.4732, 0.1530
0.4777, 0.1530
0.4777, 0.1530
0.4777, 0.1530
0.4777, 0.1558
0.4777, 0.1558
0.4777, 0.1558
0.4777, 0.1586
0.4777, 0.1586
0.4777, 0.1586
0.4777, 0.1586
0.4777, 0.1586
0.4777, 0.1586
0.4777, 0.1586
0.4777, 0.1586
0.4821, 0.1586
0.4821, 0.1586
0.4821, 0.1586
0.4821, 0.1615
0.4821, 0.1615
0.4821, 0.1615
0.4866, 0.1643
0.4866, 0.1643
0.4866, 0.1643
0.4866, 0.1643
0.4866, 0.1643
0.4866, 0.1643
0.4866, 0.1643
0.4866, 0.1643
0.4866, 0.1643
0.4866, 0.1671
0.4866, 0.1671
0.4866, 0.1671
0.4911, 0.1700
0.4911, 0.1700
0.4911, 0.1700
0.4955, 0.1728
0.4955, 0.1728
0.4955, 0.1728
0.4955, 0.1728
0.4955, 0.1728
0.4955, 0.1728
0.5000, 0.1728
0.5000, 0.1728
0.5000, 0.1728
0.5000, 0.1756
0.5000, 0.1756
0.5000, 0.1756
0.5000, 0.1785
0.5000, 0.1785
0.5000, 0.1785
0.5000, 0.1785
0.5000, 0.1785
0.5045, 0.1785
0.5045, 0.1785
0.5045, 0.1785
0.5045, 0.1785
0.5045, 0.1785
0.5045, 0.1785
0.5045, 0.1813
0.5045, 0.1813
0.5045, 0.1813
0.5089, 0.1813
0.5089, 0.1813
0.5089, 0.1813
0.5089, 0.1841
0.5089, 0.1841
0.5089, 0.1841
0.5089, 0.1870
0.5089, 0.1870
0.5089, 0.1870
0.5089, 0.1870
0.5089, 0.1870
0.5089, 0.1870
0.5134, 0.1870
0.5134, 0.1870
0.5134, 0.1870
0.5134, 0.1898
0.5134, 0.1898
0.5134, 0.1898
0.5179, 0.1926
0.5179, 0.1926
0.5179, 0.1926
0.5223, 0.1926
0.5223, 0.1926
0.5223, 0.1926
0.5223, 0.1926
0.5223, 0.1926
0.5223, 0.1926
0.5223, 0.1955
0.5223, 0.1955
0.5223, 0.1983
0.5223, 0.1983
0.5223, 0.1983
0.5268, 0.1983
0.5268, 0.1983
0.5268, 0.1983
0.5268, 0.1983
0.5268, 0.1983
0.5268, 0.1983
0.5312, 0.2011
0.5312, 0.2011
0.5312, 0.2011
0.5312, 0.2040
0.5312, 0.2040
0.5312, 0.2040
0.5312, 0.2040
0.5312, 0.2040
0.5312, 0.2040
0.5312, 0.2040
0.5312, 0.2068
0.5312, 0.2068
0.5312, 0.2068
0.5312, 0.2068
0.5312, 0.2068
0.5357, 0.2096
0.5357, 0.2096
0.5357, 0.2096
0.5357, 0.2096
0.5357, 0.2096
0.5357, 0.2096
0.5402, 0.2125
0.5402, 0.2125
0.5402, 0.2125
0.5402, 0.2125
0.5402, 0.2125
0.5402, 0.2125
0.5446, 0.2153
0.5446, 0.2153
0.5446, 0.2153
0.5446, 0.2181
0.5446, 0.2181
0.5446, 0.2181
0.5446, 0.2181
0.5446, 0.2181
0.5446, 0.2181
0.5446, 0.2210
0.5446, 0.2210
0.5446, 0.2210
0.5491, 0.2210
0.5491, 0.2210
0.5491, 0.2210
0.5491, 0.2210
0.5491, 0.2210
0.5491, 0.2210
0.5491, 0.2238
0.5491, 0.2238
0.5491, 0.2238
0.5536, 0.2238
0.5536, 0.2238
0.5536, 0.2238
0.5536, 0.2238
0.5536, 0.2238
0.5536, 0.2238
0.5536, 0.2266
0.5536, 0.2266
0.5536, 0.2266
0.5536, 0.2266
0.5536, 0.2266
0.5536, 0.2266
0.5536, 0.2266
0.5536, 0.2266
0.5536, 0.2266
0.5536, 0.2295
0.5536, 0.2295
0.5536, 0.2295
0.5580, 0.2323
0.5580, 0.2323
0.5580, 0.2323
0.5580, 0.2323
0.5580, 0.2323
0.5625, 0.2351
0.5625, 0.2351
0.5625, 0.2351
0.5625, 0.2351
0.5625, 0.2351
0.5625, 0.2351
0.5625, 0.2351
0.5625, 0.2351
0.5625, 0.2351
0.5625, 0.2351
0.5625, 0.2351
0.5625, 0.2351
0.5625, 0.2351
0.5625, 0.2380
0.5625, 0.2380
0.5625, 0.2408
0.5625, 0.2408
0.5625, 0.2408
0.5670, 0.2408
0.5670, 0.2408
0.5670, 0.2408
0.5670, 0.2408
0.5670, 0.2408
0.5670, 0.2408
0.5714, 0.2436
0.5714, 0.2436
0.5714, 0.2436
0.5714, 0.2436
0.5714, 0.2436
0.5714, 0.2436
0.5714, 0.2465
0.5714, 0.2465
0.5714, 0.2465
0.5759, 0.2493
0.5759, 0.2493
0.5759, 0.2493
0.5759, 0.2493
0.5759, 0.2493
0.5759, 0.2493
0.5759, 0.2493
0.5759, 0.2493
0.5759, 0.2493
0.5759, 0.2521
0.5759, 0.2521
0.5759, 0.2521
0.5759, 0.2550
0.5759, 0.2550
0.5759, 0.2550
0.5804, 0.2550
0.5804, 0.2550
0.5804, 0.2550
0.5804, 0.2550
0.5804, 0.2550
0.5848, 0.2578
0.5848, 0.2578
0.5848, 0.2578
0.5848, 0.2578
0.5848, 0.2578
0.5848, 0.2578
0.5848, 0.2606
0.5848, 0.2606
0.5848, 0.2606
0.5848, 0.2635
0.5848, 0.2635
0.5848, 0.2635
0.5848, 0.2635
0.5848, 0.2635
0.5848, 0.2635
0.5848, 0.2635
0.5848, 0.2635
0.5848, 0.2635
0.5893, 0.2635
0.5893, 0.2635
0.5893, 0.2635
0.5893, 0.2663
0.5893, 0.2663
0.5893, 0.2691
0.5893, 0.2691
0.5893, 0.2691
0.5937, 0.2691
0.5937, 0.2691
0.5937, 0.2691
0.5937, 0.2691
0.5937, 0.2691
0.5937, 0.2691
0.5937, 0.2691
0.5937, 0.2691
0.5937, 0.2691
0.5982, 0.2720
0.5982, 0.2720
0.5982, 0.2720
0.5982, 0.2720
0.5982, 0.2720
0.5982, 0.2720
0.5982, 0.2748
0.5982, 0.2748
0.5982, 0.2748
0.5982, 0.2748
0.5982, 0.2748
0.5982, 0.2748
0.5982, 0.2776
0.5982, 0.2776
0.5982, 0.2776
0.5982, 0.2776
0.5982, 0.2776
0.5982, 0.2776
0.6027, 0.2776
0.6027, 0.2776
0.6027, 0.2776
0.6027, 0.2776
0.6027, 0.2776
0.6027, 0.2776
0.6027, 0.2805
0.6027, 0.2805
0.6027, 0.2805
0.6071, 0.2805
0.6071, 0.2805
0.6071, 0.2833
0.6071, 0.2833
0.6071, 0.2833
0.6071, 0.2833
0.6071, 0.2833
0.6071, 0.2833
0.6071, 0.2833
0.6071, 0.2833
0.6071, 0.2833
0.6071, 0.2861
0.6071, 0.2861
0.6071, 0.2861
0.6116, 0.2890
0.6116, 0.2890
0.6116, 0.2890
0.6161, 0.2890
0.6161, 0.2890
0.6161, 0.2890
0.6161, 0.2890
0.6161, 0.2890
0.6161, 0.2918
0.6161, 0.2918
0.6161, 0.2918
0.6205, 0.2918
0.6205, 0.2918
0.6205, 0.2918
0.6205, 0.2946
0.6205, 0.2946
0.6205, 0.2946
0.6205, 0.2946
0.6205, 0.2946
0.6205, 0.2946
0.6205, 0.2975
0.6205, 0.2975
0.6205, 0.2975
0.6205, 0.2975
0.6205, 0.2975
0.6205, 0.2975
0.6250, 0.2975
0.6250, 0.2975
0.6250, 0.3003
0.6250, 0.3003
0.6250, 0.3003
0.6295, 0.3003
0.6295, 0.3003
0.6295, 0.3003
0.6295, 0.3031
0.6295, 0.3031
0.6295, 0.3031
0.6295, 0.3031
0.6295, 0.3031
0.6295, 0.3031
0.6295, 0.3031
0.6295, 0.3031
0.6339, 0.3031
0.6339, 0.3031
0.6339, 0.3031
0.6339, 0.3059
0.6339, 0.3059
0.6339, 0.3059
0.6384, 0.3088
0.6384, 0.3088
0.6384, 0.3088
0.6384, 0.3088
0.6384, 0.3088
0.6384, 0.3088
0.6429, 0.3116
0.6429, 0.3116
0.6429, 0.3116
0.6429, 0.3116
0.6429, 0.3116
0.6429, 0.3116
0.6429, 0.3116
0.6429, 0.3116
0.6429, 0.3144
0.6429, 0.3144
0.6429, 0.3144
0.6473, 0.3144
0.6473, 0.3144
0.6473, 0.3144
0.6473, 0.3173
0.6473, 0.3173
0.6473, 0.3173
0.6518, 0.3173
0.6518, 0.3173
0.6518, 0.3201
0.6518, 0.3201
0.6518, 0.3201
0.6518, 0.3201
0.6518, 0.3201
0.6518, 0.3201
0.6563, 0.3229
0.6563, 0.3229
0.6563, 0.3229
0.6563, 0.3258
0.6563, 0.3258
0.6563, 0.3258
0.6607, 0.3258
0.6607, 0.3258
0.6652, 0.3286
0.6652, 0.3286
0.6652, 0.3286
0.6652, 0.3314
0.6652, 0.3314
0.6652, 0.3314
0.6652, 0.3314
0.6652, 0.3314
0.6696, 0.3343
0.6696, 0.3343
0.6696, 0.3343
0.6696, 0.3371
0.6696, 0.3371
0.6696, 0.3399
0.6696, 0.3399
0.6696, 0.3399
0.6741, 0.3399
0.6741, 0.3399
0.6741, 0.3399
0.6741, 0.3399
0.6741, 0.3399
0.6741, 0.3428
0.6741, 0.3428
0.6741, 0.3428
0.6786, 0.3456
0.6786, 0.3456
0.6786, 0.3456
0.6786, 0.3456
0.6786, 0.3456
0.6830, 0.3456
0.6830, 0.3456
0.6830, 0.3456
0.6830, 0.3484
0.6830, 0.3484
0.6830, 0.3484
0.6875, 0.3513
0.6875, 0.3513
0.6875, 0.3541
0.6875, 0.3541
0.6875, 0.3541
0.6875, 0.3541
0.6875, 0.3541
0.6875, 0.3541
0.6920, 0.3541
0.6920, 0.3541
0.6920, 0.3541
0.6920, 0.3541
0.6920, 0.3541
0.6964, 0.3569
0.6964, 0.3569
0.6964, 0.3598
0.6964, 0.3598
0.6964, 0.3598
0.6964, 0.3598
0.6964, 0.3598
0.6964, 0.3598
0.6964, 0.3598
0.6964, 0.3598
0.7009, 0.3598
0.7009, 0.3598
0.7009, 0.3598
0.7009, 0.3626
0.7009, 0.3626
0.7054, 0.3626
0.7054, 0.3626
0.7054, 0.3626
0.7054, 0.3654
0.7054, 0.3654
0.7054, 0.3654
0.7054, 0.3654
0.7054, 0.3654
0.7054, 0.3654
0.7098, 0.3683
0.7098, 0.3683
0.7098, 0.3683
0.7143, 0.3683
0.7143, 0.3683
0.7143, 0.3683
0.7143, 0.3683
0.7143, 0.3683
0.7187, 0.3683
0.7187, 0.3683
0.7187, 0.3683
0.7187, 0.3683
0.7187, 0.3683
0.7187, 0.3711
0.7187, 0.3711
0.7187, 0.3711
0.7187, 0.3711
0.7187, 0.3711
0.7187, 0.3711
0.7232, 0.3711
0.7232, 0.3711
0.7232, 0.3711
0.7232, 0.3739
0.7232, 0.3739
0.7277, 0.3739
0.7277, 0.3739
0.7277, 0.3739
0.7277, 0.3739
0.7277, 0.3739
0.7277, 0.3739
0.7277, 0.3739
0.7277, 0.3739
0.7277, 0.3739
0.7321, 0.3739
0.7321, 0.3739
0.7366, 0.3739
0.7366, 0.3739
0.7366, 0.3739
0.7366, 0.3768
0.7366, 0.3768
0.7366, 0.3768
0.7411, 0.3768
0.7411, 0.3768
0.7411, 0.3768
0.7411, 0.3768
0.7411, 0.3768
0.7411, 0.3796
0.7411, 0.3796
0.7411, 0.3796
0.7455, 0.3796
0.7455, 0.3796
0.7455, 0.3796
0.7500, 0.3796
0.7500, 0.3796
0.7500, 0.3796
0.7500, 0.3796
0.7500, 0.3796
0.7500, 0.3796
0.7500, 0.3796
0.7500, 0.3796
0.7545, 0.3796
0.7545, 0.3796
0.7545, 0.3796
0.7589, 0.3796
0.7589, 0.3796
0.7634, 0.3796
0.7634, 0.3796
0.7634, 0.3796
0.7634, 0.3824
0.7634, 0.3824
0.7634, 0.3824
0.7679, 0.3824
0.7679, 0.3824
0.7679, 0.3824
0.7723, 0.3824
0.7723, 0.3824
0.7723, 0.3824
0.7723, 0.3824
0.7723, 0.3824
0.7768, 0.3824
0.7768, 0.3824
0.7768, 0.3824
0.7768, 0.3853
0.7768, 0.3853
0.7768, 0.3853
0.7812, 0.3853
0.7812, 0.3853
0.7857, 0.3853
0.7857, 0.3853
0.7857, 0.3853
0.7857, 0.3853
0.7857, 0.3853
0.7857, 0.3853
0.7902, 0.3881
0.7902, 0.3881
0.7946, 0.3881
0.7946, 0.3881
0.7946, 0.3881
0.7946, 0.3881
0.7946, 0.3881
0.7946, 0.3881
0.7991, 0.3881
0.7991, 0.3881
0.7991, 0.3881
0.8036, 0.3881
0.8036, 0.3881
0.8080, 0.3881
0.8080, 0.3881
0.8080, 0.3881
0.8080, 0.3881
0.8080, 0.3881
0.8080, 0.3881
0.8125, 0.3881
0.8125, 0.3881
0.8170, 0.3881
0.8170, 0.3881
0.8170, 0.3881
0.8170, 0.3881
0.8170, 0.3881
0.8170, 0.3881
0.8170, 0.3881
0.8170, 0.3881
0.8170, 0.3881
0.8214, 0.3881
0.8214, 0.3881
0.8259, 0.3909
0.8259, 0.3909
0.8259, 0.3909
0.8304, 0.3909
0.8304, 0.3909
0.8304, 0.3909
0.8304, 0.3909
0.8304, 0.3909
0.8304, 0.3909
0.8348, 0.3909
0.8348, 0.3909
0.8393, 0.3909
0.8393, 0.3909
0.8393, 0.3909
0.8393, 0.3909
0.8393, 0.3909
0.8393, 0.3909
0.8438, 0.3909
0.8438, 0.3909
0.8482, 0.3909
0.8482, 0.3909
0.8482, 0.3909
0.8482, 0.3909
0.8482, 0.3909
0.8527, 0.3909
0.8527, 0.3909
0.8527, 0.3909
0.8571, 0.3909
0.8571, 0.3909
0.8571, 0.3909
0.8571, 0.3909
0.8571, 0.3909
0.8571, 0.3909
0.8616, 0.3909
0.8616, 0.3909
0.8616, 0.3909
0.8616, 0.3909
0.8616, 0.3909
0.8661, 0.3909
0.8661, 0.3909
0.8661, 0.3909
0.8661, 0.3909
0.8661, 0.3909
0.8661, 0.3909
0.8705, 0.3909
0.8705, 0.3909
0.8705, 0.3909
0.8705, 0.3909
0.8705, 0.3909
0.8705, 0.3909
0.8705, 0.3909
0.8705, 0.3909
0.8750, 0.3909
0.8750, 0.3909
0.8795, 0.3909
0.8795, 0.3909
0.8795, 0.3909
0.8839, 0.3909
0.8839, 0.3909
0.8839, 0.3909
0.8839, 0.3909
0.8839, 0.3909
0.8884, 0.3909
0.8884, 0.3909
0.8929, 0.3909
0.8929, 0.3909
0.8929, 0.3909
0.8929, 0.3909
0.8929, 0.3909
0.8929, 0.3909
0.8929, 0.3909
0.8929, 0.3909
0.8929, 0.3909
0.8973, 0.3909
0.8973, 0.3909
0.9018, 0.3909
0.9018, 0.3909
0.9018, 0.3909
0.9063, 0.3909
0.9063, 0.3909
0.9063, 0.3909
0.9063, 0.3881
0.9063, 0.3881
0.9063, 0.3881
0.9063, 0.3881
0.9063, 0.3881
0.9063, 0.3881
0.9063, 0.3881
0.9063, 0.3881
0.9063, 0.3881
0.9063, 0.3881
0.9063, 0.3881
0.9107, 0.3853
0.9107, 0.3853
0.9107, 0.3853
0.9107, 0.3853
0.9107, 0.3853
0.9152, 0.3824
0.9152, 0.3824
0.9152, 0.3824
0.9152, 0.3824
0.9152, 0.3824
0.9152, 0.3824
0.9152, 0.3824
0.9152, 0.3824
0.9152, 0.3824
0.9152, 0.3824
0.9152, 0.3824
0.9152, 0.3824
0.9196, 0.3824
0.9196, 0.3824
0.9196, 0.3796
0.9196, 0.3796
0.9196, 0.3796
0.9196, 0.3796
0.9241, 0.3796
0.9241, 0.3796
0.9241, 0.3768
0.9241, 0.3768
0.9241, 0.3768
0.9241, 0.3768
0.9241, 0.3768
0.9286, 0.3768
0.9286, 0.3768
0.9286, 0.3739
0.9286, 0.3739
0.9286, 0.3739
0.9286, 0.3739
0.9286, 0.3711
0.9286, 0.3711
0.9286, 0.3711
0.9286, 0.3711
0.9330, 0.3683
0.9330, 0.3683
0.9330, 0.3654
0.9330, 0.3654
0.9330, 0.3654
0.9330, 0.3654
0.9330, 0.3654
0.9375, 0.3626
0.9375, 0.3626
0.9375, 0.3626
0.9375, 0.3626
0.9375, 0.3626
0.9375, 0.3626
0.9375, 0.3598
0.9375, 0.3598
0.9375, 0.3569
0.9375, 0.3569
0.9420, 0.3569
0.9420, 0.3569
0.9420, 0.3569
0.9420, 0.3569
0.9420, 0.3569
0.9420, 0.3569
0.9420, 0.3569
0.9464, 0.3541
0.9464, 0.3541
0.9464, 0.3513
0.9464, 0.3513
0.9464, 0.3513
0.9464, 0.3513
0.9464, 0.3513
0.9509, 0.3484
0.9509, 0.3484
0.9509, 0.3484
0.9509, 0.3484
0.9509, 0.3484
0.9509, 0.3484
0.9509, 0.3484
0.9509, 0.3484
0.9509, 0.3484
0.9509, 0.3484
0.9509, 0.3484
0.9509, 0.3456
0.9509, 0.3456
0.9554, 0.3428
0.9554, 0.3428
0.9554, 0.3428
0.9554, 0.3428
0.9554, 0.3428
0.9554, 0.3428
0.9554, 0.3428
0.9598, 0.3428
0.9598, 0.3428
0.9598, 0.3399
0.9598, 0.3399
0.9598, 0.3399
0.9598, 0.3399
0.9598, 0.3371
0.9598, 0.3371
0.9598, 0.3343
0.9598, 0.3343
0.9598, 0.3343
0.9598, 0.3343
0.9598, 0.3343
0.9643, 0.3343
0.9643, 0.3343
0.9643, 0.3314
0.9643, 0.3314
0.9687, 0.3286
0.9687, 0.3286
0.9687, 0.3286
0.9687, 0.3286
0.9687, 0.3286
0.9687, 0.3286
0.9687, 0.3286
0.9732, 0.3258
0.9732, 0.3258
0.9732, 0.3258
0.9732, 0.3258
0.9732, 0.3229
0.9732, 0.3229
0.9732, 0.3201
0.9732, 0.3201
0.9732, 0.3201
0.9732, 0.3201
0.9732, 0.3201
0.9732, 0.3201
0.9732, 0.3201
0.9732, 0.3201
0.9732, 0.3201
0.9732, 0.3173
0.9732, 0.3173
0.9732, 0.3173
0.9732, 0.3173
0.9732, 0.3144
0.9732, 0.3144
0.9732, 0.3144
0.9777, 0.3144
0.9777, 0.3144
0.9777, 0.3144
0.9777, 0.3144
0.9777, 0.3144
0.9777, 0.3144
0.9777, 0.3116
0.9777, 0.3116
0.9777, 0.3088
0.9777, 0.3088
0.9821, 0.3088
0.9821, 0.3088
0.9821, 0.3059
0.9821, 0.3059
0.9821, 0.3059
0.9821, 0.3059
0.9821, 0.3059
0.9821, 0.3059
0.9821, 0.3059
0.9821, 0.3059
0.9821, 0.3059
0.9821, 0.3031
0.9821, 0.3031
0.9821, 0.3031
0.9821, 0.3031
0.9821, 0.3031
0.9821, 0.3003
0.9821, 0.3003
0.9821, 0.3003
0.9821, 0.3003
0.9821, 0.3003
0.9821, 0.3003
0.9821, 0.3003
0.9821, 0.3003
0.9821, 0.3003
0.9821, 0.2975
0.9821, 0.2975
0.9821, 0.2975
0.9821, 0.2975
0.9821, 0.2946
0.9821, 0.2946
0.9821, 0.2918
0.9821, 0.2918
0.9821, 0.2918
0.9821, 0.2918
0.9821, 0.2918
0.9821, 0.2918
0.9821, 0.2918
0.9821, 0.2918
0.9821, 0.2918
0.9821, 0.2890
0.9821, 0.2890
0.9821, 0.2890
0.9821, 0.2890
0.9821, 0.2890
0.9821, 0.2861
0.9821, 0.2861
0.9821, 0.2861
0.9821, 0.2861
0.9821, 0.2861
0.9821, 0.2861
0.9821, 0.2861
0.9821, 0.2861
0.9821, 0.2861
0.9821, 0.2861
0.9821, 0.2861
0.9821, 0.2833
0.9821, 0.2833
0.9821, 0.2805
0.9821, 0.2805
0.9821, 0.2805
0.9821, 0.2805
0.9821, 0.2805
0.9821, 0.2805
0.9821, 0.2805
0.9821, 0.2805
0.9821, 0.2805
0.9821, 0.2805
0.9821, 0.2805
0.9821, 0.2776
0.9821, 0.2776
0.9821, 0.2776
0.9821, 0.2776
0.9821, 0.2776
0.9821, 0.2776
0.9821, 0.2776
0.9821, 0.2748
0.9821, 0.2748
0.9821, 0.2748
0.9821, 0.2748
0.9821, 0.2720
0.9821, 0.2720
0.9821, 0.2720
0.9821, 0.2720
0.9821, 0.2720
0.9821, 0.2720
0.9821, 0.2720
0.9821, 0.2720
0.9821, 0.2720
0.9821, 0.2691
0.9821, 0.2691
0.9821, 0.2691
0.9821, 0.2691
0.9821, 0.2691
0.9821, 0.2691
0.9821, 0.2691
0.9821, 0.2691
0.9821, 0.2691
0.9821, 0.2663
0.9821, 0.2663
0.9821, 0.2663
0.9821, 0.2663
0.9821, 0.2663
0.9821, 0.2663
0.9821, 0.2663
0.9821, 0.2663
0.9821, 0.2663
0.9821, 0.2663
0.9821, 0.2663
0.9777, 0.2663
0.9777, 0.2663
0.9777, 0.2635
0.9777, 0.2635
0.9777, 0.2635
0.9777, 0.2635
0.9777, 0.2635
0.9777, 0.2606
0.9777, 0.2606
0.9777, 0.2606
0.9777, 0.2606
0.9777, 0.2578
0.9777, 0.2578
0.9732, 0.2578
0.9732, 0.2578
0.9732, 0.2578
0.9732, 0.2578
0.9732, 0.2578
0.9732, 0.2578
0.9732, 0.2578
0.9687, 0.2550
0.9687, 0.2550
0.9687, 0.2550
0.9687, 0.2550
0.9687, 0.2521
0.9687, 0.2521
0.9643, 0.2521
0.9643, 0.2521
0.9643, 0.2521
0.9643, 0.2521
0.9643, 0.2521
0.9643, 0.2521
0.9643, 0.2521
0.9643, 0.2493
0.9643, 0.2493
0.9598, 0.2493
0.9598, 0.2493
0.9598, 0.2493
0.9598, 0.2493
0.9598, 0.2465
0.9598, 0.2465
0.9554, 0.2465
0.9554, 0.2465
0.9554, 0.2436
0.9554, 0.2436
0.9554, 0.2436
0.9554, 0.2436
0.9554, 0.2436
0.9554, 0.2436
0.9554, 0.2436
0.9509, 0.2436
0.9509, 0.2436
0.9509, 0.2436
0.9509, 0.2436
0.9464, 0.2408
0.9464, 0.2408
0.9464, 0.2408
0.9464, 0.2408
0.9464, 0.2380
0.9420, 0.2380
0.9420, 0.2380
0.9420, 0.2380
0.9375, 0.2351
0.9330, 0.2351
0.9330, 0.2351
0.9330, 0.2351
0.9330, 0.2351
0.9330, 0.2323
0.9330, 0.2323
0.9330, 0.2323
0.9330, 0.2323
0.9286, 0.2323
0.9286, 0.2323
0.9286, 0.2295
0.9286, 0.2295
0.9241, 0.2295
0.9241, 0.2295
0.9241, 0.2295
0.9241, 0.2295
0.9196, 0.2295
0.9196, 0.2295
0.9196, 0.2295
0.9196, 0.2295
0.9196, 0.2295
0.9196, 0.2295
0.9196, 0.2295
0.9196, 0.2295
0.9152, 0.2266
0.9152, 0.2266
0.9152, 0.2266
0.9152, 0.2266
0.9107, 0.2266
0.9107, 0.2266
0.9107, 0.2266
0.9107, 0.2266
0.9107, 0.2266
0.9107, 0.2238
0.9107, 0.2238
0.9107, 0.2238
0.9107, 0.2238
0.9063, 0.2238
0.9063, 0.2238
0.9063, 0.2238
0.9063, 0.2238
0.9018, 0.2238
0.9018, 0.2238
0.8973, 0.2238
0.8973, 0.2238
0.8973, 0.2238
0.8973, 0.2238
0.8973, 0.2238
0.8973, 0.2238
0.8973, 0.2238
0.8973, 0.2210
0.8973, 0.2210
0.8929, 0.2210
0.8929, 0.2210
0.8884, 0.2210
0.8884, 0.2210
0.8884, 0.2210
0.8884, 0.2210
0.8884, 0.2210
0.8884, 0.2210
0.8839, 0.2181
0.8839, 0.2181
0.8839, 0.2181
0.8839, 0.2181
0.8795, 0.2181
0.8795, 0.2181
0.8750, 0.2181
0.8750, 0.2181
0.8750, 0.2181
0.8750, 0.2153
0.8750, 0.2153
0.8750, 0.2153
0.8750, 0.2153
0.8750, 0.2153
0.8750, 0.2153
0.8705, 0.2153
0.8705, 0.2153
0.8661, 0.2153
0.8661, 0.2153
0.8661, 0.2153
0.8661, 0.2153
0.8661, 0.2153
0.8661, 0.2153
0.8661, 0.2153
0.8616, 0.2153
0.8571, 0.2153
0.8571, 0.2153
0.8527, 0.2153
0.8527, 0.2153
0.8527, 0.2153
0.8527, 0.2125
0.8527, 0.2125
0.8527, 0.2125
0.8527, 0.2125
0.8482, 0.2125
0.8482, 0.2125
0.8438, 0.2125
0.8438, 0.2125
0.8438, 0.2125
0.8438, 0.2125
0.8438, 0.2125
0.8438, 0.2125
0.8393, 0.2096
0.8393, 0.2096
0.8348, 0.2096
0.8348, 0.2096
0.8348, 0.2096
0.8348, 0.2096
0.8304, 0.2096
0.8304, 0.2096
0.8259, 0.2096
0.8259, 0.2096
0.8214, 0.2096
0.8214, 0.2096
0.8214, 0.2096
0.8214, 0.2096
0.8170, 0.2096
0.8170, 0.2096
0.8125, 0.2096
0.8125, 0.2096
0.8125, 0.2096
0.8125, 0.2096
0.8125, 0.2096
0.8125, 0.2096
0.8125, 0.2096
0.8080, 0.2096
0.8080, 0.2096
0.8036, 0.2096
0.8036, 0.2096
0.8036, 0.2096
0.8036, 0.2096
0.7991, 0.2096
0.7991, 0.2096
0.7991, 0.2096
0.7991, 0.2096
0.7991, 0.2096
0.7991, 0.2096
0.7991, 0.2096
0.7991, 0.2096
0.7991, 0.2096
0.7991, 0.2096
0.7991, 0.2096
0.7946, 0.2096
0.7946, 0.2096
0.7946, 0.2096
0.7946, 0.2096
0.7946, 0.2096
0.7946, 0.2096
0.7946, 0.2096
0.7946, 0.2096
0.7902, 0.2096
0.7902, 0.2096
0.7902, 0.2096
0.7902, 0.2096
0.7902, 0.2096
0.7902, 0.2096
0.7902, 0.2096
0.7902, 0.2096
0.7902, 0.2096
0.7902, 0.2096
0.7902, 0.2096
0.7902, 0.2096
0.7902, 0.2096
0.7902, 0.2096
0.7902, 0.2096
0.7902, 0.2096
0.7902, 0.2096
0.7902, 0.2096
0.7902, 0.2096
0.7902, 0.2096
0.7902, 0.2096
0.7902, 0.2096
0.7902, 0.2096
0.7902, 0.2096
0.7902, 0.2096
0.7902, 0.2096
0.7902, 0.2096
0.7902, 0.2096
0.7902, 0.2096
0.7902, 0.2096
0.7902, 0.2096
0.7902, 0.2096
0.7902, 0.2096
0.7902, 0.2096
0.7902, 0.2096
0.7902, 0.2096
0.7902, 0.2096
0.7902, 0.2096
0.7902, 0.2096
0.7902, 0.2096
0.7902, 0.2096
0.7902, 0.2096
0.7902, 0.2096
0.7902, 0.2096
0.7902, 0.2096
0.7902, 0.2096
0.7902, 0.2096
0.7902, 0.2096
0.7902, 0.2096
0.7902, 0.2096
0.7902, 0.2096
0.7902, 0.2096
0.7902, 0.2096
0.7902, 0.2096
0.7902, 0.2096
0.7902, 0.2096
0.7857, 0.2096
0.7857, 0.2096
0.7857, 0.2096
0.7857, 0.2096
0.7857, 0.2096
0.7857, 0.2096
0.7812, 0.2096
0.7812, 0.2096
0.7812, 0.2096
0.7812, 0.2096
0.7768, 0.2096
0.7768, 0.2096
0.7768, 0.2096
0.7768, 0.2096
0.7768, 0.2096
0.7768, 0.2096
0.7768, 0.2096
0.7768, 0.2096
0.7768, 0.2096
0.7768, 0.2096
0.7768, 0.2096
0.7768, 0.2096
0.7768, 0.2096
0.7768, 0.2096
0.7768, 0.2096
0.7723, 0.2096
0.7723, 0.2096
0.7723, 0.2096
0.7723, 0.2096
0.7723, 0.2096
0.7723, 0.2096
0.7723, 0.2096
0.7723, 0.2096
0.7723, 0.2096
0.7723, 0.2096
0.7723, 0.2096
0.7723, 0.2096
0.7723, 0.2096
0.7723, 0.2096
0.7723, 0.2096
0.7723, 0.2096
0.7723, 0.2096
0.7723, 0.2096
0.7723, 0.2096
0.7723, 0.2096
0.7723, 0.2096
0.7723, 0.2096
0.7723, 0.2096
0.7723, 0.2096
0.7723, 0.2096
0.7723, 0.2096
0.7723, 0.2096
0.7723, 0.2096
0.7723, 0.2096
0.7723, 0.2096
0.7723, 0.2096
0.7723, 0.2096
0.7723, 0.2096
0.7723, 0.2096
0.7723, 0.2096
0.7723, 0.2096
0.7723, 0.2096
0.7723, 0.2096
0.7723, 0.2096
0.7723, 0.2096
0.7723, 0.2096
0.7723, 0.2096
0.7723, 0.2096
0.7723, 0.2096
0.7723, 0.2096
0.7723, 0.2096
0.7723, 0.2096
0.7723, 0.2096
0.7723, 0.2096
0.7723, 0.2096
0.7723, 0.2096
0.7723, 0.2096
0.7723, 0.2096
0.7723, 0.2096
0.7723, 0.2096
0.7723, 0.2096
0.7723, 0.2096
0.7723, 0.2096
0.7723, 0.2096
0.7723, 0.2096
0.7723, 0.2096
0.7723, 0.2096
0.7723, 0.2096
0.7723, 0.2096
0.7723, 0.2096
0.7723, 0.2096
0.7723, 0.2096
0.7723, 0.2096
0.7723, 0.2096
0.7723, 0.2096
0.7723, 0.2096
0.7723, 0.2096
0.7723, 0.2096
0.7723, 0.2096
0.7723, 0.2096
0.7723, 0.2096
0.7723, 0.2096
0.7723, 0.2096
0.7723, 0.2096
0.7723, 0.2096
0.7723, 0.2096
0.7723, 0.2096
0.7723, 0.2096
0.7723, 0.2096
0.7723, 0.2096
0.7723, 0.2096
0.7723, 0.2096
0.7723, 0.2096
0.7723, 0.2096
0.7723, 0.2096
0.7723, 0.2096
0.7768, 0.2096
0.7768, 0.2096
0.7768, 0.2096
0.7768, 0.2096
0.7768, 0.2096
0.7768, 0.2096
0.7768, 0.2096
0.7768, 0.2096
0.7812, 0.2096
0.7812, 0.2096
0.7812, 0.2096
0.7812, 0.2096
0.7812, 0.2096
0.7812, 0.2096
0.7812, 0.2096
0.7812, 0.2096
0.7812, 0.2096
0.7812, 0.2096
0.7812, 0.2096
0.7812, 0.2096
0.7812, 0.2096
0.7812, 0.2096
0.7812, 0.2096
0.7812, 0.2096
0.7812, 0.2096
0.7857, 0.2096
0.7857, 0.2096
0.7857, 0.2096
0.7857, 0.2096
0.7857, 0.2096
0.7857, 0.2096
0.7857, 0.2096
0.7857, 0.2096
0.7857, 0.2096
0.7857, 0.2096
0.7857, 0.2096
0.7857, 0.2096
0.7857, 0.2096
0.7857, 0.2096
0.7857, 0.2096
0.7857, 0.2096
0.7857, 0.2096
0.7857, 0.2096
0.7857, 0.2096
0.7857, 0.2096
0.7857, 0.2096
0.7857, 0.2096
0.7857, 0.2096
0.7902, 0.2096
0.7902, 0.2096
0.7946, 0.2096
0.7946, 0.2096
0.7946, 0.2096
0.7946, 0.2096
0.7946, 0.2096
0.7946, 0.2096
0.7991, 0.2096
0.7991, 0.2096
0.7991, 0.2096
0.7991, 0.2096
0.8036, 0.2096
0.8036, 0.2096
0.8036, 0.2096
0.8036, 0.2096
0.8036, 0.2096
0.8080, 0.2096
0.8080, 0.2096
0.8080, 0.2096
0.8080, 0.2096
0.8080, 0.2096
0.8080, 0.2096
0.8125, 0.2096
0.8125, 0.2096
0.8170, 0.2096
0.8170, 0.2096
0.8170, 0.2068
0.8170, 0.2068
0.8170, 0.2068
0.8170, 0.2068
0.8214, 0.2068
0.8214, 0.2068
0.8259, 0.2068
0.8304, 0.2068
0.8304, 0.2068
0.8304, 0.2068
0.8304, 0.2068
0.8304, 0.2068
0.8348, 0.2068
0.8348, 0.2068
0.8393, 0.2068
0.8393, 0.2068
0.8393, 0.2068
0.8393, 0.2068
0.8393, 0.2068
0.8393, 0.2068
0.8393, 0.2068
0.8393, 0.2068
0.8438, 0.2068
0.8438, 0.2068
0.8438, 0.2040
0.8438, 0.2040
0.8482, 0.2040
0.8482, 0.2040
0.8482, 0.2040
0.8482, 0.2040
0.8482, 0.2040
0.8482, 0.2040
0.8482, 0.2040
0.8482, 0.2040
0.8527, 0.2040
0.8527, 0.2040
0.8527, 0.2040
0.8527, 0.2040
0.8571, 0.2040
0.8571, 0.2040
0.8571, 0.2040
0.8571, 0.2040
0.8616, 0.2040
0.8616, 0.2040
0.8616, 0.2040
0.8616, 0.2040
0.8616, 0.2040
0.8616, 0.2040
0.8616, 0.2040
0.8661, 0.2040
0.8661, 0.2040
0.8661, 0.2040
0.8661, 0.2040
0.8705, 0.2011
0.8705, 0.2011
0.8705, 0.2011
0.8705, 0.2011
0.8705, 0.2011
0.8705, 0.2011
0.8750, 0.2011
0.8750, 0.2011
0.8795, 0.2011
0.8795, 0.2011
0.8795, 0.2011
0.8795, 0.2011
0.8839, 0.2011
0.8839, 0.2011
0.8839, 0.2011
0.8839, 0.2011
0.8839, 0.2011
0.8839, 0.2011
0.8884, 0.2011
0.8884, 0.2011
0.8884, 0.2011
0.8884, 0.2011
0.8929, 0.2011
0.8929, 0.2011
0.8929, 0.1983
0.8929, 0.1983
0.8929, 0.1983
0.8929, 0.1983
0.8973, 0.1983
0.8973, 0.1983
0.8973, 0.1983
0.8973, 0.1983
0.9018, 0.1983
0.9018, 0.1983
0.9063, 0.1955
0.9063, 0.1955
0.9063, 0.1955
0.9063, 0.1955
0.9063, 0.1955
0.9063, 0.1955
0.9063, 0.1955
0.9063, 0.1955
0.9107, 0.1955
0.9107, 0.1955
0.9107, 0.1955
0.9107, 0.1955
0.9152, 0.1955
0.9152, 0.1955
0.9152, 0.1926
0.9152, 0.1926
0.9152, 0.1926
0.9152, 0.1926
0.9152, 0.1926
0.9152, 0.1926
0.9152, 0.1926
0.9152, 0.1926
0.9196, 0.1926
0.9196, 0.1926
0.9196, 0.1898
0.9196, 0.1898
0.9241, 0.1898
0.9241, 0.1898
0.9241, 0.1898
0.9241, 0.1898
0.9286, 0.1898
0.9286, 0.1898
0.9286, 0.1898
0.9286, 0.1898
0.9286, 0.1898
0.9286, 0.1898
0.9286, 0.1898
0.9286, 0.1898
0.9286, 0.1898
0.9286, 0.1898
0.9286, 0.1870
0.9286, 0.1870
0.9330, 0.1870
0.9330, 0.1870
0.9330, 0.1870
0.9330, 0.1870
0.9375, 0.1841
0.9375, 0.1841
0.9375, 0.1841
0.9375, 0.1841
0.9375, 0.1813
0.9375, 0.1813
0.9375, 0.1813
0.9375, 0.1813
0.9420, 0.1813
0.9420, 0.1813
0.9420, 0.1813
0.9420, 0.1813
0.9420, 0.1813
0.9420, 0.1813
0.9464, 0.1813
0.9464, 0.1813
0.9464, 0.1813
0.9464, 0.1813
0.9509, 0.1785
0.9509, 0.1785
0.9509, 0.1785
0.9509, 0.1785
0.9509, 0.1756
0.9509, 0.1756
0.9554, 0.1756
0.9554, 0.1756
0.9598, 0.1756
0.9598, 0.1756
0.9598, 0.1756
0.9598, 0.1756
0.9598, 0.1728
0.9598, 0.1728
0.9643, 0.1728
0.9643, 0.1700
0.9643, 0.1700
0.9687, 0.1700
0.9687, 0.1700
0.9732, 0.1671
0.9732, 0.1671
0.9732, 0.1671
0.9732, 0.1671
0.9732, 0.1671
0.9732, 0.1671
0.9732, 0.1671
0.9732, 0.1671
0.9732, 0.1671
0.9732, 0.1671
0.9732, 0.1671
0.9777, 0.1671
0.9777, 0.1671
0.9777, 0.1671
0.9777, 0.1671
0.9821, 0.1671
0.9821, 0.1671
0.9821, 0.1643
0.9821, 0.1643
0.9821, 0.1643
0.9821, 0.1643
0.9821, 0.1643
0.9821, 0.1643
0.9821, 0.1615
0.9821, 0.1615
0.9821, 0.1615
0.9821, 0.1615
0.9821, 0.1615
0.9821, 0.1615
0.9866, 0.1615
0.9866, 0.1615
0.9866, 0.1615
0.9866, 0.1615
0.9866, 0.1615
0.9866, 0.1615
0.9866, 0.1615
0.9866, 0.1615
0.9911, 0.1615
0.9911, 0.1615
0.9911, 0.1615
0.9911, 0.1615
0.9911, 0.1615
0.9911, 0.1615
0.9911, 0.1586
0.9911, 0.1586
0.9911, 0.1586
0.9911, 0.1586
0.9911, 0.1586
0.9911, 0.1586
0.9911, 0.1586
0.9911, 0.1558
0.9911, 0.1558
0.9911, 0.1558
0.9911, 0.1558
0.9911, 0.1558
0.9911, 0.1558
0.9911, 0.1530
0.9911, 0.1530
0.9911, 0.1530
0.9911, 0.1530
0.9911, 0.1530
0.9911, 0.1530
0.9911, 0.1530
0.9911, 0.1530
0.9911, 0.1501
0.9911, 0.1501
0.9911, 0.1501
0.9911, 0.1501
0.9911, 0.1501
0.9911, 0.1501
0.9955, 0.1473
0.9955, 0.1473
0.9955, 0.1473
0.9955, 0.1473
0.9955, 0.1473
0.9955, 0.1473
0.9955, 0.1473
0.9955, 0.1473
0.9955, 0.1445
0.9955, 0.1445
0.9955, 0.1416
0.9955, 0.1416
0.9955, 0.1416
0.9955, 0.1416
0.9955, 0.1388
0.9955, 0.1388
1.0000, 0.1388
1.0000, 0.1388
1.0000, 0.1388
1.0000, 0.1388
1.0000, 0.1388
1.0000, 0.1360
1.0000, 0.1360
1.0000, 0.1360
1.0000, 0.1360
1.0000, 0.1360
1.0000, 0.1331
1.0000, 0.1331
1.0000, 0.1331
1.0000, 0.1331
1.0000, 0.1331
1.0000, 0.1331
1.0000, 0.1331
1.0000, 0.1331
1.0000, 0.1303
1.0000, 0.1303
1.0000, 0.1303
1.0000, 0.1303
1.0000, 0.1303
1.0000, 0.1303
1.0000, 0.1275
1.0000, 0.1275
1.0000, 0.1275
1.0000, 0.1275
1.0000, 0.1246
1.0000, 0.1246
1.0000, 0.1246
1.0000, 0.1246
1.0000, 0.1246
1.0000, 0.1246
1.0000, 0.1218
1.0000, 0.1218
1.0000, 0.1218
1.0000, 0.1218
1.0000, 0.1190
1.0000, 0.1190
1.0000, 0.1190
1.0000, 0.1190
1.0000, 0.1190
1.0000, 0.1190
1.0000, 0.1190
1.0000, 0.1190
1.0000, 0.1161
1.0000, 0.1161
1.0000, 0.1161
1.0000, 0.1161
1.0000, 0.1133
1.0000, 0.1133
1.0000, 0.1133
1.0000, 0.1133
1.0000, 0.1133
1.0000, 0.1105
1.0000, 0.1105
1.0000, 0.1105
1.0000, 0.1105
1.0000, 0.1105
1.0000, 0.1105
1.0000, 0.1105
1.0000, 0.1105
1.0000, 0.1076
1.0000, 0.1076
1.0000, 0.1048
1.0000, 0.1048
1.0000, 0.1048
1.0000, 0.1048
1.0000, 0.1048
1.0000, 0.1048
1.0000, 0.1048
1.0000, 0.1048
1.0000, 0.1020
1.0000, 0.1020
1.0000, 0.1020
1.0000, 0.1020
1.0000, 0.0992
1.0000, 0.0992
1.0000, 0.0992
1.0000, 0.0992
1.0000, 0.0992
1.0000, 0.0992
1.0000, 0.0992
1.0000, 0.0992
1.0000, 0.0992
1.0000, 0.0963
1.0000, 0.0963
1.0000, 0.0963
1.0000, 0.0935
1.0000, 0.0935
1.0000, 0.0907
1.0000, 0.0907
1.0000, 0.0907
1.0000, 0.0907
1.0000, 0.0907
1.0000, 0.0907
1.0000, 0.0878
1.0000, 0.0878
1.0000, 0.0850
1.0000, 0.0850
1.0000, 0.0850
1.0000, 0.0850
1.0000, 0.0850
1.0000, 0.0850
1.0000, 0.0822
1.0000, 0.0822
1.0000, 0.0822
1.0000, 0.0822
1.0000, 0.0793
1.0000, 0.0793
1.0000, 0.0793
1.0000, 0.0765
1.0000, 0.0765
1.0000, 0.0765
1.0000, 0.0765
1.0000, 0.0765
1.0000, 0.0765
1.0000, 0.0765
1.0000, 0.0765
1.0000, 0.0765
1.0000, 0.0765
1.0000, 0.0765
1.0000, 0.0765
1.0000, 0.0737
1.0000, 0.0737
1.0000, 0.0737
1.0000, 0.0737
1.0000, 0.0708
1.0000, 0.0708
1.0000, 0.0708
1.0000, 0.0708
1.0000, 0.0708
1.0000, 0.0708
1.0000, 0.0708
1.0000, 0.0708
0.9955, 0.0680
0.9955, 0.0680
0.9955, 0.0680
0.9955, 0.0680
0.9955, 0.0680
0.9955, 0.0680
0.9955, 0.0652
0.9955, 0.0652
0.9955, 0.0652
0.9955, 0.0652
0.9955, 0.0652
0.9955, 0.0623
0.9955, 0.0623
0.9955, 0.0623
0.9955, 0.0623
0.9955, 0.0623
0.9955, 0.0623
0.9955, 0.0623
0.9955, 0.0623
0.9911, 0.0595
0.9911, 0.0595
0.9911, 0.0595
0.9911, 0.0595
0.9911, 0.0595
0.9911, 0.0595
0.9911, 0.0567
0.9911, 0.0567
0.9866, 0.0567
0.9866, 0.0567
0.9866, 0.0567
0.9866, 0.0567
0.9866, 0.0567
0.9866, 0.0567
0.9866, 0.0567
0.9866, 0.0567
0.9866, 0.0567
0.9866, 0.0567
0.9866, 0.0538
0.9866, 0.0538
0.9821, 0.0538
0.9821, 0.0538
0.9821, 0.0510
0.9821, 0.0510
0.9821, 0.0510
0.9821, 0.0510
0.9777, 0.0510
0.9777, 0.0482
0.9777, 0.0482
0.9777, 0.0482
0.9777, 0.0482
0.9777, 0.0482
0.9777, 0.0482
0.9777, 0.0482
0.9777, 0.0482
0.9777, 0.0482
0.9777, 0.0482
0.9732, 0.0482
0.9732, 0.0482
0.9732, 0.0453
0.9732, 0.0453
0.9687, 0.0453
0.9687, 0.0453
0.9687, 0.0453
0.9687, 0.0453
0.9687, 0.0425
0.9687, 0.0425
0.9643, 0.0425
0.9643, 0.0425
0.9643, 0.0425
0.9643, 0.0425
0.9643, 0.0425
0.9598, 0.0397
0.9598, 0.0397
0.9598, 0.0397
0.9598, 0.0397
0.9554, 0.0368
0.9554, 0.0368
0.9554, 0.0368
0.9554, 0.0368
0.9554, 0.0368
0.9554, 0.0368
0.9554, 0.0368
0.9554, 0.0368
0.9554, 0.0340
0.9554, 0.0340
0.9509, 0.0340
0.9509, 0.0340
0.9509, 0.0340
0.9509, 0.0340
0.9464, 0.0340
0.9464, 0.0340
0.9420, 0.0312
0.9420, 0.0312
0.9420, 0.0312
0.9420, 0.0312
0.9420, 0.0312
0.9420, 0.0312
0.9375, 0.0283
0.9375, 0.0283
0.9375, 0.0283
0.9330, 0.0283
0.9330, 0.0283
0.9330, 0.0283
0.9330, 0.0283
0.9330, 0.0283
0.9330, 0.0283
0.9330, 0.0283
0.9330, 0.0283
0.9286, 0.0255
0.9286, 0.0255
0.9286, 0.0255
0.9286, 0.0255
0.9241, 0.0255
0.9241, 0.0255
0.9241, 0.0227
0.9241, 0.0227
0.9196, 0.0227
0.9196, 0.0227
0.9196, 0.0227
0.9196, 0.0198
0.9196, 0.0198
0.9196, 0.0198
0.9196, 0.0198
0.9152, 0.0198
0.9152, 0.0198
0.9107, 0.0198
0.9107, 0.0198
0.9107, 0.0198
0.9107, 0.0198
0.9107, 0.0198
0.9107, 0.0198
0.9063, 0.0170
0.9063, 0.0170
0.9063, 0.0170
0.9063, 0.0170
0.9018, 0.0170
0.8973, 0.0170
0.8973, 0.0170
0.8973, 0.0142
0.8973, 0.0142
0.8929, 0.0142
0.8929, 0.0142
0.8884, 0.0142
0.8884, 0.0142
0.8884, 0.0142
0.8884, 0.0142
0.8839, 0.0142
0.8839, 0.0142
0.8839, 0.0142
0.8839, 0.0142
0.8795, 0.0142
0.8795, 0.0142
0.8750, 0.0113
0.8750, 0.0113
0.8750, 0.0113
0.8705, 0.0113
0.8705, 0.0113
0.8661, 0.0113
0.8661, 0.0113
0.8661, 0.0113
0.8661, 0.0113
0.8616, 0.0113
0.8616, 0.0113
0.8616, 0.0085
0.8571, 0.0085
0.8571, 0.0085
0.8527, 0.0085
0.8527, 0.0085
0.8527, 0.0085
0.8527, 0.0085
0.8527, 0.0085
0.8527, 0.0085
0.8482, 0.0085
0.8482, 0.0085
0.8438, 0.0085
0.8438, 0.0085
0.8438, 0.0085
0.8438, 0.0085
0.8393, 0.0085
0.8348, 0.0085
0.8348, 0.0085
0.8348, 0.0085
0.8348, 0.0085
0.8304, 0.0085
0.8304, 0.0085
0.8259, 0.0085
0.8259, 0.0085
0.8214, 0.0085
0.8214, 0.0085
0.8214, 0.0085
0.8214, 0.0085
0.8170, 0.0085
0.8170, 0.0085
0.8125, 0.0085
0.8125, 0.0085
0.8125, 0.0085
0.8080, 0.0085
0.8080, 0.0085
0.8036, 0.0085
0.8036, 0.0085
0.7991, 0.0085
0.7991, 0.0085
0.7991, 0.0085
0.7991, 0.0085
0.7991, 0.0085
0.7991, 0.0085
0.7946, 0.0057
0.7946, 0.0057
0.7902, 0.0057
0.7902, 0.0057
0.7902, 0.0057
0.7857, 0.0057
0.7857, 0.0057
0.7857, 0.0057
0.7857, 0.0057
0.7812, 0.0057
0.7812, 0.0057
0.7768, 0.0057
0.7768, 0.0057
0.7768, 0.0057
0.7768, 0.0057
0.7768, 0.0057
0.7768, 0.0057
0.7723, 0.0057
0.7679, 0.0057
0.7679, 0.0057
0.7679, 0.0057
0.7679, 0.0057
0.7634, 0.0057
0.7634, 0.0057
0.7589, 0.0057
0.7589, 0.0057
0.7545, 0.0057
0.7545, 0.0057
0.7545, 0.0057
0.7545, 0.0057
0.7545, 0.0057
0.7545, 0.0057
0.7500, 0.0057
0.7455, 0.0057
0.7455, 0.0057
0.7411, 0.0057
0.7411, 0.0057
0.7366, 0.0057
0.7366, 0.0057
0.7321, 0.0057
0.7321, 0.0057
0.7321, 0.0057
0.7277, 0.0057
0.7277, 0.0057
0.7187, 0.0057
0.7187, 0.0057
0.7187, 0.0057
0.7187, 0.0057
0.7143, 0.0057
0.7143, 0.0057
0.7098, 0.0057
0.7098, 0.0057
0.7098, 0.0057
0.7098, 0.0057
0.7098, 0.0057
0.7054, 0.0057
0.7054, 0.0057
0.7054, 0.0057
0.7054, 0.0057
0.7009, 0.0057
0.7009, 0.0057
0.7009, 0.0057
0.7009, 0.0057
0.6964, 0.0057
0.6964, 0.0057
0.6964, 0.0057
0.6964, 0.0057
0.6964, 0.0057
0.6964, 0.0057
0.6964, 0.0057
0.6964, 0.0057
0.6964, 0.0057
0.6964, 0.0057
0.6964, 0.0057
0.6964, 0.0057
0.6964, 0.0057
0.6964, 0.0057
0.6964, 0.0057
0.6964, 0.0057
0.6964, 0.0057
0.6964, 0.0057
0.6964, 0.0057
0.6964, 0.0057
0.6964, 0.0057
0.6964, 0.0057
0.6964, 0.0057
0.6964, 0.0057
0.6964, 0.0057
0.6964, 0.0057
0.6964, 0.0057
0.6964, 0.0057
0.6964, 0.0057
0.6964, 0.0057
0.6964, 0.0057
0.6964, 0.0057
0.6964, 0.0057
0.6964, 0.0057
0.6964, 0.0057
0.6964, 0.0057
0.6964, 0.0057
0.6964, 0.0057
0.6964, 0.0057
0.6964, 0.0057
0.6964, 0.0057
0.6964, 0.0057
0.6964, 0.0057
0.6964, 0.0028
0.6964, 0.0028
0.6920, 0.0028
0.6920, 0.0028
0.6920, 0.0028
0.6920, 0.0028
0.6920, 0.0028
0.6920, 0.0028
0.6920, 0.0028
0.6920, 0.0028
0.6875, 0.0028
0.6875, 0.0028
0.6875, 0.0028
0.6875, 0.0028
0.6875, 0.0000
0.6875, 0.0000
0.6875, 0.0000
0.6875, 0.0000
0.6875, 0.0000
0.6875, 0.0000
0.6875, 0.0000
0.6875, 0.0000
0.6875, 0.0000
0.6830, 0.0000
0.6830, 0.0000
0.6830, 0.0000
0.6830, 0.0000
0.6830, 0.0000
0.6830, 0.0000
0.6830, 0.0000
0.6830, 0.0000
0.6830, 0.0000
0.6830, 0.0000
0.6830, 0.0000
0.6830, 0.0000
0.6830, 0.0000
0.6830, 0.0000
0.6786, 0.0000
0.6786, 0.0000
0.6786, 0.0000
0.6786, 0.0000
0.6786, 0.0000
0.6786, 0.0000
0.6786, 0.0000
0.6786, 0.0000
0.6786, 0.0000
0.6786, 0.0000
0.6786, 0.0000
0.6786, 0.0000
0.6786, 0.0000
0.6786, 0.0000
0.6786, 0.0000
0.6786, 0.0000
0.6786, 0.0000
0.6786, 0.0000
0.6786, 0.0000
0.6786, 0.0000
0.6786, 0.0000
0.6741, 0.0000
0.6741, 0.0000
0.6741, 0.0000
0.6741, 0.0000
0.6741, 0.0000
0.6741, 0.0000
0.6741, 0.0000
0.6741, 0.0000
0.6741, 0.0000
0.6741, 0.0000
0.6741, 0.0000
0.6741, 0.0000
0.6741, 0.0000
0.6741, 0.0000
0.6741, 0.0000
0.6741, 0.0000
0.6741, 0.0000
0.6741, 0.0000
0.6741, 0.0000
0.6741, 0.0000
0.6741, 0.0000
0.6741, 0.0000
0.6741, 0.0000
0.6741, 0.0000
0.6741, 0.0000
0.6741, 0.0000
0.6741, 0.0000
0.6741, 0.0000
0.6741, 0.0000
0.6741, 0.0000
0.6741, 0.0000
0.6741, 0.0000
0.6741, 0.0028
0.6830, 0.0057
0.0000, 1.0000
0.0000, 1.0000
0.0000, 1.0000
0.0000, 1.0000
0.0000, 1.0000
0.0000, 1.0000
0.0000, 1.0000
0.0000, 1.0000
0.0000, 1.0000
0.0000, 1.0000
0.0000, 1.0000
0.0000, 1.0000
0.0000, 1.0000
0.0000, 1.0000
0.0000, 1.0000
0.0000, 1.0000
0.0000, 1.0000
0.0000, 1.0000
0.0000, 1.0000
0.0000, 1.0000
0.0000, 1.0000
0.0000, 1.0000
0.0000, 1.0000
0.0000, 1.0000
0.0000, 1.0000
0.0000, 1.0000
0.0000, 1.0000
0.0000, 1.0000
0.0000, 1.0000
0.0000, 1.0000
0.0000, 1.0000
0.0000, 1.0000
0.0000, 1.0000
0.0000, 1.0000
