0.0725, 0.4000
0.0725, 0.4000
0.0725, 0.4000
0.0725, 0.4000
0.0725, 0.4000
0.0725, 0.4000
0.0725, 0.4000
0.0725, 0.4000
0.0725, 0.4000
0.0725, 0.4000
0.0725, 0.4000
0.0725, 0.4000
0.0725, 0.4000
0.0725, 0.4000
0.0725, 0.4000
0.0725, 0.4000
0.0725, 0.4000
0.0725, 0.4000
0.0725, 0.4000
0.0725, 0.4000
0.0725, 0.4000
0.0725, 0.4000
0.0725, 0.4000
0.0725, 0.4000
0.0725, 0.4000
0.0725, 0.4000
0.0725, 0.4000
0.0725, 0.4000
0.0725, 0.4000
0.0725, 0.4000
0.0725, 0.4000
0.0725, 0.4000
0.0725, 0.4000
0.0725, 0.4000
0.0725, 0.4000
0.0725, 0.4000
0.0725, 0.4000
0.0725, 0.4000
0.0725, 0.4000
0.0725, 0.4000
0.0725, 0.4000
0.0725, 0.4000
0.0725, 0.4000
0.0725, 0.4000
0.0725, 0.4000
0.0725, 0.4000
0.0725, 0.4000
0.0725, 0.4000
0.0725, 0.4000
0.0725, 0.4000
0.0725, 0.4000
0.0725, 0.4000
0.0725, 0.4000
0.0725, 0.4000
0.0725, 0.4000
0.0725, 0.4000
0.0725, 0.4000
0.0725, 0.4000
0.0725, 0.4000
0.0725, 0.4000
0.0725, 0.4000
0.0725, 0.4000
0.0725, 0.4000
0.0725, 0.4000
0.0725, 0.4000
0.0725, 0.4000
0.0725, 0.4000
0.0725, 0.4000
0.0725, 0.4000
0.0725, 0.4000
0.0725, 0.4000
0.0725, 0.4000
0.0725, 0.4000
0.0725, 0.4000
0.0725, 0.4000
0.0725, 0.4000
0.0725, 0.4000
0.0725, 0.4000
0.0725, 0.4000
0.0725, 0.4000
0.0725, 0.4000
0.0725, 0.4000
0.0725, 0.4000
0.0725, 0.4000
0.0725, 0.4000
0.0725, 0.4000
0.0725, 0.4000
0.0725, 0.4000
0.0725, 0.4000
0.0725, 0.4000
0.0725, 0.4000
0.0725, 0.4000
0.0725, 0.4000
0.0725, 0.4000
0.0773, 0.4000
0.0773, 0.4000
0.0773, 0.4000
0.0773, 0.4000
0.0821, 0.4000
0.0821, 0.4000
0.0821, 0.4000
0.0821, 0.4000
0.0870, 0.4000
0.0870, 0.4000
0.0870, 0.4000
0.0918, 0.4000
0.0918, 0.4000
0.0918, 0.4000
0.0918, 0.4000
0.0966, 0.4000
0.0966, 0.4000
0.0966, 0.4000
0.0966, 0.4000
0.1014, 0.4000
0.1014, 0.4000
0.1014, 0.4000
0.1014, 0.4000
0.1014, 0.4000
0.1063, 0.4000
0.1063, 0.4000
0.1063, 0.4000
0.1063, 0.4000
0.1111, 0.4000
0.1111, 0.4000
0.1111, 0.4000
0.1111, 0.4000
0.1111, 0.4000
0.1111, 0.4000
0.1111, 0.4000
0.1111, 0.4000
0.1159, 0.4000
0.1159, 0.4000
0.1159, 0.4000
0.1159, 0.4000
0.1208, 0.4000
0.1208, 0.4000
0.1208, 0.4000
0.1208, 0.4000
0.1208, 0.4000
0.1208, 0.4000
0.1208, 0.4000
0.1208, 0.4000
0.1208, 0.4000
0.1256, 0.4000
0.1256, 0.4000
0.1256, 0.4000
0.1256, 0.4000
0.1304, 0.4000
0.1304, 0.4000
0.1304, 0.4000
0.1304, 0.4000
0.1304, 0.4000
0.1304, 0.4000
0.1304, 0.4000
0.1304, 0.4000
0.1353, 0.4000
0.1353, 0.4000
0.1353, 0.4000
0.1353, 0.4000
0.1353, 0.4000
0.1353, 0.4000
0.1353, 0.4000
0.1353, 0.4000
0.1353, 0.4000
0.1401, 0.4000
0.1401, 0.4000
0.1401, 0.4000
0.1401, 0.4000
0.1401, 0.4000
0.1401, 0.4000
0.1401, 0.4000
0.1449, 0.4000
0.1449, 0.4000
0.1449, 0.4000
0.1449, 0.4000
0.1449, 0.4000
0.1449, 0.4000
0.1449, 0.4000
0.1449, 0.4000
0.1498, 0.4000
0.1498, 0.4000
0.1498, 0.4000
0.1498, 0.4000
0.1546, 0.4000
0.1546, 0.4000
0.1546, 0.4000
0.1546, 0.4000
0.1546, 0.4000
0.1546, 0.4000
0.1546, 0.4000
0.1546, 0.4000
0.1546, 0.4000
0.1594, 0.4000
0.1594, 0.4000
0.1594, 0.4000
0.1594, 0.4000
0.1594, 0.4000
0.1594, 0.4000
0.1594, 0.4000
0.1594, 0.4000
0.1594, 0.4000
0.1594, 0.4000
0.1594, 0.4000
0.1594, 0.4000
0.1594, 0.4000
0.1594, 0.4000
0.1594, 0.4000
0.1594, 0.4000
0.1594, 0.4000
0.1594, 0.4000
0.1643, 0.4000
0.1643, 0.4000
0.1643, 0.4000
0.1643, 0.4000
0.1643, 0.4000
0.1643, 0.4000
0.1643, 0.4000
0.1643, 0.4000
0.1691, 0.4000
0.1691, 0.4000
0.1691, 0.4000
0.1691, 0.4000
0.1691, 0.4000
0.1691, 0.4000
0.1691, 0.4000
0.1691, 0.4000
0.1691, 0.4000
0.1691, 0.4000
0.1691, 0.4000
0.1691, 0.4000
0.1691, 0.4000
0.1691, 0.4000
0.1691, 0.4000
0.1691, 0.4000
0.1691, 0.4000
0.1739, 0.4000
0.1739, 0.4000
0.1739, 0.4000
0.1739, 0.4000
0.1739, 0.4000
0.1739, 0.4000
0.1739, 0.4000
0.1739, 0.4000
0.1787, 0.4000
0.1787, 0.4000
0.1787, 0.4000
0.1787, 0.4000
0.1787, 0.4000
0.1787, 0.4000
0.1787, 0.4000
0.1787, 0.4000
0.1787, 0.4000
0.1836, 0.4000
0.1836, 0.4000
0.1836, 0.4000
0.1836, 0.4000
0.1836, 0.4000
0.1836, 0.4000
0.1836, 0.4000
0.1836, 0.4000
0.1836, 0.4000
0.1836, 0.4000
0.1836, 0.4000
0.1836, 0.4000
0.1836, 0.4000
0.1836, 0.4000
0.1836, 0.4000
0.1836, 0.4000
0.1836, 0.4000
0.1884, 0.4000
0.1884, 0.4000
0.1884, 0.4000
0.1884, 0.4000
0.1932, 0.4000
0.1932, 0.4000
0.1932, 0.4000
0.1932, 0.4000
0.1932, 0.4000
0.1932, 0.4000
0.1932, 0.4000
0.1932, 0.4000
0.1932, 0.4000
0.1932, 0.4000
0.1932, 0.4000
0.1932, 0.4000
0.1981, 0.4000
0.1981, 0.4000
0.1981, 0.4000
0.1981, 0.4000
0.2029, 0.4000
0.2029, 0.4000
0.2029, 0.4000
0.2029, 0.4000
0.2029, 0.4000
0.2029, 0.4000
0.2029, 0.4000
0.2029, 0.4000
0.2029, 0.4000
0.2029, 0.4000
0.2029, 0.4000
0.2029, 0.4000
0.2029, 0.4000
0.2077, 0.4000
0.2077, 0.4000
0.2077, 0.4000
0.2077, 0.4000
0.2077, 0.4000
0.2077, 0.4000
0.2077, 0.4000
0.2077, 0.4000
0.2077, 0.4000
0.2077, 0.4000
0.2077, 0.4000
0.2077, 0.4000
0.2077, 0.4000
0.2077, 0.4000
0.2077, 0.4000
0.2077, 0.4000
0.2077, 0.4000
0.2126, 0.4000
0.2126, 0.4000
0.2126, 0.4000
0.2126, 0.4000
0.2174, 0.4000
0.2174, 0.4000
0.2174, 0.4000
0.2174, 0.4000
0.2174, 0.4000
0.2174, 0.4000
0.2174, 0.4000
0.2174, 0.4000
0.2174, 0.4000
0.2174, 0.4000
0.2174, 0.4000
0.2174, 0.4000
0.2222, 0.4000
0.2222, 0.4000
0.2222, 0.4000
0.2222, 0.4000
0.2222, 0.4000
0.2222, 0.4000
0.2222, 0.4000
0.2222, 0.4000
0.2222, 0.4000
0.2222, 0.4000
0.2222, 0.4000
0.2222, 0.4000
0.2222, 0.4000
0.2271, 0.4000
0.2271, 0.4000
0.2271, 0.4000
0.2271, 0.4000
0.2271, 0.4000
0.2271, 0.4000
0.2271, 0.4000
0.2271, 0.4000
0.2271, 0.4000
0.2271, 0.4000
0.2271, 0.4000
0.2271, 0.4000
0.2271, 0.4000
0.2271, 0.4000
0.2271, 0.4000
0.2271, 0.4000
0.2271, 0.4000
0.2271, 0.4000
0.2271, 0.4000
0.2271, 0.4000
0.2271, 0.4000
0.2271, 0.4000
0.2271, 0.4000
0.2271, 0.4000
0.2271, 0.4000
0.2271, 0.4000
0.2319, 0.4000
0.2319, 0.4000
0.2319, 0.4000
0.2319, 0.4000
0.2319, 0.4000
0.2319, 0.4000
0.2319, 0.4000
0.2319, 0.4000
0.2319, 0.4000
0.2319, 0.4000
0.2319, 0.4000
0.2319, 0.4000
0.2319, 0.4000
0.2319, 0.4000
0.2319, 0.4000
0.2319, 0.4000
0.2319, 0.4000
0.2319, 0.4000
0.2319, 0.4000
0.2319, 0.4000
0.2367, 0.4000
0.2367, 0.4000
0.2367, 0.4000
0.2367, 0.4000
0.2367, 0.4000
0.2367, 0.4000
0.2367, 0.4000
0.2367, 0.4000
0.2367, 0.4000
0.2367, 0.4000
0.2367, 0.4000
0.2367, 0.4000
0.2367, 0.4000
0.2367, 0.4000
0.2367, 0.4000
0.2367, 0.4000
0.2367, 0.4000
0.2367, 0.4000
0.2367, 0.4000
0.2367, 0.4000
0.2367, 0.4000
0.2367, 0.4000
0.2367, 0.4000
0.2367, 0.4000
0.2367, 0.4000
0.2367, 0.4000
0.2367, 0.4000
0.2367, 0.4000
0.2367, 0.4000
0.2367, 0.4000
0.2367, 0.4000
0.2367, 0.4000
0.2367, 0.4000
0.2367, 0.4000
0.2367, 0.4000
0.2367, 0.4000
0.2367, 0.4000
0.2367, 0.4000
0.2415, 0.4000
0.2415, 0.4000
0.2415, 0.4000
0.2415, 0.4000
0.2415, 0.4000
0.2415, 0.4000
0.2415, 0.4000
0.2415, 0.4000
0.2415, 0.4000
0.2415, 0.4000
0.2415, 0.4000
0.2415, 0.4000
0.2415, 0.4000
0.2415, 0.4000
0.2415, 0.4000
0.2415, 0.4000
0.2415, 0.4000
0.2415, 0.4000
0.2415, 0.4000
0.2415, 0.4000
0.2415, 0.4000
0.2415, 0.4000
0.2415, 0.4000
0.2415, 0.4000
0.2415, 0.4000
0.2415, 0.4000
0.2415, 0.4000
0.2415, 0.4000
0.2415, 0.4000
0.2415, 0.4000
0.2415, 0.4000
0.2415, 0.4000
0.2415, 0.4000
0.2415, 0.4000
0.2415, 0.4000
0.2415, 0.4000
0.2415, 0.4000
0.2415, 0.4000
0.2415, 0.4000
0.2415, 0.4000
0.2415, 0.4000
0.2415, 0.4000
0.2415, 0.4000
0.2415, 0.4000
0.2415, 0.4000
0.2415, 0.3972
0.2415, 0.3972
0.2415, 0.3972
0.2415, 0.3972
0.2464, 0.3972
0.2464, 0.3972
0.2464, 0.3972
0.2464, 0.3972
0.2464, 0.3972
0.2464, 0.3972
0.2464, 0.3972
0.2464, 0.3972
0.2464, 0.3944
0.2464, 0.3944
0.2464, 0.3944
0.2464, 0.3944
0.2464, 0.3944
0.2464, 0.3944
0.2464, 0.3944
0.2464, 0.3944
0.2464, 0.3944
0.2464, 0.3944
0.2464, 0.3944
0.2464, 0.3944
0.2512, 0.3915
0.2512, 0.3915
0.2512, 0.3915
0.2512, 0.3915
0.2512, 0.3915
0.2512, 0.3915
0.2512, 0.3915
0.2512, 0.3915
0.2512, 0.3915
0.2512, 0.3915
0.2512, 0.3915
0.2512, 0.3915
0.2512, 0.3915
0.2512, 0.3915
0.2512, 0.3915
0.2512, 0.3915
0.2512, 0.3915
0.2512, 0.3915
0.2512, 0.3915
0.2512, 0.3915
0.2512, 0.3915
0.2560, 0.3887
0.2560, 0.3887
0.2560, 0.3887
0.2560, 0.3887
0.2560, 0.3887
0.2560, 0.3887
0.2560, 0.3887
0.2560, 0.3887
0.2560, 0.3859
0.2560, 0.3859
0.2560, 0.3859
0.2560, 0.3859
0.2560, 0.3859
0.2560, 0.3859
0.2560, 0.3859
0.2560, 0.3859
0.2560, 0.3859
0.2560, 0.3859
0.2560, 0.3859
0.2560, 0.3859
0.2560, 0.3831
0.2560, 0.3831
0.2560, 0.3831
0.2560, 0.3831
0.2560, 0.3803
0.2560, 0.3803
0.2560, 0.3803
0.2560, 0.3775
0.2560, 0.3775
0.2560, 0.3775
0.2560, 0.3775
0.2560, 0.3775
0.2560, 0.3775
0.2560, 0.3775
0.2560, 0.3775
0.2560, 0.3775
0.2560, 0.3775
0.2560, 0.3775
0.2560, 0.3775
0.2560, 0.3746
0.2560, 0.3746
0.2560, 0.3746
0.2560, 0.3746
0.2560, 0.3746
0.2560, 0.3746
0.2560, 0.3746
0.2609, 0.3718
0.2609, 0.3718
0.2609, 0.3718
0.2609, 0.3718
0.2609, 0.3718
0.2609, 0.3718
0.2609, 0.3718
0.2609, 0.3718
0.2609, 0.3718
0.2609, 0.3718
0.2609, 0.3718
0.2609, 0.3718
0.2609, 0.3718
0.2609, 0.3718
0.2609, 0.3718
0.2609, 0.3718
0.2609, 0.3690
0.2609, 0.3690
0.2609, 0.3690
0.2609, 0.3690
0.2609, 0.3690
0.2609, 0.3690
0.2609, 0.3690
0.2609, 0.3662
0.2609, 0.3662
0.2609, 0.3662
0.2609, 0.3662
0.2609, 0.3634
0.2609, 0.3634
0.2609, 0.3634
0.2609, 0.3634
0.2609, 0.3634
0.2609, 0.3634
0.2609, 0.3634
0.2609, 0.3634
0.2657, 0.3634
0.2657, 0.3634
0.2657, 0.3634
0.2657, 0.3634
0.2657, 0.3634
0.2657, 0.3634
0.2657, 0.3634
0.2657, 0.3606
0.2657, 0.3606
0.2657, 0.3606
0.2657, 0.3606
0.2657, 0.3606
0.2657, 0.3606
0.2657, 0.3606
0.2657, 0.3577
0.2657, 0.3577
0.2657, 0.3577
0.2657, 0.3577
0.2657, 0.3577
0.2657, 0.3577
0.2657, 0.3577
0.2657, 0.3577
0.2657, 0.3577
0.2657, 0.3577
0.2657, 0.3577
0.2657, 0.3577
0.2657, 0.3577
0.2657, 0.3577
0.2657, 0.3577
0.2657, 0.3577
0.2657, 0.3577
0.2657, 0.3577
0.2657, 0.3577
0.2657, 0.3549
0.2657, 0.3549
0.2657, 0.3549
0.2657, 0.3549
0.2657, 0.3549
0.2657, 0.3549
0.2657, 0.3549
0.2657, 0.3549
0.2657, 0.3521
0.2657, 0.3521
0.2657, 0.3521
0.2657, 0.3521
0.2657, 0.3521
0.2657, 0.3521
0.2657, 0.3521
0.2657, 0.3521
0.2657, 0.3493
0.2657, 0.3493
0.2657, 0.3493
0.2657, 0.3493
0.2657, 0.3493
0.2657, 0.3493
0.2657, 0.3493
0.2657, 0.3493
0.2657, 0.3493
0.2657, 0.3493
0.2657, 0.3493
0.2657, 0.3493
0.2657, 0.3493
0.2657, 0.3493
0.2657, 0.3493
0.2657, 0.3465
0.2657, 0.3465
0.2657, 0.3465
0.2657, 0.3465
0.2657, 0.3437
0.2657, 0.3437
0.2657, 0.3437
0.2657, 0.3437
0.2657, 0.3437
0.2657, 0.3437
0.2657, 0.3437
0.2657, 0.3437
0.2657, 0.3437
0.2657, 0.3437
0.2657, 0.3437
0.2657, 0.3408
0.2657, 0.3408
0.2657, 0.3408
0.2657, 0.3408
0.2657, 0.3408
0.2657, 0.3408
0.2657, 0.3408
0.2657, 0.3408
0.2657, 0.3380
0.2657, 0.3380
0.2657, 0.3380
0.2657, 0.3380
0.2657, 0.3380
0.2657, 0.3380
0.2657, 0.3380
0.2657, 0.3380
0.2657, 0.3380
0.2657, 0.3380
0.2657, 0.3380
0.2657, 0.3380
0.2657, 0.3380
0.2657, 0.3380
0.2657, 0.3380
0.2657, 0.3352
0.2657, 0.3352
0.2657, 0.3352
0.2657, 0.3352
0.2657, 0.3352
0.2657, 0.3352
0.2657, 0.3352
0.2657, 0.3352
0.2657, 0.3324
0.2657, 0.3324
0.2657, 0.3324
0.2657, 0.3324
0.2657, 0.3324
0.2657, 0.3324
0.2657, 0.3324
0.2657, 0.3296
0.2657, 0.3296
0.2657, 0.3296
0.2657, 0.3296
0.2657, 0.3296
0.2657, 0.3296
0.2657, 0.3296
0.2657, 0.3296
0.2657, 0.3296
0.2657, 0.3296
0.2657, 0.3296
0.2657, 0.3296
0.2657, 0.3268
0.2657, 0.3268
0.2657, 0.3268
0.2657, 0.3268
0.2657, 0.3268
0.2657, 0.3268
0.2657, 0.3268
0.2657, 0.3239
0.2657, 0.3239
0.2657, 0.3239
0.2657, 0.3239
0.2657, 0.3239
0.2657, 0.3239
0.2657, 0.3239
0.2657, 0.3239
0.2657, 0.3239
0.2657, 0.3239
0.2657, 0.3239
0.2657, 0.3239
0.2657, 0.3239
0.2657, 0.3239
0.2657, 0.3239
0.2657, 0.3211
0.2657, 0.3211
0.2657, 0.3211
0.2657, 0.3211
0.2657, 0.3211
0.2657, 0.3211
0.2657, 0.3211
0.2657, 0.3183
0.2657, 0.3183
0.2657, 0.3183
0.2657, 0.3183
0.2657, 0.3183
0.2657, 0.3183
0.2657, 0.3183
0.2657, 0.3155
0.2657, 0.3155
0.2657, 0.3155
0.2657, 0.3155
0.2657, 0.3155
0.2657, 0.3155
0.2657, 0.3155
0.2657, 0.3155
0.2657, 0.3155
0.2657, 0.3155
0.2657, 0.3155
0.2657, 0.3155
0.2657, 0.3155
0.2657, 0.3155
0.2657, 0.3155
0.2657, 0.3127
0.2657, 0.3127
0.2657, 0.3127
0.2657, 0.3127
0.2657, 0.3127
0.2657, 0.3127
0.2657, 0.3099
0.2657, 0.3099
0.2657, 0.3099
0.2657, 0.3099
0.2657, 0.3099
0.2657, 0.3099
0.2657, 0.3099
0.2657, 0.3099
0.2657, 0.3099
0.2657, 0.3099
0.2657, 0.3099
0.2657, 0.3070
0.2657, 0.3070
0.2657, 0.3070
0.2705, 0.3042
0.2705, 0.3042
0.2705, 0.3042
0.2705, 0.3042
0.2705, 0.3042
0.2705, 0.3042
0.2705, 0.3042
0.2705, 0.3014
0.2705, 0.3014
0.2705, 0.3014
0.2705, 0.3014
0.2705, 0.3014
0.2705, 0.3014
0.2705, 0.3014
0.2705, 0.3014
0.2705, 0.3014
0.2705, 0.3014
0.2705, 0.3014
0.2705, 0.2986
0.2705, 0.2986
0.2705, 0.2986
0.2705, 0.2958
0.2705, 0.2958
0.2705, 0.2958
0.2705, 0.2958
0.2705, 0.2958
0.2705, 0.2958
0.2705, 0.2958
0.2705, 0.2958
0.2705, 0.2958
0.2705, 0.2958
0.2705, 0.2958
0.2705, 0.2930
0.2705, 0.2930
0.2705, 0.2930
0.2705, 0.2901
0.2705, 0.2901
0.2705, 0.2901
0.2705, 0.2901
0.2705, 0.2901
0.2705, 0.2901
0.2705, 0.2901
0.2705, 0.2901
0.2705, 0.2873
0.2705, 0.2873
0.2705, 0.2873
0.2705, 0.2873
0.2705, 0.2873
0.2705, 0.2873
0.2705, 0.2873
0.2705, 0.2873
0.2705, 0.2873
0.2705, 0.2873
0.2705, 0.2873
0.2705, 0.2845
0.2705, 0.2845
0.2705, 0.2845
0.2705, 0.2845
0.2705, 0.2845
0.2705, 0.2845
0.2705, 0.2845
0.2705, 0.2817
0.2705, 0.2817
0.2705, 0.2817
0.2705, 0.2817
0.2705, 0.2817
0.2705, 0.2817
0.2705, 0.2817
0.2705, 0.2817
0.2705, 0.2817
0.2705, 0.2817
0.2705, 0.2817
0.2705, 0.2817
0.2754, 0.2789
0.2754, 0.2789
0.2754, 0.2789
0.2754, 0.2761
0.2754, 0.2761
0.2754, 0.2761
0.2754, 0.2761
0.2754, 0.2761
0.2754, 0.2761
0.2754, 0.2761
0.2754, 0.2761
0.2754, 0.2732
0.2754, 0.2732
0.2754, 0.2732
0.2754, 0.2732
0.2754, 0.2732
0.2754, 0.2732
0.2754, 0.2732
0.2754, 0.2732
0.2754, 0.2732
0.2754, 0.2732
0.2754, 0.2704
0.2754, 0.2704
0.2754, 0.2704
0.2754, 0.2704
0.2754, 0.2704
0.2754, 0.2704
0.2754, 0.2704
0.2754, 0.2676
0.2754, 0.2676
0.2754, 0.2676
0.2754, 0.2676
0.2754, 0.2676
0.2754, 0.2676
0.2754, 0.2676
0.2754, 0.2676
0.2754, 0.2676
0.2754, 0.2676
0.2754, 0.2676
0.2754, 0.2648
0.2754, 0.2648
0.2754, 0.2648
0.2754, 0.2648
0.2754, 0.2648
0.2754, 0.2648
0.2754, 0.2648
0.2754, 0.2620
0.2754, 0.2620
0.2754, 0.2620
0.2754, 0.2620
0.2754, 0.2592
0.2754, 0.2592
0.2754, 0.2592
0.2754, 0.2592
0.2754, 0.2592
0.2754, 0.2592
0.2754, 0.2592
0.2754, 0.2592
0.2754, 0.2592
0.2754, 0.2592
0.2754, 0.2592
0.2754, 0.2592
0.2754, 0.2592
0.2754, 0.2592
0.2754, 0.2563
0.2754, 0.2563
0.2754, 0.2563
0.2754, 0.2535
0.2754, 0.2535
0.2754, 0.2535
0.2754, 0.2535
0.2754, 0.2535
0.2754, 0.2535
0.2754, 0.2535
0.2754, 0.2535
0.2754, 0.2535
0.2754, 0.2535
0.2754, 0.2507
0.2754, 0.2507
0.2754, 0.2507
0.2754, 0.2507
0.2754, 0.2507
0.2754, 0.2507
0.2754, 0.2507
0.2754, 0.2507
0.2754, 0.2507
0.2754, 0.2507
0.2754, 0.2507
0.2754, 0.2479
0.2754, 0.2479
0.2754, 0.2479
0.2754, 0.2479
0.2754, 0.2479
0.2754, 0.2479
0.2754, 0.2479
0.2754, 0.2479
0.2754, 0.2479
0.2754, 0.2479
0.2754, 0.2479
0.2754, 0.2479
0.2754, 0.2479
0.2754, 0.2479
0.2754, 0.2479
0.2754, 0.2479
0.2754, 0.2479
0.2754, 0.2479
0.2754, 0.2479
0.2754, 0.2479
0.2754, 0.2451
0.2754, 0.2451
0.2754, 0.2451
0.2754, 0.2423
0.2754, 0.2423
0.2754, 0.2423
0.2754, 0.2423
0.2754, 0.2423
0.2754, 0.2423
0.2754, 0.2423
0.2754, 0.2394
0.2754, 0.2394
0.2754, 0.2394
0.2754, 0.2394
0.2754, 0.2394
0.2754, 0.2394
0.2754, 0.2394
0.2754, 0.2394
0.2754, 0.2394
0.2754, 0.2394
0.2754, 0.2394
0.2754, 0.2394
0.2754, 0.2394
0.2754, 0.2394
0.2754, 0.2366
0.2754, 0.2366
0.2754, 0.2366
0.2754, 0.2366
0.2754, 0.2366
0.2754, 0.2366
0.2754, 0.2366
0.2754, 0.2338
0.2754, 0.2338
0.2754, 0.2338
0.2754, 0.2338
0.2754, 0.2338
0.2754, 0.2338
0.2754, 0.2338
0.2754, 0.2338
0.2754, 0.2338
0.2754, 0.2338
0.2754, 0.2338
0.2754, 0.2338
0.2754, 0.2338
0.2754, 0.2338
0.2754, 0.2338
0.2754, 0.2310
0.2754, 0.2310
0.2754, 0.2310
0.2754, 0.2310
0.2754, 0.2310
0.2754, 0.2310
0.2754, 0.2310
0.2754, 0.2282
0.2754, 0.2282
0.2754, 0.2282
0.2754, 0.2282
0.2754, 0.2282
0.2754, 0.2282
0.2754, 0.2254
0.2754, 0.2254
0.2754, 0.2254
0.2754, 0.2254
0.2754, 0.2254
0.2754, 0.2254
0.2754, 0.2254
0.2754, 0.2254
0.2754, 0.2254
0.2754, 0.2254
0.2754, 0.2254
0.2754, 0.2254
0.2754, 0.2254
0.2754, 0.2254
0.2754, 0.2254
0.2754, 0.2225
0.2754, 0.2225
0.2754, 0.2225
0.2754, 0.2197
0.2754, 0.2197
0.2754, 0.2197
0.2754, 0.2197
0.2754, 0.2197
0.2754, 0.2197
0.2754, 0.2197
0.2754, 0.2197
0.2754, 0.2197
0.2754, 0.2197
0.2754, 0.2197
0.2754, 0.2197
0.2754, 0.2197
0.2754, 0.2197
0.2754, 0.2169
0.2754, 0.2169
0.2754, 0.2169
0.2754, 0.2169
0.2754, 0.2169
0.2754, 0.2169
0.2754, 0.2169
0.2754, 0.2169
0.2754, 0.2141
0.2754, 0.2141
0.2754, 0.2141
0.2754, 0.2141
0.2754, 0.2141
0.2754, 0.2141
0.2754, 0.2113
0.2754, 0.2113
0.2754, 0.2113
0.2754, 0.2113
0.2754, 0.2113
0.2754, 0.2113
0.2754, 0.2113
0.2754, 0.2113
0.2754, 0.2113
0.2754, 0.2113
0.2754, 0.2113
0.2754, 0.2085
0.2754, 0.2085
0.2754, 0.2085
0.2754, 0.2085
0.2754, 0.2085
0.2754, 0.2085
0.2754, 0.2085
0.2754, 0.2056
0.2754, 0.2056
0.2754, 0.2056
0.2754, 0.2056
0.2754, 0.2056
0.2754, 0.2056
0.2754, 0.2056
0.2754, 0.2056
0.2754, 0.2056
0.2754, 0.2056
0.2754, 0.2056
0.2754, 0.2056
0.2754, 0.2056
0.2754, 0.2056
0.2754, 0.2056
0.2754, 0.2028
0.2754, 0.2028
0.2754, 0.2028
0.2754, 0.2000
0.2754, 0.2000
0.2754, 0.2000
0.2754, 0.2000
0.2754, 0.2000
0.2754, 0.2000
0.2754, 0.1972
0.2754, 0.1972
0.2754, 0.1972
0.2754, 0.1972
0.2754, 0.1972
0.2754, 0.1972
0.2754, 0.1972
0.2754, 0.1972
0.2754, 0.1972
0.2754, 0.1972
0.2754, 0.1944
0.2754, 0.1944
0.2754, 0.1944
0.2754, 0.1915
0.2754, 0.1915
0.2754, 0.1915
0.2754, 0.1915
0.2754, 0.1915
0.2754, 0.1915
0.2754, 0.1915
0.2754, 0.1915
0.2754, 0.1915
0.2754, 0.1915
0.2754, 0.1915
0.2754, 0.1915
0.2754, 0.1915
0.2754, 0.1915
0.2754, 0.1915
0.2754, 0.1887
0.2754, 0.1887
0.2754, 0.1887
0.2754, 0.1859
0.2754, 0.1859
0.2754, 0.1859
0.2754, 0.1859
0.2754, 0.1859
0.2754, 0.1859
0.2754, 0.1859
0.2754, 0.1831
0.2754, 0.1831
0.2754, 0.1831
0.2754, 0.1831
0.2754, 0.1831
0.2754, 0.1831
0.2754, 0.1831
0.2754, 0.1831
0.2754, 0.1831
0.2754, 0.1831
0.2754, 0.1803
0.2754, 0.1803
0.2754, 0.1803
0.2754, 0.1775
0.2754, 0.1775
0.2754, 0.1775
0.2754, 0.1775
0.2754, 0.1775
0.2754, 0.1775
0.2754, 0.1775
0.2754, 0.1775
0.2754, 0.1775
0.2754, 0.1775
0.2754, 0.1775
0.2754, 0.1746
0.2754, 0.1746
0.2754, 0.1746
0.2754, 0.1718
0.2754, 0.1718
0.2754, 0.1718
0.2754, 0.1690
0.2754, 0.1690
0.2754, 0.1690
0.2754, 0.1690
0.2754, 0.1690
0.2754, 0.1690
0.2754, 0.1690
0.2754, 0.1662
0.2754, 0.1662
0.2754, 0.1662
0.2754, 0.1634
0.2754, 0.1634
0.2754, 0.1634
0.2754, 0.1634
0.2754, 0.1634
0.2754, 0.1634
0.2754, 0.1634
0.2754, 0.1634
0.2754, 0.1634
0.2754, 0.1634
0.2754, 0.1606
0.2754, 0.1606
0.2754, 0.1606
0.2754, 0.1577
0.2754, 0.1577
0.2754, 0.1577
0.2754, 0.1577
0.2754, 0.1577
0.2754, 0.1577
0.2754, 0.1577
0.2754, 0.1549
0.2754, 0.1549
0.2754, 0.1549
0.2754, 0.1521
0.2754, 0.1521
0.2754, 0.1521
0.2754, 0.1521
0.2754, 0.1521
0.2754, 0.1521
0.2754, 0.1521
0.2754, 0.1493
0.2754, 0.1493
0.2754, 0.1493
0.2754, 0.1493
0.2754, 0.1493
0.2754, 0.1493
0.2754, 0.1465
0.2754, 0.1465
0.2754, 0.1465
0.2754, 0.1465
0.2754, 0.1437
0.2754, 0.1437
0.2754, 0.1437
0.2754, 0.1437
0.2754, 0.1437
0.2754, 0.1437
0.2754, 0.1408
0.2754, 0.1408
0.2754, 0.1408
0.2754, 0.1380
0.2754, 0.1380
0.2754, 0.1380
0.2754, 0.1352
0.2754, 0.1352
0.2754, 0.1352
0.2754, 0.1352
0.2754, 0.1352
0.2754, 0.1352
0.2754, 0.1324
0.2754, 0.1324
0.2754, 0.1324
0.2754, 0.1296
0.2754, 0.1296
0.2754, 0.1296
0.2754, 0.1296
0.2754, 0.1296
0.2754, 0.1296
0.2754, 0.1296
0.2754, 0.1296
0.2754, 0.1296
0.2754, 0.1296
0.2754, 0.1268
0.2754, 0.1268
0.2754, 0.1268
0.2754, 0.1268
0.2754, 0.1239
0.2754, 0.1239
0.2754, 0.1239
0.2754, 0.1211
0.2754, 0.1211
0.2754, 0.1211
0.2754, 0.1211
0.2754, 0.1211
0.2754, 0.1211
0.2754, 0.1211
0.2754, 0.1183
0.2754, 0.1183
0.2754, 0.1183
0.2754, 0.1127
0.2754, 0.1127
0.2754, 0.1127
0.2754, 0.1127
0.2754, 0.1127
0.2754, 0.1127
0.2754, 0.1127
0.2754, 0.1127
0.2754, 0.1127
0.2754, 0.1127
0.2754, 0.1099
0.2754, 0.1099
0.2754, 0.1099
0.2754, 0.1070
0.2754, 0.1070
0.2754, 0.1070
0.2754, 0.1070
0.2754, 0.1070
0.2754, 0.1070
0.2754, 0.1070
0.2754, 0.1042
0.2754, 0.1042
0.2754, 0.1042
0.2754, 0.1014
0.2754, 0.1014
0.2754, 0.1014
0.2754, 0.1014
0.2754, 0.1014
0.2754, 0.1014
0.2754, 0.1014
0.2754, 0.1014
0.2754, 0.1014
0.2754, 0.1014
0.2754, 0.0986
0.2754, 0.0986
0.2754, 0.0986
0.2754, 0.0958
0.2754, 0.0958
0.2754, 0.0958
0.2754, 0.0958
0.2754, 0.0930
0.2754, 0.0930
0.2754, 0.0930
0.2754, 0.0930
0.2754, 0.0930
0.2754, 0.0930
0.2754, 0.0930
0.2754, 0.0930
0.2754, 0.0930
0.2754, 0.0901
0.2754, 0.0901
0.2754, 0.0901
0.2754, 0.0873
0.2754, 0.0873
0.2754, 0.0873
0.2754, 0.0873
0.2754, 0.0873
0.2754, 0.0873
0.2754, 0.0873
0.2754, 0.0845
0.2754, 0.0845
0.2754, 0.0845
0.2754, 0.0845
0.2754, 0.0845
0.2754, 0.0845
0.2754, 0.0845
0.2754, 0.0817
0.2754, 0.0817
0.2754, 0.0817
0.2754, 0.0817
0.2754, 0.0817
0.2754, 0.0817
0.2754, 0.0789
0.2754, 0.0789
0.2754, 0.0789
0.2754, 0.0789
0.2754, 0.0789
0.2754, 0.0789
0.2754, 0.0789
0.2754, 0.0789
0.2754, 0.0789
0.2754, 0.0789
0.2754, 0.0761
0.2754, 0.0761
0.2754, 0.0761
0.2754, 0.0732
0.2754, 0.0732
0.2754, 0.0732
0.2754, 0.0732
0.2754, 0.0732
0.2754, 0.0732
0.2754, 0.0732
0.2754, 0.0732
0.2754, 0.0732
0.2754, 0.0732
0.2754, 0.0732
0.2754, 0.0732
0.2754, 0.0732
0.2754, 0.0732
0.2754, 0.0704
0.2754, 0.0704
0.2754, 0.0704
0.2754, 0.0676
0.2754, 0.0676
0.2754, 0.0676
0.2754, 0.0676
0.2754, 0.0676
0.2754, 0.0676
0.2754, 0.0676
0.2754, 0.0648
0.2754, 0.0648
0.2754, 0.0648
0.2754, 0.0648
0.2754, 0.0648
0.2754, 0.0648
0.2754, 0.0648
0.2754, 0.0648
0.2754, 0.0648
0.2754, 0.0648
0.2754, 0.0620
0.2754, 0.0620
0.2754, 0.0620
0.2754, 0.0592
0.2754, 0.0592
0.2754, 0.0592
0.2754, 0.0592
0.2754, 0.0592
0.2754, 0.0592
0.2705, 0.0592
0.2705, 0.0592
0.2705, 0.0592
0.2705, 0.0563
0.2705, 0.0563
0.2705, 0.0563
0.2705, 0.0563
0.2705, 0.0563
0.2705, 0.0563
0.2705, 0.0563
0.2705, 0.0535
0.2705, 0.0535
0.2705, 0.0535
0.2705, 0.0507
0.2705, 0.0507
0.2705, 0.0507
0.2705, 0.0507
0.2705, 0.0507
0.2705, 0.0507
0.2705, 0.0507
0.2705, 0.0507
0.2705, 0.0507
0.2705, 0.0507
0.2705, 0.0479
0.2705, 0.0479
0.2705, 0.0479
0.2705, 0.0451
0.2705, 0.0451
0.2705, 0.0451
0.2705, 0.0451
0.2705, 0.0451
0.2705, 0.0451
0.2705, 0.0451
0.2705, 0.0451
0.2705, 0.0451
0.2705, 0.0451
0.2705, 0.0451
0.2705, 0.0451
0.2705, 0.0451
0.2705, 0.0423
0.2705, 0.0423
0.2705, 0.0423
0.2705, 0.0394
0.2705, 0.0394
0.2705, 0.0394
0.2705, 0.0394
0.2705, 0.0394
0.2705, 0.0394
0.2705, 0.0366
0.2705, 0.0366
0.2705, 0.0366
0.2705, 0.0366
0.2705, 0.0366
0.2705, 0.0366
0.2705, 0.0366
0.2705, 0.0366
0.2705, 0.0366
0.2705, 0.0366
0.2705, 0.0366
0.2705, 0.0366
0.2705, 0.0366
0.2705, 0.0338
0.2705, 0.0338
0.2705, 0.0338
0.2705, 0.0338
0.2705, 0.0338
0.2705, 0.0338
0.2705, 0.0338
0.2705, 0.0310
0.2705, 0.0310
0.2705, 0.0310
0.2705, 0.0310
0.2705, 0.0310
0.2705, 0.0310
0.2705, 0.0310
0.2705, 0.0310
0.2705, 0.0310
0.2705, 0.0310
0.2705, 0.0310
0.2705, 0.0310
0.2705, 0.0310
0.2705, 0.0282
0.2705, 0.0282
0.2705, 0.0282
0.2705, 0.0282
0.2705, 0.0282
0.2705, 0.0282
0.2705, 0.0282
0.2705, 0.0254
0.2705, 0.0254
0.2705, 0.0254
0.2705, 0.0254
0.2705, 0.0254
0.2705, 0.0254
0.2705, 0.0225
0.2705, 0.0225
0.2705, 0.0225
0.2705, 0.0225
0.2705, 0.0225
0.2705, 0.0225
0.2705, 0.0225
0.2705, 0.0225
0.2705, 0.0225
0.2705, 0.0225
0.2705, 0.0225
0.2705, 0.0225
0.2705, 0.0225
0.2705, 0.0197
0.2705, 0.0197
0.2705, 0.0197
0.2705, 0.0169
0.2705, 0.0169
0.2705, 0.0169
0.2705, 0.0169
0.2705, 0.0169
0.2705, 0.0169
0.2705, 0.0169
0.2705, 0.0169
0.2705, 0.0169
0.2705, 0.0169
0.2705, 0.0169
0.2705, 0.0169
0.2705, 0.0169
0.2705, 0.0141
0.2705, 0.0141
0.2705, 0.0141
0.2705, 0.0141
0.2705, 0.0141
0.2705, 0.0141
0.2705, 0.0113
0.2705, 0.0113
0.2705, 0.0113
0.2705, 0.0113
0.2705, 0.0113
0.2705, 0.0113
0.2705, 0.0113
0.2705, 0.0113
0.2705, 0.0113
0.2705, 0.0113
0.2705, 0.0113
0.2705, 0.0113
0.2705, 0.0113
0.2705, 0.0085
0.2705, 0.0085
0.2705, 0.0085
0.2705, 0.0085
0.2705, 0.0085
0.2705, 0.0085
0.2705, 0.0085
0.2705, 0.0056
0.2705, 0.0056
0.2705, 0.0056
0.2705, 0.0056
0.2705, 0.0056
0.2705, 0.0056
0.2705, 0.0056
0.2705, 0.0056
0.2705, 0.0056
0.2705, 0.0028
0.2705, 0.0028
0.2705, 0.0028
0.2705, 0.0028
0.2705, 0.0028
0.2705, 0.0028
0.2705, 0.0028
0.2705, 0.0028
0.2705, 0.0028
0.2705, 0.0028
0.2705, 0.0028
0.2705, 0.0028
0.2705, 0.0028
0.2705, 0.0028
0.2705, 0.0028
0.2705, 0.0028
0.2705, 0.0028
0.2705, 0.0028
0.2705, 0.0028
0.2705, 0.0028
0.2705, 0.0028
0.2705, 0.0028
0.2705, 0.0028
0.2705, 0.0028
0.2705, 0.0028
0.2705, 0.0028
0.2705, 0.0028
0.2705, 0.0028
0.2705, 0.0028
0.2705, 0.0028
0.2705, 0.0028
0.2705, 0.0028
0.2705, 0.0028
0.2705, 0.0028
0.2705, 0.0028
0.2705, 0.0028
0.2705, 0.0028
0.2705, 0.0028
0.2705, 0.0000
0.2705, 0.0000
0.2705, 0.0000
0.2705, 0.0000
0.2705, 0.0000
0.2705, 0.0000
0.2705, 0.0000
0.2705, 0.0000
0.2705, 0.0000
0.2705, 0.0000
0.2705, 0.0000
0.2705, 0.0000
0.2705, 0.0000
0.2705, 0.0000
0.2705, 0.0000
0.2705, 0.0000
0.2705, 0.0000
0.2705, 0.0000
0.2705, 0.0000
0.2705, 0.0000
0.2705, 0.0000
0.2705, 0.0000
0.2705, 0.0000
0.2705, 0.0000
0.2705, 0.0000
0.2705, 0.0000
0.2705, 0.0000
0.2705, 0.0000
0.2705, 0.0000
0.2705, 0.0000
0.2705, 0.0000
0.2705, 0.0000
0.2705, 0.0000
0.2705, 0.0000
0.2705, 0.0000
0.2705, 0.0000
0.2705, 0.0000
0.2705, 0.0000
0.2705, 0.0000
0.2705, 0.0000
0.2705, 0.0000
0.2705, 0.0000
0.2705, 0.0000
0.2705, 0.0000
0.2705, 0.0000
0.2705, 0.0000
0.2705, 0.0000
0.2705, 0.0000
0.2705, 0.0000
0.2705, 0.0000
0.2705, 0.0000
0.2705, 0.0000
0.2705, 0.0000
0.2705, 0.0000
0.2705, 0.0000
0.2705, 0.0000
0.2705, 0.0000
0.2705, 0.0000
0.2705, 0.0000
0.2705, 0.0000
0.2705, 0.0000
0.2705, 0.0000
0.2705, 0.0000
0.2705, 0.0000
0.2705, 0.0000
0.2705, 0.0000
0.2705, 0.0000
0.2705, 0.0000
0.2705, 0.0000
0.2705, 0.0000
0.2705, 0.0000
0.2705, 0.0000
0.2705, 0.0000
0.2705, 0.0000
0.2705, 0.0000
0.2705, 0.0000
0.2705, 0.0000
0.2705, 0.0000
0.2705, 0.0000
0.2705, 0.0000
0.2705, 0.0000
0.2705, 0.0000
0.2705, 0.0000
0.2705, 0.0000
0.2705, 0.0000
0.2705, 0.0000
0.2705, 0.0000
0.2705, 0.0000
0.2705, 0.0000
0.2705, 0.0000
0.2705, 0.0028
0.2705, 0.0028
0.2705, 0.0028
0.2705, 0.0056
0.2705, 0.0056
0.2705, 0.0056
0.2705, 0.0056
0.2705, 0.0056
0.2705, 0.0056
0.2705, 0.0085
0.2705, 0.0085
0.2705, 0.0085
0.2705, 0.0085
0.2705, 0.0085
0.2705, 0.0085
0.2705, 0.0085
0.2705, 0.0085
0.2705, 0.0085
0.2705, 0.0085
0.2705, 0.0113
0.2705, 0.0113
0.2705, 0.0113
0.2705, 0.0141
0.2705, 0.0141
0.2705, 0.0141
0.2705, 0.0141
0.2705, 0.0141
0.2705, 0.0141
0.2705, 0.0141
0.2705, 0.0141
0.2705, 0.0141
0.2705, 0.0169
0.2705, 0.0169
0.2705, 0.0169
0.2705, 0.0197
0.2705, 0.0197
0.2705, 0.0197
0.2705, 0.0197
0.2705, 0.0197
0.2705, 0.0197
0.2754, 0.0197
0.2754, 0.0197
0.2754, 0.0197
0.2754, 0.0225
0.2754, 0.0225
0.2754, 0.0225
0.2754, 0.0254
0.2754, 0.0254
0.2754, 0.0254
0.2754, 0.0282
0.2754, 0.0282
0.2754, 0.0282
0.2754, 0.0282
0.2754, 0.0282
0.2754, 0.0282
0.2754, 0.0282
0.2754, 0.0282
0.2754, 0.0282
0.2754, 0.0310
0.2754, 0.0310
0.2754, 0.0310
0.2754, 0.0310
0.2754, 0.0310
0.2754, 0.0310
0.2802, 0.0338
0.2802, 0.0338
0.2802, 0.0338
0.2802, 0.0338
0.2802, 0.0338
0.2802, 0.0338
0.2802, 0.0338
0.2802, 0.0338
0.2802, 0.0338
0.2802, 0.0338
0.2802, 0.0338
0.2802, 0.0338
0.2802, 0.0338
0.2850, 0.0366
0.2850, 0.0366
0.2850, 0.0366
0.2850, 0.0366
0.2850, 0.0366
0.2850, 0.0366
0.2850, 0.0394
0.2850, 0.0394
0.2850, 0.0394
0.2850, 0.0394
0.2850, 0.0394
0.2850, 0.0394
0.2899, 0.0423
0.2899, 0.0423
0.2899, 0.0423
0.2899, 0.0423
0.2899, 0.0423
0.2899, 0.0423
0.2899, 0.0423
0.2899, 0.0423
0.2899, 0.0423
0.2899, 0.0423
0.2899, 0.0423
0.2899, 0.0423
0.2899, 0.0423
0.2899, 0.0423
0.2899, 0.0423
0.2899, 0.0423
0.2899, 0.0451
0.2899, 0.0451
0.2899, 0.0451
0.2899, 0.0451
0.2899, 0.0451
0.2899, 0.0451
0.2899, 0.0479
0.2899, 0.0479
0.2899, 0.0479
0.2947, 0.0479
0.2947, 0.0479
0.2947, 0.0479
0.2947, 0.0479
0.2947, 0.0479
0.2947, 0.0479
0.2947, 0.0479
0.2947, 0.0479
0.2947, 0.0479
0.2947, 0.0479
0.2947, 0.0479
0.2947, 0.0479
0.2995, 0.0507
0.2995, 0.0507
0.2995, 0.0507
0.2995, 0.0507
0.2995, 0.0507
0.2995, 0.0507
0.2995, 0.0535
0.2995, 0.0535
0.2995, 0.0535
0.2995, 0.0535
0.2995, 0.0535
0.2995, 0.0535
0.2995, 0.0563
0.2995, 0.0563
0.2995, 0.0563
0.2995, 0.0563
0.2995, 0.0563
0.2995, 0.0563
0.2995, 0.0563
0.2995, 0.0563
0.2995, 0.0563
0.2995, 0.0592
0.2995, 0.0592
0.2995, 0.0592
0.3043, 0.0592
0.3043, 0.0592
0.3043, 0.0620
0.3043, 0.0620
0.3043, 0.0620
0.3043, 0.0620
0.3043, 0.0620
0.3043, 0.0620
0.3043, 0.0620
0.3043, 0.0620
0.3043, 0.0620
0.3092, 0.0620
0.3092, 0.0620
0.3092, 0.0620
0.3092, 0.0620
0.3092, 0.0620
0.3092, 0.0620
0.3092, 0.0648
0.3092, 0.0648
0.3092, 0.0648
0.3092, 0.0648
0.3092, 0.0648
0.3092, 0.0648
0.3140, 0.0676
0.3140, 0.0676
0.3140, 0.0676
0.3140, 0.0704
0.3140, 0.0704
0.3140, 0.0704
0.3140, 0.0704
0.3140, 0.0704
0.3140, 0.0704
0.3140, 0.0704
0.3140, 0.0704
0.3140, 0.0704
0.3140, 0.0732
0.3140, 0.0732
0.3140, 0.0732
0.3188, 0.0761
0.3188, 0.0761
0.3188, 0.0761
0.3188, 0.0761
0.3188, 0.0761
0.3188, 0.0761
0.3188, 0.0761
0.3188, 0.0761
0.3188, 0.0761
0.3237, 0.0761
0.3237, 0.0761
0.3237, 0.0761
0.3237, 0.0789
0.3237, 0.0789
0.3237, 0.0789
0.3237, 0.0789
0.3237, 0.0789
0.3237, 0.0789
0.3237, 0.0817
0.3237, 0.0817
0.3237, 0.0817
0.3237, 0.0817
0.3237, 0.0817
0.3237, 0.0817
0.3237, 0.0817
0.3237, 0.0817
0.3237, 0.0817
0.3237, 0.0845
0.3237, 0.0845
0.3237, 0.0845
0.3285, 0.0845
0.3285, 0.0845
0.3285, 0.0845
0.3285, 0.0845
0.3285, 0.0845
0.3285, 0.0845
0.3285, 0.0845
0.3285, 0.0845
0.3333, 0.0873
0.3333, 0.0873
0.3333, 0.0873
0.3333, 0.0873
0.3333, 0.0873
0.3333, 0.0873
0.3333, 0.0901
0.3333, 0.0901
0.3382, 0.0901
0.3382, 0.0901
0.3382, 0.0901
0.3382, 0.0901
0.3382, 0.0901
0.3382, 0.0901
0.3382, 0.0901
0.3382, 0.0930
0.3382, 0.0930
0.3382, 0.0930
0.3382, 0.0930
0.3382, 0.0930
0.3382, 0.0930
0.3382, 0.0958
0.3382, 0.0958
0.3382, 0.0986
0.3382, 0.0986
0.3382, 0.0986
0.3430, 0.0986
0.3430, 0.0986
0.3430, 0.0986
0.3430, 0.0986
0.3430, 0.0986
0.3430, 0.0986
0.3430, 0.0986
0.3430, 0.0986
0.3430, 0.0986
0.3478, 0.1014
0.3478, 0.1014
0.3478, 0.1014
0.3478, 0.1014
0.3478, 0.1014
0.3478, 0.1014
0.3478, 0.1042
0.3478, 0.1042
0.3478, 0.1042
0.3478, 0.1042
0.3478, 0.1042
0.3478, 0.1042
0.3478, 0.1042
0.3478, 0.1042
0.3478, 0.1042
0.3478, 0.1042
0.3478, 0.1042
0.3478, 0.1042
0.3527, 0.1070
0.3527, 0.1070
0.3527, 0.1070
0.3527, 0.1099
0.3527, 0.1099
0.3527, 0.1099
0.3527, 0.1099
0.3527, 0.1099
0.3527, 0.1099
0.3575, 0.1099
0.3575, 0.1099
0.3575, 0.1099
0.3575, 0.1099
0.3575, 0.1099
0.3575, 0.1099
0.3575, 0.1127
0.3575, 0.1127
0.3575, 0.1127
0.3623, 0.1155
0.3623, 0.1155
0.3623, 0.1183
0.3623, 0.1183
0.3623, 0.1183
0.3623, 0.1183
0.3623, 0.1183
0.3623, 0.1183
0.3671, 0.1183
0.3671, 0.1183
0.3671, 0.1183
0.3671, 0.1211
0.3671, 0.1211
0.3671, 0.1211
0.3720, 0.1211
0.3720, 0.1211
0.3720, 0.1211
0.3720, 0.1239
0.3720, 0.1239
0.3720, 0.1239
0.3720, 0.1239
0.3720, 0.1239
0.3720, 0.1239
0.3720, 0.1239
0.3720, 0.1239
0.3720, 0.1268
0.3720, 0.1268
0.3720, 0.1268
0.3768, 0.1268
0.3768, 0.1268
0.3768, 0.1296
0.3768, 0.1296
0.3768, 0.1296
0.3768, 0.1324
0.3768, 0.1324
0.3768, 0.1324
0.3816, 0.1324
0.3816, 0.1324
0.3816, 0.1324
0.3816, 0.1324
0.3816, 0.1324
0.3865, 0.1352
0.3865, 0.1352
0.3865, 0.1352
0.3865, 0.1380
0.3865, 0.1380
0.3865, 0.1380
0.3865, 0.1380
0.3865, 0.1380
0.3865, 0.1380
0.3913, 0.1408
0.3913, 0.1408
0.3913, 0.1437
0.3913, 0.1437
0.3913, 0.1437
0.3961, 0.1465
0.3961, 0.1465
0.3961, 0.1465
0.3961, 0.1465
0.3961, 0.1465
0.3961, 0.1465
0.3961, 0.1465
0.3961, 0.1465
0.3961, 0.1465
0.4010, 0.1493
0.4010, 0.1493
0.4010, 0.1493
0.4010, 0.1521
0.4010, 0.1521
0.4010, 0.1521
0.4010, 0.1521
0.4010, 0.1521
0.4010, 0.1521
0.4058, 0.1521
0.4058, 0.1521
0.4058, 0.1549
0.4058, 0.1549
0.4058, 0.1549
0.4106, 0.1577
0.4106, 0.1577
0.4106, 0.1577
0.4106, 0.1606
0.4106, 0.1606
0.4106, 0.1606
0.4106, 0.1606
0.4106, 0.1606
0.4106, 0.1606
0.4155, 0.1634
0.4155, 0.1634
0.4155, 0.1634
0.4203, 0.1662
0.4203, 0.1662
0.4203, 0.1662
0.4203, 0.1662
0.4203, 0.1662
0.4203, 0.1718
0.4203, 0.1718
0.4203, 0.1718
0.4251, 0.1746
0.4251, 0.1746
0.4251, 0.1746
0.4300, 0.1775
0.4300, 0.1775
0.4300, 0.1775
0.4300, 0.1803
0.4300, 0.1803
0.4300, 0.1803
0.4348, 0.1831
0.4348, 0.1831
0.4348, 0.1859
0.4348, 0.1859
0.4348, 0.1859
0.4348, 0.1887
0.4348, 0.1887
0.4348, 0.1887
0.4348, 0.1915
0.4348, 0.1915
0.4396, 0.1915
0.4396, 0.1915
0.4396, 0.1915
0.4396, 0.1944
0.4396, 0.1944
0.4396, 0.1944
0.4444, 0.2000
0.4444, 0.2000
0.4444, 0.2000
0.4444, 0.2000
0.4444, 0.2000
0.4493, 0.2028
0.4493, 0.2028
0.4493, 0.2028
0.4493, 0.2085
0.4493, 0.2085
0.4493, 0.2085
0.4493, 0.2085
0.4493, 0.2085
0.4493, 0.2085
0.4493, 0.2113
0.4493, 0.2113
0.4541, 0.2141
0.4541, 0.2141
0.4541, 0.2141
0.4541, 0.2141
0.4541, 0.2141
0.4541, 0.2141
0.4541, 0.2169
0.4541, 0.2169
0.4541, 0.2169
0.4589, 0.2169
0.4589, 0.2169
0.4589, 0.2197
0.4589, 0.2197
0.4589, 0.2197
0.4589, 0.2225
0.4589, 0.2225
0.4589, 0.2225
0.4589, 0.2225
0.4589, 0.2225
0.4589, 0.2225
0.4589, 0.2254
0.4589, 0.2254
0.4589, 0.2254
0.4638, 0.2282
0.4638, 0.2282
0.4638, 0.2310
0.4638, 0.2310
0.4638, 0.2310
0.4686, 0.2338
0.4686, 0.2338
0.4686, 0.2338
0.4686, 0.2366
0.4686, 0.2366
0.4686, 0.2366
0.4734, 0.2366
0.4734, 0.2366
0.4734, 0.2394
0.4734, 0.2394
0.4734, 0.2394
0.4734, 0.2423
0.4734, 0.2423
0.4734, 0.2423
0.4783, 0.2423
0.4783, 0.2423
0.4783, 0.2451
0.4783, 0.2451
0.4783, 0.2451
0.4831, 0.2479
0.4831, 0.2479
0.4831, 0.2479
0.4831, 0.2507
0.4831, 0.2507
0.4831, 0.2507
0.4831, 0.2507
0.4831, 0.2507
0.4879, 0.2507
0.4879, 0.2507
0.4879, 0.2507
0.4879, 0.2535
0.4879, 0.2535
0.4928, 0.2563
0.4928, 0.2563
0.4928, 0.2563
0.4928, 0.2563
0.4928, 0.2563
0.4928, 0.2563
0.4976, 0.2592
0.4976, 0.2592
0.4976, 0.2620
0.4976, 0.2620
0.4976, 0.2620
0.4976, 0.2620
0.4976, 0.2620
0.4976, 0.2620
0.5024, 0.2648
0.5024, 0.2648
0.5024, 0.2648
0.5024, 0.2648
0.5024, 0.2648
0.5072, 0.2676
0.5072, 0.2676
0.5072, 0.2676
0.5072, 0.2704
0.5072, 0.2704
0.5072, 0.2704
0.5072, 0.2704
0.5072, 0.2704
0.5072, 0.2704
0.5121, 0.2732
0.5121, 0.2732
0.5121, 0.2732
0.5121, 0.2732
0.5121, 0.2732
0.5169, 0.2761
0.5169, 0.2761
0.5169, 0.2761
0.5169, 0.2761
0.5169, 0.2761
0.5169, 0.2761
0.5169, 0.2789
0.5169, 0.2789
0.5169, 0.2789
0.5169, 0.2789
0.5169, 0.2789
0.5169, 0.2789
0.5217, 0.2789
0.5217, 0.2789
0.5217, 0.2789
0.5217, 0.2817
0.5266, 0.2845
0.5266, 0.2845
0.5314, 0.2873
0.5314, 0.2901
0.5314, 0.2901
0.5314, 0.2901
0.5411, 0.2930
0.5411, 0.2930
0.5411, 0.2958
0.5411, 0.2958
0.5411, 0.2986
0.5411, 0.2986
0.5459, 0.2986
0.5459, 0.2986
0.5459, 0.2986
0.5459, 0.3014
0.5459, 0.3014
0.5459, 0.3014
0.5507, 0.3042
0.5507, 0.3042
0.5556, 0.3042
0.5556, 0.3042
0.5556, 0.3042
0.5556, 0.3042
0.5556, 0.3042
0.5556, 0.3042
0.5556, 0.3070
0.5556, 0.3070
0.5604, 0.3099
0.5604, 0.3099
0.5604, 0.3099
0.5604, 0.3099
0.5604, 0.3099
0.5604, 0.3099
0.5652, 0.3127
0.5652, 0.3127
0.5652, 0.3127
0.5652, 0.3127
0.5652, 0.3127
0.5652, 0.3127
0.5700, 0.3155
0.5700, 0.3155
0.5700, 0.3183
0.5700, 0.3183
0.5700, 0.3183
0.5749, 0.3183
0.5749, 0.3183
0.5749, 0.3183
0.5797, 0.3183
0.5797, 0.3183
0.5797, 0.3183
0.5797, 0.3211
0.5797, 0.3211
0.5797, 0.3239
0.5797, 0.3239
0.5797, 0.3239
0.5845, 0.3239
0.5845, 0.3239
0.5845, 0.3268
0.5845, 0.3268
0.5845, 0.3268
0.5894, 0.3268
0.5894, 0.3268
0.5894, 0.3268
0.5894, 0.3296
0.5894, 0.3296
0.5894, 0.3324
0.5894, 0.3324
0.5894, 0.3324
0.5942, 0.3324
0.5942, 0.3324
0.5942, 0.3324
0.5990, 0.3324
0.5990, 0.3324
0.6039, 0.3352
0.6039, 0.3352
0.6039, 0.3352
0.6039, 0.3380
0.6039, 0.3380
0.6039, 0.3380
0.6039, 0.3408
0.6039, 0.3408
0.6087, 0.3408
0.6087, 0.3408
0.6087, 0.3408
0.6087, 0.3408
0.6087, 0.3408
0.6135, 0.3437
0.6135, 0.3437
0.6135, 0.3437
0.6135, 0.3437
0.6135, 0.3437
0.6135, 0.3437
0.6184, 0.3465
0.6184, 0.3465
0.6184, 0.3465
0.6184, 0.3465
0.6184, 0.3465
0.6232, 0.3465
0.6232, 0.3465
0.6232, 0.3465
0.6232, 0.3465
0.6232, 0.3465
0.6280, 0.3493
0.6280, 0.3493
0.6280, 0.3493
0.6280, 0.3493
0.6280, 0.3493
0.6280, 0.3521
0.6280, 0.3521
0.6280, 0.3521
0.6329, 0.3521
0.6329, 0.3521
0.6329, 0.3521
0.6377, 0.3549
0.6377, 0.3549
0.6377, 0.3549
0.6377, 0.3549
0.6377, 0.3549
0.6377, 0.3549
0.6377, 0.3549
0.6425, 0.3549
0.6425, 0.3549
0.6425, 0.3549
0.6425, 0.3577
0.6425, 0.3577
0.6473, 0.3577
0.6473, 0.3577
0.6473, 0.3577
0.6522, 0.3606
0.6522, 0.3606
0.6522, 0.3606
0.6522, 0.3606
0.6522, 0.3606
0.6522, 0.3606
0.6570, 0.3606
0.6570, 0.3606
0.6618, 0.3634
0.6618, 0.3634
0.6618, 0.3634
0.6618, 0.3634
0.6618, 0.3634
0.6618, 0.3634
0.6618, 0.3634
0.6618, 0.3634
0.6618, 0.3634
0.6667, 0.3662
0.6667, 0.3662
0.6667, 0.3662
0.6667, 0.3662
0.6667, 0.3662
0.6715, 0.3690
0.6715, 0.3690
0.6715, 0.3690
0.6715, 0.3690
0.6715, 0.3690
0.6763, 0.3690
0.6763, 0.3690
0.6763, 0.3690
0.6812, 0.3718
0.6812, 0.3718
0.6812, 0.3718
0.6860, 0.3718
0.6860, 0.3718
0.6860, 0.3746
0.6860, 0.3746
0.6860, 0.3746
0.6860, 0.3746
0.6860, 0.3746
0.6860, 0.3746
0.6957, 0.3746
0.6957, 0.3746
0.6957, 0.3775
0.6957, 0.3775
0.7005, 0.3803
0.7005, 0.3803
0.7005, 0.3803
0.7053, 0.3803
0.7053, 0.3803
0.7101, 0.3831
0.7101, 0.3831
0.7150, 0.3831
0.7150, 0.3831
0.7150, 0.3831
0.7150, 0.3831
0.7198, 0.3859
0.7198, 0.3859
0.7246, 0.3859
0.7246, 0.3859
0.7246, 0.3859
0.7246, 0.3887
0.7295, 0.3887
0.7295, 0.3887
0.7295, 0.3887
0.7343, 0.3887
0.7343, 0.3887
0.7391, 0.3887
0.7391, 0.3887
0.7391, 0.3887
0.7391, 0.3887
0.7440, 0.3915
0.7440, 0.3915
0.7488, 0.3915
0.7488, 0.3915
0.7488, 0.3915
0.7488, 0.3915
0.7488, 0.3915
0.7536, 0.3915
0.7536, 0.3915
0.7585, 0.3944
0.7585, 0.3944
0.7585, 0.3944
0.7585, 0.3944
0.7585, 0.3944
0.7633, 0.3944
0.7633, 0.3944
0.7681, 0.3972
0.7681, 0.3972
0.7729, 0.3972
0.7729, 0.3972
0.7729, 0.3972
0.7729, 0.3972
0.7778, 0.3972
0.7778, 0.3972
0.7778, 0.3972
0.7826, 0.3972
0.7826, 0.3972
0.7826, 0.3972
0.7826, 0.3972
0.7874, 0.3972
0.7874, 0.3972
0.7923, 0.3972
0.7923, 0.3972
0.7971, 0.3972
0.7971, 0.3972
0.7971, 0.3972
0.7971, 0.3972
0.7971, 0.3972
0.8019, 0.3972
0.8019, 0.3972
0.8068, 0.3972
0.8068, 0.3972
0.8116, 0.3972
0.8116, 0.3972
0.8164, 0.3972
0.8164, 0.3972
0.8213, 0.3972
0.8213, 0.3972
0.8261, 0.3972
0.8261, 0.3972
0.8309, 0.3972
0.8309, 0.3972
0.8357, 0.3972
0.8357, 0.3972
0.8406, 0.3972
0.8406, 0.3972
0.8454, 0.3972
0.8454, 0.3972
0.8502, 0.3972
0.8502, 0.3972
0.8502, 0.3972
0.8502, 0.3972
0.8502, 0.3972
0.8551, 0.3972
0.8551, 0.3972
0.8551, 0.3972
0.8551, 0.3972
0.8599, 0.3972
0.8599, 0.3972
0.8599, 0.3972
0.8599, 0.3972
0.8599, 0.3972
0.8647, 0.3972
0.8647, 0.3972
0.8696, 0.3972
0.8696, 0.3972
0.8744, 0.3972
0.8744, 0.3972
0.8744, 0.3972
0.8744, 0.3972
0.8744, 0.3972
0.8792, 0.3972
0.8792, 0.3972
0.8841, 0.3972
0.8841, 0.3972
0.8841, 0.3972
0.8841, 0.3972
0.8889, 0.3972
0.8889, 0.3972
0.8937, 0.3972
0.8937, 0.3972
0.8937, 0.3972
0.8937, 0.3972
0.8937, 0.3972
0.8986, 0.3944
0.8986, 0.3944
0.9034, 0.3944
0.9034, 0.3944
0.9082, 0.3944
0.9082, 0.3944
0.9082, 0.3915
0.9082, 0.3915
0.9082, 0.3915
0.9082, 0.3915
0.9082, 0.3915
0.9082, 0.3915
0.9082, 0.3915
0.9082, 0.3915
0.9082, 0.3915
0.9130, 0.3915
0.9130, 0.3915
0.9130, 0.3887
0.9130, 0.3887
0.9179, 0.3887
0.9179, 0.3887
0.9179, 0.3859
0.9179, 0.3859
0.9227, 0.3859
0.9227, 0.3859
0.9275, 0.3859
0.9275, 0.3859
0.9324, 0.3831
0.9324, 0.3831
0.9324, 0.3803
0.9324, 0.3803
0.9324, 0.3803
0.9324, 0.3803
0.9324, 0.3803
0.9372, 0.3775
0.9372, 0.3775
0.9372, 0.3775
0.9372, 0.3775
0.9420, 0.3775
0.9420, 0.3775
0.9420, 0.3775
0.9420, 0.3775
0.9420, 0.3775
0.9420, 0.3746
0.9420, 0.3746
0.9420, 0.3746
0.9420, 0.3746
0.9420, 0.3718
0.9420, 0.3718
0.9469, 0.3718
0.9469, 0.3718
0.9469, 0.3718
0.9469, 0.3718
0.9469, 0.3718
0.9517, 0.3690
0.9517, 0.3690
0.9517, 0.3662
0.9517, 0.3662
0.9565, 0.3662
0.9565, 0.3662
0.9565, 0.3634
0.9565, 0.3634
0.9565, 0.3634
0.9565, 0.3634
0.9565, 0.3634
0.9565, 0.3634
0.9565, 0.3634
0.9565, 0.3606
0.9565, 0.3606
0.9614, 0.3606
0.9614, 0.3606
0.9614, 0.3577
0.9614, 0.3577
0.9614, 0.3577
0.9614, 0.3577
0.9662, 0.3549
0.9662, 0.3549
0.9662, 0.3549
0.9662, 0.3549
0.9662, 0.3549
0.9662, 0.3521
0.9662, 0.3521
0.9662, 0.3493
0.9662, 0.3493
0.9662, 0.3493
0.9662, 0.3493
0.9662, 0.3465
0.9662, 0.3465
0.9662, 0.3465
0.9662, 0.3465
0.9662, 0.3437
0.9662, 0.3437
0.9710, 0.3437
0.9710, 0.3437
0.9710, 0.3408
0.9710, 0.3408
0.9710, 0.3408
0.9710, 0.3380
0.9710, 0.3380
0.9710, 0.3380
0.9710, 0.3380
0.9710, 0.3352
0.9710, 0.3352
0.9710, 0.3352
0.9710, 0.3352
0.9710, 0.3324
0.9710, 0.3324
0.9710, 0.3324
0.9710, 0.3324
0.9758, 0.3296
0.9758, 0.3296
0.9758, 0.3296
0.9758, 0.3296
0.9758, 0.3296
0.9758, 0.3296
0.9758, 0.3296
0.9758, 0.3268
0.9758, 0.3268
0.9758, 0.3239
0.9758, 0.3239
0.9758, 0.3239
0.9758, 0.3239
0.9758, 0.3239
0.9758, 0.3239
0.9758, 0.3239
0.9758, 0.3211
0.9758, 0.3211
0.9758, 0.3183
0.9758, 0.3183
0.9758, 0.3183
0.9758, 0.3183
0.9758, 0.3155
0.9758, 0.3155
0.9758, 0.3155
0.9758, 0.3155
0.9758, 0.3155
0.9758, 0.3155
0.9758, 0.3155
0.9758, 0.3127
0.9758, 0.3127
0.9758, 0.3127
0.9758, 0.3127
0.9758, 0.3099
0.9758, 0.3099
0.9758, 0.3099
0.9758, 0.3099
0.9758, 0.3099
0.9758, 0.3099
0.9758, 0.3099
0.9758, 0.3070
0.9758, 0.3070
0.9758, 0.3042
0.9758, 0.3042
0.9758, 0.3042
0.9758, 0.3042
0.9758, 0.3014
0.9758, 0.3014
0.9758, 0.3014
0.9758, 0.3014
0.9758, 0.3014
0.9758, 0.3014
0.9758, 0.3014
0.9758, 0.2986
0.9758, 0.2986
0.9758, 0.2958
0.9758, 0.2958
0.9758, 0.2958
0.9758, 0.2958
0.9758, 0.2958
0.9758, 0.2958
0.9758, 0.2958
0.9758, 0.2930
0.9758, 0.2930
0.9758, 0.2901
0.9758, 0.2901
0.9758, 0.2873
0.9758, 0.2873
0.9758, 0.2873
0.9758, 0.2873
0.9758, 0.2873
0.9758, 0.2873
0.9758, 0.2873
0.9758, 0.2845
0.9758, 0.2845
0.9758, 0.2817
0.9758, 0.2817
0.9758, 0.2817
0.9758, 0.2817
0.9758, 0.2817
0.9758, 0.2817
0.9758, 0.2789
0.9758, 0.2789
0.9710, 0.2789
0.9710, 0.2789
0.9710, 0.2761
0.9710, 0.2761
0.9710, 0.2732
0.9710, 0.2732
0.9710, 0.2732
0.9710, 0.2732
0.9710, 0.2732
0.9710, 0.2732
0.9710, 0.2732
0.9710, 0.2704
0.9710, 0.2704
0.9710, 0.2676
0.9710, 0.2676
0.9710, 0.2676
0.9710, 0.2676
0.9710, 0.2648
0.9710, 0.2648
0.9710, 0.2648
0.9710, 0.2648
0.9710, 0.2648
0.9710, 0.2620
0.9710, 0.2620
0.9662, 0.2592
0.9662, 0.2592
0.9662, 0.2592
0.9662, 0.2592
0.9662, 0.2592
0.9662, 0.2592
0.9662, 0.2592
0.9662, 0.2592
0.9614, 0.2563
0.9614, 0.2563
0.9614, 0.2563
0.9614, 0.2563
0.9614, 0.2535
0.9614, 0.2535
0.9614, 0.2535
0.9614, 0.2535
0.9614, 0.2535
0.9614, 0.2535
0.9614, 0.2535
0.9614, 0.2507
0.9614, 0.2507
0.9565, 0.2507
0.9565, 0.2507
0.9565, 0.2479
0.9565, 0.2479
0.9517, 0.2451
0.9517, 0.2451
0.9517, 0.2451
0.9517, 0.2451
0.9469, 0.2451
0.9469, 0.2451
0.9469, 0.2423
0.9469, 0.2423
0.9469, 0.2423
0.9469, 0.2423
0.9469, 0.2394
0.9469, 0.2394
0.9420, 0.2394
0.9420, 0.2394
0.9420, 0.2394
0.9420, 0.2394
0.9420, 0.2394
0.9420, 0.2394
0.9420, 0.2394
0.9372, 0.2394
0.9372, 0.2394
0.9372, 0.2366
0.9372, 0.2366
0.9372, 0.2366
0.9372, 0.2366
0.9372, 0.2366
0.9372, 0.2366
0.9372, 0.2366
0.9324, 0.2338
0.9324, 0.2338
0.9324, 0.2338
0.9324, 0.2338
0.9275, 0.2338
0.9275, 0.2338
0.9227, 0.2338
0.9227, 0.2338
0.9227, 0.2310
0.9227, 0.2310
0.9227, 0.2310
0.9227, 0.2310
0.9179, 0.2282
0.9179, 0.2282
0.9179, 0.2282
0.9179, 0.2282
0.9130, 0.2254
0.9130, 0.2254
0.9130, 0.2254
0.9130, 0.2254
0.9130, 0.2254
0.9082, 0.2254
0.9082, 0.2254
0.9034, 0.2254
0.9034, 0.2254
0.9034, 0.2254
0.9034, 0.2254
0.8986, 0.2225
0.8986, 0.2225
0.8986, 0.2225
0.8986, 0.2225
0.8937, 0.2197
0.8937, 0.2197
0.8889, 0.2197
0.8889, 0.2197
0.8889, 0.2197
0.8889, 0.2197
0.8841, 0.2197
0.8841, 0.2197
0.8792, 0.2197
0.8792, 0.2197
0.8792, 0.2197
0.8792, 0.2197
0.8792, 0.2197
0.8744, 0.2169
0.8744, 0.2169
0.8744, 0.2169
0.8744, 0.2169
0.8696, 0.2169
0.8696, 0.2169
0.8647, 0.2141
0.8647, 0.2141
0.8647, 0.2141
0.8647, 0.2141
0.8599, 0.2141
0.8599, 0.2141
0.8551, 0.2141
0.8551, 0.2141
0.8551, 0.2113
0.8551, 0.2113
0.8551, 0.2113
0.8551, 0.2113
0.8502, 0.2113
0.8502, 0.2113
0.8454, 0.2113
0.8454, 0.2113
0.8454, 0.2113
0.8406, 0.2113
0.8406, 0.2113
0.8406, 0.2113
0.8406, 0.2113
0.8357, 0.2113
0.8357, 0.2113
0.8261, 0.2113
0.8261, 0.2113
0.8261, 0.2113
0.8261, 0.2113
0.8213, 0.2113
0.8213, 0.2113
0.8164, 0.2113
0.8164, 0.2113
0.8164, 0.2085
0.8164, 0.2085
0.8116, 0.2085
0.8116, 0.2085
0.8068, 0.2085
0.8068, 0.2085
0.8019, 0.2085
0.8019, 0.2085
0.8019, 0.2085
0.8019, 0.2085
0.8019, 0.2085
0.8019, 0.2085
0.7971, 0.2085
0.7971, 0.2085
0.7923, 0.2085
0.7923, 0.2085
0.7923, 0.2085
0.7923, 0.2085
0.7923, 0.2085
0.7923, 0.2085
0.7923, 0.2085
0.7874, 0.2085
0.7874, 0.2085
0.7826, 0.2085
0.7826, 0.2085
0.7826, 0.2085
0.7826, 0.2085
0.7826, 0.2085
0.7826, 0.2085
0.7778, 0.2085
0.7778, 0.2085
0.7729, 0.2085
0.7729, 0.2085
0.7681, 0.2085
0.7681, 0.2085
0.7633, 0.2085
0.7633, 0.2085
0.7585, 0.2085
0.7585, 0.2085
0.7536, 0.2085
0.7536, 0.2085
0.7536, 0.2085
0.7536, 0.2085
0.7536, 0.2085
0.7536, 0.2085
0.7536, 0.2085
0.7536, 0.2085
0.7536, 0.2085
0.7536, 0.2085
0.7536, 0.2085
0.7536, 0.2085
0.7536, 0.2085
0.7536, 0.2085
0.7536, 0.2085
0.7536, 0.2085
0.7536, 0.2085
0.7536, 0.2085
0.7536, 0.2085
0.7536, 0.2085
0.7536, 0.2085
0.7536, 0.2085
0.7536, 0.2085
0.7536, 0.2085
0.7536, 0.2085
0.7536, 0.2085
0.7536, 0.2085
0.7536, 0.2085
0.7536, 0.2085
0.7536, 0.2085
0.7536, 0.2085
0.7536, 0.2085
0.7536, 0.2085
0.7536, 0.2085
0.7536, 0.2085
0.7536, 0.2085
0.7536, 0.2085
0.7536, 0.2085
0.7536, 0.2085
0.7536, 0.2085
0.7536, 0.2085
0.7536, 0.2085
0.7536, 0.2085
0.7536, 0.2085
0.7536, 0.2085
0.7536, 0.2085
0.7536, 0.2085
0.7536, 0.2085
0.7536, 0.2085
0.7536, 0.2085
0.7536, 0.2085
0.7536, 0.2085
0.7536, 0.2085
0.7536, 0.2085
0.7536, 0.2085
0.7536, 0.2085
0.7536, 0.2085
0.7536, 0.2085
0.7536, 0.2085
0.7536, 0.2085
0.7536, 0.2085
0.7536, 0.2085
0.7536, 0.2085
0.7536, 0.2085
0.7536, 0.2085
0.7536, 0.2085
0.7536, 0.2085
0.7536, 0.2085
0.7536, 0.2085
0.7536, 0.2085
0.7536, 0.2085
0.7536, 0.2085
0.7536, 0.2085
0.7536, 0.2085
0.7536, 0.2085
0.7536, 0.2085
0.7536, 0.2085
0.7536, 0.2085
0.7536, 0.2085
0.7536, 0.2085
0.7536, 0.2085
0.7536, 0.2085
0.7536, 0.2085
0.7536, 0.2085
0.7536, 0.2085
0.7536, 0.2085
0.7536, 0.2085
0.7536, 0.2085
0.7536, 0.2085
0.7536, 0.2085
0.7536, 0.2085
0.7536, 0.2085
0.7536, 0.2085
0.7536, 0.2085
0.7536, 0.2085
0.7536, 0.2085
0.7536, 0.2085
0.7536, 0.2085
0.7536, 0.2085
0.7536, 0.2085
0.7536, 0.2085
0.7536, 0.2085
0.7536, 0.2085
0.7536, 0.2085
0.7536, 0.2085
0.7536, 0.2085
0.7536, 0.2085
0.7536, 0.2085
0.7536, 0.2085
0.7536, 0.2085
0.7536, 0.2085
0.7536, 0.2085
0.7536, 0.2085
0.7536, 0.2085
0.7536, 0.2085
0.7536, 0.2085
0.7536, 0.2085
0.7536, 0.2085
0.7585, 0.2085
0.7585, 0.2085
0.7585, 0.2085
0.7585, 0.2085
0.7633, 0.2085
0.7633, 0.2085
0.7633, 0.2085
0.7633, 0.2085
0.7633, 0.2085
0.7633, 0.2085
0.7681, 0.2085
0.7681, 0.2085
0.7729, 0.2085
0.7729, 0.2085
0.7729, 0.2085
0.7729, 0.2085
0.7729, 0.2085
0.7729, 0.2085
0.7729, 0.2085
0.7778, 0.2085
0.7778, 0.2085
0.7826, 0.2085
0.7826, 0.2085
0.7874, 0.2085
0.7874, 0.2085
0.7874, 0.2085
0.7874, 0.2085
0.7923, 0.2085
0.7923, 0.2085
0.7971, 0.2085
0.7971, 0.2085
0.7971, 0.2085
0.7971, 0.2085
0.8019, 0.2085
0.8019, 0.2085
0.8068, 0.2085
0.8068, 0.2085
0.8116, 0.2085
0.8116, 0.2085
0.8116, 0.2085
0.8116, 0.2085
0.8164, 0.2085
0.8164, 0.2085
0.8164, 0.2085
0.8164, 0.2085
0.8213, 0.2085
0.8213, 0.2085
0.8213, 0.2085
0.8213, 0.2085
0.8213, 0.2085
0.8213, 0.2085
0.8213, 0.2056
0.8213, 0.2056
0.8261, 0.2056
0.8261, 0.2056
0.8309, 0.2056
0.8309, 0.2056
0.8309, 0.2056
0.8309, 0.2056
0.8357, 0.2056
0.8357, 0.2056
0.8357, 0.2056
0.8357, 0.2056
0.8406, 0.2056
0.8406, 0.2056
0.8406, 0.2056
0.8406, 0.2056
0.8454, 0.2056
0.8454, 0.2056
0.8454, 0.2056
0.8454, 0.2056
0.8502, 0.2056
0.8502, 0.2056
0.8551, 0.2056
0.8551, 0.2056
0.8551, 0.2056
0.8551, 0.2056
0.8599, 0.2056
0.8599, 0.2056
0.8647, 0.2056
0.8647, 0.2056
0.8647, 0.2056
0.8647, 0.2056
0.8696, 0.2056
0.8696, 0.2056
0.8696, 0.2056
0.8696, 0.2056
0.8696, 0.2028
0.8696, 0.2028
0.8744, 0.2028
0.8744, 0.2028
0.8792, 0.2028
0.8792, 0.2028
0.8792, 0.2028
0.8792, 0.2028
0.8792, 0.2028
0.8792, 0.2028
0.8841, 0.2000
0.8841, 0.2000
0.8889, 0.2000
0.8889, 0.2000
0.8937, 0.2000
0.8937, 0.2000
0.8937, 0.1972
0.8937, 0.1972
0.8937, 0.1972
0.8937, 0.1972
0.8986, 0.1972
0.8986, 0.1972
0.9034, 0.1972
0.9034, 0.1972
0.9034, 0.1972
0.9034, 0.1972
0.9082, 0.1944
0.9082, 0.1944
0.9130, 0.1944
0.9130, 0.1944
0.9130, 0.1944
0.9130, 0.1944
0.9179, 0.1915
0.9179, 0.1915
0.9179, 0.1915
0.9179, 0.1915
0.9179, 0.1915
0.9179, 0.1915
0.9227, 0.1915
0.9227, 0.1915
0.9275, 0.1915
0.9275, 0.1915
0.9275, 0.1887
0.9275, 0.1887
0.9275, 0.1887
0.9275, 0.1887
0.9324, 0.1859
0.9324, 0.1859
0.9324, 0.1859
0.9324, 0.1859
0.9324, 0.1859
0.9324, 0.1859
0.9372, 0.1859
0.9372, 0.1859
0.9372, 0.1859
0.9372, 0.1859
0.9372, 0.1831
0.9372, 0.1831
0.9372, 0.1831
0.9372, 0.1831
0.9420, 0.1831
0.9420, 0.1831
0.9420, 0.1831
0.9420, 0.1831
0.9420, 0.1831
0.9420, 0.1831
0.9420, 0.1831
0.9420, 0.1831
0.9469, 0.1803
0.9469, 0.1803
0.9469, 0.1803
0.9469, 0.1803
0.9517, 0.1775
0.9517, 0.1775
0.9517, 0.1775
0.9517, 0.1775
0.9517, 0.1775
0.9517, 0.1775
0.9565, 0.1746
0.9565, 0.1746
0.9565, 0.1746
0.9565, 0.1746
0.9565, 0.1718
0.9565, 0.1718
0.9614, 0.1718
0.9614, 0.1718
0.9614, 0.1690
0.9614, 0.1690
0.9662, 0.1690
0.9662, 0.1690
0.9662, 0.1690
0.9662, 0.1690
0.9662, 0.1690
0.9662, 0.1690
0.9662, 0.1690
0.9662, 0.1662
0.9710, 0.1662
0.9710, 0.1662
0.9758, 0.1634
0.9758, 0.1634
0.9758, 0.1634
0.9758, 0.1634
0.9758, 0.1634
0.9758, 0.1634
0.9758, 0.1606
0.9758, 0.1606
0.9758, 0.1577
0.9758, 0.1577
0.9807, 0.1549
0.9807, 0.1549
0.9807, 0.1549
0.9807, 0.1549
0.9855, 0.1549
0.9855, 0.1549
0.9855, 0.1521
0.9855, 0.1521
0.9855, 0.1521
0.9855, 0.1521
0.9903, 0.1493
0.9903, 0.1493
0.9903, 0.1493
0.9903, 0.1493
0.9903, 0.1493
0.9903, 0.1493
0.9903, 0.1493
0.9903, 0.1493
0.9903, 0.1493
0.9903, 0.1465
0.9903, 0.1465
0.9903, 0.1465
0.9903, 0.1465
0.9903, 0.1437
0.9903, 0.1437
0.9903, 0.1437
0.9903, 0.1437
0.9903, 0.1408
0.9903, 0.1408
0.9952, 0.1408
0.9952, 0.1408
0.9952, 0.1380
0.9952, 0.1352
0.9952, 0.1352
0.9952, 0.1352
0.9952, 0.1352
0.9952, 0.1352
0.9952, 0.1352
0.9952, 0.1324
0.9952, 0.1324
0.9952, 0.1324
0.9952, 0.1324
0.9952, 0.1296
0.9952, 0.1296
1.0000, 0.1296
1.0000, 0.1296
1.0000, 0.1268
1.0000, 0.1268
1.0000, 0.1268
1.0000, 0.1268
1.0000, 0.1239
1.0000, 0.1239
1.0000, 0.1211
1.0000, 0.1211
1.0000, 0.1211
1.0000, 0.1211
1.0000, 0.1211
1.0000, 0.1211
1.0000, 0.1183
1.0000, 0.1183
1.0000, 0.1155
1.0000, 0.1155
1.0000, 0.1155
1.0000, 0.1155
1.0000, 0.1155
1.0000, 0.1155
1.0000, 0.1127
1.0000, 0.1127
1.0000, 0.1127
1.0000, 0.1127
1.0000, 0.1099
1.0000, 0.1099
1.0000, 0.1099
1.0000, 0.1099
1.0000, 0.1070
1.0000, 0.1070
1.0000, 0.1070
1.0000, 0.1070
1.0000, 0.1070
1.0000, 0.1070
1.0000, 0.1070
1.0000, 0.1070
1.0000, 0.1042
1.0000, 0.1042
1.0000, 0.1042
1.0000, 0.1042
1.0000, 0.1014
1.0000, 0.1014
1.0000, 0.1014
1.0000, 0.1014
1.0000, 0.1014
1.0000, 0.1014
1.0000, 0.0986
1.0000, 0.0986
1.0000, 0.0958
1.0000, 0.0958
1.0000, 0.0958
1.0000, 0.0958
1.0000, 0.0930
1.0000, 0.0930
1.0000, 0.0930
1.0000, 0.0930
1.0000, 0.0930
1.0000, 0.0930
1.0000, 0.0930
1.0000, 0.0930
1.0000, 0.0901
1.0000, 0.0901
1.0000, 0.0873
1.0000, 0.0873
1.0000, 0.0873
1.0000, 0.0873
1.0000, 0.0873
1.0000, 0.0873
1.0000, 0.0845
1.0000, 0.0845
1.0000, 0.0845
1.0000, 0.0845
1.0000, 0.0817
1.0000, 0.0817
1.0000, 0.0817
1.0000, 0.0817
0.9952, 0.0817
0.9952, 0.0817
0.9952, 0.0789
0.9952, 0.0789
0.9952, 0.0789
0.9952, 0.0789
0.9952, 0.0789
0.9952, 0.0789
0.9952, 0.0789
0.9952, 0.0789
0.9952, 0.0761
0.9952, 0.0761
0.9952, 0.0761
0.9952, 0.0761
0.9952, 0.0732
0.9952, 0.0732
0.9952, 0.0732
0.9952, 0.0732
0.9903, 0.0732
0.9903, 0.0732
0.9903, 0.0704
0.9903, 0.0704
0.9903, 0.0704
0.9903, 0.0676
0.9903, 0.0676
0.9855, 0.0676
0.9855, 0.0676
0.9855, 0.0648
0.9855, 0.0648
0.9855, 0.0648
0.9855, 0.0648
0.9855, 0.0648
0.9855, 0.0648
0.9807, 0.0648
0.9807, 0.0648
0.9807, 0.0620
0.9807, 0.0620
0.9807, 0.0592
0.9807, 0.0592
0.9807, 0.0592
0.9807, 0.0592
0.9807, 0.0592
0.9807, 0.0592
0.9807, 0.0592
0.9807, 0.0592
0.9758, 0.0592
0.9758, 0.0563
0.9758, 0.0563
0.9758, 0.0563
0.9758, 0.0563
0.9710, 0.0535
0.9710, 0.0535
0.9710, 0.0535
0.9710, 0.0535
0.9710, 0.0535
0.9710, 0.0535
0.9710, 0.0535
0.9710, 0.0535
0.9710, 0.0535
0.9710, 0.0535
0.9710, 0.0507
0.9662, 0.0507
0.9662, 0.0507
0.9662, 0.0507
0.9662, 0.0507
0.9614, 0.0479
0.9614, 0.0479
0.9614, 0.0479
0.9614, 0.0479
0.9565, 0.0451
0.9565, 0.0451
0.9565, 0.0451
0.9565, 0.0451
0.9565, 0.0451
0.9565, 0.0451
0.9565, 0.0451
0.9565, 0.0451
0.9517, 0.0451
0.9517, 0.0423
0.9469, 0.0423
0.9469, 0.0423
0.9469, 0.0394
0.9372, 0.0394
0.9324, 0.0394
0.9324, 0.0394
0.9324, 0.0366
0.9324, 0.0366
0.9324, 0.0366
0.9324, 0.0366
0.9275, 0.0366
0.9275, 0.0366
0.9275, 0.0338
0.9275, 0.0338
0.9227, 0.0338
0.9227, 0.0338
0.9227, 0.0310
0.9227, 0.0310
0.9227, 0.0310
0.9227, 0.0310
0.9179, 0.0310
0.9179, 0.0310
0.9179, 0.0310
0.9179, 0.0310
0.9130, 0.0310
0.9130, 0.0310
0.9082, 0.0310
0.9082, 0.0310
0.9082, 0.0310
0.9082, 0.0310
0.9082, 0.0310
0.9082, 0.0310
0.9082, 0.0282
0.9082, 0.0282
0.9034, 0.0282
0.9034, 0.0282
0.9034, 0.0282
0.8986, 0.0282
0.8986, 0.0282
0.8986, 0.0254
0.8986, 0.0254
0.8937, 0.0254
0.8937, 0.0254
0.8937, 0.0254
0.8937, 0.0254
0.8889, 0.0254
0.8889, 0.0254
0.8841, 0.0254
0.8841, 0.0254
0.8841, 0.0254
0.8841, 0.0254
0.8841, 0.0225
0.8841, 0.0225
0.8792, 0.0225
0.8792, 0.0225
0.8792, 0.0225
0.8792, 0.0225
0.8744, 0.0197
0.8744, 0.0197
0.8744, 0.0197
0.8744, 0.0197
0.8744, 0.0197
0.8744, 0.0197
0.8696, 0.0197
0.8647, 0.0169
0.8647, 0.0169
0.8647, 0.0169
0.8647, 0.0169
0.8599, 0.0169
0.8599, 0.0169
0.8599, 0.0169
0.8599, 0.0169
0.8599, 0.0169
0.8599, 0.0169
0.8551, 0.0169
0.8551, 0.0169
0.8551, 0.0169
0.8551, 0.0169
0.8502, 0.0141
0.8502, 0.0141
0.8502, 0.0141
0.8502, 0.0141
0.8502, 0.0141
0.8502, 0.0141
0.8454, 0.0141
0.8454, 0.0141
0.8406, 0.0141
0.8406, 0.0113
0.8406, 0.0113
0.8357, 0.0113
0.8357, 0.0113
0.8309, 0.0113
0.8309, 0.0113
0.8261, 0.0113
0.8261, 0.0113
0.8261, 0.0113
0.8261, 0.0113
0.8213, 0.0113
0.8213, 0.0113
0.8164, 0.0113
0.8164, 0.0113
0.8164, 0.0113
0.8164, 0.0113
0.8116, 0.0113
0.8116, 0.0113
0.8116, 0.0113
0.8116, 0.0113
0.8019, 0.0113
0.8019, 0.0113
0.8019, 0.0113
0.7971, 0.0113
0.7971, 0.0113
0.7923, 0.0113
0.7923, 0.0113
0.7874, 0.0113
0.7874, 0.0113
0.7874, 0.0113
0.7874, 0.0113
0.7826, 0.0113
0.7826, 0.0113
0.7778, 0.0085
0.7778, 0.0085
0.7729, 0.0085
0.7681, 0.0085
0.7681, 0.0085
0.7633, 0.0085
0.7633, 0.0085
0.7633, 0.0085
0.7633, 0.0085
0.7585, 0.0085
0.7585, 0.0085
0.7488, 0.0085
0.7488, 0.0085
0.7488, 0.0085
0.7440, 0.0085
0.7440, 0.0085
0.7391, 0.0085
0.7391, 0.0085
0.7343, 0.0085
0.7343, 0.0085
0.7295, 0.0085
0.7295, 0.0085
0.7246, 0.0056
0.7246, 0.0056
0.7246, 0.0056
0.7198, 0.0056
0.7198, 0.0056
0.7101, 0.0056
0.7101, 0.0056
0.7101, 0.0056
0.7101, 0.0056
0.7053, 0.0056
0.7053, 0.0056
0.7005, 0.0028
0.7005, 0.0028
0.7005, 0.0028
0.7005, 0.0028
0.6957, 0.0028
0.6957, 0.0028
0.6860, 0.0028
0.6860, 0.0028
0.6860, 0.0028
0.6812, 0.0028
0.6812, 0.0028
0.6763, 0.0028
0.6763, 0.0028
0.6715, 0.0028
0.6715, 0.0028
0.6667, 0.0028
0.6667, 0.0028
0.6667, 0.0028
0.6667, 0.0028
0.6618, 0.0028
0.6618, 0.0028
0.6618, 0.0028
0.6618, 0.0028
0.6570, 0.0028
0.6570, 0.0028
0.6570, 0.0028
0.6570, 0.0028
0.6522, 0.0028
0.6473, 0.0028
0.6473, 0.0028
0.6473, 0.0028
0.6473, 0.0028
0.6473, 0.0028
0.6473, 0.0028
0.6473, 0.0028
0.6473, 0.0028
0.6473, 0.0028
0.6473, 0.0028
0.6473, 0.0028
0.6473, 0.0028
0.6473, 0.0028
0.6473, 0.0028
0.6473, 0.0028
0.6473, 0.0028
0.6473, 0.0028
0.6473, 0.0028
0.6473, 0.0028
0.6473, 0.0028
0.6473, 0.0028
0.6473, 0.0028
0.6473, 0.0028
0.6473, 0.0028
0.6473, 0.0028
0.6473, 0.0028
0.6473, 0.0028
0.6473, 0.0028
0.6473, 0.0028
0.6473, 0.0028
0.6473, 0.0028
0.6473, 0.0028
0.6473, 0.0028
0.6473, 0.0028
0.6473, 0.0028
0.6473, 0.0028
0.6473, 0.0028
0.6473, 0.0028
0.6473, 0.0028
0.6473, 0.0028
0.6473, 0.0028
0.6473, 0.0028
0.6473, 0.0028
0.6473, 0.0028
0.6473, 0.0028
0.6473, 0.0028
0.6473, 0.0028
0.6473, 0.0028
0.6473, 0.0028
0.6473, 0.0028
0.6473, 0.0028
0.6473, 0.0028
0.6473, 0.0028
0.6473, 0.0028
0.6473, 0.0028
0.6473, 0.0028
0.6473, 0.0028
0.6473, 0.0028
0.6473, 0.0028
0.6473, 0.0028
0.6473, 0.0028
0.6473, 0.0028
0.6473, 0.0028
0.6473, 0.0028
0.6473, 0.0028
0.6473, 0.0028
0.6473, 0.0028
0.6473, 0.0028
0.6473, 0.0028
0.6473, 0.0028
0.6473, 0.0028
0.6473, 0.0028
0.6473, 0.0028
0.6473, 0.0028
0.6473, 0.0028
0.6473, 0.0028
0.6473, 0.0028
0.6473, 0.0028
0.6473, 0.0028
0.6473, 0.0028
0.6473, 0.0028
0.6473, 0.0028
0.6473, 0.0028
0.6473, 0.0028
0.6473, 0.0028
0.6473, 0.0028
0.6473, 0.0028
0.6473, 0.0028
0.6473, 0.0028
0.6473, 0.0028
0.6473, 0.0028
0.6473, 0.0028
0.6473, 0.0028
0.6473, 0.0028
0.6473, 0.0028
0.6473, 0.0028
0.6473, 0.0028
0.6473, 0.0028
0.6473, 0.0028
0.6473, 0.0028
0.6473, 0.0028
0.6473, 0.0028
0.6473, 0.0028
0.6473, 0.0028
0.6473, 0.0028
0.0000, 1.0000
0.0000, 1.0000
0.0000, 1.0000
0.0000, 1.0000
0.0000, 1.0000
0.0000, 1.0000
0.0000, 1.0000
0.0000, 1.0000
0.0000, 1.0000
0.0000, 1.0000
0.0000, 1.0000
0.0000, 1.0000
0.0000, 1.0000
0.0000, 1.0000
0.0000, 1.0000
0.0000, 1.0000
0.0000, 1.0000
0.0000, 1.0000
0.0000, 1.0000
0.0000, 1.0000
0.0000, 1.0000
0.0000, 1.0000
0.0000, 1.0000
0.0000, 1.0000
0.0000, 1.0000
0.0000, 1.0000
0.0000, 1.0000
0.0000, 1.0000
0.0000, 1.0000
0.0000, 1.0000
0.0000, 1.0000
0.0000, 1.0000
0.0000, 1.0000
0.0000, 1.0000
0.0000, 1.0000
0.0000, 1.0000
0.0000, 1.0000
0.0000, 1.0000
0.0000, 1.0000
0.0000, 1.0000
0.0000, 1.0000
0.0000, 1.0000
0.0000, 1.0000
0.0000, 1.0000
0.0000, 1.0000
0.0000, 1.0000
0.0000, 1.0000
0.0000, 1.0000
0.0000, 1.0000
0.0000, 1.0000
0.0000, 1.0000
0.0000, 1.0000
0.0000, 1.0000
0.0000, 1.0000
0.0000, 1.0000
0.0000, 1.0000
0.0000, 1.0000
0.0000, 1.0000
0.0000, 1.0000
0.0000, 1.0000
0.0000, 1.0000
0.0000, 1.0000
0.0000, 1.0000
0.0000, 1.0000
0.0000, 1.0000
0.0000, 1.0000
0.0000, 1.0000
0.0000, 1.0000
0.0000, 1.0000
0.0000, 1.0000
0.0000, 1.0000
0.0000, 1.0000
0.0000, 1.0000
0.0000, 1.0000
0.0000, 1.0000
0.0000, 1.0000
0.0000, 1.0000
0.0000, 1.0000
0.0000, 1.0000
0.0000, 1.0000
0.0000, 1.0000
0.0000, 1.0000
0.0000, 1.0000
0.0000, 1.0000
0.0000, 1.0000
0.0000, 1.0000
0.0000, 1.0000
0.0000, 1.0000
0.0000, 1.0000
0.0000, 1.0000
0.0000, 1.0000
0.0000, 1.0000
0.0000, 1.0000
0.0000, 1.0000
0.0000, 1.0000
0.0000, 1.0000
0.0000, 1.0000
0.0000, 1.0000
0.0000, 1.0000
0.0000, 1.0000
0.0000, 1.0000
0.0000, 1.0000
0.0000, 1.0000
0.0000, 1.0000
0.0000, 1.0000
0.0000, 1.0000
0.0000, 1.0000
0.0000, 1.0000
0.0000, 1.0000
0.0000, 1.0000
0.0000, 1.0000
0.0000, 1.0000
0.0000, 1.0000
0.0000, 1.0000
0.0000, 1.0000
0.0000, 1.0000
0.0000, 1.0000
0.0000, 1.0000
0.0000, 1.0000
0.0000, 1.0000
0.0000, 1.0000
0.0000, 1.0000
0.0000, 1.0000
0.0000, 1.0000
0.0000, 1.0000
0.0000, 1.0000
0.0000, 1.0000
0.0000, 1.0000
0.0000, 1.0000
0.0000, 1.0000
0.0000, 1.0000
0.0000, 1.0000
0.0000, 1.0000
0.0000, 1.0000
0.0000, 1.0000
0.0000, 1.0000
0.0000, 1.0000
0.0000, 1.0000
0.0000, 1.0000
0.0000, 1.0000
0.0000, 1.0000
0.0000, 1.0000
0.0000, 1.0000
0.0000, 1.0000
0.0000, 1.0000
0.0000, 1.0000
0.0000, 1.0000
0.0000, 1.0000
0.0000, 1.0000
0.0000, 1.0000
0.0000, 1.0000
0.0000, 1.0000
0.0000, 1.0000
0.0000, 1.0000
0.0000, 1.0000
0.0000, 1.0000
0.0000, 1.0000
0.0000, 1.0000
0.0000, 1.0000
0.0000, 1.0000
0.0000, 1.0000
0.0000, 1.0000
0.0000, 1.0000
0.0000, 1.0000
0.0000, 1.0000
0.0000, 1.0000
0.0000, 1.0000
0.0000, 1.0000
0.0000, 1.0000
0.0000, 1.0000
0.0000, 1.0000
0.0000, 1.0000
0.0000, 1.0000
0.0000, 1.0000
0.0000, 1.0000
0.0000, 1.0000
0.0000, 1.0000
0.0000, 1.0000
0.0000, 1.0000
0.0000, 1.0000
0.0000, 1.0000
0.0000, 1.0000
0.0000, 1.0000
0.0000, 1.0000
0.0000, 1.0000
0.0000, 1.0000
0.0000, 1.0000
0.0000, 1.0000
0.0000, 1.0000
0.0000, 1.0000
0.0000, 1.0000
0.0000, 1.0000
0.0000, 1.0000
0.0000, 1.0000
0.0000, 1.0000
0.0000, 1.0000
0.0000, 1.0000
0.0000, 1.0000
0.0000, 1.0000
0.0000, 1.0000
0.0000, 1.0000
0.0000, 1.0000
0.0000, 1.0000
0.0000, 1.0000
0.0000, 1.0000
0.0000, 1.0000
0.0000, 1.0000
0.0000, 1.0000
0.0000, 1.0000
0.0000, 1.0000
0.0000, 1.0000
0.0000, 1.0000
0.0000, 1.0000
0.0000, 1.0000
0.0000, 1.0000
0.0000, 1.0000
0.0000, 1.0000
0.0000, 1.0000
0.0000, 1.0000
