0.1410, 0.4051
0.1410, 0.4051
0.1410, 0.4051
0.1410, 0.4051
0.1410, 0.4051
0.1410, 0.4051
0.1410, 0.4051
0.1410, 0.4051
0.1410, 0.4051
0.1410, 0.4051
0.1410, 0.4051
0.1410, 0.4051
0.1410, 0.4051
0.1410, 0.4051
0.1410, 0.4051
0.1410, 0.4051
0.1410, 0.4051
0.1410, 0.4051
0.1410, 0.4051
0.1410, 0.4051
0.1410, 0.4051
0.1410, 0.4051
0.1410, 0.4051
0.1410, 0.4051
0.1410, 0.4051
0.1410, 0.4051
0.1410, 0.4051
0.1410, 0.4051
0.1410, 0.4051
0.1410, 0.4051
0.1410, 0.4051
0.1410, 0.4051
0.1410, 0.4051
0.1410, 0.4051
0.1410, 0.4051
0.1410, 0.4051
0.1410, 0.4051
0.1410, 0.4051
0.1410, 0.4051
0.1410, 0.4051
0.1410, 0.4051
0.1410, 0.4051
0.1410, 0.4051
0.1410, 0.4051
0.1410, 0.4051
0.1410, 0.4051
0.1410, 0.4051
0.1410, 0.4051
0.1410, 0.4051
0.1410, 0.4051
0.1410, 0.4051
0.1410, 0.4051
0.1410, 0.4051
0.1410, 0.4051
0.1410, 0.4051
0.1454, 0.4051
0.1454, 0.4051
0.1454, 0.4051
0.1454, 0.4051
0.1454, 0.4051
0.1454, 0.4051
0.1454, 0.4051
0.1454, 0.4051
0.1454, 0.4051
0.1454, 0.4051
0.1454, 0.4051
0.1454, 0.4051
0.1454, 0.4051
0.1498, 0.4051
0.1498, 0.4051
0.1498, 0.4051
0.1498, 0.4051
0.1498, 0.4051
0.1498, 0.4051
0.1498, 0.4051
0.1498, 0.4051
0.1498, 0.4051
0.1542, 0.4051
0.1542, 0.4051
0.1542, 0.4051
0.1542, 0.4051
0.1542, 0.4051
0.1542, 0.4051
0.1542, 0.4051
0.1542, 0.4051
0.1586, 0.4051
0.1586, 0.4051
0.1586, 0.4051
0.1586, 0.4051
0.1586, 0.4051
0.1630, 0.4051
0.1630, 0.4051
0.1630, 0.4051
0.1630, 0.4051
0.1630, 0.4051
0.1630, 0.4051
0.1630, 0.4051
0.1630, 0.4051
0.1630, 0.4051
0.1674, 0.4051
0.1674, 0.4051
0.1674, 0.4051
0.1674, 0.4051
0.1674, 0.4051
0.1674, 0.4051
0.1674, 0.4051
0.1674, 0.4051
0.1674, 0.4051
0.1674, 0.4051
0.1674, 0.4051
0.1674, 0.4051
0.1674, 0.4051
0.1718, 0.4051
0.1718, 0.4051
0.1718, 0.4051
0.1718, 0.4051
0.1718, 0.4051
0.1718, 0.4051
0.1718, 0.4051
0.1718, 0.4051
0.1718, 0.4051
0.1762, 0.4051
0.1762, 0.4051
0.1762, 0.4051
0.1762, 0.4051
0.1762, 0.4051
0.1762, 0.4051
0.1762, 0.4051
0.1762, 0.4051
0.1762, 0.4051
0.1762, 0.4051
0.1762, 0.4051
0.1762, 0.4051
0.1762, 0.4051
0.1762, 0.4051
0.1762, 0.4051
0.1762, 0.4051
0.1762, 0.4051
0.1762, 0.4051
0.1762, 0.4051
0.1762, 0.4051
0.1762, 0.4051
0.1762, 0.4051
0.1806, 0.4051
0.1806, 0.4051
0.1806, 0.4051
0.1806, 0.4051
0.1850, 0.4051
0.1850, 0.4051
0.1850, 0.4051
0.1850, 0.4051
0.1850, 0.4051
0.1894, 0.4051
0.1894, 0.4051
0.1894, 0.4051
0.1894, 0.4051
0.1894, 0.4051
0.1894, 0.4051
0.1894, 0.4051
0.1894, 0.4051
0.1894, 0.4051
0.1894, 0.4051
0.1894, 0.4051
0.1894, 0.4051
0.1894, 0.4051
0.1894, 0.4051
0.1894, 0.4051
0.1894, 0.4051
0.1894, 0.4051
0.1938, 0.4051
0.1938, 0.4051
0.1938, 0.4051
0.1938, 0.4051
0.1938, 0.4051
0.1938, 0.4051
0.1938, 0.4051
0.1938, 0.4051
0.1938, 0.4051
0.1982, 0.4051
0.1982, 0.4051
0.1982, 0.4051
0.1982, 0.4051
0.1982, 0.4051
0.1982, 0.4051
0.1982, 0.4051
0.1982, 0.4051
0.1982, 0.4051
0.1982, 0.4051
0.1982, 0.4051
0.1982, 0.4051
0.1982, 0.4051
0.1982, 0.4051
0.1982, 0.4051
0.1982, 0.4051
0.1982, 0.4051
0.1982, 0.4051
0.2026, 0.4051
0.2026, 0.4051
0.2026, 0.4051
0.2026, 0.4051
0.2026, 0.4051
0.2026, 0.4051
0.2026, 0.4051
0.2026, 0.4051
0.2070, 0.4051
0.2070, 0.4051
0.2070, 0.4051
0.2070, 0.4051
0.2070, 0.4051
0.2070, 0.4051
0.2070, 0.4051
0.2070, 0.4051
0.2070, 0.4051
0.2115, 0.4051
0.2115, 0.4051
0.2115, 0.4051
0.2115, 0.4051
0.2115, 0.4051
0.2115, 0.4051
0.2115, 0.4051
0.2115, 0.4051
0.2115, 0.4051
0.2115, 0.4051
0.2115, 0.4051
0.2115, 0.4051
0.2115, 0.4051
0.2115, 0.4051
0.2115, 0.4051
0.2115, 0.4051
0.2115, 0.4051
0.2159, 0.4051
0.2159, 0.4051
0.2159, 0.4051
0.2159, 0.4051
0.2203, 0.4051
0.2203, 0.4051
0.2203, 0.4051
0.2203, 0.4051
0.2203, 0.4051
0.2203, 0.4051
0.2203, 0.4051
0.2203, 0.4051
0.2203, 0.4051
0.2203, 0.4051
0.2203, 0.4051
0.2203, 0.4051
0.2203, 0.4051
0.2203, 0.4051
0.2203, 0.4051
0.2203, 0.4051
0.2203, 0.4051
0.2203, 0.4051
0.2203, 0.4051
0.2203, 0.4051
0.2203, 0.4051
0.2203, 0.4051
0.2247, 0.4051
0.2247, 0.4051
0.2247, 0.4051
0.2247, 0.4051
0.2247, 0.4051
0.2247, 0.4051
0.2247, 0.4051
0.2291, 0.4051
0.2291, 0.4051
0.2291, 0.4051
0.2291, 0.4051
0.2335, 0.4051
0.2335, 0.4051
0.2335, 0.4051
0.2335, 0.4051
0.2335, 0.4051
0.2335, 0.4051
0.2335, 0.4051
0.2335, 0.4051
0.2335, 0.4051
0.2335, 0.4051
0.2335, 0.4051
0.2335, 0.4051
0.2335, 0.4051
0.2335, 0.4051
0.2335, 0.4051
0.2335, 0.4051
0.2335, 0.4051
0.2379, 0.4051
0.2379, 0.4051
0.2379, 0.4051
0.2379, 0.4051
0.2379, 0.4051
0.2379, 0.4051
0.2379, 0.4051
0.2379, 0.4051
0.2423, 0.4051
0.2423, 0.4051
0.2423, 0.4051
0.2423, 0.4051
0.2423, 0.4051
0.2423, 0.4051
0.2423, 0.4051
0.2423, 0.4051
0.2423, 0.4051
0.2423, 0.4051
0.2423, 0.4051
0.2423, 0.4051
0.2423, 0.4051
0.2423, 0.4051
0.2423, 0.4051
0.2423, 0.4051
0.2423, 0.4051
0.2423, 0.4051
0.2423, 0.4051
0.2423, 0.4051
0.2423, 0.4051
0.2423, 0.4051
0.2467, 0.4051
0.2467, 0.4051
0.2467, 0.4051
0.2467, 0.4051
0.2467, 0.4051
0.2467, 0.4051
0.2467, 0.4051
0.2467, 0.4051
0.2511, 0.4051
0.2511, 0.4051
0.2511, 0.4051
0.2511, 0.4051
0.2511, 0.4051
0.2511, 0.4051
0.2511, 0.4051
0.2511, 0.4051
0.2511, 0.4051
0.2511, 0.4051
0.2511, 0.4051
0.2511, 0.4051
0.2511, 0.4051
0.2555, 0.4051
0.2555, 0.4051
0.2555, 0.4051
0.2555, 0.4051
0.2555, 0.4051
0.2555, 0.4051
0.2555, 0.4051
0.2555, 0.4051
0.2599, 0.4051
0.2599, 0.4051
0.2599, 0.4051
0.2599, 0.4051
0.2599, 0.4051
0.2599, 0.4051
0.2599, 0.4051
0.2599, 0.4051
0.2599, 0.4051
0.2599, 0.4051
0.2599, 0.4051
0.2599, 0.4051
0.2599, 0.4051
0.2643, 0.4051
0.2643, 0.4051
0.2643, 0.4051
0.2643, 0.4051
0.2643, 0.4051
0.2643, 0.4051
0.2643, 0.4051
0.2643, 0.4051
0.2643, 0.4051
0.2643, 0.4051
0.2643, 0.4051
0.2643, 0.4051
0.2687, 0.4051
0.2687, 0.4051
0.2687, 0.4051
0.2687, 0.4051
0.2687, 0.4051
0.2687, 0.4051
0.2687, 0.4051
0.2731, 0.4051
0.2731, 0.4051
0.2731, 0.4051
0.2731, 0.4051
0.2731, 0.4051
0.2731, 0.4051
0.2731, 0.4051
0.2731, 0.4051
0.2731, 0.4051
0.2731, 0.4051
0.2731, 0.4051
0.2731, 0.4051
0.2731, 0.4051
0.2731, 0.4051
0.2731, 0.4051
0.2731, 0.4051
0.2731, 0.4051
0.2775, 0.4051
0.2775, 0.4051
0.2775, 0.4051
0.2775, 0.4051
0.2775, 0.4051
0.2775, 0.4051
0.2775, 0.4051
0.2775, 0.4051
0.2819, 0.4051
0.2819, 0.4051
0.2819, 0.4051
0.2819, 0.4051
0.2819, 0.4051
0.2819, 0.4051
0.2819, 0.4051
0.2819, 0.4051
0.2819, 0.4051
0.2819, 0.4051
0.2819, 0.4051
0.2819, 0.4051
0.2863, 0.4051
0.2863, 0.4051
0.2863, 0.4051
0.2863, 0.4051
0.2863, 0.4051
0.2863, 0.4051
0.2863, 0.4051
0.2863, 0.4051
0.2863, 0.4051
0.2863, 0.4051
0.2863, 0.4051
0.2863, 0.4051
0.2863, 0.4051
0.2863, 0.4051
0.2863, 0.4051
0.2863, 0.4051
0.2863, 0.4051
0.2863, 0.4051
0.2863, 0.4051
0.2863, 0.4051
0.2863, 0.4051
0.2907, 0.4051
0.2907, 0.4051
0.2907, 0.4051
0.2907, 0.4051
0.2907, 0.4051
0.2907, 0.4051
0.2907, 0.4051
0.2907, 0.4051
0.2907, 0.4051
0.2907, 0.4051
0.2907, 0.4051
0.2907, 0.4051
0.2952, 0.4051
0.2952, 0.4051
0.2952, 0.4051
0.2952, 0.4051
0.2952, 0.4051
0.2952, 0.4051
0.2952, 0.4051
0.2952, 0.4051
0.2952, 0.4051
0.2952, 0.4051
0.2952, 0.4051
0.2952, 0.4051
0.2952, 0.4051
0.2952, 0.4051
0.2952, 0.4051
0.2952, 0.4051
0.2996, 0.4051
0.2996, 0.4051
0.2996, 0.4051
0.2996, 0.4051
0.2996, 0.4051
0.2996, 0.4051
0.2996, 0.4051
0.2996, 0.4051
0.3040, 0.4051
0.3040, 0.4051
0.3040, 0.4051
0.3040, 0.4051
0.3040, 0.4051
0.3040, 0.4051
0.3040, 0.4051
0.3040, 0.4051
0.3040, 0.4051
0.3040, 0.4051
0.3040, 0.4051
0.3084, 0.4051
0.3084, 0.4051
0.3084, 0.4051
0.3084, 0.4051
0.3084, 0.4051
0.3084, 0.4051
0.3084, 0.4051
0.3084, 0.4051
0.3084, 0.4051
0.3084, 0.4051
0.3084, 0.4051
0.3084, 0.4051
0.3084, 0.4051
0.3084, 0.4051
0.3084, 0.4051
0.3084, 0.4051
0.3084, 0.4051
0.3084, 0.4051
0.3084, 0.4051
0.3084, 0.4051
0.3084, 0.4051
0.3084, 0.4051
0.3084, 0.4051
0.3084, 0.4051
0.3084, 0.4051
0.3084, 0.4051
0.3084, 0.4051
0.3084, 0.4051
0.3128, 0.4051
0.3128, 0.4051
0.3128, 0.4051
0.3128, 0.4051
0.3128, 0.4023
0.3128, 0.4023
0.3128, 0.4023
0.3128, 0.4023
0.3128, 0.4023
0.3128, 0.4023
0.3128, 0.4023
0.3172, 0.4023
0.3172, 0.4023
0.3172, 0.4023
0.3172, 0.4023
0.3172, 0.4023
0.3172, 0.4023
0.3172, 0.4023
0.3172, 0.4023
0.3172, 0.4023
0.3172, 0.4023
0.3172, 0.4023
0.3172, 0.4023
0.3172, 0.4023
0.3172, 0.4023
0.3172, 0.4023
0.3172, 0.4023
0.3172, 0.4023
0.3172, 0.4023
0.3172, 0.4023
0.3172, 0.4023
0.3172, 0.4023
0.3172, 0.4023
0.3172, 0.4023
0.3172, 0.4023
0.3172, 0.4023
0.3172, 0.4023
0.3172, 0.4023
0.3172, 0.4023
0.3172, 0.4023
0.3172, 0.3994
0.3172, 0.3994
0.3172, 0.3994
0.3172, 0.3994
0.3172, 0.3994
0.3172, 0.3994
0.3172, 0.3994
0.3172, 0.3994
0.3216, 0.3994
0.3216, 0.3994
0.3216, 0.3994
0.3216, 0.3994
0.3216, 0.3994
0.3216, 0.3994
0.3216, 0.3994
0.3216, 0.3994
0.3216, 0.3966
0.3216, 0.3966
0.3216, 0.3966
0.3216, 0.3966
0.3216, 0.3966
0.3216, 0.3966
0.3216, 0.3966
0.3216, 0.3966
0.3216, 0.3966
0.3216, 0.3966
0.3216, 0.3966
0.3216, 0.3966
0.3216, 0.3966
0.3216, 0.3966
0.3216, 0.3966
0.3260, 0.3938
0.3260, 0.3938
0.3260, 0.3938
0.3260, 0.3938
0.3260, 0.3938
0.3260, 0.3938
0.3260, 0.3938
0.3260, 0.3938
0.3260, 0.3938
0.3260, 0.3938
0.3260, 0.3938
0.3260, 0.3938
0.3260, 0.3938
0.3260, 0.3938
0.3260, 0.3938
0.3260, 0.3938
0.3260, 0.3909
0.3260, 0.3909
0.3260, 0.3909
0.3260, 0.3909
0.3260, 0.3909
0.3260, 0.3909
0.3260, 0.3909
0.3260, 0.3909
0.3260, 0.3881
0.3260, 0.3881
0.3260, 0.3881
0.3260, 0.3881
0.3260, 0.3881
0.3260, 0.3881
0.3260, 0.3881
0.3304, 0.3881
0.3304, 0.3881
0.3304, 0.3881
0.3304, 0.3881
0.3304, 0.3881
0.3304, 0.3881
0.3304, 0.3881
0.3304, 0.3881
0.3304, 0.3853
0.3304, 0.3853
0.3304, 0.3853
0.3304, 0.3853
0.3304, 0.3853
0.3304, 0.3853
0.3304, 0.3853
0.3304, 0.3824
0.3304, 0.3824
0.3304, 0.3824
0.3304, 0.3824
0.3304, 0.3796
0.3304, 0.3796
0.3304, 0.3796
0.3304, 0.3796
0.3304, 0.3796
0.3304, 0.3796
0.3304, 0.3796
0.3304, 0.3796
0.3304, 0.3796
0.3304, 0.3796
0.3304, 0.3796
0.3304, 0.3796
0.3304, 0.3768
0.3304, 0.3768
0.3304, 0.3768
0.3304, 0.3768
0.3304, 0.3768
0.3304, 0.3768
0.3304, 0.3768
0.3304, 0.3739
0.3304, 0.3739
0.3304, 0.3739
0.3304, 0.3739
0.3304, 0.3739
0.3304, 0.3739
0.3304, 0.3739
0.3304, 0.3739
0.3304, 0.3739
0.3304, 0.3739
0.3304, 0.3739
0.3304, 0.3739
0.3304, 0.3739
0.3304, 0.3739
0.3304, 0.3739
0.3304, 0.3739
0.3304, 0.3711
0.3304, 0.3711
0.3304, 0.3711
0.3304, 0.3711
0.3304, 0.3711
0.3304, 0.3711
0.3304, 0.3711
0.3304, 0.3683
0.3304, 0.3683
0.3304, 0.3683
0.3304, 0.3683
0.3304, 0.3683
0.3304, 0.3683
0.3304, 0.3683
0.3304, 0.3683
0.3304, 0.3654
0.3304, 0.3654
0.3304, 0.3654
0.3304, 0.3654
0.3304, 0.3654
0.3304, 0.3654
0.3304, 0.3654
0.3304, 0.3654
0.3304, 0.3654
0.3304, 0.3654
0.3304, 0.3654
0.3304, 0.3654
0.3304, 0.3626
0.3304, 0.3626
0.3304, 0.3626
0.3304, 0.3598
0.3304, 0.3598
0.3304, 0.3598
0.3304, 0.3598
0.3304, 0.3598
0.3304, 0.3598
0.3304, 0.3598
0.3304, 0.3598
0.3304, 0.3598
0.3304, 0.3598
0.3304, 0.3598
0.3304, 0.3598
0.3304, 0.3598
0.3304, 0.3598
0.3304, 0.3598
0.3304, 0.3569
0.3304, 0.3541
0.3304, 0.3541
0.3304, 0.3541
0.3304, 0.3513
0.3304, 0.3513
0.3304, 0.3513
0.3304, 0.3513
0.3304, 0.3484
0.3304, 0.3456
0.3304, 0.3428
0.3304, 0.3399
0.3304, 0.3399
0.3304, 0.3399
0.3304, 0.3399
0.3304, 0.3399
0.3304, 0.3399
0.3304, 0.3399
0.3304, 0.3371
0.3304, 0.3371
0.3304, 0.3371
0.3304, 0.3371
0.3304, 0.3371
0.3304, 0.3371
0.3304, 0.3343
0.3304, 0.3343
0.3304, 0.3343
0.3304, 0.3314
0.3304, 0.3314
0.3304, 0.3314
0.3304, 0.3314
0.3304, 0.3314
0.3304, 0.3314
0.3304, 0.3314
0.3304, 0.3314
0.3304, 0.3314
0.3304, 0.3314
0.3304, 0.3314
0.3304, 0.3314
0.3304, 0.3286
0.3304, 0.3286
0.3304, 0.3286
0.3304, 0.3258
0.3304, 0.3258
0.3304, 0.3258
0.3304, 0.3258
0.3304, 0.3229
0.3304, 0.3229
0.3304, 0.3229
0.3304, 0.3229
0.3304, 0.3229
0.3304, 0.3229
0.3304, 0.3229
0.3304, 0.3229
0.3304, 0.3229
0.3304, 0.3229
0.3304, 0.3201
0.3304, 0.3201
0.3304, 0.3201
0.3304, 0.3201
0.3304, 0.3173
0.3304, 0.3173
0.3304, 0.3173
0.3304, 0.3173
0.3304, 0.3173
0.3304, 0.3173
0.3304, 0.3173
0.3304, 0.3144
0.3304, 0.3144
0.3304, 0.3144
0.3304, 0.3144
0.3304, 0.3144
0.3304, 0.3144
0.3304, 0.3144
0.3304, 0.3116
0.3304, 0.3116
0.3304, 0.3116
0.3304, 0.3116
0.3304, 0.3116
0.3304, 0.3116
0.3304, 0.3116
0.3304, 0.3088
0.3304, 0.3088
0.3304, 0.3088
0.3304, 0.3088
0.3304, 0.3059
0.3304, 0.3059
0.3304, 0.3059
0.3304, 0.3059
0.3304, 0.3059
0.3304, 0.3059
0.3304, 0.3059
0.3304, 0.3031
0.3304, 0.3031
0.3304, 0.3031
0.3304, 0.3031
0.3304, 0.3031
0.3304, 0.3031
0.3304, 0.3031
0.3304, 0.3031
0.3304, 0.3031
0.3304, 0.3031
0.3304, 0.3031
0.3304, 0.3003
0.3304, 0.3003
0.3304, 0.3003
0.3304, 0.2975
0.3304, 0.2975
0.3304, 0.2975
0.3304, 0.2975
0.3304, 0.2975
0.3304, 0.2975
0.3304, 0.2975
0.3304, 0.2975
0.3304, 0.2975
0.3304, 0.2975
0.3304, 0.2975
0.3304, 0.2975
0.3304, 0.2975
0.3304, 0.2975
0.3304, 0.2975
0.3304, 0.2946
0.3304, 0.2946
0.3304, 0.2946
0.3304, 0.2918
0.3304, 0.2918
0.3304, 0.2918
0.3304, 0.2918
0.3304, 0.2918
0.3304, 0.2918
0.3304, 0.2918
0.3304, 0.2890
0.3304, 0.2890
0.3304, 0.2890
0.3304, 0.2890
0.3304, 0.2890
0.3304, 0.2890
0.3304, 0.2890
0.3304, 0.2890
0.3304, 0.2890
0.3304, 0.2890
0.3304, 0.2890
0.3304, 0.2890
0.3304, 0.2861
0.3304, 0.2861
0.3304, 0.2861
0.3304, 0.2833
0.3304, 0.2833
0.3304, 0.2833
0.3304, 0.2833
0.3304, 0.2833
0.3304, 0.2833
0.3304, 0.2833
0.3304, 0.2833
0.3304, 0.2833
0.3304, 0.2833
0.3304, 0.2833
0.3304, 0.2833
0.3304, 0.2833
0.3304, 0.2833
0.3304, 0.2805
0.3304, 0.2805
0.3304, 0.2805
0.3304, 0.2805
0.3304, 0.2776
0.3304, 0.2776
0.3304, 0.2776
0.3304, 0.2776
0.3304, 0.2776
0.3304, 0.2776
0.3304, 0.2776
0.3304, 0.2748
0.3304, 0.2748
0.3304, 0.2748
0.3304, 0.2748
0.3304, 0.2748
0.3304, 0.2748
0.3304, 0.2748
0.3304, 0.2720
0.3304, 0.2720
0.3304, 0.2720
0.3304, 0.2720
0.3304, 0.2720
0.3304, 0.2720
0.3304, 0.2720
0.3304, 0.2691
0.3304, 0.2691
0.3304, 0.2691
0.3304, 0.2691
0.3304, 0.2691
0.3304, 0.2691
0.3304, 0.2691
0.3304, 0.2691
0.3304, 0.2691
0.3304, 0.2691
0.3304, 0.2691
0.3304, 0.2663
0.3304, 0.2663
0.3304, 0.2663
0.3304, 0.2635
0.3304, 0.2635
0.3304, 0.2635
0.3304, 0.2635
0.3304, 0.2635
0.3304, 0.2635
0.3304, 0.2635
0.3304, 0.2606
0.3304, 0.2606
0.3304, 0.2606
0.3304, 0.2606
0.3304, 0.2606
0.3304, 0.2606
0.3304, 0.2606
0.3304, 0.2606
0.3304, 0.2606
0.3304, 0.2606
0.3304, 0.2606
0.3304, 0.2606
0.3304, 0.2606
0.3304, 0.2578
0.3304, 0.2578
0.3304, 0.2578
0.3304, 0.2578
0.3304, 0.2578
0.3304, 0.2578
0.3304, 0.2578
0.3304, 0.2550
0.3304, 0.2550
0.3304, 0.2550
0.3304, 0.2550
0.3304, 0.2550
0.3304, 0.2550
0.3304, 0.2550
0.3304, 0.2550
0.3304, 0.2550
0.3304, 0.2550
0.3304, 0.2550
0.3304, 0.2521
0.3304, 0.2521
0.3304, 0.2521
0.3304, 0.2493
0.3304, 0.2493
0.3304, 0.2493
0.3304, 0.2493
0.3304, 0.2493
0.3304, 0.2493
0.3304, 0.2465
0.3304, 0.2465
0.3304, 0.2465
0.3304, 0.2465
0.3304, 0.2465
0.3304, 0.2465
0.3304, 0.2436
0.3304, 0.2436
0.3304, 0.2436
0.3304, 0.2436
0.3304, 0.2436
0.3304, 0.2436
0.3304, 0.2436
0.3304, 0.2408
0.3304, 0.2408
0.3304, 0.2408
0.3304, 0.2408
0.3304, 0.2408
0.3304, 0.2408
0.3304, 0.2408
0.3304, 0.2408
0.3304, 0.2380
0.3304, 0.2380
0.3304, 0.2380
0.3304, 0.2380
0.3304, 0.2380
0.3304, 0.2380
0.3304, 0.2351
0.3304, 0.2351
0.3304, 0.2351
0.3304, 0.2351
0.3304, 0.2323
0.3304, 0.2323
0.3304, 0.2323
0.3304, 0.2323
0.3304, 0.2323
0.3304, 0.2323
0.3304, 0.2323
0.3304, 0.2323
0.3304, 0.2323
0.3304, 0.2323
0.3304, 0.2295
0.3304, 0.2295
0.3304, 0.2295
0.3304, 0.2295
0.3304, 0.2295
0.3304, 0.2295
0.3304, 0.2295
0.3304, 0.2266
0.3304, 0.2266
0.3304, 0.2266
0.3304, 0.2266
0.3304, 0.2266
0.3304, 0.2266
0.3304, 0.2266
0.3304, 0.2266
0.3304, 0.2266
0.3304, 0.2266
0.3304, 0.2266
0.3304, 0.2266
0.3304, 0.2266
0.3304, 0.2266
0.3304, 0.2238
0.3304, 0.2238
0.3304, 0.2238
0.3304, 0.2238
0.3304, 0.2238
0.3304, 0.2238
0.3304, 0.2238
0.3304, 0.2210
0.3304, 0.2210
0.3304, 0.2210
0.3304, 0.2210
0.3304, 0.2210
0.3304, 0.2210
0.3304, 0.2210
0.3304, 0.2210
0.3304, 0.2210
0.3304, 0.2210
0.3304, 0.2181
0.3304, 0.2181
0.3304, 0.2181
0.3304, 0.2181
0.3304, 0.2181
0.3304, 0.2181
0.3304, 0.2181
0.3304, 0.2153
0.3304, 0.2153
0.3304, 0.2153
0.3304, 0.2153
0.3304, 0.2125
0.3304, 0.2125
0.3304, 0.2125
0.3304, 0.2125
0.3304, 0.2125
0.3304, 0.2125
0.3304, 0.2125
0.3304, 0.2125
0.3304, 0.2125
0.3304, 0.2125
0.3304, 0.2096
0.3304, 0.2096
0.3304, 0.2096
0.3304, 0.2096
0.3304, 0.2096
0.3304, 0.2096
0.3304, 0.2096
0.3304, 0.2068
0.3304, 0.2068
0.3304, 0.2068
0.3304, 0.2068
0.3304, 0.2068
0.3304, 0.2068
0.3304, 0.2068
0.3304, 0.2068
0.3304, 0.2068
0.3304, 0.2068
0.3304, 0.2068
0.3304, 0.2040
0.3304, 0.2040
0.3304, 0.2040
0.3304, 0.2040
0.3304, 0.2040
0.3304, 0.2040
0.3304, 0.2011
0.3304, 0.2011
0.3304, 0.2011
0.3304, 0.2011
0.3304, 0.2011
0.3304, 0.2011
0.3304, 0.2011
0.3304, 0.1983
0.3304, 0.1983
0.3304, 0.1983
0.3304, 0.1983
0.3304, 0.1983
0.3304, 0.1983
0.3304, 0.1983
0.3304, 0.1983
0.3304, 0.1983
0.3304, 0.1983
0.3304, 0.1983
0.3304, 0.1983
0.3304, 0.1983
0.3304, 0.1983
0.3304, 0.1955
0.3304, 0.1955
0.3304, 0.1955
0.3304, 0.1926
0.3304, 0.1926
0.3304, 0.1926
0.3304, 0.1926
0.3304, 0.1926
0.3304, 0.1926
0.3304, 0.1926
0.3304, 0.1926
0.3304, 0.1926
0.3304, 0.1926
0.3304, 0.1926
0.3304, 0.1898
0.3304, 0.1898
0.3304, 0.1898
0.3304, 0.1898
0.3304, 0.1898
0.3304, 0.1898
0.3304, 0.1870
0.3304, 0.1870
0.3304, 0.1870
0.3304, 0.1870
0.3304, 0.1870
0.3304, 0.1870
0.3304, 0.1870
0.3304, 0.1841
0.3304, 0.1841
0.3304, 0.1841
0.3304, 0.1841
0.3304, 0.1841
0.3304, 0.1841
0.3304, 0.1841
0.3304, 0.1841
0.3304, 0.1841
0.3304, 0.1841
0.3304, 0.1841
0.3304, 0.1841
0.3304, 0.1841
0.3304, 0.1813
0.3304, 0.1813
0.3304, 0.1813
0.3304, 0.1813
0.3304, 0.1813
0.3304, 0.1813
0.3304, 0.1813
0.3304, 0.1813
0.3304, 0.1813
0.3304, 0.1813
0.3304, 0.1813
0.3304, 0.1785
0.3304, 0.1785
0.3304, 0.1785
0.3304, 0.1785
0.3304, 0.1785
0.3304, 0.1785
0.3304, 0.1785
0.3304, 0.1785
0.3304, 0.1785
0.3304, 0.1785
0.3304, 0.1785
0.3304, 0.1785
0.3304, 0.1785
0.3304, 0.1785
0.3304, 0.1785
0.3304, 0.1785
0.3304, 0.1785
0.3304, 0.1785
0.3304, 0.1785
0.3304, 0.1785
0.3304, 0.1756
0.3304, 0.1756
0.3304, 0.1756
0.3304, 0.1756
0.3304, 0.1756
0.3304, 0.1756
0.3304, 0.1756
0.3304, 0.1728
0.3304, 0.1728
0.3304, 0.1728
0.3304, 0.1728
0.3304, 0.1728
0.3304, 0.1728
0.3304, 0.1728
0.3304, 0.1728
0.3304, 0.1728
0.3304, 0.1728
0.3304, 0.1700
0.3304, 0.1700
0.3304, 0.1700
0.3304, 0.1700
0.3304, 0.1700
0.3304, 0.1700
0.3304, 0.1700
0.3304, 0.1700
0.3304, 0.1700
0.3304, 0.1700
0.3304, 0.1700
0.3304, 0.1700
0.3304, 0.1700
0.3304, 0.1700
0.3304, 0.1700
0.3304, 0.1700
0.3304, 0.1700
0.3304, 0.1671
0.3304, 0.1671
0.3304, 0.1671
0.3304, 0.1671
0.3304, 0.1671
0.3304, 0.1671
0.3304, 0.1671
0.3304, 0.1643
0.3304, 0.1643
0.3304, 0.1643
0.3304, 0.1643
0.3304, 0.1643
0.3304, 0.1643
0.3304, 0.1643
0.3304, 0.1643
0.3304, 0.1643
0.3304, 0.1643
0.3304, 0.1643
0.3304, 0.1643
0.3304, 0.1643
0.3304, 0.1643
0.3304, 0.1643
0.3304, 0.1643
0.3304, 0.1643
0.3304, 0.1615
0.3304, 0.1615
0.3304, 0.1615
0.3304, 0.1615
0.3304, 0.1615
0.3304, 0.1615
0.3304, 0.1615
0.3348, 0.1615
0.3348, 0.1615
0.3348, 0.1615
0.3348, 0.1615
0.3348, 0.1615
0.3348, 0.1615
0.3348, 0.1615
0.3348, 0.1586
0.3348, 0.1586
0.3348, 0.1586
0.3348, 0.1586
0.3348, 0.1586
0.3348, 0.1586
0.3348, 0.1586
0.3348, 0.1586
0.3348, 0.1586
0.3392, 0.1558
0.3392, 0.1558
0.3392, 0.1558
0.3392, 0.1558
0.3392, 0.1558
0.3392, 0.1558
0.3392, 0.1558
0.3392, 0.1558
0.3392, 0.1558
0.3392, 0.1558
0.3392, 0.1558
0.3392, 0.1558
0.3392, 0.1558
0.3392, 0.1558
0.3392, 0.1558
0.3392, 0.1558
0.3392, 0.1558
0.3392, 0.1558
0.3392, 0.1558
0.3392, 0.1558
0.3392, 0.1558
0.3392, 0.1558
0.3392, 0.1558
0.3392, 0.1558
0.3392, 0.1558
0.3392, 0.1558
0.3392, 0.1558
0.3392, 0.1558
0.3392, 0.1558
0.3392, 0.1558
0.3392, 0.1558
0.3392, 0.1558
0.3392, 0.1558
0.3392, 0.1558
0.3392, 0.1558
0.3392, 0.1558
0.3392, 0.1558
0.3392, 0.1558
0.3392, 0.1558
0.3392, 0.1558
0.3392, 0.1558
0.3392, 0.1558
0.3392, 0.1558
0.3392, 0.1558
0.3392, 0.1558
0.3392, 0.1558
0.3392, 0.1558
0.3392, 0.1558
0.3392, 0.1558
0.3392, 0.1558
0.3392, 0.1558
0.3392, 0.1558
0.3392, 0.1558
0.3392, 0.1558
0.3392, 0.1558
0.3392, 0.1558
0.3392, 0.1558
0.3392, 0.1558
0.3392, 0.1558
0.3392, 0.1558
0.3392, 0.1558
0.3392, 0.1558
0.3392, 0.1558
0.3392, 0.1558
0.3392, 0.1558
0.3392, 0.1558
0.3392, 0.1558
0.3392, 0.1558
0.3392, 0.1558
0.3392, 0.1558
0.3392, 0.1558
0.3392, 0.1558
0.3392, 0.1558
0.3392, 0.1558
0.3392, 0.1558
0.3392, 0.1558
0.3392, 0.1558
0.3392, 0.1558
0.3392, 0.1558
0.3392, 0.1558
0.3392, 0.1558
0.3392, 0.1558
0.3392, 0.1558
0.3392, 0.1558
0.3392, 0.1558
0.3392, 0.1558
0.3392, 0.1558
0.3392, 0.1558
0.3392, 0.1558
0.3392, 0.1558
0.3392, 0.1558
0.3392, 0.1558
0.3392, 0.1558
0.3392, 0.1558
0.3392, 0.1558
0.3392, 0.1558
0.3392, 0.1558
0.3392, 0.1558
0.3392, 0.1558
0.3392, 0.1558
0.3392, 0.1558
0.3392, 0.1558
0.3392, 0.1558
0.3392, 0.1558
0.3392, 0.1558
0.3392, 0.1558
0.3392, 0.1558
0.3392, 0.1558
0.3392, 0.1558
0.3392, 0.1558
0.3392, 0.1558
0.3392, 0.1558
0.3392, 0.1558
0.3392, 0.1558
0.3392, 0.1558
0.3392, 0.1558
0.3392, 0.1558
0.3392, 0.1558
0.3392, 0.1558
0.3392, 0.1558
0.3392, 0.1558
0.3392, 0.1558
0.3392, 0.1558
0.3392, 0.1558
0.3392, 0.1558
0.3392, 0.1558
0.3392, 0.1558
0.3392, 0.1558
0.3392, 0.1558
0.3392, 0.1558
0.3392, 0.1558
0.3392, 0.1558
0.3392, 0.1558
0.3392, 0.1558
0.3392, 0.1558
0.3392, 0.1558
0.3392, 0.1558
0.3392, 0.1558
0.3392, 0.1558
0.3392, 0.1558
0.3392, 0.1558
0.3392, 0.1558
0.3392, 0.1558
0.3392, 0.1558
0.3392, 0.1558
0.3392, 0.1558
0.3392, 0.1558
0.3392, 0.1558
0.3392, 0.1558
0.3392, 0.1558
0.3392, 0.1558
0.3392, 0.1558
0.3392, 0.1558
0.3392, 0.1558
0.3392, 0.1558
0.3392, 0.1558
0.3392, 0.1558
0.3392, 0.1558
0.3392, 0.1558
0.3392, 0.1558
0.3392, 0.1558
0.3392, 0.1558
0.3392, 0.1558
0.3392, 0.1558
0.3392, 0.1558
0.3392, 0.1558
0.3392, 0.1558
0.3392, 0.1558
0.3392, 0.1558
0.3392, 0.1558
0.3392, 0.1558
0.3392, 0.1558
0.3392, 0.1558
0.3392, 0.1558
0.3392, 0.1558
0.3392, 0.1558
0.3392, 0.1558
0.3392, 0.1558
0.3392, 0.1558
0.3392, 0.1558
0.3392, 0.1558
0.3392, 0.1558
0.3392, 0.1558
0.3392, 0.1558
0.3392, 0.1558
0.3392, 0.1558
0.3392, 0.1558
0.3392, 0.1558
0.3392, 0.1558
0.3392, 0.1558
0.3392, 0.1558
0.3392, 0.1558
0.3392, 0.1558
0.3392, 0.1558
0.3392, 0.1558
0.3392, 0.1558
0.3392, 0.1558
0.3392, 0.1558
0.3392, 0.1558
0.3392, 0.1558
0.3392, 0.1558
0.3392, 0.1558
0.3392, 0.1558
0.3392, 0.1558
0.3392, 0.1558
0.3392, 0.1558
0.3392, 0.1558
0.3392, 0.1558
0.3392, 0.1558
0.3392, 0.1558
0.3392, 0.1558
0.3392, 0.1558
0.3392, 0.1558
0.3392, 0.1558
0.3392, 0.1558
0.3392, 0.1558
0.3392, 0.1558
0.3392, 0.1558
0.3392, 0.1558
0.3392, 0.1558
0.3392, 0.1558
0.3392, 0.1558
0.3392, 0.1558
0.3392, 0.1558
0.3392, 0.1558
0.3392, 0.1558
0.3392, 0.1558
0.3392, 0.1558
0.3392, 0.1558
0.3392, 0.1558
0.3392, 0.1558
0.3392, 0.1558
0.3392, 0.1558
0.3392, 0.1558
0.3392, 0.1558
0.3392, 0.1558
0.3392, 0.1558
0.3392, 0.1558
0.3392, 0.1558
0.3392, 0.1558
0.3392, 0.1558
0.3392, 0.1558
0.3392, 0.1558
0.3392, 0.1558
0.3392, 0.1558
0.3392, 0.1558
0.3392, 0.1558
0.3392, 0.1558
0.3392, 0.1558
0.3392, 0.1558
0.3392, 0.1558
0.3392, 0.1558
0.3392, 0.1558
0.3392, 0.1558
0.3392, 0.1558
0.3392, 0.1558
0.3392, 0.1558
0.3392, 0.1558
0.3392, 0.1558
0.3392, 0.1558
0.3392, 0.1558
0.3392, 0.1558
0.3392, 0.1558
0.3392, 0.1558
0.3392, 0.1558
0.3392, 0.1558
0.3392, 0.1558
0.3392, 0.1558
0.3392, 0.1558
0.3392, 0.1558
0.3392, 0.1558
0.3392, 0.1558
0.3392, 0.1558
0.3392, 0.1558
0.3392, 0.1558
0.3392, 0.1558
0.3392, 0.1558
0.3392, 0.1558
0.3392, 0.1558
0.3392, 0.1558
0.3392, 0.1558
0.3392, 0.1558
0.3392, 0.1558
0.3392, 0.1558
0.3392, 0.1558
0.3392, 0.1558
0.3392, 0.1558
0.3392, 0.1558
0.3392, 0.1558
0.3392, 0.1558
0.3392, 0.1558
0.3392, 0.1558
0.3392, 0.1558
0.3392, 0.1558
0.3392, 0.1558
0.3392, 0.1558
0.3392, 0.1558
0.3392, 0.1558
0.3392, 0.1558
0.3392, 0.1558
0.3392, 0.1558
0.3392, 0.1558
0.3392, 0.1558
0.3392, 0.1558
0.3392, 0.1558
0.3392, 0.1558
0.3392, 0.1558
0.3392, 0.1558
0.3392, 0.1558
0.3392, 0.1558
0.3392, 0.1558
0.3392, 0.1558
0.3392, 0.1558
0.3392, 0.1558
0.3392, 0.1558
0.3392, 0.1558
0.3392, 0.1558
0.3392, 0.1558
0.3392, 0.1558
0.3392, 0.1558
0.3392, 0.1558
0.3392, 0.1558
0.3392, 0.1558
0.3392, 0.1558
0.3392, 0.1558
0.3392, 0.1558
0.3392, 0.1558
0.3392, 0.1530
0.3392, 0.1530
0.3392, 0.1530
0.3392, 0.1530
0.3392, 0.1530
0.3392, 0.1530
0.3392, 0.1501
0.3392, 0.1501
0.3392, 0.1501
0.3392, 0.1501
0.3392, 0.1501
0.3392, 0.1501
0.3392, 0.1501
0.3392, 0.1501
0.3392, 0.1501
0.3392, 0.1501
0.3392, 0.1501
0.3392, 0.1501
0.3392, 0.1501
0.3392, 0.1501
0.3392, 0.1501
0.3392, 0.1501
0.3392, 0.1473
0.3392, 0.1473
0.3392, 0.1473
0.3392, 0.1473
0.3392, 0.1473
0.3392, 0.1473
0.3392, 0.1445
0.3392, 0.1445
0.3392, 0.1445
0.3392, 0.1445
0.3392, 0.1445
0.3392, 0.1445
0.3392, 0.1445
0.3392, 0.1445
0.3392, 0.1445
0.3392, 0.1445
0.3392, 0.1416
0.3392, 0.1416
0.3392, 0.1416
0.3392, 0.1416
0.3392, 0.1416
0.3392, 0.1416
0.3392, 0.1416
0.3392, 0.1416
0.3392, 0.1416
0.3392, 0.1416
0.3392, 0.1416
0.3392, 0.1416
0.3392, 0.1416
0.3392, 0.1416
0.3392, 0.1416
0.3392, 0.1416
0.3392, 0.1416
0.3392, 0.1416
0.3392, 0.1416
0.3392, 0.1416
0.3392, 0.1388
0.3392, 0.1388
0.3392, 0.1388
0.3392, 0.1388
0.3392, 0.1388
0.3392, 0.1388
0.3392, 0.1388
0.3392, 0.1388
0.3392, 0.1388
0.3392, 0.1360
0.3392, 0.1360
0.3392, 0.1360
0.3392, 0.1360
0.3392, 0.1360
0.3392, 0.1360
0.3392, 0.1360
0.3392, 0.1360
0.3392, 0.1360
0.3392, 0.1360
0.3392, 0.1360
0.3392, 0.1360
0.3392, 0.1360
0.3392, 0.1360
0.3392, 0.1360
0.3392, 0.1360
0.3392, 0.1360
0.3392, 0.1360
0.3392, 0.1360
0.3392, 0.1331
0.3392, 0.1331
0.3392, 0.1331
0.3392, 0.1331
0.3392, 0.1331
0.3392, 0.1331
0.3392, 0.1303
0.3392, 0.1303
0.3392, 0.1303
0.3392, 0.1303
0.3392, 0.1303
0.3392, 0.1303
0.3392, 0.1303
0.3392, 0.1303
0.3392, 0.1303
0.3392, 0.1303
0.3392, 0.1303
0.3392, 0.1303
0.3392, 0.1303
0.3392, 0.1303
0.3392, 0.1303
0.3392, 0.1303
0.3392, 0.1275
0.3392, 0.1275
0.3392, 0.1275
0.3392, 0.1275
0.3392, 0.1275
0.3392, 0.1275
0.3392, 0.1275
0.3392, 0.1275
0.3392, 0.1275
0.3392, 0.1246
0.3392, 0.1246
0.3392, 0.1246
0.3392, 0.1246
0.3392, 0.1246
0.3392, 0.1246
0.3392, 0.1246
0.3392, 0.1218
0.3392, 0.1218
0.3392, 0.1218
0.3392, 0.1218
0.3392, 0.1218
0.3392, 0.1218
0.3392, 0.1218
0.3392, 0.1218
0.3392, 0.1218
0.3392, 0.1218
0.3392, 0.1218
0.3392, 0.1218
0.3392, 0.1218
0.3392, 0.1218
0.3392, 0.1218
0.3392, 0.1190
0.3392, 0.1190
0.3392, 0.1190
0.3392, 0.1161
0.3392, 0.1161
0.3392, 0.1161
0.3392, 0.1161
0.3392, 0.1161
0.3392, 0.1161
0.3392, 0.1161
0.3392, 0.1161
0.3392, 0.1161
0.3392, 0.1161
0.3392, 0.1161
0.3392, 0.1161
0.3392, 0.1133
0.3392, 0.1133
0.3392, 0.1133
0.3392, 0.1133
0.3392, 0.1133
0.3392, 0.1133
0.3392, 0.1105
0.3392, 0.1105
0.3392, 0.1105
0.3392, 0.1105
0.3392, 0.1105
0.3392, 0.1105
0.3392, 0.1076
0.3392, 0.1076
0.3392, 0.1076
0.3392, 0.1076
0.3392, 0.1076
0.3392, 0.1076
0.3392, 0.1076
0.3392, 0.1076
0.3392, 0.1076
0.3392, 0.1048
0.3392, 0.1048
0.3392, 0.1048
0.3392, 0.1048
0.3392, 0.1048
0.3392, 0.1048
0.3392, 0.1048
0.3392, 0.1020
0.3392, 0.1020
0.3392, 0.1020
0.3392, 0.1020
0.3392, 0.1020
0.3392, 0.1020
0.3392, 0.1020
0.3392, 0.1020
0.3392, 0.1020
0.3392, 0.1020
0.3392, 0.1020
0.3392, 0.1020
0.3392, 0.0992
0.3392, 0.0992
0.3392, 0.0992
0.3392, 0.0992
0.3392, 0.0992
0.3392, 0.0992
0.3392, 0.0992
0.3392, 0.0992
0.3392, 0.0992
0.3392, 0.0963
0.3392, 0.0963
0.3392, 0.0963
0.3392, 0.0963
0.3392, 0.0963
0.3392, 0.0963
0.3392, 0.0935
0.3392, 0.0935
0.3392, 0.0935
0.3392, 0.0935
0.3392, 0.0935
0.3392, 0.0935
0.3392, 0.0935
0.3392, 0.0935
0.3392, 0.0935
0.3392, 0.0935
0.3392, 0.0935
0.3392, 0.0935
0.3392, 0.0935
0.3392, 0.0935
0.3392, 0.0935
0.3392, 0.0907
0.3392, 0.0907
0.3392, 0.0907
0.3392, 0.0907
0.3392, 0.0907
0.3392, 0.0907
0.3392, 0.0878
0.3392, 0.0878
0.3392, 0.0878
0.3392, 0.0878
0.3392, 0.0878
0.3392, 0.0878
0.3392, 0.0878
0.3392, 0.0878
0.3392, 0.0878
0.3392, 0.0878
0.3392, 0.0878
0.3392, 0.0878
0.3392, 0.0850
0.3392, 0.0850
0.3392, 0.0850
0.3392, 0.0850
0.3392, 0.0850
0.3392, 0.0850
0.3392, 0.0822
0.3392, 0.0822
0.3392, 0.0822
0.3392, 0.0822
0.3392, 0.0822
0.3392, 0.0822
0.3392, 0.0793
0.3392, 0.0793
0.3392, 0.0793
0.3392, 0.0793
0.3392, 0.0793
0.3392, 0.0793
0.3392, 0.0793
0.3392, 0.0793
0.3392, 0.0793
0.3392, 0.0793
0.3392, 0.0793
0.3392, 0.0793
0.3392, 0.0793
0.3392, 0.0793
0.3392, 0.0793
0.3392, 0.0793
0.3392, 0.0765
0.3392, 0.0765
0.3392, 0.0765
0.3392, 0.0765
0.3392, 0.0765
0.3392, 0.0765
0.3392, 0.0765
0.3392, 0.0765
0.3392, 0.0765
0.3392, 0.0737
0.3392, 0.0737
0.3392, 0.0737
0.3392, 0.0737
0.3392, 0.0737
0.3392, 0.0737
0.3392, 0.0737
0.3392, 0.0737
0.3392, 0.0737
0.3392, 0.0737
0.3392, 0.0737
0.3392, 0.0737
0.3392, 0.0737
0.3392, 0.0737
0.3392, 0.0737
0.3392, 0.0737
0.3392, 0.0737
0.3392, 0.0737
0.3392, 0.0708
0.3392, 0.0708
0.3392, 0.0708
0.3392, 0.0708
0.3392, 0.0708
0.3392, 0.0708
0.3392, 0.0680
0.3392, 0.0680
0.3392, 0.0680
0.3392, 0.0680
0.3392, 0.0680
0.3392, 0.0680
0.3392, 0.0680
0.3392, 0.0680
0.3392, 0.0680
0.3392, 0.0652
0.3392, 0.0652
0.3392, 0.0652
0.3392, 0.0652
0.3392, 0.0652
0.3392, 0.0652
0.3392, 0.0652
0.3392, 0.0652
0.3392, 0.0652
0.3392, 0.0652
0.3392, 0.0652
0.3392, 0.0652
0.3392, 0.0652
0.3392, 0.0652
0.3392, 0.0652
0.3392, 0.0652
0.3392, 0.0623
0.3392, 0.0623
0.3392, 0.0623
0.3392, 0.0623
0.3392, 0.0623
0.3392, 0.0623
0.3392, 0.0623
0.3392, 0.0623
0.3392, 0.0623
0.3392, 0.0595
0.3392, 0.0595
0.3392, 0.0595
0.3392, 0.0595
0.3392, 0.0595
0.3392, 0.0595
0.3392, 0.0595
0.3392, 0.0595
0.3392, 0.0595
0.3392, 0.0595
0.3392, 0.0595
0.3392, 0.0595
0.3392, 0.0567
0.3392, 0.0567
0.3392, 0.0567
0.3392, 0.0567
0.3392, 0.0567
0.3392, 0.0567
0.3392, 0.0538
0.3392, 0.0538
0.3392, 0.0538
0.3392, 0.0538
0.3392, 0.0538
0.3392, 0.0538
0.3392, 0.0538
0.3392, 0.0538
0.3392, 0.0538
0.3392, 0.0510
0.3392, 0.0510
0.3392, 0.0510
0.3392, 0.0510
0.3392, 0.0510
0.3392, 0.0510
0.3392, 0.0510
0.3392, 0.0510
0.3392, 0.0510
0.3392, 0.0510
0.3392, 0.0510
0.3392, 0.0510
0.3392, 0.0510
0.3392, 0.0510
0.3392, 0.0510
0.3392, 0.0510
0.3392, 0.0510
0.3392, 0.0510
0.3392, 0.0482
0.3392, 0.0482
0.3392, 0.0482
0.3392, 0.0482
0.3392, 0.0482
0.3392, 0.0482
0.3392, 0.0482
0.3392, 0.0482
0.3392, 0.0482
0.3392, 0.0453
0.3392, 0.0453
0.3392, 0.0453
0.3392, 0.0453
0.3392, 0.0453
0.3392, 0.0453
0.3392, 0.0453
0.3392, 0.0453
0.3392, 0.0453
0.3392, 0.0453
0.3392, 0.0453
0.3392, 0.0453
0.3392, 0.0453
0.3392, 0.0453
0.3392, 0.0453
0.3392, 0.0453
0.3392, 0.0453
0.3392, 0.0453
0.3392, 0.0425
0.3392, 0.0425
0.3392, 0.0425
0.3392, 0.0425
0.3392, 0.0425
0.3392, 0.0425
0.3392, 0.0397
0.3392, 0.0397
0.3392, 0.0397
0.3392, 0.0397
0.3392, 0.0397
0.3392, 0.0397
0.3392, 0.0397
0.3392, 0.0397
0.3392, 0.0397
0.3392, 0.0397
0.3392, 0.0397
0.3392, 0.0397
0.3392, 0.0397
0.3392, 0.0397
0.3392, 0.0397
0.3392, 0.0368
0.3392, 0.0368
0.3392, 0.0368
0.3392, 0.0368
0.3392, 0.0368
0.3392, 0.0368
0.3392, 0.0368
0.3392, 0.0368
0.3392, 0.0368
0.3392, 0.0340
0.3392, 0.0340
0.3392, 0.0340
0.3392, 0.0340
0.3392, 0.0340
0.3392, 0.0340
0.3392, 0.0340
0.3392, 0.0340
0.3392, 0.0340
0.3392, 0.0312
0.3392, 0.0312
0.3392, 0.0312
0.3392, 0.0312
0.3392, 0.0312
0.3392, 0.0312
0.3392, 0.0312
0.3392, 0.0312
0.3392, 0.0312
0.3392, 0.0312
0.3392, 0.0312
0.3392, 0.0312
0.3392, 0.0312
0.3392, 0.0312
0.3392, 0.0312
0.3392, 0.0283
0.3392, 0.0283
0.3392, 0.0283
0.3392, 0.0283
0.3392, 0.0283
0.3436, 0.0283
0.3436, 0.0283
0.3436, 0.0283
0.3436, 0.0255
0.3436, 0.0255
0.3436, 0.0255
0.3436, 0.0255
0.3436, 0.0255
0.3436, 0.0255
0.3436, 0.0255
0.3436, 0.0255
0.3436, 0.0255
0.3436, 0.0255
0.3436, 0.0255
0.3436, 0.0255
0.3436, 0.0255
0.3436, 0.0255
0.3436, 0.0255
0.3436, 0.0255
0.3436, 0.0255
0.3436, 0.0255
0.3436, 0.0255
0.3436, 0.0255
0.3436, 0.0255
0.3436, 0.0255
0.3436, 0.0255
0.3436, 0.0255
0.3436, 0.0255
0.3436, 0.0255
0.3436, 0.0255
0.3436, 0.0255
0.3436, 0.0255
0.3436, 0.0255
0.3436, 0.0255
0.3436, 0.0255
0.3436, 0.0255
0.3436, 0.0255
0.3436, 0.0255
0.3436, 0.0255
0.3436, 0.0255
0.3436, 0.0255
0.3436, 0.0255
0.3436, 0.0255
0.3436, 0.0255
0.3436, 0.0255
0.3436, 0.0255
0.3436, 0.0255
0.3436, 0.0255
0.3436, 0.0255
0.3436, 0.0255
0.3436, 0.0255
0.3436, 0.0255
0.3436, 0.0255
0.3436, 0.0227
0.3436, 0.0227
0.3436, 0.0227
0.3436, 0.0227
0.3436, 0.0227
0.3436, 0.0227
0.3436, 0.0227
0.3436, 0.0227
0.3436, 0.0227
0.3436, 0.0227
0.3436, 0.0227
0.3436, 0.0227
0.3436, 0.0227
0.3436, 0.0227
0.3436, 0.0227
0.3436, 0.0227
0.3436, 0.0227
0.3436, 0.0227
0.3436, 0.0227
0.3436, 0.0227
0.3436, 0.0227
0.3436, 0.0227
0.3436, 0.0227
0.3436, 0.0227
0.3436, 0.0227
0.3436, 0.0227
0.3436, 0.0227
0.3436, 0.0227
0.3436, 0.0227
0.3436, 0.0227
0.3436, 0.0227
0.3436, 0.0227
0.3436, 0.0227
0.3436, 0.0227
0.3436, 0.0227
0.3436, 0.0227
0.3436, 0.0227
0.3436, 0.0227
0.3436, 0.0227
0.3436, 0.0227
0.3436, 0.0227
0.3436, 0.0227
0.3436, 0.0227
0.3436, 0.0227
0.3436, 0.0227
0.3436, 0.0227
0.3436, 0.0227
0.3436, 0.0227
0.3436, 0.0227
0.3436, 0.0227
0.3436, 0.0227
0.3436, 0.0227
0.3436, 0.0227
0.3436, 0.0227
0.3436, 0.0227
0.3436, 0.0227
0.3436, 0.0227
0.3436, 0.0227
0.3436, 0.0227
0.3436, 0.0227
0.3436, 0.0227
0.3436, 0.0227
0.3436, 0.0227
0.3436, 0.0227
0.3436, 0.0227
0.3436, 0.0227
0.3436, 0.0227
0.3436, 0.0227
0.3436, 0.0227
0.3436, 0.0227
0.3436, 0.0227
0.3436, 0.0227
0.3436, 0.0227
0.3436, 0.0227
0.3436, 0.0227
0.3436, 0.0227
0.3436, 0.0227
0.3436, 0.0227
0.3480, 0.0227
0.3480, 0.0227
0.3480, 0.0227
0.3480, 0.0227
0.3480, 0.0227
0.3480, 0.0227
0.3480, 0.0227
0.3480, 0.0227
0.3480, 0.0255
0.3480, 0.0255
0.3524, 0.0283
0.3524, 0.0283
0.3524, 0.0283
0.3524, 0.0283
0.3524, 0.0283
0.3524, 0.0283
0.3524, 0.0283
0.3524, 0.0283
0.3524, 0.0283
0.3524, 0.0312
0.3524, 0.0312
0.3524, 0.0312
0.3524, 0.0312
0.3524, 0.0312
0.3524, 0.0340
0.3524, 0.0340
0.3524, 0.0340
0.3568, 0.0340
0.3568, 0.0340
0.3568, 0.0340
0.3568, 0.0368
0.3568, 0.0368
0.3612, 0.0368
0.3612, 0.0368
0.3612, 0.0368
0.3612, 0.0368
0.3612, 0.0368
0.3612, 0.0368
0.3612, 0.0397
0.3612, 0.0397
0.3612, 0.0397
0.3612, 0.0397
0.3612, 0.0397
0.3612, 0.0397
0.3612, 0.0425
0.3612, 0.0425
0.3612, 0.0425
0.3612, 0.0425
0.3612, 0.0425
0.3656, 0.0425
0.3656, 0.0425
0.3656, 0.0425
0.3656, 0.0425
0.3656, 0.0425
0.3656, 0.0425
0.3656, 0.0425
0.3656, 0.0425
0.3656, 0.0425
0.3700, 0.0453
0.3700, 0.0453
0.3700, 0.0453
0.3700, 0.0453
0.3700, 0.0453
0.3700, 0.0453
0.3700, 0.0482
0.3700, 0.0482
0.3700, 0.0482
0.3700, 0.0482
0.3700, 0.0482
0.3744, 0.0482
0.3744, 0.0482
0.3744, 0.0482
0.3744, 0.0510
0.3744, 0.0510
0.3744, 0.0510
0.3744, 0.0510
0.3744, 0.0510
0.3744, 0.0538
0.3744, 0.0538
0.3744, 0.0538
0.3744, 0.0538
0.3744, 0.0538
0.3744, 0.0538
0.3744, 0.0567
0.3744, 0.0567
0.3789, 0.0567
0.3789, 0.0567
0.3789, 0.0567
0.3789, 0.0567
0.3789, 0.0567
0.3789, 0.0567
0.3789, 0.0595
0.3789, 0.0595
0.3789, 0.0595
0.3833, 0.0595
0.3833, 0.0595
0.3833, 0.0623
0.3833, 0.0623
0.3833, 0.0623
0.3833, 0.0623
0.3833, 0.0623
0.3833, 0.0623
0.3833, 0.0623
0.3833, 0.0623
0.3833, 0.0652
0.3833, 0.0652
0.3833, 0.0652
0.3833, 0.0652
0.3833, 0.0652
0.3833, 0.0652
0.3833, 0.0680
0.3833, 0.0680
0.3877, 0.0680
0.3877, 0.0680
0.3877, 0.0680
0.3877, 0.0708
0.3877, 0.0708
0.3877, 0.0708
0.3921, 0.0708
0.3921, 0.0708
0.3921, 0.0708
0.3921, 0.0708
0.3921, 0.0708
0.3921, 0.0737
0.3921, 0.0737
0.3921, 0.0737
0.3921, 0.0765
0.3921, 0.0765
0.3921, 0.0765
0.3921, 0.0765
0.3921, 0.0765
0.3965, 0.0793
0.3965, 0.0793
0.3965, 0.0793
0.3965, 0.0793
0.3965, 0.0793
0.4009, 0.0822
0.4009, 0.0822
0.4009, 0.0822
0.4009, 0.0850
0.4009, 0.0850
0.4009, 0.0850
0.4009, 0.0850
0.4009, 0.0850
0.4009, 0.0850
0.4009, 0.0850
0.4009, 0.0850
0.4053, 0.0878
0.4053, 0.0878
0.4053, 0.0878
0.4053, 0.0878
0.4053, 0.0878
0.4053, 0.0878
0.4053, 0.0907
0.4053, 0.0907
0.4053, 0.0907
0.4053, 0.0907
0.4053, 0.0907
0.4053, 0.0907
0.4053, 0.0907
0.4053, 0.0907
0.4053, 0.0935
0.4053, 0.0935
0.4053, 0.0935
0.4097, 0.0935
0.4097, 0.0935
0.4097, 0.0963
0.4097, 0.0963
0.4097, 0.0963
0.4097, 0.0992
0.4097, 0.0992
0.4141, 0.0992
0.4141, 0.0992
0.4141, 0.0992
0.4141, 0.0992
0.4141, 0.0992
0.4141, 0.0992
0.4141, 0.1020
0.4141, 0.1020
0.4141, 0.1048
0.4141, 0.1048
0.4141, 0.1048
0.4141, 0.1048
0.4141, 0.1048
0.4141, 0.1048
0.4141, 0.1048
0.4141, 0.1048
0.4141, 0.1048
0.4185, 0.1076
0.4185, 0.1076
0.4185, 0.1105
0.4185, 0.1105
0.4185, 0.1105
0.4229, 0.1105
0.4229, 0.1105
0.4229, 0.1105
0.4229, 0.1133
0.4229, 0.1133
0.4229, 0.1133
0.4229, 0.1133
0.4229, 0.1133
0.4229, 0.1133
0.4229, 0.1133
0.4229, 0.1133
0.4273, 0.1133
0.4273, 0.1133
0.4273, 0.1161
0.4273, 0.1161
0.4273, 0.1161
0.4273, 0.1161
0.4273, 0.1161
0.4273, 0.1161
0.4273, 0.1161
0.4273, 0.1161
0.4273, 0.1161
0.4273, 0.1190
0.4273, 0.1190
0.4273, 0.1190
0.4273, 0.1190
0.4273, 0.1190
0.4273, 0.1190
0.4273, 0.1190
0.4273, 0.1190
0.4273, 0.1190
0.4273, 0.1190
0.4273, 0.1190
0.4317, 0.1218
0.4317, 0.1218
0.4317, 0.1218
0.4317, 0.1246
0.4317, 0.1246
0.4317, 0.1246
0.4317, 0.1246
0.4317, 0.1246
0.4361, 0.1275
0.4361, 0.1275
0.4361, 0.1275
0.4361, 0.1275
0.4361, 0.1275
0.4361, 0.1275
0.4361, 0.1275
0.4361, 0.1275
0.4361, 0.1275
0.4361, 0.1275
0.4361, 0.1275
0.4361, 0.1303
0.4361, 0.1303
0.4361, 0.1303
0.4361, 0.1303
0.4361, 0.1303
0.4405, 0.1331
0.4405, 0.1331
0.4405, 0.1331
0.4405, 0.1331
0.4405, 0.1331
0.4405, 0.1331
0.4405, 0.1331
0.4449, 0.1360
0.4449, 0.1360
0.4449, 0.1360
0.4449, 0.1360
0.4449, 0.1360
0.4449, 0.1388
0.4493, 0.1388
0.4493, 0.1388
0.4493, 0.1388
0.4493, 0.1388
0.4493, 0.1388
0.4493, 0.1416
0.4493, 0.1416
0.4493, 0.1416
0.4493, 0.1416
0.4493, 0.1445
0.4493, 0.1445
0.4493, 0.1445
0.4537, 0.1445
0.4537, 0.1445
0.4537, 0.1473
0.4537, 0.1473
0.4581, 0.1473
0.4581, 0.1473
0.4581, 0.1501
0.4581, 0.1501
0.4581, 0.1501
0.4581, 0.1501
0.4581, 0.1530
0.4581, 0.1530
0.4581, 0.1530
0.4581, 0.1530
0.4581, 0.1530
0.4626, 0.1530
0.4626, 0.1530
0.4626, 0.1558
0.4626, 0.1558
0.4670, 0.1586
0.4670, 0.1586
0.4670, 0.1615
0.4670, 0.1615
0.4714, 0.1615
0.4714, 0.1615
0.4714, 0.1615
0.4714, 0.1615
0.4714, 0.1643
0.4714, 0.1643
0.4714, 0.1671
0.4714, 0.1671
0.4714, 0.1671
0.4714, 0.1671
0.4714, 0.1671
0.4758, 0.1671
0.4758, 0.1671
0.4758, 0.1700
0.4758, 0.1700
0.4802, 0.1728
0.4802, 0.1728
0.4802, 0.1756
0.4802, 0.1756
0.4802, 0.1756
0.4802, 0.1756
0.4802, 0.1756
0.4802, 0.1756
0.4802, 0.1785
0.4802, 0.1785
0.4846, 0.1813
0.4846, 0.1813
0.4846, 0.1813
0.4846, 0.1813
0.4846, 0.1813
0.4846, 0.1813
0.4890, 0.1841
0.4890, 0.1841
0.4890, 0.1841
0.4890, 0.1841
0.4890, 0.1841
0.4934, 0.1870
0.4934, 0.1870
0.4934, 0.1898
0.4934, 0.1898
0.4934, 0.1898
0.4934, 0.1898
0.4934, 0.1898
0.4934, 0.1898
0.4934, 0.1898
0.4934, 0.1898
0.4934, 0.1898
0.4934, 0.1926
0.4934, 0.1926
0.4978, 0.1955
0.4978, 0.1955
0.4978, 0.1955
0.4978, 0.1955
0.4978, 0.1955
0.4978, 0.1955
0.4978, 0.1955
0.5022, 0.1983
0.5022, 0.1983
0.5022, 0.1983
0.5022, 0.1983
0.5022, 0.2011
0.5022, 0.2011
0.5022, 0.2011
0.5022, 0.2011
0.5022, 0.2040
0.5022, 0.2040
0.5022, 0.2040
0.5022, 0.2040
0.5022, 0.2040
0.5022, 0.2040
0.5022, 0.2040
0.5066, 0.2068
0.5066, 0.2068
0.5066, 0.2068
0.5066, 0.2068
0.5066, 0.2096
0.5066, 0.2096
0.5110, 0.2096
0.5110, 0.2096
0.5110, 0.2096
0.5110, 0.2096
0.5110, 0.2096
0.5154, 0.2125
0.5154, 0.2125
0.5154, 0.2153
0.5154, 0.2153
0.5154, 0.2153
0.5154, 0.2153
0.5154, 0.2181
0.5154, 0.2181
0.5154, 0.2181
0.5154, 0.2181
0.5154, 0.2181
0.5154, 0.2181
0.5154, 0.2181
0.5198, 0.2210
0.5198, 0.2210
0.5198, 0.2210
0.5198, 0.2210
0.5198, 0.2238
0.5198, 0.2238
0.5198, 0.2238
0.5198, 0.2238
0.5198, 0.2238
0.5198, 0.2238
0.5198, 0.2238
0.5242, 0.2238
0.5242, 0.2238
0.5242, 0.2266
0.5242, 0.2266
0.5242, 0.2266
0.5242, 0.2266
0.5242, 0.2295
0.5242, 0.2295
0.5242, 0.2295
0.5242, 0.2295
0.5242, 0.2295
0.5242, 0.2295
0.5242, 0.2295
0.5286, 0.2295
0.5286, 0.2295
0.5286, 0.2323
0.5286, 0.2323
0.5286, 0.2323
0.5286, 0.2323
0.5330, 0.2351
0.5330, 0.2351
0.5330, 0.2351
0.5330, 0.2380
0.5330, 0.2380
0.5330, 0.2380
0.5374, 0.2408
0.5374, 0.2436
0.5463, 0.2465
0.5463, 0.2493
0.5463, 0.2493
0.5463, 0.2521
0.5463, 0.2521
0.5507, 0.2521
0.5507, 0.2521
0.5507, 0.2550
0.5507, 0.2550
0.5507, 0.2578
0.5507, 0.2578
0.5551, 0.2578
0.5551, 0.2578
0.5551, 0.2578
0.5551, 0.2578
0.5551, 0.2578
0.5551, 0.2578
0.5551, 0.2606
0.5551, 0.2606
0.5551, 0.2606
0.5551, 0.2606
0.5551, 0.2606
0.5551, 0.2635
0.5551, 0.2635
0.5595, 0.2663
0.5595, 0.2663
0.5595, 0.2663
0.5595, 0.2663
0.5639, 0.2663
0.5639, 0.2663
0.5639, 0.2691
0.5639, 0.2691
0.5683, 0.2720
0.5683, 0.2720
0.5683, 0.2720
0.5683, 0.2720
0.5683, 0.2720
0.5683, 0.2720
0.5683, 0.2720
0.5683, 0.2748
0.5683, 0.2748
0.5683, 0.2748
0.5683, 0.2748
0.5683, 0.2776
0.5683, 0.2776
0.5727, 0.2776
0.5727, 0.2776
0.5727, 0.2805
0.5727, 0.2805
0.5727, 0.2805
0.5727, 0.2805
0.5727, 0.2805
0.5727, 0.2805
0.5727, 0.2805
0.5771, 0.2805
0.5771, 0.2805
0.5771, 0.2833
0.5771, 0.2833
0.5771, 0.2833
0.5771, 0.2833
0.5771, 0.2861
0.5771, 0.2861
0.5771, 0.2861
0.5771, 0.2861
0.5771, 0.2861
0.5771, 0.2861
0.5771, 0.2861
0.5815, 0.2861
0.5815, 0.2861
0.5815, 0.2890
0.5815, 0.2890
0.5859, 0.2890
0.5859, 0.2890
0.5859, 0.2918
0.5859, 0.2918
0.5859, 0.2918
0.5859, 0.2918
0.5903, 0.2946
0.5903, 0.2946
0.5903, 0.2946
0.5903, 0.2946
0.5903, 0.2946
0.5903, 0.2946
0.5903, 0.2946
0.5903, 0.2946
0.5903, 0.2946
0.5903, 0.2946
0.5903, 0.2946
0.5903, 0.2975
0.5903, 0.2975
0.5903, 0.2975
0.5903, 0.2975
0.5947, 0.2975
0.5947, 0.2975
0.5947, 0.3003
0.5947, 0.3003
0.5947, 0.3003
0.5947, 0.3003
0.5947, 0.3003
0.5991, 0.3003
0.5991, 0.3003
0.5991, 0.3003
0.5991, 0.3003
0.5991, 0.3003
0.5991, 0.3003
0.5991, 0.3031
0.5991, 0.3031
0.5991, 0.3031
0.5991, 0.3031
0.6035, 0.3059
0.6035, 0.3059
0.6035, 0.3059
0.6035, 0.3059
0.6035, 0.3059
0.6079, 0.3088
0.6079, 0.3088
0.6079, 0.3088
0.6079, 0.3088
0.6079, 0.3088
0.6079, 0.3088
0.6123, 0.3088
0.6123, 0.3088
0.6123, 0.3088
0.6123, 0.3088
0.6123, 0.3116
0.6123, 0.3116
0.6123, 0.3116
0.6123, 0.3116
0.6123, 0.3116
0.6123, 0.3144
0.6123, 0.3144
0.6167, 0.3144
0.6167, 0.3144
0.6167, 0.3144
0.6167, 0.3144
0.6211, 0.3173
0.6211, 0.3173
0.6211, 0.3173
0.6211, 0.3173
0.6211, 0.3201
0.6211, 0.3201
0.6211, 0.3201
0.6211, 0.3201
0.6256, 0.3201
0.6256, 0.3201
0.6256, 0.3201
0.6256, 0.3201
0.6256, 0.3201
0.6300, 0.3229
0.6300, 0.3229
0.6300, 0.3229
0.6300, 0.3229
0.6344, 0.3258
0.6344, 0.3258
0.6344, 0.3258
0.6344, 0.3258
0.6344, 0.3286
0.6344, 0.3286
0.6344, 0.3286
0.6344, 0.3286
0.6344, 0.3286
0.6344, 0.3286
0.6388, 0.3314
0.6388, 0.3314
0.6432, 0.3314
0.6432, 0.3314
0.6432, 0.3343
0.6432, 0.3343
0.6432, 0.3343
0.6432, 0.3343
0.6432, 0.3343
0.6432, 0.3343
0.6476, 0.3371
0.6476, 0.3371
0.6476, 0.3399
0.6476, 0.3399
0.6476, 0.3399
0.6520, 0.3399
0.6520, 0.3399
0.6520, 0.3428
0.6520, 0.3428
0.6564, 0.3428
0.6564, 0.3428
0.6564, 0.3428
0.6564, 0.3428
0.6564, 0.3456
0.6564, 0.3456
0.6564, 0.3456
0.6564, 0.3456
0.6608, 0.3484
0.6608, 0.3484
0.6608, 0.3484
0.6608, 0.3484
0.6652, 0.3484
0.6652, 0.3484
0.6652, 0.3513
0.6652, 0.3513
0.6652, 0.3513
0.6652, 0.3513
0.6652, 0.3513
0.6652, 0.3541
0.6696, 0.3541
0.6696, 0.3541
0.6696, 0.3569
0.6696, 0.3569
0.6740, 0.3569
0.6740, 0.3569
0.6740, 0.3569
0.6740, 0.3569
0.6740, 0.3569
0.6740, 0.3569
0.6740, 0.3569
0.6740, 0.3598
0.6740, 0.3598
0.6784, 0.3598
0.6784, 0.3598
0.6784, 0.3598
0.6784, 0.3598
0.6784, 0.3626
0.6784, 0.3626
0.6828, 0.3626
0.6828, 0.3626
0.6828, 0.3626
0.6828, 0.3626
0.6872, 0.3626
0.6872, 0.3626
0.6872, 0.3654
0.6872, 0.3654
0.6872, 0.3654
0.6872, 0.3654
0.6872, 0.3654
0.6872, 0.3683
0.6872, 0.3683
0.6916, 0.3683
0.6916, 0.3683
0.6916, 0.3711
0.6916, 0.3711
0.6960, 0.3711
0.6960, 0.3711
0.6960, 0.3711
0.6960, 0.3711
0.6960, 0.3739
0.6960, 0.3739
0.7004, 0.3739
0.7004, 0.3739
0.7004, 0.3768
0.7004, 0.3768
0.7048, 0.3768
0.7048, 0.3768
0.7048, 0.3768
0.7048, 0.3768
0.7048, 0.3768
0.7048, 0.3768
0.7093, 0.3768
0.7093, 0.3768
0.7093, 0.3796
0.7093, 0.3796
0.7093, 0.3796
0.7093, 0.3796
0.7093, 0.3796
0.7093, 0.3796
0.7093, 0.3824
0.7093, 0.3824
0.7137, 0.3824
0.7137, 0.3824
0.7137, 0.3824
0.7137, 0.3824
0.7137, 0.3824
0.7137, 0.3853
0.7137, 0.3853
0.7181, 0.3853
0.7181, 0.3853
0.7181, 0.3853
0.7181, 0.3853
0.7181, 0.3853
0.7181, 0.3853
0.7181, 0.3853
0.7181, 0.3853
0.7225, 0.3853
0.7225, 0.3853
0.7225, 0.3881
0.7225, 0.3881
0.7269, 0.3881
0.7269, 0.3881
0.7269, 0.3909
0.7269, 0.3909
0.7313, 0.3909
0.7313, 0.3909
0.7313, 0.3909
0.7313, 0.3909
0.7313, 0.3909
0.7313, 0.3909
0.7313, 0.3909
0.7313, 0.3909
0.7313, 0.3909
0.7357, 0.3909
0.7357, 0.3909
0.7357, 0.3909
0.7357, 0.3909
0.7401, 0.3938
0.7401, 0.3938
0.7401, 0.3938
0.7401, 0.3938
0.7401, 0.3938
0.7401, 0.3938
0.7445, 0.3938
0.7445, 0.3938
0.7445, 0.3966
0.7445, 0.3966
0.7445, 0.3966
0.7445, 0.3966
0.7489, 0.3966
0.7489, 0.3966
0.7533, 0.3994
0.7533, 0.3994
0.7533, 0.3994
0.7533, 0.3994
0.7533, 0.3994
0.7533, 0.3994
0.7533, 0.3994
0.7533, 0.3994
0.7577, 0.3994
0.7577, 0.3994
0.7577, 0.3994
0.7577, 0.3994
0.7621, 0.3994
0.7621, 0.3994
0.7621, 0.3994
0.7621, 0.3994
0.7621, 0.3994
0.7621, 0.3994
0.7621, 0.3994
0.7621, 0.3994
0.7665, 0.3994
0.7665, 0.3994
0.7709, 0.4023
0.7709, 0.4023
0.7709, 0.4023
0.7709, 0.4023
0.7753, 0.4023
0.7753, 0.4023
0.7753, 0.4023
0.7753, 0.4023
0.7753, 0.4023
0.7753, 0.4023
0.7797, 0.4023
0.7797, 0.4023
0.7841, 0.4023
0.7841, 0.4023
0.7841, 0.4023
0.7841, 0.4023
0.7841, 0.4023
0.7841, 0.4023
0.7841, 0.4023
0.7885, 0.4023
0.7885, 0.4023
0.7885, 0.4023
0.7885, 0.4023
0.7930, 0.4023
0.7930, 0.4023
0.7974, 0.4051
0.7974, 0.4051
0.7974, 0.4051
0.7974, 0.4051
0.8018, 0.4051
0.8018, 0.4051
0.8062, 0.4051
0.8062, 0.4051
0.8062, 0.4051
0.8062, 0.4051
0.8106, 0.4051
0.8106, 0.4051
0.8150, 0.4051
0.8150, 0.4051
0.8150, 0.4051
0.8150, 0.4051
0.8194, 0.4051
0.8194, 0.4051
0.8238, 0.4051
0.8238, 0.4051
0.8238, 0.4051
0.8238, 0.4051
0.8282, 0.4051
0.8282, 0.4051
0.8282, 0.4051
0.8282, 0.4051
0.8326, 0.4051
0.8326, 0.4051
0.8326, 0.4051
0.8326, 0.4051
0.8370, 0.4051
0.8370, 0.4051
0.8370, 0.4051
0.8370, 0.4051
0.8370, 0.4051
0.8370, 0.4051
0.8414, 0.4051
0.8414, 0.4051
0.8458, 0.4051
0.8458, 0.4051
0.8502, 0.4051
0.8502, 0.4051
0.8502, 0.4051
0.8502, 0.4051
0.8502, 0.4051
0.8502, 0.4051
0.8502, 0.4051
0.8502, 0.4051
0.8546, 0.4051
0.8546, 0.4051
0.8546, 0.4051
0.8546, 0.4051
0.8590, 0.4051
0.8590, 0.4051
0.8590, 0.4051
0.8590, 0.4051
0.8590, 0.4051
0.8590, 0.4051
0.8634, 0.4051
0.8634, 0.4051
0.8678, 0.4051
0.8678, 0.4051
0.8722, 0.4051
0.8722, 0.4051
0.8722, 0.4051
0.8722, 0.4051
0.8722, 0.4051
0.8722, 0.4051
0.8767, 0.4051
0.8767, 0.4051
0.8811, 0.4023
0.8811, 0.4023
0.8811, 0.4023
0.8811, 0.4023
0.8855, 0.4023
0.8855, 0.4023
0.8855, 0.4023
0.8855, 0.4023
0.8899, 0.4023
0.8899, 0.4023
0.8943, 0.4023
0.8943, 0.4023
0.8943, 0.4023
0.8943, 0.4023
0.8943, 0.4023
0.8943, 0.4023
0.8987, 0.4023
0.8987, 0.4023
0.8987, 0.4023
0.8987, 0.4023
0.9031, 0.3994
0.9031, 0.3994
0.9031, 0.3994
0.9031, 0.3994
0.9031, 0.3994
0.9031, 0.3994
0.9075, 0.3994
0.9075, 0.3994
0.9075, 0.3966
0.9075, 0.3966
0.9119, 0.3966
0.9119, 0.3966
0.9163, 0.3966
0.9163, 0.3966
0.9163, 0.3966
0.9163, 0.3966
0.9163, 0.3938
0.9163, 0.3938
0.9163, 0.3938
0.9163, 0.3938
0.9207, 0.3938
0.9207, 0.3938
0.9207, 0.3938
0.9207, 0.3938
0.9207, 0.3938
0.9207, 0.3938
0.9207, 0.3938
0.9251, 0.3938
0.9251, 0.3938
0.9251, 0.3938
0.9251, 0.3938
0.9251, 0.3938
0.9251, 0.3938
0.9251, 0.3938
0.9251, 0.3938
0.9295, 0.3909
0.9295, 0.3909
0.9295, 0.3909
0.9295, 0.3909
0.9339, 0.3909
0.9339, 0.3909
0.9339, 0.3909
0.9339, 0.3909
0.9339, 0.3881
0.9339, 0.3881
0.9383, 0.3881
0.9383, 0.3881
0.9383, 0.3881
0.9383, 0.3881
0.9383, 0.3881
0.9383, 0.3881
0.9383, 0.3881
0.9383, 0.3881
0.9383, 0.3881
0.9383, 0.3853
0.9427, 0.3853
0.9427, 0.3853
0.9427, 0.3853
0.9427, 0.3853
0.9427, 0.3824
0.9427, 0.3824
0.9471, 0.3824
0.9471, 0.3824
0.9471, 0.3796
0.9471, 0.3796
0.9471, 0.3796
0.9471, 0.3796
0.9471, 0.3796
0.9471, 0.3796
0.9471, 0.3796
0.9471, 0.3796
0.9515, 0.3796
0.9515, 0.3796
0.9515, 0.3796
0.9515, 0.3796
0.9515, 0.3796
0.9515, 0.3768
0.9515, 0.3768
0.9515, 0.3768
0.9515, 0.3768
0.9559, 0.3739
0.9559, 0.3739
0.9559, 0.3739
0.9559, 0.3739
0.9559, 0.3739
0.9559, 0.3711
0.9559, 0.3711
0.9559, 0.3683
0.9559, 0.3683
0.9604, 0.3683
0.9604, 0.3683
0.9604, 0.3654
0.9604, 0.3654
0.9604, 0.3654
0.9604, 0.3654
0.9648, 0.3654
0.9648, 0.3654
0.9648, 0.3626
0.9648, 0.3626
0.9648, 0.3626
0.9648, 0.3626
0.9648, 0.3598
0.9648, 0.3598
0.9692, 0.3598
0.9692, 0.3598
0.9692, 0.3598
0.9692, 0.3598
0.9692, 0.3598
0.9692, 0.3598
0.9692, 0.3569
0.9692, 0.3569
0.9692, 0.3569
0.9692, 0.3541
0.9692, 0.3541
0.9692, 0.3541
0.9692, 0.3541
0.9692, 0.3513
0.9692, 0.3513
0.9736, 0.3513
0.9736, 0.3513
0.9736, 0.3513
0.9736, 0.3513
0.9736, 0.3484
0.9736, 0.3484
0.9736, 0.3484
0.9736, 0.3484
0.9736, 0.3456
0.9736, 0.3456
0.9780, 0.3456
0.9780, 0.3456
0.9780, 0.3456
0.9780, 0.3456
0.9780, 0.3456
0.9780, 0.3456
0.9780, 0.3428
0.9780, 0.3428
0.9780, 0.3399
0.9780, 0.3399
0.9780, 0.3399
0.9780, 0.3399
0.9780, 0.3399
0.9780, 0.3399
0.9780, 0.3371
0.9780, 0.3371
0.9780, 0.3371
0.9780, 0.3371
0.9780, 0.3371
0.9780, 0.3371
0.9780, 0.3371
0.9780, 0.3343
0.9780, 0.3343
0.9780, 0.3343
0.9780, 0.3343
0.9780, 0.3314
0.9824, 0.3314
0.9824, 0.3314
0.9824, 0.3314
0.9824, 0.3314
0.9824, 0.3286
0.9824, 0.3286
0.9824, 0.3258
0.9824, 0.3258
0.9824, 0.3258
0.9824, 0.3258
0.9824, 0.3229
0.9824, 0.3229
0.9824, 0.3229
0.9824, 0.3229
0.9824, 0.3229
0.9824, 0.3229
0.9824, 0.3201
0.9824, 0.3201
0.9868, 0.3173
0.9868, 0.3173
0.9868, 0.3173
0.9868, 0.3173
0.9868, 0.3173
0.9868, 0.3173
0.9868, 0.3144
0.9868, 0.3144
0.9868, 0.3116
0.9868, 0.3116
0.9868, 0.3116
0.9868, 0.3116
0.9868, 0.3116
0.9868, 0.3116
0.9868, 0.3088
0.9868, 0.3088
0.9868, 0.3059
0.9868, 0.3059
0.9868, 0.3059
0.9868, 0.3059
0.9868, 0.3031
0.9868, 0.3031
0.9868, 0.3031
0.9868, 0.3031
0.9868, 0.3031
0.9868, 0.3031
0.9868, 0.3031
0.9868, 0.3003
0.9868, 0.3003
0.9868, 0.3003
0.9868, 0.3003
0.9912, 0.2975
0.9912, 0.2975
0.9912, 0.2975
0.9912, 0.2975
0.9912, 0.2946
0.9912, 0.2946
0.9912, 0.2946
0.9912, 0.2918
0.9912, 0.2918
0.9912, 0.2890
0.9912, 0.2890
0.9912, 0.2890
0.9912, 0.2890
0.9912, 0.2890
0.9912, 0.2890
0.9912, 0.2890
0.9912, 0.2890
0.9912, 0.2861
0.9912, 0.2861
0.9912, 0.2861
0.9912, 0.2861
0.9912, 0.2833
0.9912, 0.2833
0.9912, 0.2833
0.9912, 0.2833
0.9912, 0.2833
0.9912, 0.2833
0.9912, 0.2833
0.9912, 0.2833
0.9912, 0.2833
0.9912, 0.2833
0.9912, 0.2805
0.9912, 0.2805
0.9912, 0.2805
0.9912, 0.2805
0.9912, 0.2776
0.9912, 0.2776
0.9912, 0.2776
0.9912, 0.2776
0.9912, 0.2776
0.9912, 0.2776
0.9912, 0.2748
0.9912, 0.2748
0.9912, 0.2748
0.9912, 0.2748
0.9912, 0.2748
0.9912, 0.2748
0.9912, 0.2748
0.9912, 0.2748
0.9912, 0.2748
0.9912, 0.2748
0.9912, 0.2748
0.9912, 0.2720
0.9912, 0.2720
0.9912, 0.2720
0.9868, 0.2691
0.9868, 0.2691
0.9868, 0.2691
0.9868, 0.2691
0.9868, 0.2691
0.9868, 0.2691
0.9868, 0.2691
0.9824, 0.2691
0.9824, 0.2691
0.9824, 0.2691
0.9824, 0.2691
0.9824, 0.2663
0.9824, 0.2663
0.9824, 0.2663
0.9824, 0.2663
0.9824, 0.2635
0.9824, 0.2635
0.9824, 0.2635
0.9824, 0.2635
0.9824, 0.2635
0.9824, 0.2635
0.9780, 0.2606
0.9780, 0.2606
0.9780, 0.2606
0.9780, 0.2606
0.9780, 0.2606
0.9780, 0.2606
0.9736, 0.2606
0.9736, 0.2606
0.9736, 0.2606
0.9736, 0.2606
0.9736, 0.2606
0.9736, 0.2606
0.9736, 0.2578
0.9736, 0.2578
0.9692, 0.2578
0.9692, 0.2578
0.9692, 0.2578
0.9692, 0.2578
0.9648, 0.2550
0.9648, 0.2550
0.9648, 0.2550
0.9648, 0.2550
0.9604, 0.2550
0.9604, 0.2550
0.9604, 0.2550
0.9604, 0.2550
0.9604, 0.2550
0.9604, 0.2550
0.9604, 0.2550
0.9604, 0.2550
0.9604, 0.2550
0.9559, 0.2550
0.9559, 0.2550
0.9559, 0.2550
0.9559, 0.2550
0.9559, 0.2521
0.9559, 0.2521
0.9515, 0.2521
0.9515, 0.2521
0.9515, 0.2521
0.9515, 0.2521
0.9515, 0.2521
0.9515, 0.2521
0.9515, 0.2521
0.9515, 0.2521
0.9515, 0.2521
0.9471, 0.2493
0.9471, 0.2493
0.9471, 0.2493
0.9427, 0.2493
0.9427, 0.2493
0.9427, 0.2493
0.9427, 0.2493
0.9427, 0.2493
0.9427, 0.2493
0.9383, 0.2465
0.9383, 0.2465
0.9383, 0.2465
0.9383, 0.2465
0.9339, 0.2465
0.9339, 0.2465
0.9295, 0.2465
0.9295, 0.2465
0.9295, 0.2465
0.9295, 0.2465
0.9295, 0.2465
0.9295, 0.2465
0.9251, 0.2465
0.9251, 0.2465
0.9207, 0.2465
0.9207, 0.2465
0.9207, 0.2465
0.9207, 0.2465
0.9207, 0.2436
0.9207, 0.2436
0.9163, 0.2436
0.9163, 0.2436
0.9119, 0.2436
0.9119, 0.2436
0.9075, 0.2436
0.9075, 0.2408
0.9075, 0.2408
0.9075, 0.2408
0.9075, 0.2408
0.9031, 0.2408
0.9031, 0.2408
0.9031, 0.2408
0.9031, 0.2408
0.8987, 0.2408
0.8987, 0.2408
0.8987, 0.2408
0.8987, 0.2408
0.8987, 0.2408
0.8987, 0.2408
0.8943, 0.2408
0.8943, 0.2408
0.8899, 0.2408
0.8899, 0.2408
0.8855, 0.2408
0.8855, 0.2408
0.8855, 0.2408
0.8855, 0.2408
0.8811, 0.2380
0.8811, 0.2380
0.8811, 0.2380
0.8767, 0.2380
0.8767, 0.2380
0.8767, 0.2380
0.8767, 0.2380
0.8767, 0.2380
0.8767, 0.2380
0.8722, 0.2380
0.8722, 0.2380
0.8678, 0.2380
0.8678, 0.2351
0.8678, 0.2351
0.8634, 0.2351
0.8634, 0.2351
0.8634, 0.2351
0.8634, 0.2351
0.8590, 0.2351
0.8590, 0.2351
0.8590, 0.2351
0.8546, 0.2351
0.8546, 0.2351
0.8546, 0.2323
0.8546, 0.2323
0.8502, 0.2323
0.8502, 0.2323
0.8502, 0.2323
0.8502, 0.2323
0.8458, 0.2323
0.8458, 0.2323
0.8414, 0.2323
0.8414, 0.2323
0.8414, 0.2323
0.8414, 0.2323
0.8414, 0.2323
0.8414, 0.2323
0.8414, 0.2323
0.8414, 0.2323
0.8370, 0.2323
0.8370, 0.2323
0.8370, 0.2323
0.8370, 0.2323
0.8326, 0.2323
0.8326, 0.2323
0.8326, 0.2323
0.8326, 0.2323
0.8326, 0.2323
0.8326, 0.2323
0.8282, 0.2323
0.8238, 0.2323
0.8238, 0.2323
0.8194, 0.2323
0.8194, 0.2323
0.8194, 0.2323
0.8194, 0.2323
0.8194, 0.2323
0.8194, 0.2323
0.8150, 0.2295
0.8150, 0.2295
0.8106, 0.2295
0.8106, 0.2295
0.8106, 0.2295
0.8106, 0.2295
0.8062, 0.2295
0.8062, 0.2295
0.8062, 0.2295
0.8062, 0.2295
0.8018, 0.2295
0.8018, 0.2295
0.8018, 0.2295
0.8018, 0.2295
0.8018, 0.2295
0.7974, 0.2295
0.7974, 0.2295
0.7974, 0.2295
0.7974, 0.2295
0.7930, 0.2295
0.7885, 0.2266
0.7885, 0.2266
0.7885, 0.2266
0.7885, 0.2266
0.7841, 0.2266
0.7841, 0.2266
0.7797, 0.2266
0.7797, 0.2266
0.7797, 0.2266
0.7797, 0.2266
0.7797, 0.2266
0.7797, 0.2266
0.7753, 0.2266
0.7753, 0.2266
0.7753, 0.2266
0.7753, 0.2266
0.7709, 0.2266
0.7709, 0.2266
0.7709, 0.2266
0.7709, 0.2266
0.7709, 0.2266
0.7709, 0.2266
0.7709, 0.2266
0.7709, 0.2266
0.7709, 0.2266
0.7709, 0.2266
0.7709, 0.2266
0.7709, 0.2266
0.7709, 0.2266
0.7709, 0.2266
0.7709, 0.2266
0.7709, 0.2266
0.7709, 0.2266
0.7709, 0.2266
0.7709, 0.2266
0.7709, 0.2266
0.7709, 0.2266
0.7709, 0.2266
0.7709, 0.2266
0.7709, 0.2266
0.7709, 0.2266
0.7709, 0.2266
0.7709, 0.2266
0.7709, 0.2266
0.7709, 0.2266
0.7709, 0.2266
0.7709, 0.2266
0.7709, 0.2266
0.7709, 0.2266
0.7709, 0.2266
0.7709, 0.2266
0.7709, 0.2266
0.7709, 0.2266
0.7709, 0.2266
0.7709, 0.2266
0.7709, 0.2266
0.7709, 0.2266
0.7709, 0.2266
0.7709, 0.2266
0.7709, 0.2266
0.7709, 0.2266
0.7709, 0.2266
0.7709, 0.2266
0.7709, 0.2266
0.7709, 0.2266
0.7709, 0.2266
0.7709, 0.2266
0.7709, 0.2266
0.7709, 0.2266
0.7709, 0.2266
0.7709, 0.2266
0.7709, 0.2266
0.7709, 0.2266
0.7709, 0.2266
0.7709, 0.2266
0.7709, 0.2266
0.7709, 0.2266
0.7709, 0.2266
0.7709, 0.2266
0.7709, 0.2266
0.7709, 0.2266
0.7709, 0.2238
0.7709, 0.2238
0.7709, 0.2238
0.7709, 0.2238
0.7709, 0.2238
0.7709, 0.2238
0.7753, 0.2238
0.7753, 0.2238
0.7753, 0.2238
0.7797, 0.2238
0.7797, 0.2238
0.7797, 0.2238
0.7797, 0.2238
0.7841, 0.2238
0.7841, 0.2238
0.7841, 0.2238
0.7841, 0.2238
0.7841, 0.2210
0.7885, 0.2210
0.7885, 0.2210
0.7885, 0.2210
0.7885, 0.2210
0.7930, 0.2210
0.7930, 0.2210
0.7930, 0.2210
0.7930, 0.2210
0.7974, 0.2210
0.7974, 0.2210
0.7974, 0.2210
0.7974, 0.2210
0.7974, 0.2210
0.7974, 0.2210
0.7974, 0.2210
0.7974, 0.2210
0.8018, 0.2210
0.8018, 0.2210
0.8062, 0.2210
0.8062, 0.2210
0.8062, 0.2210
0.8062, 0.2210
0.8062, 0.2210
0.8106, 0.2210
0.8106, 0.2210
0.8106, 0.2210
0.8106, 0.2210
0.8150, 0.2210
0.8150, 0.2210
0.8150, 0.2210
0.8150, 0.2210
0.8150, 0.2210
0.8150, 0.2210
0.8150, 0.2210
0.8150, 0.2210
0.8150, 0.2210
0.8150, 0.2210
0.8194, 0.2210
0.8194, 0.2210
0.8194, 0.2181
0.8194, 0.2181
0.8194, 0.2181
0.8238, 0.2181
0.8238, 0.2181
0.8282, 0.2181
0.8282, 0.2181
0.8282, 0.2153
0.8282, 0.2153
0.8282, 0.2153
0.8282, 0.2153
0.8282, 0.2153
0.8326, 0.2153
0.8326, 0.2153
0.8326, 0.2153
0.8326, 0.2153
0.8326, 0.2125
0.8326, 0.2125
0.8370, 0.2125
0.8370, 0.2125
0.8370, 0.2125
0.8370, 0.2125
0.8370, 0.2125
0.8370, 0.2125
0.8370, 0.2125
0.8370, 0.2125
0.8370, 0.2125
0.8370, 0.2125
0.8370, 0.2125
0.8370, 0.2125
0.8370, 0.2125
0.8370, 0.2125
0.8370, 0.2125
0.8370, 0.2125
0.8370, 0.2125
0.8370, 0.2125
0.8370, 0.2125
0.8370, 0.2125
0.8370, 0.2125
0.8370, 0.2125
0.8370, 0.2125
0.8370, 0.2125
0.8370, 0.2125
0.8370, 0.2096
0.8370, 0.2096
0.8414, 0.2096
0.8414, 0.2096
0.8414, 0.2096
0.8414, 0.2096
0.8414, 0.2096
0.8414, 0.2096
0.8458, 0.2096
0.8458, 0.2096
0.8458, 0.2096
0.8458, 0.2096
0.8458, 0.2096
0.8458, 0.2096
0.8502, 0.2096
0.8502, 0.2068
0.8502, 0.2068
0.8502, 0.2068
0.8502, 0.2068
0.8502, 0.2068
0.8502, 0.2068
0.8502, 0.2068
0.8502, 0.2068
0.8502, 0.2068
0.8502, 0.2068
0.8546, 0.2068
0.8546, 0.2068
0.8546, 0.2068
0.8546, 0.2068
0.8590, 0.2068
0.8590, 0.2068
0.8590, 0.2068
0.8590, 0.2068
0.8590, 0.2068
0.8590, 0.2068
0.8590, 0.2068
0.8590, 0.2068
0.8590, 0.2068
0.8634, 0.2068
0.8634, 0.2068
0.8634, 0.2068
0.8634, 0.2068
0.8634, 0.2068
0.8634, 0.2068
0.8678, 0.2068
0.8678, 0.2068
0.8678, 0.2068
0.8678, 0.2068
0.8678, 0.2068
0.8678, 0.2068
0.8678, 0.2068
0.8678, 0.2068
0.8722, 0.2068
0.8722, 0.2068
0.8722, 0.2068
0.8722, 0.2068
0.8722, 0.2068
0.8722, 0.2068
0.8722, 0.2068
0.8722, 0.2068
0.8722, 0.2068
0.8722, 0.2068
0.8722, 0.2068
0.8722, 0.2068
0.8722, 0.2068
0.8722, 0.2068
0.8722, 0.2068
0.8767, 0.2068
0.8767, 0.2068
0.8767, 0.2068
0.8767, 0.2068
0.8767, 0.2068
0.8811, 0.2068
0.8811, 0.2068
0.8811, 0.2068
0.8811, 0.2068
0.8811, 0.2068
0.8811, 0.2068
0.8811, 0.2068
0.8811, 0.2068
0.8811, 0.2068
0.8811, 0.2068
0.8811, 0.2068
0.8811, 0.2068
0.8855, 0.2068
0.8855, 0.2068
0.8855, 0.2040
0.8855, 0.2040
0.8855, 0.2040
0.8855, 0.2040
0.8899, 0.2040
0.8899, 0.2040
0.8899, 0.2040
0.8899, 0.2040
0.8899, 0.2040
0.8943, 0.2040
0.8943, 0.2040
0.8943, 0.2040
0.8943, 0.2040
0.8943, 0.2040
0.8943, 0.2040
0.8943, 0.2040
0.8943, 0.2040
0.8943, 0.2040
0.8943, 0.2040
0.8987, 0.2011
0.8987, 0.2011
0.8987, 0.2011
0.8987, 0.2011
0.9031, 0.2011
0.9031, 0.2011
0.9031, 0.2011
0.9031, 0.2011
0.9031, 0.2011
0.9031, 0.2011
0.9075, 0.2011
0.9075, 0.2011
0.9075, 0.2011
0.9119, 0.1983
0.9119, 0.1983
0.9119, 0.1983
0.9119, 0.1983
0.9163, 0.1983
0.9163, 0.1983
0.9163, 0.1983
0.9163, 0.1983
0.9163, 0.1983
0.9163, 0.1983
0.9163, 0.1983
0.9163, 0.1983
0.9207, 0.1983
0.9207, 0.1983
0.9207, 0.1983
0.9251, 0.1983
0.9251, 0.1983
0.9251, 0.1983
0.9251, 0.1983
0.9251, 0.1983
0.9251, 0.1983
0.9295, 0.1983
0.9295, 0.1983
0.9295, 0.1983
0.9295, 0.1983
0.9339, 0.1983
0.9339, 0.1983
0.9339, 0.1983
0.9339, 0.1983
0.9339, 0.1955
0.9383, 0.1955
0.9383, 0.1955
0.9383, 0.1955
0.9383, 0.1955
0.9383, 0.1955
0.9383, 0.1955
0.9383, 0.1955
0.9383, 0.1955
0.9383, 0.1955
0.9383, 0.1955
0.9427, 0.1926
0.9427, 0.1926
0.9427, 0.1926
0.9471, 0.1926
0.9471, 0.1926
0.9471, 0.1926
0.9471, 0.1926
0.9471, 0.1926
0.9471, 0.1926
0.9471, 0.1926
0.9471, 0.1926
0.9471, 0.1926
0.9471, 0.1926
0.9515, 0.1898
0.9515, 0.1898
0.9515, 0.1898
0.9515, 0.1898
0.9559, 0.1898
0.9559, 0.1870
0.9559, 0.1870
0.9559, 0.1870
0.9559, 0.1841
0.9604, 0.1841
0.9648, 0.1841
0.9648, 0.1841
0.9648, 0.1813
0.9692, 0.1813
0.9692, 0.1785
0.9692, 0.1785
0.9736, 0.1785
0.9736, 0.1785
0.9780, 0.1785
0.9780, 0.1756
0.9780, 0.1756
0.9780, 0.1756
0.9780, 0.1728
0.9824, 0.1700
0.9868, 0.1700
0.9868, 0.1700
0.9868, 0.1700
0.9912, 0.1671
0.9912, 0.1671
0.9912, 0.1643
0.9912, 0.1643
0.9912, 0.1643
0.9912, 0.1643
0.9912, 0.1643
0.9912, 0.1615
0.9956, 0.1586
0.9956, 0.1586
0.9956, 0.1558
0.9956, 0.1558
1.0000, 0.1530
1.0000, 0.1501
1.0000, 0.1501
1.0000, 0.1473
1.0000, 0.1445
1.0000, 0.1416
1.0000, 0.1416
1.0000, 0.1416
1.0000, 0.1388
1.0000, 0.1360
1.0000, 0.1360
1.0000, 0.1331
1.0000, 0.1303
1.0000, 0.1275
1.0000, 0.1246
1.0000, 0.1246
1.0000, 0.1218
1.0000, 0.1218
1.0000, 0.1218
1.0000, 0.1190
1.0000, 0.1161
1.0000, 0.1161
1.0000, 0.1133
1.0000, 0.1105
1.0000, 0.1076
1.0000, 0.1076
1.0000, 0.1076
1.0000, 0.1048
1.0000, 0.1020
1.0000, 0.1020
1.0000, 0.1020
1.0000, 0.0992
1.0000, 0.0935
1.0000, 0.0935
1.0000, 0.0935
0.9956, 0.0907
0.9956, 0.0907
0.9956, 0.0878
0.9956, 0.0878
0.9956, 0.0850
0.9956, 0.0822
0.9956, 0.0793
0.9956, 0.0793
0.9912, 0.0793
0.9912, 0.0765
0.9912, 0.0737
0.9868, 0.0737
0.9868, 0.0708
0.9824, 0.0708
0.9824, 0.0708
0.9824, 0.0680
0.9824, 0.0680
0.9824, 0.0680
0.9824, 0.0680
0.9824, 0.0652
0.9824, 0.0652
0.9824, 0.0652
0.9824, 0.0652
0.9824, 0.0652
0.9780, 0.0652
0.9780, 0.0652
0.9780, 0.0652
0.9780, 0.0652
0.9780, 0.0623
0.9780, 0.0623
0.9780, 0.0623
0.9736, 0.0595
0.9736, 0.0595
0.9736, 0.0595
0.9736, 0.0595
0.9736, 0.0595
0.9736, 0.0595
0.9736, 0.0595
0.9736, 0.0595
0.9736, 0.0567
0.9736, 0.0567
0.9692, 0.0567
0.9692, 0.0538
0.9692, 0.0538
0.9648, 0.0538
0.9648, 0.0538
0.9648, 0.0510
0.9604, 0.0510
0.9604, 0.0510
0.9604, 0.0510
0.9604, 0.0510
0.9604, 0.0510
0.9604, 0.0510
0.9604, 0.0510
0.9604, 0.0510
0.9559, 0.0482
0.9559, 0.0482
0.9559, 0.0482
0.9515, 0.0453
0.9515, 0.0453
0.9515, 0.0453
0.9515, 0.0453
0.9515, 0.0453
0.9515, 0.0453
0.9471, 0.0453
0.9471, 0.0453
0.9471, 0.0425
0.9427, 0.0425
0.9427, 0.0425
0.9427, 0.0397
0.9427, 0.0397
0.9427, 0.0397
0.9427, 0.0397
0.9427, 0.0397
0.9427, 0.0397
0.9383, 0.0397
0.9383, 0.0397
0.9383, 0.0397
0.9339, 0.0397
0.9339, 0.0397
0.9295, 0.0397
0.9295, 0.0397
0.9295, 0.0368
0.9295, 0.0368
0.9295, 0.0368
0.9251, 0.0340
0.9251, 0.0340
0.9251, 0.0340
0.9251, 0.0340
0.9207, 0.0340
0.9207, 0.0312
0.9207, 0.0312
0.9163, 0.0312
0.9163, 0.0312
0.9163, 0.0312
0.9163, 0.0312
0.9119, 0.0312
0.9119, 0.0312
0.9119, 0.0312
0.9075, 0.0283
0.9075, 0.0283
0.9075, 0.0283
0.9075, 0.0283
0.9031, 0.0283
0.9031, 0.0283
0.9031, 0.0255
0.8987, 0.0255
0.8987, 0.0255
0.8987, 0.0255
0.8987, 0.0255
0.8987, 0.0255
0.8987, 0.0255
0.8943, 0.0255
0.8899, 0.0255
0.8899, 0.0255
0.8855, 0.0255
0.8855, 0.0255
0.8855, 0.0227
0.8855, 0.0227
0.8855, 0.0227
0.8811, 0.0227
0.8811, 0.0227
0.8811, 0.0227
0.8811, 0.0227
0.8767, 0.0198
0.8767, 0.0198
0.8767, 0.0198
0.8767, 0.0198
0.8767, 0.0198
0.8767, 0.0198
0.8722, 0.0170
0.8722, 0.0170
0.8678, 0.0170
0.8678, 0.0170
0.8678, 0.0170
0.8634, 0.0170
0.8634, 0.0170
0.8634, 0.0170
0.8634, 0.0170
0.8634, 0.0170
0.8634, 0.0170
0.8590, 0.0170
0.8546, 0.0142
0.8546, 0.0142
0.8546, 0.0142
0.8546, 0.0142
0.8502, 0.0142
0.8502, 0.0142
0.8502, 0.0142
0.8502, 0.0142
0.8458, 0.0113
0.8414, 0.0113
0.8414, 0.0113
0.8414, 0.0113
0.8414, 0.0113
0.8370, 0.0113
0.8370, 0.0113
0.8326, 0.0113
0.8326, 0.0113
0.8326, 0.0113
0.8282, 0.0113
0.8282, 0.0113
0.8238, 0.0085
0.8238, 0.0085
0.8194, 0.0085
0.8194, 0.0085
0.8194, 0.0085
0.8150, 0.0085
0.8150, 0.0085
0.8106, 0.0057
0.8106, 0.0057
0.8106, 0.0057
0.8106, 0.0057
0.8062, 0.0057
0.7974, 0.0057
0.7974, 0.0057
0.7974, 0.0057
0.7974, 0.0057
0.7930, 0.0028
0.7930, 0.0028
0.7885, 0.0028
0.7841, 0.0028
0.7841, 0.0028
0.7797, 0.0028
0.7797, 0.0028
0.7753, 0.0028
0.7753, 0.0028
0.7753, 0.0028
0.7753, 0.0028
0.7753, 0.0028
0.7709, 0.0028
0.7665, 0.0000
0.7665, 0.0000
0.7665, 0.0000
0.7665, 0.0000
0.7621, 0.0000
0.7621, 0.0000
0.7577, 0.0000
0.7533, 0.0000
0.7533, 0.0000
0.7533, 0.0000
0.7533, 0.0000
0.7489, 0.0000
0.7489, 0.0000
0.7401, 0.0000
0.7401, 0.0000
0.7401, 0.0000
0.7357, 0.0000
0.7357, 0.0000
0.7313, 0.0000
0.7313, 0.0000
0.7313, 0.0000
0.7269, 0.0000
0.7269, 0.0000
0.7225, 0.0000
0.7225, 0.0000
0.7225, 0.0000
0.7181, 0.0000
0.7181, 0.0000
0.7181, 0.0000
0.7181, 0.0000
0.7181, 0.0000
0.7181, 0.0000
0.7137, 0.0000
0.7137, 0.0000
0.7137, 0.0000
0.7137, 0.0000
0.7093, 0.0000
0.7093, 0.0000
0.7093, 0.0000
0.7048, 0.0000
0.7048, 0.0000
0.7004, 0.0000
0.6960, 0.0000
0.6960, 0.0000
0.6960, 0.0000
0.6960, 0.0000
0.6960, 0.0000
0.6960, 0.0000
0.6960, 0.0000
0.6960, 0.0000
0.6960, 0.0000
0.6960, 0.0000
0.6960, 0.0000
0.6960, 0.0000
0.6960, 0.0000
0.6960, 0.0000
0.6960, 0.0000
0.6960, 0.0000
0.6960, 0.0000
0.6960, 0.0000
0.6960, 0.0000
0.6960, 0.0000
0.6960, 0.0000
0.6960, 0.0000
0.6960, 0.0000
0.6960, 0.0000
0.6960, 0.0000
0.6960, 0.0000
0.6960, 0.0000
0.6960, 0.0000
0.6960, 0.0000
0.6960, 0.0000
0.6960, 0.0000
0.6960, 0.0000
0.6960, 0.0000
0.6960, 0.0000
0.6960, 0.0000
0.6960, 0.0000
0.6960, 0.0000
0.6960, 0.0000
0.6960, 0.0000
0.6960, 0.0000
0.6960, 0.0000
0.6960, 0.0000
0.6960, 0.0000
0.6960, 0.0000
0.6960, 0.0000
0.6960, 0.0000
0.6960, 0.0000
0.6916, 0.0000
0.6916, 0.0000
0.6916, 0.0000
0.6916, 0.0000
0.6916, 0.0000
0.6872, 0.0000
0.6872, 0.0000
0.6872, 0.0000
0.6872, 0.0000
0.6872, 0.0000
0.6828, 0.0000
0.6828, 0.0000
0.6784, 0.0000
0.6784, 0.0000
0.6784, 0.0000
0.6784, 0.0000
0.6784, 0.0000
0.6784, 0.0000
0.6784, 0.0000
0.6740, 0.0000
0.6740, 0.0000
0.6740, 0.0000
0.6740, 0.0000
0.6740, 0.0000
0.6740, 0.0000
0.6740, 0.0000
0.6740, 0.0000
0.6740, 0.0000
0.6740, 0.0000
0.6740, 0.0000
0.6740, 0.0000
0.6740, 0.0000
0.6740, 0.0000
0.6740, 0.0000
0.6740, 0.0000
0.6740, 0.0000
0.6740, 0.0000
0.6740, 0.0000
0.6740, 0.0000
0.6740, 0.0000
0.6740, 0.0000
0.6740, 0.0000
0.6740, 0.0000
0.6740, 0.0000
0.6740, 0.0000
0.6740, 0.0000
0.6740, 0.0000
0.6740, 0.0000
0.6740, 0.0000
0.6740, 0.0000
0.6740, 0.0000
0.6740, 0.0000
0.6740, 0.0000
0.6740, 0.0000
0.6740, 0.0000
0.6740, 0.0000
0.6740, 0.0000
0.6740, 0.0000
0.6740, 0.0000
0.6740, 0.0000
0.6740, 0.0000
0.6740, 0.0000
0.6740, 0.0000
0.6740, 0.0000
0.6740, 0.0000
0.6740, 0.0000
0.6740, 0.0000
0.6740, 0.0000
0.6740, 0.0000
0.6740, 0.0000
0.6740, 0.0000
0.6740, 0.0000
0.6740, 0.0000
0.6740, 0.0000
0.6740, 0.0000
0.6740, 0.0000
0.6740, 0.0000
0.6740, 0.0000
0.6740, 0.0000
0.6740, 0.0000
0.6740, 0.0000
0.6740, 0.0000
0.6740, 0.0000
0.6740, 0.0000
0.6740, 0.0000
0.6740, 0.0000
0.6740, 0.0000
0.6740, 0.0000
0.6740, 0.0000
0.6740, 0.0000
0.6740, 0.0000
0.0000, 1.0000
0.0000, 1.0000
0.0000, 1.0000
0.0000, 1.0000
0.0000, 1.0000
0.0000, 1.0000
0.0000, 1.0000
0.0000, 1.0000
0.0000, 1.0000
0.0000, 1.0000
0.0000, 1.0000
0.0000, 1.0000
0.0000, 1.0000
0.0000, 1.0000
0.0000, 1.0000
0.0000, 1.0000
0.0000, 1.0000
0.0000, 1.0000
0.0000, 1.0000
0.0000, 1.0000
0.0000, 1.0000
0.0000, 1.0000
0.0000, 1.0000
0.0000, 1.0000
0.0000, 1.0000
0.0000, 1.0000
0.0000, 1.0000
0.0000, 1.0000
0.0000, 1.0000
0.0000, 1.0000
0.0000, 1.0000
0.0000, 1.0000
0.0000, 1.0000
0.0000, 1.0000
0.0000, 1.0000
0.0000, 1.0000
0.0000, 1.0000
0.0000, 1.0000
0.0000, 1.0000
0.0000, 1.0000
0.0000, 1.0000
0.0000, 1.0000
0.0000, 1.0000
0.0000, 1.0000
0.0000, 1.0000
0.0000, 1.0000
