0.0000, 0.4131
0.0000, 0.4131
0.0000, 0.4131
0.0000, 0.4131
0.0000, 0.4131
0.0000, 0.4131
0.0000, 0.4131
0.0000, 0.4131
0.0000, 0.4131
0.0000, 0.4131
0.0000, 0.4131
0.0000, 0.4131
0.0000, 0.4131
0.0000, 0.4131
0.0000, 0.4131
0.0000, 0.4131
0.0000, 0.4131
0.0000, 0.4131
0.0000, 0.4131
0.0000, 0.4131
0.0000, 0.4131
0.0000, 0.4131
0.0000, 0.4131
0.0000, 0.4131
0.0000, 0.4131
0.0000, 0.4131
0.0000, 0.4131
0.0000, 0.4131
0.0000, 0.4131
0.0000, 0.4131
0.0000, 0.4131
0.0000, 0.4131
0.0000, 0.4131
0.0000, 0.4131
0.0000, 0.4131
0.0000, 0.4131
0.0000, 0.4131
0.0000, 0.4131
0.0000, 0.4131
0.0000, 0.4131
0.0000, 0.4131
0.0000, 0.4131
0.0000, 0.4131
0.0000, 0.4131
0.0000, 0.4131
0.0000, 0.4131
0.0000, 0.4131
0.0000, 0.4131
0.0000, 0.4131
0.0000, 0.4131
0.0000, 0.4131
0.0000, 0.4131
0.0000, 0.4131
0.0000, 0.4131
0.0000, 0.4131
0.0000, 0.4131
0.0000, 0.4131
0.0000, 0.4131
0.0000, 0.4131
0.0052, 0.4131
0.0052, 0.4131
0.0052, 0.4131
0.0052, 0.4131
0.0052, 0.4131
0.0052, 0.4131
0.0052, 0.4131
0.0052, 0.4131
0.0052, 0.4131
0.0052, 0.4131
0.0052, 0.4131
0.0052, 0.4131
0.0052, 0.4131
0.0052, 0.4131
0.0052, 0.4131
0.0052, 0.4131
0.0052, 0.4131
0.0052, 0.4131
0.0052, 0.4131
0.0105, 0.4131
0.0105, 0.4131
0.0105, 0.4131
0.0105, 0.4131
0.0157, 0.4131
0.0157, 0.4131
0.0157, 0.4131
0.0157, 0.4131
0.0157, 0.4131
0.0157, 0.4131
0.0157, 0.4131
0.0157, 0.4131
0.0209, 0.4131
0.0209, 0.4131
0.0209, 0.4131
0.0209, 0.4131
0.0209, 0.4131
0.0209, 0.4131
0.0209, 0.4131
0.0209, 0.4131
0.0209, 0.4131
0.0262, 0.4131
0.0262, 0.4131
0.0262, 0.4131
0.0262, 0.4131
0.0314, 0.4131
0.0314, 0.4131
0.0314, 0.4131
0.0314, 0.4131
0.0314, 0.4131
0.0314, 0.4131
0.0314, 0.4131
0.0314, 0.4131
0.0314, 0.4131
0.0314, 0.4131
0.0314, 0.4131
0.0314, 0.4131
0.0314, 0.4131
0.0314, 0.4131
0.0366, 0.4131
0.0366, 0.4131
0.0366, 0.4131
0.0419, 0.4131
0.0419, 0.4131
0.0419, 0.4131
0.0419, 0.4131
0.0419, 0.4131
0.0419, 0.4131
0.0419, 0.4131
0.0419, 0.4131
0.0419, 0.4131
0.0471, 0.4131
0.0471, 0.4131
0.0471, 0.4131
0.0471, 0.4131
0.0471, 0.4131
0.0471, 0.4131
0.0471, 0.4131
0.0471, 0.4131
0.0471, 0.4131
0.0471, 0.4131
0.0471, 0.4131
0.0471, 0.4131
0.0471, 0.4131
0.0524, 0.4131
0.0524, 0.4131
0.0524, 0.4131
0.0524, 0.4131
0.0576, 0.4131
0.0576, 0.4131
0.0576, 0.4131
0.0576, 0.4131
0.0576, 0.4131
0.0576, 0.4131
0.0576, 0.4131
0.0576, 0.4131
0.0576, 0.4131
0.0576, 0.4131
0.0576, 0.4131
0.0576, 0.4131
0.0628, 0.4131
0.0628, 0.4131
0.0628, 0.4131
0.0628, 0.4131
0.0681, 0.4131
0.0681, 0.4131
0.0681, 0.4131
0.0681, 0.4131
0.0681, 0.4131
0.0733, 0.4131
0.0733, 0.4131
0.0733, 0.4131
0.0733, 0.4131
0.0733, 0.4131
0.0733, 0.4131
0.0733, 0.4131
0.0733, 0.4131
0.0785, 0.4131
0.0785, 0.4131
0.0785, 0.4131
0.0785, 0.4131
0.0838, 0.4131
0.0838, 0.4131
0.0838, 0.4131
0.0838, 0.4131
0.0838, 0.4131
0.0838, 0.4131
0.0838, 0.4131
0.0838, 0.4131
0.0838, 0.4131
0.0838, 0.4131
0.0838, 0.4131
0.0838, 0.4131
0.0838, 0.4131
0.0838, 0.4131
0.0838, 0.4131
0.0838, 0.4131
0.0838, 0.4131
0.0890, 0.4131
0.0890, 0.4131
0.0890, 0.4131
0.0890, 0.4131
0.0890, 0.4131
0.0890, 0.4131
0.0890, 0.4131
0.0890, 0.4131
0.0890, 0.4131
0.0942, 0.4131
0.0942, 0.4131
0.0942, 0.4131
0.0942, 0.4131
0.0942, 0.4131
0.0942, 0.4131
0.0942, 0.4131
0.0942, 0.4131
0.0995, 0.4131
0.0995, 0.4131
0.0995, 0.4131
0.0995, 0.4131
0.0995, 0.4131
0.0995, 0.4131
0.0995, 0.4131
0.0995, 0.4131
0.0995, 0.4131
0.0995, 0.4131
0.0995, 0.4131
0.0995, 0.4131
0.0995, 0.4131
0.1047, 0.4131
0.1047, 0.4131
0.1047, 0.4131
0.1047, 0.4131
0.1099, 0.4131
0.1099, 0.4131
0.1099, 0.4131
0.1099, 0.4131
0.1099, 0.4131
0.1099, 0.4131
0.1099, 0.4131
0.1099, 0.4131
0.1099, 0.4131
0.1099, 0.4131
0.1099, 0.4131
0.1099, 0.4131
0.1152, 0.4131
0.1152, 0.4131
0.1152, 0.4131
0.1152, 0.4131
0.1152, 0.4131
0.1152, 0.4131
0.1152, 0.4131
0.1152, 0.4131
0.1204, 0.4131
0.1204, 0.4131
0.1204, 0.4131
0.1204, 0.4131
0.1204, 0.4131
0.1204, 0.4131
0.1204, 0.4131
0.1204, 0.4131
0.1257, 0.4131
0.1257, 0.4131
0.1257, 0.4131
0.1257, 0.4131
0.1257, 0.4131
0.1257, 0.4131
0.1257, 0.4131
0.1257, 0.4131
0.1257, 0.4131
0.1257, 0.4131
0.1257, 0.4131
0.1257, 0.4131
0.1257, 0.4131
0.1257, 0.4131
0.1257, 0.4131
0.1257, 0.4131
0.1257, 0.4131
0.1309, 0.4131
0.1309, 0.4131
0.1309, 0.4131
0.1309, 0.4131
0.1309, 0.4131
0.1309, 0.4131
0.1309, 0.4131
0.1309, 0.4131
0.1309, 0.4131
0.1309, 0.4131
0.1309, 0.4131
0.1309, 0.4131
0.1309, 0.4131
0.1361, 0.4131
0.1361, 0.4131
0.1361, 0.4131
0.1361, 0.4131
0.1361, 0.4131
0.1361, 0.4131
0.1361, 0.4131
0.1361, 0.4131
0.1361, 0.4131
0.1361, 0.4131
0.1361, 0.4131
0.1361, 0.4131
0.1414, 0.4131
0.1414, 0.4131
0.1414, 0.4131
0.1414, 0.4131
0.1414, 0.4131
0.1414, 0.4131
0.1414, 0.4131
0.1414, 0.4131
0.1466, 0.4131
0.1466, 0.4131
0.1466, 0.4131
0.1466, 0.4131
0.1518, 0.4131
0.1518, 0.4131
0.1518, 0.4131
0.1518, 0.4131
0.1518, 0.4103
0.1518, 0.4103
0.1518, 0.4103
0.1518, 0.4103
0.1518, 0.4103
0.1518, 0.4103
0.1518, 0.4103
0.1518, 0.4103
0.1518, 0.4103
0.1518, 0.4103
0.1518, 0.4103
0.1518, 0.4103
0.1518, 0.4103
0.1518, 0.4103
0.1518, 0.4103
0.1571, 0.4103
0.1571, 0.4103
0.1571, 0.4103
0.1571, 0.4103
0.1571, 0.4103
0.1571, 0.4103
0.1571, 0.4103
0.1571, 0.4103
0.1571, 0.4103
0.1571, 0.4103
0.1571, 0.4103
0.1571, 0.4103
0.1571, 0.4103
0.1571, 0.4103
0.1571, 0.4103
0.1571, 0.4103
0.1623, 0.4103
0.1623, 0.4103
0.1623, 0.4103
0.1623, 0.4103
0.1623, 0.4103
0.1623, 0.4103
0.1623, 0.4103
0.1623, 0.4103
0.1623, 0.4074
0.1623, 0.4074
0.1623, 0.4074
0.1623, 0.4074
0.1623, 0.4074
0.1623, 0.4074
0.1623, 0.4074
0.1623, 0.4074
0.1623, 0.4074
0.1675, 0.4074
0.1675, 0.4074
0.1675, 0.4074
0.1675, 0.4074
0.1675, 0.4074
0.1675, 0.4074
0.1675, 0.4074
0.1675, 0.4074
0.1728, 0.4074
0.1728, 0.4074
0.1728, 0.4074
0.1728, 0.4074
0.1728, 0.4074
0.1728, 0.4074
0.1728, 0.4074
0.1728, 0.4074
0.1728, 0.4074
0.1728, 0.4074
0.1728, 0.4074
0.1728, 0.4074
0.1728, 0.4074
0.1728, 0.4074
0.1728, 0.4074
0.1728, 0.4074
0.1728, 0.4074
0.1728, 0.4074
0.1728, 0.4074
0.1728, 0.4074
0.1728, 0.4074
0.1728, 0.4074
0.1728, 0.4074
0.1728, 0.4074
0.1728, 0.4074
0.1780, 0.4074
0.1780, 0.4074
0.1780, 0.4074
0.1780, 0.4074
0.1780, 0.4074
0.1780, 0.4074
0.1780, 0.4074
0.1780, 0.4074
0.1780, 0.4074
0.1780, 0.4074
0.1780, 0.4074
0.1832, 0.4074
0.1832, 0.4074
0.1832, 0.4074
0.1832, 0.4074
0.1832, 0.4074
0.1832, 0.4074
0.1832, 0.4074
0.1832, 0.4074
0.1885, 0.4046
0.1885, 0.4046
0.1885, 0.4046
0.1885, 0.4046
0.1885, 0.4046
0.1885, 0.4046
0.1885, 0.4046
0.1885, 0.4046
0.1885, 0.4046
0.1885, 0.4046
0.1885, 0.4046
0.1885, 0.4046
0.1885, 0.4046
0.1885, 0.4046
0.1885, 0.4046
0.1885, 0.4046
0.1885, 0.4046
0.1937, 0.4046
0.1937, 0.4046
0.1937, 0.4046
0.1937, 0.4046
0.1937, 0.4046
0.1937, 0.4046
0.1937, 0.4046
0.1937, 0.4046
0.1937, 0.4046
0.1937, 0.4046
0.1937, 0.4046
0.1937, 0.4046
0.1937, 0.4046
0.1937, 0.4046
0.1937, 0.4046
0.1937, 0.4046
0.1937, 0.4046
0.1937, 0.4017
0.1937, 0.4017
0.1937, 0.4017
0.1937, 0.4017
0.1937, 0.4017
0.1937, 0.4017
0.1937, 0.4017
0.1990, 0.4017
0.1990, 0.4017
0.1990, 0.4017
0.1990, 0.4017
0.1990, 0.4017
0.1990, 0.4017
0.1990, 0.4017
0.1990, 0.4017
0.1990, 0.4017
0.1990, 0.4017
0.1990, 0.4017
0.1990, 0.4017
0.1990, 0.4017
0.1990, 0.4017
0.1990, 0.4017
0.1990, 0.4017
0.1990, 0.4017
0.1990, 0.4017
0.1990, 0.4017
0.1990, 0.4017
0.1990, 0.4017
0.1990, 0.4017
0.1990, 0.4017
0.1990, 0.4017
0.1990, 0.4017
0.1990, 0.4017
0.1990, 0.4017
0.1990, 0.4017
0.1990, 0.4017
0.1990, 0.4017
0.1990, 0.4017
0.1990, 0.4017
0.1990, 0.4017
0.1990, 0.4017
0.1990, 0.4017
0.1990, 0.4017
0.1990, 0.4017
0.1990, 0.4017
0.1990, 0.4017
0.1990, 0.4017
0.1990, 0.4017
0.1990, 0.4017
0.1990, 0.4017
0.1990, 0.4017
0.1990, 0.4017
0.1990, 0.4017
0.1990, 0.4017
0.1990, 0.4017
0.2042, 0.3989
0.2042, 0.3989
0.2042, 0.3989
0.2042, 0.3989
0.2042, 0.3989
0.2042, 0.3989
0.2042, 0.3989
0.2042, 0.3989
0.2042, 0.3989
0.2042, 0.3989
0.2042, 0.3989
0.2042, 0.3989
0.2042, 0.3989
0.2042, 0.3989
0.2042, 0.3989
0.2042, 0.3989
0.2042, 0.3960
0.2042, 0.3960
0.2042, 0.3960
0.2042, 0.3960
0.2042, 0.3960
0.2042, 0.3960
0.2042, 0.3960
0.2042, 0.3932
0.2042, 0.3932
0.2042, 0.3932
0.2042, 0.3932
0.2042, 0.3932
0.2042, 0.3932
0.2042, 0.3932
0.2042, 0.3932
0.2094, 0.3932
0.2094, 0.3932
0.2094, 0.3932
0.2094, 0.3932
0.2094, 0.3932
0.2094, 0.3932
0.2094, 0.3932
0.2094, 0.3932
0.2094, 0.3903
0.2094, 0.3903
0.2094, 0.3903
0.2094, 0.3903
0.2094, 0.3875
0.2094, 0.3875
0.2094, 0.3875
0.2094, 0.3875
0.2094, 0.3875
0.2094, 0.3875
0.2094, 0.3875
0.2094, 0.3875
0.2094, 0.3875
0.2094, 0.3875
0.2094, 0.3875
0.2094, 0.3846
0.2094, 0.3846
0.2094, 0.3846
0.2094, 0.3846
0.2094, 0.3818
0.2094, 0.3818
0.2094, 0.3818
0.2094, 0.3818
0.2094, 0.3818
0.2094, 0.3818
0.2094, 0.3818
0.2094, 0.3818
0.2147, 0.3818
0.2147, 0.3818
0.2147, 0.3818
0.2147, 0.3789
0.2147, 0.3789
0.2147, 0.3789
0.2147, 0.3789
0.2147, 0.3761
0.2147, 0.3761
0.2147, 0.3761
0.2147, 0.3732
0.2147, 0.3732
0.2147, 0.3732
0.2147, 0.3732
0.2147, 0.3732
0.2147, 0.3732
0.2147, 0.3732
0.2147, 0.3732
0.2147, 0.3732
0.2147, 0.3732
0.2147, 0.3732
0.2147, 0.3732
0.2147, 0.3704
0.2147, 0.3704
0.2147, 0.3704
0.2147, 0.3675
0.2147, 0.3675
0.2147, 0.3675
0.2147, 0.3675
0.2147, 0.3675
0.2147, 0.3675
0.2147, 0.3675
0.2147, 0.3675
0.2147, 0.3675
0.2147, 0.3675
0.2147, 0.3675
0.2147, 0.3675
0.2147, 0.3647
0.2147, 0.3647
0.2147, 0.3647
0.2147, 0.3618
0.2147, 0.3618
0.2147, 0.3618
0.2147, 0.3618
0.2147, 0.3590
0.2147, 0.3590
0.2147, 0.3590
0.2147, 0.3590
0.2147, 0.3590
0.2147, 0.3590
0.2147, 0.3590
0.2147, 0.3590
0.2147, 0.3590
0.2147, 0.3590
0.2147, 0.3590
0.2147, 0.3561
0.2147, 0.3561
0.2147, 0.3561
0.2147, 0.3561
0.2147, 0.3533
0.2147, 0.3533
0.2147, 0.3533
0.2147, 0.3533
0.2147, 0.3533
0.2147, 0.3533
0.2147, 0.3533
0.2147, 0.3533
0.2147, 0.3533
0.2147, 0.3533
0.2147, 0.3533
0.2147, 0.3533
0.2147, 0.3533
0.2147, 0.3533
0.2147, 0.3533
0.2147, 0.3533
0.2147, 0.3504
0.2147, 0.3504
0.2147, 0.3504
0.2147, 0.3476
0.2147, 0.3476
0.2147, 0.3476
0.2147, 0.3476
0.2147, 0.3447
0.2147, 0.3447
0.2147, 0.3447
0.2147, 0.3447
0.2147, 0.3447
0.2147, 0.3447
0.2147, 0.3447
0.2147, 0.3447
0.2147, 0.3447
0.2147, 0.3447
0.2147, 0.3447
0.2147, 0.3419
0.2147, 0.3419
0.2147, 0.3419
0.2147, 0.3419
0.2147, 0.3419
0.2147, 0.3419
0.2147, 0.3419
0.2147, 0.3390
0.2147, 0.3390
0.2147, 0.3390
0.2147, 0.3390
0.2147, 0.3390
0.2147, 0.3390
0.2147, 0.3390
0.2147, 0.3390
0.2147, 0.3362
0.2147, 0.3362
0.2147, 0.3362
0.2147, 0.3362
0.2147, 0.3362
0.2147, 0.3362
0.2147, 0.3362
0.2147, 0.3333
0.2147, 0.3333
0.2147, 0.3333
0.2147, 0.3333
0.2147, 0.3305
0.2147, 0.3305
0.2147, 0.3305
0.2147, 0.3305
0.2147, 0.3305
0.2147, 0.3305
0.2147, 0.3305
0.2147, 0.3305
0.2147, 0.3305
0.2147, 0.3305
0.2147, 0.3305
0.2147, 0.3305
0.2147, 0.3305
0.2147, 0.3305
0.2147, 0.3305
0.2147, 0.3276
0.2147, 0.3276
0.2147, 0.3276
0.2147, 0.3248
0.2147, 0.3248
0.2147, 0.3248
0.2147, 0.3248
0.2147, 0.3248
0.2147, 0.3248
0.2147, 0.3248
0.2147, 0.3248
0.2147, 0.3248
0.2147, 0.3248
0.2147, 0.3248
0.2147, 0.3219
0.2147, 0.3219
0.2147, 0.3219
0.2147, 0.3219
0.2147, 0.3219
0.2147, 0.3219
0.2147, 0.3219
0.2147, 0.3219
0.2147, 0.3191
0.2147, 0.3191
0.2147, 0.3191
0.2147, 0.3191
0.2147, 0.3191
0.2147, 0.3191
0.2147, 0.3191
0.2147, 0.3191
0.2147, 0.3162
0.2147, 0.3162
0.2147, 0.3162
0.2147, 0.3162
0.2147, 0.3162
0.2147, 0.3162
0.2147, 0.3162
0.2147, 0.3162
0.2147, 0.3162
0.2147, 0.3162
0.2147, 0.3162
0.2147, 0.3134
0.2147, 0.3134
0.2147, 0.3134
0.2147, 0.3105
0.2147, 0.3105
0.2147, 0.3105
0.2147, 0.3105
0.2147, 0.3105
0.2147, 0.3105
0.2147, 0.3105
0.2147, 0.3105
0.2147, 0.3105
0.2147, 0.3105
0.2147, 0.3105
0.2147, 0.3077
0.2147, 0.3077
0.2147, 0.3077
0.2147, 0.3077
0.2147, 0.3077
0.2147, 0.3077
0.2147, 0.3077
0.2147, 0.3077
0.2147, 0.3048
0.2147, 0.3048
0.2147, 0.3048
0.2147, 0.3020
0.2147, 0.3020
0.2147, 0.3020
0.2147, 0.3020
0.2147, 0.3020
0.2147, 0.3020
0.2147, 0.3020
0.2147, 0.3020
0.2147, 0.3020
0.2147, 0.3020
0.2147, 0.3020
0.2147, 0.3020
0.2147, 0.2991
0.2147, 0.2991
0.2147, 0.2991
0.2147, 0.2991
0.2147, 0.2991
0.2147, 0.2991
0.2147, 0.2991
0.2147, 0.2963
0.2147, 0.2963
0.2147, 0.2963
0.2147, 0.2963
0.2147, 0.2963
0.2147, 0.2963
0.2147, 0.2963
0.2147, 0.2934
0.2147, 0.2934
0.2147, 0.2934
0.2147, 0.2934
0.2147, 0.2934
0.2147, 0.2934
0.2147, 0.2934
0.2147, 0.2934
0.2147, 0.2906
0.2147, 0.2906
0.2147, 0.2906
0.2147, 0.2906
0.2147, 0.2906
0.2147, 0.2906
0.2147, 0.2906
0.2147, 0.2906
0.2147, 0.2906
0.2147, 0.2906
0.2147, 0.2877
0.2147, 0.2877
0.2147, 0.2877
0.2147, 0.2849
0.2147, 0.2849
0.2147, 0.2849
0.2147, 0.2849
0.2147, 0.2849
0.2147, 0.2849
0.2147, 0.2849
0.2147, 0.2821
0.2147, 0.2821
0.2147, 0.2821
0.2147, 0.2821
0.2147, 0.2821
0.2147, 0.2821
0.2147, 0.2821
0.2147, 0.2821
0.2147, 0.2821
0.2147, 0.2821
0.2147, 0.2792
0.2147, 0.2792
0.2147, 0.2792
0.2147, 0.2792
0.2147, 0.2764
0.2147, 0.2764
0.2147, 0.2764
0.2147, 0.2764
0.2147, 0.2764
0.2147, 0.2764
0.2147, 0.2764
0.2147, 0.2735
0.2147, 0.2735
0.2147, 0.2735
0.2147, 0.2735
0.2147, 0.2707
0.2147, 0.2707
0.2147, 0.2707
0.2147, 0.2707
0.2147, 0.2707
0.2147, 0.2707
0.2147, 0.2707
0.2147, 0.2678
0.2147, 0.2678
0.2147, 0.2678
0.2147, 0.2678
0.2147, 0.2678
0.2147, 0.2678
0.2147, 0.2678
0.2147, 0.2650
0.2147, 0.2650
0.2147, 0.2650
0.2147, 0.2650
0.2147, 0.2650
0.2147, 0.2650
0.2147, 0.2650
0.2147, 0.2650
0.2147, 0.2621
0.2147, 0.2621
0.2147, 0.2621
0.2147, 0.2621
0.2147, 0.2621
0.2147, 0.2621
0.2147, 0.2593
0.2147, 0.2593
0.2147, 0.2593
0.2147, 0.2593
0.2147, 0.2564
0.2147, 0.2564
0.2147, 0.2564
0.2147, 0.2536
0.2147, 0.2536
0.2147, 0.2536
0.2147, 0.2536
0.2147, 0.2536
0.2147, 0.2536
0.2147, 0.2536
0.2147, 0.2507
0.2147, 0.2507
0.2147, 0.2507
0.2147, 0.2479
0.2147, 0.2479
0.2147, 0.2479
0.2147, 0.2479
0.2147, 0.2479
0.2147, 0.2479
0.2147, 0.2479
0.2147, 0.2479
0.2147, 0.2450
0.2147, 0.2450
0.2147, 0.2450
0.2147, 0.2422
0.2147, 0.2422
0.2147, 0.2422
0.2147, 0.2422
0.2147, 0.2393
0.2147, 0.2393
0.2147, 0.2393
0.2147, 0.2393
0.2147, 0.2393
0.2147, 0.2393
0.2147, 0.2393
0.2147, 0.2365
0.2147, 0.2365
0.2147, 0.2365
0.2147, 0.2336
0.2147, 0.2336
0.2147, 0.2336
0.2147, 0.2336
0.2147, 0.2336
0.2147, 0.2336
0.2147, 0.2336
0.2147, 0.2336
0.2147, 0.2336
0.2147, 0.2336
0.2147, 0.2308
0.2147, 0.2308
0.2147, 0.2308
0.2147, 0.2279
0.2147, 0.2279
0.2147, 0.2279
0.2147, 0.2279
0.2147, 0.2251
0.2147, 0.2251
0.2147, 0.2251
0.2147, 0.2251
0.2147, 0.2251
0.2147, 0.2251
0.2147, 0.2251
0.2147, 0.2251
0.2147, 0.2251
0.2147, 0.2251
0.2147, 0.2251
0.2147, 0.2222
0.2147, 0.2222
0.2147, 0.2222
0.2147, 0.2222
0.2147, 0.2222
0.2147, 0.2222
0.2147, 0.2222
0.2147, 0.2194
0.2147, 0.2194
0.2147, 0.2194
0.2199, 0.2194
0.2199, 0.2194
0.2199, 0.2194
0.2199, 0.2194
0.2199, 0.2194
0.2199, 0.2194
0.2199, 0.2194
0.2199, 0.2165
0.2199, 0.2165
0.2199, 0.2165
0.2199, 0.2165
0.2199, 0.2165
0.2199, 0.2165
0.2199, 0.2165
0.2199, 0.2137
0.2199, 0.2137
0.2199, 0.2137
0.2199, 0.2108
0.2199, 0.2108
0.2199, 0.2108
0.2199, 0.2108
0.2199, 0.2108
0.2199, 0.2108
0.2199, 0.2108
0.2199, 0.2108
0.2199, 0.2108
0.2199, 0.2108
0.2199, 0.2080
0.2199, 0.2080
0.2199, 0.2080
0.2199, 0.2080
0.2199, 0.2051
0.2199, 0.2051
0.2199, 0.2051
0.2199, 0.2051
0.2199, 0.2051
0.2199, 0.2051
0.2199, 0.2051
0.2199, 0.2051
0.2199, 0.2051
0.2199, 0.2051
0.2199, 0.2051
0.2199, 0.2023
0.2199, 0.2023
0.2199, 0.2023
0.2199, 0.2023
0.2199, 0.2023
0.2199, 0.2023
0.2199, 0.1994
0.2199, 0.1994
0.2199, 0.1994
0.2199, 0.1994
0.2199, 0.1994
0.2199, 0.1994
0.2199, 0.1994
0.2199, 0.1994
0.2199, 0.1994
0.2199, 0.1994
0.2199, 0.1994
0.2251, 0.1966
0.2251, 0.1966
0.2251, 0.1966
0.2251, 0.1937
0.2251, 0.1937
0.2251, 0.1937
0.2251, 0.1909
0.2251, 0.1909
0.2251, 0.1909
0.2251, 0.1909
0.2251, 0.1909
0.2251, 0.1909
0.2251, 0.1909
0.2251, 0.1909
0.2251, 0.1909
0.2251, 0.1909
0.2251, 0.1909
0.2251, 0.1880
0.2251, 0.1880
0.2251, 0.1880
0.2251, 0.1880
0.2251, 0.1852
0.2251, 0.1852
0.2251, 0.1852
0.2251, 0.1852
0.2251, 0.1852
0.2251, 0.1852
0.2251, 0.1852
0.2251, 0.1823
0.2251, 0.1823
0.2251, 0.1823
0.2251, 0.1823
0.2251, 0.1823
0.2251, 0.1823
0.2251, 0.1795
0.2251, 0.1795
0.2251, 0.1795
0.2251, 0.1766
0.2251, 0.1766
0.2251, 0.1766
0.2251, 0.1766
0.2251, 0.1766
0.2251, 0.1766
0.2251, 0.1766
0.2251, 0.1766
0.2251, 0.1766
0.2251, 0.1766
0.2251, 0.1738
0.2251, 0.1738
0.2251, 0.1738
0.2251, 0.1738
0.2251, 0.1709
0.2251, 0.1709
0.2251, 0.1709
0.2251, 0.1709
0.2251, 0.1709
0.2251, 0.1709
0.2251, 0.1709
0.2251, 0.1709
0.2251, 0.1709
0.2251, 0.1709
0.2251, 0.1681
0.2251, 0.1681
0.2251, 0.1681
0.2251, 0.1681
0.2251, 0.1681
0.2251, 0.1681
0.2251, 0.1681
0.2251, 0.1652
0.2251, 0.1652
0.2251, 0.1652
0.2251, 0.1652
0.2251, 0.1624
0.2251, 0.1624
0.2251, 0.1624
0.2251, 0.1624
0.2251, 0.1624
0.2251, 0.1624
0.2251, 0.1624
0.2251, 0.1624
0.2251, 0.1624
0.2251, 0.1624
0.2251, 0.1595
0.2251, 0.1595
0.2251, 0.1595
0.2251, 0.1567
0.2251, 0.1567
0.2251, 0.1567
0.2251, 0.1567
0.2251, 0.1567
0.2251, 0.1567
0.2251, 0.1567
0.2251, 0.1567
0.2251, 0.1567
0.2251, 0.1567
0.2251, 0.1538
0.2251, 0.1538
0.2251, 0.1538
0.2251, 0.1538
0.2251, 0.1538
0.2251, 0.1538
0.2251, 0.1538
0.2251, 0.1510
0.2251, 0.1510
0.2251, 0.1510
0.2251, 0.1510
0.2251, 0.1510
0.2251, 0.1510
0.2251, 0.1510
0.2304, 0.1481
0.2304, 0.1481
0.2304, 0.1481
0.2304, 0.1481
0.2304, 0.1481
0.2304, 0.1481
0.2304, 0.1481
0.2304, 0.1481
0.2304, 0.1481
0.2304, 0.1481
0.2304, 0.1481
0.2304, 0.1453
0.2304, 0.1453
0.2304, 0.1425
0.2304, 0.1425
0.2304, 0.1425
0.2304, 0.1425
0.2304, 0.1425
0.2304, 0.1425
0.2304, 0.1425
0.2304, 0.1425
0.2304, 0.1425
0.2304, 0.1425
0.2304, 0.1425
0.2304, 0.1396
0.2304, 0.1396
0.2304, 0.1396
0.2304, 0.1396
0.2304, 0.1396
0.2304, 0.1396
0.2304, 0.1368
0.2304, 0.1368
0.2304, 0.1368
0.2304, 0.1368
0.2304, 0.1368
0.2304, 0.1368
0.2304, 0.1368
0.2304, 0.1339
0.2304, 0.1339
0.2304, 0.1339
0.2304, 0.1339
0.2304, 0.1339
0.2304, 0.1339
0.2304, 0.1339
0.2356, 0.1339
0.2356, 0.1339
0.2356, 0.1339
0.2356, 0.1311
0.2356, 0.1311
0.2356, 0.1311
0.2356, 0.1311
0.2356, 0.1311
0.2356, 0.1311
0.2356, 0.1311
0.2356, 0.1282
0.2356, 0.1282
0.2356, 0.1282
0.2356, 0.1282
0.2356, 0.1282
0.2356, 0.1282
0.2356, 0.1282
0.2356, 0.1282
0.2356, 0.1282
0.2356, 0.1282
0.2356, 0.1254
0.2356, 0.1254
0.2356, 0.1254
0.2356, 0.1254
0.2356, 0.1254
0.2356, 0.1254
0.2356, 0.1254
0.2356, 0.1225
0.2356, 0.1225
0.2356, 0.1225
0.2356, 0.1197
0.2356, 0.1197
0.2356, 0.1197
0.2356, 0.1197
0.2356, 0.1197
0.2356, 0.1197
0.2356, 0.1197
0.2356, 0.1197
0.2356, 0.1197
0.2356, 0.1197
0.2356, 0.1197
0.2356, 0.1197
0.2356, 0.1197
0.2356, 0.1197
0.2356, 0.1168
0.2356, 0.1168
0.2356, 0.1168
0.2356, 0.1168
0.2356, 0.1168
0.2356, 0.1168
0.2356, 0.1168
0.2356, 0.1140
0.2356, 0.1140
0.2356, 0.1140
0.2356, 0.1140
0.2356, 0.1140
0.2356, 0.1140
0.2356, 0.1140
0.2356, 0.1140
0.2356, 0.1140
0.2356, 0.1140
0.2356, 0.1140
0.2356, 0.1140
0.2356, 0.1140
0.2356, 0.1111
0.2356, 0.1111
0.2356, 0.1111
0.2356, 0.1083
0.2356, 0.1083
0.2356, 0.1083
0.2356, 0.1083
0.2356, 0.1083
0.2356, 0.1083
0.2356, 0.1083
0.2356, 0.1083
0.2356, 0.1083
0.2356, 0.1083
0.2356, 0.1054
0.2356, 0.1054
0.2356, 0.1054
0.2356, 0.1054
0.2356, 0.1054
0.2356, 0.1054
0.2356, 0.1054
0.2356, 0.1026
0.2356, 0.1026
0.2356, 0.1026
0.2356, 0.1026
0.2356, 0.1026
0.2356, 0.1026
0.2356, 0.0997
0.2356, 0.0997
0.2356, 0.0997
0.2356, 0.0997
0.2356, 0.0997
0.2356, 0.0997
0.2356, 0.0997
0.2356, 0.0997
0.2356, 0.0997
0.2356, 0.0997
0.2356, 0.0969
0.2356, 0.0969
0.2356, 0.0969
0.2356, 0.0940
0.2356, 0.0940
0.2356, 0.0940
0.2356, 0.0940
0.2356, 0.0940
0.2356, 0.0940
0.2356, 0.0940
0.2356, 0.0940
0.2356, 0.0940
0.2356, 0.0940
0.2356, 0.0912
0.2356, 0.0912
0.2356, 0.0912
0.2356, 0.0912
0.2356, 0.0912
0.2356, 0.0912
0.2356, 0.0912
0.2356, 0.0883
0.2356, 0.0883
0.2356, 0.0883
0.2356, 0.0855
0.2356, 0.0855
0.2356, 0.0855
0.2356, 0.0855
0.2356, 0.0855
0.2356, 0.0855
0.2356, 0.0855
0.2356, 0.0855
0.2356, 0.0855
0.2356, 0.0855
0.2356, 0.0855
0.2356, 0.0855
0.2356, 0.0855
0.2356, 0.0855
0.2356, 0.0826
0.2356, 0.0826
0.2356, 0.0826
0.2356, 0.0826
0.2356, 0.0826
0.2356, 0.0826
0.2356, 0.0798
0.2356, 0.0798
0.2356, 0.0798
0.2356, 0.0798
0.2356, 0.0798
0.2356, 0.0798
0.2356, 0.0798
0.2356, 0.0798
0.2356, 0.0798
0.2356, 0.0798
0.2356, 0.0769
0.2356, 0.0769
0.2356, 0.0769
0.2356, 0.0769
0.2356, 0.0769
0.2356, 0.0769
0.2356, 0.0769
0.2356, 0.0741
0.2356, 0.0741
0.2356, 0.0741
0.2356, 0.0741
0.2356, 0.0741
0.2356, 0.0741
0.2356, 0.0741
0.2356, 0.0741
0.2356, 0.0741
0.2356, 0.0741
0.2356, 0.0741
0.2356, 0.0741
0.2356, 0.0741
0.2356, 0.0741
0.2356, 0.0741
0.2356, 0.0741
0.2356, 0.0741
0.2356, 0.0741
0.2356, 0.0741
0.2356, 0.0741
0.2356, 0.0741
0.2356, 0.0741
0.2356, 0.0741
0.2356, 0.0741
0.2356, 0.0741
0.2356, 0.0741
0.2356, 0.0741
0.2356, 0.0741
0.2356, 0.0741
0.2356, 0.0741
0.2356, 0.0741
0.2356, 0.0741
0.2356, 0.0741
0.2356, 0.0741
0.2356, 0.0741
0.2356, 0.0741
0.2356, 0.0741
0.2356, 0.0741
0.2356, 0.0741
0.2356, 0.0741
0.2356, 0.0741
0.2356, 0.0741
0.2356, 0.0741
0.2356, 0.0741
0.2356, 0.0741
0.2356, 0.0741
0.2356, 0.0741
0.2356, 0.0741
0.2356, 0.0741
0.2356, 0.0741
0.2356, 0.0741
0.2356, 0.0741
0.2356, 0.0741
0.2356, 0.0741
0.2356, 0.0741
0.2356, 0.0741
0.2356, 0.0741
0.2356, 0.0741
0.2356, 0.0741
0.2356, 0.0741
0.2356, 0.0741
0.2356, 0.0741
0.2356, 0.0741
0.2356, 0.0741
0.2356, 0.0741
0.2356, 0.0741
0.2356, 0.0741
0.2356, 0.0741
0.2356, 0.0741
0.2356, 0.0741
0.2356, 0.0741
0.2356, 0.0741
0.2356, 0.0741
0.2356, 0.0741
0.2356, 0.0741
0.2356, 0.0741
0.2356, 0.0741
0.2356, 0.0741
0.2356, 0.0741
0.2356, 0.0741
0.2356, 0.0741
0.2356, 0.0741
0.2356, 0.0741
0.2356, 0.0741
0.2356, 0.0741
0.2356, 0.0741
0.2356, 0.0741
0.2356, 0.0741
0.2356, 0.0741
0.2356, 0.0741
0.2356, 0.0741
0.2356, 0.0741
0.2356, 0.0741
0.2356, 0.0741
0.2356, 0.0741
0.2356, 0.0741
0.2356, 0.0741
0.2356, 0.0741
0.2356, 0.0741
0.2356, 0.0741
0.2356, 0.0741
0.2356, 0.0741
0.2356, 0.0741
0.2356, 0.0741
0.2356, 0.0741
0.2356, 0.0741
0.2356, 0.0741
0.2356, 0.0741
0.2356, 0.0741
0.2356, 0.0741
0.2356, 0.0741
0.2356, 0.0741
0.2356, 0.0741
0.2356, 0.0741
0.2356, 0.0741
0.2356, 0.0741
0.2356, 0.0741
0.2356, 0.0741
0.2356, 0.0741
0.2356, 0.0741
0.2356, 0.0741
0.2356, 0.0741
0.2356, 0.0741
0.2356, 0.0741
0.2356, 0.0741
0.2356, 0.0741
0.2356, 0.0741
0.2356, 0.0741
0.2356, 0.0741
0.2356, 0.0741
0.2356, 0.0741
0.2356, 0.0741
0.2356, 0.0741
0.2356, 0.0741
0.2356, 0.0741
0.2356, 0.0741
0.2356, 0.0741
0.2356, 0.0741
0.2356, 0.0741
0.2356, 0.0741
0.2356, 0.0741
0.2356, 0.0741
0.2356, 0.0741
0.2356, 0.0741
0.2356, 0.0741
0.2356, 0.0741
0.2356, 0.0741
0.2356, 0.0741
0.2356, 0.0741
0.2356, 0.0741
0.2356, 0.0741
0.2356, 0.0741
0.2356, 0.0741
0.2356, 0.0741
0.2356, 0.0741
0.2356, 0.0741
0.2356, 0.0741
0.2356, 0.0741
0.2356, 0.0741
0.2356, 0.0741
0.2356, 0.0741
0.2356, 0.0741
0.2356, 0.0741
0.2356, 0.0741
0.2356, 0.0741
0.2356, 0.0741
0.2356, 0.0741
0.2356, 0.0741
0.2356, 0.0741
0.2356, 0.0741
0.2356, 0.0741
0.2356, 0.0741
0.2356, 0.0741
0.2356, 0.0741
0.2356, 0.0741
0.2356, 0.0741
0.2356, 0.0741
0.2356, 0.0741
0.2356, 0.0741
0.2356, 0.0741
0.2356, 0.0712
0.2356, 0.0712
0.2356, 0.0712
0.2356, 0.0712
0.2356, 0.0712
0.2356, 0.0712
0.2356, 0.0684
0.2356, 0.0684
0.2356, 0.0684
0.2356, 0.0655
0.2356, 0.0655
0.2356, 0.0655
0.2356, 0.0655
0.2356, 0.0655
0.2356, 0.0655
0.2356, 0.0655
0.2356, 0.0655
0.2356, 0.0655
0.2356, 0.0655
0.2356, 0.0627
0.2356, 0.0627
0.2356, 0.0627
0.2356, 0.0598
0.2356, 0.0598
0.2356, 0.0598
0.2356, 0.0598
0.2356, 0.0598
0.2356, 0.0598
0.2304, 0.0570
0.2304, 0.0570
0.2304, 0.0570
0.2304, 0.0570
0.2304, 0.0570
0.2304, 0.0570
0.2304, 0.0570
0.2304, 0.0570
0.2304, 0.0570
0.2304, 0.0570
0.2304, 0.0570
0.2304, 0.0570
0.2304, 0.0570
0.2304, 0.0570
0.2304, 0.0570
0.2304, 0.0570
0.2304, 0.0570
0.2304, 0.0570
0.2304, 0.0570
0.2304, 0.0570
0.2304, 0.0570
0.2304, 0.0570
0.2304, 0.0541
0.2304, 0.0541
0.2304, 0.0541
0.2304, 0.0541
0.2304, 0.0541
0.2304, 0.0541
0.2304, 0.0541
0.2304, 0.0513
0.2304, 0.0513
0.2304, 0.0513
0.2304, 0.0513
0.2304, 0.0513
0.2304, 0.0513
0.2304, 0.0513
0.2304, 0.0513
0.2304, 0.0513
0.2304, 0.0513
0.2304, 0.0513
0.2304, 0.0513
0.2304, 0.0513
0.2304, 0.0513
0.2304, 0.0513
0.2304, 0.0513
0.2304, 0.0513
0.2304, 0.0513
0.2304, 0.0513
0.2304, 0.0484
0.2304, 0.0484
0.2304, 0.0484
0.2304, 0.0484
0.2304, 0.0484
0.2304, 0.0484
0.2304, 0.0484
0.2304, 0.0484
0.2304, 0.0484
0.2304, 0.0484
0.2304, 0.0484
0.2304, 0.0484
0.2304, 0.0484
0.2304, 0.0456
0.2304, 0.0456
0.2304, 0.0456
0.2304, 0.0456
0.2304, 0.0456
0.2304, 0.0456
0.2304, 0.0427
0.2304, 0.0427
0.2304, 0.0427
0.2251, 0.0427
0.2251, 0.0427
0.2251, 0.0427
0.2251, 0.0427
0.2251, 0.0427
0.2251, 0.0427
0.2251, 0.0399
0.2251, 0.0399
0.2251, 0.0399
0.2251, 0.0399
0.2251, 0.0399
0.2251, 0.0399
0.2251, 0.0370
0.2251, 0.0370
0.2251, 0.0370
0.2251, 0.0370
0.2251, 0.0370
0.2251, 0.0370
0.2251, 0.0370
0.2251, 0.0370
0.2251, 0.0370
0.2251, 0.0370
0.2251, 0.0370
0.2251, 0.0370
0.2251, 0.0370
0.2251, 0.0370
0.2251, 0.0370
0.2251, 0.0370
0.2251, 0.0370
0.2251, 0.0342
0.2251, 0.0342
0.2251, 0.0342
0.2251, 0.0342
0.2251, 0.0342
0.2251, 0.0342
0.2251, 0.0342
0.2251, 0.0342
0.2251, 0.0313
0.2251, 0.0313
0.2251, 0.0313
0.2251, 0.0313
0.2251, 0.0313
0.2251, 0.0313
0.2251, 0.0313
0.2251, 0.0313
0.2251, 0.0313
0.2251, 0.0313
0.2251, 0.0285
0.2251, 0.0285
0.2251, 0.0285
0.2251, 0.0285
0.2251, 0.0285
0.2251, 0.0285
0.2251, 0.0285
0.2251, 0.0285
0.2251, 0.0285
0.2251, 0.0285
0.2251, 0.0285
0.2251, 0.0285
0.2251, 0.0285
0.2251, 0.0285
0.2251, 0.0285
0.2251, 0.0285
0.2251, 0.0256
0.2251, 0.0256
0.2251, 0.0256
0.2251, 0.0256
0.2251, 0.0256
0.2251, 0.0256
0.2251, 0.0228
0.2251, 0.0228
0.2251, 0.0228
0.2251, 0.0228
0.2251, 0.0228
0.2251, 0.0228
0.2251, 0.0228
0.2251, 0.0228
0.2251, 0.0228
0.2251, 0.0228
0.2251, 0.0228
0.2251, 0.0228
0.2251, 0.0228
0.2251, 0.0228
0.2251, 0.0228
0.2251, 0.0228
0.2251, 0.0228
0.2251, 0.0228
0.2251, 0.0228
0.2251, 0.0228
0.2251, 0.0228
0.2251, 0.0228
0.2251, 0.0228
0.2251, 0.0228
0.2251, 0.0228
0.2251, 0.0228
0.2251, 0.0228
0.2251, 0.0228
0.2251, 0.0228
0.2251, 0.0228
0.2251, 0.0228
0.2251, 0.0228
0.2251, 0.0228
0.2251, 0.0228
0.2251, 0.0228
0.2251, 0.0228
0.2251, 0.0228
0.2251, 0.0228
0.2251, 0.0228
0.2251, 0.0228
0.2251, 0.0228
0.2251, 0.0228
0.2251, 0.0228
0.2251, 0.0228
0.2251, 0.0228
0.2251, 0.0228
0.2251, 0.0228
0.2251, 0.0228
0.2251, 0.0228
0.2251, 0.0228
0.2251, 0.0228
0.2251, 0.0228
0.2251, 0.0228
0.2251, 0.0228
0.2251, 0.0228
0.2251, 0.0228
0.2251, 0.0228
0.2251, 0.0228
0.2251, 0.0228
0.2251, 0.0228
0.2251, 0.0228
0.2251, 0.0228
0.2251, 0.0228
0.2251, 0.0228
0.2251, 0.0228
0.2251, 0.0228
0.2251, 0.0228
0.2251, 0.0228
0.2251, 0.0228
0.2251, 0.0228
0.2251, 0.0228
0.2251, 0.0228
0.2251, 0.0228
0.2251, 0.0228
0.2251, 0.0228
0.2251, 0.0228
0.2251, 0.0228
0.2251, 0.0228
0.2251, 0.0228
0.2251, 0.0228
0.2251, 0.0228
0.2251, 0.0228
0.2251, 0.0228
0.2251, 0.0228
0.2251, 0.0228
0.2251, 0.0228
0.2251, 0.0228
0.2251, 0.0228
0.2251, 0.0228
0.2251, 0.0228
0.2251, 0.0228
0.2251, 0.0228
0.2251, 0.0228
0.2251, 0.0228
0.2251, 0.0228
0.2251, 0.0228
0.2251, 0.0228
0.2251, 0.0228
0.2251, 0.0228
0.2251, 0.0228
0.2251, 0.0228
0.2251, 0.0228
0.2251, 0.0228
0.2251, 0.0228
0.2251, 0.0228
0.2251, 0.0228
0.2251, 0.0228
0.2251, 0.0228
0.2251, 0.0228
0.2251, 0.0228
0.2251, 0.0228
0.2251, 0.0228
0.2251, 0.0228
0.2251, 0.0228
0.2251, 0.0228
0.2251, 0.0228
0.2251, 0.0199
0.2251, 0.0199
0.2251, 0.0199
0.2251, 0.0199
0.2251, 0.0199
0.2251, 0.0199
0.2251, 0.0199
0.2251, 0.0199
0.2251, 0.0199
0.2251, 0.0199
0.2251, 0.0199
0.2251, 0.0199
0.2251, 0.0199
0.2251, 0.0199
0.2251, 0.0199
0.2251, 0.0199
0.2251, 0.0171
0.2251, 0.0171
0.2251, 0.0171
0.2251, 0.0171
0.2251, 0.0171
0.2251, 0.0171
0.2251, 0.0171
0.2251, 0.0171
0.2251, 0.0171
0.2251, 0.0171
0.2251, 0.0171
0.2251, 0.0171
0.2251, 0.0171
0.2251, 0.0171
0.2251, 0.0171
0.2251, 0.0171
0.2251, 0.0171
0.2251, 0.0171
0.2251, 0.0171
0.2251, 0.0171
0.2251, 0.0171
0.2251, 0.0171
0.2251, 0.0171
0.2251, 0.0171
0.2251, 0.0171
0.2251, 0.0171
0.2251, 0.0171
0.2251, 0.0171
0.2251, 0.0171
0.2251, 0.0171
0.2251, 0.0171
0.2251, 0.0171
0.2251, 0.0171
0.2251, 0.0171
0.2251, 0.0171
0.2251, 0.0171
0.2251, 0.0171
0.2251, 0.0171
0.2251, 0.0171
0.2251, 0.0171
0.2251, 0.0171
0.2251, 0.0171
0.2251, 0.0171
0.2251, 0.0171
0.2251, 0.0171
0.2251, 0.0171
0.2251, 0.0171
0.2251, 0.0171
0.2251, 0.0171
0.2251, 0.0171
0.2251, 0.0171
0.2251, 0.0171
0.2251, 0.0171
0.2251, 0.0171
0.2251, 0.0171
0.2251, 0.0171
0.2251, 0.0171
0.2251, 0.0171
0.2251, 0.0171
0.2251, 0.0171
0.2251, 0.0171
0.2251, 0.0171
0.2251, 0.0171
0.2251, 0.0171
0.2251, 0.0171
0.2251, 0.0171
0.2251, 0.0171
0.2251, 0.0171
0.2251, 0.0171
0.2251, 0.0171
0.2251, 0.0171
0.2251, 0.0171
0.2251, 0.0171
0.2251, 0.0171
0.2251, 0.0199
0.2251, 0.0199
0.2251, 0.0199
0.2251, 0.0199
0.2251, 0.0199
0.2251, 0.0199
0.2251, 0.0199
0.2251, 0.0199
0.2251, 0.0199
0.2251, 0.0228
0.2251, 0.0228
0.2251, 0.0228
0.2304, 0.0256
0.2304, 0.0256
0.2304, 0.0256
0.2304, 0.0256
0.2304, 0.0256
0.2304, 0.0256
0.2356, 0.0256
0.2356, 0.0256
0.2356, 0.0256
0.2356, 0.0285
0.2356, 0.0285
0.2408, 0.0313
0.2408, 0.0313
0.2408, 0.0313
0.2408, 0.0342
0.2408, 0.0342
0.2408, 0.0342
0.2408, 0.0342
0.2408, 0.0342
0.2408, 0.0342
0.2461, 0.0370
0.2461, 0.0370
0.2461, 0.0370
0.2461, 0.0370
0.2461, 0.0370
0.2461, 0.0370
0.2513, 0.0399
0.2513, 0.0399
0.2513, 0.0399
0.2513, 0.0399
0.2513, 0.0399
0.2513, 0.0399
0.2513, 0.0399
0.2513, 0.0399
0.2513, 0.0399
0.2513, 0.0427
0.2513, 0.0427
0.2513, 0.0427
0.2513, 0.0427
0.2513, 0.0427
0.2513, 0.0427
0.2565, 0.0456
0.2565, 0.0456
0.2565, 0.0456
0.2565, 0.0456
0.2565, 0.0456
0.2565, 0.0456
0.2565, 0.0484
0.2565, 0.0484
0.2618, 0.0484
0.2618, 0.0484
0.2618, 0.0484
0.2618, 0.0484
0.2618, 0.0484
0.2618, 0.0484
0.2670, 0.0513
0.2670, 0.0513
0.2670, 0.0513
0.2670, 0.0513
0.2670, 0.0513
0.2670, 0.0513
0.2670, 0.0541
0.2670, 0.0541
0.2670, 0.0541
0.2670, 0.0541
0.2670, 0.0541
0.2670, 0.0541
0.2670, 0.0541
0.2670, 0.0541
0.2670, 0.0541
0.2670, 0.0541
0.2723, 0.0541
0.2723, 0.0541
0.2723, 0.0541
0.2723, 0.0541
0.2723, 0.0541
0.2723, 0.0570
0.2723, 0.0570
0.2723, 0.0570
0.2775, 0.0570
0.2775, 0.0570
0.2775, 0.0570
0.2775, 0.0598
0.2775, 0.0598
0.2775, 0.0598
0.2775, 0.0598
0.2775, 0.0598
0.2775, 0.0598
0.2775, 0.0627
0.2775, 0.0627
0.2775, 0.0627
0.2775, 0.0627
0.2775, 0.0627
0.2827, 0.0627
0.2827, 0.0627
0.2827, 0.0627
0.2827, 0.0655
0.2827, 0.0655
0.2827, 0.0655
0.2880, 0.0655
0.2880, 0.0655
0.2880, 0.0655
0.2880, 0.0684
0.2880, 0.0684
0.2880, 0.0684
0.2880, 0.0684
0.2880, 0.0684
0.2880, 0.0684
0.2932, 0.0684
0.2932, 0.0684
0.2932, 0.0712
0.2932, 0.0712
0.2932, 0.0712
0.2932, 0.0712
0.2932, 0.0712
0.2932, 0.0712
0.2932, 0.0741
0.2932, 0.0741
0.2932, 0.0741
0.2932, 0.0741
0.2932, 0.0741
0.2932, 0.0741
0.2984, 0.0769
0.2984, 0.0769
0.2984, 0.0769
0.2984, 0.0769
0.2984, 0.0769
0.3037, 0.0769
0.3037, 0.0769
0.3037, 0.0798
0.3037, 0.0798
0.3037, 0.0798
0.3037, 0.0798
0.3037, 0.0798
0.3037, 0.0798
0.3037, 0.0826
0.3037, 0.0826
0.3037, 0.0826
0.3037, 0.0826
0.3037, 0.0826
0.3037, 0.0826
0.3037, 0.0826
0.3037, 0.0826
0.3037, 0.0826
0.3089, 0.0855
0.3089, 0.0855
0.3089, 0.0855
0.3089, 0.0855
0.3089, 0.0855
0.3089, 0.0883
0.3089, 0.0883
0.3089, 0.0883
0.3141, 0.0912
0.3141, 0.0912
0.3141, 0.0912
0.3141, 0.0912
0.3141, 0.0912
0.3141, 0.0912
0.3194, 0.0912
0.3194, 0.0912
0.3194, 0.0912
0.3194, 0.0940
0.3194, 0.0940
0.3194, 0.0940
0.3194, 0.0940
0.3194, 0.0940
0.3194, 0.0969
0.3194, 0.0969
0.3194, 0.0969
0.3194, 0.0969
0.3194, 0.0969
0.3194, 0.0969
0.3194, 0.0969
0.3194, 0.0969
0.3194, 0.0969
0.3194, 0.0969
0.3194, 0.0969
0.3194, 0.0969
0.3246, 0.0997
0.3246, 0.0997
0.3246, 0.0997
0.3246, 0.0997
0.3246, 0.0997
0.3246, 0.0997
0.3246, 0.1026
0.3246, 0.1026
0.3246, 0.1026
0.3298, 0.1026
0.3298, 0.1026
0.3298, 0.1054
0.3298, 0.1054
0.3298, 0.1054
0.3298, 0.1054
0.3298, 0.1054
0.3298, 0.1054
0.3298, 0.1054
0.3298, 0.1054
0.3298, 0.1054
0.3298, 0.1054
0.3298, 0.1054
0.3298, 0.1054
0.3298, 0.1054
0.3298, 0.1054
0.3298, 0.1054
0.3298, 0.1054
0.3298, 0.1083
0.3298, 0.1083
0.3351, 0.1083
0.3351, 0.1083
0.3351, 0.1083
0.3351, 0.1083
0.3351, 0.1083
0.3351, 0.1083
0.3351, 0.1111
0.3351, 0.1111
0.3351, 0.1111
0.3351, 0.1111
0.3351, 0.1111
0.3351, 0.1111
0.3403, 0.1111
0.3403, 0.1111
0.3403, 0.1111
0.3403, 0.1111
0.3403, 0.1111
0.3403, 0.1140
0.3403, 0.1140
0.3403, 0.1140
0.3403, 0.1140
0.3403, 0.1140
0.3403, 0.1140
0.3403, 0.1140
0.3403, 0.1140
0.3403, 0.1140
0.3403, 0.1168
0.3403, 0.1168
0.3403, 0.1168
0.3403, 0.1168
0.3403, 0.1168
0.3455, 0.1168
0.3455, 0.1168
0.3455, 0.1168
0.3455, 0.1168
0.3455, 0.1168
0.3455, 0.1168
0.3455, 0.1197
0.3455, 0.1197
0.3455, 0.1197
0.3508, 0.1225
0.3508, 0.1225
0.3508, 0.1225
0.3508, 0.1225
0.3508, 0.1225
0.3560, 0.1254
0.3560, 0.1254
0.3560, 0.1254
0.3560, 0.1254
0.3560, 0.1254
0.3560, 0.1254
0.3560, 0.1282
0.3560, 0.1282
0.3560, 0.1311
0.3560, 0.1311
0.3560, 0.1311
0.3613, 0.1311
0.3613, 0.1311
0.3613, 0.1311
0.3613, 0.1311
0.3613, 0.1311
0.3613, 0.1311
0.3613, 0.1311
0.3613, 0.1311
0.3613, 0.1311
0.3665, 0.1339
0.3665, 0.1339
0.3665, 0.1339
0.3665, 0.1339
0.3665, 0.1339
0.3665, 0.1339
0.3665, 0.1368
0.3665, 0.1368
0.3665, 0.1396
0.3665, 0.1396
0.3665, 0.1396
0.3717, 0.1396
0.3717, 0.1396
0.3717, 0.1396
0.3717, 0.1425
0.3717, 0.1425
0.3770, 0.1425
0.3770, 0.1425
0.3770, 0.1425
0.3770, 0.1453
0.3770, 0.1453
0.3770, 0.1453
0.3770, 0.1453
0.3770, 0.1453
0.3770, 0.1453
0.3822, 0.1481
0.3822, 0.1481
0.3822, 0.1481
0.3822, 0.1481
0.3822, 0.1481
0.3822, 0.1510
0.3822, 0.1510
0.3822, 0.1510
0.3822, 0.1510
0.3822, 0.1510
0.3822, 0.1510
0.3822, 0.1538
0.3822, 0.1538
0.3874, 0.1538
0.3874, 0.1538
0.3874, 0.1538
0.3874, 0.1538
0.3874, 0.1538
0.3874, 0.1538
0.3874, 0.1567
0.3874, 0.1567
0.3874, 0.1567
0.3874, 0.1567
0.3874, 0.1567
0.3927, 0.1595
0.3927, 0.1595
0.3927, 0.1595
0.3927, 0.1595
0.3927, 0.1595
0.3927, 0.1595
0.3927, 0.1595
0.3927, 0.1595
0.3927, 0.1595
0.3927, 0.1595
0.3927, 0.1595
0.3927, 0.1595
0.3927, 0.1624
0.3927, 0.1624
0.3979, 0.1652
0.3979, 0.1652
0.3979, 0.1652
0.3979, 0.1652
0.3979, 0.1652
0.3979, 0.1652
0.3979, 0.1681
0.3979, 0.1681
0.3979, 0.1681
0.4031, 0.1681
0.4031, 0.1681
0.4031, 0.1681
0.4031, 0.1681
0.4031, 0.1681
0.4084, 0.1681
0.4084, 0.1681
0.4084, 0.1681
0.4084, 0.1709
0.4084, 0.1709
0.4084, 0.1709
0.4084, 0.1709
0.4084, 0.1709
0.4084, 0.1738
0.4084, 0.1738
0.4084, 0.1738
0.4084, 0.1738
0.4084, 0.1738
0.4084, 0.1738
0.4084, 0.1738
0.4084, 0.1738
0.4084, 0.1738
0.4136, 0.1738
0.4136, 0.1738
0.4136, 0.1766
0.4136, 0.1766
0.4136, 0.1766
0.4136, 0.1795
0.4136, 0.1795
0.4136, 0.1795
0.4188, 0.1823
0.4188, 0.1823
0.4188, 0.1823
0.4188, 0.1823
0.4188, 0.1823
0.4188, 0.1823
0.4188, 0.1823
0.4188, 0.1823
0.4241, 0.1852
0.4241, 0.1852
0.4241, 0.1852
0.4241, 0.1880
0.4241, 0.1880
0.4241, 0.1880
0.4293, 0.1880
0.4293, 0.1880
0.4293, 0.1909
0.4293, 0.1909
0.4293, 0.1909
0.4346, 0.1937
0.4346, 0.1937
0.4346, 0.1937
0.4346, 0.1937
0.4346, 0.1937
0.4346, 0.1966
0.4346, 0.1966
0.4346, 0.1966
0.4346, 0.1966
0.4346, 0.1966
0.4346, 0.1966
0.4398, 0.1994
0.4398, 0.1994
0.4398, 0.2023
0.4398, 0.2023
0.4398, 0.2023
0.4450, 0.2023
0.4450, 0.2023
0.4450, 0.2023
0.4450, 0.2051
0.4450, 0.2051
0.4450, 0.2080
0.4450, 0.2080
0.4450, 0.2080
0.4450, 0.2080
0.4450, 0.2080
0.4450, 0.2080
0.4450, 0.2108
0.4450, 0.2108
0.4503, 0.2137
0.4503, 0.2137
0.4503, 0.2137
0.4503, 0.2137
0.4503, 0.2137
0.4503, 0.2137
0.4555, 0.2165
0.4555, 0.2165
0.4555, 0.2165
0.4555, 0.2165
0.4555, 0.2165
0.4555, 0.2194
0.4555, 0.2194
0.4555, 0.2194
0.4607, 0.2194
0.4607, 0.2194
0.4607, 0.2194
0.4607, 0.2222
0.4607, 0.2222
0.4607, 0.2222
0.4607, 0.2222
0.4607, 0.2222
0.4607, 0.2251
0.4607, 0.2251
0.4607, 0.2251
0.4607, 0.2251
0.4607, 0.2251
0.4607, 0.2251
0.4607, 0.2279
0.4607, 0.2279
0.4660, 0.2308
0.4660, 0.2308
0.4660, 0.2308
0.4660, 0.2308
0.4660, 0.2308
0.4660, 0.2308
0.4660, 0.2308
0.4660, 0.2308
0.4660, 0.2336
0.4660, 0.2336
0.4660, 0.2336
0.4712, 0.2365
0.4712, 0.2365
0.4712, 0.2365
0.4712, 0.2365
0.4712, 0.2365
0.4712, 0.2365
0.4712, 0.2365
0.4712, 0.2365
0.4712, 0.2393
0.4712, 0.2393
0.4712, 0.2422
0.4712, 0.2422
0.4712, 0.2422
0.4712, 0.2450
0.4712, 0.2450
0.4712, 0.2450
0.4764, 0.2450
0.4764, 0.2450
0.4764, 0.2450
0.4764, 0.2450
0.4764, 0.2450
0.4764, 0.2479
0.4764, 0.2479
0.4764, 0.2479
0.4817, 0.2507
0.4817, 0.2507
0.4817, 0.2507
0.4817, 0.2507
0.4817, 0.2507
0.4817, 0.2507
0.4817, 0.2507
0.4817, 0.2507
0.4869, 0.2536
0.4869, 0.2536
0.4869, 0.2536
0.4869, 0.2536
0.4869, 0.2536
0.4869, 0.2564
0.4869, 0.2564
0.4869, 0.2564
0.4869, 0.2564
0.4869, 0.2564
0.4869, 0.2564
0.4869, 0.2593
0.4869, 0.2593
0.4869, 0.2593
0.4869, 0.2593
0.4869, 0.2593
0.4921, 0.2621
0.4921, 0.2621
0.4921, 0.2621
0.4921, 0.2621
0.4921, 0.2621
0.4921, 0.2621
0.4921, 0.2650
0.4921, 0.2650
0.4974, 0.2650
0.4974, 0.2650
0.4974, 0.2650
0.4974, 0.2678
0.4974, 0.2678
0.4974, 0.2678
0.4974, 0.2678
0.4974, 0.2678
0.4974, 0.2707
0.4974, 0.2707
0.4974, 0.2707
0.5026, 0.2735
0.5026, 0.2735
0.5026, 0.2735
0.5026, 0.2735
0.5026, 0.2735
0.5079, 0.2735
0.5079, 0.2735
0.5079, 0.2764
0.5079, 0.2764
0.5079, 0.2764
0.5079, 0.2764
0.5079, 0.2792
0.5079, 0.2792
0.5079, 0.2792
0.5079, 0.2792
0.5079, 0.2792
0.5131, 0.2821
0.5131, 0.2821
0.5131, 0.2821
0.5131, 0.2821
0.5183, 0.2849
0.5183, 0.2849
0.5183, 0.2877
0.5183, 0.2877
0.5236, 0.2877
0.5236, 0.2877
0.5236, 0.2877
0.5236, 0.2877
0.5236, 0.2877
0.5236, 0.2906
0.5236, 0.2906
0.5236, 0.2906
0.5236, 0.2906
0.5236, 0.2934
0.5236, 0.2934
0.5288, 0.2934
0.5288, 0.2934
0.5288, 0.2934
0.5288, 0.2934
0.5340, 0.2934
0.5340, 0.2934
0.5340, 0.2934
0.5340, 0.2963
0.5340, 0.2963
0.5340, 0.2963
0.5340, 0.2963
0.5340, 0.2991
0.5340, 0.2991
0.5340, 0.2991
0.5340, 0.2991
0.5393, 0.2991
0.5393, 0.2991
0.5393, 0.2991
0.5445, 0.3020
0.5445, 0.3048
0.5445, 0.3048
0.5497, 0.3077
0.5497, 0.3077
0.5497, 0.3077
0.5497, 0.3077
0.5497, 0.3077
0.5497, 0.3077
0.5497, 0.3077
0.5497, 0.3077
0.5497, 0.3077
0.5497, 0.3077
0.5497, 0.3105
0.5497, 0.3105
0.5550, 0.3134
0.5550, 0.3134
0.5550, 0.3134
0.5550, 0.3134
0.5602, 0.3134
0.5602, 0.3134
0.5602, 0.3162
0.5602, 0.3162
0.5602, 0.3191
0.5602, 0.3191
0.5654, 0.3191
0.5654, 0.3191
0.5654, 0.3191
0.5654, 0.3219
0.5654, 0.3219
0.5654, 0.3219
0.5654, 0.3219
0.5707, 0.3219
0.5707, 0.3219
0.5707, 0.3248
0.5707, 0.3248
0.5759, 0.3248
0.5759, 0.3248
0.5759, 0.3248
0.5759, 0.3248
0.5759, 0.3276
0.5759, 0.3276
0.5759, 0.3276
0.5759, 0.3276
0.5759, 0.3276
0.5759, 0.3276
0.5759, 0.3276
0.5812, 0.3305
0.5812, 0.3305
0.5812, 0.3305
0.5812, 0.3305
0.5864, 0.3333
0.5864, 0.3333
0.5864, 0.3333
0.5864, 0.3333
0.5864, 0.3333
0.5864, 0.3362
0.5864, 0.3362
0.5864, 0.3362
0.5864, 0.3362
0.5916, 0.3362
0.5916, 0.3362
0.5916, 0.3362
0.5916, 0.3362
0.5916, 0.3390
0.5916, 0.3390
0.5969, 0.3390
0.5969, 0.3390
0.5969, 0.3390
0.5969, 0.3419
0.5969, 0.3419
0.5969, 0.3419
0.5969, 0.3419
0.6021, 0.3419
0.6021, 0.3419
0.6021, 0.3419
0.6021, 0.3419
0.6021, 0.3419
0.6021, 0.3419
0.6021, 0.3419
0.6021, 0.3447
0.6021, 0.3447
0.6021, 0.3447
0.6021, 0.3447
0.6073, 0.3476
0.6073, 0.3476
0.6073, 0.3476
0.6073, 0.3476
0.6126, 0.3504
0.6126, 0.3504
0.6126, 0.3504
0.6126, 0.3504
0.6126, 0.3504
0.6126, 0.3504
0.6126, 0.3504
0.6178, 0.3533
0.6178, 0.3533
0.6178, 0.3533
0.6178, 0.3533
0.6230, 0.3561
0.6230, 0.3561
0.6230, 0.3561
0.6283, 0.3561
0.6283, 0.3561
0.6283, 0.3561
0.6283, 0.3561
0.6283, 0.3561
0.6283, 0.3561
0.6335, 0.3590
0.6335, 0.3590
0.6335, 0.3618
0.6335, 0.3618
0.6387, 0.3618
0.6387, 0.3618
0.6387, 0.3647
0.6387, 0.3647
0.6387, 0.3647
0.6387, 0.3647
0.6387, 0.3647
0.6440, 0.3647
0.6440, 0.3647
0.6492, 0.3647
0.6492, 0.3647
0.6492, 0.3675
0.6492, 0.3675
0.6545, 0.3675
0.6545, 0.3675
0.6545, 0.3704
0.6545, 0.3704
0.6545, 0.3704
0.6545, 0.3704
0.6545, 0.3704
0.6545, 0.3704
0.6545, 0.3704
0.6597, 0.3704
0.6597, 0.3704
0.6649, 0.3732
0.6649, 0.3732
0.6649, 0.3732
0.6649, 0.3732
0.6649, 0.3761
0.6649, 0.3761
0.6702, 0.3761
0.6702, 0.3761
0.6754, 0.3789
0.6754, 0.3789
0.6754, 0.3789
0.6754, 0.3789
0.6754, 0.3789
0.6754, 0.3789
0.6754, 0.3789
0.6806, 0.3789
0.6806, 0.3789
0.6806, 0.3818
0.6806, 0.3818
0.6859, 0.3818
0.6859, 0.3818
0.6911, 0.3846
0.6911, 0.3846
0.6911, 0.3846
0.6911, 0.3846
0.6911, 0.3846
0.6911, 0.3846
0.6963, 0.3846
0.6963, 0.3846
0.6963, 0.3846
0.6963, 0.3846
0.6963, 0.3846
0.7016, 0.3875
0.7016, 0.3875
0.7016, 0.3875
0.7016, 0.3875
0.7068, 0.3903
0.7068, 0.3903
0.7120, 0.3903
0.7120, 0.3903
0.7173, 0.3903
0.7173, 0.3903
0.7173, 0.3903
0.7173, 0.3903
0.7173, 0.3903
0.7173, 0.3903
0.7173, 0.3903
0.7225, 0.3932
0.7225, 0.3932
0.7277, 0.3932
0.7277, 0.3932
0.7277, 0.3932
0.7277, 0.3932
0.7277, 0.3960
0.7277, 0.3960
0.7330, 0.3960
0.7330, 0.3960
0.7382, 0.3960
0.7382, 0.3960
0.7435, 0.3989
0.7435, 0.3989
0.7435, 0.3989
0.7435, 0.3989
0.7435, 0.3989
0.7435, 0.3989
0.7435, 0.3989
0.7435, 0.3989
0.7435, 0.3989
0.7487, 0.3989
0.7487, 0.3989
0.7539, 0.3989
0.7539, 0.3989
0.7539, 0.3989
0.7539, 0.3989
0.7539, 0.3989
0.7539, 0.3989
0.7539, 0.3989
0.7592, 0.3989
0.7592, 0.3989
0.7644, 0.4017
0.7644, 0.4017
0.7696, 0.4017
0.7696, 0.4017
0.7696, 0.4017
0.7696, 0.4017
0.7749, 0.4017
0.7749, 0.4017
0.7749, 0.4017
0.7749, 0.4017
0.7801, 0.4046
0.7801, 0.4046
0.7801, 0.4046
0.7801, 0.4046
0.7853, 0.4046
0.7853, 0.4046
0.7853, 0.4046
0.7853, 0.4046
0.7853, 0.4046
0.7906, 0.4046
0.7906, 0.4046
0.7958, 0.4046
0.7958, 0.4046
0.7958, 0.4046
0.7958, 0.4046
0.7958, 0.4046
0.7958, 0.4046
0.8010, 0.4046
0.8010, 0.4046
0.8063, 0.4046
0.8063, 0.4046
0.8063, 0.4046
0.8063, 0.4046
0.8115, 0.4046
0.8115, 0.4046
0.8168, 0.4046
0.8168, 0.4046
0.8168, 0.4046
0.8168, 0.4046
0.8168, 0.4046
0.8220, 0.4046
0.8220, 0.4046
0.8220, 0.4046
0.8220, 0.4046
0.8272, 0.4046
0.8272, 0.4046
0.8272, 0.4046
0.8272, 0.4046
0.8272, 0.4046
0.8272, 0.4046
0.8325, 0.4046
0.8325, 0.4046
0.8325, 0.4046
0.8325, 0.4046
0.8325, 0.4046
0.8325, 0.4046
0.8325, 0.4046
0.8325, 0.4046
0.8325, 0.4046
0.8325, 0.4046
0.8325, 0.4046
0.8377, 0.4046
0.8377, 0.4046
0.8377, 0.4046
0.8377, 0.4046
0.8377, 0.4046
0.8429, 0.4046
0.8429, 0.4046
0.8429, 0.4046
0.8429, 0.4046
0.8429, 0.4046
0.8429, 0.4046
0.8482, 0.4046
0.8482, 0.4046
0.8534, 0.4046
0.8534, 0.4046
0.8534, 0.4046
0.8534, 0.4046
0.8534, 0.4046
0.8586, 0.4046
0.8586, 0.4046
0.8586, 0.4046
0.8586, 0.4046
0.8586, 0.4046
0.8586, 0.4046
0.8586, 0.4046
0.8586, 0.4046
0.8586, 0.4046
0.8586, 0.4046
0.8639, 0.4046
0.8639, 0.4046
0.8639, 0.4046
0.8639, 0.4046
0.8691, 0.4046
0.8691, 0.4046
0.8691, 0.4046
0.8691, 0.4046
0.8691, 0.4046
0.8691, 0.4046
0.8691, 0.4046
0.8691, 0.4017
0.8691, 0.4017
0.8743, 0.4017
0.8743, 0.4017
0.8796, 0.4017
0.8796, 0.4017
0.8796, 0.4017
0.8796, 0.4017
0.8848, 0.4017
0.8848, 0.4017
0.8848, 0.4017
0.8848, 0.4017
0.8848, 0.4017
0.8848, 0.4017
0.8901, 0.4017
0.8901, 0.4017
0.8901, 0.4017
0.8901, 0.4017
0.8901, 0.4017
0.8901, 0.4017
0.8901, 0.4017
0.8901, 0.4017
0.8901, 0.4017
0.8953, 0.4017
0.8953, 0.4017
0.8953, 0.4017
0.8953, 0.4017
0.8953, 0.3989
0.8953, 0.3989
0.8953, 0.3989
0.8953, 0.3989
0.8953, 0.3989
0.8953, 0.3989
0.8953, 0.3989
0.8953, 0.3989
0.8953, 0.3989
0.8953, 0.3989
0.8953, 0.3989
0.9005, 0.3989
0.9005, 0.3989
0.9005, 0.3960
0.9005, 0.3960
0.9005, 0.3960
0.9005, 0.3960
0.9058, 0.3960
0.9058, 0.3960
0.9058, 0.3960
0.9058, 0.3960
0.9058, 0.3960
0.9058, 0.3960
0.9058, 0.3960
0.9110, 0.3960
0.9110, 0.3960
0.9110, 0.3932
0.9110, 0.3932
0.9110, 0.3932
0.9110, 0.3932
0.9110, 0.3932
0.9110, 0.3932
0.9110, 0.3932
0.9110, 0.3932
0.9110, 0.3932
0.9110, 0.3932
0.9110, 0.3932
0.9110, 0.3932
0.9162, 0.3932
0.9162, 0.3932
0.9162, 0.3903
0.9162, 0.3903
0.9162, 0.3903
0.9162, 0.3903
0.9215, 0.3875
0.9215, 0.3875
0.9215, 0.3875
0.9215, 0.3875
0.9215, 0.3875
0.9215, 0.3875
0.9215, 0.3875
0.9215, 0.3875
0.9215, 0.3875
0.9215, 0.3875
0.9215, 0.3875
0.9267, 0.3875
0.9267, 0.3875
0.9267, 0.3846
0.9267, 0.3846
0.9319, 0.3846
0.9319, 0.3846
0.9319, 0.3818
0.9319, 0.3818
0.9372, 0.3818
0.9372, 0.3818
0.9372, 0.3818
0.9372, 0.3818
0.9372, 0.3818
0.9372, 0.3818
0.9372, 0.3789
0.9372, 0.3789
0.9372, 0.3789
0.9372, 0.3789
0.9372, 0.3789
0.9372, 0.3789
0.9372, 0.3789
0.9424, 0.3761
0.9424, 0.3761
0.9424, 0.3761
0.9424, 0.3761
0.9476, 0.3732
0.9476, 0.3732
0.9476, 0.3732
0.9476, 0.3732
0.9476, 0.3732
0.9476, 0.3732
0.9476, 0.3732
0.9476, 0.3732
0.9476, 0.3732
0.9476, 0.3732
0.9476, 0.3704
0.9476, 0.3704
0.9529, 0.3704
0.9529, 0.3704
0.9529, 0.3675
0.9529, 0.3675
0.9529, 0.3675
0.9529, 0.3675
0.9581, 0.3675
0.9581, 0.3675
0.9581, 0.3675
0.9581, 0.3675
0.9634, 0.3647
0.9634, 0.3647
0.9634, 0.3647
0.9634, 0.3647
0.9634, 0.3647
0.9634, 0.3647
0.9634, 0.3618
0.9634, 0.3618
0.9634, 0.3590
0.9634, 0.3590
0.9634, 0.3590
0.9686, 0.3561
0.9686, 0.3561
0.9686, 0.3561
0.9686, 0.3561
0.9738, 0.3533
0.9738, 0.3533
0.9738, 0.3533
0.9738, 0.3533
0.9738, 0.3533
0.9738, 0.3533
0.9738, 0.3533
0.9738, 0.3533
0.9738, 0.3533
0.9738, 0.3533
0.9738, 0.3533
0.9738, 0.3533
0.9738, 0.3533
0.9738, 0.3504
0.9738, 0.3504
0.9738, 0.3504
0.9738, 0.3504
0.9738, 0.3476
0.9738, 0.3476
0.9791, 0.3476
0.9791, 0.3476
0.9791, 0.3476
0.9791, 0.3476
0.9791, 0.3447
0.9791, 0.3447
0.9791, 0.3447
0.9791, 0.3447
0.9791, 0.3447
0.9791, 0.3447
0.9791, 0.3447
0.9791, 0.3447
0.9791, 0.3447
0.9791, 0.3447
0.9791, 0.3447
0.9843, 0.3419
0.9843, 0.3419
0.9843, 0.3419
0.9843, 0.3419
0.9843, 0.3390
0.9843, 0.3390
0.9843, 0.3390
0.9843, 0.3390
0.9843, 0.3390
0.9843, 0.3390
0.9843, 0.3390
0.9843, 0.3390
0.9843, 0.3390
0.9895, 0.3390
0.9895, 0.3362
0.9895, 0.3362
0.9895, 0.3362
0.9895, 0.3362
0.9895, 0.3362
0.9895, 0.3333
0.9895, 0.3333
0.9895, 0.3333
0.9895, 0.3333
0.9895, 0.3305
0.9895, 0.3305
0.9895, 0.3305
0.9895, 0.3305
0.9895, 0.3305
0.9895, 0.3305
0.9895, 0.3305
0.9895, 0.3305
0.9895, 0.3276
0.9895, 0.3276
0.9895, 0.3276
0.9895, 0.3276
0.9895, 0.3248
0.9895, 0.3248
0.9895, 0.3248
0.9895, 0.3248
0.9895, 0.3248
0.9895, 0.3248
0.9895, 0.3248
0.9895, 0.3248
0.9895, 0.3219
0.9895, 0.3219
0.9895, 0.3219
0.9895, 0.3219
0.9895, 0.3191
0.9895, 0.3191
0.9895, 0.3191
0.9895, 0.3191
0.9895, 0.3191
0.9895, 0.3191
0.9895, 0.3191
0.9895, 0.3162
0.9895, 0.3162
0.9895, 0.3162
0.9895, 0.3162
0.9895, 0.3162
0.9895, 0.3162
0.9895, 0.3162
0.9895, 0.3162
0.9895, 0.3134
0.9895, 0.3134
0.9895, 0.3134
0.9895, 0.3134
0.9895, 0.3105
0.9895, 0.3105
0.9895, 0.3105
0.9895, 0.3105
0.9895, 0.3105
0.9895, 0.3105
0.9895, 0.3077
0.9895, 0.3077
0.9895, 0.3077
0.9895, 0.3077
0.9895, 0.3048
0.9895, 0.3048
0.9895, 0.3048
0.9895, 0.3048
0.9895, 0.3020
0.9895, 0.3020
0.9895, 0.3020
0.9895, 0.3020
0.9895, 0.3020
0.9895, 0.3020
0.9895, 0.3020
0.9895, 0.3020
0.9895, 0.2991
0.9895, 0.2991
0.9895, 0.2991
0.9895, 0.2991
0.9895, 0.2963
0.9895, 0.2963
0.9895, 0.2963
0.9895, 0.2963
0.9895, 0.2963
0.9895, 0.2963
0.9895, 0.2963
0.9895, 0.2963
0.9895, 0.2963
0.9895, 0.2934
0.9895, 0.2934
0.9895, 0.2934
0.9895, 0.2934
0.9895, 0.2906
0.9895, 0.2906
0.9895, 0.2906
0.9895, 0.2906
0.9895, 0.2906
0.9895, 0.2906
0.9895, 0.2906
0.9895, 0.2906
0.9895, 0.2877
0.9895, 0.2877
0.9895, 0.2877
0.9895, 0.2877
0.9895, 0.2877
0.9895, 0.2877
0.9895, 0.2877
0.9843, 0.2849
0.9843, 0.2849
0.9843, 0.2849
0.9843, 0.2849
0.9843, 0.2821
0.9843, 0.2821
0.9843, 0.2821
0.9843, 0.2821
0.9843, 0.2821
0.9843, 0.2821
0.9843, 0.2821
0.9843, 0.2821
0.9843, 0.2792
0.9843, 0.2792
0.9791, 0.2792
0.9791, 0.2792
0.9791, 0.2764
0.9791, 0.2764
0.9791, 0.2764
0.9791, 0.2764
0.9791, 0.2764
0.9791, 0.2764
0.9791, 0.2764
0.9791, 0.2764
0.9791, 0.2735
0.9791, 0.2735
0.9791, 0.2735
0.9791, 0.2735
0.9791, 0.2707
0.9791, 0.2707
0.9791, 0.2707
0.9791, 0.2707
0.9738, 0.2707
0.9738, 0.2707
0.9738, 0.2678
0.9738, 0.2678
0.9738, 0.2678
0.9738, 0.2678
0.9738, 0.2678
0.9738, 0.2678
0.9738, 0.2678
0.9686, 0.2678
0.9686, 0.2678
0.9686, 0.2650
0.9686, 0.2650
0.9686, 0.2650
0.9686, 0.2650
0.9686, 0.2650
0.9686, 0.2650
0.9686, 0.2621
0.9686, 0.2621
0.9686, 0.2621
0.9686, 0.2621
0.9634, 0.2621
0.9634, 0.2621
0.9634, 0.2621
0.9634, 0.2621
0.9634, 0.2621
0.9634, 0.2621
0.9581, 0.2621
0.9581, 0.2621
0.9581, 0.2593
0.9581, 0.2593
0.9581, 0.2593
0.9581, 0.2593
0.9529, 0.2593
0.9529, 0.2593
0.9529, 0.2564
0.9529, 0.2564
0.9529, 0.2564
0.9529, 0.2564
0.9529, 0.2536
0.9529, 0.2536
0.9476, 0.2536
0.9476, 0.2536
0.9476, 0.2536
0.9476, 0.2536
0.9476, 0.2536
0.9476, 0.2536
0.9424, 0.2536
0.9424, 0.2536
0.9424, 0.2536
0.9424, 0.2536
0.9424, 0.2536
0.9424, 0.2536
0.9424, 0.2536
0.9424, 0.2536
0.9424, 0.2507
0.9424, 0.2507
0.9424, 0.2507
0.9424, 0.2507
0.9424, 0.2507
0.9424, 0.2507
0.9372, 0.2507
0.9372, 0.2479
0.9372, 0.2479
0.9372, 0.2479
0.9372, 0.2479
0.9372, 0.2479
0.9319, 0.2479
0.9319, 0.2479
0.9319, 0.2479
0.9319, 0.2479
0.9319, 0.2479
0.9319, 0.2479
0.9267, 0.2479
0.9267, 0.2479
0.9267, 0.2479
0.9267, 0.2479
0.9267, 0.2479
0.9267, 0.2479
0.9267, 0.2479
0.9267, 0.2479
0.9267, 0.2450
0.9267, 0.2450
0.9267, 0.2450
0.9267, 0.2450
0.9215, 0.2450
0.9215, 0.2450
0.9215, 0.2450
0.9215, 0.2450
0.9215, 0.2450
0.9215, 0.2450
0.9162, 0.2422
0.9162, 0.2422
0.9162, 0.2422
0.9162, 0.2422
0.9162, 0.2422
0.9162, 0.2422
0.9110, 0.2422
0.9110, 0.2422
0.9110, 0.2393
0.9110, 0.2393
0.9058, 0.2393
0.9058, 0.2393
0.9058, 0.2393
0.9058, 0.2393
0.9058, 0.2393
0.9058, 0.2393
0.9005, 0.2393
0.9005, 0.2393
0.9005, 0.2393
0.9005, 0.2393
0.9005, 0.2393
0.9005, 0.2393
0.9005, 0.2393
0.9005, 0.2393
0.9005, 0.2393
0.9005, 0.2393
0.9005, 0.2393
0.9005, 0.2393
0.9005, 0.2393
0.8953, 0.2393
0.8953, 0.2393
0.8953, 0.2365
0.8953, 0.2365
0.8901, 0.2365
0.8901, 0.2365
0.8901, 0.2365
0.8901, 0.2365
0.8901, 0.2365
0.8901, 0.2365
0.8901, 0.2336
0.8901, 0.2336
0.8901, 0.2336
0.8901, 0.2336
0.8848, 0.2336
0.8848, 0.2336
0.8848, 0.2336
0.8848, 0.2336
0.8796, 0.2336
0.8796, 0.2336
0.8796, 0.2336
0.8796, 0.2336
0.8743, 0.2336
0.8743, 0.2336
0.8743, 0.2336
0.8743, 0.2336
0.8743, 0.2336
0.8743, 0.2336
0.8743, 0.2336
0.8743, 0.2336
0.8743, 0.2336
0.8743, 0.2336
0.8691, 0.2336
0.8691, 0.2336
0.8691, 0.2336
0.8691, 0.2336
0.8639, 0.2336
0.8639, 0.2336
0.8639, 0.2336
0.8639, 0.2336
0.8639, 0.2336
0.8639, 0.2336
0.8639, 0.2308
0.8639, 0.2308
0.8586, 0.2308
0.8586, 0.2308
0.8586, 0.2308
0.8586, 0.2308
0.8534, 0.2308
0.8534, 0.2308
0.8534, 0.2308
0.8534, 0.2308
0.8482, 0.2308
0.8482, 0.2308
0.8482, 0.2308
0.8482, 0.2308
0.8482, 0.2308
0.8482, 0.2308
0.8482, 0.2308
0.8482, 0.2308
0.8429, 0.2308
0.8377, 0.2308
0.8377, 0.2308
0.8377, 0.2308
0.8377, 0.2308
0.8325, 0.2308
0.8325, 0.2308
0.8325, 0.2308
0.8325, 0.2308
0.8272, 0.2308
0.8272, 0.2308
0.8272, 0.2308
0.8272, 0.2308
0.8220, 0.2308
0.8220, 0.2308
0.8220, 0.2308
0.8220, 0.2308
0.8168, 0.2308
0.8168, 0.2308
0.8115, 0.2308
0.8115, 0.2308
0.8115, 0.2308
0.8115, 0.2308
0.8063, 0.2308
0.8063, 0.2308
0.8063, 0.2308
0.8063, 0.2308
0.8010, 0.2308
0.8010, 0.2308
0.8010, 0.2308
0.8010, 0.2308
0.8010, 0.2308
0.8010, 0.2308
0.7958, 0.2308
0.7958, 0.2308
0.7906, 0.2308
0.7906, 0.2308
0.7853, 0.2308
0.7853, 0.2308
0.7853, 0.2308
0.7853, 0.2308
0.7853, 0.2308
0.7853, 0.2308
0.7801, 0.2308
0.7801, 0.2308
0.7749, 0.2308
0.7749, 0.2308
0.7749, 0.2308
0.7749, 0.2308
0.7749, 0.2308
0.7749, 0.2308
0.7696, 0.2308
0.7696, 0.2308
0.7644, 0.2308
0.7592, 0.2308
0.7592, 0.2308
0.7592, 0.2308
0.7592, 0.2308
0.7592, 0.2308
0.7592, 0.2308
0.7539, 0.2308
0.7539, 0.2308
0.7487, 0.2308
0.7487, 0.2308
0.7487, 0.2308
0.7487, 0.2308
0.7487, 0.2308
0.7487, 0.2308
0.7435, 0.2308
0.7435, 0.2308
0.7382, 0.2308
0.7382, 0.2308
0.7382, 0.2308
0.7382, 0.2308
0.7330, 0.2308
0.7330, 0.2308
0.7330, 0.2308
0.7330, 0.2308
0.7277, 0.2308
0.7277, 0.2308
0.7277, 0.2308
0.7277, 0.2308
0.7277, 0.2308
0.7277, 0.2308
0.7277, 0.2308
0.7277, 0.2308
0.7277, 0.2308
0.7277, 0.2308
0.7277, 0.2308
0.7277, 0.2308
0.7277, 0.2308
0.7277, 0.2308
0.7277, 0.2308
0.7277, 0.2308
0.7277, 0.2308
0.7277, 0.2308
0.7277, 0.2308
0.7277, 0.2308
0.7277, 0.2308
0.7277, 0.2308
0.7277, 0.2308
0.7277, 0.2308
0.7277, 0.2308
0.7277, 0.2308
0.7277, 0.2308
0.7277, 0.2308
0.7277, 0.2308
0.7277, 0.2308
0.7277, 0.2308
0.7277, 0.2308
0.7277, 0.2308
0.7277, 0.2308
0.7277, 0.2308
0.7277, 0.2308
0.7277, 0.2308
0.7277, 0.2308
0.7277, 0.2308
0.7277, 0.2308
0.7277, 0.2308
0.7277, 0.2308
0.7277, 0.2308
0.7277, 0.2308
0.7277, 0.2308
0.7277, 0.2308
0.7277, 0.2308
0.7277, 0.2308
0.7277, 0.2308
0.7277, 0.2308
0.7277, 0.2308
0.7277, 0.2308
0.7277, 0.2308
0.7277, 0.2279
0.7277, 0.2279
0.7277, 0.2279
0.7277, 0.2279
0.7277, 0.2279
0.7277, 0.2279
0.7277, 0.2279
0.7277, 0.2279
0.7277, 0.2279
0.7277, 0.2279
0.7277, 0.2279
0.7277, 0.2279
0.7277, 0.2251
0.7277, 0.2251
0.7277, 0.2251
0.7277, 0.2251
0.7277, 0.2251
0.7277, 0.2251
0.7277, 0.2251
0.7277, 0.2251
0.7330, 0.2251
0.7330, 0.2251
0.7330, 0.2251
0.7330, 0.2251
0.7382, 0.2251
0.7382, 0.2251
0.7382, 0.2251
0.7382, 0.2251
0.7435, 0.2251
0.7435, 0.2251
0.7435, 0.2251
0.7435, 0.2251
0.7435, 0.2251
0.7487, 0.2251
0.7487, 0.2251
0.7539, 0.2222
0.7539, 0.2222
0.7539, 0.2222
0.7539, 0.2222
0.7539, 0.2222
0.7539, 0.2222
0.7539, 0.2222
0.7539, 0.2222
0.7592, 0.2222
0.7592, 0.2222
0.7592, 0.2222
0.7592, 0.2222
0.7644, 0.2194
0.7644, 0.2194
0.7696, 0.2194
0.7696, 0.2194
0.7696, 0.2194
0.7696, 0.2194
0.7696, 0.2194
0.7696, 0.2194
0.7696, 0.2194
0.7749, 0.2194
0.7749, 0.2194
0.7749, 0.2194
0.7749, 0.2194
0.7801, 0.2194
0.7801, 0.2194
0.7801, 0.2194
0.7801, 0.2194
0.7801, 0.2194
0.7801, 0.2194
0.7801, 0.2194
0.7801, 0.2194
0.7801, 0.2194
0.7801, 0.2194
0.7853, 0.2194
0.7853, 0.2194
0.7853, 0.2194
0.7853, 0.2194
0.7906, 0.2194
0.7906, 0.2194
0.7906, 0.2194
0.7906, 0.2194
0.7906, 0.2194
0.7906, 0.2194
0.7958, 0.2194
0.7958, 0.2194
0.7958, 0.2194
0.7958, 0.2194
0.7958, 0.2194
0.7958, 0.2194
0.7958, 0.2194
0.7958, 0.2194
0.7958, 0.2194
0.7958, 0.2194
0.8010, 0.2194
0.8010, 0.2194
0.8010, 0.2194
0.8063, 0.2194
0.8063, 0.2194
0.8063, 0.2194
0.8063, 0.2194
0.8063, 0.2194
0.8063, 0.2194
0.8063, 0.2194
0.8063, 0.2194
0.8063, 0.2165
0.8063, 0.2165
0.8063, 0.2165
0.8063, 0.2165
0.8115, 0.2165
0.8115, 0.2165
0.8115, 0.2165
0.8115, 0.2165
0.8168, 0.2165
0.8168, 0.2165
0.8168, 0.2165
0.8168, 0.2165
0.8220, 0.2165
0.8220, 0.2165
0.8220, 0.2165
0.8220, 0.2165
0.8220, 0.2165
0.8220, 0.2165
0.8220, 0.2165
0.8220, 0.2165
0.8220, 0.2165
0.8220, 0.2165
0.8272, 0.2165
0.8272, 0.2165
0.8272, 0.2165
0.8272, 0.2165
0.8272, 0.2165
0.8272, 0.2165
0.8272, 0.2165
0.8272, 0.2165
0.8272, 0.2165
0.8325, 0.2165
0.8325, 0.2165
0.8325, 0.2165
0.8325, 0.2165
0.8325, 0.2165
0.8325, 0.2165
0.8325, 0.2165
0.8325, 0.2165
0.8325, 0.2165
0.8325, 0.2165
0.8377, 0.2137
0.8377, 0.2137
0.8377, 0.2137
0.8377, 0.2137
0.8377, 0.2137
0.8377, 0.2137
0.8429, 0.2137
0.8429, 0.2137
0.8429, 0.2137
0.8429, 0.2137
0.8429, 0.2137
0.8429, 0.2137
0.8482, 0.2137
0.8482, 0.2137
0.8482, 0.2137
0.8482, 0.2137
0.8482, 0.2137
0.8482, 0.2137
0.8534, 0.2137
0.8534, 0.2137
0.8534, 0.2108
0.8534, 0.2108
0.8534, 0.2108
0.8534, 0.2108
0.8586, 0.2108
0.8586, 0.2108
0.8586, 0.2108
0.8586, 0.2108
0.8586, 0.2108
0.8586, 0.2108
0.8586, 0.2108
0.8639, 0.2108
0.8639, 0.2108
0.8691, 0.2108
0.8691, 0.2108
0.8691, 0.2108
0.8691, 0.2108
0.8691, 0.2108
0.8691, 0.2108
0.8691, 0.2108
0.8691, 0.2108
0.8743, 0.2080
0.8743, 0.2080
0.8743, 0.2080
0.8743, 0.2080
0.8743, 0.2080
0.8743, 0.2080
0.8796, 0.2080
0.8796, 0.2080
0.8796, 0.2080
0.8796, 0.2080
0.8848, 0.2080
0.8848, 0.2080
0.8848, 0.2051
0.8848, 0.2051
0.8848, 0.2051
0.8848, 0.2051
0.8848, 0.2051
0.8848, 0.2051
0.8848, 0.2051
0.8901, 0.2051
0.8901, 0.2051
0.8901, 0.2051
0.8901, 0.2051
0.8901, 0.2051
0.8901, 0.2051
0.8953, 0.2051
0.8953, 0.2051
0.8953, 0.2051
0.8953, 0.2051
0.8953, 0.2023
0.8953, 0.2023
0.9005, 0.2023
0.9005, 0.2023
0.9005, 0.2023
0.9005, 0.2023
0.9058, 0.2023
0.9110, 0.1994
0.9110, 0.1994
0.9110, 0.1994
0.9110, 0.1994
0.9110, 0.1994
0.9110, 0.1994
0.9110, 0.1994
0.9110, 0.1994
0.9162, 0.1994
0.9162, 0.1994
0.9162, 0.1994
0.9162, 0.1994
0.9162, 0.1994
0.9162, 0.1994
0.9215, 0.1994
0.9215, 0.1994
0.9215, 0.1994
0.9215, 0.1994
0.9215, 0.1994
0.9215, 0.1994
0.9215, 0.1994
0.9215, 0.1966
0.9215, 0.1966
0.9215, 0.1966
0.9215, 0.1966
0.9267, 0.1966
0.9267, 0.1966
0.9319, 0.1937
0.9319, 0.1937
0.9372, 0.1937
0.9372, 0.1937
0.9372, 0.1937
0.9372, 0.1909
0.9372, 0.1909
0.9424, 0.1909
0.9424, 0.1909
0.9476, 0.1909
0.9476, 0.1909
0.9476, 0.1909
0.9476, 0.1909
0.9476, 0.1909
0.9476, 0.1909
0.9476, 0.1880
0.9476, 0.1880
0.9476, 0.1880
0.9476, 0.1852
0.9476, 0.1852
0.9529, 0.1852
0.9529, 0.1852
0.9529, 0.1852
0.9529, 0.1852
0.9581, 0.1852
0.9581, 0.1852
0.9581, 0.1823
0.9634, 0.1823
0.9634, 0.1823
0.9634, 0.1795
0.9634, 0.1795
0.9634, 0.1795
0.9634, 0.1795
0.9634, 0.1766
0.9634, 0.1766
0.9634, 0.1766
0.9634, 0.1766
0.9686, 0.1766
0.9686, 0.1766
0.9686, 0.1766
0.9686, 0.1766
0.9686, 0.1738
0.9686, 0.1738
0.9686, 0.1738
0.9686, 0.1709
0.9686, 0.1709
0.9738, 0.1709
0.9738, 0.1709
0.9738, 0.1709
0.9738, 0.1709
0.9738, 0.1681
0.9738, 0.1681
0.9738, 0.1652
0.9738, 0.1624
0.9738, 0.1624
0.9738, 0.1624
0.9738, 0.1624
0.9791, 0.1624
0.9791, 0.1624
0.9791, 0.1595
0.9791, 0.1595
0.9791, 0.1595
0.9791, 0.1595
0.9791, 0.1567
0.9791, 0.1567
0.9843, 0.1567
0.9843, 0.1567
0.9843, 0.1567
0.9843, 0.1538
0.9843, 0.1538
0.9895, 0.1510
0.9895, 0.1510
0.9895, 0.1510
0.9895, 0.1510
0.9895, 0.1481
0.9895, 0.1481
0.9895, 0.1481
0.9895, 0.1481
0.9895, 0.1481
0.9895, 0.1481
0.9895, 0.1481
0.9895, 0.1453
0.9895, 0.1453
0.9895, 0.1425
0.9895, 0.1425
0.9895, 0.1425
0.9895, 0.1425
0.9895, 0.1425
0.9895, 0.1425
0.9895, 0.1425
0.9895, 0.1425
0.9895, 0.1425
0.9895, 0.1425
0.9895, 0.1396
0.9895, 0.1396
0.9948, 0.1368
0.9948, 0.1339
0.9948, 0.1339
0.9948, 0.1339
0.9948, 0.1339
0.9948, 0.1311
0.9948, 0.1311
0.9948, 0.1282
0.9948, 0.1282
0.9948, 0.1282
0.9948, 0.1282
0.9948, 0.1282
1.0000, 0.1254
1.0000, 0.1254
1.0000, 0.1225
1.0000, 0.1225
1.0000, 0.1225
1.0000, 0.1225
1.0000, 0.1197
1.0000, 0.1197
1.0000, 0.1197
1.0000, 0.1197
1.0000, 0.1168
1.0000, 0.1140
1.0000, 0.1140
1.0000, 0.1140
1.0000, 0.1140
1.0000, 0.1140
1.0000, 0.1140
1.0000, 0.1111
1.0000, 0.1111
1.0000, 0.1111
1.0000, 0.1111
1.0000, 0.1083
1.0000, 0.1083
1.0000, 0.1083
1.0000, 0.1083
1.0000, 0.1054
1.0000, 0.1026
1.0000, 0.1026
1.0000, 0.1026
1.0000, 0.1026
1.0000, 0.0997
1.0000, 0.0997
1.0000, 0.0997
1.0000, 0.0997
1.0000, 0.0969
1.0000, 0.0969
1.0000, 0.0969
1.0000, 0.0969
1.0000, 0.0940
1.0000, 0.0940
1.0000, 0.0940
1.0000, 0.0940
1.0000, 0.0940
1.0000, 0.0940
1.0000, 0.0940
1.0000, 0.0912
1.0000, 0.0912
1.0000, 0.0912
1.0000, 0.0912
1.0000, 0.0883
1.0000, 0.0883
1.0000, 0.0855
1.0000, 0.0855
1.0000, 0.0855
1.0000, 0.0855
1.0000, 0.0855
1.0000, 0.0826
1.0000, 0.0826
1.0000, 0.0798
1.0000, 0.0798
1.0000, 0.0798
1.0000, 0.0798
1.0000, 0.0798
1.0000, 0.0798
1.0000, 0.0798
1.0000, 0.0798
1.0000, 0.0769
1.0000, 0.0769
1.0000, 0.0769
1.0000, 0.0741
1.0000, 0.0741
1.0000, 0.0712
1.0000, 0.0712
1.0000, 0.0712
1.0000, 0.0712
1.0000, 0.0712
1.0000, 0.0712
1.0000, 0.0684
1.0000, 0.0684
1.0000, 0.0684
1.0000, 0.0655
1.0000, 0.0655
1.0000, 0.0655
1.0000, 0.0655
1.0000, 0.0655
1.0000, 0.0655
1.0000, 0.0655
1.0000, 0.0655
1.0000, 0.0627
1.0000, 0.0627
0.9948, 0.0627
0.9948, 0.0598
0.9948, 0.0598
0.9948, 0.0598
0.9948, 0.0598
0.9948, 0.0570
0.9948, 0.0570
0.9948, 0.0570
0.9948, 0.0570
0.9948, 0.0570
0.9948, 0.0570
0.9895, 0.0541
0.9895, 0.0513
0.9895, 0.0513
0.9843, 0.0513
0.9843, 0.0513
0.9791, 0.0513
0.9791, 0.0484
0.9791, 0.0484
0.9791, 0.0456
0.9791, 0.0456
0.9738, 0.0427
0.9738, 0.0427
0.9686, 0.0427
0.9686, 0.0427
0.9686, 0.0427
0.9634, 0.0399
0.9634, 0.0399
0.9634, 0.0399
0.9634, 0.0399
0.9581, 0.0399
0.9529, 0.0370
0.9529, 0.0370
0.9529, 0.0370
0.9529, 0.0370
0.9529, 0.0370
0.9529, 0.0370
0.9529, 0.0370
0.9529, 0.0370
0.9476, 0.0370
0.9476, 0.0370
0.9476, 0.0370
0.9476, 0.0370
0.9424, 0.0342
0.9424, 0.0342
0.9424, 0.0342
0.9424, 0.0342
0.9424, 0.0342
0.9372, 0.0313
0.9372, 0.0313
0.9372, 0.0313
0.9372, 0.0313
0.9319, 0.0313
0.9319, 0.0313
0.9267, 0.0285
0.9267, 0.0285
0.9267, 0.0285
0.9267, 0.0285
0.9267, 0.0285
0.9215, 0.0285
0.9215, 0.0285
0.9162, 0.0285
0.9162, 0.0285
0.9162, 0.0285
0.9162, 0.0285
0.9162, 0.0285
0.9162, 0.0285
0.9058, 0.0256
0.9005, 0.0256
0.9005, 0.0256
0.9005, 0.0256
0.9005, 0.0256
0.8953, 0.0228
0.8953, 0.0228
0.8901, 0.0228
0.8901, 0.0228
0.8848, 0.0228
0.8848, 0.0228
0.8848, 0.0228
0.8796, 0.0228
0.8796, 0.0228
0.8743, 0.0199
0.8743, 0.0199
0.8743, 0.0199
0.8743, 0.0199
0.8691, 0.0199
0.8639, 0.0199
0.8639, 0.0199
0.8586, 0.0171
0.8586, 0.0171
0.8586, 0.0171
0.8586, 0.0171
0.8586, 0.0171
0.8586, 0.0171
0.8534, 0.0171
0.8482, 0.0171
0.8482, 0.0171
0.8482, 0.0142
0.8482, 0.0142
0.8482, 0.0142
0.8482, 0.0142
0.8429, 0.0142
0.8429, 0.0142
0.8377, 0.0142
0.8377, 0.0142
0.8377, 0.0142
0.8325, 0.0142
0.8325, 0.0142
0.8325, 0.0142
0.8325, 0.0142
0.8272, 0.0114
0.8272, 0.0114
0.8220, 0.0114
0.8220, 0.0114
0.8220, 0.0114
0.8168, 0.0114
0.8168, 0.0114
0.8115, 0.0085
0.8115, 0.0085
0.8115, 0.0085
0.8115, 0.0085
0.8115, 0.0085
0.8063, 0.0085
0.8063, 0.0085
0.8010, 0.0085
0.8010, 0.0085
0.7958, 0.0085
0.7958, 0.0085
0.7958, 0.0085
0.7958, 0.0085
0.7958, 0.0085
0.7906, 0.0085
0.7906, 0.0085
0.7853, 0.0085
0.7853, 0.0085
0.7853, 0.0085
0.7853, 0.0085
0.7853, 0.0057
0.7801, 0.0057
0.7801, 0.0057
0.7749, 0.0057
0.7749, 0.0057
0.7696, 0.0057
0.7696, 0.0057
0.7696, 0.0057
0.7644, 0.0057
0.7644, 0.0057
0.7592, 0.0057
0.7592, 0.0057
0.7592, 0.0057
0.7592, 0.0057
0.7592, 0.0057
0.7592, 0.0057
0.7539, 0.0057
0.7487, 0.0057
0.7487, 0.0057
0.7435, 0.0028
0.7435, 0.0028
0.7435, 0.0028
0.7435, 0.0028
0.7382, 0.0028
0.7382, 0.0028
0.7330, 0.0028
0.7330, 0.0028
0.7330, 0.0028
0.7277, 0.0028
0.7277, 0.0028
0.7225, 0.0000
0.7225, 0.0000
0.7173, 0.0000
0.7120, 0.0000
0.7120, 0.0000
0.7068, 0.0000
0.7068, 0.0000
0.7068, 0.0000
0.7068, 0.0000
0.7068, 0.0000
0.7068, 0.0000
0.7016, 0.0000
0.6963, 0.0000
0.6963, 0.0000
0.6911, 0.0000
0.6911, 0.0000
0.6911, 0.0000
0.6911, 0.0000
0.6911, 0.0000
0.6911, 0.0000
0.6859, 0.0000
0.6806, 0.0000
0.6806, 0.0000
0.6806, 0.0000
0.6806, 0.0000
0.6754, 0.0000
0.6754, 0.0000
0.6702, 0.0000
0.6649, 0.0000
0.6649, 0.0000
0.6649, 0.0000
0.6649, 0.0000
0.6597, 0.0000
0.6597, 0.0000
0.6597, 0.0000
0.6597, 0.0000
0.6545, 0.0000
0.6545, 0.0000
0.6545, 0.0000
0.6545, 0.0000
0.6545, 0.0000
0.6545, 0.0000
0.6545, 0.0000
0.6545, 0.0000
0.6545, 0.0000
0.6492, 0.0000
0.6492, 0.0000
0.6492, 0.0000
0.6492, 0.0000
0.6440, 0.0000
0.6440, 0.0000
0.6440, 0.0000
0.6387, 0.0000
0.6387, 0.0000
0.6387, 0.0000
0.6387, 0.0000
0.6387, 0.0000
0.6387, 0.0000
0.6387, 0.0000
0.6387, 0.0000
0.6387, 0.0000
0.6387, 0.0000
0.6387, 0.0000
0.6335, 0.0000
0.6335, 0.0000
0.6335, 0.0000
0.6335, 0.0000
0.6283, 0.0000
0.6283, 0.0000
0.6283, 0.0000
0.6283, 0.0000
0.6283, 0.0028
0.6283, 0.0028
0.6283, 0.0028
0.6283, 0.0028
0.6283, 0.0028
0.6283, 0.0028
0.6283, 0.0028
0.6283, 0.0028
0.6283, 0.0028
0.6283, 0.0028
0.6283, 0.0028
0.6283, 0.0028
0.6283, 0.0028
0.6283, 0.0028
0.6283, 0.0028
0.6283, 0.0028
0.6283, 0.0028
0.6283, 0.0028
0.6283, 0.0028
0.6283, 0.0028
0.6283, 0.0028
0.6283, 0.0028
0.6283, 0.0028
0.6283, 0.0028
0.6283, 0.0028
0.6283, 0.0028
0.6283, 0.0028
0.6283, 0.0028
0.6283, 0.0028
0.6283, 0.0028
0.6283, 0.0028
0.6283, 0.0028
0.6283, 0.0028
0.6283, 0.0028
0.0105, 1.0000
0.0105, 1.0000
0.0105, 1.0000
0.0105, 1.0000
0.0105, 1.0000
0.0105, 1.0000
0.0105, 1.0000
0.0105, 1.0000
0.0105, 1.0000
0.0105, 1.0000
0.0105, 1.0000
0.0105, 1.0000
0.0105, 1.0000
0.0105, 1.0000
0.0105, 1.0000
0.0105, 1.0000
0.0105, 1.0000
0.0105, 1.0000
0.0105, 1.0000
0.0105, 1.0000
0.0105, 1.0000
0.0105, 1.0000
0.0105, 1.0000
0.0105, 1.0000
0.0105, 1.0000
0.0105, 1.0000
0.0105, 1.0000
0.0105, 1.0000
0.0105, 1.0000
0.0105, 1.0000
0.0105, 1.0000
0.0105, 1.0000
0.0105, 1.0000
0.0105, 1.0000
0.0105, 1.0000
0.0105, 1.0000
0.0105, 1.0000
0.0105, 1.0000
0.0105, 1.0000
0.0105, 1.0000
0.0105, 1.0000
0.0105, 1.0000
0.0105, 1.0000
0.0105, 1.0000
