0.0588, 0.4046
0.0588, 0.4046
0.0588, 0.4046
0.0588, 0.4046
0.0588, 0.4046
0.0588, 0.4046
0.0588, 0.4046
0.0588, 0.4046
0.0588, 0.4046
0.0588, 0.4046
0.0588, 0.4046
0.0588, 0.4046
0.0588, 0.4046
0.0588, 0.4046
0.0588, 0.4046
0.0588, 0.4046
0.0588, 0.4046
0.0588, 0.4046
0.0588, 0.4046
0.0588, 0.4046
0.0588, 0.4046
0.0588, 0.4046
0.0588, 0.4046
0.0588, 0.4046
0.0588, 0.4046
0.0588, 0.4046
0.0588, 0.4046
0.0588, 0.4046
0.0588, 0.4046
0.0588, 0.4046
0.0588, 0.4046
0.0588, 0.4046
0.0588, 0.4046
0.0588, 0.4046
0.0588, 0.4046
0.0588, 0.4046
0.0588, 0.4046
0.0588, 0.4046
0.0588, 0.4046
0.0588, 0.4046
0.0588, 0.4046
0.0588, 0.4046
0.0588, 0.4046
0.0588, 0.4046
0.0588, 0.4046
0.0588, 0.4046
0.0588, 0.4046
0.0588, 0.4046
0.0588, 0.4046
0.0588, 0.4046
0.0588, 0.4046
0.0588, 0.4046
0.0588, 0.4046
0.0588, 0.4046
0.0588, 0.4046
0.0588, 0.4046
0.0588, 0.4046
0.0588, 0.4046
0.0588, 0.4046
0.0588, 0.4046
0.0637, 0.4046
0.0637, 0.4046
0.0637, 0.4046
0.0637, 0.4046
0.0637, 0.4046
0.0637, 0.4046
0.0637, 0.4046
0.0637, 0.4046
0.0637, 0.4046
0.0686, 0.4046
0.0686, 0.4046
0.0686, 0.4046
0.0686, 0.4046
0.0735, 0.4046
0.0735, 0.4046
0.0735, 0.4046
0.0735, 0.4046
0.0784, 0.4046
0.0784, 0.4046
0.0784, 0.4046
0.0784, 0.4046
0.0882, 0.4046
0.0882, 0.4046
0.0882, 0.4046
0.0882, 0.4046
0.0882, 0.4046
0.0931, 0.4046
0.0931, 0.4046
0.0931, 0.4046
0.0931, 0.4046
0.0980, 0.4046
0.0980, 0.4046
0.1029, 0.4046
0.1029, 0.4046
0.1029, 0.4046
0.1078, 0.4046
0.1127, 0.4046
0.1176, 0.4046
0.1225, 0.4046
0.1225, 0.4046
0.1225, 0.4046
0.1225, 0.4046
0.1275, 0.4046
0.1275, 0.4046
0.1275, 0.4046
0.1275, 0.4046
0.1275, 0.4046
0.1275, 0.4046
0.1275, 0.4046
0.1275, 0.4046
0.1324, 0.4046
0.1324, 0.4046
0.1324, 0.4046
0.1324, 0.4046
0.1373, 0.4046
0.1373, 0.4046
0.1373, 0.4046
0.1373, 0.4046
0.1422, 0.4046
0.1422, 0.4046
0.1422, 0.4046
0.1422, 0.4046
0.1422, 0.4046
0.1422, 0.4046
0.1422, 0.4046
0.1422, 0.4046
0.1422, 0.4046
0.1422, 0.4046
0.1422, 0.4046
0.1422, 0.4046
0.1422, 0.4046
0.1471, 0.4046
0.1471, 0.4046
0.1471, 0.4046
0.1471, 0.4046
0.1520, 0.4046
0.1520, 0.4046
0.1520, 0.4046
0.1520, 0.4046
0.1520, 0.4046
0.1520, 0.4046
0.1520, 0.4046
0.1520, 0.4046
0.1569, 0.4046
0.1569, 0.4046
0.1569, 0.4046
0.1569, 0.4046
0.1618, 0.4046
0.1618, 0.4046
0.1618, 0.4046
0.1618, 0.4046
0.1667, 0.4046
0.1667, 0.4046
0.1667, 0.4046
0.1667, 0.4046
0.1667, 0.4046
0.1667, 0.4046
0.1667, 0.4046
0.1667, 0.4046
0.1667, 0.4046
0.1667, 0.4046
0.1667, 0.4046
0.1667, 0.4046
0.1667, 0.4046
0.1667, 0.4046
0.1716, 0.4046
0.1716, 0.4046
0.1716, 0.4046
0.1716, 0.4046
0.1765, 0.4046
0.1765, 0.4046
0.1765, 0.4046
0.1765, 0.4046
0.1765, 0.4046
0.1765, 0.4046
0.1765, 0.4046
0.1765, 0.4046
0.1765, 0.4017
0.1765, 0.4017
0.1765, 0.4017
0.1765, 0.4017
0.1765, 0.4017
0.1765, 0.4017
0.1765, 0.4017
0.1765, 0.4017
0.1814, 0.4017
0.1814, 0.4017
0.1814, 0.4017
0.1814, 0.4017
0.1863, 0.4017
0.1863, 0.4017
0.1863, 0.4017
0.1863, 0.4017
0.1912, 0.4017
0.1912, 0.4017
0.1912, 0.4017
0.1912, 0.4017
0.1912, 0.4017
0.1912, 0.4017
0.1912, 0.4017
0.1912, 0.4017
0.1912, 0.4017
0.1912, 0.4017
0.1912, 0.4017
0.1912, 0.4017
0.1912, 0.4017
0.1961, 0.4017
0.1961, 0.4017
0.1961, 0.4017
0.1961, 0.4017
0.1961, 0.4017
0.1961, 0.4017
0.1961, 0.4017
0.1961, 0.4017
0.2010, 0.4017
0.2010, 0.4017
0.2010, 0.4017
0.2010, 0.4017
0.2010, 0.4017
0.2010, 0.4017
0.2010, 0.4017
0.2010, 0.4017
0.2010, 0.4017
0.2010, 0.4017
0.2010, 0.4017
0.2010, 0.4017
0.2010, 0.4017
0.2010, 0.4017
0.2059, 0.4017
0.2059, 0.4017
0.2059, 0.4017
0.2059, 0.4017
0.2108, 0.4017
0.2108, 0.4017
0.2108, 0.4017
0.2108, 0.4017
0.2157, 0.3989
0.2157, 0.3989
0.2157, 0.3989
0.2157, 0.3989
0.2157, 0.3989
0.2157, 0.3989
0.2157, 0.3989
0.2157, 0.3989
0.2157, 0.3989
0.2157, 0.3989
0.2157, 0.3989
0.2157, 0.3989
0.2206, 0.3989
0.2206, 0.3989
0.2206, 0.3989
0.2206, 0.3989
0.2255, 0.3989
0.2255, 0.3989
0.2255, 0.3989
0.2255, 0.3989
0.2255, 0.3989
0.2255, 0.3989
0.2255, 0.3989
0.2255, 0.3989
0.2255, 0.3989
0.2255, 0.3989
0.2255, 0.3989
0.2255, 0.3989
0.2255, 0.3989
0.2255, 0.3960
0.2255, 0.3960
0.2255, 0.3960
0.2255, 0.3960
0.2255, 0.3960
0.2255, 0.3960
0.2255, 0.3960
0.2255, 0.3960
0.2304, 0.3960
0.2304, 0.3960
0.2304, 0.3960
0.2304, 0.3960
0.2304, 0.3960
0.2304, 0.3960
0.2304, 0.3960
0.2304, 0.3960
0.2304, 0.3960
0.2304, 0.3960
0.2304, 0.3960
0.2304, 0.3960
0.2304, 0.3960
0.2304, 0.3960
0.2304, 0.3960
0.2304, 0.3960
0.2304, 0.3960
0.2353, 0.3960
0.2353, 0.3960
0.2353, 0.3960
0.2353, 0.3960
0.2353, 0.3960
0.2353, 0.3960
0.2353, 0.3960
0.2353, 0.3960
0.2402, 0.3960
0.2402, 0.3960
0.2402, 0.3960
0.2402, 0.3960
0.2402, 0.3932
0.2402, 0.3932
0.2402, 0.3932
0.2402, 0.3932
0.2402, 0.3932
0.2402, 0.3932
0.2402, 0.3932
0.2402, 0.3932
0.2402, 0.3932
0.2402, 0.3932
0.2402, 0.3932
0.2402, 0.3932
0.2402, 0.3903
0.2402, 0.3903
0.2402, 0.3903
0.2402, 0.3903
0.2402, 0.3903
0.2402, 0.3903
0.2402, 0.3903
0.2402, 0.3903
0.2402, 0.3903
0.2451, 0.3903
0.2451, 0.3903
0.2451, 0.3903
0.2451, 0.3903
0.2451, 0.3875
0.2451, 0.3875
0.2451, 0.3875
0.2451, 0.3875
0.2451, 0.3875
0.2451, 0.3875
0.2451, 0.3875
0.2451, 0.3875
0.2451, 0.3875
0.2451, 0.3875
0.2451, 0.3875
0.2451, 0.3875
0.2451, 0.3875
0.2451, 0.3875
0.2451, 0.3875
0.2451, 0.3875
0.2451, 0.3875
0.2500, 0.3846
0.2500, 0.3846
0.2500, 0.3846
0.2500, 0.3818
0.2500, 0.3818
0.2500, 0.3818
0.2500, 0.3818
0.2500, 0.3818
0.2500, 0.3818
0.2500, 0.3818
0.2500, 0.3818
0.2500, 0.3818
0.2500, 0.3818
0.2500, 0.3818
0.2500, 0.3818
0.2500, 0.3818
0.2500, 0.3789
0.2500, 0.3789
0.2500, 0.3789
0.2500, 0.3789
0.2500, 0.3761
0.2500, 0.3761
0.2500, 0.3761
0.2500, 0.3761
0.2500, 0.3732
0.2500, 0.3732
0.2500, 0.3732
0.2549, 0.3732
0.2549, 0.3732
0.2549, 0.3732
0.2549, 0.3732
0.2549, 0.3732
0.2549, 0.3732
0.2549, 0.3732
0.2549, 0.3732
0.2549, 0.3732
0.2549, 0.3704
0.2549, 0.3704
0.2549, 0.3704
0.2549, 0.3704
0.2549, 0.3675
0.2549, 0.3675
0.2549, 0.3675
0.2549, 0.3675
0.2549, 0.3675
0.2549, 0.3675
0.2549, 0.3675
0.2549, 0.3675
0.2598, 0.3618
0.2598, 0.3618
0.2598, 0.3618
0.2598, 0.3590
0.2598, 0.3590
0.2598, 0.3590
0.2598, 0.3590
0.2598, 0.3590
0.2598, 0.3590
0.2598, 0.3590
0.2598, 0.3590
0.2598, 0.3561
0.2598, 0.3561
0.2598, 0.3561
0.2598, 0.3561
0.2598, 0.3533
0.2598, 0.3533
0.2598, 0.3533
0.2598, 0.3533
0.2598, 0.3533
0.2598, 0.3533
0.2598, 0.3533
0.2598, 0.3504
0.2598, 0.3504
0.2598, 0.3504
0.2598, 0.3504
0.2598, 0.3476
0.2598, 0.3476
0.2598, 0.3476
0.2647, 0.3447
0.2647, 0.3447
0.2647, 0.3447
0.2647, 0.3447
0.2647, 0.3419
0.2647, 0.3419
0.2647, 0.3419
0.2647, 0.3419
0.2647, 0.3390
0.2647, 0.3390
0.2647, 0.3390
0.2647, 0.3390
0.2647, 0.3362
0.2647, 0.3362
0.2647, 0.3362
0.2647, 0.3362
0.2647, 0.3362
0.2647, 0.3362
0.2647, 0.3362
0.2647, 0.3362
0.2647, 0.3333
0.2647, 0.3333
0.2647, 0.3333
0.2647, 0.3305
0.2647, 0.3305
0.2647, 0.3305
0.2647, 0.3305
0.2647, 0.3305
0.2647, 0.3305
0.2647, 0.3305
0.2647, 0.3305
0.2647, 0.3276
0.2647, 0.3276
0.2647, 0.3276
0.2647, 0.3248
0.2647, 0.3248
0.2647, 0.3248
0.2647, 0.3248
0.2647, 0.3219
0.2647, 0.3219
0.2647, 0.3219
0.2647, 0.3219
0.2647, 0.3219
0.2647, 0.3219
0.2647, 0.3219
0.2647, 0.3219
0.2647, 0.3191
0.2647, 0.3191
0.2647, 0.3191
0.2647, 0.3162
0.2647, 0.3162
0.2647, 0.3162
0.2647, 0.3162
0.2647, 0.3134
0.2647, 0.3134
0.2647, 0.3134
0.2647, 0.3105
0.2647, 0.3105
0.2647, 0.3105
0.2647, 0.3105
0.2647, 0.3077
0.2647, 0.3077
0.2647, 0.3077
0.2647, 0.3077
0.2647, 0.3048
0.2647, 0.3048
0.2647, 0.3048
0.2647, 0.3020
0.2647, 0.3020
0.2647, 0.3020
0.2647, 0.3020
0.2647, 0.2991
0.2647, 0.2991
0.2647, 0.2991
0.2647, 0.2963
0.2647, 0.2963
0.2647, 0.2963
0.2647, 0.2963
0.2647, 0.2906
0.2647, 0.2906
0.2647, 0.2906
0.2647, 0.2906
0.2647, 0.2906
0.2647, 0.2906
0.2647, 0.2906
0.2647, 0.2906
0.2647, 0.2877
0.2647, 0.2877
0.2647, 0.2877
0.2647, 0.2877
0.2647, 0.2821
0.2647, 0.2821
0.2647, 0.2821
0.2647, 0.2821
0.2647, 0.2821
0.2647, 0.2821
0.2647, 0.2821
0.2647, 0.2792
0.2647, 0.2792
0.2647, 0.2792
0.2647, 0.2792
0.2647, 0.2764
0.2647, 0.2764
0.2647, 0.2764
0.2647, 0.2764
0.2647, 0.2764
0.2647, 0.2764
0.2647, 0.2764
0.2647, 0.2764
0.2647, 0.2735
0.2647, 0.2735
0.2647, 0.2735
0.2647, 0.2735
0.2647, 0.2707
0.2647, 0.2707
0.2647, 0.2707
0.2647, 0.2678
0.2647, 0.2678
0.2647, 0.2678
0.2647, 0.2678
0.2647, 0.2678
0.2647, 0.2678
0.2647, 0.2678
0.2647, 0.2678
0.2647, 0.2678
0.2647, 0.2678
0.2647, 0.2678
0.2647, 0.2678
0.2647, 0.2650
0.2647, 0.2650
0.2647, 0.2650
0.2647, 0.2650
0.2647, 0.2621
0.2647, 0.2621
0.2647, 0.2621
0.2647, 0.2621
0.2647, 0.2621
0.2647, 0.2621
0.2647, 0.2621
0.2647, 0.2593
0.2647, 0.2593
0.2647, 0.2593
0.2647, 0.2593
0.2647, 0.2593
0.2647, 0.2593
0.2647, 0.2593
0.2647, 0.2593
0.2647, 0.2564
0.2647, 0.2564
0.2647, 0.2564
0.2647, 0.2536
0.2647, 0.2536
0.2647, 0.2536
0.2647, 0.2536
0.2647, 0.2536
0.2647, 0.2536
0.2647, 0.2536
0.2647, 0.2536
0.2647, 0.2507
0.2647, 0.2507
0.2647, 0.2507
0.2647, 0.2507
0.2647, 0.2507
0.2647, 0.2507
0.2647, 0.2479
0.2647, 0.2479
0.2647, 0.2479
0.2647, 0.2479
0.2647, 0.2479
0.2647, 0.2479
0.2647, 0.2479
0.2647, 0.2450
0.2647, 0.2450
0.2647, 0.2450
0.2647, 0.2422
0.2647, 0.2422
0.2647, 0.2422
0.2647, 0.2393
0.2647, 0.2393
0.2647, 0.2393
0.2647, 0.2393
0.2647, 0.2393
0.2647, 0.2393
0.2647, 0.2393
0.2647, 0.2393
0.2647, 0.2365
0.2647, 0.2365
0.2647, 0.2365
0.2647, 0.2336
0.2647, 0.2336
0.2647, 0.2336
0.2647, 0.2336
0.2647, 0.2336
0.2647, 0.2336
0.2647, 0.2336
0.2647, 0.2336
0.2647, 0.2308
0.2647, 0.2308
0.2647, 0.2308
0.2647, 0.2279
0.2647, 0.2279
0.2647, 0.2279
0.2647, 0.2279
0.2647, 0.2279
0.2647, 0.2279
0.2647, 0.2279
0.2647, 0.2279
0.2647, 0.2251
0.2647, 0.2251
0.2647, 0.2251
0.2647, 0.2222
0.2647, 0.2222
0.2647, 0.2222
0.2647, 0.2222
0.2647, 0.2194
0.2647, 0.2194
0.2647, 0.2194
0.2647, 0.2194
0.2647, 0.2194
0.2647, 0.2194
0.2647, 0.2194
0.2647, 0.2165
0.2647, 0.2165
0.2647, 0.2165
0.2647, 0.2165
0.2647, 0.2108
0.2647, 0.2108
0.2647, 0.2108
0.2647, 0.2108
0.2647, 0.2108
0.2647, 0.2108
0.2647, 0.2108
0.2647, 0.2080
0.2647, 0.2080
0.2647, 0.2080
0.2647, 0.2080
0.2647, 0.2051
0.2647, 0.2051
0.2647, 0.2051
0.2647, 0.2051
0.2647, 0.2051
0.2647, 0.2051
0.2647, 0.2051
0.2647, 0.2051
0.2647, 0.2023
0.2647, 0.2023
0.2647, 0.2023
0.2647, 0.2023
0.2647, 0.2023
0.2647, 0.2023
0.2647, 0.2023
0.2647, 0.1994
0.2647, 0.1994
0.2647, 0.1994
0.2647, 0.1994
0.2647, 0.1966
0.2647, 0.1966
0.2647, 0.1966
0.2647, 0.1966
0.2647, 0.1966
0.2647, 0.1966
0.2647, 0.1966
0.2647, 0.1937
0.2647, 0.1937
0.2647, 0.1937
0.2647, 0.1909
0.2647, 0.1909
0.2647, 0.1909
0.2647, 0.1909
0.2647, 0.1909
0.2647, 0.1909
0.2647, 0.1909
0.2647, 0.1880
0.2647, 0.1880
0.2647, 0.1880
0.2647, 0.1880
0.2647, 0.1880
0.2647, 0.1880
0.2647, 0.1880
0.2647, 0.1880
0.2647, 0.1852
0.2647, 0.1852
0.2647, 0.1852
0.2647, 0.1823
0.2647, 0.1823
0.2647, 0.1823
0.2647, 0.1823
0.2647, 0.1823
0.2647, 0.1823
0.2647, 0.1823
0.2647, 0.1823
0.2647, 0.1823
0.2647, 0.1823
0.2647, 0.1823
0.2647, 0.1823
0.2647, 0.1795
0.2647, 0.1795
0.2647, 0.1795
0.2647, 0.1766
0.2647, 0.1766
0.2647, 0.1766
0.2647, 0.1766
0.2647, 0.1766
0.2647, 0.1766
0.2647, 0.1766
0.2647, 0.1766
0.2647, 0.1766
0.2647, 0.1766
0.2647, 0.1766
0.2647, 0.1738
0.2647, 0.1738
0.2647, 0.1738
0.2647, 0.1738
0.2647, 0.1709
0.2647, 0.1709
0.2647, 0.1709
0.2647, 0.1709
0.2647, 0.1709
0.2647, 0.1709
0.2647, 0.1709
0.2647, 0.1681
0.2647, 0.1681
0.2647, 0.1681
0.2647, 0.1681
0.2647, 0.1681
0.2647, 0.1681
0.2647, 0.1681
0.2647, 0.1681
0.2647, 0.1652
0.2647, 0.1652
0.2647, 0.1652
0.2647, 0.1624
0.2647, 0.1624
0.2647, 0.1624
0.2647, 0.1624
0.2647, 0.1624
0.2647, 0.1624
0.2647, 0.1624
0.2647, 0.1595
0.2647, 0.1595
0.2647, 0.1595
0.2647, 0.1595
0.2647, 0.1595
0.2647, 0.1595
0.2647, 0.1595
0.2647, 0.1567
0.2647, 0.1567
0.2647, 0.1567
0.2647, 0.1567
0.2647, 0.1567
0.2647, 0.1567
0.2647, 0.1567
0.2647, 0.1567
0.2647, 0.1567
0.2647, 0.1567
0.2647, 0.1567
0.2647, 0.1567
0.2647, 0.1567
0.2647, 0.1567
0.2647, 0.1567
0.2647, 0.1538
0.2647, 0.1538
0.2647, 0.1538
0.2647, 0.1510
0.2647, 0.1510
0.2647, 0.1510
0.2647, 0.1510
0.2647, 0.1510
0.2647, 0.1510
0.2647, 0.1510
0.2647, 0.1510
0.2647, 0.1481
0.2647, 0.1481
0.2647, 0.1481
0.2647, 0.1481
0.2647, 0.1481
0.2647, 0.1481
0.2647, 0.1481
0.2647, 0.1481
0.2647, 0.1481
0.2647, 0.1481
0.2647, 0.1453
0.2647, 0.1453
0.2647, 0.1453
0.2647, 0.1425
0.2647, 0.1425
0.2647, 0.1425
0.2647, 0.1425
0.2647, 0.1425
0.2647, 0.1425
0.2647, 0.1425
0.2647, 0.1425
0.2647, 0.1425
0.2647, 0.1425
0.2647, 0.1425
0.2647, 0.1396
0.2647, 0.1396
0.2647, 0.1396
0.2647, 0.1396
0.2647, 0.1396
0.2647, 0.1396
0.2647, 0.1396
0.2647, 0.1368
0.2647, 0.1368
0.2647, 0.1368
0.2647, 0.1368
0.2647, 0.1368
0.2647, 0.1368
0.2647, 0.1368
0.2647, 0.1339
0.2647, 0.1339
0.2647, 0.1339
0.2647, 0.1339
0.2647, 0.1339
0.2647, 0.1339
0.2647, 0.1339
0.2647, 0.1339
0.2647, 0.1339
0.2647, 0.1339
0.2647, 0.1339
0.2647, 0.1339
0.2647, 0.1339
0.2647, 0.1339
0.2647, 0.1339
0.2647, 0.1311
0.2647, 0.1311
0.2647, 0.1311
0.2647, 0.1311
0.2647, 0.1311
0.2647, 0.1311
0.2647, 0.1311
0.2647, 0.1311
0.2647, 0.1311
0.2647, 0.1311
0.2647, 0.1311
0.2647, 0.1282
0.2647, 0.1282
0.2647, 0.1282
0.2647, 0.1282
0.2647, 0.1282
0.2647, 0.1282
0.2647, 0.1282
0.2647, 0.1282
0.2647, 0.1282
0.2647, 0.1282
0.2647, 0.1254
0.2647, 0.1254
0.2647, 0.1254
0.2647, 0.1254
0.2647, 0.1254
0.2647, 0.1254
0.2647, 0.1254
0.2647, 0.1254
0.2647, 0.1225
0.2647, 0.1225
0.2647, 0.1225
0.2647, 0.1197
0.2647, 0.1197
0.2647, 0.1197
0.2647, 0.1197
0.2647, 0.1197
0.2647, 0.1197
0.2647, 0.1197
0.2647, 0.1197
0.2647, 0.1197
0.2647, 0.1197
0.2647, 0.1197
0.2647, 0.1168
0.2647, 0.1168
0.2647, 0.1168
0.2647, 0.1168
0.2647, 0.1140
0.2647, 0.1140
0.2647, 0.1140
0.2647, 0.1140
0.2647, 0.1140
0.2647, 0.1140
0.2647, 0.1140
0.2647, 0.1111
0.2647, 0.1111
0.2647, 0.1111
0.2647, 0.1083
0.2647, 0.1083
0.2647, 0.1083
0.2647, 0.1083
0.2696, 0.1054
0.2696, 0.1054
0.2696, 0.1054
0.2696, 0.1054
0.2696, 0.1054
0.2696, 0.1054
0.2696, 0.1054
0.2696, 0.1026
0.2696, 0.1026
0.2696, 0.1026
0.2696, 0.1026
0.2696, 0.1026
0.2696, 0.1026
0.2696, 0.1026
0.2696, 0.0997
0.2696, 0.0997
0.2696, 0.0997
0.2696, 0.0997
0.2696, 0.0997
0.2696, 0.0997
0.2696, 0.0997
0.2696, 0.0997
0.2696, 0.0997
0.2696, 0.0997
0.2696, 0.0997
0.2696, 0.0997
0.2696, 0.0997
0.2696, 0.0997
0.2696, 0.0969
0.2696, 0.0969
0.2696, 0.0969
0.2696, 0.0940
0.2696, 0.0940
0.2696, 0.0940
0.2696, 0.0940
0.2745, 0.0912
0.2745, 0.0912
0.2745, 0.0912
0.2745, 0.0883
0.2745, 0.0883
0.2745, 0.0883
0.2745, 0.0883
0.2745, 0.0855
0.2745, 0.0855
0.2745, 0.0855
0.2745, 0.0855
0.2745, 0.0855
0.2745, 0.0855
0.2745, 0.0826
0.2745, 0.0826
0.2745, 0.0826
0.2745, 0.0826
0.2745, 0.0826
0.2745, 0.0826
0.2745, 0.0826
0.2745, 0.0826
0.2745, 0.0798
0.2745, 0.0798
0.2745, 0.0798
0.2745, 0.0798
0.2745, 0.0798
0.2745, 0.0798
0.2745, 0.0798
0.2745, 0.0798
0.2745, 0.0798
0.2745, 0.0798
0.2745, 0.0798
0.2745, 0.0769
0.2745, 0.0769
0.2745, 0.0769
0.2745, 0.0769
0.2745, 0.0769
0.2745, 0.0769
0.2745, 0.0769
0.2745, 0.0769
0.2745, 0.0769
0.2745, 0.0769
0.2745, 0.0769
0.2745, 0.0769
0.2745, 0.0769
0.2745, 0.0769
0.2745, 0.0741
0.2745, 0.0741
0.2745, 0.0741
0.2745, 0.0741
0.2745, 0.0741
0.2745, 0.0741
0.2745, 0.0741
0.2745, 0.0712
0.2745, 0.0712
0.2745, 0.0712
0.2745, 0.0712
0.2745, 0.0712
0.2745, 0.0712
0.2745, 0.0712
0.2745, 0.0712
0.2745, 0.0712
0.2745, 0.0712
0.2745, 0.0712
0.2745, 0.0712
0.2745, 0.0712
0.2745, 0.0712
0.2745, 0.0712
0.2745, 0.0712
0.2745, 0.0712
0.2745, 0.0712
0.2745, 0.0684
0.2745, 0.0684
0.2745, 0.0684
0.2745, 0.0684
0.2745, 0.0684
0.2745, 0.0684
0.2745, 0.0655
0.2745, 0.0655
0.2745, 0.0655
0.2745, 0.0655
0.2745, 0.0655
0.2745, 0.0655
0.2745, 0.0655
0.2745, 0.0627
0.2745, 0.0627
0.2745, 0.0627
0.2745, 0.0627
0.2745, 0.0627
0.2745, 0.0627
0.2745, 0.0627
0.2745, 0.0627
0.2745, 0.0627
0.2745, 0.0627
0.2745, 0.0627
0.2745, 0.0627
0.2745, 0.0627
0.2745, 0.0627
0.2745, 0.0598
0.2745, 0.0598
0.2745, 0.0598
0.2745, 0.0598
0.2745, 0.0570
0.2745, 0.0570
0.2745, 0.0570
0.2745, 0.0570
0.2745, 0.0570
0.2745, 0.0570
0.2745, 0.0541
0.2745, 0.0541
0.2745, 0.0541
0.2745, 0.0541
0.2745, 0.0513
0.2745, 0.0513
0.2745, 0.0513
0.2745, 0.0513
0.2745, 0.0513
0.2745, 0.0513
0.2745, 0.0513
0.2745, 0.0484
0.2745, 0.0484
0.2745, 0.0484
0.2745, 0.0484
0.2745, 0.0484
0.2745, 0.0484
0.2745, 0.0484
0.2745, 0.0484
0.2745, 0.0484
0.2745, 0.0484
0.2745, 0.0456
0.2745, 0.0456
0.2745, 0.0456
0.2745, 0.0456
0.2745, 0.0456
0.2745, 0.0456
0.2745, 0.0456
0.2745, 0.0427
0.2745, 0.0427
0.2745, 0.0427
0.2745, 0.0427
0.2745, 0.0427
0.2745, 0.0427
0.2745, 0.0399
0.2745, 0.0399
0.2745, 0.0399
0.2745, 0.0399
0.2745, 0.0370
0.2745, 0.0370
0.2745, 0.0370
0.2745, 0.0370
0.2745, 0.0370
0.2745, 0.0370
0.2745, 0.0370
0.2745, 0.0370
0.2745, 0.0370
0.2745, 0.0370
0.2745, 0.0342
0.2745, 0.0342
0.2745, 0.0342
0.2745, 0.0342
0.2745, 0.0342
0.2745, 0.0342
0.2745, 0.0342
0.2745, 0.0342
0.2745, 0.0342
0.2745, 0.0342
0.2745, 0.0342
0.2745, 0.0342
0.2745, 0.0342
0.2745, 0.0342
0.2745, 0.0342
0.2745, 0.0342
0.2745, 0.0342
0.2745, 0.0342
0.2745, 0.0342
0.2745, 0.0342
0.2745, 0.0342
0.2745, 0.0342
0.2745, 0.0342
0.2745, 0.0342
0.2745, 0.0342
0.2745, 0.0342
0.2745, 0.0342
0.2745, 0.0313
0.2745, 0.0313
0.2745, 0.0313
0.2745, 0.0313
0.2745, 0.0313
0.2745, 0.0313
0.2745, 0.0313
0.2745, 0.0313
0.2745, 0.0313
0.2745, 0.0313
0.2745, 0.0313
0.2745, 0.0313
0.2745, 0.0313
0.2745, 0.0313
0.2745, 0.0313
0.2745, 0.0313
0.2745, 0.0313
0.2745, 0.0313
0.2745, 0.0313
0.2745, 0.0313
0.2745, 0.0313
0.2745, 0.0313
0.2745, 0.0313
0.2745, 0.0313
0.2745, 0.0313
0.2745, 0.0313
0.2745, 0.0313
0.2745, 0.0313
0.2745, 0.0313
0.2745, 0.0313
0.2745, 0.0313
0.2745, 0.0313
0.2745, 0.0285
0.2745, 0.0285
0.2745, 0.0285
0.2745, 0.0285
0.2745, 0.0285
0.2745, 0.0285
0.2745, 0.0285
0.2745, 0.0285
0.2745, 0.0285
0.2745, 0.0285
0.2745, 0.0285
0.2745, 0.0285
0.2745, 0.0285
0.2745, 0.0285
0.2745, 0.0285
0.2745, 0.0285
0.2745, 0.0285
0.2745, 0.0285
0.2745, 0.0285
0.2745, 0.0285
0.2745, 0.0285
0.2745, 0.0285
0.2745, 0.0285
0.2745, 0.0285
0.2745, 0.0285
0.2745, 0.0285
0.2745, 0.0285
0.2745, 0.0285
0.2745, 0.0285
0.2745, 0.0285
0.2745, 0.0285
0.2745, 0.0285
0.2745, 0.0285
0.2745, 0.0285
0.2745, 0.0285
0.2745, 0.0285
0.2745, 0.0285
0.2745, 0.0285
0.2745, 0.0285
0.2745, 0.0285
0.2745, 0.0285
0.2745, 0.0285
0.2745, 0.0285
0.2745, 0.0285
0.2745, 0.0285
0.2745, 0.0285
0.2745, 0.0285
0.2745, 0.0285
0.2745, 0.0285
0.2745, 0.0285
0.2745, 0.0285
0.2745, 0.0285
0.2745, 0.0285
0.2745, 0.0285
0.2745, 0.0285
0.2745, 0.0285
0.2745, 0.0285
0.2745, 0.0285
0.2745, 0.0285
0.2745, 0.0285
0.2745, 0.0285
0.2745, 0.0285
0.2745, 0.0285
0.2745, 0.0285
0.2745, 0.0285
0.2745, 0.0285
0.2745, 0.0285
0.2745, 0.0285
0.2745, 0.0285
0.2745, 0.0285
0.2745, 0.0285
0.2745, 0.0285
0.2745, 0.0285
0.2745, 0.0285
0.2745, 0.0285
0.2745, 0.0285
0.2745, 0.0285
0.2745, 0.0285
0.2745, 0.0285
0.2745, 0.0285
0.2745, 0.0285
0.2745, 0.0285
0.2745, 0.0285
0.2745, 0.0285
0.2745, 0.0285
0.2745, 0.0285
0.2745, 0.0285
0.2745, 0.0285
0.2745, 0.0285
0.2745, 0.0285
0.2745, 0.0285
0.2745, 0.0285
0.2745, 0.0285
0.2745, 0.0285
0.2745, 0.0285
0.2745, 0.0285
0.2745, 0.0285
0.2745, 0.0285
0.2745, 0.0285
0.2745, 0.0285
0.2745, 0.0285
0.2745, 0.0285
0.2745, 0.0285
0.2745, 0.0285
0.2745, 0.0285
0.2745, 0.0285
0.2745, 0.0285
0.2745, 0.0285
0.2745, 0.0285
0.2745, 0.0285
0.2745, 0.0285
0.2745, 0.0285
0.2745, 0.0285
0.2745, 0.0285
0.2745, 0.0285
0.2745, 0.0285
0.2745, 0.0285
0.2745, 0.0285
0.2745, 0.0285
0.2745, 0.0285
0.2745, 0.0285
0.2745, 0.0285
0.2745, 0.0285
0.2745, 0.0285
0.2745, 0.0285
0.2745, 0.0285
0.2745, 0.0285
0.2745, 0.0285
0.2745, 0.0285
0.2745, 0.0285
0.2745, 0.0285
0.2745, 0.0285
0.2745, 0.0285
0.2745, 0.0285
0.2745, 0.0285
0.2745, 0.0285
0.2745, 0.0285
0.2745, 0.0285
0.2745, 0.0285
0.2745, 0.0285
0.2745, 0.0285
0.2745, 0.0285
0.2745, 0.0285
0.2745, 0.0285
0.2745, 0.0285
0.2745, 0.0285
0.2745, 0.0285
0.2745, 0.0285
0.2745, 0.0285
0.2745, 0.0285
0.2745, 0.0285
0.2794, 0.0285
0.2794, 0.0285
0.2794, 0.0285
0.2794, 0.0285
0.2794, 0.0285
0.2794, 0.0285
0.2794, 0.0285
0.2843, 0.0285
0.2843, 0.0285
0.2843, 0.0285
0.2843, 0.0313
0.2843, 0.0313
0.2843, 0.0313
0.2892, 0.0313
0.2892, 0.0313
0.2892, 0.0313
0.2892, 0.0313
0.2892, 0.0313
0.2892, 0.0313
0.2892, 0.0313
0.2892, 0.0313
0.2892, 0.0313
0.2892, 0.0313
0.2892, 0.0342
0.2892, 0.0342
0.2892, 0.0342
0.2941, 0.0370
0.2941, 0.0370
0.2941, 0.0370
0.2941, 0.0370
0.2941, 0.0370
0.2941, 0.0370
0.2941, 0.0370
0.2990, 0.0399
0.2990, 0.0399
0.2990, 0.0399
0.2990, 0.0399
0.2990, 0.0399
0.2990, 0.0399
0.2990, 0.0399
0.2990, 0.0399
0.2990, 0.0399
0.2990, 0.0399
0.2990, 0.0399
0.2990, 0.0399
0.2990, 0.0399
0.3039, 0.0427
0.3039, 0.0427
0.3039, 0.0427
0.3039, 0.0427
0.3039, 0.0427
0.3039, 0.0427
0.3088, 0.0456
0.3088, 0.0456
0.3088, 0.0456
0.3088, 0.0456
0.3088, 0.0456
0.3088, 0.0456
0.3088, 0.0456
0.3137, 0.0484
0.3137, 0.0484
0.3137, 0.0484
0.3137, 0.0484
0.3137, 0.0484
0.3137, 0.0484
0.3137, 0.0484
0.3137, 0.0513
0.3137, 0.0513
0.3137, 0.0541
0.3137, 0.0541
0.3137, 0.0541
0.3137, 0.0541
0.3186, 0.0541
0.3186, 0.0541
0.3186, 0.0541
0.3186, 0.0541
0.3186, 0.0541
0.3186, 0.0541
0.3186, 0.0570
0.3186, 0.0570
0.3186, 0.0570
0.3186, 0.0570
0.3186, 0.0570
0.3186, 0.0570
0.3235, 0.0598
0.3235, 0.0598
0.3235, 0.0598
0.3235, 0.0598
0.3235, 0.0598
0.3235, 0.0598
0.3235, 0.0598
0.3235, 0.0598
0.3235, 0.0598
0.3235, 0.0598
0.3235, 0.0598
0.3235, 0.0598
0.3235, 0.0598
0.3235, 0.0598
0.3235, 0.0627
0.3235, 0.0627
0.3235, 0.0655
0.3235, 0.0655
0.3235, 0.0655
0.3284, 0.0684
0.3284, 0.0684
0.3284, 0.0684
0.3284, 0.0684
0.3284, 0.0684
0.3284, 0.0684
0.3284, 0.0684
0.3284, 0.0684
0.3284, 0.0684
0.3284, 0.0684
0.3333, 0.0712
0.3333, 0.0712
0.3333, 0.0712
0.3333, 0.0741
0.3333, 0.0741
0.3333, 0.0741
0.3333, 0.0741
0.3333, 0.0741
0.3333, 0.0741
0.3333, 0.0741
0.3333, 0.0741
0.3333, 0.0741
0.3333, 0.0741
0.3333, 0.0741
0.3333, 0.0741
0.3382, 0.0769
0.3382, 0.0769
0.3382, 0.0769
0.3382, 0.0798
0.3382, 0.0798
0.3382, 0.0798
0.3382, 0.0798
0.3382, 0.0798
0.3382, 0.0798
0.3382, 0.0798
0.3382, 0.0826
0.3382, 0.0826
0.3382, 0.0826
0.3431, 0.0826
0.3431, 0.0826
0.3431, 0.0826
0.3431, 0.0826
0.3431, 0.0826
0.3431, 0.0826
0.3431, 0.0826
0.3431, 0.0826
0.3431, 0.0826
0.3480, 0.0855
0.3480, 0.0855
0.3480, 0.0855
0.3480, 0.0855
0.3480, 0.0883
0.3480, 0.0883
0.3480, 0.0883
0.3480, 0.0883
0.3480, 0.0883
0.3480, 0.0883
0.3480, 0.0883
0.3480, 0.0883
0.3480, 0.0883
0.3480, 0.0883
0.3480, 0.0883
0.3480, 0.0883
0.3480, 0.0883
0.3480, 0.0883
0.3480, 0.0883
0.3529, 0.0912
0.3529, 0.0912
0.3529, 0.0912
0.3529, 0.0940
0.3529, 0.0940
0.3529, 0.0940
0.3529, 0.0940
0.3529, 0.0940
0.3529, 0.0940
0.3578, 0.0969
0.3578, 0.0969
0.3578, 0.0969
0.3578, 0.0969
0.3578, 0.0969
0.3578, 0.0969
0.3578, 0.0969
0.3578, 0.0969
0.3578, 0.0969
0.3578, 0.0969
0.3578, 0.0969
0.3578, 0.0969
0.3578, 0.0997
0.3578, 0.0997
0.3578, 0.0997
0.3627, 0.1026
0.3627, 0.1026
0.3627, 0.1026
0.3627, 0.1026
0.3627, 0.1026
0.3676, 0.1026
0.3676, 0.1026
0.3676, 0.1054
0.3676, 0.1054
0.3725, 0.1054
0.3725, 0.1054
0.3725, 0.1083
0.3725, 0.1083
0.3725, 0.1111
0.3725, 0.1111
0.3725, 0.1111
0.3725, 0.1111
0.3725, 0.1111
0.3725, 0.1111
0.3775, 0.1140
0.3775, 0.1140
0.3775, 0.1140
0.3775, 0.1168
0.3775, 0.1168
0.3775, 0.1168
0.3775, 0.1168
0.3775, 0.1168
0.3775, 0.1168
0.3775, 0.1168
0.3824, 0.1168
0.3824, 0.1168
0.3824, 0.1168
0.3824, 0.1168
0.3824, 0.1168
0.3824, 0.1197
0.3824, 0.1197
0.3824, 0.1197
0.3824, 0.1225
0.3824, 0.1225
0.3824, 0.1225
0.3824, 0.1225
0.3824, 0.1225
0.3824, 0.1225
0.3873, 0.1225
0.3873, 0.1225
0.3873, 0.1225
0.3873, 0.1254
0.3873, 0.1254
0.3873, 0.1254
0.3922, 0.1282
0.3922, 0.1282
0.3922, 0.1282
0.3922, 0.1282
0.3922, 0.1282
0.3922, 0.1282
0.3922, 0.1282
0.3922, 0.1311
0.3922, 0.1311
0.3922, 0.1311
0.3971, 0.1311
0.3971, 0.1311
0.3971, 0.1311
0.3971, 0.1311
0.3971, 0.1311
0.3971, 0.1311
0.3971, 0.1311
0.3971, 0.1311
0.3971, 0.1311
0.3971, 0.1339
0.3971, 0.1339
0.3971, 0.1339
0.3971, 0.1339
0.3971, 0.1339
0.3971, 0.1339
0.3971, 0.1368
0.3971, 0.1368
0.3971, 0.1368
0.4020, 0.1368
0.4020, 0.1368
0.4020, 0.1368
0.4020, 0.1368
0.4020, 0.1368
0.4020, 0.1368
0.4020, 0.1368
0.4020, 0.1396
0.4020, 0.1396
0.4020, 0.1396
0.4069, 0.1396
0.4069, 0.1396
0.4069, 0.1396
0.4069, 0.1425
0.4069, 0.1425
0.4069, 0.1425
0.4069, 0.1453
0.4069, 0.1453
0.4069, 0.1453
0.4069, 0.1453
0.4069, 0.1453
0.4069, 0.1453
0.4069, 0.1453
0.4069, 0.1453
0.4069, 0.1453
0.4118, 0.1453
0.4118, 0.1453
0.4118, 0.1453
0.4118, 0.1481
0.4118, 0.1481
0.4167, 0.1510
0.4167, 0.1510
0.4167, 0.1510
0.4167, 0.1510
0.4167, 0.1510
0.4167, 0.1510
0.4167, 0.1510
0.4216, 0.1510
0.4216, 0.1510
0.4216, 0.1538
0.4216, 0.1538
0.4216, 0.1538
0.4216, 0.1567
0.4216, 0.1567
0.4216, 0.1567
0.4216, 0.1595
0.4216, 0.1595
0.4216, 0.1595
0.4265, 0.1595
0.4265, 0.1595
0.4265, 0.1595
0.4265, 0.1595
0.4265, 0.1595
0.4265, 0.1595
0.4265, 0.1595
0.4265, 0.1595
0.4265, 0.1595
0.4265, 0.1595
0.4314, 0.1624
0.4314, 0.1624
0.4314, 0.1624
0.4314, 0.1652
0.4314, 0.1652
0.4314, 0.1652
0.4314, 0.1652
0.4314, 0.1652
0.4314, 0.1652
0.4314, 0.1652
0.4314, 0.1652
0.4314, 0.1652
0.4363, 0.1652
0.4363, 0.1652
0.4363, 0.1652
0.4363, 0.1681
0.4363, 0.1681
0.4363, 0.1681
0.4412, 0.1709
0.4412, 0.1709
0.4412, 0.1709
0.4412, 0.1738
0.4412, 0.1738
0.4412, 0.1738
0.4461, 0.1738
0.4461, 0.1738
0.4461, 0.1738
0.4461, 0.1738
0.4461, 0.1738
0.4461, 0.1738
0.4461, 0.1766
0.4461, 0.1766
0.4461, 0.1766
0.4510, 0.1795
0.4510, 0.1795
0.4510, 0.1795
0.4510, 0.1795
0.4510, 0.1795
0.4510, 0.1795
0.4559, 0.1795
0.4559, 0.1795
0.4559, 0.1795
0.4559, 0.1823
0.4559, 0.1823
0.4559, 0.1823
0.4559, 0.1823
0.4559, 0.1823
0.4559, 0.1823
0.4559, 0.1852
0.4559, 0.1852
0.4559, 0.1852
0.4608, 0.1852
0.4608, 0.1852
0.4608, 0.1852
0.4608, 0.1880
0.4608, 0.1880
0.4608, 0.1880
0.4657, 0.1880
0.4657, 0.1880
0.4657, 0.1880
0.4706, 0.1909
0.4706, 0.1909
0.4706, 0.1909
0.4706, 0.1937
0.4706, 0.1937
0.4706, 0.1937
0.4706, 0.1937
0.4706, 0.1937
0.4706, 0.1937
0.4755, 0.1966
0.4755, 0.1966
0.4755, 0.1966
0.4755, 0.1994
0.4755, 0.1994
0.4755, 0.1994
0.4804, 0.2023
0.4804, 0.2023
0.4804, 0.2023
0.4804, 0.2023
0.4804, 0.2023
0.4804, 0.2023
0.4804, 0.2051
0.4804, 0.2051
0.4804, 0.2051
0.4853, 0.2051
0.4853, 0.2051
0.4853, 0.2051
0.4853, 0.2080
0.4853, 0.2080
0.4853, 0.2080
0.4902, 0.2080
0.4902, 0.2080
0.4902, 0.2108
0.4902, 0.2108
0.4902, 0.2108
0.4902, 0.2137
0.4902, 0.2137
0.4902, 0.2137
0.4902, 0.2137
0.4902, 0.2137
0.4902, 0.2137
0.4951, 0.2165
0.4951, 0.2165
0.4951, 0.2165
0.4951, 0.2194
0.4951, 0.2194
0.4951, 0.2194
0.5000, 0.2222
0.5000, 0.2222
0.5000, 0.2222
0.5000, 0.2222
0.5000, 0.2222
0.5000, 0.2222
0.5000, 0.2222
0.5000, 0.2222
0.5000, 0.2222
0.5049, 0.2251
0.5049, 0.2251
0.5049, 0.2251
0.5049, 0.2251
0.5049, 0.2251
0.5049, 0.2251
0.5049, 0.2279
0.5049, 0.2279
0.5049, 0.2279
0.5049, 0.2279
0.5049, 0.2279
0.5049, 0.2279
0.5049, 0.2279
0.5049, 0.2279
0.5049, 0.2279
0.5049, 0.2279
0.5049, 0.2279
0.5049, 0.2279
0.5049, 0.2308
0.5049, 0.2308
0.5049, 0.2308
0.5049, 0.2308
0.5049, 0.2308
0.5049, 0.2308
0.5049, 0.2336
0.5049, 0.2336
0.5049, 0.2336
0.5098, 0.2365
0.5098, 0.2365
0.5098, 0.2365
0.5098, 0.2365
0.5098, 0.2365
0.5098, 0.2365
0.5147, 0.2365
0.5147, 0.2365
0.5147, 0.2365
0.5147, 0.2393
0.5147, 0.2393
0.5147, 0.2393
0.5147, 0.2422
0.5147, 0.2422
0.5147, 0.2422
0.5147, 0.2422
0.5147, 0.2422
0.5147, 0.2422
0.5147, 0.2422
0.5147, 0.2422
0.5147, 0.2422
0.5196, 0.2450
0.5196, 0.2450
0.5196, 0.2450
0.5196, 0.2479
0.5196, 0.2479
0.5196, 0.2479
0.5196, 0.2479
0.5196, 0.2479
0.5245, 0.2507
0.5245, 0.2507
0.5245, 0.2507
0.5245, 0.2507
0.5245, 0.2507
0.5245, 0.2507
0.5245, 0.2507
0.5245, 0.2507
0.5245, 0.2507
0.5294, 0.2536
0.5294, 0.2536
0.5294, 0.2536
0.5294, 0.2564
0.5294, 0.2564
0.5294, 0.2564
0.5294, 0.2564
0.5294, 0.2564
0.5294, 0.2564
0.5294, 0.2593
0.5294, 0.2593
0.5294, 0.2593
0.5294, 0.2621
0.5294, 0.2621
0.5294, 0.2621
0.5343, 0.2621
0.5343, 0.2621
0.5343, 0.2650
0.5343, 0.2650
0.5343, 0.2650
0.5392, 0.2650
0.5392, 0.2650
0.5392, 0.2650
0.5392, 0.2678
0.5392, 0.2678
0.5392, 0.2678
0.5392, 0.2678
0.5392, 0.2678
0.5392, 0.2678
0.5392, 0.2707
0.5392, 0.2707
0.5392, 0.2707
0.5392, 0.2707
0.5392, 0.2707
0.5392, 0.2707
0.5441, 0.2735
0.5441, 0.2735
0.5441, 0.2764
0.5441, 0.2764
0.5441, 0.2764
0.5490, 0.2792
0.5490, 0.2792
0.5490, 0.2792
0.5490, 0.2792
0.5490, 0.2792
0.5490, 0.2792
0.5539, 0.2792
0.5539, 0.2792
0.5539, 0.2792
0.5539, 0.2821
0.5539, 0.2821
0.5539, 0.2821
0.5539, 0.2849
0.5539, 0.2849
0.5588, 0.2849
0.5588, 0.2849
0.5588, 0.2849
0.5588, 0.2849
0.5588, 0.2849
0.5588, 0.2849
0.5637, 0.2877
0.5637, 0.2877
0.5637, 0.2877
0.5637, 0.2906
0.5637, 0.2906
0.5637, 0.2906
0.5637, 0.2934
0.5637, 0.2934
0.5637, 0.2934
0.5686, 0.2934
0.5686, 0.2934
0.5686, 0.2934
0.5686, 0.2934
0.5686, 0.2934
0.5686, 0.2934
0.5735, 0.2963
0.5735, 0.2963
0.5784, 0.2991
0.5784, 0.2991
0.5784, 0.2991
0.5784, 0.2991
0.5784, 0.2991
0.5784, 0.2991
0.5784, 0.3020
0.5784, 0.3020
0.5784, 0.3020
0.5833, 0.3020
0.5833, 0.3020
0.5833, 0.3020
0.5882, 0.3048
0.5882, 0.3048
0.5882, 0.3048
0.5882, 0.3048
0.5882, 0.3048
0.5882, 0.3048
0.5882, 0.3077
0.5882, 0.3077
0.5882, 0.3077
0.5882, 0.3077
0.5882, 0.3077
0.5882, 0.3077
0.5931, 0.3105
0.5931, 0.3105
0.5931, 0.3105
0.5931, 0.3134
0.5931, 0.3134
0.5931, 0.3134
0.5980, 0.3134
0.5980, 0.3134
0.5980, 0.3134
0.5980, 0.3134
0.5980, 0.3134
0.5980, 0.3134
0.6029, 0.3162
0.6029, 0.3162
0.6029, 0.3162
0.6029, 0.3162
0.6029, 0.3162
0.6029, 0.3162
0.6029, 0.3191
0.6029, 0.3191
0.6029, 0.3191
0.6078, 0.3191
0.6078, 0.3191
0.6127, 0.3219
0.6127, 0.3219
0.6127, 0.3219
0.6127, 0.3248
0.6127, 0.3248
0.6127, 0.3248
0.6127, 0.3276
0.6127, 0.3276
0.6127, 0.3276
0.6127, 0.3276
0.6127, 0.3276
0.6176, 0.3276
0.6176, 0.3276
0.6176, 0.3276
0.6176, 0.3305
0.6176, 0.3305
0.6225, 0.3305
0.6225, 0.3305
0.6225, 0.3305
0.6225, 0.3333
0.6225, 0.3333
0.6225, 0.3333
0.6275, 0.3333
0.6275, 0.3333
0.6275, 0.3333
0.6275, 0.3333
0.6275, 0.3333
0.6275, 0.3333
0.6275, 0.3362
0.6275, 0.3362
0.6324, 0.3390
0.6324, 0.3390
0.6324, 0.3390
0.6324, 0.3390
0.6324, 0.3390
0.6324, 0.3390
0.6373, 0.3419
0.6373, 0.3419
0.6373, 0.3419
0.6373, 0.3419
0.6373, 0.3419
0.6373, 0.3419
0.6373, 0.3419
0.6373, 0.3419
0.6373, 0.3419
0.6373, 0.3447
0.6373, 0.3447
0.6373, 0.3447
0.6373, 0.3447
0.6373, 0.3447
0.6373, 0.3447
0.6422, 0.3476
0.6422, 0.3476
0.6422, 0.3476
0.6422, 0.3476
0.6422, 0.3476
0.6422, 0.3476
0.6471, 0.3476
0.6471, 0.3476
0.6471, 0.3476
0.6471, 0.3476
0.6471, 0.3476
0.6471, 0.3476
0.6471, 0.3504
0.6471, 0.3504
0.6471, 0.3504
0.6471, 0.3504
0.6471, 0.3504
0.6471, 0.3504
0.6520, 0.3533
0.6520, 0.3533
0.6520, 0.3533
0.6520, 0.3533
0.6520, 0.3533
0.6569, 0.3561
0.6569, 0.3561
0.6569, 0.3561
0.6569, 0.3561
0.6569, 0.3561
0.6569, 0.3561
0.6569, 0.3561
0.6569, 0.3561
0.6569, 0.3561
0.6618, 0.3561
0.6618, 0.3561
0.6618, 0.3561
0.6618, 0.3590
0.6618, 0.3590
0.6618, 0.3590
0.6618, 0.3590
0.6618, 0.3590
0.6618, 0.3618
0.6618, 0.3618
0.6618, 0.3618
0.6667, 0.3618
0.6667, 0.3618
0.6667, 0.3618
0.6667, 0.3618
0.6667, 0.3618
0.6667, 0.3618
0.6716, 0.3618
0.6716, 0.3618
0.6716, 0.3618
0.6716, 0.3647
0.6716, 0.3647
0.6716, 0.3647
0.6716, 0.3647
0.6716, 0.3647
0.6716, 0.3647
0.6765, 0.3675
0.6765, 0.3675
0.6765, 0.3675
0.6765, 0.3675
0.6765, 0.3675
0.6814, 0.3704
0.6814, 0.3704
0.6814, 0.3704
0.6814, 0.3704
0.6814, 0.3704
0.6814, 0.3704
0.6863, 0.3704
0.6863, 0.3704
0.6863, 0.3704
0.6863, 0.3704
0.6863, 0.3704
0.6863, 0.3704
0.6863, 0.3732
0.6863, 0.3732
0.6863, 0.3732
0.6912, 0.3732
0.6912, 0.3732
0.6912, 0.3761
0.6912, 0.3761
0.6912, 0.3761
0.6961, 0.3761
0.6961, 0.3761
0.6961, 0.3761
0.6961, 0.3761
0.6961, 0.3761
0.6961, 0.3761
0.7010, 0.3789
0.7010, 0.3789
0.7010, 0.3789
0.7010, 0.3789
0.7010, 0.3789
0.7010, 0.3789
0.7059, 0.3818
0.7059, 0.3818
0.7108, 0.3818
0.7108, 0.3818
0.7108, 0.3818
0.7108, 0.3846
0.7108, 0.3846
0.7108, 0.3846
0.7108, 0.3846
0.7108, 0.3846
0.7157, 0.3846
0.7157, 0.3846
0.7157, 0.3846
0.7157, 0.3846
0.7157, 0.3846
0.7157, 0.3846
0.7206, 0.3875
0.7206, 0.3875
0.7206, 0.3875
0.7206, 0.3875
0.7206, 0.3875
0.7206, 0.3875
0.7206, 0.3903
0.7206, 0.3903
0.7206, 0.3903
0.7255, 0.3903
0.7255, 0.3903
0.7255, 0.3903
0.7255, 0.3903
0.7255, 0.3903
0.7255, 0.3903
0.7304, 0.3903
0.7304, 0.3903
0.7304, 0.3903
0.7304, 0.3903
0.7304, 0.3903
0.7353, 0.3932
0.7353, 0.3932
0.7353, 0.3932
0.7353, 0.3932
0.7353, 0.3932
0.7353, 0.3932
0.7353, 0.3932
0.7353, 0.3932
0.7353, 0.3932
0.7353, 0.3932
0.7353, 0.3932
0.7402, 0.3960
0.7402, 0.3960
0.7451, 0.3960
0.7451, 0.3960
0.7451, 0.3960
0.7451, 0.3960
0.7451, 0.3960
0.7451, 0.3960
0.7451, 0.3960
0.7451, 0.3960
0.7451, 0.3960
0.7500, 0.3960
0.7500, 0.3960
0.7549, 0.3960
0.7549, 0.3960
0.7549, 0.3960
0.7549, 0.3960
0.7549, 0.3960
0.7549, 0.3960
0.7598, 0.3960
0.7598, 0.3960
0.7598, 0.3960
0.7598, 0.3960
0.7598, 0.3960
0.7598, 0.3960
0.7598, 0.3989
0.7598, 0.3989
0.7598, 0.3989
0.7598, 0.3989
0.7598, 0.3989
0.7647, 0.3989
0.7647, 0.3989
0.7647, 0.3989
0.7647, 0.3989
0.7647, 0.3989
0.7647, 0.3989
0.7696, 0.3989
0.7696, 0.3989
0.7696, 0.3989
0.7696, 0.3989
0.7696, 0.3989
0.7696, 0.3989
0.7745, 0.3989
0.7745, 0.3989
0.7794, 0.3989
0.7794, 0.3989
0.7794, 0.3989
0.7843, 0.3989
0.7843, 0.3989
0.7843, 0.3989
0.7843, 0.3989
0.7843, 0.3989
0.7892, 0.3989
0.7892, 0.3989
0.7892, 0.3989
0.7892, 0.3989
0.7892, 0.3989
0.7892, 0.3989
0.7941, 0.3989
0.7941, 0.3989
0.7941, 0.3989
0.7941, 0.3989
0.7941, 0.3989
0.7941, 0.3989
0.7941, 0.3989
0.7941, 0.3989
0.7990, 0.3989
0.7990, 0.3989
0.7990, 0.3989
0.8039, 0.3989
0.8039, 0.3989
0.8039, 0.3989
0.8039, 0.3989
0.8039, 0.3989
0.8088, 0.3989
0.8088, 0.3989
0.8088, 0.3989
0.8137, 0.3989
0.8137, 0.3989
0.8186, 0.3989
0.8186, 0.3989
0.8186, 0.3989
0.8235, 0.3989
0.8235, 0.3989
0.8235, 0.3989
0.8284, 0.3989
0.8284, 0.3989
0.8333, 0.3989
0.8333, 0.3989
0.8333, 0.3989
0.8333, 0.3989
0.8333, 0.3989
0.8333, 0.3989
0.8382, 0.3989
0.8382, 0.3989
0.8431, 0.3989
0.8431, 0.3989
0.8431, 0.3989
0.8431, 0.3989
0.8431, 0.3989
0.8431, 0.3989
0.8431, 0.3989
0.8431, 0.3989
0.8431, 0.3989
0.8431, 0.3989
0.8431, 0.3989
0.8431, 0.3989
0.8480, 0.3989
0.8480, 0.3989
0.8529, 0.3989
0.8529, 0.3989
0.8529, 0.3989
0.8578, 0.3989
0.8578, 0.3989
0.8578, 0.3989
0.8578, 0.3989
0.8578, 0.3989
0.8578, 0.3989
0.8578, 0.3989
0.8578, 0.3989
0.8578, 0.3989
0.8627, 0.3989
0.8627, 0.3989
0.8676, 0.3989
0.8676, 0.3989
0.8676, 0.3989
0.8676, 0.3989
0.8676, 0.3989
0.8676, 0.3989
0.8676, 0.3989
0.8676, 0.3989
0.8725, 0.3989
0.8725, 0.3989
0.8725, 0.3989
0.8775, 0.3989
0.8775, 0.3989
0.8775, 0.3989
0.8775, 0.3960
0.8775, 0.3960
0.8824, 0.3960
0.8824, 0.3960
0.8824, 0.3960
0.8824, 0.3960
0.8824, 0.3960
0.8824, 0.3960
0.8824, 0.3960
0.8824, 0.3960
0.8824, 0.3960
0.8873, 0.3960
0.8873, 0.3960
0.8922, 0.3932
0.8922, 0.3932
0.8922, 0.3932
0.8922, 0.3932
0.8922, 0.3932
0.8922, 0.3932
0.8922, 0.3932
0.8922, 0.3932
0.8922, 0.3932
0.8971, 0.3932
0.8971, 0.3932
0.8971, 0.3932
0.8971, 0.3932
0.8971, 0.3932
0.9020, 0.3932
0.9020, 0.3932
0.9020, 0.3932
0.9020, 0.3932
0.9020, 0.3932
0.9020, 0.3932
0.9020, 0.3932
0.9020, 0.3932
0.9069, 0.3903
0.9069, 0.3903
0.9069, 0.3903
0.9069, 0.3903
0.9069, 0.3903
0.9069, 0.3903
0.9118, 0.3903
0.9118, 0.3903
0.9118, 0.3903
0.9118, 0.3875
0.9118, 0.3875
0.9118, 0.3875
0.9118, 0.3875
0.9118, 0.3875
0.9167, 0.3875
0.9167, 0.3875
0.9167, 0.3875
0.9167, 0.3875
0.9167, 0.3875
0.9167, 0.3875
0.9167, 0.3875
0.9167, 0.3875
0.9216, 0.3875
0.9216, 0.3875
0.9216, 0.3875
0.9216, 0.3846
0.9216, 0.3846
0.9265, 0.3846
0.9265, 0.3846
0.9265, 0.3846
0.9265, 0.3846
0.9265, 0.3846
0.9265, 0.3846
0.9314, 0.3818
0.9314, 0.3818
0.9314, 0.3818
0.9314, 0.3818
0.9314, 0.3818
0.9363, 0.3789
0.9363, 0.3789
0.9363, 0.3789
0.9363, 0.3789
0.9363, 0.3789
0.9363, 0.3789
0.9412, 0.3789
0.9412, 0.3789
0.9412, 0.3789
0.9412, 0.3789
0.9412, 0.3789
0.9412, 0.3789
0.9412, 0.3761
0.9412, 0.3761
0.9461, 0.3761
0.9461, 0.3761
0.9461, 0.3761
0.9461, 0.3761
0.9461, 0.3761
0.9461, 0.3761
0.9510, 0.3732
0.9510, 0.3732
0.9510, 0.3732
0.9510, 0.3732
0.9510, 0.3732
0.9510, 0.3704
0.9559, 0.3704
0.9559, 0.3675
0.9608, 0.3675
0.9657, 0.3647
0.9657, 0.3647
0.9657, 0.3647
0.9657, 0.3647
0.9657, 0.3647
0.9657, 0.3647
0.9657, 0.3618
0.9657, 0.3618
0.9657, 0.3618
0.9657, 0.3618
0.9657, 0.3618
0.9657, 0.3618
0.9706, 0.3590
0.9706, 0.3590
0.9706, 0.3590
0.9706, 0.3590
0.9706, 0.3590
0.9706, 0.3590
0.9706, 0.3590
0.9706, 0.3590
0.9755, 0.3561
0.9755, 0.3561
0.9755, 0.3561
0.9755, 0.3533
0.9755, 0.3533
0.9755, 0.3533
0.9755, 0.3533
0.9755, 0.3533
0.9755, 0.3504
0.9755, 0.3504
0.9755, 0.3504
0.9755, 0.3504
0.9755, 0.3504
0.9755, 0.3504
0.9804, 0.3504
0.9804, 0.3504
0.9804, 0.3504
0.9804, 0.3504
0.9804, 0.3504
0.9804, 0.3476
0.9804, 0.3476
0.9804, 0.3447
0.9804, 0.3447
0.9804, 0.3447
0.9853, 0.3447
0.9853, 0.3447
0.9853, 0.3447
0.9853, 0.3447
0.9853, 0.3447
0.9853, 0.3419
0.9853, 0.3419
0.9853, 0.3419
0.9853, 0.3390
0.9853, 0.3390
0.9902, 0.3390
0.9902, 0.3390
0.9902, 0.3390
0.9902, 0.3362
0.9902, 0.3362
0.9902, 0.3362
0.9902, 0.3362
0.9902, 0.3362
0.9902, 0.3362
0.9902, 0.3333
0.9902, 0.3333
0.9902, 0.3333
0.9902, 0.3305
0.9902, 0.3305
0.9902, 0.3305
0.9902, 0.3305
0.9902, 0.3305
0.9902, 0.3305
0.9902, 0.3276
0.9902, 0.3276
0.9902, 0.3276
0.9902, 0.3248
0.9902, 0.3248
0.9902, 0.3219
0.9902, 0.3219
0.9951, 0.3219
0.9951, 0.3219
0.9951, 0.3191
0.9951, 0.3191
0.9951, 0.3162
0.9951, 0.3162
0.9951, 0.3162
0.9951, 0.3162
0.9951, 0.3162
0.9951, 0.3162
0.9951, 0.3162
0.9951, 0.3134
0.9951, 0.3134
0.9951, 0.3105
0.9951, 0.3105
0.9951, 0.3105
0.9951, 0.3105
0.9951, 0.3077
0.9951, 0.3077
0.9951, 0.3077
0.9951, 0.3077
0.9951, 0.3077
0.9951, 0.3077
0.9951, 0.3048
0.9951, 0.3048
0.9951, 0.3048
0.9951, 0.3048
0.9951, 0.3048
0.9951, 0.3020
0.9951, 0.3020
0.9951, 0.3020
0.9951, 0.3020
0.9951, 0.3020
0.9951, 0.3020
0.9951, 0.2991
0.9951, 0.2991
0.9951, 0.2991
0.9951, 0.2963
0.9951, 0.2963
0.9951, 0.2963
0.9951, 0.2963
0.9951, 0.2963
0.9951, 0.2963
0.9951, 0.2934
0.9951, 0.2934
0.9951, 0.2934
0.9951, 0.2934
0.9951, 0.2934
0.9951, 0.2906
0.9951, 0.2906
0.9951, 0.2877
0.9951, 0.2877
0.9951, 0.2877
0.9951, 0.2877
0.9951, 0.2877
0.9951, 0.2877
0.9951, 0.2849
0.9951, 0.2849
0.9951, 0.2821
0.9951, 0.2821
0.9951, 0.2821
0.9951, 0.2821
0.9951, 0.2821
0.9951, 0.2821
0.9951, 0.2821
0.9951, 0.2792
0.9951, 0.2792
0.9951, 0.2764
0.9951, 0.2764
0.9951, 0.2764
0.9951, 0.2764
0.9951, 0.2735
0.9951, 0.2735
0.9951, 0.2735
0.9951, 0.2735
0.9951, 0.2735
0.9951, 0.2707
0.9951, 0.2707
0.9951, 0.2707
0.9951, 0.2707
0.9951, 0.2678
0.9951, 0.2678
0.9902, 0.2678
0.9902, 0.2678
0.9902, 0.2678
0.9902, 0.2678
0.9902, 0.2678
0.9902, 0.2678
0.9902, 0.2678
0.9902, 0.2650
0.9902, 0.2650
0.9902, 0.2650
0.9902, 0.2650
0.9902, 0.2621
0.9902, 0.2621
0.9853, 0.2621
0.9853, 0.2621
0.9853, 0.2593
0.9853, 0.2593
0.9853, 0.2593
0.9853, 0.2593
0.9853, 0.2593
0.9853, 0.2593
0.9853, 0.2593
0.9804, 0.2593
0.9804, 0.2593
0.9804, 0.2593
0.9804, 0.2593
0.9804, 0.2593
0.9804, 0.2593
0.9804, 0.2564
0.9804, 0.2564
0.9804, 0.2564
0.9804, 0.2564
0.9804, 0.2564
0.9804, 0.2564
0.9804, 0.2564
0.9755, 0.2536
0.9755, 0.2536
0.9755, 0.2536
0.9755, 0.2536
0.9755, 0.2536
0.9755, 0.2536
0.9755, 0.2536
0.9706, 0.2536
0.9706, 0.2536
0.9706, 0.2536
0.9706, 0.2536
0.9706, 0.2507
0.9706, 0.2507
0.9706, 0.2507
0.9706, 0.2507
0.9657, 0.2479
0.9657, 0.2479
0.9657, 0.2479
0.9657, 0.2479
0.9657, 0.2479
0.9608, 0.2479
0.9608, 0.2479
0.9608, 0.2479
0.9608, 0.2479
0.9608, 0.2450
0.9608, 0.2450
0.9559, 0.2450
0.9559, 0.2450
0.9559, 0.2450
0.9559, 0.2450
0.9559, 0.2450
0.9559, 0.2450
0.9559, 0.2450
0.9559, 0.2450
0.9559, 0.2450
0.9559, 0.2450
0.9559, 0.2450
0.9559, 0.2450
0.9559, 0.2450
0.9510, 0.2422
0.9510, 0.2422
0.9510, 0.2422
0.9510, 0.2422
0.9510, 0.2422
0.9461, 0.2422
0.9461, 0.2422
0.9461, 0.2393
0.9461, 0.2393
0.9461, 0.2393
0.9461, 0.2393
0.9461, 0.2393
0.9461, 0.2393
0.9461, 0.2393
0.9461, 0.2393
0.9461, 0.2393
0.9412, 0.2393
0.9412, 0.2393
0.9412, 0.2393
0.9412, 0.2393
0.9412, 0.2393
0.9412, 0.2393
0.9363, 0.2393
0.9363, 0.2393
0.9363, 0.2393
0.9363, 0.2393
0.9363, 0.2393
0.9314, 0.2365
0.9314, 0.2365
0.9314, 0.2365
0.9314, 0.2365
0.9314, 0.2365
0.9314, 0.2365
0.9314, 0.2336
0.9314, 0.2336
0.9265, 0.2336
0.9265, 0.2336
0.9265, 0.2336
0.9265, 0.2336
0.9216, 0.2336
0.9216, 0.2336
0.9216, 0.2308
0.9216, 0.2308
0.9216, 0.2308
0.9216, 0.2308
0.9216, 0.2308
0.9167, 0.2308
0.9167, 0.2308
0.9167, 0.2308
0.9167, 0.2308
0.9118, 0.2308
0.9118, 0.2308
0.9118, 0.2308
0.9118, 0.2308
0.9069, 0.2308
0.9069, 0.2308
0.9069, 0.2308
0.9069, 0.2308
0.9069, 0.2308
0.9069, 0.2279
0.9069, 0.2279
0.9069, 0.2279
0.9069, 0.2279
0.9020, 0.2279
0.9020, 0.2279
0.8971, 0.2251
0.8971, 0.2251
0.8971, 0.2251
0.8971, 0.2251
0.8971, 0.2251
0.8971, 0.2251
0.8971, 0.2251
0.8971, 0.2251
0.8971, 0.2251
0.8922, 0.2251
0.8922, 0.2251
0.8873, 0.2251
0.8873, 0.2251
0.8873, 0.2251
0.8873, 0.2251
0.8873, 0.2251
0.8873, 0.2251
0.8873, 0.2251
0.8873, 0.2251
0.8824, 0.2251
0.8824, 0.2251
0.8775, 0.2222
0.8775, 0.2222
0.8775, 0.2222
0.8775, 0.2222
0.8775, 0.2222
0.8725, 0.2222
0.8725, 0.2222
0.8725, 0.2222
0.8725, 0.2222
0.8725, 0.2222
0.8725, 0.2222
0.8676, 0.2222
0.8676, 0.2222
0.8676, 0.2222
0.8676, 0.2222
0.8627, 0.2194
0.8627, 0.2194
0.8627, 0.2194
0.8627, 0.2194
0.8627, 0.2194
0.8627, 0.2194
0.8627, 0.2194
0.8627, 0.2194
0.8627, 0.2194
0.8578, 0.2194
0.8578, 0.2194
0.8578, 0.2194
0.8529, 0.2194
0.8480, 0.2194
0.8480, 0.2194
0.8480, 0.2194
0.8480, 0.2194
0.8480, 0.2194
0.8480, 0.2194
0.8480, 0.2194
0.8431, 0.2194
0.8431, 0.2194
0.8382, 0.2194
0.8382, 0.2194
0.8382, 0.2194
0.8382, 0.2194
0.8382, 0.2194
0.8382, 0.2194
0.8382, 0.2194
0.8382, 0.2194
0.8333, 0.2165
0.8333, 0.2165
0.8333, 0.2165
0.8333, 0.2165
0.8333, 0.2165
0.8284, 0.2165
0.8284, 0.2165
0.8235, 0.2165
0.8235, 0.2165
0.8235, 0.2165
0.8235, 0.2165
0.8235, 0.2165
0.8235, 0.2165
0.8235, 0.2165
0.8235, 0.2165
0.8186, 0.2165
0.8186, 0.2165
0.8186, 0.2165
0.8186, 0.2165
0.8186, 0.2165
0.8186, 0.2165
0.8137, 0.2165
0.8137, 0.2165
0.8137, 0.2165
0.8137, 0.2165
0.8137, 0.2165
0.8088, 0.2165
0.8088, 0.2165
0.8039, 0.2165
0.8039, 0.2165
0.7990, 0.2165
0.7990, 0.2165
0.7990, 0.2165
0.7990, 0.2165
0.7941, 0.2165
0.7941, 0.2165
0.7892, 0.2165
0.7892, 0.2165
0.7892, 0.2165
0.7892, 0.2165
0.7843, 0.2165
0.7843, 0.2165
0.7794, 0.2165
0.7794, 0.2165
0.7745, 0.2165
0.7745, 0.2165
0.7745, 0.2165
0.7745, 0.2165
0.7745, 0.2165
0.7745, 0.2165
0.7696, 0.2165
0.7696, 0.2165
0.7647, 0.2165
0.7647, 0.2165
0.7647, 0.2165
0.7647, 0.2165
0.7647, 0.2165
0.7647, 0.2165
0.7647, 0.2165
0.7598, 0.2165
0.7598, 0.2165
0.7598, 0.2165
0.7598, 0.2165
0.7598, 0.2165
0.7598, 0.2165
0.7549, 0.2165
0.7549, 0.2165
0.7549, 0.2165
0.7549, 0.2165
0.7500, 0.2165
0.7500, 0.2165
0.7500, 0.2194
0.7500, 0.2194
0.7500, 0.2194
0.7500, 0.2194
0.7500, 0.2194
0.7500, 0.2194
0.7500, 0.2194
0.7451, 0.2194
0.7451, 0.2194
0.7451, 0.2194
0.7451, 0.2194
0.7451, 0.2194
0.7451, 0.2194
0.7451, 0.2194
0.7451, 0.2194
0.7451, 0.2194
0.7451, 0.2194
0.7451, 0.2194
0.7451, 0.2194
0.7451, 0.2194
0.7451, 0.2194
0.7451, 0.2194
0.7451, 0.2194
0.7451, 0.2194
0.7451, 0.2194
0.7451, 0.2194
0.7451, 0.2194
0.7451, 0.2194
0.7451, 0.2194
0.7451, 0.2194
0.7451, 0.2194
0.7451, 0.2194
0.7451, 0.2194
0.7451, 0.2194
0.7451, 0.2194
0.7451, 0.2194
0.7451, 0.2194
0.7451, 0.2194
0.7451, 0.2194
0.7451, 0.2194
0.7451, 0.2194
0.7451, 0.2194
0.7451, 0.2194
0.7451, 0.2194
0.7451, 0.2194
0.7451, 0.2194
0.7451, 0.2194
0.7451, 0.2194
0.7451, 0.2194
0.7451, 0.2194
0.7451, 0.2194
0.7451, 0.2194
0.7451, 0.2194
0.7451, 0.2194
0.7451, 0.2194
0.7451, 0.2194
0.7451, 0.2194
0.7451, 0.2194
0.7451, 0.2194
0.7451, 0.2194
0.7451, 0.2194
0.7451, 0.2194
0.7451, 0.2194
0.7451, 0.2194
0.7451, 0.2194
0.7451, 0.2194
0.7451, 0.2194
0.7451, 0.2194
0.7451, 0.2194
0.7451, 0.2194
0.7451, 0.2194
0.7451, 0.2194
0.7451, 0.2194
0.7451, 0.2194
0.7451, 0.2194
0.7451, 0.2194
0.7451, 0.2194
0.7451, 0.2194
0.7451, 0.2194
0.7451, 0.2194
0.7451, 0.2194
0.7451, 0.2194
0.7451, 0.2194
0.7451, 0.2194
0.7500, 0.2194
0.7500, 0.2194
0.7549, 0.2194
0.7549, 0.2194
0.7549, 0.2194
0.7549, 0.2194
0.7598, 0.2194
0.7598, 0.2194
0.7598, 0.2194
0.7598, 0.2194
0.7598, 0.2194
0.7598, 0.2194
0.7647, 0.2194
0.7647, 0.2194
0.7696, 0.2194
0.7696, 0.2194
0.7696, 0.2194
0.7696, 0.2194
0.7696, 0.2194
0.7696, 0.2194
0.7696, 0.2194
0.7696, 0.2194
0.7696, 0.2194
0.7745, 0.2194
0.7745, 0.2194
0.7794, 0.2194
0.7794, 0.2194
0.7794, 0.2194
0.7794, 0.2194
0.7843, 0.2194
0.7843, 0.2194
0.7843, 0.2194
0.7843, 0.2194
0.7843, 0.2194
0.7843, 0.2194
0.7843, 0.2194
0.7843, 0.2194
0.7843, 0.2194
0.7843, 0.2194
0.7843, 0.2194
0.7892, 0.2194
0.7892, 0.2194
0.7892, 0.2194
0.7892, 0.2194
0.7941, 0.2194
0.7941, 0.2194
0.7941, 0.2165
0.7941, 0.2165
0.7941, 0.2165
0.7941, 0.2165
0.7941, 0.2165
0.7941, 0.2165
0.7990, 0.2165
0.7990, 0.2165
0.7990, 0.2165
0.7990, 0.2165
0.7990, 0.2165
0.7990, 0.2165
0.7990, 0.2165
0.8039, 0.2165
0.8039, 0.2165
0.8039, 0.2165
0.8039, 0.2165
0.8088, 0.2165
0.8088, 0.2165
0.8088, 0.2165
0.8088, 0.2165
0.8088, 0.2165
0.8088, 0.2165
0.8137, 0.2165
0.8137, 0.2165
0.8186, 0.2165
0.8186, 0.2165
0.8186, 0.2165
0.8186, 0.2165
0.8186, 0.2165
0.8186, 0.2165
0.8186, 0.2165
0.8186, 0.2165
0.8235, 0.2165
0.8235, 0.2165
0.8235, 0.2137
0.8235, 0.2137
0.8235, 0.2137
0.8235, 0.2137
0.8284, 0.2137
0.8284, 0.2137
0.8284, 0.2137
0.8284, 0.2137
0.8284, 0.2137
0.8333, 0.2137
0.8333, 0.2137
0.8333, 0.2108
0.8333, 0.2108
0.8382, 0.2108
0.8431, 0.2108
0.8431, 0.2108
0.8431, 0.2108
0.8431, 0.2108
0.8431, 0.2108
0.8431, 0.2108
0.8431, 0.2108
0.8480, 0.2108
0.8480, 0.2108
0.8480, 0.2108
0.8480, 0.2108
0.8529, 0.2108
0.8529, 0.2080
0.8529, 0.2080
0.8529, 0.2080
0.8529, 0.2080
0.8529, 0.2080
0.8529, 0.2080
0.8529, 0.2080
0.8578, 0.2080
0.8578, 0.2080
0.8578, 0.2080
0.8578, 0.2080
0.8578, 0.2080
0.8627, 0.2051
0.8627, 0.2051
0.8627, 0.2051
0.8627, 0.2051
0.8676, 0.2051
0.8676, 0.2051
0.8676, 0.2051
0.8676, 0.2051
0.8676, 0.2051
0.8676, 0.2051
0.8676, 0.2051
0.8725, 0.2051
0.8725, 0.2051
0.8725, 0.2051
0.8725, 0.2051
0.8775, 0.2051
0.8775, 0.2051
0.8824, 0.2051
0.8824, 0.2051
0.8824, 0.2023
0.8824, 0.2023
0.8824, 0.2023
0.8824, 0.2023
0.8824, 0.2023
0.8824, 0.2023
0.8824, 0.2023
0.8824, 0.2023
0.8873, 0.2023
0.8873, 0.2023
0.8873, 0.2023
0.8873, 0.2023
0.8873, 0.2023
0.8873, 0.2023
0.8873, 0.1994
0.8873, 0.1994
0.8922, 0.1994
0.8922, 0.1994
0.8922, 0.1994
0.8922, 0.1994
0.8922, 0.1994
0.8922, 0.1994
0.8922, 0.1966
0.8922, 0.1966
0.8971, 0.1966
0.8971, 0.1966
0.9020, 0.1966
0.9020, 0.1966
0.9020, 0.1966
0.9020, 0.1966
0.9020, 0.1966
0.9020, 0.1966
0.9069, 0.1966
0.9069, 0.1966
0.9069, 0.1966
0.9069, 0.1966
0.9118, 0.1966
0.9118, 0.1966
0.9118, 0.1966
0.9118, 0.1966
0.9118, 0.1937
0.9118, 0.1937
0.9118, 0.1937
0.9118, 0.1937
0.9118, 0.1937
0.9118, 0.1937
0.9118, 0.1937
0.9167, 0.1937
0.9167, 0.1937
0.9167, 0.1937
0.9167, 0.1937
0.9167, 0.1937
0.9167, 0.1937
0.9167, 0.1909
0.9167, 0.1909
0.9167, 0.1909
0.9167, 0.1909
0.9216, 0.1909
0.9216, 0.1909
0.9265, 0.1909
0.9265, 0.1909
0.9265, 0.1909
0.9265, 0.1909
0.9265, 0.1909
0.9265, 0.1909
0.9314, 0.1880
0.9314, 0.1880
0.9363, 0.1880
0.9363, 0.1880
0.9363, 0.1880
0.9363, 0.1880
0.9363, 0.1880
0.9412, 0.1852
0.9412, 0.1852
0.9412, 0.1852
0.9412, 0.1852
0.9412, 0.1852
0.9412, 0.1852
0.9412, 0.1852
0.9412, 0.1852
0.9412, 0.1852
0.9412, 0.1852
0.9461, 0.1823
0.9461, 0.1823
0.9461, 0.1823
0.9461, 0.1823
0.9510, 0.1823
0.9510, 0.1823
0.9510, 0.1823
0.9510, 0.1823
0.9510, 0.1823
0.9510, 0.1823
0.9559, 0.1823
0.9559, 0.1823
0.9559, 0.1795
0.9559, 0.1795
0.9559, 0.1795
0.9559, 0.1795
0.9608, 0.1795
0.9608, 0.1795
0.9608, 0.1795
0.9608, 0.1795
0.9608, 0.1766
0.9608, 0.1766
0.9608, 0.1766
0.9608, 0.1766
0.9657, 0.1766
0.9657, 0.1766
0.9657, 0.1766
0.9657, 0.1766
0.9657, 0.1766
0.9657, 0.1766
0.9657, 0.1766
0.9657, 0.1766
0.9706, 0.1738
0.9706, 0.1738
0.9706, 0.1738
0.9706, 0.1738
0.9755, 0.1709
0.9755, 0.1709
0.9755, 0.1709
0.9755, 0.1709
0.9755, 0.1709
0.9755, 0.1709
0.9755, 0.1709
0.9755, 0.1681
0.9755, 0.1681
0.9755, 0.1681
0.9755, 0.1681
0.9755, 0.1681
0.9755, 0.1681
0.9804, 0.1681
0.9804, 0.1681
0.9804, 0.1681
0.9804, 0.1681
0.9804, 0.1681
0.9804, 0.1681
0.9853, 0.1652
0.9853, 0.1652
0.9853, 0.1652
0.9853, 0.1652
0.9853, 0.1624
0.9853, 0.1624
0.9853, 0.1624
0.9853, 0.1624
0.9902, 0.1624
0.9902, 0.1624
0.9902, 0.1624
0.9902, 0.1624
0.9902, 0.1624
0.9902, 0.1624
0.9902, 0.1624
0.9902, 0.1595
0.9902, 0.1595
0.9902, 0.1595
0.9902, 0.1567
0.9902, 0.1567
0.9902, 0.1567
0.9902, 0.1567
0.9902, 0.1538
0.9902, 0.1538
0.9951, 0.1538
0.9951, 0.1538
0.9951, 0.1538
0.9951, 0.1538
0.9951, 0.1538
0.9951, 0.1538
0.9951, 0.1510
0.9951, 0.1510
0.9951, 0.1481
0.9951, 0.1481
0.9951, 0.1481
0.9951, 0.1481
0.9951, 0.1481
0.9951, 0.1481
0.9951, 0.1453
0.9951, 0.1453
1.0000, 0.1425
1.0000, 0.1425
1.0000, 0.1396
1.0000, 0.1396
1.0000, 0.1396
1.0000, 0.1396
1.0000, 0.1396
1.0000, 0.1396
1.0000, 0.1368
1.0000, 0.1368
1.0000, 0.1368
1.0000, 0.1368
1.0000, 0.1339
1.0000, 0.1339
1.0000, 0.1339
1.0000, 0.1339
1.0000, 0.1339
1.0000, 0.1339
1.0000, 0.1311
1.0000, 0.1311
1.0000, 0.1282
1.0000, 0.1282
1.0000, 0.1254
1.0000, 0.1254
1.0000, 0.1254
1.0000, 0.1254
1.0000, 0.1254
1.0000, 0.1254
1.0000, 0.1225
1.0000, 0.1225
1.0000, 0.1225
1.0000, 0.1225
1.0000, 0.1197
1.0000, 0.1197
1.0000, 0.1197
1.0000, 0.1197
1.0000, 0.1197
1.0000, 0.1197
1.0000, 0.1168
1.0000, 0.1168
1.0000, 0.1168
1.0000, 0.1168
1.0000, 0.1140
1.0000, 0.1140
1.0000, 0.1140
1.0000, 0.1140
1.0000, 0.1111
1.0000, 0.1111
1.0000, 0.1083
1.0000, 0.1083
1.0000, 0.1054
1.0000, 0.1054
1.0000, 0.1054
1.0000, 0.1054
1.0000, 0.1054
1.0000, 0.1054
1.0000, 0.1026
1.0000, 0.0997
1.0000, 0.0997
1.0000, 0.0997
1.0000, 0.0997
1.0000, 0.0997
1.0000, 0.0997
1.0000, 0.0969
1.0000, 0.0969
1.0000, 0.0969
1.0000, 0.0969
1.0000, 0.0969
1.0000, 0.0940
1.0000, 0.0912
1.0000, 0.0912
1.0000, 0.0912
1.0000, 0.0912
1.0000, 0.0912
1.0000, 0.0912
1.0000, 0.0912
1.0000, 0.0883
1.0000, 0.0883
1.0000, 0.0883
1.0000, 0.0883
1.0000, 0.0855
1.0000, 0.0855
1.0000, 0.0855
1.0000, 0.0855
1.0000, 0.0855
1.0000, 0.0855
1.0000, 0.0855
1.0000, 0.0855
1.0000, 0.0826
1.0000, 0.0826
1.0000, 0.0826
1.0000, 0.0826
1.0000, 0.0798
1.0000, 0.0798
1.0000, 0.0798
1.0000, 0.0798
1.0000, 0.0798
1.0000, 0.0798
1.0000, 0.0769
1.0000, 0.0769
1.0000, 0.0769
1.0000, 0.0769
1.0000, 0.0769
1.0000, 0.0769
0.9951, 0.0741
0.9951, 0.0741
0.9951, 0.0741
0.9951, 0.0741
0.9951, 0.0712
0.9951, 0.0712
0.9951, 0.0712
0.9951, 0.0712
0.9951, 0.0712
0.9951, 0.0712
0.9951, 0.0712
0.9951, 0.0712
0.9902, 0.0684
0.9902, 0.0684
0.9902, 0.0684
0.9902, 0.0684
0.9902, 0.0684
0.9902, 0.0684
0.9853, 0.0655
0.9853, 0.0655
0.9853, 0.0655
0.9853, 0.0655
0.9853, 0.0627
0.9853, 0.0627
0.9804, 0.0627
0.9804, 0.0627
0.9804, 0.0627
0.9804, 0.0627
0.9804, 0.0598
0.9804, 0.0598
0.9804, 0.0598
0.9804, 0.0598
0.9755, 0.0570
0.9755, 0.0570
0.9755, 0.0570
0.9755, 0.0570
0.9706, 0.0570
0.9706, 0.0570
0.9706, 0.0570
0.9706, 0.0570
0.9706, 0.0541
0.9706, 0.0541
0.9706, 0.0541
0.9706, 0.0541
0.9657, 0.0513
0.9657, 0.0513
0.9657, 0.0513
0.9657, 0.0513
0.9608, 0.0484
0.9608, 0.0484
0.9608, 0.0484
0.9559, 0.0484
0.9559, 0.0484
0.9559, 0.0484
0.9559, 0.0484
0.9559, 0.0456
0.9559, 0.0456
0.9559, 0.0456
0.9559, 0.0456
0.9510, 0.0427
0.9510, 0.0427
0.9510, 0.0427
0.9510, 0.0427
0.9461, 0.0427
0.9461, 0.0427
0.9461, 0.0427
0.9461, 0.0427
0.9461, 0.0427
0.9461, 0.0427
0.9461, 0.0399
0.9461, 0.0399
0.9412, 0.0399
0.9412, 0.0399
0.9412, 0.0399
0.9412, 0.0399
0.9363, 0.0370
0.9363, 0.0370
0.9363, 0.0370
0.9363, 0.0370
0.9314, 0.0342
0.9314, 0.0342
0.9314, 0.0342
0.9314, 0.0342
0.9314, 0.0342
0.9314, 0.0342
0.9265, 0.0342
0.9216, 0.0342
0.9216, 0.0342
0.9216, 0.0313
0.9216, 0.0313
0.9216, 0.0313
0.9216, 0.0313
0.9167, 0.0313
0.9167, 0.0313
0.9118, 0.0285
0.9118, 0.0285
0.9069, 0.0285
0.9069, 0.0285
0.9069, 0.0285
0.9069, 0.0285
0.9069, 0.0285
0.9069, 0.0285
0.9020, 0.0285
0.9020, 0.0285
0.8971, 0.0285
0.8971, 0.0285
0.8971, 0.0285
0.8971, 0.0285
0.8971, 0.0256
0.8971, 0.0256
0.8922, 0.0256
0.8922, 0.0256
0.8873, 0.0256
0.8873, 0.0256
0.8873, 0.0256
0.8824, 0.0228
0.8824, 0.0228
0.8775, 0.0228
0.8775, 0.0228
0.8725, 0.0228
0.8725, 0.0228
0.8725, 0.0228
0.8725, 0.0228
0.8676, 0.0228
0.8676, 0.0228
0.8627, 0.0228
0.8627, 0.0228
0.8627, 0.0228
0.8627, 0.0228
0.8578, 0.0199
0.8578, 0.0199
0.8529, 0.0199
0.8480, 0.0199
0.8480, 0.0199
0.8480, 0.0199
0.8480, 0.0199
0.8480, 0.0171
0.8480, 0.0171
0.8431, 0.0171
0.8431, 0.0171
0.8382, 0.0171
0.8382, 0.0171
0.8382, 0.0171
0.8382, 0.0171
0.8333, 0.0142
0.8284, 0.0142
0.8284, 0.0142
0.8235, 0.0142
0.8235, 0.0142
0.8235, 0.0142
0.8235, 0.0142
0.8186, 0.0142
0.8186, 0.0142
0.8186, 0.0114
0.8186, 0.0114
0.8137, 0.0114
0.8137, 0.0114
0.8137, 0.0114
0.8137, 0.0114
0.8088, 0.0085
0.8039, 0.0085
0.8039, 0.0085
0.7990, 0.0085
0.7990, 0.0085
0.7990, 0.0085
0.7990, 0.0085
0.7990, 0.0085
0.7990, 0.0085
0.7941, 0.0085
0.7941, 0.0085
0.7892, 0.0085
0.7892, 0.0085
0.7892, 0.0085
0.7892, 0.0085
0.7892, 0.0085
0.7892, 0.0085
0.7843, 0.0085
0.7843, 0.0085
0.7794, 0.0085
0.7794, 0.0085
0.7745, 0.0057
0.7745, 0.0057
0.7696, 0.0057
0.7647, 0.0057
0.7647, 0.0057
0.7647, 0.0057
0.7647, 0.0057
0.7549, 0.0028
0.7549, 0.0028
0.7500, 0.0028
0.7500, 0.0028
0.7500, 0.0028
0.7402, 0.0028
0.7402, 0.0028
0.7353, 0.0028
0.7353, 0.0028
0.7353, 0.0028
0.7304, 0.0028
0.7304, 0.0028
0.7255, 0.0028
0.7206, 0.0028
0.7206, 0.0028
0.7206, 0.0028
0.7206, 0.0028
0.7157, 0.0028
0.7157, 0.0028
0.7108, 0.0028
0.7108, 0.0028
0.7108, 0.0028
0.7108, 0.0028
0.7059, 0.0028
0.7059, 0.0028
0.7010, 0.0028
0.7010, 0.0028
0.7010, 0.0028
0.7010, 0.0028
0.7010, 0.0028
0.6961, 0.0028
0.6961, 0.0028
0.6912, 0.0000
0.6912, 0.0000
0.6863, 0.0000
0.6863, 0.0000
0.6863, 0.0000
0.6863, 0.0000
0.6814, 0.0000
0.6814, 0.0000
0.6765, 0.0000
0.6765, 0.0000
0.6765, 0.0000
0.6716, 0.0000
0.6716, 0.0000
0.6716, 0.0000
0.6716, 0.0000
0.6716, 0.0000
0.6618, 0.0000
0.6618, 0.0000
0.6618, 0.0000
0.6618, 0.0000
0.6618, 0.0000
0.6618, 0.0000
0.6618, 0.0000
0.6618, 0.0000
0.6618, 0.0000
0.6618, 0.0000
0.6569, 0.0000
0.6569, 0.0000
0.6520, 0.0000
0.6520, 0.0000
0.6471, 0.0000
0.6471, 0.0000
0.6471, 0.0000
0.6471, 0.0000
0.6422, 0.0000
0.6422, 0.0000
0.6422, 0.0000
0.6422, 0.0000
0.6373, 0.0000
0.6373, 0.0000
0.6373, 0.0000
0.6373, 0.0000
0.6373, 0.0000
0.6373, 0.0000
0.6373, 0.0000
0.6373, 0.0000
0.6373, 0.0000
0.6373, 0.0000
0.6373, 0.0000
0.6373, 0.0000
0.6373, 0.0000
0.6373, 0.0000
0.6373, 0.0000
0.6373, 0.0000
0.6373, 0.0000
0.6373, 0.0000
0.6373, 0.0000
0.6373, 0.0000
0.6373, 0.0000
0.6373, 0.0000
0.6373, 0.0000
0.6373, 0.0000
0.6373, 0.0000
0.6373, 0.0000
0.6373, 0.0000
0.6373, 0.0000
0.6373, 0.0000
0.6373, 0.0000
0.6373, 0.0000
0.6373, 0.0000
0.6373, 0.0000
0.6373, 0.0000
0.6373, 0.0000
0.6373, 0.0000
0.6373, 0.0000
0.6373, 0.0000
0.6373, 0.0000
0.6373, 0.0000
0.6373, 0.0000
0.6373, 0.0000
0.6373, 0.0000
0.6373, 0.0000
0.6373, 0.0000
0.6373, 0.0000
0.6373, 0.0000
0.6373, 0.0000
0.6373, 0.0000
0.6373, 0.0000
0.6373, 0.0000
0.6324, 0.0000
0.6324, 0.0000
0.6324, 0.0000
0.6324, 0.0000
0.6324, 0.0000
0.6324, 0.0000
0.6324, 0.0000
0.6324, 0.0000
0.6324, 0.0000
0.6324, 0.0028
0.6324, 0.0028
0.0000, 1.0000
0.0000, 1.0000
0.0000, 1.0000
0.0000, 1.0000
0.0000, 1.0000
0.0000, 1.0000
0.0000, 1.0000
0.0000, 1.0000
0.0000, 1.0000
0.0000, 1.0000
0.0000, 1.0000
0.0000, 1.0000
0.0000, 1.0000
0.0000, 1.0000
0.0000, 1.0000
0.0000, 1.0000
0.0000, 1.0000
0.0000, 1.0000
0.0000, 1.0000
0.0000, 1.0000
0.0000, 1.0000
0.0000, 1.0000
0.0000, 1.0000
0.0000, 1.0000
0.0000, 1.0000
0.0000, 1.0000
0.0000, 1.0000
0.0000, 1.0000
0.0000, 1.0000
0.0000, 1.0000
0.0000, 1.0000
0.0000, 1.0000
0.0000, 1.0000
0.0000, 1.0000
