0.3166, 0.0000
0.3166, 0.0000
0.3166, 0.0000
0.3166, 0.0000
0.3166, 0.0000
0.3166, 0.0000
0.3166, 0.0000
0.3166, 0.0000
0.3166, 0.0000
0.3166, 0.0000
0.3166, 0.0000
0.3166, 0.0000
0.3166, 0.0000
0.3166, 0.0000
0.3166, 0.0000
0.3166, 0.0000
0.3166, 0.0000
0.3166, 0.0000
0.3166, 0.0000
0.3166, 0.0000
0.3166, 0.0000
0.3166, 0.0000
0.3166, 0.0000
0.3166, 0.0000
0.3166, 0.0000
0.3166, 0.0000
0.3166, 0.0000
0.3166, 0.0000
0.3166, 0.0000
0.3166, 0.0000
0.3166, 0.0000
0.3166, 0.0000
0.3166, 0.0000
0.3166, 0.0000
0.3166, 0.0000
0.3166, 0.0000
0.3166, 0.0000
0.3166, 0.0000
0.3166, 0.0000
0.3166, 0.0000
0.3166, 0.0000
0.3166, 0.0000
0.3166, 0.0000
0.3166, 0.0000
0.3166, 0.0000
0.3166, 0.0000
0.3166, 0.0000
0.3166, 0.0000
0.3166, 0.0000
0.3166, 0.0000
0.3166, 0.0025
0.3166, 0.0025
0.3166, 0.0025
0.3166, 0.0025
0.3166, 0.0025
0.3166, 0.0051
0.3166, 0.0051
0.3166, 0.0051
0.3166, 0.0051
0.3166, 0.0051
0.3166, 0.0051
0.3166, 0.0051
0.3166, 0.0051
0.3205, 0.0051
0.3205, 0.0051
0.3205, 0.0051
0.3205, 0.0102
0.3205, 0.0102
0.3205, 0.0102
0.3205, 0.0102
0.3205, 0.0127
0.3205, 0.0127
0.3205, 0.0127
0.3205, 0.0127
0.3205, 0.0127
0.3205, 0.0153
0.3205, 0.0153
0.3205, 0.0153
0.3205, 0.0153
0.3205, 0.0204
0.3205, 0.0204
0.3205, 0.0204
0.3205, 0.0204
0.3205, 0.0229
0.3205, 0.0229
0.3205, 0.0229
0.3205, 0.0229
0.3205, 0.0280
0.3205, 0.0280
0.3205, 0.0280
0.3205, 0.0280
0.3205, 0.0305
0.3205, 0.0305
0.3205, 0.0305
0.3205, 0.0305
0.3243, 0.0331
0.3243, 0.0331
0.3243, 0.0331
0.3243, 0.0331
0.3243, 0.0356
0.3243, 0.0356
0.3243, 0.0356
0.3282, 0.0382
0.3282, 0.0382
0.3282, 0.0382
0.3282, 0.0382
0.3282, 0.0407
0.3282, 0.0407
0.3282, 0.0407
0.3282, 0.0407
0.3282, 0.0407
0.3282, 0.0458
0.3282, 0.0458
0.3282, 0.0458
0.3282, 0.0458
0.3320, 0.0458
0.3320, 0.0458
0.3320, 0.0458
0.3320, 0.0458
0.3320, 0.0509
0.3320, 0.0509
0.3320, 0.0509
0.3320, 0.0509
0.3320, 0.0534
0.3320, 0.0534
0.3320, 0.0534
0.3320, 0.0534
0.3320, 0.0560
0.3320, 0.0560
0.3320, 0.0560
0.3320, 0.0560
0.3320, 0.0585
0.3320, 0.0585
0.3320, 0.0585
0.3320, 0.0585
0.3320, 0.0611
0.3320, 0.0611
0.3320, 0.0611
0.3320, 0.0611
0.3359, 0.0611
0.3359, 0.0611
0.3359, 0.0611
0.3359, 0.0611
0.3359, 0.0662
0.3359, 0.0662
0.3359, 0.0662
0.3359, 0.0662
0.3359, 0.0687
0.3359, 0.0687
0.3359, 0.0687
0.3359, 0.0687
0.3398, 0.0687
0.3398, 0.0687
0.3398, 0.0687
0.3398, 0.0687
0.3398, 0.0712
0.3398, 0.0712
0.3398, 0.0712
0.3398, 0.0712
0.3398, 0.0738
0.3398, 0.0738
0.3398, 0.0738
0.3398, 0.0738
0.3398, 0.0738
0.3398, 0.0738
0.3398, 0.0738
0.3398, 0.0738
0.3398, 0.0738
0.3436, 0.0738
0.3436, 0.0738
0.3436, 0.0738
0.3436, 0.0738
0.3436, 0.0763
0.3436, 0.0763
0.3436, 0.0763
0.3436, 0.0789
0.3436, 0.0789
0.3436, 0.0789
0.3436, 0.0789
0.3436, 0.0814
0.3436, 0.0814
0.3436, 0.0814
0.3436, 0.0814
0.3436, 0.0814
0.3436, 0.0814
0.3436, 0.0814
0.3436, 0.0814
0.3436, 0.0814
0.3436, 0.0814
0.3436, 0.0814
0.3436, 0.0814
0.3436, 0.0814
0.3436, 0.0840
0.3436, 0.0840
0.3436, 0.0840
0.3436, 0.0840
0.3436, 0.0865
0.3436, 0.0865
0.3436, 0.0865
0.3436, 0.0865
0.3475, 0.0865
0.3475, 0.0865
0.3475, 0.0891
0.3475, 0.0891
0.3514, 0.0916
0.3514, 0.0916
0.3514, 0.0941
0.3514, 0.0941
0.3514, 0.0967
0.3514, 0.0992
0.3514, 0.0992
0.3514, 0.0992
0.3552, 0.1043
0.3552, 0.1043
0.3552, 0.1043
0.3552, 0.1043
0.3552, 0.1043
0.3552, 0.1043
0.3591, 0.1069
0.3591, 0.1069
0.3591, 0.1069
0.3591, 0.1069
0.3591, 0.1094
0.3591, 0.1094
0.3591, 0.1094
0.3591, 0.1120
0.3591, 0.1120
0.3591, 0.1120
0.3591, 0.1120
0.3591, 0.1120
0.3591, 0.1120
0.3591, 0.1120
0.3591, 0.1120
0.3591, 0.1120
0.3591, 0.1120
0.3591, 0.1120
0.3591, 0.1120
0.3629, 0.1145
0.3629, 0.1145
0.3629, 0.1145
0.3629, 0.1145
0.3629, 0.1145
0.3629, 0.1145
0.3629, 0.1145
0.3629, 0.1145
0.3668, 0.1170
0.3668, 0.1170
0.3668, 0.1170
0.3668, 0.1170
0.3668, 0.1170
0.3668, 0.1170
0.3668, 0.1170
0.3668, 0.1170
0.3668, 0.1196
0.3668, 0.1196
0.3668, 0.1196
0.3668, 0.1196
0.3707, 0.1221
0.3707, 0.1221
0.3707, 0.1221
0.3707, 0.1221
0.3707, 0.1221
0.3707, 0.1221
0.3707, 0.1221
0.3707, 0.1221
0.3707, 0.1221
0.3707, 0.1247
0.3707, 0.1247
0.3707, 0.1247
0.3707, 0.1247
0.3707, 0.1247
0.3707, 0.1247
0.3707, 0.1247
0.3707, 0.1247
0.3745, 0.1272
0.3745, 0.1272
0.3745, 0.1272
0.3745, 0.1272
0.3745, 0.1298
0.3745, 0.1298
0.3745, 0.1298
0.3784, 0.1298
0.3784, 0.1298
0.3784, 0.1298
0.3784, 0.1298
0.3784, 0.1323
0.3784, 0.1323
0.3784, 0.1323
0.3784, 0.1323
0.3784, 0.1349
0.3784, 0.1349
0.3784, 0.1349
0.3784, 0.1349
0.3784, 0.1374
0.3784, 0.1374
0.3784, 0.1374
0.3784, 0.1374
0.3822, 0.1374
0.3822, 0.1374
0.3822, 0.1374
0.3822, 0.1374
0.3822, 0.1399
0.3822, 0.1399
0.3822, 0.1399
0.3861, 0.1425
0.3861, 0.1425
0.3861, 0.1425
0.3861, 0.1425
0.3861, 0.1425
0.3861, 0.1425
0.3861, 0.1425
0.3861, 0.1425
0.3861, 0.1425
0.3900, 0.1425
0.3900, 0.1425
0.3900, 0.1425
0.3900, 0.1425
0.3900, 0.1450
0.3900, 0.1450
0.3900, 0.1450
0.3900, 0.1476
0.3900, 0.1476
0.3900, 0.1476
0.3900, 0.1476
0.3900, 0.1501
0.3900, 0.1501
0.3900, 0.1501
0.3900, 0.1501
0.3938, 0.1501
0.3938, 0.1501
0.3938, 0.1501
0.3938, 0.1501
0.3938, 0.1527
0.3938, 0.1527
0.3938, 0.1527
0.3938, 0.1527
0.3977, 0.1552
0.3977, 0.1552
0.3977, 0.1552
0.4015, 0.1578
0.4015, 0.1578
0.4015, 0.1578
0.4015, 0.1578
0.4015, 0.1603
0.4015, 0.1603
0.4015, 0.1603
0.4015, 0.1603
0.4015, 0.1628
0.4015, 0.1628
0.4015, 0.1628
0.4015, 0.1628
0.4054, 0.1628
0.4054, 0.1628
0.4054, 0.1628
0.4054, 0.1628
0.4054, 0.1654
0.4054, 0.1654
0.4054, 0.1654
0.4093, 0.1679
0.4093, 0.1679
0.4093, 0.1679
0.4093, 0.1679
0.4093, 0.1679
0.4093, 0.1679
0.4093, 0.1679
0.4093, 0.1679
0.4093, 0.1679
0.4093, 0.1679
0.4093, 0.1679
0.4093, 0.1679
0.4093, 0.1705
0.4093, 0.1705
0.4093, 0.1705
0.4093, 0.1705
0.4093, 0.1730
0.4093, 0.1730
0.4093, 0.1730
0.4093, 0.1730
0.4131, 0.1756
0.4131, 0.1756
0.4131, 0.1756
0.4131, 0.1756
0.4131, 0.1756
0.4131, 0.1756
0.4131, 0.1756
0.4131, 0.1756
0.4170, 0.1781
0.4170, 0.1781
0.4170, 0.1781
0.4170, 0.1807
0.4170, 0.1807
0.4170, 0.1807
0.4170, 0.1807
0.4170, 0.1807
0.4170, 0.1807
0.4170, 0.1807
0.4170, 0.1832
0.4170, 0.1832
0.4170, 0.1832
0.4170, 0.1832
0.4208, 0.1858
0.4208, 0.1858
0.4208, 0.1858
0.4208, 0.1858
0.4208, 0.1883
0.4208, 0.1883
0.4208, 0.1883
0.4247, 0.1883
0.4247, 0.1883
0.4247, 0.1883
0.4247, 0.1883
0.4247, 0.1908
0.4247, 0.1908
0.4247, 0.1908
0.4286, 0.1934
0.4286, 0.1934
0.4286, 0.1934
0.4286, 0.1934
0.4286, 0.1934
0.4286, 0.1934
0.4286, 0.1934
0.4286, 0.1934
0.4286, 0.1934
0.4286, 0.1934
0.4286, 0.1934
0.4286, 0.1959
0.4286, 0.1959
0.4286, 0.1959
0.4286, 0.1959
0.4286, 0.1985
0.4286, 0.1985
0.4286, 0.1985
0.4286, 0.1985
0.4324, 0.1985
0.4324, 0.1985
0.4324, 0.1985
0.4324, 0.2010
0.4324, 0.2010
0.4324, 0.2010
0.4324, 0.2010
0.4324, 0.2010
0.4324, 0.2010
0.4324, 0.2010
0.4324, 0.2010
0.4363, 0.2036
0.4363, 0.2036
0.4363, 0.2036
0.4363, 0.2036
0.4363, 0.2061
0.4363, 0.2061
0.4363, 0.2061
0.4363, 0.2061
0.4363, 0.2061
0.4363, 0.2061
0.4363, 0.2061
0.4363, 0.2061
0.4402, 0.2087
0.4402, 0.2087
0.4402, 0.2087
0.4402, 0.2112
0.4402, 0.2112
0.4402, 0.2112
0.4402, 0.2112
0.4440, 0.2112
0.4440, 0.2112
0.4440, 0.2112
0.4440, 0.2112
0.4440, 0.2137
0.4440, 0.2137
0.4440, 0.2137
0.4479, 0.2137
0.4479, 0.2137
0.4479, 0.2137
0.4479, 0.2137
0.4479, 0.2163
0.4479, 0.2163
0.4479, 0.2163
0.4479, 0.2163
0.4479, 0.2163
0.4479, 0.2163
0.4479, 0.2163
0.4479, 0.2163
0.4479, 0.2188
0.4479, 0.2188
0.4479, 0.2188
0.4479, 0.2188
0.4479, 0.2188
0.4479, 0.2188
0.4479, 0.2188
0.4517, 0.2188
0.4517, 0.2188
0.4517, 0.2188
0.4517, 0.2214
0.4517, 0.2214
0.4517, 0.2214
0.4517, 0.2214
0.4556, 0.2214
0.4556, 0.2214
0.4556, 0.2214
0.4556, 0.2214
0.4556, 0.2239
0.4556, 0.2239
0.4556, 0.2239
0.4556, 0.2239
0.4556, 0.2265
0.4556, 0.2265
0.4556, 0.2265
0.4556, 0.2265
0.4556, 0.2265
0.4556, 0.2265
0.4556, 0.2265
0.4556, 0.2265
0.4556, 0.2265
0.4556, 0.2265
0.4556, 0.2265
0.4595, 0.2265
0.4595, 0.2265
0.4595, 0.2265
0.4595, 0.2265
0.4595, 0.2290
0.4595, 0.2290
0.4595, 0.2290
0.4595, 0.2290
0.4633, 0.2290
0.4633, 0.2290
0.4633, 0.2290
0.4633, 0.2316
0.4633, 0.2316
0.4633, 0.2316
0.4633, 0.2316
0.4672, 0.2316
0.4672, 0.2316
0.4672, 0.2316
0.4672, 0.2341
0.4672, 0.2341
0.4672, 0.2341
0.4672, 0.2341
0.4672, 0.2341
0.4672, 0.2341
0.4672, 0.2341
0.4672, 0.2341
0.4710, 0.2366
0.4710, 0.2366
0.4710, 0.2366
0.4710, 0.2366
0.4710, 0.2392
0.4710, 0.2392
0.4710, 0.2392
0.4749, 0.2392
0.4749, 0.2392
0.4749, 0.2392
0.4749, 0.2392
0.4749, 0.2417
0.4749, 0.2417
0.4749, 0.2417
0.4749, 0.2417
0.4749, 0.2443
0.4749, 0.2443
0.4749, 0.2443
0.4788, 0.2443
0.4788, 0.2443
0.4788, 0.2443
0.4788, 0.2443
0.4826, 0.2443
0.4826, 0.2443
0.4826, 0.2443
0.4826, 0.2443
0.4826, 0.2443
0.4826, 0.2443
0.4826, 0.2443
0.4826, 0.2443
0.4865, 0.2468
0.4865, 0.2468
0.4865, 0.2468
0.4865, 0.2494
0.4865, 0.2494
0.4865, 0.2494
0.4865, 0.2494
0.4865, 0.2494
0.4865, 0.2494
0.4865, 0.2494
0.4865, 0.2494
0.4865, 0.2494
0.4865, 0.2494
0.4865, 0.2494
0.4865, 0.2494
0.4903, 0.2494
0.4903, 0.2494
0.4903, 0.2494
0.4903, 0.2519
0.4903, 0.2519
0.4903, 0.2519
0.4903, 0.2519
0.4942, 0.2519
0.4942, 0.2519
0.4942, 0.2519
0.4942, 0.2519
0.4942, 0.2545
0.4942, 0.2545
0.4942, 0.2545
0.4942, 0.2545
0.4942, 0.2545
0.4942, 0.2545
0.4942, 0.2545
0.4981, 0.2570
0.4981, 0.2570
0.4981, 0.2570
0.4981, 0.2570
0.4981, 0.2570
0.4981, 0.2570
0.5019, 0.2570
0.5019, 0.2570
0.5019, 0.2570
0.5019, 0.2570
0.5058, 0.2595
0.5058, 0.2595
0.5058, 0.2595
0.5058, 0.2595
0.5058, 0.2595
0.5058, 0.2595
0.5058, 0.2595
0.5058, 0.2621
0.5058, 0.2621
0.5058, 0.2621
0.5097, 0.2621
0.5097, 0.2621
0.5097, 0.2621
0.5097, 0.2621
0.5097, 0.2621
0.5097, 0.2621
0.5097, 0.2621
0.5097, 0.2621
0.5135, 0.2621
0.5135, 0.2621
0.5135, 0.2621
0.5135, 0.2621
0.5135, 0.2621
0.5135, 0.2621
0.5135, 0.2621
0.5135, 0.2646
0.5135, 0.2646
0.5135, 0.2646
0.5135, 0.2646
0.5174, 0.2672
0.5174, 0.2672
0.5174, 0.2672
0.5212, 0.2672
0.5212, 0.2672
0.5212, 0.2672
0.5212, 0.2697
0.5212, 0.2697
0.5212, 0.2697
0.5251, 0.2697
0.5251, 0.2697
0.5251, 0.2697
0.5251, 0.2697
0.5251, 0.2697
0.5251, 0.2697
0.5251, 0.2697
0.5251, 0.2697
0.5251, 0.2697
0.5251, 0.2697
0.5251, 0.2697
0.5290, 0.2723
0.5290, 0.2723
0.5328, 0.2723
0.5328, 0.2723
0.5328, 0.2723
0.5328, 0.2723
0.5328, 0.2748
0.5328, 0.2748
0.5328, 0.2748
0.5367, 0.2748
0.5367, 0.2748
0.5367, 0.2748
0.5367, 0.2748
0.5367, 0.2748
0.5367, 0.2748
0.5367, 0.2748
0.5367, 0.2748
0.5405, 0.2774
0.5405, 0.2774
0.5405, 0.2774
0.5405, 0.2774
0.5405, 0.2774
0.5405, 0.2774
0.5405, 0.2774
0.5444, 0.2799
0.5444, 0.2799
0.5444, 0.2799
0.5444, 0.2799
0.5444, 0.2799
0.5444, 0.2799
0.5444, 0.2799
0.5444, 0.2799
0.5483, 0.2799
0.5483, 0.2799
0.5483, 0.2799
0.5521, 0.2824
0.5521, 0.2824
0.5521, 0.2824
0.5521, 0.2824
0.5521, 0.2824
0.5521, 0.2824
0.5521, 0.2824
0.5521, 0.2824
0.5521, 0.2824
0.5521, 0.2824
0.5560, 0.2850
0.5560, 0.2850
0.5560, 0.2850
0.5560, 0.2850
0.5598, 0.2850
0.5598, 0.2850
0.5598, 0.2850
0.5598, 0.2875
0.5598, 0.2875
0.5598, 0.2875
0.5598, 0.2875
0.5598, 0.2875
0.5598, 0.2875
0.5598, 0.2875
0.5598, 0.2875
0.5637, 0.2875
0.5637, 0.2875
0.5637, 0.2875
0.5676, 0.2875
0.5676, 0.2875
0.5676, 0.2875
0.5676, 0.2875
0.5714, 0.2901
0.5714, 0.2901
0.5714, 0.2901
0.5714, 0.2901
0.5714, 0.2901
0.5714, 0.2901
0.5714, 0.2901
0.5714, 0.2926
0.5714, 0.2926
0.5714, 0.2926
0.5714, 0.2926
0.5753, 0.2926
0.5753, 0.2926
0.5753, 0.2926
0.5753, 0.2926
0.5753, 0.2926
0.5753, 0.2926
0.5792, 0.2952
0.5792, 0.2952
0.5792, 0.2952
0.5792, 0.2952
0.5792, 0.2952
0.5792, 0.2952
0.5792, 0.2952
0.5830, 0.2952
0.5830, 0.2952
0.5830, 0.2952
0.5830, 0.2952
0.5869, 0.2952
0.5869, 0.2952
0.5869, 0.2952
0.5869, 0.2977
0.5869, 0.2977
0.5869, 0.2977
0.5869, 0.2977
0.5907, 0.2977
0.5907, 0.2977
0.5907, 0.2977
0.5907, 0.3003
0.5907, 0.3003
0.5907, 0.3003
0.5907, 0.3003
0.5907, 0.3003
0.5907, 0.3003
0.5907, 0.3003
0.5907, 0.3003
0.5946, 0.3003
0.5946, 0.3003
0.5946, 0.3003
0.5946, 0.3003
0.5946, 0.3003
0.5946, 0.3003
0.5946, 0.3003
0.5985, 0.3003
0.5985, 0.3003
0.5985, 0.3003
0.5985, 0.3003
0.5985, 0.3003
0.5985, 0.3003
0.5985, 0.3003
0.5985, 0.3028
0.5985, 0.3028
0.5985, 0.3028
0.5985, 0.3028
0.6023, 0.3028
0.6023, 0.3028
0.6023, 0.3028
0.6062, 0.3053
0.6062, 0.3053
0.6062, 0.3053
0.6100, 0.3079
0.6100, 0.3079
0.6100, 0.3079
0.6100, 0.3079
0.6139, 0.3079
0.6139, 0.3079
0.6139, 0.3079
0.6178, 0.3079
0.6178, 0.3079
0.6178, 0.3079
0.6178, 0.3079
0.6178, 0.3079
0.6178, 0.3079
0.6178, 0.3079
0.6216, 0.3104
0.6216, 0.3104
0.6216, 0.3104
0.6216, 0.3104
0.6216, 0.3104
0.6216, 0.3104
0.6216, 0.3104
0.6216, 0.3104
0.6255, 0.3104
0.6255, 0.3104
0.6255, 0.3104
0.6255, 0.3130
0.6255, 0.3130
0.6255, 0.3130
0.6255, 0.3130
0.6293, 0.3130
0.6293, 0.3130
0.6293, 0.3130
0.6293, 0.3130
0.6293, 0.3130
0.6293, 0.3130
0.6293, 0.3130
0.6293, 0.3130
0.6293, 0.3130
0.6293, 0.3130
0.6332, 0.3130
0.6332, 0.3130
0.6332, 0.3130
0.6371, 0.3155
0.6371, 0.3155
0.6371, 0.3155
0.6371, 0.3155
0.6409, 0.3155
0.6409, 0.3155
0.6409, 0.3155
0.6409, 0.3181
0.6409, 0.3181
0.6409, 0.3181
0.6448, 0.3181
0.6448, 0.3181
0.6448, 0.3181
0.6448, 0.3181
0.6486, 0.3206
0.6486, 0.3206
0.6486, 0.3206
0.6486, 0.3206
0.6486, 0.3206
0.6486, 0.3206
0.6486, 0.3206
0.6525, 0.3206
0.6525, 0.3206
0.6525, 0.3206
0.6564, 0.3206
0.6564, 0.3206
0.6564, 0.3206
0.6564, 0.3206
0.6602, 0.3206
0.6602, 0.3206
0.6602, 0.3206
0.6602, 0.3232
0.6602, 0.3232
0.6602, 0.3232
0.6602, 0.3232
0.6602, 0.3232
0.6602, 0.3232
0.6602, 0.3232
0.6602, 0.3232
0.6641, 0.3232
0.6641, 0.3232
0.6641, 0.3232
0.6680, 0.3257
0.6680, 0.3257
0.6680, 0.3257
0.6680, 0.3257
0.6680, 0.3257
0.6680, 0.3257
0.6680, 0.3257
0.6680, 0.3257
0.6680, 0.3257
0.6680, 0.3257
0.6680, 0.3257
0.6718, 0.3257
0.6718, 0.3257
0.6718, 0.3257
0.6757, 0.3282
0.6757, 0.3282
0.6757, 0.3282
0.6757, 0.3282
0.6757, 0.3282
0.6757, 0.3282
0.6757, 0.3282
0.6795, 0.3282
0.6795, 0.3282
0.6795, 0.3282
0.6795, 0.3282
0.6834, 0.3308
0.6834, 0.3308
0.6834, 0.3308
0.6873, 0.3308
0.6873, 0.3308
0.6873, 0.3308
0.6873, 0.3308
0.6873, 0.3308
0.6873, 0.3308
0.6873, 0.3308
0.6873, 0.3333
0.6873, 0.3333
0.6873, 0.3333
0.6873, 0.3333
0.6911, 0.3333
0.6911, 0.3333
0.6911, 0.3333
0.6950, 0.3333
0.6950, 0.3333
0.6950, 0.3333
0.6950, 0.3333
0.6950, 0.3333
0.6950, 0.3333
0.6950, 0.3333
0.6988, 0.3333
0.6988, 0.3333
0.6988, 0.3333
0.6988, 0.3359
0.6988, 0.3359
0.6988, 0.3359
0.7027, 0.3359
0.7027, 0.3359
0.7027, 0.3359
0.7027, 0.3359
0.7066, 0.3359
0.7066, 0.3359
0.7066, 0.3359
0.7066, 0.3384
0.7066, 0.3384
0.7066, 0.3384
0.7066, 0.3384
0.7066, 0.3384
0.7066, 0.3384
0.7066, 0.3384
0.7104, 0.3384
0.7104, 0.3384
0.7104, 0.3384
0.7104, 0.3384
0.7143, 0.3384
0.7143, 0.3384
0.7143, 0.3384
0.7143, 0.3384
0.7143, 0.3384
0.7143, 0.3384
0.7143, 0.3384
0.7143, 0.3384
0.7143, 0.3384
0.7143, 0.3384
0.7181, 0.3384
0.7181, 0.3384
0.7181, 0.3384
0.7181, 0.3384
0.7181, 0.3384
0.7181, 0.3384
0.7181, 0.3384
0.7220, 0.3410
0.7220, 0.3410
0.7220, 0.3410
0.7259, 0.3410
0.7259, 0.3410
0.7259, 0.3410
0.7259, 0.3410
0.7259, 0.3410
0.7259, 0.3410
0.7259, 0.3410
0.7297, 0.3410
0.7297, 0.3410
0.7297, 0.3410
0.7297, 0.3410
0.7297, 0.3410
0.7297, 0.3410
0.7297, 0.3410
0.7336, 0.3410
0.7336, 0.3410
0.7336, 0.3410
0.7336, 0.3435
0.7336, 0.3435
0.7336, 0.3435
0.7336, 0.3435
0.7375, 0.3435
0.7375, 0.3435
0.7375, 0.3435
0.7413, 0.3435
0.7413, 0.3435
0.7413, 0.3435
0.7452, 0.3435
0.7452, 0.3435
0.7452, 0.3435
0.7452, 0.3435
0.7452, 0.3435
0.7452, 0.3435
0.7452, 0.3435
0.7452, 0.3461
0.7452, 0.3461
0.7452, 0.3461
0.7452, 0.3461
0.7490, 0.3461
0.7490, 0.3461
0.7490, 0.3461
0.7529, 0.3461
0.7529, 0.3461
0.7529, 0.3461
0.7529, 0.3461
0.7529, 0.3461
0.7529, 0.3461
0.7529, 0.3461
0.7529, 0.3461
0.7529, 0.3461
0.7529, 0.3461
0.7568, 0.3461
0.7568, 0.3461
0.7568, 0.3461
0.7568, 0.3461
0.7606, 0.3461
0.7606, 0.3461
0.7606, 0.3461
0.7645, 0.3461
0.7645, 0.3461
0.7645, 0.3461
0.7645, 0.3461
0.7645, 0.3461
0.7645, 0.3461
0.7645, 0.3461
0.7683, 0.3461
0.7683, 0.3461
0.7683, 0.3461
0.7683, 0.3461
0.7683, 0.3461
0.7683, 0.3461
0.7683, 0.3461
0.7722, 0.3461
0.7722, 0.3461
0.7722, 0.3461
0.7722, 0.3461
0.7722, 0.3461
0.7722, 0.3461
0.7722, 0.3461
0.7722, 0.3461
0.7722, 0.3461
0.7722, 0.3461
0.7761, 0.3461
0.7761, 0.3461
0.7761, 0.3461
0.7799, 0.3486
0.7799, 0.3486
0.7799, 0.3486
0.7799, 0.3486
0.7799, 0.3486
0.7799, 0.3486
0.7799, 0.3486
0.7838, 0.3486
0.7838, 0.3486
0.7838, 0.3486
0.7838, 0.3486
0.7838, 0.3486
0.7838, 0.3486
0.7838, 0.3486
0.7876, 0.3486
0.7876, 0.3486
0.7876, 0.3486
0.7915, 0.3486
0.7915, 0.3486
0.7915, 0.3486
0.7915, 0.3486
0.7915, 0.3486
0.7915, 0.3486
0.7915, 0.3486
0.7915, 0.3486
0.7915, 0.3486
0.7915, 0.3486
0.7915, 0.3486
0.7954, 0.3511
0.7954, 0.3511
0.7992, 0.3511
0.7992, 0.3511
0.7992, 0.3511
0.7992, 0.3511
0.7992, 0.3511
0.7992, 0.3511
0.7992, 0.3511
0.7992, 0.3511
0.7992, 0.3511
0.7992, 0.3511
0.7992, 0.3511
0.8031, 0.3511
0.8031, 0.3511
0.8031, 0.3511
0.8069, 0.3511
0.8069, 0.3511
0.8069, 0.3511
0.8108, 0.3511
0.8108, 0.3511
0.8108, 0.3511
0.8108, 0.3511
0.8108, 0.3511
0.8108, 0.3511
0.8108, 0.3511
0.8108, 0.3511
0.8108, 0.3511
0.8108, 0.3511
0.8108, 0.3511
0.8147, 0.3511
0.8147, 0.3511
0.8147, 0.3511
0.8185, 0.3511
0.8185, 0.3511
0.8185, 0.3511
0.8185, 0.3511
0.8185, 0.3511
0.8185, 0.3511
0.8185, 0.3511
0.8224, 0.3511
0.8224, 0.3511
0.8224, 0.3511
0.8263, 0.3511
0.8263, 0.3511
0.8263, 0.3511
0.8263, 0.3511
0.8263, 0.3511
0.8263, 0.3511
0.8301, 0.3511
0.8301, 0.3511
0.8301, 0.3511
0.8301, 0.3511
0.8301, 0.3511
0.8301, 0.3511
0.8301, 0.3511
0.8340, 0.3511
0.8340, 0.3511
0.8340, 0.3511
0.8340, 0.3511
0.8340, 0.3511
0.8340, 0.3511
0.8340, 0.3511
0.8378, 0.3511
0.8378, 0.3511
0.8378, 0.3511
0.8378, 0.3511
0.8378, 0.3511
0.8378, 0.3511
0.8417, 0.3511
0.8417, 0.3511
0.8417, 0.3511
0.8417, 0.3511
0.8456, 0.3511
0.8456, 0.3511
0.8456, 0.3511
0.8494, 0.3511
0.8494, 0.3511
0.8494, 0.3511
0.8494, 0.3511
0.8494, 0.3511
0.8494, 0.3511
0.8533, 0.3511
0.8533, 0.3511
0.8533, 0.3511
0.8533, 0.3511
0.8571, 0.3511
0.8571, 0.3511
0.8571, 0.3511
0.8571, 0.3511
0.8571, 0.3511
0.8571, 0.3511
0.8610, 0.3511
0.8610, 0.3511
0.8610, 0.3511
0.8649, 0.3511
0.8649, 0.3511
0.8649, 0.3511
0.8687, 0.3511
0.8687, 0.3511
0.8687, 0.3511
0.8726, 0.3511
0.8726, 0.3511
0.8726, 0.3511
0.8726, 0.3511
0.8764, 0.3511
0.8764, 0.3511
0.8764, 0.3511
0.8764, 0.3511
0.8764, 0.3511
0.8764, 0.3511
0.8842, 0.3511
0.8842, 0.3511
0.8842, 0.3511
0.8842, 0.3511
0.8880, 0.3511
0.8880, 0.3511
0.8880, 0.3511
0.8919, 0.3511
0.8919, 0.3511
0.8919, 0.3511
0.8996, 0.3511
0.8996, 0.3511
0.8996, 0.3511
0.9035, 0.3511
0.9035, 0.3511
0.9035, 0.3511
0.9035, 0.3511
0.9035, 0.3511
0.9035, 0.3511
0.9035, 0.3511
0.9112, 0.3511
0.9112, 0.3511
0.9112, 0.3511
0.9112, 0.3511
0.9112, 0.3511
0.9112, 0.3511
0.9151, 0.3511
0.9151, 0.3511
0.9151, 0.3511
0.9189, 0.3511
0.9189, 0.3511
0.9189, 0.3511
0.9228, 0.3511
0.9228, 0.3511
0.9228, 0.3511
0.9228, 0.3511
0.9228, 0.3511
0.9228, 0.3511
0.9228, 0.3511
0.9228, 0.3511
0.9228, 0.3511
0.9228, 0.3511
0.9228, 0.3511
0.9266, 0.3511
0.9266, 0.3511
0.9266, 0.3511
0.9305, 0.3511
0.9305, 0.3511
0.9305, 0.3511
0.9305, 0.3511
0.9305, 0.3511
0.9305, 0.3511
0.9305, 0.3511
0.9305, 0.3511
0.9305, 0.3511
0.9305, 0.3511
0.9382, 0.3511
0.9382, 0.3511
0.9382, 0.3511
0.9382, 0.3511
0.9421, 0.3511
0.9421, 0.3511
0.9421, 0.3511
0.9421, 0.3511
0.9421, 0.3511
0.9421, 0.3511
0.9459, 0.3511
0.9459, 0.3511
0.9459, 0.3511
0.9459, 0.3511
0.9459, 0.3511
0.9459, 0.3511
0.9498, 0.3511
0.9498, 0.3511
0.9498, 0.3511
0.9498, 0.3511
0.9537, 0.3486
0.9537, 0.3486
0.9537, 0.3486
0.9537, 0.3486
0.9537, 0.3486
0.9537, 0.3486
0.9537, 0.3486
0.9537, 0.3486
0.9537, 0.3486
0.9537, 0.3486
0.9537, 0.3486
0.9537, 0.3486
0.9537, 0.3486
0.9575, 0.3486
0.9575, 0.3486
0.9575, 0.3486
0.9614, 0.3486
0.9614, 0.3486
0.9614, 0.3486
0.9614, 0.3486
0.9614, 0.3486
0.9614, 0.3486
0.9614, 0.3486
0.9614, 0.3486
0.9653, 0.3486
0.9653, 0.3486
0.9653, 0.3486
0.9653, 0.3486
0.9691, 0.3486
0.9691, 0.3486
0.9691, 0.3486
0.9691, 0.3486
0.9691, 0.3486
0.9691, 0.3486
0.9691, 0.3486
0.9691, 0.3486
0.9691, 0.3486
0.9691, 0.3486
0.9691, 0.3486
0.9691, 0.3486
0.9691, 0.3486
0.9730, 0.3486
0.9730, 0.3486
0.9730, 0.3486
0.9730, 0.3486
0.9730, 0.3486
0.9730, 0.3486
0.9768, 0.3486
0.9768, 0.3486
0.9768, 0.3486
0.9768, 0.3486
0.9768, 0.3486
0.9768, 0.3486
0.9807, 0.3486
0.9807, 0.3486
0.9807, 0.3486
0.9807, 0.3486
0.9807, 0.3486
0.9807, 0.3486
0.9807, 0.3486
0.9807, 0.3486
0.9807, 0.3486
0.9807, 0.3486
0.9846, 0.3486
0.9846, 0.3486
0.9846, 0.3486
0.9846, 0.3486
0.9846, 0.3486
0.9846, 0.3486
0.9846, 0.3486
0.9884, 0.3486
0.9884, 0.3486
0.9884, 0.3486
0.9884, 0.3486
0.9884, 0.3486
0.9884, 0.3486
0.9884, 0.3486
0.9884, 0.3486
0.9884, 0.3486
0.9884, 0.3486
0.9884, 0.3486
0.9884, 0.3486
0.9884, 0.3486
0.9923, 0.3486
0.9923, 0.3486
0.9923, 0.3486
0.9923, 0.3486
0.9923, 0.3486
0.9923, 0.3486
0.9923, 0.3486
0.9923, 0.3486
0.9923, 0.3486
0.9923, 0.3486
0.9923, 0.3486
0.9923, 0.3486
0.9923, 0.3486
0.9923, 0.3486
0.9923, 0.3486
0.9923, 0.3486
0.9923, 0.3486
0.9961, 0.3486
0.9961, 0.3486
0.9961, 0.3486
0.9961, 0.3486
0.9961, 0.3486
0.9961, 0.3486
0.9961, 0.3486
0.9961, 0.3486
0.9961, 0.3486
0.9961, 0.3486
0.9961, 0.3486
0.9961, 0.3486
0.9961, 0.3486
0.9961, 0.3486
0.9961, 0.3486
0.9961, 0.3486
0.9961, 0.3486
0.9961, 0.3486
0.9961, 0.3486
0.9961, 0.3486
0.9961, 0.3486
0.9961, 0.3486
0.9961, 0.3486
0.9961, 0.3486
0.9961, 0.3486
0.9961, 0.3486
0.9961, 0.3486
0.9961, 0.3486
0.9961, 0.3486
0.9961, 0.3486
0.9961, 0.3486
0.9961, 0.3486
0.9961, 0.3486
1.0000, 0.3486
1.0000, 0.3486
1.0000, 0.3486
1.0000, 0.3486
1.0000, 0.3486
1.0000, 0.3486
1.0000, 0.3486
1.0000, 0.3486
1.0000, 0.3486
1.0000, 0.3486
1.0000, 0.3486
1.0000, 0.3486
1.0000, 0.3486
1.0000, 0.3486
1.0000, 0.3486
1.0000, 0.3486
1.0000, 0.3486
1.0000, 0.3486
1.0000, 0.3486
1.0000, 0.3486
1.0000, 0.3486
1.0000, 0.3486
1.0000, 0.3486
1.0000, 0.3486
1.0000, 0.3486
1.0000, 0.3486
1.0000, 0.3486
1.0000, 0.3486
1.0000, 0.3486
1.0000, 0.3486
1.0000, 0.3486
1.0000, 0.3486
1.0000, 0.3486
0.2625, 0.2519
0.2625, 0.2519
0.2625, 0.2519
0.2625, 0.2519
0.2625, 0.2519
0.2625, 0.2519
0.2625, 0.2519
0.2625, 0.2519
0.2625, 0.2519
0.2625, 0.2519
0.2625, 0.2519
0.2625, 0.2519
0.2625, 0.2519
0.2625, 0.2519
0.2625, 0.2519
0.2625, 0.2519
0.2625, 0.2519
0.2625, 0.2519
0.2625, 0.2519
0.2625, 0.2519
0.2625, 0.2519
0.2625, 0.2519
0.2625, 0.2519
0.2625, 0.2519
0.2625, 0.2519
0.2625, 0.2519
0.2625, 0.2519
0.2625, 0.2519
0.2625, 0.2519
0.2625, 0.2519
0.2625, 0.2519
0.2625, 0.2519
0.2625, 0.2519
0.2625, 0.2519
0.2625, 0.2519
0.2625, 0.2519
0.2625, 0.2519
0.2625, 0.2519
0.2625, 0.2519
0.2625, 0.2519
0.2625, 0.2519
0.2625, 0.2519
0.2625, 0.2519
0.2625, 0.2519
0.2625, 0.2519
0.2625, 0.2519
0.2625, 0.2519
0.2625, 0.2519
0.2625, 0.2519
0.2625, 0.2519
0.2625, 0.2519
0.2625, 0.2519
0.2625, 0.2519
0.2625, 0.2519
0.2625, 0.2519
0.2625, 0.2519
0.2625, 0.2519
0.2625, 0.2519
0.2625, 0.2519
0.2625, 0.2519
0.2625, 0.2519
0.2625, 0.2519
0.2625, 0.2519
0.2625, 0.2519
0.2625, 0.2519
0.2625, 0.2519
0.2625, 0.2519
0.2625, 0.2519
0.2625, 0.2519
0.2625, 0.2519
0.2625, 0.2519
0.2625, 0.2519
0.2625, 0.2519
0.2625, 0.2519
0.2625, 0.2519
0.2625, 0.2519
0.2625, 0.2519
0.2625, 0.2519
0.2625, 0.2519
0.2625, 0.2519
0.2625, 0.2519
0.2625, 0.2519
0.2625, 0.2519
0.2625, 0.2519
0.2625, 0.2519
0.2625, 0.2519
0.2625, 0.2519
0.2625, 0.2519
0.2625, 0.2519
0.2625, 0.2519
0.2625, 0.2519
0.2625, 0.2519
0.2625, 0.2519
0.2625, 0.2519
0.2625, 0.2519
0.2625, 0.2519
0.2625, 0.2519
0.2625, 0.2519
0.2625, 0.2519
0.2625, 0.2519
0.2625, 0.2519
0.2625, 0.2519
0.2625, 0.2519
0.2625, 0.2519
0.2625, 0.2519
0.2625, 0.2519
0.2625, 0.2519
0.2625, 0.2519
0.2625, 0.2519
0.2625, 0.2519
0.2625, 0.2519
0.2625, 0.2519
0.2625, 0.2519
0.2625, 0.2519
0.2625, 0.2519
0.2625, 0.2519
0.2625, 0.2519
0.2625, 0.2519
0.2625, 0.2519
0.2625, 0.2519
0.2625, 0.2519
0.2625, 0.2519
0.2625, 0.2519
0.2625, 0.2519
0.2625, 0.2519
0.2625, 0.2519
0.2625, 0.2519
0.2625, 0.2519
0.2625, 0.2519
0.2625, 0.2519
0.2625, 0.2519
0.2625, 0.2519
0.2625, 0.2519
0.2625, 0.2519
0.2625, 0.2519
0.2625, 0.2519
0.2625, 0.2519
0.2625, 0.2519
0.2625, 0.2519
0.2625, 0.2519
0.2625, 0.2519
0.2625, 0.2519
0.2625, 0.2519
0.2625, 0.2519
0.2625, 0.2519
0.2625, 0.2519
0.2625, 0.2519
0.2625, 0.2519
0.2625, 0.2519
0.2625, 0.2519
0.2625, 0.2519
0.2625, 0.2519
0.2625, 0.2519
0.2625, 0.2519
0.2625, 0.2519
0.2625, 0.2519
0.2625, 0.2519
0.2625, 0.2519
0.2625, 0.2519
0.2625, 0.2519
0.2625, 0.2519
0.2625, 0.2519
0.2625, 0.2519
0.2625, 0.2519
0.2625, 0.2519
0.2625, 0.2519
0.2625, 0.2494
0.2625, 0.2494
0.2625, 0.2494
0.2625, 0.2494
0.2625, 0.2494
0.2625, 0.2494
0.2625, 0.2494
0.2625, 0.2494
0.2625, 0.2494
0.2625, 0.2494
0.2625, 0.2494
0.2625, 0.2494
0.2625, 0.2494
0.2625, 0.2494
0.2625, 0.2494
0.2625, 0.2494
0.2625, 0.2494
0.2625, 0.2494
0.2625, 0.2494
0.2625, 0.2494
0.2625, 0.2494
0.2625, 0.2468
0.2625, 0.2468
0.2625, 0.2468
0.2625, 0.2468
0.2587, 0.2468
0.2587, 0.2468
0.2587, 0.2468
0.2587, 0.2468
0.2587, 0.2468
0.2587, 0.2468
0.2587, 0.2468
0.2587, 0.2468
0.2587, 0.2468
0.2587, 0.2468
0.2587, 0.2468
0.2587, 0.2468
0.2587, 0.2468
0.2587, 0.2468
0.2587, 0.2468
0.2587, 0.2468
0.2587, 0.2468
0.2587, 0.2468
0.2587, 0.2468
0.2587, 0.2468
0.2587, 0.2468
0.2587, 0.2468
0.2587, 0.2468
0.2587, 0.2468
0.2587, 0.2468
0.2548, 0.2443
0.2548, 0.2443
0.2548, 0.2443
0.2548, 0.2443
0.2548, 0.2443
0.2548, 0.2443
0.2548, 0.2443
0.2548, 0.2443
0.2548, 0.2443
0.2548, 0.2443
0.2548, 0.2443
0.2548, 0.2443
0.2548, 0.2443
0.2548, 0.2417
0.2548, 0.2417
0.2548, 0.2417
0.2548, 0.2417
0.2548, 0.2417
0.2548, 0.2417
0.2548, 0.2417
0.2548, 0.2417
0.2548, 0.2417
0.2548, 0.2417
0.2548, 0.2417
0.2548, 0.2417
0.2548, 0.2392
0.2548, 0.2392
0.2548, 0.2392
0.2548, 0.2392
0.2548, 0.2392
0.2548, 0.2392
0.2548, 0.2392
0.2548, 0.2392
0.2510, 0.2392
0.2510, 0.2392
0.2510, 0.2392
0.2510, 0.2392
0.2510, 0.2392
0.2510, 0.2392
0.2510, 0.2392
0.2510, 0.2392
0.2510, 0.2392
0.2510, 0.2392
0.2510, 0.2392
0.2510, 0.2392
0.2510, 0.2392
0.2510, 0.2392
0.2510, 0.2392
0.2510, 0.2392
0.2510, 0.2392
0.2510, 0.2392
0.2510, 0.2392
0.2510, 0.2392
0.2510, 0.2392
0.2510, 0.2392
0.2510, 0.2392
0.2510, 0.2392
0.2510, 0.2366
0.2510, 0.2366
0.2510, 0.2366
0.2510, 0.2366
0.2510, 0.2366
0.2510, 0.2366
0.2510, 0.2366
0.2510, 0.2366
0.2471, 0.2366
0.2471, 0.2366
0.2471, 0.2366
0.2471, 0.2366
0.2471, 0.2366
0.2471, 0.2366
0.2471, 0.2366
0.2471, 0.2366
0.2471, 0.2366
0.2471, 0.2366
0.2471, 0.2366
0.2471, 0.2366
0.2471, 0.2366
0.2471, 0.2341
0.2471, 0.2341
0.2471, 0.2341
0.2471, 0.2341
0.2471, 0.2341
0.2471, 0.2341
0.2471, 0.2341
0.2471, 0.2341
0.2471, 0.2341
0.2471, 0.2341
0.2471, 0.2341
0.2471, 0.2341
0.2471, 0.2341
0.2471, 0.2341
0.2471, 0.2341
0.2471, 0.2341
0.2471, 0.2341
0.2471, 0.2341
0.2471, 0.2341
0.2471, 0.2341
0.2471, 0.2316
0.2471, 0.2316
0.2471, 0.2316
0.2471, 0.2316
0.2432, 0.2316
0.2432, 0.2316
0.2432, 0.2316
0.2432, 0.2316
0.2432, 0.2316
0.2432, 0.2316
0.2432, 0.2316
0.2432, 0.2316
0.2432, 0.2316
0.2432, 0.2316
0.2432, 0.2316
0.2432, 0.2316
0.2432, 0.2290
0.2432, 0.2290
0.2432, 0.2290
0.2432, 0.2290
0.2432, 0.2290
0.2432, 0.2290
0.2432, 0.2290
0.2432, 0.2290
0.2432, 0.2290
0.2432, 0.2290
0.2432, 0.2290
0.2432, 0.2290
0.2432, 0.2290
0.2432, 0.2290
0.2432, 0.2290
0.2432, 0.2290
0.2432, 0.2265
0.2432, 0.2265
0.2432, 0.2265
0.2432, 0.2265
0.2432, 0.2265
0.2432, 0.2265
0.2432, 0.2265
0.2432, 0.2265
0.2432, 0.2265
0.2432, 0.2265
0.2432, 0.2265
0.2432, 0.2265
0.2432, 0.2265
0.2432, 0.2265
0.2432, 0.2265
0.2432, 0.2265
0.2432, 0.2265
0.2432, 0.2239
0.2432, 0.2239
0.2432, 0.2239
0.2432, 0.2239
0.2432, 0.2239
0.2432, 0.2239
0.2432, 0.2239
0.2432, 0.2239
0.2432, 0.2214
0.2432, 0.2214
0.2432, 0.2214
0.2432, 0.2214
0.2432, 0.2214
0.2432, 0.2214
0.2432, 0.2214
0.2432, 0.2214
0.2432, 0.2214
0.2432, 0.2214
0.2432, 0.2214
0.2432, 0.2214
0.2432, 0.2214
0.2432, 0.2214
0.2432, 0.2214
0.2432, 0.2214
0.2432, 0.2214
0.2432, 0.2214
0.2432, 0.2214
0.2432, 0.2214
0.2432, 0.2214
0.2432, 0.2188
0.2432, 0.2188
0.2432, 0.2188
0.2432, 0.2188
0.2432, 0.2188
0.2432, 0.2188
0.2432, 0.2188
0.2432, 0.2188
0.2432, 0.2163
0.2432, 0.2163
0.2432, 0.2163
0.2432, 0.2163
0.2432, 0.2163
0.2432, 0.2163
0.2432, 0.2163
0.2432, 0.2163
0.2432, 0.2137
0.2432, 0.2137
0.2432, 0.2137
0.2432, 0.2137
0.2432, 0.2137
0.2432, 0.2137
0.2432, 0.2137
0.2432, 0.2137
0.2432, 0.2137
0.2432, 0.2137
0.2432, 0.2137
0.2432, 0.2112
0.2432, 0.2112
0.2432, 0.2112
0.2432, 0.2112
0.2432, 0.2112
0.2432, 0.2112
0.2432, 0.2112
0.2432, 0.2112
0.2432, 0.2112
0.2432, 0.2112
0.2432, 0.2112
0.2432, 0.2112
0.2432, 0.2087
0.2432, 0.2087
0.2432, 0.2087
0.2432, 0.2087
0.2432, 0.2087
0.2432, 0.2087
0.2432, 0.2087
0.2432, 0.2087
0.2432, 0.2087
0.2432, 0.2087
0.2432, 0.2087
0.2432, 0.2087
0.2432, 0.2087
0.2432, 0.2087
0.2432, 0.2087
0.2432, 0.2087
0.2432, 0.2061
0.2432, 0.2061
0.2432, 0.2061
0.2432, 0.2061
0.2432, 0.2061
0.2432, 0.2061
0.2432, 0.2061
0.2432, 0.2061
0.2432, 0.2036
0.2432, 0.2036
0.2432, 0.2036
0.2432, 0.2036
0.2432, 0.2036
0.2432, 0.2036
0.2432, 0.2036
0.2432, 0.2010
0.2432, 0.2010
0.2432, 0.2010
0.2432, 0.2010
0.2432, 0.2010
0.2432, 0.2010
0.2432, 0.2010
0.2432, 0.2010
0.2432, 0.2010
0.2432, 0.2010
0.2432, 0.2010
0.2432, 0.2010
0.2432, 0.2010
0.2432, 0.2010
0.2432, 0.2010
0.2432, 0.2010
0.2432, 0.2010
0.2432, 0.1985
0.2432, 0.1985
0.2432, 0.1985
0.2432, 0.1985
0.2432, 0.1985
0.2432, 0.1985
0.2432, 0.1985
0.2432, 0.1959
0.2432, 0.1959
0.2432, 0.1959
0.2432, 0.1959
0.2432, 0.1959
0.2432, 0.1959
0.2432, 0.1959
0.2432, 0.1959
0.2432, 0.1959
0.2432, 0.1959
0.2432, 0.1959
0.2432, 0.1959
0.2432, 0.1959
0.2432, 0.1959
0.2432, 0.1959
0.2432, 0.1959
0.2432, 0.1959
0.2432, 0.1959
0.2432, 0.1959
0.2432, 0.1959
0.2432, 0.1959
0.2432, 0.1959
0.2432, 0.1959
0.2432, 0.1959
0.2432, 0.1959
0.2432, 0.1959
0.2432, 0.1959
0.2432, 0.1959
0.2432, 0.1959
0.2432, 0.1959
0.2432, 0.1959
0.2432, 0.1959
0.2432, 0.1959
0.2432, 0.1959
0.2432, 0.1959
0.2432, 0.1959
0.2432, 0.1959
0.2432, 0.1959
0.2432, 0.1959
0.2432, 0.1959
0.2432, 0.1959
0.2432, 0.1934
0.2432, 0.1934
0.2432, 0.1934
0.2432, 0.1934
0.2432, 0.1934
0.2432, 0.1934
0.2432, 0.1934
0.2432, 0.1934
0.2432, 0.1934
0.2432, 0.1934
0.2432, 0.1934
0.2432, 0.1934
0.2432, 0.1934
0.2432, 0.1934
0.2432, 0.1934
0.2432, 0.1934
0.2432, 0.1934
0.2432, 0.1934
0.2432, 0.1934
0.2432, 0.1934
0.2432, 0.1934
0.2432, 0.1934
0.2432, 0.1934
0.2432, 0.1934
0.2432, 0.1934
0.2432, 0.1908
0.2432, 0.1908
0.2432, 0.1908
0.2432, 0.1908
0.2432, 0.1908
0.2432, 0.1908
0.2432, 0.1908
0.2432, 0.1908
0.2432, 0.1908
0.2432, 0.1908
0.2432, 0.1908
0.2432, 0.1908
0.2432, 0.1908
0.2432, 0.1908
0.2432, 0.1908
0.2432, 0.1908
0.2432, 0.1908
0.2432, 0.1908
0.2432, 0.1908
0.2432, 0.1908
0.2432, 0.1908
0.2471, 0.1908
0.2471, 0.1908
0.2471, 0.1908
0.2471, 0.1908
0.2471, 0.1908
0.2471, 0.1908
0.2471, 0.1908
0.2471, 0.1908
0.2471, 0.1908
0.2471, 0.1908
0.2471, 0.1908
0.2471, 0.1908
0.2471, 0.1908
0.2471, 0.1908
0.2471, 0.1908
0.2510, 0.1908
0.2510, 0.1908
0.2510, 0.1908
0.2510, 0.1908
0.2510, 0.1908
0.2510, 0.1908
0.2510, 0.1908
0.2510, 0.1908
0.2510, 0.1908
0.2510, 0.1908
0.2510, 0.1908
0.2510, 0.1908
0.2510, 0.1883
0.2510, 0.1883
0.2510, 0.1883
0.2510, 0.1883
0.2510, 0.1883
0.2510, 0.1883
0.2510, 0.1883
0.2510, 0.1883
0.2510, 0.1883
0.2510, 0.1883
0.2510, 0.1883
0.2510, 0.1883
0.2510, 0.1883
0.2510, 0.1883
0.2548, 0.1858
0.2548, 0.1858
0.2548, 0.1858
0.2548, 0.1858
0.2548, 0.1858
0.2548, 0.1858
0.2548, 0.1858
0.2548, 0.1858
0.2587, 0.1858
0.2587, 0.1858
0.2587, 0.1858
0.2587, 0.1858
0.2587, 0.1858
0.2587, 0.1858
0.2587, 0.1858
0.2587, 0.1858
0.2587, 0.1858
0.2587, 0.1858
0.2587, 0.1858
0.2587, 0.1832
0.2587, 0.1832
0.2587, 0.1832
0.2587, 0.1832
0.2587, 0.1832
0.2587, 0.1832
0.2587, 0.1832
0.2587, 0.1832
0.2625, 0.1832
0.2625, 0.1832
0.2625, 0.1832
0.2625, 0.1832
0.2625, 0.1832
0.2625, 0.1832
0.2625, 0.1832
0.2625, 0.1832
0.2625, 0.1832
0.2625, 0.1832
0.2625, 0.1832
0.2625, 0.1832
0.2625, 0.1832
0.2625, 0.1832
0.2625, 0.1832
0.2664, 0.1832
0.2664, 0.1832
0.2664, 0.1832
0.2664, 0.1832
0.2664, 0.1832
0.2664, 0.1832
0.2664, 0.1832
0.2664, 0.1832
0.2664, 0.1832
0.2664, 0.1832
0.2664, 0.1832
0.2703, 0.1832
0.2703, 0.1832
0.2703, 0.1832
0.2703, 0.1832
0.2703, 0.1832
0.2703, 0.1832
0.2703, 0.1832
0.2703, 0.1832
0.2703, 0.1832
0.2703, 0.1832
0.2703, 0.1832
0.2703, 0.1832
0.2703, 0.1832
0.2703, 0.1832
0.2703, 0.1832
0.2703, 0.1832
0.2703, 0.1832
0.2703, 0.1832
0.2703, 0.1832
0.2703, 0.1832
0.2741, 0.1832
0.2741, 0.1832
0.2741, 0.1832
0.2741, 0.1832
0.2741, 0.1832
0.2741, 0.1832
0.2780, 0.1832
0.2780, 0.1832
0.2780, 0.1832
0.2780, 0.1832
0.2780, 0.1832
0.2780, 0.1832
0.2780, 0.1832
0.2780, 0.1832
0.2780, 0.1832
0.2780, 0.1832
0.2819, 0.1832
0.2819, 0.1832
0.2819, 0.1832
0.2819, 0.1832
0.2819, 0.1832
0.2819, 0.1832
0.2819, 0.1832
0.2819, 0.1832
0.2819, 0.1832
0.2819, 0.1832
0.2819, 0.1832
0.2857, 0.1832
0.2857, 0.1832
0.2857, 0.1832
0.2857, 0.1832
0.2857, 0.1832
0.2857, 0.1832
0.2857, 0.1832
0.2857, 0.1832
0.2857, 0.1832
0.2857, 0.1832
0.2857, 0.1832
0.2857, 0.1832
0.2857, 0.1832
0.2857, 0.1832
0.2857, 0.1832
0.2896, 0.1832
0.2896, 0.1832
0.2896, 0.1832
0.2896, 0.1832
0.2896, 0.1832
0.2896, 0.1832
0.2896, 0.1832
0.2934, 0.1832
0.2934, 0.1832
0.2934, 0.1832
0.2934, 0.1832
0.2934, 0.1832
0.2934, 0.1832
0.2934, 0.1832
0.2973, 0.1832
0.2973, 0.1832
0.2973, 0.1832
0.2973, 0.1832
0.2973, 0.1832
0.2973, 0.1832
0.2973, 0.1832
0.2973, 0.1832
0.2973, 0.1832
0.2973, 0.1832
0.2973, 0.1832
0.3012, 0.1832
0.3012, 0.1832
0.3012, 0.1832
0.3012, 0.1832
0.3050, 0.1832
0.3050, 0.1832
0.3050, 0.1832
0.3050, 0.1832
0.3050, 0.1832
0.3050, 0.1832
0.3050, 0.1832
0.3050, 0.1832
0.3050, 0.1832
0.3050, 0.1832
0.3050, 0.1832
0.3089, 0.1832
0.3089, 0.1832
0.3089, 0.1832
0.3089, 0.1832
0.3089, 0.1832
0.3089, 0.1832
0.3089, 0.1832
0.3127, 0.1832
0.3127, 0.1832
0.3127, 0.1832
0.3127, 0.1832
0.3127, 0.1832
0.3127, 0.1832
0.3127, 0.1832
0.3166, 0.1832
0.3166, 0.1832
0.3166, 0.1832
0.3166, 0.1832
0.3166, 0.1832
0.3166, 0.1832
0.3166, 0.1832
0.3166, 0.1832
0.3166, 0.1832
0.3166, 0.1832
0.3205, 0.1832
0.3205, 0.1832
0.3205, 0.1832
0.3205, 0.1832
0.3243, 0.1832
0.3243, 0.1832
0.3243, 0.1832
0.3243, 0.1832
0.3243, 0.1832
0.3243, 0.1832
0.3243, 0.1832
0.3243, 0.1832
0.3243, 0.1832
0.3243, 0.1832
0.3243, 0.1832
0.3282, 0.1832
0.3282, 0.1832
0.3282, 0.1832
0.3282, 0.1832
0.3320, 0.1832
0.3320, 0.1832
0.3320, 0.1832
0.3359, 0.1832
0.3359, 0.1832
0.3359, 0.1832
0.3359, 0.1832
0.3359, 0.1832
0.3359, 0.1832
0.3359, 0.1832
0.3359, 0.1832
0.3359, 0.1832
0.3359, 0.1832
0.3359, 0.1832
0.3398, 0.1832
0.3398, 0.1832
0.3398, 0.1832
0.3398, 0.1832
0.3398, 0.1832
0.3398, 0.1832
0.3398, 0.1832
0.3436, 0.1832
0.3436, 0.1832
0.3436, 0.1832
0.3436, 0.1832
0.3436, 0.1832
0.3436, 0.1832
0.3436, 0.1858
0.3436, 0.1858
0.3436, 0.1858
0.3436, 0.1858
0.3436, 0.1858
0.3436, 0.1858
0.3436, 0.1858
0.3436, 0.1858
0.3475, 0.1858
0.3475, 0.1858
0.3475, 0.1858
0.3514, 0.1883
0.3514, 0.1883
0.3514, 0.1883
0.3552, 0.1883
0.3552, 0.1883
0.3552, 0.1883
0.3552, 0.1883
0.3552, 0.1883
0.3552, 0.1883
0.3552, 0.1883
0.3552, 0.1883
0.3552, 0.1883
0.3552, 0.1883
0.3552, 0.1883
0.3591, 0.1883
0.3591, 0.1883
0.3591, 0.1883
0.3591, 0.1883
0.3591, 0.1883
0.3591, 0.1883
0.3591, 0.1883
0.3629, 0.1883
0.3629, 0.1883
0.3629, 0.1883
0.3629, 0.1883
0.3629, 0.1883
0.3629, 0.1883
0.3629, 0.1883
0.3629, 0.1908
0.3629, 0.1908
0.3629, 0.1908
0.3629, 0.1908
0.3668, 0.1908
0.3668, 0.1908
0.3668, 0.1908
0.3668, 0.1908
0.3668, 0.1908
0.3668, 0.1908
0.3668, 0.1908
0.3707, 0.1908
0.3707, 0.1908
0.3707, 0.1908
0.3745, 0.1934
0.3745, 0.1934
0.3745, 0.1934
0.3745, 0.1934
0.3745, 0.1934
0.3745, 0.1934
0.3745, 0.1934
0.3745, 0.1934
0.3745, 0.1934
0.3745, 0.1934
0.3745, 0.1934
0.3745, 0.1934
0.3745, 0.1934
0.3745, 0.1934
0.3745, 0.1934
0.3784, 0.1934
0.3784, 0.1934
0.3784, 0.1934
0.3784, 0.1934
0.3784, 0.1934
0.3784, 0.1934
0.3784, 0.1934
0.3822, 0.1934
0.3822, 0.1934
0.3822, 0.1934
0.3822, 0.1934
0.3822, 0.1934
0.3822, 0.1934
0.3822, 0.1934
0.3822, 0.1959
0.3822, 0.1959
0.3822, 0.1959
0.3861, 0.1959
0.3861, 0.1959
0.3861, 0.1959
0.3900, 0.1959
0.3900, 0.1959
0.3900, 0.1959
0.3900, 0.1959
0.3900, 0.1985
0.3900, 0.1985
0.3900, 0.1985
0.3938, 0.1985
0.3938, 0.1985
0.3938, 0.1985
0.3938, 0.1985
0.3938, 0.1985
0.3938, 0.1985
0.3938, 0.1985
0.3938, 0.1985
0.3938, 0.1985
0.3938, 0.1985
0.3938, 0.1985
0.3938, 0.1985
0.3938, 0.1985
0.3938, 0.1985
0.3938, 0.1985
0.3977, 0.1985
0.3977, 0.1985
0.3977, 0.1985
0.3977, 0.2010
0.3977, 0.2010
0.3977, 0.2010
0.4015, 0.2010
0.4015, 0.2010
0.4015, 0.2010
0.4015, 0.2010
0.4015, 0.2010
0.4015, 0.2010
0.4015, 0.2010
0.4015, 0.2036
0.4015, 0.2036
0.4015, 0.2036
0.4054, 0.2036
0.4054, 0.2036
0.4054, 0.2036
0.4054, 0.2036
0.4054, 0.2036
0.4054, 0.2036
0.4054, 0.2036
0.4093, 0.2036
0.4093, 0.2036
0.4093, 0.2036
0.4093, 0.2061
0.4093, 0.2061
0.4093, 0.2061
0.4093, 0.2061
0.4093, 0.2061
0.4093, 0.2061
0.4093, 0.2061
0.4093, 0.2061
0.4093, 0.2061
0.4093, 0.2061
0.4093, 0.2061
0.4093, 0.2061
0.4093, 0.2061
0.4093, 0.2061
0.4093, 0.2061
0.4093, 0.2061
0.4131, 0.2061
0.4131, 0.2061
0.4131, 0.2061
0.4131, 0.2061
0.4131, 0.2061
0.4131, 0.2061
0.4170, 0.2087
0.4170, 0.2087
0.4208, 0.2087
0.4208, 0.2087
0.4208, 0.2087
0.4208, 0.2087
0.4208, 0.2087
0.4208, 0.2087
0.4208, 0.2112
0.4208, 0.2112
0.4208, 0.2112
0.4208, 0.2112
0.4208, 0.2112
0.4208, 0.2112
0.4208, 0.2112
0.4208, 0.2112
0.4208, 0.2112
0.4208, 0.2112
0.4208, 0.2112
0.4247, 0.2112
0.4247, 0.2112
0.4247, 0.2112
0.4247, 0.2112
0.4247, 0.2112
0.4286, 0.2137
0.4286, 0.2137
0.4286, 0.2137
0.4286, 0.2137
0.4286, 0.2137
0.4286, 0.2137
0.4286, 0.2137
0.4286, 0.2137
0.4286, 0.2163
0.4286, 0.2163
0.4286, 0.2163
0.4286, 0.2163
0.4286, 0.2163
0.4286, 0.2163
0.4324, 0.2163
0.4324, 0.2163
0.4324, 0.2163
0.4324, 0.2163
0.4324, 0.2163
0.4363, 0.2188
0.4363, 0.2188
0.4363, 0.2188
0.4363, 0.2188
0.4363, 0.2188
0.4402, 0.2188
0.4402, 0.2188
0.4402, 0.2188
0.4402, 0.2188
0.4402, 0.2188
0.4402, 0.2188
0.4402, 0.2188
0.4402, 0.2188
0.4440, 0.2214
0.4440, 0.2214
0.4440, 0.2214
0.4440, 0.2214
0.4440, 0.2214
0.4440, 0.2214
0.4479, 0.2239
0.4479, 0.2239
0.4479, 0.2239
0.4479, 0.2239
0.4479, 0.2239
0.4479, 0.2239
0.4479, 0.2239
0.4479, 0.2239
0.4479, 0.2239
0.4479, 0.2239
0.4479, 0.2239
0.4517, 0.2239
0.4517, 0.2239
0.4517, 0.2239
0.4517, 0.2239
0.4517, 0.2239
0.4517, 0.2239
0.4517, 0.2239
0.4556, 0.2265
0.4556, 0.2265
0.4556, 0.2265
0.4556, 0.2265
0.4556, 0.2265
0.4556, 0.2265
0.4595, 0.2265
0.4595, 0.2265
0.4595, 0.2265
0.4595, 0.2265
0.4595, 0.2265
0.4595, 0.2290
0.4595, 0.2290
0.4595, 0.2290
0.4595, 0.2290
0.4595, 0.2290
0.4595, 0.2290
0.4595, 0.2290
0.4595, 0.2290
0.4595, 0.2290
0.4595, 0.2290
0.4595, 0.2290
0.4595, 0.2290
0.4595, 0.2290
0.4595, 0.2290
0.4595, 0.2290
0.4595, 0.2290
0.4595, 0.2290
0.4633, 0.2290
0.4633, 0.2290
0.4633, 0.2290
0.4633, 0.2290
0.4633, 0.2290
0.4633, 0.2290
0.4633, 0.2290
0.4633, 0.2290
0.4633, 0.2290
0.4633, 0.2290
0.4633, 0.2316
0.4633, 0.2316
0.4633, 0.2316
0.4633, 0.2316
0.4633, 0.2316
0.4633, 0.2316
0.4633, 0.2316
0.4633, 0.2316
0.4633, 0.2316
0.4633, 0.2316
0.4633, 0.2316
0.4633, 0.2316
0.4633, 0.2316
0.4633, 0.2316
0.4633, 0.2316
0.4633, 0.2316
0.4633, 0.2316
0.4633, 0.2316
0.4633, 0.2316
0.4633, 0.2316
0.4633, 0.2316
0.4633, 0.2316
0.4633, 0.2316
0.4633, 0.2316
0.4633, 0.2316
0.4633, 0.2316
0.4633, 0.2316
0.4633, 0.2316
0.4633, 0.2316
0.4633, 0.2316
0.4633, 0.2316
0.4633, 0.2316
0.4633, 0.2316
0.4633, 0.2316
0.4633, 0.2316
0.4633, 0.2316
0.4633, 0.2316
0.4633, 0.2316
0.4633, 0.2316
0.4633, 0.2316
0.4633, 0.2316
0.4633, 0.2316
0.4633, 0.2316
0.4633, 0.2316
0.4633, 0.2316
0.4633, 0.2316
0.4633, 0.2316
0.4633, 0.2316
0.4633, 0.2316
0.4633, 0.2316
0.4633, 0.2316
0.4633, 0.2316
0.4633, 0.2316
0.4633, 0.2316
0.4633, 0.2316
0.4633, 0.2316
0.4633, 0.2316
0.4633, 0.2316
0.4633, 0.2316
0.4633, 0.2316
0.4633, 0.2316
0.4633, 0.2316
0.4633, 0.2316
0.4633, 0.2316
0.4633, 0.2316
0.4633, 0.2316
0.4633, 0.2316
0.0000, 1.0000
0.0000, 1.0000
0.0000, 1.0000
0.0000, 1.0000
0.0000, 1.0000
0.0000, 1.0000
0.0000, 1.0000
0.0000, 1.0000
0.0000, 1.0000
0.0000, 1.0000
0.0000, 1.0000
0.0000, 1.0000
0.0000, 1.0000
0.0000, 1.0000
0.0000, 1.0000
0.0000, 1.0000
0.0000, 1.0000
0.0000, 1.0000
0.0000, 1.0000
0.0000, 1.0000
0.0000, 1.0000
0.0000, 1.0000
0.0000, 1.0000
0.0000, 1.0000
0.0000, 1.0000
0.0000, 1.0000
0.0000, 1.0000
0.0000, 1.0000
0.0000, 1.0000
0.0000, 1.0000
0.0000, 1.0000
0.0000, 1.0000
0.0000, 1.0000
0.0000, 1.0000
0.0000, 1.0000
0.0000, 1.0000
0.0000, 1.0000
0.0000, 1.0000
0.0000, 1.0000
0.0000, 1.0000
0.0000, 1.0000
0.0000, 1.0000
0.0000, 1.0000
