0.2054, 0.0000
0.2054, 0.0000
0.2054, 0.0000
0.2054, 0.0000
0.2054, 0.0000
0.2054, 0.0000
0.2054, 0.0000
0.2054, 0.0000
0.2054, 0.0000
0.2054, 0.0000
0.2054, 0.0000
0.2054, 0.0000
0.2054, 0.0000
0.2054, 0.0000
0.2054, 0.0000
0.2054, 0.0000
0.2054, 0.0000
0.2054, 0.0000
0.2054, 0.0000
0.2054, 0.0000
0.2054, 0.0000
0.2054, 0.0000
0.2054, 0.0000
0.2054, 0.0000
0.2054, 0.0000
0.2054, 0.0000
0.2054, 0.0000
0.2054, 0.0000
0.2054, 0.0000
0.2054, 0.0000
0.2054, 0.0000
0.2054, 0.0000
0.2054, 0.0000
0.2054, 0.0000
0.2054, 0.0000
0.2054, 0.0000
0.2054, 0.0000
0.2054, 0.0000
0.2054, 0.0000
0.2054, 0.0000
0.2054, 0.0000
0.2054, 0.0000
0.2054, 0.0000
0.2054, 0.0000
0.2054, 0.0000
0.2054, 0.0000
0.2054, 0.0000
0.2054, 0.0000
0.2054, 0.0000
0.2054, 0.0000
0.2054, 0.0025
0.2054, 0.0025
0.2054, 0.0025
0.2054, 0.0025
0.2054, 0.0051
0.2054, 0.0051
0.2054, 0.0051
0.2054, 0.0051
0.2054, 0.0051
0.2054, 0.0051
0.2054, 0.0051
0.2054, 0.0051
0.2054, 0.0051
0.2054, 0.0076
0.2054, 0.0076
0.2054, 0.0076
0.2054, 0.0076
0.2054, 0.0126
0.2054, 0.0126
0.2054, 0.0126
0.2054, 0.0126
0.2054, 0.0126
0.2054, 0.0126
0.2054, 0.0126
0.2054, 0.0126
0.2054, 0.0126
0.2054, 0.0126
0.2054, 0.0126
0.2054, 0.0126
0.2054, 0.0126
0.2054, 0.0126
0.2054, 0.0152
0.2054, 0.0152
0.2054, 0.0152
0.2054, 0.0152
0.2054, 0.0177
0.2054, 0.0177
0.2054, 0.0177
0.2054, 0.0177
0.2098, 0.0177
0.2098, 0.0177
0.2098, 0.0177
0.2098, 0.0177
0.2098, 0.0177
0.2098, 0.0202
0.2098, 0.0202
0.2098, 0.0202
0.2098, 0.0202
0.2143, 0.0202
0.2143, 0.0202
0.2143, 0.0202
0.2143, 0.0202
0.2143, 0.0227
0.2143, 0.0227
0.2143, 0.0227
0.2143, 0.0227
0.2143, 0.0253
0.2143, 0.0253
0.2143, 0.0253
0.2143, 0.0253
0.2143, 0.0253
0.2143, 0.0253
0.2143, 0.0253
0.2143, 0.0253
0.2143, 0.0253
0.2143, 0.0278
0.2143, 0.0278
0.2143, 0.0278
0.2143, 0.0278
0.2143, 0.0278
0.2143, 0.0278
0.2143, 0.0278
0.2143, 0.0278
0.2187, 0.0303
0.2187, 0.0303
0.2187, 0.0303
0.2187, 0.0303
0.2187, 0.0303
0.2187, 0.0303
0.2187, 0.0303
0.2187, 0.0303
0.2187, 0.0303
0.2187, 0.0328
0.2187, 0.0328
0.2187, 0.0328
0.2187, 0.0328
0.2232, 0.0354
0.2232, 0.0354
0.2232, 0.0354
0.2232, 0.0354
0.2232, 0.0379
0.2232, 0.0379
0.2232, 0.0379
0.2232, 0.0379
0.2232, 0.0379
0.2232, 0.0379
0.2232, 0.0379
0.2232, 0.0379
0.2232, 0.0379
0.2232, 0.0379
0.2232, 0.0379
0.2232, 0.0379
0.2232, 0.0379
0.2232, 0.0404
0.2232, 0.0404
0.2232, 0.0404
0.2232, 0.0404
0.2232, 0.0404
0.2232, 0.0404
0.2232, 0.0404
0.2232, 0.0404
0.2232, 0.0404
0.2232, 0.0429
0.2232, 0.0429
0.2232, 0.0429
0.2232, 0.0429
0.2232, 0.0429
0.2232, 0.0429
0.2232, 0.0429
0.2232, 0.0429
0.2232, 0.0429
0.2232, 0.0429
0.2232, 0.0429
0.2232, 0.0429
0.2277, 0.0455
0.2277, 0.0455
0.2277, 0.0455
0.2277, 0.0480
0.2277, 0.0480
0.2277, 0.0480
0.2277, 0.0480
0.2277, 0.0480
0.2277, 0.0480
0.2277, 0.0480
0.2277, 0.0480
0.2277, 0.0480
0.2321, 0.0480
0.2321, 0.0480
0.2321, 0.0480
0.2321, 0.0480
0.2321, 0.0480
0.2321, 0.0505
0.2321, 0.0505
0.2321, 0.0505
0.2321, 0.0505
0.2321, 0.0505
0.2321, 0.0505
0.2321, 0.0505
0.2321, 0.0505
0.2321, 0.0530
0.2321, 0.0530
0.2321, 0.0530
0.2321, 0.0530
0.2366, 0.0556
0.2366, 0.0556
0.2366, 0.0556
0.2366, 0.0556
0.2366, 0.0556
0.2366, 0.0556
0.2366, 0.0556
0.2366, 0.0556
0.2366, 0.0556
0.2366, 0.0556
0.2366, 0.0556
0.2366, 0.0556
0.2366, 0.0581
0.2366, 0.0581
0.2366, 0.0581
0.2366, 0.0581
0.2366, 0.0581
0.2366, 0.0581
0.2366, 0.0581
0.2366, 0.0581
0.2366, 0.0581
0.2366, 0.0581
0.2366, 0.0581
0.2366, 0.0581
0.2366, 0.0606
0.2366, 0.0606
0.2366, 0.0606
0.2366, 0.0606
0.2366, 0.0606
0.2366, 0.0606
0.2366, 0.0606
0.2366, 0.0606
0.2366, 0.0606
0.2366, 0.0606
0.2366, 0.0606
0.2366, 0.0606
0.2366, 0.0606
0.2411, 0.0631
0.2411, 0.0631
0.2411, 0.0631
0.2411, 0.0631
0.2411, 0.0657
0.2411, 0.0657
0.2411, 0.0657
0.2411, 0.0657
0.2411, 0.0657
0.2411, 0.0657
0.2411, 0.0657
0.2411, 0.0657
0.2411, 0.0657
0.2411, 0.0682
0.2411, 0.0682
0.2411, 0.0682
0.2411, 0.0682
0.2411, 0.0682
0.2411, 0.0682
0.2411, 0.0682
0.2411, 0.0682
0.2455, 0.0707
0.2455, 0.0707
0.2455, 0.0707
0.2455, 0.0707
0.2455, 0.0707
0.2455, 0.0732
0.2455, 0.0732
0.2455, 0.0732
0.2455, 0.0732
0.2455, 0.0732
0.2455, 0.0732
0.2455, 0.0732
0.2455, 0.0732
0.2455, 0.0732
0.2455, 0.0732
0.2455, 0.0732
0.2455, 0.0732
0.2455, 0.0732
0.2455, 0.0758
0.2455, 0.0758
0.2455, 0.0758
0.2455, 0.0758
0.2455, 0.0758
0.2455, 0.0758
0.2455, 0.0758
0.2455, 0.0783
0.2455, 0.0783
0.2455, 0.0783
0.2455, 0.0783
0.2455, 0.0783
0.2455, 0.0783
0.2455, 0.0783
0.2455, 0.0783
0.2455, 0.0783
0.2455, 0.0808
0.2455, 0.0808
0.2455, 0.0808
0.2455, 0.0808
0.2500, 0.0808
0.2500, 0.0808
0.2500, 0.0808
0.2500, 0.0808
0.2500, 0.0808
0.2500, 0.0808
0.2500, 0.0808
0.2500, 0.0808
0.2500, 0.0808
0.2500, 0.0808
0.2500, 0.0808
0.2500, 0.0808
0.2500, 0.0833
0.2500, 0.0833
0.2500, 0.0833
0.2500, 0.0833
0.2500, 0.0833
0.2500, 0.0833
0.2500, 0.0833
0.2500, 0.0833
0.2500, 0.0859
0.2500, 0.0859
0.2500, 0.0859
0.2500, 0.0859
0.2545, 0.0859
0.2545, 0.0859
0.2545, 0.0859
0.2545, 0.0859
0.2545, 0.0859
0.2545, 0.0859
0.2545, 0.0859
0.2545, 0.0859
0.2545, 0.0859
0.2545, 0.0859
0.2545, 0.0859
0.2545, 0.0859
0.2545, 0.0859
0.2545, 0.0859
0.2545, 0.0859
0.2545, 0.0859
0.2545, 0.0884
0.2545, 0.0884
0.2545, 0.0884
0.2545, 0.0884
0.2545, 0.0884
0.2545, 0.0884
0.2545, 0.0884
0.2545, 0.0884
0.2545, 0.0884
0.2545, 0.0909
0.2545, 0.0909
0.2545, 0.0909
0.2545, 0.0909
0.2545, 0.0934
0.2545, 0.0934
0.2545, 0.0934
0.2545, 0.0934
0.2589, 0.0934
0.2589, 0.0934
0.2589, 0.0934
0.2589, 0.0934
0.2589, 0.0934
0.2589, 0.0934
0.2589, 0.0934
0.2589, 0.0934
0.2589, 0.0960
0.2589, 0.0960
0.2589, 0.0960
0.2589, 0.0960
0.2589, 0.0960
0.2589, 0.0960
0.2589, 0.0960
0.2589, 0.0960
0.2589, 0.0985
0.2589, 0.0985
0.2589, 0.0985
0.2589, 0.0985
0.2589, 0.0985
0.2589, 0.0985
0.2589, 0.0985
0.2589, 0.0985
0.2589, 0.0985
0.2589, 0.0985
0.2589, 0.0985
0.2589, 0.0985
0.2589, 0.0985
0.2589, 0.0985
0.2589, 0.0985
0.2589, 0.0985
0.2589, 0.1010
0.2589, 0.1010
0.2589, 0.1010
0.2589, 0.1010
0.2589, 0.1010
0.2589, 0.1010
0.2589, 0.1010
0.2589, 0.1010
0.2589, 0.1035
0.2589, 0.1035
0.2589, 0.1035
0.2589, 0.1035
0.2634, 0.1061
0.2634, 0.1061
0.2634, 0.1061
0.2634, 0.1061
0.2634, 0.1061
0.2634, 0.1061
0.2634, 0.1061
0.2634, 0.1061
0.2634, 0.1061
0.2634, 0.1061
0.2634, 0.1061
0.2634, 0.1061
0.2634, 0.1061
0.2634, 0.1061
0.2634, 0.1061
0.2634, 0.1061
0.2634, 0.1061
0.2634, 0.1061
0.2634, 0.1061
0.2634, 0.1061
0.2679, 0.1061
0.2679, 0.1061
0.2679, 0.1061
0.2679, 0.1061
0.2679, 0.1086
0.2679, 0.1086
0.2679, 0.1086
0.2679, 0.1086
0.2679, 0.1086
0.2679, 0.1086
0.2679, 0.1086
0.2679, 0.1086
0.2679, 0.1111
0.2679, 0.1111
0.2679, 0.1111
0.2679, 0.1111
0.2679, 0.1111
0.2679, 0.1111
0.2679, 0.1111
0.2679, 0.1111
0.2679, 0.1111
0.2679, 0.1111
0.2679, 0.1111
0.2679, 0.1111
0.2679, 0.1111
0.2679, 0.1111
0.2679, 0.1111
0.2679, 0.1111
0.2679, 0.1136
0.2679, 0.1136
0.2679, 0.1136
0.2679, 0.1136
0.2679, 0.1136
0.2679, 0.1136
0.2679, 0.1136
0.2679, 0.1136
0.2679, 0.1162
0.2679, 0.1162
0.2679, 0.1162
0.2679, 0.1162
0.2679, 0.1162
0.2679, 0.1162
0.2679, 0.1162
0.2679, 0.1162
0.2723, 0.1187
0.2723, 0.1187
0.2723, 0.1187
0.2723, 0.1187
0.2723, 0.1187
0.2723, 0.1187
0.2723, 0.1187
0.2723, 0.1187
0.2723, 0.1187
0.2723, 0.1187
0.2723, 0.1187
0.2723, 0.1187
0.2723, 0.1187
0.2723, 0.1187
0.2723, 0.1187
0.2723, 0.1187
0.2723, 0.1187
0.2723, 0.1187
0.2723, 0.1187
0.2768, 0.1212
0.2768, 0.1212
0.2768, 0.1212
0.2768, 0.1212
0.2768, 0.1212
0.2768, 0.1212
0.2768, 0.1212
0.2768, 0.1212
0.2768, 0.1237
0.2768, 0.1237
0.2768, 0.1237
0.2768, 0.1237
0.2768, 0.1237
0.2768, 0.1237
0.2768, 0.1237
0.2768, 0.1237
0.2768, 0.1237
0.2768, 0.1237
0.2768, 0.1237
0.2768, 0.1263
0.2768, 0.1263
0.2768, 0.1263
0.2768, 0.1263
0.2768, 0.1263
0.2768, 0.1263
0.2768, 0.1263
0.2768, 0.1263
0.2768, 0.1263
0.2768, 0.1263
0.2768, 0.1263
0.2768, 0.1263
0.2813, 0.1288
0.2813, 0.1288
0.2813, 0.1288
0.2813, 0.1288
0.2813, 0.1288
0.2813, 0.1288
0.2813, 0.1288
0.2813, 0.1288
0.2813, 0.1288
0.2813, 0.1288
0.2813, 0.1288
0.2813, 0.1288
0.2813, 0.1288
0.2813, 0.1288
0.2813, 0.1288
0.2857, 0.1313
0.2857, 0.1313
0.2857, 0.1313
0.2857, 0.1313
0.2857, 0.1313
0.2857, 0.1313
0.2857, 0.1313
0.2857, 0.1338
0.2857, 0.1338
0.2857, 0.1338
0.2902, 0.1364
0.2902, 0.1364
0.2902, 0.1364
0.2902, 0.1364
0.2902, 0.1364
0.2902, 0.1364
0.2902, 0.1364
0.2902, 0.1364
0.2902, 0.1389
0.2902, 0.1389
0.2902, 0.1389
0.2902, 0.1389
0.2902, 0.1389
0.2902, 0.1389
0.2902, 0.1389
0.2902, 0.1389
0.2902, 0.1414
0.2902, 0.1414
0.2902, 0.1414
0.2902, 0.1414
0.2902, 0.1414
0.2902, 0.1414
0.2902, 0.1414
0.2902, 0.1414
0.2902, 0.1414
0.2902, 0.1414
0.2902, 0.1414
0.2902, 0.1414
0.2946, 0.1439
0.2946, 0.1439
0.2946, 0.1439
0.2946, 0.1439
0.2946, 0.1439
0.2946, 0.1439
0.2946, 0.1439
0.2946, 0.1439
0.2946, 0.1465
0.2946, 0.1465
0.2946, 0.1465
0.2991, 0.1490
0.2991, 0.1490
0.2991, 0.1490
0.2991, 0.1490
0.2991, 0.1490
0.2991, 0.1490
0.2991, 0.1490
0.2991, 0.1490
0.2991, 0.1490
0.2991, 0.1490
0.2991, 0.1490
0.2991, 0.1490
0.2991, 0.1515
0.2991, 0.1515
0.2991, 0.1515
0.2991, 0.1515
0.2991, 0.1515
0.2991, 0.1515
0.2991, 0.1515
0.2991, 0.1540
0.2991, 0.1540
0.2991, 0.1540
0.2991, 0.1540
0.3036, 0.1540
0.3036, 0.1540
0.3036, 0.1540
0.3036, 0.1540
0.3036, 0.1540
0.3036, 0.1540
0.3036, 0.1540
0.3036, 0.1540
0.3036, 0.1566
0.3036, 0.1566
0.3036, 0.1566
0.3080, 0.1566
0.3080, 0.1566
0.3080, 0.1566
0.3080, 0.1566
0.3080, 0.1591
0.3080, 0.1591
0.3080, 0.1591
0.3080, 0.1616
0.3080, 0.1616
0.3080, 0.1616
0.3080, 0.1616
0.3125, 0.1616
0.3125, 0.1616
0.3125, 0.1616
0.3125, 0.1641
0.3125, 0.1641
0.3125, 0.1641
0.3125, 0.1641
0.3125, 0.1667
0.3125, 0.1667
0.3125, 0.1667
0.3125, 0.1667
0.3125, 0.1667
0.3125, 0.1667
0.3125, 0.1667
0.3125, 0.1667
0.3125, 0.1667
0.3125, 0.1667
0.3125, 0.1667
0.3125, 0.1692
0.3125, 0.1692
0.3125, 0.1692
0.3125, 0.1692
0.3170, 0.1717
0.3170, 0.1717
0.3170, 0.1717
0.3170, 0.1717
0.3170, 0.1717
0.3170, 0.1717
0.3170, 0.1717
0.3170, 0.1717
0.3170, 0.1742
0.3170, 0.1742
0.3170, 0.1742
0.3214, 0.1742
0.3214, 0.1742
0.3214, 0.1742
0.3214, 0.1742
0.3214, 0.1742
0.3214, 0.1742
0.3214, 0.1768
0.3214, 0.1768
0.3214, 0.1768
0.3214, 0.1768
0.3214, 0.1793
0.3214, 0.1793
0.3214, 0.1793
0.3214, 0.1793
0.3214, 0.1793
0.3214, 0.1793
0.3214, 0.1793
0.3259, 0.1818
0.3259, 0.1818
0.3259, 0.1818
0.3259, 0.1843
0.3259, 0.1843
0.3259, 0.1843
0.3259, 0.1843
0.3259, 0.1843
0.3259, 0.1843
0.3259, 0.1843
0.3304, 0.1869
0.3304, 0.1869
0.3304, 0.1869
0.3304, 0.1869
0.3304, 0.1869
0.3304, 0.1869
0.3304, 0.1869
0.3304, 0.1869
0.3304, 0.1869
0.3304, 0.1869
0.3304, 0.1869
0.3348, 0.1894
0.3348, 0.1894
0.3348, 0.1894
0.3348, 0.1894
0.3348, 0.1894
0.3348, 0.1894
0.3348, 0.1894
0.3348, 0.1894
0.3348, 0.1919
0.3348, 0.1919
0.3348, 0.1919
0.3348, 0.1919
0.3348, 0.1919
0.3348, 0.1919
0.3348, 0.1944
0.3348, 0.1944
0.3348, 0.1944
0.3348, 0.1944
0.3393, 0.1944
0.3393, 0.1944
0.3393, 0.1944
0.3393, 0.1944
0.3393, 0.1970
0.3393, 0.1970
0.3393, 0.1970
0.3393, 0.1995
0.3393, 0.1995
0.3393, 0.1995
0.3437, 0.1995
0.3437, 0.1995
0.3437, 0.1995
0.3437, 0.1995
0.3437, 0.1995
0.3437, 0.1995
0.3437, 0.1995
0.3437, 0.1995
0.3437, 0.2020
0.3437, 0.2020
0.3437, 0.2020
0.3437, 0.2020
0.3437, 0.2020
0.3437, 0.2020
0.3437, 0.2020
0.3437, 0.2045
0.3437, 0.2045
0.3437, 0.2045
0.3437, 0.2045
0.3437, 0.2045
0.3437, 0.2045
0.3437, 0.2045
0.3437, 0.2045
0.3482, 0.2045
0.3482, 0.2045
0.3482, 0.2045
0.3482, 0.2045
0.3482, 0.2045
0.3482, 0.2045
0.3482, 0.2045
0.3482, 0.2071
0.3482, 0.2071
0.3482, 0.2071
0.3527, 0.2071
0.3527, 0.2071
0.3527, 0.2071
0.3527, 0.2096
0.3527, 0.2096
0.3527, 0.2096
0.3527, 0.2096
0.3571, 0.2096
0.3571, 0.2096
0.3571, 0.2096
0.3571, 0.2096
0.3571, 0.2096
0.3571, 0.2096
0.3571, 0.2096
0.3571, 0.2096
0.3571, 0.2096
0.3571, 0.2096
0.3571, 0.2096
0.3571, 0.2121
0.3571, 0.2121
0.3571, 0.2121
0.3616, 0.2121
0.3616, 0.2121
0.3616, 0.2121
0.3616, 0.2121
0.3616, 0.2146
0.3616, 0.2146
0.3616, 0.2146
0.3661, 0.2146
0.3661, 0.2146
0.3661, 0.2146
0.3661, 0.2146
0.3661, 0.2172
0.3661, 0.2172
0.3661, 0.2172
0.3661, 0.2172
0.3661, 0.2172
0.3661, 0.2172
0.3661, 0.2172
0.3661, 0.2172
0.3661, 0.2172
0.3661, 0.2172
0.3661, 0.2172
0.3661, 0.2172
0.3661, 0.2172
0.3661, 0.2172
0.3705, 0.2172
0.3705, 0.2172
0.3705, 0.2172
0.3705, 0.2172
0.3705, 0.2197
0.3705, 0.2197
0.3705, 0.2197
0.3750, 0.2197
0.3750, 0.2197
0.3750, 0.2197
0.3750, 0.2222
0.3750, 0.2222
0.3750, 0.2222
0.3750, 0.2222
0.3750, 0.2222
0.3750, 0.2222
0.3750, 0.2222
0.3750, 0.2222
0.3795, 0.2222
0.3795, 0.2222
0.3795, 0.2222
0.3795, 0.2222
0.3795, 0.2222
0.3795, 0.2222
0.3795, 0.2222
0.3795, 0.2222
0.3795, 0.2222
0.3795, 0.2222
0.3795, 0.2222
0.3795, 0.2222
0.3795, 0.2222
0.3795, 0.2222
0.3795, 0.2247
0.3795, 0.2247
0.3795, 0.2247
0.3795, 0.2247
0.3795, 0.2247
0.3795, 0.2247
0.3795, 0.2247
0.3839, 0.2247
0.3839, 0.2247
0.3839, 0.2247
0.3839, 0.2247
0.3839, 0.2247
0.3839, 0.2247
0.3839, 0.2247
0.3839, 0.2273
0.3839, 0.2273
0.3839, 0.2273
0.3839, 0.2273
0.3884, 0.2273
0.3884, 0.2273
0.3884, 0.2298
0.3884, 0.2298
0.3884, 0.2298
0.3884, 0.2298
0.3884, 0.2298
0.3884, 0.2298
0.3884, 0.2298
0.3884, 0.2298
0.3929, 0.2298
0.3929, 0.2298
0.3929, 0.2298
0.3929, 0.2298
0.3929, 0.2298
0.3929, 0.2298
0.3973, 0.2323
0.3973, 0.2323
0.3973, 0.2323
0.3973, 0.2323
0.3973, 0.2323
0.4018, 0.2323
0.4018, 0.2348
0.4018, 0.2348
0.4018, 0.2348
0.4018, 0.2348
0.4062, 0.2348
0.4062, 0.2348
0.4062, 0.2348
0.4107, 0.2374
0.4152, 0.2424
0.4152, 0.2424
0.4152, 0.2424
0.4152, 0.2424
0.4196, 0.2424
0.4196, 0.2424
0.4196, 0.2424
0.4196, 0.2424
0.4196, 0.2424
0.4196, 0.2424
0.4196, 0.2449
0.4196, 0.2449
0.4196, 0.2449
0.4196, 0.2449
0.4196, 0.2449
0.4196, 0.2449
0.4196, 0.2449
0.4241, 0.2475
0.4241, 0.2475
0.4241, 0.2475
0.4241, 0.2475
0.4241, 0.2475
0.4241, 0.2475
0.4241, 0.2475
0.4241, 0.2475
0.4241, 0.2475
0.4241, 0.2475
0.4241, 0.2475
0.4286, 0.2475
0.4286, 0.2475
0.4286, 0.2500
0.4286, 0.2500
0.4286, 0.2500
0.4286, 0.2500
0.4330, 0.2500
0.4330, 0.2500
0.4330, 0.2500
0.4330, 0.2525
0.4330, 0.2525
0.4330, 0.2525
0.4330, 0.2525
0.4330, 0.2525
0.4330, 0.2525
0.4330, 0.2525
0.4375, 0.2551
0.4375, 0.2551
0.4375, 0.2551
0.4375, 0.2551
0.4375, 0.2551
0.4375, 0.2551
0.4375, 0.2551
0.4375, 0.2551
0.4420, 0.2551
0.4420, 0.2551
0.4420, 0.2551
0.4420, 0.2576
0.4420, 0.2576
0.4420, 0.2576
0.4420, 0.2576
0.4420, 0.2576
0.4420, 0.2576
0.4420, 0.2576
0.4420, 0.2601
0.4420, 0.2601
0.4420, 0.2601
0.4420, 0.2601
0.4420, 0.2601
0.4420, 0.2601
0.4420, 0.2601
0.4420, 0.2601
0.4464, 0.2601
0.4464, 0.2601
0.4464, 0.2601
0.4464, 0.2601
0.4464, 0.2601
0.4464, 0.2601
0.4509, 0.2626
0.4509, 0.2626
0.4509, 0.2626
0.4509, 0.2626
0.4509, 0.2626
0.4509, 0.2626
0.4509, 0.2626
0.4554, 0.2652
0.4554, 0.2652
0.4554, 0.2652
0.4554, 0.2652
0.4554, 0.2652
0.4554, 0.2652
0.4554, 0.2652
0.4554, 0.2677
0.4554, 0.2677
0.4554, 0.2677
0.4554, 0.2677
0.4554, 0.2677
0.4554, 0.2677
0.4554, 0.2677
0.4554, 0.2677
0.4598, 0.2677
0.4598, 0.2677
0.4598, 0.2677
0.4598, 0.2677
0.4598, 0.2677
0.4598, 0.2677
0.4598, 0.2677
0.4643, 0.2677
0.4643, 0.2677
0.4643, 0.2677
0.4643, 0.2702
0.4643, 0.2702
0.4643, 0.2702
0.4643, 0.2702
0.4643, 0.2702
0.4643, 0.2702
0.4643, 0.2702
0.4643, 0.2727
0.4643, 0.2727
0.4643, 0.2727
0.4688, 0.2727
0.4688, 0.2727
0.4688, 0.2727
0.4688, 0.2727
0.4688, 0.2727
0.4688, 0.2727
0.4688, 0.2727
0.4732, 0.2727
0.4732, 0.2727
0.4732, 0.2727
0.4732, 0.2727
0.4732, 0.2727
0.4732, 0.2727
0.4732, 0.2727
0.4777, 0.2753
0.4777, 0.2753
0.4777, 0.2753
0.4777, 0.2753
0.4777, 0.2753
0.4777, 0.2753
0.4777, 0.2753
0.4777, 0.2753
0.4777, 0.2753
0.4777, 0.2753
0.4777, 0.2753
0.4777, 0.2778
0.4777, 0.2778
0.4777, 0.2778
0.4777, 0.2778
0.4777, 0.2778
0.4777, 0.2778
0.4777, 0.2778
0.4821, 0.2778
0.4821, 0.2778
0.4821, 0.2778
0.4821, 0.2803
0.4821, 0.2803
0.4821, 0.2803
0.4866, 0.2803
0.4866, 0.2803
0.4866, 0.2803
0.4866, 0.2803
0.4866, 0.2803
0.4866, 0.2803
0.4866, 0.2803
0.4866, 0.2803
0.4866, 0.2803
0.4866, 0.2803
0.4866, 0.2803
0.4866, 0.2803
0.4911, 0.2803
0.4911, 0.2803
0.4911, 0.2803
0.4911, 0.2828
0.4911, 0.2828
0.4911, 0.2828
0.4911, 0.2828
0.4955, 0.2828
0.4955, 0.2828
0.4955, 0.2828
0.4955, 0.2828
0.4955, 0.2828
0.4955, 0.2828
0.4955, 0.2828
0.5000, 0.2854
0.5000, 0.2854
0.5000, 0.2854
0.5000, 0.2854
0.5000, 0.2854
0.5000, 0.2854
0.5000, 0.2854
0.5000, 0.2854
0.5000, 0.2854
0.5000, 0.2854
0.5000, 0.2854
0.5000, 0.2854
0.5000, 0.2854
0.5045, 0.2854
0.5045, 0.2854
0.5045, 0.2854
0.5089, 0.2854
0.5089, 0.2854
0.5089, 0.2854
0.5089, 0.2879
0.5089, 0.2879
0.5089, 0.2879
0.5089, 0.2879
0.5089, 0.2879
0.5089, 0.2879
0.5134, 0.2879
0.5134, 0.2879
0.5134, 0.2879
0.5134, 0.2904
0.5134, 0.2904
0.5134, 0.2904
0.5179, 0.2904
0.5179, 0.2904
0.5179, 0.2904
0.5223, 0.2904
0.5223, 0.2904
0.5223, 0.2904
0.5223, 0.2904
0.5223, 0.2904
0.5223, 0.2904
0.5223, 0.2904
0.5223, 0.2904
0.5223, 0.2904
0.5223, 0.2904
0.5223, 0.2904
0.5223, 0.2904
0.5223, 0.2904
0.5223, 0.2904
0.5223, 0.2904
0.5268, 0.2904
0.5268, 0.2904
0.5268, 0.2904
0.5312, 0.2929
0.5312, 0.2929
0.5312, 0.2929
0.5312, 0.2929
0.5312, 0.2929
0.5312, 0.2929
0.5312, 0.2929
0.5312, 0.2929
0.5312, 0.2929
0.5312, 0.2929
0.5312, 0.2955
0.5312, 0.2955
0.5312, 0.2955
0.5357, 0.2955
0.5357, 0.2955
0.5357, 0.2955
0.5357, 0.2955
0.5357, 0.2955
0.5357, 0.2955
0.5357, 0.2955
0.5402, 0.2955
0.5402, 0.2955
0.5402, 0.2955
0.5402, 0.2980
0.5402, 0.2980
0.5402, 0.2980
0.5446, 0.2980
0.5446, 0.2980
0.5446, 0.2980
0.5446, 0.2980
0.5446, 0.2980
0.5446, 0.2980
0.5446, 0.2980
0.5446, 0.2980
0.5446, 0.2980
0.5446, 0.2980
0.5446, 0.2980
0.5491, 0.2980
0.5491, 0.2980
0.5491, 0.2980
0.5491, 0.2980
0.5491, 0.2980
0.5491, 0.2980
0.5536, 0.2980
0.5536, 0.2980
0.5536, 0.2980
0.5536, 0.3005
0.5536, 0.3005
0.5536, 0.3005
0.5536, 0.3005
0.5536, 0.3005
0.5536, 0.3005
0.5536, 0.3005
0.5536, 0.3005
0.5536, 0.3005
0.5536, 0.3005
0.5580, 0.3030
0.5580, 0.3030
0.5580, 0.3030
0.5580, 0.3030
0.5580, 0.3030
0.5580, 0.3030
0.5580, 0.3030
0.5625, 0.3030
0.5625, 0.3030
0.5625, 0.3030
0.5625, 0.3030
0.5625, 0.3030
0.5625, 0.3030
0.5625, 0.3030
0.5625, 0.3030
0.5625, 0.3030
0.5625, 0.3030
0.5670, 0.3030
0.5670, 0.3030
0.5670, 0.3030
0.5670, 0.3056
0.5670, 0.3056
0.5670, 0.3056
0.5714, 0.3056
0.5714, 0.3056
0.5714, 0.3056
0.5714, 0.3056
0.5759, 0.3081
0.5759, 0.3081
0.5759, 0.3081
0.5759, 0.3081
0.5759, 0.3081
0.5759, 0.3081
0.5759, 0.3106
0.5759, 0.3106
0.5759, 0.3106
0.5804, 0.3106
0.5804, 0.3106
0.5804, 0.3106
0.5848, 0.3106
0.5848, 0.3106
0.5848, 0.3106
0.5848, 0.3106
0.5848, 0.3106
0.5848, 0.3106
0.5848, 0.3106
0.5848, 0.3106
0.5848, 0.3106
0.5848, 0.3106
0.5848, 0.3106
0.5848, 0.3106
0.5848, 0.3106
0.5848, 0.3106
0.5848, 0.3106
0.5893, 0.3106
0.5893, 0.3106
0.5893, 0.3106
0.5893, 0.3106
0.5893, 0.3106
0.5893, 0.3106
0.5938, 0.3131
0.5938, 0.3131
0.5938, 0.3131
0.5938, 0.3131
0.5938, 0.3131
0.5938, 0.3131
0.5938, 0.3131
0.5982, 0.3131
0.5982, 0.3131
0.5982, 0.3131
0.5982, 0.3131
0.5982, 0.3131
0.5982, 0.3131
0.5982, 0.3131
0.5982, 0.3157
0.5982, 0.3157
0.5982, 0.3157
0.6027, 0.3157
0.6027, 0.3157
0.6027, 0.3157
0.6071, 0.3157
0.6071, 0.3157
0.6071, 0.3157
0.6071, 0.3157
0.6071, 0.3157
0.6071, 0.3157
0.6071, 0.3157
0.6071, 0.3157
0.6071, 0.3157
0.6071, 0.3157
0.6116, 0.3157
0.6116, 0.3157
0.6116, 0.3157
0.6116, 0.3157
0.6116, 0.3157
0.6116, 0.3157
0.6161, 0.3157
0.6161, 0.3157
0.6161, 0.3157
0.6161, 0.3182
0.6161, 0.3182
0.6161, 0.3182
0.6205, 0.3182
0.6205, 0.3182
0.6205, 0.3182
0.6205, 0.3182
0.6205, 0.3182
0.6205, 0.3182
0.6205, 0.3182
0.6205, 0.3182
0.6205, 0.3182
0.6205, 0.3182
0.6250, 0.3207
0.6250, 0.3207
0.6250, 0.3207
0.6295, 0.3207
0.6295, 0.3207
0.6295, 0.3207
0.6295, 0.3207
0.6295, 0.3207
0.6295, 0.3207
0.6295, 0.3207
0.6295, 0.3207
0.6295, 0.3207
0.6295, 0.3207
0.6295, 0.3207
0.6295, 0.3207
0.6339, 0.3232
0.6339, 0.3232
0.6339, 0.3232
0.6339, 0.3232
0.6339, 0.3232
0.6339, 0.3232
0.6339, 0.3232
0.6384, 0.3232
0.6384, 0.3232
0.6384, 0.3232
0.6384, 0.3232
0.6384, 0.3232
0.6384, 0.3232
0.6384, 0.3232
0.6384, 0.3232
0.6384, 0.3232
0.6384, 0.3232
0.6429, 0.3232
0.6429, 0.3232
0.6429, 0.3232
0.6429, 0.3232
0.6429, 0.3232
0.6429, 0.3232
0.6429, 0.3232
0.6429, 0.3232
0.6429, 0.3232
0.6429, 0.3232
0.6473, 0.3232
0.6473, 0.3232
0.6473, 0.3232
0.6473, 0.3232
0.6473, 0.3232
0.6473, 0.3232
0.6518, 0.3258
0.6518, 0.3258
0.6518, 0.3258
0.6518, 0.3258
0.6518, 0.3258
0.6518, 0.3258
0.6518, 0.3258
0.6518, 0.3258
0.6518, 0.3258
0.6518, 0.3258
0.6562, 0.3258
0.6562, 0.3258
0.6562, 0.3258
0.6562, 0.3258
0.6562, 0.3258
0.6562, 0.3258
0.6562, 0.3258
0.6607, 0.3283
0.6607, 0.3283
0.6607, 0.3283
0.6607, 0.3283
0.6607, 0.3283
0.6607, 0.3283
0.6607, 0.3283
0.6607, 0.3283
0.6607, 0.3283
0.6607, 0.3283
0.6652, 0.3283
0.6652, 0.3283
0.6652, 0.3283
0.6652, 0.3283
0.6652, 0.3283
0.6652, 0.3283
0.6652, 0.3283
0.6652, 0.3283
0.6652, 0.3283
0.6652, 0.3283
0.6696, 0.3308
0.6696, 0.3308
0.6696, 0.3308
0.6741, 0.3308
0.6741, 0.3308
0.6741, 0.3308
0.6741, 0.3308
0.6741, 0.3308
0.6741, 0.3308
0.6741, 0.3308
0.6741, 0.3308
0.6741, 0.3308
0.6741, 0.3308
0.6741, 0.3308
0.6741, 0.3308
0.6741, 0.3308
0.6786, 0.3308
0.6786, 0.3308
0.6786, 0.3308
0.6786, 0.3333
0.6786, 0.3333
0.6786, 0.3333
0.6830, 0.3333
0.6830, 0.3333
0.6830, 0.3333
0.6830, 0.3333
0.6830, 0.3333
0.6830, 0.3333
0.6830, 0.3333
0.6875, 0.3359
0.6875, 0.3359
0.6875, 0.3359
0.6875, 0.3359
0.6875, 0.3359
0.6875, 0.3359
0.6875, 0.3359
0.6875, 0.3359
0.6875, 0.3359
0.6875, 0.3359
0.6920, 0.3359
0.6920, 0.3359
0.6920, 0.3359
0.6920, 0.3359
0.6920, 0.3359
0.6920, 0.3359
0.6964, 0.3359
0.6964, 0.3359
0.6964, 0.3359
0.6964, 0.3359
0.6964, 0.3359
0.6964, 0.3359
0.6964, 0.3359
0.6964, 0.3359
0.6964, 0.3359
0.6964, 0.3359
0.7009, 0.3384
0.7009, 0.3384
0.7009, 0.3384
0.7009, 0.3384
0.7009, 0.3384
0.7009, 0.3384
0.7054, 0.3384
0.7054, 0.3384
0.7054, 0.3384
0.7054, 0.3384
0.7054, 0.3384
0.7054, 0.3384
0.7054, 0.3384
0.7098, 0.3409
0.7098, 0.3409
0.7098, 0.3409
0.7098, 0.3409
0.7098, 0.3409
0.7098, 0.3409
0.7098, 0.3409
0.7098, 0.3409
0.7098, 0.3409
0.7098, 0.3409
0.7143, 0.3409
0.7143, 0.3409
0.7143, 0.3409
0.7143, 0.3409
0.7143, 0.3409
0.7143, 0.3409
0.7188, 0.3409
0.7188, 0.3409
0.7188, 0.3409
0.7188, 0.3409
0.7188, 0.3409
0.7188, 0.3409
0.7188, 0.3409
0.7188, 0.3409
0.7188, 0.3409
0.7188, 0.3409
0.7232, 0.3409
0.7232, 0.3409
0.7232, 0.3409
0.7277, 0.3434
0.7277, 0.3434
0.7277, 0.3434
0.7277, 0.3434
0.7277, 0.3434
0.7277, 0.3434
0.7321, 0.3434
0.7321, 0.3434
0.7321, 0.3434
0.7366, 0.3434
0.7366, 0.3434
0.7366, 0.3434
0.7411, 0.3460
0.7411, 0.3460
0.7411, 0.3460
0.7411, 0.3460
0.7411, 0.3460
0.7411, 0.3460
0.7455, 0.3460
0.7455, 0.3460
0.7455, 0.3460
0.7500, 0.3485
0.7500, 0.3485
0.7500, 0.3485
0.7500, 0.3485
0.7500, 0.3485
0.7500, 0.3485
0.7545, 0.3485
0.7545, 0.3485
0.7545, 0.3485
0.7589, 0.3485
0.7589, 0.3485
0.7589, 0.3485
0.7634, 0.3485
0.7634, 0.3485
0.7634, 0.3485
0.7679, 0.3485
0.7679, 0.3485
0.7723, 0.3485
0.7723, 0.3485
0.7723, 0.3485
0.7768, 0.3485
0.7768, 0.3485
0.7768, 0.3485
0.7768, 0.3485
0.7768, 0.3485
0.7768, 0.3485
0.7768, 0.3485
0.7812, 0.3510
0.7812, 0.3510
0.7857, 0.3510
0.7857, 0.3510
0.7857, 0.3510
0.7857, 0.3510
0.7857, 0.3510
0.7857, 0.3510
0.7857, 0.3510
0.7857, 0.3510
0.7857, 0.3510
0.7857, 0.3510
0.7902, 0.3510
0.7902, 0.3510
0.7902, 0.3510
0.7946, 0.3510
0.7946, 0.3510
0.7946, 0.3510
0.7991, 0.3510
0.7991, 0.3510
0.8036, 0.3510
0.8036, 0.3510
0.8036, 0.3510
0.8080, 0.3535
0.8080, 0.3535
0.8080, 0.3535
0.8080, 0.3535
0.8080, 0.3535
0.8080, 0.3535
0.8080, 0.3535
0.8170, 0.3535
0.8170, 0.3535
0.8170, 0.3535
0.8259, 0.3535
0.8259, 0.3535
0.8259, 0.3535
0.8259, 0.3535
0.8259, 0.3535
0.8259, 0.3535
0.8348, 0.3535
0.8348, 0.3535
0.8348, 0.3535
0.8393, 0.3535
0.8393, 0.3535
0.8393, 0.3535
0.8438, 0.3535
0.8438, 0.3535
0.8438, 0.3535
0.8482, 0.3535
0.8482, 0.3535
0.8482, 0.3535
0.8527, 0.3535
0.8527, 0.3535
0.8527, 0.3535
0.8571, 0.3535
0.8571, 0.3535
0.8571, 0.3535
0.8616, 0.3535
0.8616, 0.3535
0.8616, 0.3535
0.8616, 0.3535
0.8616, 0.3535
0.8616, 0.3535
0.8616, 0.3535
0.8616, 0.3535
0.8616, 0.3535
0.8661, 0.3535
0.8661, 0.3535
0.8661, 0.3535
0.8705, 0.3535
0.8705, 0.3535
0.8705, 0.3535
0.8750, 0.3535
0.8750, 0.3535
0.8750, 0.3535
0.8795, 0.3535
0.8795, 0.3535
0.8795, 0.3535
0.8839, 0.3535
0.8839, 0.3535
0.8839, 0.3535
0.8839, 0.3535
0.8839, 0.3535
0.8839, 0.3535
0.8839, 0.3535
0.8884, 0.3535
0.8884, 0.3535
0.8884, 0.3535
0.8929, 0.3535
0.8929, 0.3535
0.8929, 0.3535
0.8973, 0.3535
0.8973, 0.3535
0.8973, 0.3535
0.8973, 0.3535
0.8973, 0.3535
0.8973, 0.3535
0.9063, 0.3535
0.9063, 0.3535
0.9063, 0.3535
0.9107, 0.3535
0.9107, 0.3535
0.9107, 0.3535
0.9107, 0.3535
0.9107, 0.3535
0.9107, 0.3535
0.9152, 0.3535
0.9152, 0.3535
0.9152, 0.3535
0.9196, 0.3535
0.9196, 0.3535
0.9196, 0.3535
0.9241, 0.3535
0.9241, 0.3535
0.9241, 0.3535
0.9286, 0.3535
0.9286, 0.3535
0.9286, 0.3535
0.9330, 0.3535
0.9330, 0.3535
0.9330, 0.3535
0.9330, 0.3535
0.9330, 0.3535
0.9330, 0.3535
0.9375, 0.3535
0.9375, 0.3535
0.9375, 0.3535
0.9420, 0.3535
0.9420, 0.3535
0.9420, 0.3535
0.9420, 0.3535
0.9420, 0.3535
0.9420, 0.3535
0.9420, 0.3535
0.9420, 0.3535
0.9420, 0.3535
0.9464, 0.3535
0.9464, 0.3535
0.9509, 0.3535
0.9509, 0.3535
0.9509, 0.3535
0.9554, 0.3535
0.9554, 0.3535
0.9554, 0.3535
0.9554, 0.3535
0.9554, 0.3535
0.9554, 0.3535
0.9554, 0.3535
0.9554, 0.3535
0.9598, 0.3535
0.9598, 0.3535
0.9598, 0.3535
0.9598, 0.3535
0.9598, 0.3535
0.9598, 0.3535
0.9643, 0.3535
0.9643, 0.3535
0.9643, 0.3535
0.9643, 0.3535
0.9643, 0.3535
0.9643, 0.3535
0.9643, 0.3535
0.9643, 0.3535
0.9643, 0.3535
0.9643, 0.3535
0.9643, 0.3535
0.9643, 0.3535
0.9643, 0.3535
0.9643, 0.3535
0.9643, 0.3535
0.9643, 0.3535
0.9643, 0.3535
0.9643, 0.3535
0.9643, 0.3535
0.9688, 0.3535
0.9688, 0.3535
0.9688, 0.3535
0.9688, 0.3535
0.9688, 0.3535
0.9688, 0.3535
0.9688, 0.3535
0.9688, 0.3535
0.9688, 0.3535
0.9732, 0.3535
0.9732, 0.3535
0.9732, 0.3535
0.9732, 0.3535
0.9732, 0.3535
0.9732, 0.3535
0.9777, 0.3535
0.9777, 0.3535
0.9777, 0.3535
0.9777, 0.3535
0.9777, 0.3535
0.9777, 0.3535
0.9777, 0.3535
0.9777, 0.3535
0.9777, 0.3535
0.9777, 0.3535
0.9777, 0.3535
0.9777, 0.3535
0.9777, 0.3535
0.9777, 0.3535
0.9777, 0.3535
0.9821, 0.3535
0.9821, 0.3535
0.9821, 0.3535
0.9821, 0.3535
0.9821, 0.3535
0.9821, 0.3535
0.9821, 0.3535
0.9821, 0.3535
0.9821, 0.3535
0.9821, 0.3535
0.9821, 0.3535
0.9821, 0.3535
0.9821, 0.3535
0.9821, 0.3535
0.9821, 0.3535
0.9821, 0.3535
0.9821, 0.3535
0.9821, 0.3535
0.9821, 0.3535
0.9821, 0.3535
0.9821, 0.3535
0.9866, 0.3535
0.9866, 0.3535
0.9866, 0.3535
0.9866, 0.3535
0.9866, 0.3535
0.9866, 0.3535
0.9866, 0.3535
0.9866, 0.3535
0.9866, 0.3535
0.9911, 0.3535
0.9911, 0.3535
0.9911, 0.3535
0.9955, 0.3535
0.9955, 0.3535
0.9955, 0.3535
0.9955, 0.3535
0.9955, 0.3535
0.9955, 0.3535
0.9955, 0.3535
0.9955, 0.3535
0.9955, 0.3535
1.0000, 0.3535
1.0000, 0.3535
1.0000, 0.3535
1.0000, 0.3535
1.0000, 0.3535
1.0000, 0.3535
1.0000, 0.3535
1.0000, 0.3535
1.0000, 0.3535
1.0000, 0.3535
1.0000, 0.3535
1.0000, 0.3535
1.0000, 0.3535
1.0000, 0.3535
1.0000, 0.3535
1.0000, 0.3535
1.0000, 0.3535
1.0000, 0.3535
1.0000, 0.3535
1.0000, 0.3535
1.0000, 0.3535
1.0000, 0.3535
0.1295, 0.2525
0.1295, 0.2525
0.1295, 0.2525
0.1295, 0.2525
0.1295, 0.2525
0.1295, 0.2525
0.1295, 0.2525
0.1295, 0.2525
0.1295, 0.2525
0.1295, 0.2525
0.1295, 0.2525
0.1295, 0.2525
0.1295, 0.2525
0.1295, 0.2525
0.1295, 0.2525
0.1295, 0.2525
0.1295, 0.2525
0.1295, 0.2525
0.1295, 0.2525
0.1295, 0.2525
0.1295, 0.2525
0.1295, 0.2525
0.1295, 0.2525
0.1295, 0.2525
0.1295, 0.2525
0.1295, 0.2525
0.1295, 0.2525
0.1295, 0.2525
0.1295, 0.2525
0.1295, 0.2525
0.1295, 0.2525
0.1295, 0.2525
0.1295, 0.2525
0.1295, 0.2525
0.1295, 0.2525
0.1295, 0.2525
0.1295, 0.2525
0.1295, 0.2525
0.1295, 0.2525
0.1295, 0.2525
0.1295, 0.2525
0.1295, 0.2525
0.1295, 0.2525
0.1295, 0.2525
0.1295, 0.2525
0.1295, 0.2525
0.1295, 0.2525
0.1295, 0.2525
0.1295, 0.2525
0.1295, 0.2525
0.1295, 0.2525
0.1295, 0.2525
0.1295, 0.2525
0.1295, 0.2525
0.1295, 0.2525
0.1295, 0.2525
0.1295, 0.2525
0.1295, 0.2525
0.1295, 0.2525
0.1295, 0.2525
0.1295, 0.2525
0.1295, 0.2525
0.1295, 0.2525
0.1295, 0.2525
0.1295, 0.2525
0.1295, 0.2525
0.1295, 0.2525
0.1295, 0.2525
0.1295, 0.2525
0.1295, 0.2525
0.1295, 0.2525
0.1295, 0.2525
0.1295, 0.2525
0.1295, 0.2525
0.1295, 0.2525
0.1295, 0.2525
0.1295, 0.2525
0.1295, 0.2525
0.1295, 0.2525
0.1295, 0.2525
0.1295, 0.2525
0.1295, 0.2525
0.1295, 0.2525
0.1295, 0.2525
0.1295, 0.2525
0.1295, 0.2525
0.1295, 0.2525
0.1295, 0.2525
0.1295, 0.2525
0.1295, 0.2525
0.1295, 0.2525
0.1250, 0.2525
0.1250, 0.2525
0.1250, 0.2525
0.1250, 0.2525
0.1250, 0.2525
0.1250, 0.2525
0.1250, 0.2525
0.1250, 0.2525
0.1250, 0.2525
0.1250, 0.2525
0.1250, 0.2525
0.1250, 0.2525
0.1250, 0.2525
0.1250, 0.2525
0.1250, 0.2525
0.1250, 0.2525
0.1250, 0.2525
0.1205, 0.2525
0.1205, 0.2525
0.1205, 0.2525
0.1205, 0.2525
0.1205, 0.2525
0.1205, 0.2525
0.1205, 0.2525
0.1205, 0.2525
0.1205, 0.2525
0.1205, 0.2525
0.1205, 0.2525
0.1205, 0.2525
0.1205, 0.2525
0.1205, 0.2500
0.1205, 0.2500
0.1205, 0.2500
0.1205, 0.2500
0.1161, 0.2500
0.1161, 0.2500
0.1161, 0.2500
0.1161, 0.2500
0.1161, 0.2475
0.1161, 0.2475
0.1161, 0.2475
0.1161, 0.2475
0.1161, 0.2475
0.1161, 0.2475
0.1161, 0.2475
0.1161, 0.2475
0.1161, 0.2475
0.1161, 0.2475
0.1161, 0.2475
0.1161, 0.2475
0.1161, 0.2475
0.1161, 0.2475
0.1161, 0.2475
0.1161, 0.2475
0.1161, 0.2475
0.1161, 0.2475
0.1161, 0.2475
0.1161, 0.2475
0.1161, 0.2475
0.1161, 0.2475
0.1161, 0.2475
0.1161, 0.2475
0.1161, 0.2475
0.1161, 0.2475
0.1161, 0.2475
0.1161, 0.2475
0.1161, 0.2475
0.1161, 0.2475
0.1161, 0.2475
0.1161, 0.2475
0.1161, 0.2475
0.1161, 0.2475
0.1161, 0.2475
0.1161, 0.2475
0.1161, 0.2475
0.1161, 0.2475
0.1161, 0.2475
0.1161, 0.2449
0.1161, 0.2449
0.1161, 0.2449
0.1161, 0.2449
0.1161, 0.2449
0.1161, 0.2449
0.1161, 0.2449
0.1161, 0.2449
0.1161, 0.2449
0.1161, 0.2449
0.1161, 0.2449
0.1161, 0.2449
0.1161, 0.2449
0.1161, 0.2449
0.1116, 0.2449
0.1116, 0.2449
0.1116, 0.2449
0.1116, 0.2449
0.1116, 0.2449
0.1116, 0.2449
0.1116, 0.2449
0.1116, 0.2449
0.1116, 0.2424
0.1116, 0.2424
0.1116, 0.2424
0.1116, 0.2424
0.1116, 0.2424
0.1116, 0.2424
0.1116, 0.2424
0.1116, 0.2424
0.1116, 0.2424
0.1116, 0.2424
0.1116, 0.2424
0.1116, 0.2424
0.1116, 0.2424
0.1116, 0.2424
0.1116, 0.2424
0.1071, 0.2424
0.1071, 0.2424
0.1071, 0.2424
0.1071, 0.2424
0.1071, 0.2424
0.1071, 0.2424
0.1071, 0.2424
0.1071, 0.2424
0.1071, 0.2424
0.1071, 0.2399
0.1071, 0.2399
0.1071, 0.2399
0.1071, 0.2399
0.1071, 0.2399
0.1071, 0.2399
0.1071, 0.2399
0.1071, 0.2374
0.1071, 0.2374
0.1071, 0.2374
0.1071, 0.2374
0.1071, 0.2374
0.1071, 0.2374
0.1071, 0.2374
0.1071, 0.2374
0.1071, 0.2374
0.1071, 0.2374
0.1071, 0.2374
0.1071, 0.2374
0.1071, 0.2374
0.1071, 0.2348
0.1071, 0.2348
0.1071, 0.2348
0.1071, 0.2348
0.1071, 0.2348
0.1071, 0.2348
0.1071, 0.2348
0.1071, 0.2348
0.1071, 0.2348
0.1071, 0.2348
0.1071, 0.2348
0.1071, 0.2348
0.1071, 0.2348
0.1071, 0.2348
0.1071, 0.2348
0.1071, 0.2348
0.1071, 0.2348
0.1071, 0.2348
0.1071, 0.2348
0.1071, 0.2348
0.1071, 0.2348
0.1027, 0.2323
0.1027, 0.2323
0.1027, 0.2323
0.1027, 0.2323
0.1027, 0.2323
0.1027, 0.2323
0.1027, 0.2323
0.1027, 0.2323
0.1027, 0.2323
0.1027, 0.2323
0.1027, 0.2323
0.1027, 0.2323
0.1027, 0.2323
0.1027, 0.2298
0.1027, 0.2298
0.1027, 0.2298
0.1027, 0.2298
0.1027, 0.2298
0.1027, 0.2298
0.1027, 0.2298
0.1027, 0.2298
0.1027, 0.2298
0.1027, 0.2298
0.1027, 0.2298
0.1027, 0.2298
0.1027, 0.2298
0.1027, 0.2298
0.1027, 0.2298
0.1027, 0.2298
0.1027, 0.2298
0.1027, 0.2298
0.0982, 0.2298
0.0982, 0.2298
0.0982, 0.2298
0.0982, 0.2298
0.0982, 0.2273
0.0982, 0.2273
0.0982, 0.2273
0.0982, 0.2273
0.0982, 0.2273
0.0982, 0.2273
0.0982, 0.2273
0.0982, 0.2273
0.0982, 0.2247
0.0982, 0.2247
0.0982, 0.2247
0.0982, 0.2247
0.0982, 0.2247
0.0982, 0.2247
0.0982, 0.2247
0.0982, 0.2247
0.0982, 0.2247
0.0982, 0.2247
0.0982, 0.2247
0.0982, 0.2247
0.0982, 0.2222
0.0982, 0.2222
0.0982, 0.2222
0.0982, 0.2222
0.0982, 0.2222
0.0982, 0.2222
0.0982, 0.2222
0.0982, 0.2222
0.0982, 0.2222
0.0982, 0.2222
0.0982, 0.2222
0.0982, 0.2222
0.0982, 0.2222
0.0982, 0.2222
0.0982, 0.2222
0.0982, 0.2222
0.0982, 0.2222
0.0982, 0.2222
0.0982, 0.2222
0.0982, 0.2222
0.0982, 0.2222
0.0982, 0.2222
0.0982, 0.2222
0.0982, 0.2222
0.0982, 0.2222
0.0982, 0.2222
0.0937, 0.2197
0.0937, 0.2197
0.0937, 0.2197
0.0937, 0.2197
0.0937, 0.2197
0.0937, 0.2197
0.0937, 0.2197
0.0937, 0.2197
0.0937, 0.2197
0.0937, 0.2197
0.0937, 0.2197
0.0937, 0.2197
0.0937, 0.2197
0.0937, 0.2172
0.0937, 0.2172
0.0937, 0.2172
0.0937, 0.2172
0.0937, 0.2172
0.0937, 0.2172
0.0937, 0.2172
0.0937, 0.2172
0.0937, 0.2172
0.0937, 0.2172
0.0937, 0.2172
0.0937, 0.2172
0.0937, 0.2172
0.0937, 0.2172
0.0937, 0.2172
0.0937, 0.2172
0.0937, 0.2172
0.0937, 0.2172
0.0937, 0.2172
0.0937, 0.2172
0.0937, 0.2172
0.0937, 0.2172
0.0937, 0.2172
0.0937, 0.2172
0.0937, 0.2146
0.0937, 0.2146
0.0937, 0.2146
0.0937, 0.2146
0.0937, 0.2146
0.0937, 0.2146
0.0937, 0.2146
0.0937, 0.2146
0.0937, 0.2146
0.0937, 0.2146
0.0937, 0.2146
0.0937, 0.2146
0.0937, 0.2121
0.0937, 0.2121
0.0937, 0.2121
0.0937, 0.2121
0.0937, 0.2121
0.0937, 0.2121
0.0937, 0.2121
0.0937, 0.2121
0.0937, 0.2096
0.0937, 0.2096
0.0937, 0.2096
0.0937, 0.2096
0.0937, 0.2096
0.0937, 0.2096
0.0937, 0.2096
0.0937, 0.2096
0.0937, 0.2096
0.0937, 0.2096
0.0937, 0.2096
0.0937, 0.2096
0.0937, 0.2096
0.0937, 0.2096
0.0937, 0.2096
0.0937, 0.2096
0.0937, 0.2096
0.0937, 0.2096
0.0937, 0.2096
0.0937, 0.2096
0.0937, 0.2096
0.0937, 0.2096
0.0937, 0.2096
0.0937, 0.2096
0.0937, 0.2071
0.0937, 0.2071
0.0937, 0.2071
0.0937, 0.2071
0.0937, 0.2071
0.0937, 0.2071
0.0937, 0.2071
0.0937, 0.2071
0.0937, 0.2071
0.0937, 0.2071
0.0937, 0.2071
0.0937, 0.2071
0.0937, 0.2045
0.0937, 0.2045
0.0937, 0.2045
0.0937, 0.2045
0.0937, 0.2045
0.0937, 0.2045
0.0937, 0.2045
0.0937, 0.2045
0.0937, 0.2045
0.0937, 0.2045
0.0937, 0.2045
0.0937, 0.2045
0.0937, 0.2045
0.0937, 0.2045
0.0937, 0.2045
0.0937, 0.2045
0.0937, 0.2045
0.0937, 0.2045
0.0937, 0.2045
0.0937, 0.2045
0.0937, 0.2045
0.0937, 0.2045
0.0937, 0.2020
0.0937, 0.2020
0.0937, 0.2020
0.0937, 0.2020
0.0937, 0.2020
0.0937, 0.2020
0.0937, 0.2020
0.0982, 0.2020
0.0982, 0.2020
0.0982, 0.2020
0.0982, 0.2020
0.0982, 0.2020
0.0982, 0.2020
0.0982, 0.2020
0.0982, 0.2020
0.0982, 0.1995
0.0982, 0.1995
0.0982, 0.1995
0.0982, 0.1995
0.0982, 0.1995
0.0982, 0.1995
0.0982, 0.1995
0.0982, 0.1995
0.0982, 0.1995
0.0982, 0.1995
0.0982, 0.1995
0.0982, 0.1995
0.0982, 0.1995
0.0982, 0.1995
0.0982, 0.1995
0.0982, 0.1995
0.0982, 0.1995
0.0982, 0.1995
0.0982, 0.1995
0.0982, 0.1995
0.1027, 0.1995
0.1027, 0.1995
0.1027, 0.1995
0.1027, 0.1995
0.1027, 0.1995
0.1027, 0.1995
0.1027, 0.1995
0.1027, 0.1995
0.1027, 0.1970
0.1027, 0.1970
0.1027, 0.1970
0.1027, 0.1970
0.1027, 0.1970
0.1027, 0.1970
0.1027, 0.1970
0.1027, 0.1970
0.1027, 0.1970
0.1027, 0.1970
0.1027, 0.1970
0.1027, 0.1970
0.1027, 0.1944
0.1027, 0.1944
0.1027, 0.1944
0.1027, 0.1944
0.1027, 0.1944
0.1027, 0.1944
0.1027, 0.1944
0.1027, 0.1944
0.1027, 0.1944
0.1027, 0.1944
0.1027, 0.1944
0.1027, 0.1944
0.1027, 0.1944
0.1027, 0.1944
0.1027, 0.1944
0.1027, 0.1944
0.1027, 0.1919
0.1027, 0.1919
0.1027, 0.1919
0.1027, 0.1919
0.1071, 0.1919
0.1071, 0.1919
0.1071, 0.1919
0.1071, 0.1919
0.1071, 0.1919
0.1071, 0.1919
0.1071, 0.1919
0.1071, 0.1919
0.1071, 0.1919
0.1071, 0.1919
0.1071, 0.1919
0.1071, 0.1919
0.1116, 0.1919
0.1116, 0.1919
0.1116, 0.1919
0.1116, 0.1919
0.1116, 0.1919
0.1116, 0.1919
0.1116, 0.1919
0.1116, 0.1919
0.1116, 0.1919
0.1116, 0.1919
0.1116, 0.1919
0.1116, 0.1919
0.1116, 0.1919
0.1116, 0.1919
0.1116, 0.1919
0.1116, 0.1894
0.1116, 0.1894
0.1116, 0.1894
0.1116, 0.1894
0.1116, 0.1894
0.1116, 0.1894
0.1116, 0.1894
0.1116, 0.1894
0.1116, 0.1894
0.1116, 0.1894
0.1116, 0.1894
0.1116, 0.1894
0.1116, 0.1894
0.1116, 0.1894
0.1116, 0.1894
0.1116, 0.1894
0.1161, 0.1869
0.1161, 0.1869
0.1161, 0.1869
0.1161, 0.1869
0.1161, 0.1869
0.1161, 0.1869
0.1161, 0.1869
0.1205, 0.1869
0.1205, 0.1869
0.1205, 0.1869
0.1205, 0.1869
0.1205, 0.1869
0.1205, 0.1869
0.1205, 0.1869
0.1205, 0.1869
0.1205, 0.1869
0.1205, 0.1869
0.1250, 0.1869
0.1250, 0.1869
0.1250, 0.1869
0.1250, 0.1869
0.1250, 0.1869
0.1250, 0.1869
0.1250, 0.1869
0.1250, 0.1869
0.1250, 0.1869
0.1250, 0.1869
0.1250, 0.1869
0.1250, 0.1869
0.1250, 0.1869
0.1250, 0.1869
0.1250, 0.1869
0.1250, 0.1869
0.1250, 0.1869
0.1250, 0.1869
0.1250, 0.1869
0.1250, 0.1869
0.1250, 0.1843
0.1250, 0.1843
0.1250, 0.1843
0.1295, 0.1843
0.1295, 0.1843
0.1295, 0.1843
0.1295, 0.1843
0.1295, 0.1843
0.1295, 0.1843
0.1295, 0.1843
0.1295, 0.1843
0.1339, 0.1843
0.1339, 0.1843
0.1339, 0.1843
0.1339, 0.1843
0.1339, 0.1843
0.1339, 0.1843
0.1339, 0.1843
0.1339, 0.1843
0.1339, 0.1843
0.1339, 0.1843
0.1339, 0.1843
0.1384, 0.1818
0.1384, 0.1818
0.1384, 0.1818
0.1384, 0.1818
0.1384, 0.1818
0.1384, 0.1818
0.1384, 0.1818
0.1384, 0.1818
0.1384, 0.1818
0.1384, 0.1818
0.1384, 0.1818
0.1384, 0.1818
0.1429, 0.1818
0.1429, 0.1818
0.1429, 0.1818
0.1429, 0.1818
0.1429, 0.1818
0.1429, 0.1818
0.1429, 0.1818
0.1429, 0.1818
0.1429, 0.1818
0.1429, 0.1818
0.1429, 0.1818
0.1429, 0.1818
0.1429, 0.1818
0.1429, 0.1818
0.1429, 0.1818
0.1429, 0.1818
0.1429, 0.1818
0.1429, 0.1818
0.1429, 0.1818
0.1473, 0.1793
0.1473, 0.1793
0.1473, 0.1793
0.1473, 0.1793
0.1473, 0.1793
0.1473, 0.1793
0.1518, 0.1793
0.1518, 0.1793
0.1518, 0.1793
0.1518, 0.1793
0.1518, 0.1793
0.1563, 0.1793
0.1563, 0.1793
0.1563, 0.1793
0.1563, 0.1793
0.1563, 0.1793
0.1563, 0.1793
0.1563, 0.1793
0.1563, 0.1793
0.1563, 0.1793
0.1563, 0.1793
0.1563, 0.1793
0.1563, 0.1793
0.1563, 0.1793
0.1563, 0.1793
0.1563, 0.1793
0.1563, 0.1793
0.1607, 0.1793
0.1607, 0.1793
0.1607, 0.1793
0.1607, 0.1793
0.1607, 0.1793
0.1607, 0.1793
0.1607, 0.1793
0.1607, 0.1793
0.1652, 0.1793
0.1652, 0.1793
0.1652, 0.1793
0.1652, 0.1793
0.1652, 0.1793
0.1652, 0.1793
0.1652, 0.1793
0.1652, 0.1793
0.1652, 0.1793
0.1652, 0.1793
0.1652, 0.1793
0.1652, 0.1793
0.1696, 0.1793
0.1696, 0.1793
0.1696, 0.1793
0.1696, 0.1793
0.1696, 0.1793
0.1696, 0.1793
0.1741, 0.1793
0.1741, 0.1793
0.1741, 0.1793
0.1786, 0.1793
0.1786, 0.1793
0.1786, 0.1793
0.1786, 0.1793
0.1786, 0.1793
0.1786, 0.1793
0.1786, 0.1793
0.1786, 0.1793
0.1786, 0.1793
0.1786, 0.1793
0.1786, 0.1793
0.1786, 0.1793
0.1830, 0.1793
0.1830, 0.1793
0.1830, 0.1793
0.1875, 0.1793
0.1875, 0.1793
0.1875, 0.1793
0.1875, 0.1793
0.1875, 0.1793
0.1875, 0.1793
0.1875, 0.1793
0.1875, 0.1793
0.1920, 0.1793
0.1920, 0.1793
0.1920, 0.1793
0.1964, 0.1793
0.1964, 0.1793
0.1964, 0.1793
0.1964, 0.1793
0.1964, 0.1793
0.1964, 0.1793
0.2009, 0.1793
0.2009, 0.1793
0.2009, 0.1793
0.2009, 0.1793
0.2009, 0.1793
0.2009, 0.1793
0.2009, 0.1793
0.2009, 0.1793
0.2009, 0.1793
0.2009, 0.1793
0.2009, 0.1793
0.2009, 0.1793
0.2009, 0.1793
0.2009, 0.1793
0.2009, 0.1793
0.2054, 0.1793
0.2054, 0.1793
0.2054, 0.1793
0.2054, 0.1793
0.2054, 0.1793
0.2054, 0.1793
0.2098, 0.1793
0.2098, 0.1793
0.2098, 0.1793
0.2098, 0.1793
0.2098, 0.1793
0.2098, 0.1793
0.2098, 0.1793
0.2098, 0.1793
0.2098, 0.1793
0.2098, 0.1793
0.2098, 0.1793
0.2098, 0.1793
0.2143, 0.1793
0.2143, 0.1793
0.2187, 0.1793
0.2187, 0.1793
0.2187, 0.1793
0.2232, 0.1793
0.2232, 0.1793
0.2232, 0.1793
0.2232, 0.1818
0.2232, 0.1818
0.2232, 0.1818
0.2232, 0.1818
0.2232, 0.1818
0.2232, 0.1818
0.2232, 0.1818
0.2232, 0.1818
0.2277, 0.1818
0.2277, 0.1818
0.2277, 0.1818
0.2277, 0.1818
0.2277, 0.1818
0.2277, 0.1818
0.2277, 0.1818
0.2277, 0.1818
0.2277, 0.1818
0.2321, 0.1818
0.2321, 0.1818
0.2321, 0.1818
0.2321, 0.1818
0.2321, 0.1818
0.2321, 0.1818
0.2321, 0.1818
0.2321, 0.1818
0.2366, 0.1843
0.2366, 0.1843
0.2366, 0.1843
0.2366, 0.1843
0.2366, 0.1843
0.2366, 0.1843
0.2411, 0.1843
0.2411, 0.1843
0.2411, 0.1843
0.2455, 0.1843
0.2455, 0.1843
0.2455, 0.1843
0.2455, 0.1843
0.2455, 0.1843
0.2455, 0.1843
0.2455, 0.1843
0.2455, 0.1843
0.2455, 0.1843
0.2455, 0.1843
0.2455, 0.1843
0.2500, 0.1843
0.2500, 0.1843
0.2500, 0.1843
0.2500, 0.1869
0.2500, 0.1869
0.2545, 0.1869
0.2545, 0.1869
0.2545, 0.1869
0.2545, 0.1869
0.2545, 0.1869
0.2545, 0.1869
0.2545, 0.1869
0.2545, 0.1869
0.2545, 0.1869
0.2545, 0.1869
0.2545, 0.1869
0.2589, 0.1869
0.2589, 0.1869
0.2589, 0.1869
0.2634, 0.1869
0.2634, 0.1869
0.2634, 0.1869
0.2634, 0.1869
0.2634, 0.1869
0.2634, 0.1869
0.2679, 0.1894
0.2679, 0.1894
0.2679, 0.1894
0.2679, 0.1894
0.2679, 0.1894
0.2679, 0.1894
0.2723, 0.1894
0.2723, 0.1894
0.2723, 0.1894
0.2723, 0.1894
0.2723, 0.1894
0.2768, 0.1894
0.2768, 0.1894
0.2768, 0.1894
0.2768, 0.1894
0.2768, 0.1894
0.2768, 0.1894
0.2768, 0.1894
0.2768, 0.1894
0.2813, 0.1894
0.2813, 0.1894
0.2813, 0.1894
0.2813, 0.1894
0.2813, 0.1894
0.2857, 0.1894
0.2857, 0.1894
0.2857, 0.1894
0.2857, 0.1894
0.2857, 0.1894
0.2857, 0.1894
0.2857, 0.1894
0.2857, 0.1894
0.2857, 0.1894
0.2902, 0.1919
0.2902, 0.1919
0.2902, 0.1919
0.2902, 0.1919
0.2902, 0.1919
0.2902, 0.1919
0.2946, 0.1919
0.2946, 0.1919
0.2991, 0.1919
0.2991, 0.1919
0.2991, 0.1919
0.2991, 0.1944
0.2991, 0.1944
0.2991, 0.1944
0.2991, 0.1944
0.2991, 0.1944
0.3036, 0.1944
0.3036, 0.1944
0.3036, 0.1944
0.3080, 0.1970
0.3080, 0.1970
0.3080, 0.1970
0.3080, 0.1970
0.3080, 0.1970
0.3080, 0.1970
0.3080, 0.1970
0.3080, 0.1970
0.3125, 0.1970
0.3125, 0.1970
0.3125, 0.1970
0.3125, 0.1970
0.3125, 0.1970
0.3125, 0.1970
0.3170, 0.1970
0.3170, 0.1970
0.3170, 0.1970
0.3214, 0.1970
0.3214, 0.1970
0.3214, 0.1995
0.3214, 0.1995
0.3214, 0.1995
0.3214, 0.1995
0.3214, 0.1995
0.3214, 0.1995
0.3259, 0.2020
0.3259, 0.2020
0.3304, 0.2020
0.3304, 0.2020
0.3304, 0.2020
0.3304, 0.2020
0.3304, 0.2020
0.3304, 0.2020
0.3304, 0.2020
0.3304, 0.2020
0.3304, 0.2020
0.3304, 0.2020
0.3304, 0.2020
0.3348, 0.2020
0.3348, 0.2020
0.3393, 0.2020
0.3393, 0.2020
0.3393, 0.2020
0.3393, 0.2045
0.3393, 0.2045
0.3393, 0.2045
0.3437, 0.2045
0.3437, 0.2045
0.3437, 0.2045
0.3437, 0.2045
0.3437, 0.2045
0.3437, 0.2045
0.3437, 0.2045
0.3437, 0.2045
0.3437, 0.2045
0.3437, 0.2045
0.3437, 0.2045
0.3482, 0.2071
0.3482, 0.2071
0.3482, 0.2071
0.3482, 0.2071
0.3482, 0.2071
0.3482, 0.2071
0.3482, 0.2071
0.3482, 0.2071
0.3482, 0.2071
0.3482, 0.2071
0.3482, 0.2071
0.3482, 0.2071
0.3482, 0.2071
0.3482, 0.2071
0.3482, 0.2071
0.3482, 0.2071
0.3482, 0.2071
0.3527, 0.2071
0.3527, 0.2071
0.3527, 0.2071
0.3527, 0.2071
0.3527, 0.2071
0.3527, 0.2071
0.3527, 0.2071
0.3527, 0.2071
0.3527, 0.2071
0.3527, 0.2071
0.3527, 0.2071
0.3527, 0.2071
0.3527, 0.2071
0.3527, 0.2071
0.3527, 0.2071
0.3527, 0.2071
0.3527, 0.2071
0.3527, 0.2071
0.3527, 0.2071
0.3527, 0.2071
0.3527, 0.2071
0.3527, 0.2071
0.3527, 0.2071
0.3527, 0.2071
0.3527, 0.2071
0.3527, 0.2071
0.3527, 0.2071
0.3527, 0.2071
0.3527, 0.2071
0.3527, 0.2071
0.3527, 0.2071
0.3527, 0.2071
0.3527, 0.2071
0.3527, 0.2071
0.0000, 1.0000
0.0000, 1.0000
0.0000, 1.0000
0.0000, 1.0000
0.0000, 1.0000
0.0000, 1.0000
0.0000, 1.0000
0.0000, 1.0000
0.0000, 1.0000
0.0000, 1.0000
0.0000, 1.0000
0.0000, 1.0000
0.0000, 1.0000
0.0000, 1.0000
0.0000, 1.0000
0.0000, 1.0000
0.0000, 1.0000
0.0000, 1.0000
0.0000, 1.0000
0.0000, 1.0000
0.0000, 1.0000
0.0000, 1.0000
0.0000, 1.0000
0.0000, 1.0000
0.0000, 1.0000
0.0000, 1.0000
0.0000, 1.0000
0.0000, 1.0000
0.0000, 1.0000
0.0000, 1.0000
0.0000, 1.0000
0.0000, 1.0000
0.0000, 1.0000
0.0000, 1.0000
0.0000, 1.0000
0.0000, 1.0000
0.0000, 1.0000
0.0000, 1.0000
0.0000, 1.0000
0.0000, 1.0000
0.0000, 1.0000
0.0000, 1.0000
0.0000, 1.0000
0.0000, 1.0000
0.0000, 1.0000
0.0000, 1.0000
0.0000, 1.0000
0.0000, 1.0000
0.0000, 1.0000
0.0000, 1.0000
0.0000, 1.0000
0.0000, 1.0000
0.0000, 1.0000
0.0000, 1.0000
0.0000, 1.0000
0.0000, 1.0000
0.0000, 1.0000
0.0000, 1.0000
0.0000, 1.0000
0.0000, 1.0000
0.0000, 1.0000
0.0000, 1.0000
0.0000, 1.0000
0.0000, 1.0000
