0.3407, 0.0000
0.3407, 0.0000
0.3407, 0.0000
0.3407, 0.0000
0.3407, 0.0000
0.3407, 0.0000
0.3407, 0.0000
0.3407, 0.0000
0.3407, 0.0000
0.3407, 0.0000
0.3407, 0.0000
0.3407, 0.0000
0.3407, 0.0000
0.3407, 0.0000
0.3407, 0.0000
0.3407, 0.0000
0.3407, 0.0000
0.3407, 0.0000
0.3407, 0.0000
0.3407, 0.0000
0.3407, 0.0000
0.3407, 0.0000
0.3407, 0.0000
0.3407, 0.0000
0.3407, 0.0000
0.3407, 0.0000
0.3407, 0.0000
0.3407, 0.0000
0.3407, 0.0000
0.3407, 0.0000
0.3407, 0.0000
0.3407, 0.0000
0.3407, 0.0000
0.3407, 0.0000
0.3407, 0.0000
0.3407, 0.0000
0.3407, 0.0000
0.3407, 0.0000
0.3407, 0.0000
0.3407, 0.0000
0.3407, 0.0000
0.3407, 0.0000
0.3407, 0.0000
0.3407, 0.0026
0.3407, 0.0026
0.3407, 0.0026
0.3407, 0.0026
0.3407, 0.0026
0.3407, 0.0026
0.3407, 0.0026
0.3407, 0.0026
0.3407, 0.0026
0.3407, 0.0052
0.3407, 0.0052
0.3407, 0.0052
0.3407, 0.0052
0.3407, 0.0052
0.3407, 0.0052
0.3407, 0.0052
0.3407, 0.0052
0.3407, 0.0052
0.3407, 0.0079
0.3407, 0.0079
0.3407, 0.0079
0.3407, 0.0079
0.3407, 0.0079
0.3407, 0.0079
0.3407, 0.0079
0.3407, 0.0079
0.3407, 0.0079
0.3407, 0.0079
0.3407, 0.0079
0.3407, 0.0079
0.3407, 0.0079
0.3407, 0.0105
0.3407, 0.0105
0.3407, 0.0105
0.3407, 0.0105
0.3443, 0.0131
0.3443, 0.0131
0.3443, 0.0131
0.3443, 0.0131
0.3443, 0.0131
0.3443, 0.0131
0.3443, 0.0131
0.3443, 0.0131
0.3443, 0.0131
0.3443, 0.0157
0.3443, 0.0157
0.3443, 0.0157
0.3443, 0.0157
0.3443, 0.0157
0.3443, 0.0157
0.3443, 0.0157
0.3443, 0.0157
0.3443, 0.0157
0.3443, 0.0183
0.3443, 0.0183
0.3443, 0.0183
0.3443, 0.0183
0.3443, 0.0183
0.3443, 0.0183
0.3443, 0.0183
0.3443, 0.0183
0.3443, 0.0209
0.3443, 0.0209
0.3443, 0.0209
0.3443, 0.0209
0.3480, 0.0236
0.3480, 0.0236
0.3480, 0.0236
0.3480, 0.0236
0.3480, 0.0236
0.3480, 0.0236
0.3480, 0.0236
0.3480, 0.0236
0.3480, 0.0236
0.3516, 0.0262
0.3516, 0.0262
0.3516, 0.0262
0.3516, 0.0262
0.3516, 0.0262
0.3516, 0.0262
0.3516, 0.0262
0.3516, 0.0262
0.3516, 0.0288
0.3516, 0.0288
0.3516, 0.0288
0.3516, 0.0288
0.3553, 0.0314
0.3553, 0.0314
0.3553, 0.0314
0.3553, 0.0314
0.3553, 0.0314
0.3553, 0.0314
0.3553, 0.0314
0.3553, 0.0314
0.3553, 0.0340
0.3553, 0.0340
0.3553, 0.0340
0.3553, 0.0340
0.3553, 0.0340
0.3553, 0.0366
0.3553, 0.0366
0.3553, 0.0366
0.3553, 0.0366
0.3553, 0.0393
0.3553, 0.0393
0.3553, 0.0393
0.3590, 0.0393
0.3590, 0.0393
0.3590, 0.0393
0.3590, 0.0393
0.3590, 0.0419
0.3590, 0.0419
0.3590, 0.0419
0.3590, 0.0419
0.3590, 0.0419
0.3590, 0.0419
0.3590, 0.0419
0.3590, 0.0419
0.3590, 0.0419
0.3626, 0.0445
0.3626, 0.0445
0.3626, 0.0445
0.3626, 0.0445
0.3626, 0.0445
0.3626, 0.0445
0.3626, 0.0445
0.3626, 0.0445
0.3626, 0.0471
0.3626, 0.0471
0.3626, 0.0471
0.3626, 0.0471
0.3626, 0.0497
0.3626, 0.0497
0.3626, 0.0497
0.3626, 0.0497
0.3626, 0.0524
0.3626, 0.0524
0.3626, 0.0524
0.3626, 0.0524
0.3626, 0.0524
0.3626, 0.0524
0.3626, 0.0524
0.3626, 0.0524
0.3626, 0.0524
0.3663, 0.0524
0.3663, 0.0524
0.3663, 0.0524
0.3663, 0.0524
0.3663, 0.0550
0.3663, 0.0550
0.3663, 0.0550
0.3663, 0.0550
0.3663, 0.0576
0.3663, 0.0576
0.3663, 0.0576
0.3663, 0.0576
0.3663, 0.0576
0.3663, 0.0576
0.3663, 0.0576
0.3663, 0.0576
0.3700, 0.0602
0.3700, 0.0602
0.3700, 0.0602
0.3700, 0.0602
0.3700, 0.0628
0.3700, 0.0628
0.3700, 0.0628
0.3700, 0.0628
0.3700, 0.0628
0.3700, 0.0628
0.3700, 0.0628
0.3700, 0.0628
0.3700, 0.0654
0.3700, 0.0654
0.3700, 0.0654
0.3700, 0.0654
0.3700, 0.0654
0.3700, 0.0654
0.3700, 0.0654
0.3700, 0.0654
0.3700, 0.0654
0.3700, 0.0681
0.3700, 0.0681
0.3700, 0.0681
0.3700, 0.0681
0.3700, 0.0707
0.3700, 0.0707
0.3700, 0.0707
0.3700, 0.0707
0.3736, 0.0707
0.3736, 0.0707
0.3736, 0.0707
0.3736, 0.0707
0.3736, 0.0733
0.3736, 0.0733
0.3736, 0.0733
0.3736, 0.0733
0.3736, 0.0733
0.3736, 0.0733
0.3736, 0.0733
0.3736, 0.0733
0.3773, 0.0759
0.3773, 0.0759
0.3773, 0.0759
0.3773, 0.0759
0.3773, 0.0785
0.3773, 0.0785
0.3773, 0.0785
0.3773, 0.0785
0.3810, 0.0785
0.3810, 0.0785
0.3810, 0.0785
0.3810, 0.0812
0.3810, 0.0812
0.3810, 0.0812
0.3810, 0.0812
0.3810, 0.0838
0.3810, 0.0838
0.3810, 0.0838
0.3810, 0.0838
0.3810, 0.0838
0.3810, 0.0838
0.3810, 0.0838
0.3810, 0.0838
0.3810, 0.0838
0.3810, 0.0838
0.3810, 0.0838
0.3810, 0.0838
0.3810, 0.0864
0.3810, 0.0864
0.3810, 0.0864
0.3810, 0.0864
0.3846, 0.0890
0.3846, 0.0890
0.3846, 0.0890
0.3846, 0.0890
0.3846, 0.0916
0.3846, 0.0916
0.3846, 0.0916
0.3846, 0.0916
0.3846, 0.0916
0.3846, 0.0916
0.3846, 0.0916
0.3846, 0.0916
0.3883, 0.0942
0.3883, 0.0942
0.3883, 0.0942
0.3883, 0.0942
0.3883, 0.0969
0.3883, 0.0969
0.3883, 0.0969
0.3883, 0.0969
0.3883, 0.0969
0.3883, 0.0969
0.3883, 0.0969
0.3883, 0.0969
0.3883, 0.0995
0.3883, 0.0995
0.3883, 0.0995
0.3883, 0.0995
0.3883, 0.0995
0.3883, 0.0995
0.3883, 0.0995
0.3883, 0.0995
0.3919, 0.1021
0.3919, 0.1021
0.3919, 0.1021
0.3919, 0.1021
0.3919, 0.1021
0.3919, 0.1021
0.3919, 0.1021
0.3919, 0.1021
0.3956, 0.1047
0.3956, 0.1047
0.3956, 0.1047
0.3956, 0.1073
0.3956, 0.1073
0.3956, 0.1073
0.3956, 0.1073
0.3993, 0.1099
0.3993, 0.1099
0.3993, 0.1099
0.3993, 0.1099
0.3993, 0.1099
0.3993, 0.1099
0.3993, 0.1099
0.3993, 0.1099
0.3993, 0.1126
0.3993, 0.1126
0.3993, 0.1126
0.3993, 0.1126
0.3993, 0.1152
0.3993, 0.1152
0.3993, 0.1152
0.3993, 0.1152
0.3993, 0.1152
0.3993, 0.1152
0.3993, 0.1152
0.3993, 0.1152
0.4029, 0.1178
0.4029, 0.1178
0.4029, 0.1178
0.4029, 0.1178
0.4029, 0.1204
0.4029, 0.1204
0.4029, 0.1204
0.4029, 0.1204
0.4066, 0.1230
0.4066, 0.1230
0.4066, 0.1230
0.4066, 0.1230
0.4066, 0.1230
0.4066, 0.1230
0.4066, 0.1230
0.4066, 0.1230
0.4066, 0.1230
0.4066, 0.1230
0.4066, 0.1230
0.4066, 0.1257
0.4066, 0.1257
0.4066, 0.1257
0.4066, 0.1257
0.4066, 0.1283
0.4066, 0.1283
0.4066, 0.1283
0.4103, 0.1283
0.4103, 0.1283
0.4103, 0.1283
0.4103, 0.1309
0.4103, 0.1309
0.4103, 0.1309
0.4103, 0.1309
0.4139, 0.1335
0.4139, 0.1335
0.4139, 0.1335
0.4139, 0.1335
0.4139, 0.1361
0.4139, 0.1361
0.4139, 0.1361
0.4139, 0.1361
0.4176, 0.1387
0.4176, 0.1387
0.4176, 0.1387
0.4176, 0.1414
0.4176, 0.1414
0.4176, 0.1414
0.4176, 0.1414
0.4176, 0.1440
0.4176, 0.1440
0.4176, 0.1440
0.4176, 0.1440
0.4176, 0.1440
0.4176, 0.1440
0.4176, 0.1440
0.4176, 0.1440
0.4212, 0.1466
0.4212, 0.1466
0.4212, 0.1466
0.4212, 0.1466
0.4212, 0.1492
0.4212, 0.1492
0.4212, 0.1492
0.4249, 0.1492
0.4249, 0.1492
0.4249, 0.1492
0.4249, 0.1492
0.4286, 0.1545
0.4286, 0.1545
0.4286, 0.1545
0.4286, 0.1545
0.4286, 0.1545
0.4286, 0.1545
0.4286, 0.1545
0.4286, 0.1545
0.4286, 0.1571
0.4286, 0.1571
0.4286, 0.1571
0.4286, 0.1571
0.4286, 0.1571
0.4286, 0.1571
0.4286, 0.1571
0.4286, 0.1571
0.4322, 0.1597
0.4322, 0.1597
0.4322, 0.1597
0.4322, 0.1597
0.4322, 0.1623
0.4322, 0.1623
0.4322, 0.1623
0.4359, 0.1649
0.4359, 0.1649
0.4359, 0.1649
0.4359, 0.1649
0.4359, 0.1675
0.4359, 0.1675
0.4359, 0.1675
0.4359, 0.1675
0.4359, 0.1702
0.4359, 0.1702
0.4359, 0.1702
0.4359, 0.1702
0.4396, 0.1728
0.4396, 0.1728
0.4396, 0.1728
0.4396, 0.1728
0.4396, 0.1728
0.4396, 0.1728
0.4396, 0.1728
0.4432, 0.1728
0.4432, 0.1728
0.4432, 0.1728
0.4432, 0.1728
0.4432, 0.1754
0.4432, 0.1754
0.4432, 0.1754
0.4432, 0.1754
0.4469, 0.1780
0.4469, 0.1780
0.4469, 0.1780
0.4469, 0.1780
0.4469, 0.1780
0.4469, 0.1780
0.4469, 0.1780
0.4469, 0.1780
0.4469, 0.1806
0.4469, 0.1806
0.4469, 0.1806
0.4469, 0.1806
0.4505, 0.1832
0.4505, 0.1832
0.4505, 0.1832
0.4505, 0.1832
0.4505, 0.1832
0.4505, 0.1832
0.4505, 0.1832
0.4542, 0.1832
0.4542, 0.1832
0.4542, 0.1832
0.4542, 0.1832
0.4542, 0.1859
0.4542, 0.1859
0.4542, 0.1859
0.4542, 0.1885
0.4542, 0.1885
0.4542, 0.1885
0.4542, 0.1885
0.4542, 0.1911
0.4542, 0.1911
0.4542, 0.1911
0.4579, 0.1911
0.4579, 0.1911
0.4579, 0.1911
0.4579, 0.1911
0.4579, 0.1937
0.4615, 0.1963
0.4615, 0.1963
0.4615, 0.1963
0.4615, 0.1963
0.4615, 0.1963
0.4652, 0.1963
0.4652, 0.1963
0.4652, 0.1963
0.4652, 0.1990
0.4652, 0.1990
0.4652, 0.1990
0.4652, 0.1990
0.4652, 0.2016
0.4652, 0.2016
0.4652, 0.2016
0.4652, 0.2042
0.4652, 0.2042
0.4652, 0.2042
0.4652, 0.2042
0.4652, 0.2042
0.4652, 0.2042
0.4652, 0.2042
0.4689, 0.2042
0.4689, 0.2042
0.4689, 0.2042
0.4689, 0.2042
0.4689, 0.2068
0.4689, 0.2068
0.4689, 0.2068
0.4725, 0.2068
0.4725, 0.2068
0.4725, 0.2068
0.4725, 0.2068
0.4725, 0.2094
0.4725, 0.2094
0.4725, 0.2094
0.4725, 0.2094
0.4725, 0.2094
0.4725, 0.2094
0.4725, 0.2094
0.4762, 0.2094
0.4762, 0.2094
0.4762, 0.2094
0.4762, 0.2094
0.4762, 0.2120
0.4762, 0.2120
0.4762, 0.2120
0.4799, 0.2147
0.4799, 0.2147
0.4799, 0.2147
0.4799, 0.2147
0.4799, 0.2173
0.4799, 0.2173
0.4799, 0.2173
0.4835, 0.2173
0.4835, 0.2173
0.4835, 0.2173
0.4835, 0.2173
0.4835, 0.2173
0.4835, 0.2173
0.4835, 0.2173
0.4835, 0.2173
0.4835, 0.2199
0.4835, 0.2199
0.4835, 0.2199
0.4872, 0.2225
0.4872, 0.2225
0.4872, 0.2225
0.4872, 0.2225
0.4908, 0.2225
0.4908, 0.2225
0.4908, 0.2225
0.4908, 0.2251
0.4908, 0.2251
0.4908, 0.2251
0.4908, 0.2251
0.4908, 0.2277
0.4908, 0.2277
0.4908, 0.2277
0.4945, 0.2304
0.4945, 0.2304
0.4945, 0.2304
0.4945, 0.2304
0.4982, 0.2304
0.4982, 0.2304
0.4982, 0.2304
0.4982, 0.2304
0.4982, 0.2304
0.4982, 0.2304
0.4982, 0.2304
0.5018, 0.2330
0.5018, 0.2330
0.5018, 0.2330
0.5018, 0.2330
0.5018, 0.2356
0.5018, 0.2356
0.5018, 0.2356
0.5018, 0.2356
0.5055, 0.2356
0.5055, 0.2356
0.5055, 0.2356
0.5055, 0.2356
0.5092, 0.2382
0.5092, 0.2382
0.5092, 0.2382
0.5092, 0.2408
0.5092, 0.2408
0.5092, 0.2408
0.5092, 0.2408
0.5128, 0.2435
0.5128, 0.2435
0.5128, 0.2435
0.5128, 0.2435
0.5128, 0.2435
0.5128, 0.2435
0.5128, 0.2435
0.5165, 0.2435
0.5165, 0.2435
0.5165, 0.2435
0.5201, 0.2461
0.5201, 0.2461
0.5201, 0.2461
0.5201, 0.2461
0.5201, 0.2487
0.5201, 0.2487
0.5201, 0.2487
0.5201, 0.2487
0.5201, 0.2487
0.5201, 0.2487
0.5201, 0.2487
0.5201, 0.2487
0.5201, 0.2487
0.5201, 0.2487
0.5201, 0.2487
0.5238, 0.2513
0.5238, 0.2513
0.5238, 0.2513
0.5275, 0.2513
0.5275, 0.2513
0.5275, 0.2513
0.5275, 0.2513
0.5275, 0.2539
0.5275, 0.2539
0.5275, 0.2539
0.5275, 0.2565
0.5275, 0.2565
0.5275, 0.2565
0.5275, 0.2565
0.5275, 0.2565
0.5275, 0.2565
0.5275, 0.2565
0.5275, 0.2565
0.5311, 0.2565
0.5311, 0.2565
0.5311, 0.2565
0.5348, 0.2592
0.5348, 0.2592
0.5348, 0.2592
0.5348, 0.2592
0.5348, 0.2592
0.5348, 0.2592
0.5348, 0.2592
0.5348, 0.2618
0.5348, 0.2618
0.5348, 0.2618
0.5348, 0.2618
0.5385, 0.2618
0.5385, 0.2618
0.5385, 0.2618
0.5385, 0.2618
0.5385, 0.2618
0.5385, 0.2618
0.5385, 0.2618
0.5421, 0.2644
0.5421, 0.2644
0.5421, 0.2644
0.5421, 0.2644
0.5458, 0.2670
0.5458, 0.2670
0.5458, 0.2670
0.5458, 0.2670
0.5458, 0.2670
0.5458, 0.2670
0.5458, 0.2670
0.5458, 0.2670
0.5458, 0.2670
0.5458, 0.2670
0.5458, 0.2670
0.5495, 0.2696
0.5495, 0.2696
0.5495, 0.2696
0.5531, 0.2696
0.5531, 0.2696
0.5531, 0.2696
0.5531, 0.2696
0.5531, 0.2723
0.5531, 0.2723
0.5531, 0.2723
0.5531, 0.2749
0.5531, 0.2749
0.5531, 0.2749
0.5531, 0.2749
0.5568, 0.2749
0.5568, 0.2749
0.5568, 0.2749
0.5568, 0.2749
0.5604, 0.2749
0.5604, 0.2749
0.5604, 0.2749
0.5641, 0.2775
0.5641, 0.2775
0.5641, 0.2775
0.5641, 0.2775
0.5641, 0.2801
0.5641, 0.2801
0.5641, 0.2801
0.5641, 0.2801
0.5641, 0.2801
0.5641, 0.2801
0.5641, 0.2801
0.5678, 0.2801
0.5678, 0.2801
0.5678, 0.2801
0.5678, 0.2801
0.5678, 0.2801
0.5678, 0.2801
0.5678, 0.2801
0.5714, 0.2827
0.5714, 0.2827
0.5714, 0.2827
0.5714, 0.2853
0.5714, 0.2853
0.5714, 0.2853
0.5714, 0.2853
0.5751, 0.2853
0.5751, 0.2853
0.5751, 0.2853
0.5751, 0.2853
0.5751, 0.2880
0.5751, 0.2880
0.5751, 0.2880
0.5788, 0.2880
0.5788, 0.2880
0.5788, 0.2880
0.5824, 0.2880
0.5824, 0.2880
0.5824, 0.2880
0.5824, 0.2880
0.5824, 0.2906
0.5824, 0.2906
0.5824, 0.2906
0.5861, 0.2932
0.5861, 0.2932
0.5861, 0.2932
0.5861, 0.2932
0.5897, 0.2932
0.5897, 0.2932
0.5897, 0.2932
0.5897, 0.2932
0.5897, 0.2932
0.5897, 0.2932
0.5897, 0.2932
0.5934, 0.2932
0.5934, 0.2932
0.5934, 0.2932
0.5971, 0.2958
0.5971, 0.2958
0.5971, 0.2958
0.5971, 0.2958
0.6007, 0.2958
0.6007, 0.2958
0.6007, 0.2958
0.6007, 0.2984
0.6007, 0.2984
0.6007, 0.2984
0.6007, 0.2984
0.6007, 0.2984
0.6007, 0.2984
0.6007, 0.2984
0.6007, 0.2984
0.6044, 0.3010
0.6044, 0.3010
0.6044, 0.3010
0.6081, 0.3010
0.6081, 0.3010
0.6081, 0.3010
0.6081, 0.3010
0.6081, 0.3010
0.6081, 0.3010
0.6081, 0.3010
0.6117, 0.3010
0.6117, 0.3010
0.6117, 0.3010
0.6117, 0.3010
0.6154, 0.3037
0.6154, 0.3037
0.6154, 0.3037
0.6190, 0.3063
0.6190, 0.3063
0.6190, 0.3063
0.6190, 0.3063
0.6227, 0.3063
0.6227, 0.3063
0.6227, 0.3063
0.6264, 0.3089
0.6264, 0.3089
0.6264, 0.3089
0.6300, 0.3089
0.6300, 0.3089
0.6300, 0.3089
0.6300, 0.3089
0.6300, 0.3089
0.6300, 0.3089
0.6300, 0.3089
0.6300, 0.3089
0.6337, 0.3089
0.6337, 0.3089
0.6337, 0.3089
0.6374, 0.3115
0.6374, 0.3115
0.6374, 0.3115
0.6374, 0.3115
0.6374, 0.3115
0.6374, 0.3115
0.6374, 0.3115
0.6410, 0.3141
0.6410, 0.3141
0.6410, 0.3141
0.6447, 0.3141
0.6447, 0.3141
0.6447, 0.3141
0.6447, 0.3141
0.6484, 0.3141
0.6484, 0.3141
0.6484, 0.3141
0.6520, 0.3141
0.6520, 0.3141
0.6520, 0.3141
0.6520, 0.3141
0.6557, 0.3168
0.6557, 0.3168
0.6557, 0.3168
0.6557, 0.3168
0.6557, 0.3168
0.6557, 0.3168
0.6557, 0.3168
0.6593, 0.3194
0.6593, 0.3194
0.6593, 0.3194
0.6667, 0.3194
0.6667, 0.3194
0.6667, 0.3194
0.6667, 0.3194
0.6667, 0.3220
0.6667, 0.3220
0.6667, 0.3220
0.6703, 0.3220
0.6703, 0.3220
0.6703, 0.3220
0.6740, 0.3220
0.6740, 0.3220
0.6740, 0.3220
0.6740, 0.3220
0.6777, 0.3220
0.6777, 0.3220
0.6777, 0.3220
0.6777, 0.3246
0.6777, 0.3246
0.6777, 0.3246
0.6777, 0.3246
0.6850, 0.3246
0.6850, 0.3246
0.6850, 0.3246
0.6850, 0.3246
0.6850, 0.3246
0.6850, 0.3246
0.6850, 0.3246
0.6886, 0.3272
0.6886, 0.3272
0.6886, 0.3272
0.6923, 0.3272
0.6923, 0.3272
0.6923, 0.3272
0.6923, 0.3272
0.6960, 0.3272
0.6960, 0.3272
0.6960, 0.3272
0.6996, 0.3272
0.6996, 0.3272
0.6996, 0.3272
0.7033, 0.3272
0.7033, 0.3272
0.7033, 0.3272
0.7033, 0.3272
0.7070, 0.3298
0.7070, 0.3298
0.7070, 0.3298
0.7106, 0.3298
0.7106, 0.3298
0.7106, 0.3298
0.7143, 0.3325
0.7143, 0.3325
0.7143, 0.3325
0.7143, 0.3325
0.7179, 0.3325
0.7179, 0.3325
0.7179, 0.3325
0.7216, 0.3351
0.7216, 0.3351
0.7216, 0.3351
0.7216, 0.3351
0.7289, 0.3351
0.7289, 0.3351
0.7289, 0.3351
0.7326, 0.3377
0.7326, 0.3377
0.7326, 0.3377
0.7363, 0.3377
0.7363, 0.3377
0.7363, 0.3377
0.7363, 0.3377
0.7436, 0.3377
0.7436, 0.3377
0.7436, 0.3377
0.7473, 0.3377
0.7473, 0.3377
0.7473, 0.3377
0.7473, 0.3377
0.7546, 0.3403
0.7546, 0.3403
0.7546, 0.3403
0.7582, 0.3403
0.7582, 0.3403
0.7582, 0.3403
0.7582, 0.3403
0.7582, 0.3403
0.7582, 0.3403
0.7582, 0.3403
0.7656, 0.3429
0.7656, 0.3429
0.7656, 0.3429
0.7692, 0.3429
0.7692, 0.3429
0.7692, 0.3429
0.7692, 0.3429
0.7692, 0.3429
0.7692, 0.3429
0.7692, 0.3429
0.7729, 0.3455
0.7729, 0.3455
0.7729, 0.3455
0.7766, 0.3455
0.7766, 0.3455
0.7766, 0.3455
0.7766, 0.3455
0.7802, 0.3455
0.7802, 0.3455
0.7802, 0.3455
0.7839, 0.3455
0.7839, 0.3455
0.7839, 0.3455
0.7875, 0.3455
0.7875, 0.3455
0.7875, 0.3455
0.7875, 0.3455
0.7875, 0.3455
0.7875, 0.3455
0.7875, 0.3455
0.7875, 0.3455
0.7912, 0.3455
0.7912, 0.3455
0.7912, 0.3455
0.7949, 0.3455
0.7949, 0.3455
0.7949, 0.3455
0.7985, 0.3482
0.7985, 0.3482
0.7985, 0.3482
0.7985, 0.3482
0.7985, 0.3482
0.7985, 0.3482
0.7985, 0.3482
0.7985, 0.3482
0.7985, 0.3482
0.7985, 0.3482
0.7985, 0.3482
0.8022, 0.3482
0.8022, 0.3482
0.8059, 0.3508
0.8059, 0.3508
0.8059, 0.3508
0.8059, 0.3508
0.8059, 0.3508
0.8059, 0.3508
0.8059, 0.3508
0.8095, 0.3508
0.8095, 0.3508
0.8095, 0.3508
0.8095, 0.3508
0.8132, 0.3508
0.8132, 0.3508
0.8132, 0.3508
0.8168, 0.3508
0.8168, 0.3508
0.8168, 0.3508
0.8168, 0.3508
0.8168, 0.3508
0.8168, 0.3508
0.8168, 0.3508
0.8168, 0.3508
0.8168, 0.3508
0.8168, 0.3508
0.8205, 0.3534
0.8205, 0.3534
0.8205, 0.3534
0.8242, 0.3534
0.8242, 0.3534
0.8242, 0.3534
0.8242, 0.3534
0.8242, 0.3534
0.8242, 0.3534
0.8242, 0.3534
0.8278, 0.3534
0.8278, 0.3534
0.8278, 0.3534
0.8315, 0.3534
0.8315, 0.3534
0.8315, 0.3534
0.8315, 0.3534
0.8315, 0.3534
0.8315, 0.3534
0.8315, 0.3534
0.8352, 0.3534
0.8352, 0.3534
0.8352, 0.3534
0.8388, 0.3534
0.8388, 0.3534
0.8388, 0.3534
0.8425, 0.3534
0.8425, 0.3534
0.8425, 0.3534
0.8425, 0.3534
0.8425, 0.3534
0.8425, 0.3534
0.8425, 0.3534
0.8462, 0.3534
0.8462, 0.3534
0.8462, 0.3534
0.8498, 0.3534
0.8498, 0.3534
0.8498, 0.3534
0.8498, 0.3534
0.8498, 0.3534
0.8498, 0.3534
0.8498, 0.3534
0.8571, 0.3534
0.8571, 0.3534
0.8571, 0.3534
0.8608, 0.3534
0.8608, 0.3534
0.8608, 0.3534
0.8608, 0.3534
0.8608, 0.3534
0.8608, 0.3534
0.8645, 0.3534
0.8645, 0.3534
0.8645, 0.3534
0.8718, 0.3534
0.8718, 0.3534
0.8718, 0.3534
0.8718, 0.3534
0.8718, 0.3534
0.8718, 0.3534
0.8718, 0.3534
0.8755, 0.3534
0.8755, 0.3534
0.8755, 0.3534
0.8755, 0.3534
0.8791, 0.3534
0.8791, 0.3534
0.8791, 0.3534
0.8791, 0.3534
0.8791, 0.3534
0.8791, 0.3534
0.8791, 0.3534
0.8828, 0.3534
0.8828, 0.3534
0.8828, 0.3534
0.8864, 0.3534
0.8864, 0.3534
0.8864, 0.3534
0.8901, 0.3534
0.8901, 0.3534
0.8901, 0.3534
0.8901, 0.3534
0.8938, 0.3534
0.8938, 0.3534
0.8938, 0.3534
0.8974, 0.3534
0.8974, 0.3534
0.8974, 0.3534
0.9011, 0.3534
0.9011, 0.3534
0.9011, 0.3534
0.9011, 0.3534
0.9011, 0.3534
0.9011, 0.3534
0.9011, 0.3534
0.9048, 0.3534
0.9048, 0.3534
0.9048, 0.3534
0.9084, 0.3534
0.9084, 0.3534
0.9084, 0.3534
0.9084, 0.3534
0.9084, 0.3534
0.9084, 0.3534
0.9084, 0.3534
0.9121, 0.3534
0.9121, 0.3534
0.9121, 0.3534
0.9158, 0.3534
0.9158, 0.3534
0.9158, 0.3534
0.9158, 0.3534
0.9194, 0.3534
0.9194, 0.3534
0.9194, 0.3534
0.9194, 0.3534
0.9194, 0.3534
0.9194, 0.3534
0.9231, 0.3534
0.9231, 0.3534
0.9231, 0.3534
0.9231, 0.3534
0.9267, 0.3534
0.9267, 0.3534
0.9267, 0.3534
0.9267, 0.3534
0.9267, 0.3534
0.9267, 0.3534
0.9304, 0.3534
0.9304, 0.3534
0.9304, 0.3534
0.9304, 0.3534
0.9341, 0.3534
0.9341, 0.3534
0.9341, 0.3534
0.9341, 0.3534
0.9341, 0.3534
0.9341, 0.3534
0.9377, 0.3534
0.9377, 0.3534
0.9377, 0.3534
0.9414, 0.3534
0.9414, 0.3534
0.9414, 0.3534
0.9451, 0.3534
0.9451, 0.3534
0.9451, 0.3534
0.9451, 0.3534
0.9451, 0.3534
0.9451, 0.3534
0.9451, 0.3534
0.9524, 0.3534
0.9524, 0.3534
0.9524, 0.3534
0.9560, 0.3534
0.9560, 0.3534
0.9560, 0.3534
0.9560, 0.3534
0.9560, 0.3534
0.9560, 0.3534
0.9560, 0.3534
0.9634, 0.3534
0.9634, 0.3534
0.9634, 0.3534
0.9634, 0.3534
0.9634, 0.3534
0.9634, 0.3534
0.9634, 0.3534
0.9670, 0.3534
0.9670, 0.3534
0.9670, 0.3534
0.9707, 0.3534
0.9707, 0.3534
0.9707, 0.3534
0.9707, 0.3534
0.9707, 0.3534
0.9707, 0.3534
0.9744, 0.3534
0.9744, 0.3534
0.9744, 0.3534
0.9744, 0.3534
0.9744, 0.3534
0.9744, 0.3534
0.9744, 0.3534
0.9744, 0.3534
0.9744, 0.3534
0.9744, 0.3534
0.9744, 0.3534
0.9744, 0.3534
0.9744, 0.3534
0.9744, 0.3534
0.9780, 0.3534
0.9780, 0.3534
0.9780, 0.3534
0.9780, 0.3534
0.9817, 0.3534
0.9817, 0.3534
0.9817, 0.3534
0.9817, 0.3534
0.9817, 0.3534
0.9817, 0.3534
0.9817, 0.3534
0.9817, 0.3534
0.9817, 0.3534
0.9817, 0.3534
0.9853, 0.3534
0.9853, 0.3534
0.9853, 0.3534
0.9890, 0.3534
0.9890, 0.3534
0.9890, 0.3534
0.9890, 0.3534
0.9890, 0.3534
0.9890, 0.3534
0.9890, 0.3534
0.9927, 0.3534
0.9927, 0.3534
0.9927, 0.3534
0.9927, 0.3534
0.9927, 0.3534
0.9927, 0.3534
0.9927, 0.3534
0.9927, 0.3534
0.9927, 0.3534
0.9927, 0.3534
0.9927, 0.3534
0.9927, 0.3534
0.9927, 0.3534
0.9927, 0.3534
0.9927, 0.3534
0.9927, 0.3534
0.9927, 0.3534
0.9927, 0.3534
0.9927, 0.3534
0.9927, 0.3534
0.9927, 0.3534
0.9927, 0.3534
0.9927, 0.3534
0.9927, 0.3534
0.9963, 0.3534
0.9963, 0.3534
0.9963, 0.3534
0.9963, 0.3534
0.9963, 0.3534
0.9963, 0.3534
0.9963, 0.3534
0.9963, 0.3534
0.9963, 0.3534
1.0000, 0.3534
1.0000, 0.3534
1.0000, 0.3534
1.0000, 0.3534
1.0000, 0.3534
1.0000, 0.3534
1.0000, 0.3534
1.0000, 0.3534
1.0000, 0.3534
1.0000, 0.3534
1.0000, 0.3534
1.0000, 0.3534
1.0000, 0.3534
1.0000, 0.3534
1.0000, 0.3534
1.0000, 0.3534
1.0000, 0.3534
1.0000, 0.3534
1.0000, 0.3534
1.0000, 0.3534
1.0000, 0.3534
1.0000, 0.3534
1.0000, 0.3534
1.0000, 0.3534
1.0000, 0.3534
1.0000, 0.3534
1.0000, 0.3534
1.0000, 0.3534
1.0000, 0.3534
1.0000, 0.3534
1.0000, 0.3534
1.0000, 0.3534
1.0000, 0.3534
1.0000, 0.3534
1.0000, 0.3534
1.0000, 0.3534
1.0000, 0.3534
1.0000, 0.3534
0.2857, 0.2487
0.2857, 0.2487
0.2857, 0.2487
0.2857, 0.2487
0.2857, 0.2487
0.2857, 0.2487
0.2857, 0.2487
0.2857, 0.2487
0.2857, 0.2487
0.2857, 0.2487
0.2857, 0.2487
0.2857, 0.2487
0.2857, 0.2487
0.2857, 0.2487
0.2857, 0.2487
0.2857, 0.2487
0.2857, 0.2487
0.2857, 0.2487
0.2857, 0.2487
0.2857, 0.2487
0.2857, 0.2487
0.2857, 0.2487
0.2857, 0.2487
0.2857, 0.2487
0.2857, 0.2487
0.2857, 0.2487
0.2857, 0.2487
0.2857, 0.2487
0.2857, 0.2487
0.2857, 0.2487
0.2857, 0.2487
0.2857, 0.2487
0.2857, 0.2487
0.2857, 0.2487
0.2857, 0.2487
0.2857, 0.2487
0.2857, 0.2487
0.2857, 0.2487
0.2857, 0.2487
0.2857, 0.2487
0.2857, 0.2487
0.2857, 0.2487
0.2857, 0.2487
0.2857, 0.2487
0.2857, 0.2487
0.2857, 0.2487
0.2857, 0.2487
0.2857, 0.2487
0.2857, 0.2487
0.2857, 0.2487
0.2857, 0.2487
0.2857, 0.2487
0.2857, 0.2487
0.2857, 0.2487
0.2857, 0.2487
0.2857, 0.2487
0.2857, 0.2487
0.2857, 0.2487
0.2857, 0.2487
0.2857, 0.2487
0.2857, 0.2487
0.2857, 0.2487
0.2857, 0.2487
0.2857, 0.2487
0.2857, 0.2487
0.2857, 0.2487
0.2857, 0.2487
0.2857, 0.2487
0.2857, 0.2487
0.2857, 0.2487
0.2857, 0.2487
0.2857, 0.2487
0.2857, 0.2487
0.2857, 0.2487
0.2857, 0.2487
0.2857, 0.2487
0.2857, 0.2487
0.2857, 0.2487
0.2857, 0.2487
0.2857, 0.2487
0.2857, 0.2487
0.2857, 0.2487
0.2857, 0.2461
0.2857, 0.2461
0.2857, 0.2461
0.2857, 0.2461
0.2857, 0.2461
0.2857, 0.2461
0.2857, 0.2461
0.2857, 0.2461
0.2857, 0.2461
0.2857, 0.2461
0.2857, 0.2461
0.2857, 0.2461
0.2857, 0.2461
0.2857, 0.2461
0.2857, 0.2461
0.2857, 0.2461
0.2857, 0.2461
0.2857, 0.2461
0.2857, 0.2461
0.2857, 0.2461
0.2857, 0.2461
0.2857, 0.2461
0.2857, 0.2461
0.2857, 0.2461
0.2857, 0.2461
0.2857, 0.2461
0.2857, 0.2435
0.2857, 0.2435
0.2857, 0.2435
0.2857, 0.2435
0.2857, 0.2435
0.2857, 0.2435
0.2857, 0.2435
0.2857, 0.2435
0.2857, 0.2435
0.2857, 0.2435
0.2857, 0.2435
0.2857, 0.2435
0.2857, 0.2435
0.2857, 0.2435
0.2857, 0.2435
0.2857, 0.2435
0.2857, 0.2435
0.2857, 0.2435
0.2857, 0.2435
0.2857, 0.2435
0.2857, 0.2435
0.2857, 0.2435
0.2857, 0.2435
0.2857, 0.2408
0.2857, 0.2408
0.2857, 0.2408
0.2857, 0.2408
0.2857, 0.2408
0.2857, 0.2408
0.2857, 0.2408
0.2857, 0.2408
0.2821, 0.2408
0.2821, 0.2408
0.2821, 0.2408
0.2821, 0.2408
0.2821, 0.2408
0.2821, 0.2408
0.2821, 0.2408
0.2821, 0.2408
0.2821, 0.2408
0.2821, 0.2408
0.2821, 0.2408
0.2821, 0.2408
0.2821, 0.2382
0.2821, 0.2382
0.2821, 0.2382
0.2821, 0.2382
0.2821, 0.2382
0.2821, 0.2382
0.2821, 0.2382
0.2821, 0.2382
0.2821, 0.2382
0.2821, 0.2382
0.2821, 0.2382
0.2821, 0.2382
0.2821, 0.2382
0.2821, 0.2356
0.2821, 0.2356
0.2821, 0.2356
0.2821, 0.2356
0.2821, 0.2356
0.2821, 0.2356
0.2821, 0.2356
0.2821, 0.2356
0.2821, 0.2356
0.2821, 0.2330
0.2821, 0.2330
0.2821, 0.2330
0.2821, 0.2330
0.2821, 0.2330
0.2821, 0.2330
0.2821, 0.2330
0.2821, 0.2330
0.2821, 0.2330
0.2821, 0.2330
0.2821, 0.2330
0.2821, 0.2330
0.2821, 0.2330
0.2821, 0.2330
0.2821, 0.2330
0.2821, 0.2330
0.2821, 0.2330
0.2821, 0.2304
0.2821, 0.2304
0.2821, 0.2304
0.2821, 0.2304
0.2784, 0.2304
0.2784, 0.2304
0.2784, 0.2304
0.2784, 0.2304
0.2784, 0.2304
0.2784, 0.2304
0.2784, 0.2304
0.2784, 0.2277
0.2784, 0.2277
0.2784, 0.2277
0.2784, 0.2277
0.2784, 0.2277
0.2784, 0.2277
0.2784, 0.2277
0.2784, 0.2277
0.2784, 0.2277
0.2784, 0.2277
0.2784, 0.2277
0.2784, 0.2277
0.2784, 0.2277
0.2784, 0.2277
0.2784, 0.2277
0.2784, 0.2277
0.2784, 0.2277
0.2784, 0.2277
0.2784, 0.2277
0.2784, 0.2277
0.2784, 0.2277
0.2784, 0.2277
0.2784, 0.2277
0.2784, 0.2277
0.2784, 0.2277
0.2784, 0.2277
0.2784, 0.2277
0.2784, 0.2251
0.2784, 0.2251
0.2784, 0.2251
0.2784, 0.2251
0.2784, 0.2251
0.2784, 0.2251
0.2784, 0.2251
0.2784, 0.2251
0.2784, 0.2251
0.2784, 0.2251
0.2784, 0.2251
0.2784, 0.2251
0.2784, 0.2251
0.2747, 0.2225
0.2747, 0.2225
0.2747, 0.2225
0.2747, 0.2225
0.2747, 0.2225
0.2747, 0.2225
0.2747, 0.2225
0.2747, 0.2225
0.2747, 0.2199
0.2747, 0.2199
0.2747, 0.2199
0.2747, 0.2199
0.2747, 0.2199
0.2747, 0.2199
0.2747, 0.2199
0.2747, 0.2199
0.2747, 0.2199
0.2747, 0.2199
0.2747, 0.2199
0.2747, 0.2199
0.2747, 0.2173
0.2747, 0.2173
0.2747, 0.2173
0.2747, 0.2173
0.2747, 0.2173
0.2747, 0.2173
0.2747, 0.2173
0.2747, 0.2173
0.2747, 0.2173
0.2747, 0.2147
0.2747, 0.2147
0.2747, 0.2147
0.2747, 0.2147
0.2747, 0.2147
0.2747, 0.2147
0.2747, 0.2147
0.2747, 0.2147
0.2711, 0.2147
0.2711, 0.2147
0.2711, 0.2147
0.2711, 0.2147
0.2711, 0.2147
0.2711, 0.2147
0.2711, 0.2147
0.2711, 0.2147
0.2711, 0.2120
0.2711, 0.2120
0.2711, 0.2120
0.2711, 0.2120
0.2711, 0.2120
0.2711, 0.2120
0.2711, 0.2120
0.2711, 0.2120
0.2711, 0.2094
0.2711, 0.2094
0.2711, 0.2094
0.2711, 0.2094
0.2711, 0.2094
0.2711, 0.2094
0.2711, 0.2094
0.2711, 0.2094
0.2711, 0.2094
0.2711, 0.2094
0.2711, 0.2094
0.2711, 0.2094
0.2711, 0.2094
0.2711, 0.2094
0.2711, 0.2094
0.2711, 0.2094
0.2711, 0.2068
0.2711, 0.2068
0.2711, 0.2068
0.2711, 0.2068
0.2711, 0.2068
0.2711, 0.2068
0.2711, 0.2068
0.2711, 0.2068
0.2711, 0.2068
0.2711, 0.2068
0.2711, 0.2068
0.2711, 0.2068
0.2711, 0.2068
0.2711, 0.2068
0.2711, 0.2068
0.2711, 0.2068
0.2711, 0.2068
0.2711, 0.2068
0.2711, 0.2068
0.2711, 0.2068
0.2711, 0.2068
0.2711, 0.2042
0.2711, 0.2042
0.2711, 0.2042
0.2711, 0.2042
0.2711, 0.2042
0.2711, 0.2042
0.2711, 0.2042
0.2711, 0.2042
0.2711, 0.2042
0.2711, 0.2042
0.2711, 0.2042
0.2711, 0.2042
0.2711, 0.2042
0.2711, 0.2042
0.2711, 0.2042
0.2711, 0.2042
0.2711, 0.2042
0.2711, 0.2042
0.2711, 0.2042
0.2711, 0.2042
0.2711, 0.2042
0.2711, 0.2042
0.2711, 0.2016
0.2711, 0.2016
0.2711, 0.2016
0.2711, 0.2016
0.2711, 0.2016
0.2711, 0.2016
0.2711, 0.2016
0.2711, 0.2016
0.2711, 0.2016
0.2711, 0.2016
0.2711, 0.2016
0.2711, 0.2016
0.2711, 0.2016
0.2711, 0.2016
0.2711, 0.2016
0.2711, 0.2016
0.2711, 0.2016
0.2711, 0.2016
0.2711, 0.2016
0.2711, 0.2016
0.2711, 0.2016
0.2711, 0.2016
0.2711, 0.2016
0.2711, 0.2016
0.2711, 0.2016
0.2711, 0.2016
0.2711, 0.2016
0.2711, 0.2016
0.2711, 0.2016
0.2711, 0.1990
0.2711, 0.1990
0.2711, 0.1990
0.2711, 0.1990
0.2711, 0.1990
0.2711, 0.1990
0.2711, 0.1990
0.2711, 0.1990
0.2711, 0.1990
0.2711, 0.1990
0.2711, 0.1990
0.2711, 0.1990
0.2747, 0.1963
0.2747, 0.1963
0.2747, 0.1963
0.2747, 0.1963
0.2747, 0.1963
0.2747, 0.1963
0.2747, 0.1963
0.2784, 0.1963
0.2784, 0.1963
0.2784, 0.1963
0.2784, 0.1963
0.2784, 0.1937
0.2784, 0.1937
0.2784, 0.1937
0.2784, 0.1937
0.2784, 0.1937
0.2784, 0.1937
0.2784, 0.1937
0.2784, 0.1937
0.2784, 0.1937
0.2784, 0.1937
0.2784, 0.1937
0.2784, 0.1937
0.2784, 0.1937
0.2784, 0.1937
0.2784, 0.1937
0.2784, 0.1937
0.2784, 0.1937
0.2784, 0.1937
0.2784, 0.1937
0.2784, 0.1937
0.2784, 0.1937
0.2784, 0.1937
0.2784, 0.1937
0.2784, 0.1937
0.2784, 0.1937
0.2784, 0.1937
0.2784, 0.1937
0.2784, 0.1937
0.2821, 0.1911
0.2821, 0.1911
0.2821, 0.1911
0.2821, 0.1911
0.2821, 0.1911
0.2821, 0.1911
0.2821, 0.1911
0.2821, 0.1911
0.2821, 0.1911
0.2821, 0.1911
0.2821, 0.1911
0.2821, 0.1911
0.2857, 0.1911
0.2857, 0.1911
0.2857, 0.1911
0.2857, 0.1911
0.2857, 0.1885
0.2857, 0.1885
0.2857, 0.1885
0.2857, 0.1885
0.2857, 0.1885
0.2857, 0.1885
0.2857, 0.1885
0.2857, 0.1885
0.2857, 0.1885
0.2857, 0.1885
0.2857, 0.1885
0.2857, 0.1885
0.2857, 0.1885
0.2857, 0.1885
0.2857, 0.1885
0.2857, 0.1885
0.2857, 0.1885
0.2857, 0.1885
0.2857, 0.1885
0.2857, 0.1885
0.2857, 0.1885
0.2857, 0.1885
0.2857, 0.1885
0.2857, 0.1885
0.2857, 0.1885
0.2894, 0.1885
0.2894, 0.1885
0.2894, 0.1885
0.2894, 0.1885
0.2894, 0.1885
0.2894, 0.1885
0.2894, 0.1885
0.2930, 0.1885
0.2930, 0.1885
0.2930, 0.1885
0.2930, 0.1885
0.2930, 0.1885
0.2930, 0.1885
0.2930, 0.1885
0.2930, 0.1885
0.2967, 0.1859
0.2967, 0.1859
0.2967, 0.1859
0.2967, 0.1859
0.2967, 0.1859
0.2967, 0.1859
0.2967, 0.1859
0.2967, 0.1859
0.2967, 0.1859
0.2967, 0.1859
0.2967, 0.1859
0.2967, 0.1859
0.2967, 0.1859
0.2967, 0.1859
0.2967, 0.1859
0.2967, 0.1859
0.3004, 0.1859
0.3004, 0.1859
0.3004, 0.1859
0.3004, 0.1832
0.3004, 0.1832
0.3004, 0.1832
0.3004, 0.1832
0.3004, 0.1832
0.3004, 0.1832
0.3004, 0.1832
0.3040, 0.1832
0.3040, 0.1832
0.3040, 0.1832
0.3040, 0.1832
0.3040, 0.1832
0.3040, 0.1832
0.3040, 0.1832
0.3040, 0.1832
0.3040, 0.1832
0.3040, 0.1832
0.3040, 0.1832
0.3040, 0.1832
0.3077, 0.1832
0.3077, 0.1832
0.3077, 0.1832
0.3077, 0.1832
0.3077, 0.1832
0.3077, 0.1832
0.3077, 0.1832
0.3114, 0.1832
0.3114, 0.1832
0.3114, 0.1832
0.3114, 0.1832
0.3150, 0.1832
0.3150, 0.1832
0.3150, 0.1832
0.3150, 0.1832
0.3150, 0.1832
0.3150, 0.1832
0.3150, 0.1832
0.3150, 0.1832
0.3150, 0.1832
0.3150, 0.1832
0.3150, 0.1832
0.3150, 0.1832
0.3187, 0.1832
0.3187, 0.1832
0.3187, 0.1832
0.3187, 0.1806
0.3187, 0.1806
0.3187, 0.1806
0.3187, 0.1806
0.3223, 0.1806
0.3223, 0.1806
0.3223, 0.1806
0.3223, 0.1806
0.3223, 0.1806
0.3223, 0.1806
0.3223, 0.1806
0.3223, 0.1806
0.3223, 0.1806
0.3223, 0.1806
0.3223, 0.1806
0.3260, 0.1806
0.3260, 0.1806
0.3260, 0.1806
0.3260, 0.1806
0.3260, 0.1806
0.3260, 0.1806
0.3260, 0.1806
0.3260, 0.1806
0.3297, 0.1806
0.3297, 0.1806
0.3297, 0.1806
0.3333, 0.1806
0.3333, 0.1806
0.3333, 0.1806
0.3333, 0.1806
0.3333, 0.1806
0.3333, 0.1806
0.3333, 0.1806
0.3333, 0.1806
0.3333, 0.1806
0.3333, 0.1806
0.3333, 0.1806
0.3333, 0.1806
0.3370, 0.1806
0.3370, 0.1806
0.3370, 0.1806
0.3370, 0.1806
0.3407, 0.1806
0.3407, 0.1806
0.3407, 0.1806
0.3407, 0.1806
0.3407, 0.1806
0.3407, 0.1806
0.3407, 0.1806
0.3407, 0.1806
0.3407, 0.1806
0.3407, 0.1806
0.3407, 0.1806
0.3407, 0.1806
0.3407, 0.1806
0.3407, 0.1806
0.3443, 0.1806
0.3443, 0.1806
0.3443, 0.1806
0.3443, 0.1806
0.3480, 0.1806
0.3480, 0.1806
0.3480, 0.1806
0.3480, 0.1806
0.3480, 0.1806
0.3480, 0.1806
0.3480, 0.1806
0.3516, 0.1806
0.3516, 0.1806
0.3516, 0.1806
0.3516, 0.1806
0.3516, 0.1806
0.3516, 0.1806
0.3516, 0.1806
0.3516, 0.1806
0.3516, 0.1806
0.3516, 0.1806
0.3516, 0.1806
0.3516, 0.1806
0.3553, 0.1806
0.3553, 0.1806
0.3553, 0.1806
0.3590, 0.1806
0.3590, 0.1806
0.3590, 0.1806
0.3590, 0.1806
0.3590, 0.1806
0.3590, 0.1806
0.3590, 0.1806
0.3590, 0.1806
0.3626, 0.1832
0.3626, 0.1832
0.3626, 0.1832
0.3626, 0.1832
0.3626, 0.1832
0.3626, 0.1832
0.3626, 0.1832
0.3663, 0.1832
0.3663, 0.1832
0.3663, 0.1832
0.3700, 0.1832
0.3700, 0.1832
0.3700, 0.1832
0.3700, 0.1832
0.3700, 0.1832
0.3700, 0.1832
0.3700, 0.1832
0.3700, 0.1832
0.3736, 0.1859
0.3736, 0.1859
0.3736, 0.1859
0.3773, 0.1859
0.3773, 0.1859
0.3773, 0.1859
0.3773, 0.1859
0.3773, 0.1859
0.3773, 0.1859
0.3773, 0.1859
0.3773, 0.1859
0.3773, 0.1859
0.3773, 0.1859
0.3773, 0.1859
0.3810, 0.1859
0.3810, 0.1859
0.3810, 0.1859
0.3810, 0.1859
0.3846, 0.1859
0.3846, 0.1859
0.3846, 0.1859
0.3846, 0.1859
0.3846, 0.1859
0.3846, 0.1859
0.3846, 0.1859
0.3846, 0.1885
0.3846, 0.1885
0.3846, 0.1885
0.3883, 0.1885
0.3883, 0.1885
0.3883, 0.1885
0.3883, 0.1885
0.3919, 0.1885
0.3919, 0.1885
0.3919, 0.1885
0.3919, 0.1885
0.3919, 0.1885
0.3919, 0.1885
0.3956, 0.1885
0.3956, 0.1885
0.3956, 0.1885
0.3956, 0.1885
0.3956, 0.1911
0.3956, 0.1911
0.3956, 0.1911
0.3956, 0.1911
0.3993, 0.1911
0.3993, 0.1911
0.3993, 0.1911
0.4029, 0.1911
0.4029, 0.1911
0.4029, 0.1911
0.4029, 0.1911
0.4029, 0.1911
0.4029, 0.1911
0.4029, 0.1911
0.4066, 0.1911
0.4066, 0.1911
0.4066, 0.1911
0.4103, 0.1911
0.4103, 0.1911
0.4103, 0.1911
0.4103, 0.1911
0.4103, 0.1911
0.4103, 0.1911
0.4103, 0.1911
0.4139, 0.1911
0.4139, 0.1911
0.4139, 0.1911
0.4139, 0.1911
0.4139, 0.1911
0.4139, 0.1911
0.4139, 0.1911
0.4139, 0.1937
0.4139, 0.1937
0.4139, 0.1937
0.4139, 0.1937
0.4176, 0.1937
0.4176, 0.1937
0.4176, 0.1937
0.4212, 0.1937
0.4212, 0.1937
0.4212, 0.1937
0.4212, 0.1963
0.4212, 0.1963
0.4212, 0.1963
0.4212, 0.1963
0.4249, 0.1963
0.4249, 0.1963
0.4249, 0.1963
0.4286, 0.1990
0.4286, 0.1990
0.4286, 0.1990
0.4322, 0.1990
0.4322, 0.1990
0.4322, 0.1990
0.4322, 0.1990
0.4322, 0.1990
0.4322, 0.1990
0.4322, 0.1990
0.4322, 0.1990
0.4359, 0.2016
0.4359, 0.2016
0.4359, 0.2016
0.4396, 0.2016
0.4396, 0.2016
0.4396, 0.2016
0.4396, 0.2042
0.4396, 0.2042
0.4396, 0.2042
0.4396, 0.2042
0.4396, 0.2042
0.4396, 0.2042
0.4396, 0.2042
0.4432, 0.2042
0.4432, 0.2042
0.4432, 0.2042
0.4469, 0.2042
0.4469, 0.2042
0.4469, 0.2042
0.4469, 0.2042
0.4469, 0.2068
0.4469, 0.2068
0.4469, 0.2068
0.4505, 0.2068
0.4505, 0.2068
0.4505, 0.2068
0.4505, 0.2094
0.4505, 0.2094
0.4505, 0.2094
0.4505, 0.2094
0.4505, 0.2094
0.4505, 0.2094
0.4505, 0.2094
0.4542, 0.2120
0.4542, 0.2120
0.4542, 0.2120
0.4542, 0.2120
0.4542, 0.2120
0.4542, 0.2120
0.4542, 0.2120
0.4579, 0.2120
0.4579, 0.2120
0.4579, 0.2120
0.4579, 0.2120
0.4579, 0.2120
0.4579, 0.2120
0.4579, 0.2120
0.4579, 0.2120
0.4579, 0.2120
0.4579, 0.2120
0.4579, 0.2120
0.4615, 0.2147
0.4615, 0.2147
0.4615, 0.2147
0.4615, 0.2147
0.4615, 0.2147
0.4615, 0.2147
0.4615, 0.2147
0.4615, 0.2147
0.4615, 0.2147
0.4615, 0.2147
0.4615, 0.2147
0.4652, 0.2147
0.4652, 0.2147
0.4652, 0.2147
0.4652, 0.2147
0.4652, 0.2173
0.4652, 0.2173
0.4652, 0.2173
0.4652, 0.2173
0.4652, 0.2173
0.4652, 0.2173
0.4652, 0.2173
0.4652, 0.2173
0.4652, 0.2173
0.4652, 0.2173
0.4689, 0.2173
0.4689, 0.2173
0.4689, 0.2173
0.4689, 0.2173
0.4689, 0.2173
0.4689, 0.2173
0.4689, 0.2173
0.4689, 0.2173
0.4689, 0.2173
0.4689, 0.2173
0.4689, 0.2173
0.4689, 0.2173
0.4689, 0.2173
0.4689, 0.2173
0.4689, 0.2173
0.4689, 0.2173
0.4689, 0.2173
0.4689, 0.2173
0.4689, 0.2173
0.4689, 0.2173
0.4689, 0.2173
0.4689, 0.2173
0.4689, 0.2173
0.4689, 0.2173
0.4689, 0.2173
0.4689, 0.2173
0.4689, 0.2173
0.4689, 0.2173
0.4689, 0.2173
0.4689, 0.2173
0.4689, 0.2173
0.4689, 0.2173
0.4689, 0.2173
0.4689, 0.2173
0.4689, 0.2173
0.4689, 0.2173
0.4689, 0.2173
0.4689, 0.2173
0.4689, 0.2173
0.4689, 0.2173
0.4725, 0.2173
0.4725, 0.2173
0.4725, 0.2199
0.4762, 0.2199
0.4762, 0.2199
0.4762, 0.2225
0.4762, 0.2225
0.4799, 0.2225
0.4835, 0.2251
0.4872, 0.2251
0.4872, 0.2251
0.4872, 0.2251
0.4872, 0.2251
0.4872, 0.2251
0.4872, 0.2251
0.4872, 0.2251
0.4872, 0.2251
0.4908, 0.2251
0.4908, 0.2251
0.4908, 0.2251
0.4908, 0.2277
0.4908, 0.2277
0.4908, 0.2277
0.4945, 0.2277
0.4945, 0.2277
0.4945, 0.2277
0.4945, 0.2277
0.4945, 0.2304
0.4945, 0.2304
0.4945, 0.2304
0.4945, 0.2304
0.4945, 0.2304
0.4945, 0.2304
0.4945, 0.2304
0.4945, 0.2304
0.4945, 0.2304
0.4945, 0.2304
0.4945, 0.2304
0.4945, 0.2304
0.4982, 0.2304
0.4982, 0.2304
0.4982, 0.2304
0.4982, 0.2304
0.4982, 0.2304
0.4982, 0.2304
0.4982, 0.2304
0.5018, 0.2304
0.5018, 0.2304
0.5018, 0.2304
0.5018, 0.2330
0.5018, 0.2330
0.5018, 0.2330
0.5018, 0.2330
0.5018, 0.2330
0.5018, 0.2330
0.5018, 0.2330
0.5018, 0.2330
0.5018, 0.2330
0.5018, 0.2330
0.5018, 0.2356
0.5018, 0.2356
0.5018, 0.2356
0.5055, 0.2356
0.5055, 0.2356
0.5055, 0.2356
0.5055, 0.2356
0.5055, 0.2356
0.5055, 0.2356
0.5055, 0.2356
0.5055, 0.2356
0.5092, 0.2356
0.5092, 0.2356
0.5092, 0.2356
0.5092, 0.2356
0.5092, 0.2356
0.5092, 0.2356
0.5092, 0.2356
0.5092, 0.2356
0.5092, 0.2356
0.5092, 0.2356
0.5092, 0.2356
0.5092, 0.2356
0.5092, 0.2356
0.5092, 0.2356
0.5092, 0.2356
0.5092, 0.2356
0.5092, 0.2356
0.5092, 0.2356
0.5092, 0.2356
0.5092, 0.2382
0.5092, 0.2382
0.5092, 0.2382
0.5092, 0.2382
0.5092, 0.2382
0.5092, 0.2382
0.5092, 0.2382
0.5092, 0.2382
0.5092, 0.2382
0.5092, 0.2382
0.5092, 0.2382
0.5092, 0.2382
0.5092, 0.2382
0.5092, 0.2382
0.5092, 0.2382
0.5092, 0.2382
0.5092, 0.2382
0.5092, 0.2382
0.5092, 0.2382
0.5092, 0.2382
0.5092, 0.2382
0.5092, 0.2382
0.5092, 0.2382
0.5092, 0.2382
0.5092, 0.2382
0.5092, 0.2382
0.5092, 0.2382
0.5092, 0.2382
0.5092, 0.2382
0.5092, 0.2382
0.5092, 0.2382
0.5092, 0.2382
0.5092, 0.2382
0.5092, 0.2382
0.5092, 0.2382
0.5092, 0.2382
0.5092, 0.2382
0.5092, 0.2382
0.5092, 0.2382
0.5092, 0.2382
0.5092, 0.2382
0.5092, 0.2382
0.5092, 0.2382
0.5092, 0.2382
0.5092, 0.2382
0.5092, 0.2382
0.5092, 0.2382
0.5092, 0.2382
0.5092, 0.2382
0.5092, 0.2382
0.5092, 0.2382
0.5092, 0.2382
0.5092, 0.2382
0.5092, 0.2382
0.5092, 0.2382
0.5092, 0.2382
0.5092, 0.2382
0.5092, 0.2382
0.5092, 0.2382
0.5092, 0.2382
0.5092, 0.2382
0.5092, 0.2382
0.5092, 0.2382
0.5092, 0.2382
0.0000, 1.0000
0.0000, 1.0000
0.0000, 1.0000
0.0000, 1.0000
0.0000, 1.0000
0.0000, 1.0000
0.0000, 1.0000
0.0000, 1.0000
0.0000, 1.0000
0.0000, 1.0000
0.0000, 1.0000
0.0000, 1.0000
0.0000, 1.0000
0.0000, 1.0000
0.0000, 1.0000
0.0000, 1.0000
0.0000, 1.0000
0.0000, 1.0000
0.0000, 1.0000
0.0000, 1.0000
0.0000, 1.0000
0.0000, 1.0000
0.0000, 1.0000
0.0000, 1.0000
0.0000, 1.0000
0.0000, 1.0000
0.0000, 1.0000
0.0000, 1.0000
0.0000, 1.0000
0.0000, 1.0000
0.0000, 1.0000
0.0000, 1.0000
0.0000, 1.0000
0.0000, 1.0000
0.0000, 1.0000
0.0000, 1.0000
0.0000, 1.0000
0.0000, 1.0000
0.0000, 1.0000
