0.1928, 0.0000
0.1928, 0.0000
0.1928, 0.0000
0.1928, 0.0000
0.1928, 0.0000
0.1928, 0.0000
0.1928, 0.0000
0.1928, 0.0000
0.1928, 0.0000
0.1928, 0.0000
0.1928, 0.0000
0.1928, 0.0000
0.1928, 0.0000
0.1928, 0.0000
0.1928, 0.0000
0.1928, 0.0000
0.1928, 0.0000
0.1928, 0.0000
0.1928, 0.0000
0.1928, 0.0000
0.1928, 0.0000
0.1928, 0.0000
0.1928, 0.0000
0.1928, 0.0000
0.1928, 0.0000
0.1928, 0.0000
0.1928, 0.0000
0.1928, 0.0000
0.1973, 0.0000
0.1973, 0.0000
0.1973, 0.0000
0.1973, 0.0000
0.1973, 0.0000
0.1973, 0.0000
0.1973, 0.0000
0.1973, 0.0000
0.1973, 0.0000
0.1973, 0.0000
0.1973, 0.0000
0.1973, 0.0000
0.1973, 0.0000
0.1973, 0.0000
0.1973, 0.0026
0.1973, 0.0026
0.1973, 0.0026
0.1973, 0.0026
0.2018, 0.0052
0.2018, 0.0052
0.2018, 0.0052
0.2018, 0.0052
0.2018, 0.0077
0.2018, 0.0077
0.2018, 0.0077
0.2018, 0.0077
0.2018, 0.0077
0.2018, 0.0077
0.2018, 0.0077
0.2018, 0.0077
0.2018, 0.0077
0.2018, 0.0077
0.2018, 0.0077
0.2018, 0.0077
0.2018, 0.0077
0.2018, 0.0077
0.2018, 0.0103
0.2018, 0.0103
0.2018, 0.0103
0.2018, 0.0103
0.2018, 0.0129
0.2018, 0.0129
0.2018, 0.0129
0.2018, 0.0129
0.2018, 0.0129
0.2018, 0.0129
0.2018, 0.0129
0.2018, 0.0129
0.2018, 0.0129
0.2018, 0.0129
0.2018, 0.0129
0.2018, 0.0129
0.2018, 0.0129
0.2018, 0.0155
0.2018, 0.0155
0.2018, 0.0155
0.2018, 0.0155
0.2063, 0.0180
0.2063, 0.0180
0.2063, 0.0180
0.2063, 0.0180
0.2063, 0.0180
0.2063, 0.0206
0.2063, 0.0206
0.2063, 0.0206
0.2063, 0.0206
0.2063, 0.0206
0.2063, 0.0206
0.2063, 0.0206
0.2063, 0.0206
0.2063, 0.0232
0.2063, 0.0232
0.2063, 0.0232
0.2063, 0.0232
0.2108, 0.0258
0.2108, 0.0258
0.2108, 0.0258
0.2108, 0.0258
0.2108, 0.0258
0.2108, 0.0258
0.2108, 0.0258
0.2108, 0.0258
0.2108, 0.0258
0.2108, 0.0284
0.2108, 0.0284
0.2108, 0.0284
0.2108, 0.0284
0.2108, 0.0284
0.2108, 0.0309
0.2108, 0.0309
0.2108, 0.0309
0.2108, 0.0309
0.2152, 0.0309
0.2152, 0.0309
0.2152, 0.0309
0.2152, 0.0309
0.2152, 0.0335
0.2152, 0.0335
0.2152, 0.0335
0.2152, 0.0335
0.2152, 0.0335
0.2152, 0.0335
0.2152, 0.0335
0.2152, 0.0335
0.2152, 0.0335
0.2152, 0.0361
0.2152, 0.0361
0.2152, 0.0361
0.2152, 0.0361
0.2152, 0.0387
0.2152, 0.0387
0.2152, 0.0387
0.2152, 0.0387
0.2152, 0.0387
0.2152, 0.0387
0.2152, 0.0387
0.2152, 0.0387
0.2152, 0.0412
0.2152, 0.0412
0.2152, 0.0412
0.2152, 0.0412
0.2152, 0.0412
0.2152, 0.0412
0.2152, 0.0412
0.2152, 0.0412
0.2152, 0.0438
0.2152, 0.0438
0.2152, 0.0438
0.2152, 0.0438
0.2152, 0.0438
0.2152, 0.0464
0.2152, 0.0464
0.2152, 0.0464
0.2152, 0.0464
0.2152, 0.0464
0.2152, 0.0464
0.2152, 0.0464
0.2152, 0.0464
0.2152, 0.0490
0.2152, 0.0490
0.2152, 0.0490
0.2152, 0.0490
0.2152, 0.0515
0.2152, 0.0515
0.2152, 0.0515
0.2152, 0.0515
0.2152, 0.0515
0.2152, 0.0515
0.2152, 0.0515
0.2152, 0.0515
0.2152, 0.0515
0.2152, 0.0541
0.2152, 0.0541
0.2152, 0.0541
0.2152, 0.0541
0.2197, 0.0567
0.2197, 0.0567
0.2197, 0.0567
0.2197, 0.0567
0.2197, 0.0567
0.2197, 0.0567
0.2197, 0.0567
0.2197, 0.0593
0.2197, 0.0593
0.2197, 0.0593
0.2197, 0.0593
0.2197, 0.0619
0.2197, 0.0619
0.2197, 0.0619
0.2197, 0.0619
0.2242, 0.0644
0.2242, 0.0644
0.2242, 0.0644
0.2242, 0.0644
0.2242, 0.0644
0.2242, 0.0644
0.2242, 0.0644
0.2242, 0.0644
0.2242, 0.0670
0.2242, 0.0670
0.2242, 0.0670
0.2242, 0.0670
0.2242, 0.0696
0.2242, 0.0696
0.2242, 0.0696
0.2242, 0.0696
0.2242, 0.0696
0.2242, 0.0696
0.2242, 0.0696
0.2242, 0.0696
0.2242, 0.0722
0.2242, 0.0722
0.2242, 0.0722
0.2242, 0.0722
0.2242, 0.0747
0.2242, 0.0747
0.2242, 0.0747
0.2242, 0.0747
0.2242, 0.0747
0.2242, 0.0747
0.2242, 0.0747
0.2242, 0.0747
0.2242, 0.0747
0.2242, 0.0773
0.2242, 0.0773
0.2242, 0.0773
0.2287, 0.0773
0.2287, 0.0773
0.2287, 0.0773
0.2287, 0.0773
0.2287, 0.0799
0.2287, 0.0799
0.2287, 0.0799
0.2287, 0.0799
0.2287, 0.0825
0.2287, 0.0825
0.2287, 0.0825
0.2287, 0.0825
0.2332, 0.0825
0.2332, 0.0825
0.2332, 0.0825
0.2332, 0.0825
0.2332, 0.0851
0.2332, 0.0851
0.2332, 0.0851
0.2332, 0.0851
0.2332, 0.0851
0.2332, 0.0851
0.2332, 0.0851
0.2332, 0.0851
0.2377, 0.0876
0.2377, 0.0876
0.2377, 0.0876
0.2377, 0.0876
0.2377, 0.0902
0.2377, 0.0902
0.2377, 0.0902
0.2377, 0.0902
0.2377, 0.0902
0.2377, 0.0902
0.2377, 0.0902
0.2377, 0.0902
0.2377, 0.0902
0.2377, 0.0902
0.2377, 0.0902
0.2377, 0.0902
0.2377, 0.0902
0.2377, 0.0928
0.2377, 0.0928
0.2377, 0.0928
0.2377, 0.0928
0.2377, 0.0928
0.2377, 0.0928
0.2377, 0.0928
0.2377, 0.0928
0.2377, 0.0954
0.2377, 0.0954
0.2377, 0.0954
0.2377, 0.0954
0.2377, 0.0954
0.2377, 0.0954
0.2377, 0.0954
0.2377, 0.0954
0.2377, 0.0954
0.2422, 0.0979
0.2422, 0.0979
0.2422, 0.0979
0.2422, 0.0979
0.2422, 0.0979
0.2422, 0.0979
0.2422, 0.0979
0.2422, 0.0979
0.2422, 0.1005
0.2422, 0.1005
0.2422, 0.1005
0.2422, 0.1005
0.2466, 0.1031
0.2466, 0.1031
0.2466, 0.1031
0.2466, 0.1031
0.2466, 0.1031
0.2466, 0.1031
0.2466, 0.1031
0.2466, 0.1031
0.2466, 0.1031
0.2466, 0.1031
0.2466, 0.1031
0.2466, 0.1031
0.2466, 0.1057
0.2466, 0.1057
0.2466, 0.1057
0.2466, 0.1057
0.2466, 0.1082
0.2466, 0.1082
0.2466, 0.1082
0.2466, 0.1082
0.2466, 0.1082
0.2466, 0.1082
0.2466, 0.1082
0.2466, 0.1082
0.2466, 0.1082
0.2511, 0.1082
0.2511, 0.1082
0.2511, 0.1082
0.2511, 0.1082
0.2511, 0.1108
0.2511, 0.1108
0.2511, 0.1108
0.2511, 0.1108
0.2511, 0.1108
0.2511, 0.1108
0.2511, 0.1108
0.2511, 0.1108
0.2556, 0.1134
0.2556, 0.1134
0.2556, 0.1134
0.2556, 0.1134
0.2556, 0.1160
0.2556, 0.1160
0.2556, 0.1160
0.2556, 0.1160
0.2556, 0.1160
0.2556, 0.1160
0.2556, 0.1160
0.2556, 0.1160
0.2556, 0.1160
0.2556, 0.1160
0.2556, 0.1160
0.2556, 0.1160
0.2601, 0.1186
0.2601, 0.1186
0.2601, 0.1186
0.2601, 0.1186
0.2601, 0.1186
0.2601, 0.1186
0.2601, 0.1186
0.2601, 0.1186
0.2601, 0.1211
0.2601, 0.1211
0.2601, 0.1211
0.2601, 0.1211
0.2601, 0.1211
0.2601, 0.1211
0.2601, 0.1211
0.2601, 0.1211
0.2601, 0.1211
0.2601, 0.1211
0.2601, 0.1211
0.2601, 0.1211
0.2601, 0.1237
0.2601, 0.1237
0.2601, 0.1237
0.2601, 0.1237
0.2601, 0.1263
0.2601, 0.1263
0.2601, 0.1263
0.2601, 0.1263
0.2646, 0.1263
0.2646, 0.1263
0.2646, 0.1263
0.2646, 0.1263
0.2646, 0.1289
0.2646, 0.1289
0.2646, 0.1289
0.2646, 0.1289
0.2646, 0.1289
0.2646, 0.1289
0.2646, 0.1289
0.2646, 0.1289
0.2691, 0.1289
0.2691, 0.1289
0.2691, 0.1289
0.2691, 0.1289
0.2691, 0.1314
0.2691, 0.1314
0.2691, 0.1314
0.2691, 0.1314
0.2691, 0.1314
0.2691, 0.1314
0.2691, 0.1314
0.2691, 0.1340
0.2691, 0.1340
0.2691, 0.1340
0.2691, 0.1340
0.2691, 0.1340
0.2691, 0.1340
0.2691, 0.1340
0.2691, 0.1340
0.2691, 0.1340
0.2691, 0.1340
0.2691, 0.1340
0.2691, 0.1340
0.2691, 0.1340
0.2691, 0.1366
0.2691, 0.1366
0.2691, 0.1366
0.2735, 0.1392
0.2735, 0.1392
0.2735, 0.1392
0.2735, 0.1392
0.2735, 0.1392
0.2735, 0.1392
0.2735, 0.1392
0.2735, 0.1392
0.2735, 0.1392
0.2735, 0.1392
0.2735, 0.1392
0.2735, 0.1392
0.2735, 0.1392
0.2780, 0.1418
0.2780, 0.1418
0.2780, 0.1418
0.2780, 0.1418
0.2780, 0.1418
0.2780, 0.1418
0.2780, 0.1418
0.2780, 0.1418
0.2780, 0.1443
0.2780, 0.1443
0.2780, 0.1443
0.2780, 0.1443
0.2780, 0.1443
0.2780, 0.1443
0.2780, 0.1443
0.2780, 0.1443
0.2825, 0.1469
0.2825, 0.1469
0.2825, 0.1469
0.2825, 0.1469
0.2825, 0.1469
0.2825, 0.1469
0.2825, 0.1469
0.2825, 0.1469
0.2825, 0.1469
0.2825, 0.1469
0.2825, 0.1469
0.2825, 0.1495
0.2825, 0.1495
0.2825, 0.1495
0.2825, 0.1495
0.2825, 0.1495
0.2825, 0.1495
0.2825, 0.1495
0.2825, 0.1495
0.2825, 0.1521
0.2825, 0.1521
0.2825, 0.1521
0.2825, 0.1521
0.2870, 0.1521
0.2870, 0.1521
0.2870, 0.1521
0.2870, 0.1521
0.2870, 0.1521
0.2870, 0.1521
0.2870, 0.1521
0.2870, 0.1521
0.2870, 0.1521
0.2870, 0.1521
0.2870, 0.1521
0.2870, 0.1521
0.2870, 0.1546
0.2870, 0.1546
0.2870, 0.1546
0.2915, 0.1546
0.2915, 0.1546
0.2915, 0.1546
0.2915, 0.1546
0.2915, 0.1572
0.2915, 0.1572
0.2915, 0.1572
0.2915, 0.1572
0.2915, 0.1572
0.2915, 0.1572
0.2915, 0.1572
0.2915, 0.1598
0.2915, 0.1598
0.2915, 0.1598
0.2915, 0.1598
0.2915, 0.1598
0.2915, 0.1598
0.2915, 0.1598
0.2915, 0.1598
0.2915, 0.1598
0.2915, 0.1598
0.2915, 0.1598
0.2915, 0.1598
0.2960, 0.1624
0.2960, 0.1624
0.2960, 0.1624
0.2960, 0.1624
0.2960, 0.1649
0.2960, 0.1649
0.2960, 0.1649
0.2960, 0.1649
0.2960, 0.1649
0.2960, 0.1649
0.2960, 0.1649
0.3004, 0.1649
0.3004, 0.1649
0.3004, 0.1649
0.3004, 0.1649
0.3004, 0.1649
0.3004, 0.1649
0.3004, 0.1649
0.3004, 0.1649
0.3049, 0.1675
0.3049, 0.1675
0.3049, 0.1675
0.3049, 0.1675
0.3049, 0.1675
0.3049, 0.1675
0.3049, 0.1675
0.3049, 0.1675
0.3049, 0.1701
0.3049, 0.1701
0.3049, 0.1701
0.3049, 0.1701
0.3049, 0.1727
0.3049, 0.1727
0.3049, 0.1727
0.3049, 0.1727
0.3049, 0.1727
0.3049, 0.1727
0.3049, 0.1727
0.3094, 0.1727
0.3094, 0.1727
0.3094, 0.1727
0.3094, 0.1753
0.3094, 0.1753
0.3094, 0.1753
0.3094, 0.1753
0.3139, 0.1778
0.3139, 0.1778
0.3139, 0.1778
0.3139, 0.1778
0.3139, 0.1778
0.3139, 0.1778
0.3139, 0.1778
0.3139, 0.1778
0.3139, 0.1778
0.3139, 0.1778
0.3139, 0.1778
0.3139, 0.1778
0.3139, 0.1778
0.3139, 0.1778
0.3139, 0.1778
0.3139, 0.1778
0.3139, 0.1804
0.3139, 0.1804
0.3139, 0.1804
0.3139, 0.1804
0.3139, 0.1804
0.3139, 0.1804
0.3139, 0.1804
0.3139, 0.1804
0.3139, 0.1830
0.3139, 0.1830
0.3139, 0.1830
0.3139, 0.1830
0.3184, 0.1830
0.3184, 0.1830
0.3184, 0.1830
0.3184, 0.1830
0.3184, 0.1856
0.3184, 0.1856
0.3184, 0.1856
0.3184, 0.1856
0.3184, 0.1856
0.3184, 0.1856
0.3184, 0.1856
0.3229, 0.1856
0.3229, 0.1856
0.3229, 0.1856
0.3229, 0.1856
0.3229, 0.1881
0.3229, 0.1881
0.3229, 0.1881
0.3229, 0.1881
0.3274, 0.1907
0.3274, 0.1907
0.3274, 0.1907
0.3274, 0.1907
0.3274, 0.1907
0.3274, 0.1907
0.3274, 0.1907
0.3274, 0.1907
0.3274, 0.1907
0.3274, 0.1907
0.3274, 0.1907
0.3274, 0.1907
0.3274, 0.1907
0.3274, 0.1907
0.3274, 0.1907
0.3274, 0.1907
0.3274, 0.1907
0.3274, 0.1907
0.3274, 0.1907
0.3274, 0.1933
0.3274, 0.1933
0.3274, 0.1933
0.3274, 0.1933
0.3274, 0.1933
0.3274, 0.1933
0.3274, 0.1933
0.3274, 0.1933
0.3274, 0.1959
0.3274, 0.1959
0.3274, 0.1959
0.3274, 0.1959
0.3318, 0.1959
0.3318, 0.1959
0.3318, 0.1985
0.3318, 0.1985
0.3318, 0.1985
0.3318, 0.1985
0.3318, 0.1985
0.3318, 0.1985
0.3318, 0.1985
0.3363, 0.2010
0.3363, 0.2010
0.3363, 0.2010
0.3363, 0.2010
0.3363, 0.2010
0.3363, 0.2010
0.3363, 0.2010
0.3363, 0.2010
0.3363, 0.2036
0.3363, 0.2036
0.3363, 0.2036
0.3363, 0.2036
0.3363, 0.2036
0.3363, 0.2036
0.3363, 0.2036
0.3408, 0.2036
0.3408, 0.2036
0.3408, 0.2036
0.3408, 0.2036
0.3408, 0.2062
0.3408, 0.2062
0.3408, 0.2062
0.3408, 0.2062
0.3408, 0.2062
0.3408, 0.2062
0.3408, 0.2062
0.3408, 0.2062
0.3408, 0.2062
0.3408, 0.2062
0.3408, 0.2062
0.3453, 0.2088
0.3453, 0.2088
0.3453, 0.2088
0.3453, 0.2088
0.3453, 0.2088
0.3453, 0.2088
0.3453, 0.2088
0.3453, 0.2088
0.3453, 0.2113
0.3453, 0.2113
0.3453, 0.2113
0.3453, 0.2113
0.3453, 0.2113
0.3453, 0.2113
0.3453, 0.2113
0.3453, 0.2113
0.3453, 0.2113
0.3453, 0.2113
0.3453, 0.2113
0.3453, 0.2139
0.3453, 0.2139
0.3453, 0.2139
0.3498, 0.2139
0.3498, 0.2139
0.3498, 0.2139
0.3498, 0.2139
0.3498, 0.2165
0.3498, 0.2165
0.3498, 0.2165
0.3543, 0.2165
0.3543, 0.2165
0.3543, 0.2165
0.3543, 0.2165
0.3543, 0.2165
0.3543, 0.2165
0.3543, 0.2165
0.3543, 0.2165
0.3587, 0.2191
0.3587, 0.2191
0.3587, 0.2191
0.3587, 0.2216
0.3587, 0.2216
0.3587, 0.2216
0.3587, 0.2216
0.3587, 0.2216
0.3587, 0.2216
0.3587, 0.2216
0.3587, 0.2216
0.3587, 0.2216
0.3587, 0.2216
0.3587, 0.2216
0.3587, 0.2242
0.3587, 0.2242
0.3587, 0.2242
0.3587, 0.2242
0.3632, 0.2242
0.3632, 0.2242
0.3632, 0.2242
0.3632, 0.2268
0.3632, 0.2268
0.3632, 0.2268
0.3632, 0.2268
0.3632, 0.2268
0.3632, 0.2268
0.3632, 0.2268
0.3677, 0.2294
0.3677, 0.2294
0.3677, 0.2294
0.3677, 0.2294
0.3677, 0.2294
0.3677, 0.2294
0.3677, 0.2294
0.3677, 0.2294
0.3677, 0.2294
0.3677, 0.2294
0.3677, 0.2294
0.3677, 0.2320
0.3677, 0.2320
0.3677, 0.2320
0.3677, 0.2320
0.3677, 0.2320
0.3677, 0.2320
0.3677, 0.2320
0.3677, 0.2320
0.3677, 0.2345
0.3677, 0.2345
0.3677, 0.2345
0.3677, 0.2345
0.3722, 0.2345
0.3722, 0.2345
0.3722, 0.2345
0.3722, 0.2345
0.3722, 0.2345
0.3722, 0.2345
0.3722, 0.2345
0.3722, 0.2345
0.3722, 0.2345
0.3722, 0.2345
0.3722, 0.2345
0.3767, 0.2371
0.3767, 0.2371
0.3767, 0.2371
0.3767, 0.2371
0.3767, 0.2371
0.3767, 0.2371
0.3767, 0.2371
0.3812, 0.2397
0.3812, 0.2397
0.3812, 0.2397
0.3812, 0.2397
0.3812, 0.2397
0.3812, 0.2397
0.3812, 0.2397
0.3812, 0.2397
0.3812, 0.2423
0.3812, 0.2423
0.3812, 0.2423
0.3812, 0.2423
0.3812, 0.2423
0.3812, 0.2423
0.3812, 0.2423
0.3812, 0.2423
0.3812, 0.2423
0.3812, 0.2423
0.3812, 0.2423
0.3812, 0.2423
0.3812, 0.2423
0.3812, 0.2423
0.3857, 0.2423
0.3857, 0.2423
0.3857, 0.2423
0.3857, 0.2423
0.3857, 0.2423
0.3857, 0.2423
0.3857, 0.2423
0.3857, 0.2448
0.3857, 0.2448
0.3857, 0.2448
0.3901, 0.2448
0.3901, 0.2448
0.3901, 0.2448
0.3901, 0.2448
0.3901, 0.2474
0.3901, 0.2474
0.3901, 0.2474
0.3901, 0.2474
0.3901, 0.2474
0.3901, 0.2474
0.3901, 0.2474
0.3901, 0.2474
0.3901, 0.2474
0.3901, 0.2474
0.3901, 0.2474
0.3901, 0.2474
0.3901, 0.2474
0.3901, 0.2474
0.3901, 0.2474
0.3901, 0.2474
0.3901, 0.2474
0.3901, 0.2474
0.3946, 0.2474
0.3946, 0.2474
0.3946, 0.2474
0.3946, 0.2500
0.3946, 0.2500
0.3946, 0.2500
0.3946, 0.2500
0.3946, 0.2500
0.3946, 0.2500
0.3946, 0.2500
0.3946, 0.2500
0.3991, 0.2500
0.3991, 0.2500
0.3991, 0.2500
0.3991, 0.2526
0.3991, 0.2526
0.3991, 0.2526
0.3991, 0.2526
0.4036, 0.2526
0.4036, 0.2526
0.4036, 0.2526
0.4036, 0.2552
0.4036, 0.2552
0.4036, 0.2552
0.4036, 0.2552
0.4036, 0.2552
0.4036, 0.2552
0.4036, 0.2552
0.4081, 0.2552
0.4081, 0.2552
0.4081, 0.2552
0.4081, 0.2552
0.4081, 0.2552
0.4081, 0.2552
0.4081, 0.2552
0.4126, 0.2577
0.4126, 0.2577
0.4126, 0.2577
0.4126, 0.2577
0.4126, 0.2577
0.4126, 0.2577
0.4126, 0.2577
0.4126, 0.2577
0.4126, 0.2577
0.4126, 0.2577
0.4126, 0.2603
0.4126, 0.2603
0.4126, 0.2603
0.4170, 0.2603
0.4170, 0.2603
0.4170, 0.2603
0.4170, 0.2603
0.4170, 0.2603
0.4170, 0.2603
0.4170, 0.2603
0.4170, 0.2603
0.4170, 0.2603
0.4170, 0.2603
0.4170, 0.2603
0.4215, 0.2603
0.4215, 0.2603
0.4215, 0.2603
0.4215, 0.2603
0.4215, 0.2629
0.4215, 0.2629
0.4215, 0.2629
0.4260, 0.2629
0.4260, 0.2629
0.4260, 0.2629
0.4260, 0.2629
0.4260, 0.2655
0.4260, 0.2655
0.4260, 0.2655
0.4260, 0.2655
0.4260, 0.2655
0.4260, 0.2655
0.4260, 0.2655
0.4305, 0.2655
0.4305, 0.2655
0.4305, 0.2655
0.4305, 0.2655
0.4305, 0.2680
0.4305, 0.2680
0.4305, 0.2680
0.4350, 0.2680
0.4350, 0.2680
0.4350, 0.2680
0.4350, 0.2680
0.4350, 0.2680
0.4350, 0.2680
0.4350, 0.2680
0.4350, 0.2680
0.4350, 0.2680
0.4350, 0.2680
0.4350, 0.2680
0.4350, 0.2706
0.4350, 0.2706
0.4350, 0.2706
0.4395, 0.2706
0.4395, 0.2706
0.4395, 0.2706
0.4395, 0.2706
0.4395, 0.2706
0.4395, 0.2706
0.4395, 0.2706
0.4439, 0.2706
0.4439, 0.2706
0.4439, 0.2706
0.4439, 0.2732
0.4439, 0.2732
0.4439, 0.2732
0.4439, 0.2732
0.4439, 0.2732
0.4439, 0.2732
0.4484, 0.2732
0.4484, 0.2732
0.4484, 0.2732
0.4484, 0.2732
0.4484, 0.2732
0.4484, 0.2732
0.4484, 0.2732
0.4484, 0.2732
0.4484, 0.2732
0.4484, 0.2732
0.4484, 0.2732
0.4484, 0.2732
0.4484, 0.2732
0.4484, 0.2732
0.4529, 0.2758
0.4529, 0.2758
0.4529, 0.2758
0.4529, 0.2758
0.4529, 0.2758
0.4529, 0.2758
0.4529, 0.2758
0.4574, 0.2784
0.4574, 0.2784
0.4574, 0.2784
0.4574, 0.2784
0.4574, 0.2784
0.4574, 0.2784
0.4574, 0.2784
0.4574, 0.2784
0.4574, 0.2784
0.4574, 0.2784
0.4619, 0.2809
0.4619, 0.2809
0.4619, 0.2809
0.4619, 0.2809
0.4619, 0.2809
0.4619, 0.2809
0.4619, 0.2809
0.4619, 0.2809
0.4664, 0.2809
0.4664, 0.2809
0.4664, 0.2809
0.4709, 0.2809
0.4709, 0.2809
0.4709, 0.2809
0.4709, 0.2809
0.4709, 0.2809
0.4709, 0.2809
0.4709, 0.2809
0.4709, 0.2809
0.4709, 0.2809
0.4709, 0.2809
0.4709, 0.2809
0.4753, 0.2835
0.4753, 0.2835
0.4753, 0.2835
0.4843, 0.2861
0.4843, 0.2861
0.4843, 0.2861
0.4843, 0.2861
0.4843, 0.2861
0.4843, 0.2861
0.4843, 0.2861
0.4843, 0.2861
0.4843, 0.2861
0.4843, 0.2861
0.4843, 0.2861
0.4888, 0.2861
0.4888, 0.2861
0.4888, 0.2861
0.4888, 0.2861
0.4888, 0.2861
0.4888, 0.2861
0.4888, 0.2861
0.4933, 0.2861
0.4933, 0.2861
0.4933, 0.2861
0.4933, 0.2887
0.4933, 0.2887
0.4933, 0.2887
0.4933, 0.2887
0.4933, 0.2887
0.4933, 0.2887
0.4933, 0.2887
0.4978, 0.2887
0.4978, 0.2887
0.4978, 0.2887
0.5022, 0.2912
0.5022, 0.2912
0.5022, 0.2912
0.5022, 0.2912
0.5022, 0.2912
0.5022, 0.2912
0.5022, 0.2912
0.5022, 0.2938
0.5022, 0.2938
0.5022, 0.2938
0.5067, 0.2938
0.5067, 0.2938
0.5067, 0.2938
0.5112, 0.2938
0.5112, 0.2938
0.5112, 0.2938
0.5157, 0.2938
0.5157, 0.2938
0.5157, 0.2938
0.5157, 0.2938
0.5157, 0.2964
0.5157, 0.2964
0.5157, 0.2964
0.5157, 0.2964
0.5157, 0.2964
0.5157, 0.2964
0.5157, 0.2964
0.5202, 0.2964
0.5202, 0.2964
0.5202, 0.2964
0.5202, 0.2990
0.5202, 0.2990
0.5202, 0.2990
0.5247, 0.2990
0.5247, 0.2990
0.5247, 0.2990
0.5247, 0.2990
0.5247, 0.2990
0.5247, 0.2990
0.5247, 0.2990
0.5247, 0.2990
0.5247, 0.2990
0.5247, 0.2990
0.5247, 0.2990
0.5291, 0.2990
0.5291, 0.2990
0.5291, 0.2990
0.5336, 0.3015
0.5336, 0.3015
0.5336, 0.3015
0.5336, 0.3015
0.5336, 0.3015
0.5336, 0.3015
0.5336, 0.3015
0.5381, 0.3015
0.5381, 0.3015
0.5381, 0.3015
0.5381, 0.3041
0.5381, 0.3041
0.5381, 0.3041
0.5381, 0.3041
0.5381, 0.3041
0.5381, 0.3041
0.5381, 0.3041
0.5381, 0.3041
0.5381, 0.3041
0.5381, 0.3041
0.5381, 0.3041
0.5426, 0.3041
0.5426, 0.3041
0.5426, 0.3041
0.5426, 0.3067
0.5426, 0.3067
0.5426, 0.3067
0.5426, 0.3067
0.5426, 0.3067
0.5426, 0.3067
0.5426, 0.3067
0.5426, 0.3067
0.5426, 0.3067
0.5426, 0.3067
0.5471, 0.3067
0.5471, 0.3067
0.5471, 0.3067
0.5471, 0.3067
0.5471, 0.3067
0.5471, 0.3067
0.5471, 0.3067
0.5471, 0.3067
0.5471, 0.3067
0.5471, 0.3067
0.5471, 0.3067
0.5471, 0.3067
0.5471, 0.3067
0.5471, 0.3093
0.5471, 0.3093
0.5471, 0.3093
0.5516, 0.3093
0.5516, 0.3093
0.5516, 0.3093
0.5516, 0.3093
0.5516, 0.3093
0.5516, 0.3093
0.5561, 0.3119
0.5561, 0.3119
0.5561, 0.3119
0.5561, 0.3119
0.5561, 0.3119
0.5561, 0.3119
0.5561, 0.3119
0.5561, 0.3119
0.5561, 0.3119
0.5561, 0.3119
0.5605, 0.3119
0.5605, 0.3119
0.5605, 0.3119
0.5605, 0.3119
0.5605, 0.3119
0.5605, 0.3119
0.5605, 0.3119
0.5605, 0.3119
0.5605, 0.3119
0.5605, 0.3119
0.5605, 0.3119
0.5605, 0.3119
0.5605, 0.3119
0.5605, 0.3119
0.5605, 0.3119
0.5605, 0.3119
0.5605, 0.3119
0.5605, 0.3119
0.5650, 0.3144
0.5650, 0.3144
0.5650, 0.3144
0.5650, 0.3144
0.5650, 0.3144
0.5650, 0.3144
0.5650, 0.3144
0.5695, 0.3144
0.5695, 0.3144
0.5695, 0.3144
0.5695, 0.3144
0.5695, 0.3144
0.5695, 0.3144
0.5695, 0.3170
0.5695, 0.3170
0.5695, 0.3170
0.5695, 0.3170
0.5695, 0.3170
0.5695, 0.3170
0.5695, 0.3170
0.5695, 0.3170
0.5695, 0.3170
0.5695, 0.3170
0.5740, 0.3170
0.5740, 0.3170
0.5740, 0.3170
0.5740, 0.3170
0.5740, 0.3170
0.5740, 0.3170
0.5740, 0.3170
0.5785, 0.3196
0.5785, 0.3196
0.5785, 0.3196
0.5785, 0.3196
0.5785, 0.3196
0.5785, 0.3196
0.5785, 0.3196
0.5830, 0.3196
0.5830, 0.3196
0.5830, 0.3196
0.5830, 0.3196
0.5830, 0.3196
0.5830, 0.3196
0.5830, 0.3196
0.5874, 0.3196
0.5874, 0.3196
0.5874, 0.3196
0.5919, 0.3196
0.5919, 0.3196
0.5919, 0.3196
0.5919, 0.3222
0.5919, 0.3222
0.5919, 0.3222
0.5919, 0.3222
0.5919, 0.3222
0.5919, 0.3222
0.5919, 0.3222
0.5964, 0.3247
0.5964, 0.3247
0.5964, 0.3247
0.6009, 0.3247
0.6009, 0.3247
0.6009, 0.3247
0.6054, 0.3247
0.6054, 0.3247
0.6054, 0.3247
0.6054, 0.3247
0.6054, 0.3247
0.6054, 0.3247
0.6054, 0.3247
0.6054, 0.3247
0.6054, 0.3247
0.6054, 0.3247
0.6143, 0.3273
0.6143, 0.3273
0.6143, 0.3273
0.6143, 0.3273
0.6143, 0.3273
0.6143, 0.3273
0.6143, 0.3273
0.6188, 0.3273
0.6188, 0.3273
0.6188, 0.3273
0.6188, 0.3299
0.6188, 0.3299
0.6188, 0.3299
0.6233, 0.3299
0.6233, 0.3299
0.6233, 0.3299
0.6233, 0.3299
0.6233, 0.3299
0.6233, 0.3299
0.6233, 0.3299
0.6233, 0.3299
0.6233, 0.3299
0.6233, 0.3299
0.6278, 0.3325
0.6278, 0.3325
0.6278, 0.3325
0.6278, 0.3325
0.6278, 0.3325
0.6278, 0.3325
0.6278, 0.3325
0.6278, 0.3325
0.6278, 0.3325
0.6278, 0.3325
0.6278, 0.3325
0.6278, 0.3325
0.6278, 0.3325
0.6278, 0.3325
0.6278, 0.3325
0.6278, 0.3325
0.6278, 0.3325
0.6323, 0.3325
0.6323, 0.3325
0.6323, 0.3325
0.6323, 0.3325
0.6323, 0.3325
0.6323, 0.3325
0.6323, 0.3325
0.6368, 0.3325
0.6368, 0.3325
0.6368, 0.3325
0.6368, 0.3325
0.6368, 0.3325
0.6368, 0.3325
0.6413, 0.3351
0.6413, 0.3351
0.6413, 0.3351
0.6457, 0.3351
0.6457, 0.3351
0.6457, 0.3351
0.6457, 0.3351
0.6457, 0.3351
0.6457, 0.3351
0.6457, 0.3351
0.6502, 0.3376
0.6502, 0.3376
0.6502, 0.3376
0.6502, 0.3376
0.6502, 0.3376
0.6502, 0.3376
0.6502, 0.3376
0.6502, 0.3376
0.6502, 0.3376
0.6502, 0.3376
0.6502, 0.3376
0.6502, 0.3376
0.6502, 0.3376
0.6547, 0.3376
0.6547, 0.3376
0.6547, 0.3376
0.6547, 0.3376
0.6547, 0.3376
0.6547, 0.3376
0.6547, 0.3376
0.6592, 0.3376
0.6592, 0.3376
0.6592, 0.3376
0.6592, 0.3376
0.6592, 0.3376
0.6592, 0.3376
0.6592, 0.3376
0.6592, 0.3402
0.6592, 0.3402
0.6592, 0.3402
0.6637, 0.3402
0.6637, 0.3402
0.6637, 0.3402
0.6682, 0.3402
0.6682, 0.3402
0.6682, 0.3402
0.6726, 0.3428
0.6726, 0.3428
0.6726, 0.3428
0.6726, 0.3428
0.6726, 0.3428
0.6726, 0.3428
0.6726, 0.3428
0.6726, 0.3428
0.6726, 0.3428
0.6726, 0.3428
0.6726, 0.3428
0.6726, 0.3428
0.6726, 0.3428
0.6771, 0.3428
0.6771, 0.3428
0.6771, 0.3428
0.6816, 0.3428
0.6816, 0.3428
0.6816, 0.3428
0.6816, 0.3454
0.6816, 0.3454
0.6816, 0.3454
0.6816, 0.3454
0.6816, 0.3454
0.6816, 0.3454
0.6861, 0.3454
0.6861, 0.3454
0.6861, 0.3454
0.6906, 0.3454
0.6906, 0.3454
0.6906, 0.3454
0.6951, 0.3454
0.6951, 0.3454
0.6951, 0.3454
0.6951, 0.3454
0.6951, 0.3454
0.6951, 0.3454
0.6996, 0.3454
0.6996, 0.3454
0.6996, 0.3454
0.7040, 0.3454
0.7040, 0.3454
0.7040, 0.3454
0.7040, 0.3454
0.7040, 0.3454
0.7040, 0.3454
0.7040, 0.3454
0.7040, 0.3454
0.7040, 0.3454
0.7040, 0.3454
0.7085, 0.3454
0.7085, 0.3454
0.7085, 0.3454
0.7130, 0.3479
0.7130, 0.3479
0.7130, 0.3479
0.7175, 0.3479
0.7175, 0.3479
0.7175, 0.3479
0.7175, 0.3479
0.7175, 0.3479
0.7175, 0.3479
0.7220, 0.3479
0.7220, 0.3479
0.7220, 0.3479
0.7265, 0.3479
0.7265, 0.3479
0.7265, 0.3479
0.7309, 0.3505
0.7309, 0.3505
0.7309, 0.3505
0.7354, 0.3505
0.7354, 0.3505
0.7354, 0.3505
0.7399, 0.3505
0.7399, 0.3505
0.7399, 0.3505
0.7399, 0.3505
0.7399, 0.3505
0.7399, 0.3505
0.7399, 0.3505
0.7399, 0.3505
0.7399, 0.3505
0.7399, 0.3505
0.7444, 0.3505
0.7444, 0.3505
0.7444, 0.3505
0.7489, 0.3505
0.7489, 0.3505
0.7489, 0.3505
0.7489, 0.3505
0.7489, 0.3505
0.7489, 0.3505
0.7489, 0.3505
0.7534, 0.3505
0.7534, 0.3505
0.7534, 0.3505
0.7534, 0.3505
0.7534, 0.3505
0.7534, 0.3505
0.7578, 0.3505
0.7578, 0.3505
0.7578, 0.3505
0.7623, 0.3505
0.7623, 0.3505
0.7623, 0.3505
0.7623, 0.3505
0.7623, 0.3505
0.7623, 0.3505
0.7623, 0.3505
0.7623, 0.3505
0.7623, 0.3505
0.7668, 0.3505
0.7668, 0.3505
0.7668, 0.3505
0.7713, 0.3505
0.7713, 0.3505
0.7713, 0.3505
0.7713, 0.3505
0.7713, 0.3531
0.7713, 0.3531
0.7713, 0.3531
0.7713, 0.3531
0.7713, 0.3531
0.7713, 0.3531
0.7758, 0.3531
0.7758, 0.3531
0.7758, 0.3531
0.7758, 0.3531
0.7758, 0.3531
0.7758, 0.3531
0.7803, 0.3531
0.7803, 0.3531
0.7803, 0.3531
0.7848, 0.3531
0.7848, 0.3531
0.7848, 0.3531
0.7848, 0.3531
0.7848, 0.3531
0.7848, 0.3531
0.7848, 0.3531
0.7848, 0.3531
0.7848, 0.3531
0.7848, 0.3531
0.7848, 0.3531
0.7848, 0.3531
0.7848, 0.3531
0.7848, 0.3531
0.7848, 0.3531
0.7848, 0.3531
0.7848, 0.3531
0.7892, 0.3531
0.7892, 0.3531
0.7892, 0.3531
0.7892, 0.3531
0.7892, 0.3531
0.7892, 0.3531
0.7892, 0.3531
0.7937, 0.3531
0.7937, 0.3531
0.7937, 0.3531
0.7937, 0.3531
0.7937, 0.3531
0.7937, 0.3531
0.7937, 0.3531
0.7937, 0.3531
0.7937, 0.3531
0.7937, 0.3531
0.7937, 0.3531
0.7937, 0.3531
0.7937, 0.3531
0.7937, 0.3531
0.7937, 0.3531
0.7937, 0.3531
0.7937, 0.3531
0.7937, 0.3531
0.7937, 0.3531
0.7982, 0.3531
0.7982, 0.3531
0.7982, 0.3531
0.7982, 0.3531
0.7982, 0.3531
0.7982, 0.3531
0.7982, 0.3531
0.8027, 0.3557
0.8027, 0.3557
0.8027, 0.3557
0.8072, 0.3557
0.8072, 0.3557
0.8072, 0.3557
0.8072, 0.3557
0.8072, 0.3557
0.8072, 0.3557
0.8072, 0.3557
0.8072, 0.3557
0.8072, 0.3557
0.8072, 0.3557
0.8117, 0.3557
0.8117, 0.3557
0.8117, 0.3557
0.8117, 0.3557
0.8117, 0.3557
0.8117, 0.3557
0.8161, 0.3557
0.8161, 0.3557
0.8161, 0.3557
0.8161, 0.3557
0.8161, 0.3557
0.8161, 0.3557
0.8161, 0.3557
0.8161, 0.3557
0.8161, 0.3557
0.8206, 0.3557
0.8206, 0.3557
0.8206, 0.3557
0.8206, 0.3557
0.8206, 0.3557
0.8206, 0.3557
0.8206, 0.3582
0.8206, 0.3582
0.8206, 0.3582
0.8251, 0.3582
0.8251, 0.3582
0.8251, 0.3582
0.8251, 0.3582
0.8251, 0.3582
0.8251, 0.3582
0.8251, 0.3582
0.8296, 0.3582
0.8296, 0.3582
0.8296, 0.3582
0.8296, 0.3582
0.8296, 0.3582
0.8296, 0.3582
0.8341, 0.3582
0.8341, 0.3582
0.8341, 0.3582
0.8386, 0.3582
0.8386, 0.3582
0.8386, 0.3582
0.8386, 0.3582
0.8386, 0.3582
0.8386, 0.3582
0.8386, 0.3582
0.8386, 0.3582
0.8386, 0.3582
0.8386, 0.3582
0.8430, 0.3582
0.8430, 0.3582
0.8475, 0.3582
0.8475, 0.3582
0.8475, 0.3582
0.8475, 0.3582
0.8475, 0.3582
0.8475, 0.3582
0.8475, 0.3582
0.8520, 0.3582
0.8520, 0.3582
0.8520, 0.3582
0.8520, 0.3582
0.8520, 0.3582
0.8520, 0.3582
0.8520, 0.3582
0.8520, 0.3582
0.8520, 0.3582
0.8565, 0.3582
0.8565, 0.3582
0.8565, 0.3582
0.8565, 0.3582
0.8565, 0.3582
0.8565, 0.3582
0.8610, 0.3582
0.8610, 0.3582
0.8610, 0.3582
0.8610, 0.3582
0.8610, 0.3582
0.8610, 0.3582
0.8610, 0.3582
0.8655, 0.3582
0.8655, 0.3582
0.8655, 0.3582
0.8655, 0.3582
0.8655, 0.3582
0.8655, 0.3582
0.8700, 0.3582
0.8700, 0.3582
0.8700, 0.3582
0.8700, 0.3582
0.8700, 0.3582
0.8700, 0.3582
0.8700, 0.3582
0.8700, 0.3582
0.8700, 0.3582
0.8700, 0.3582
0.8700, 0.3582
0.8700, 0.3582
0.8744, 0.3582
0.8744, 0.3582
0.8744, 0.3582
0.8744, 0.3582
0.8744, 0.3582
0.8744, 0.3582
0.8744, 0.3582
0.8789, 0.3582
0.8789, 0.3582
0.8834, 0.3582
0.8834, 0.3582
0.8834, 0.3582
0.8834, 0.3582
0.8834, 0.3582
0.8834, 0.3582
0.8834, 0.3582
0.8834, 0.3582
0.8834, 0.3582
0.8834, 0.3582
0.8879, 0.3582
0.8879, 0.3582
0.8879, 0.3582
0.8924, 0.3582
0.8924, 0.3582
0.8924, 0.3582
0.8924, 0.3582
0.8924, 0.3582
0.8924, 0.3582
0.8924, 0.3582
0.8924, 0.3582
0.8924, 0.3582
0.8969, 0.3582
0.8969, 0.3582
0.8969, 0.3582
0.8969, 0.3582
0.8969, 0.3582
0.8969, 0.3582
0.9013, 0.3582
0.9013, 0.3582
0.9013, 0.3582
0.9013, 0.3582
0.9013, 0.3582
0.9013, 0.3582
0.9058, 0.3582
0.9058, 0.3582
0.9058, 0.3582
0.9058, 0.3582
0.9058, 0.3582
0.9058, 0.3582
0.9058, 0.3582
0.9058, 0.3582
0.9058, 0.3582
0.9058, 0.3582
0.9058, 0.3582
0.9058, 0.3582
0.9058, 0.3582
0.9058, 0.3582
0.9058, 0.3582
0.9058, 0.3582
0.9103, 0.3582
0.9103, 0.3582
0.9103, 0.3582
0.9103, 0.3582
0.9103, 0.3582
0.9103, 0.3582
0.9148, 0.3582
0.9148, 0.3582
0.9148, 0.3582
0.9148, 0.3582
0.9148, 0.3582
0.9148, 0.3582
0.9148, 0.3582
0.9148, 0.3582
0.9148, 0.3582
0.9193, 0.3582
0.9193, 0.3582
0.9193, 0.3582
0.9238, 0.3582
0.9238, 0.3582
0.9238, 0.3582
0.9238, 0.3582
0.9238, 0.3582
0.9238, 0.3582
0.9283, 0.3582
0.9283, 0.3582
0.9283, 0.3582
0.9283, 0.3582
0.9283, 0.3582
0.9283, 0.3582
0.9372, 0.3582
0.9372, 0.3582
0.9372, 0.3582
0.9417, 0.3582
0.9417, 0.3582
0.9417, 0.3582
0.9417, 0.3582
0.9417, 0.3582
0.9417, 0.3582
0.9462, 0.3582
0.9462, 0.3582
0.9462, 0.3582
0.9507, 0.3582
0.9507, 0.3582
0.9507, 0.3582
0.9507, 0.3582
0.9507, 0.3582
0.9507, 0.3582
0.9507, 0.3582
0.9507, 0.3582
0.9507, 0.3582
0.9552, 0.3582
0.9552, 0.3582
0.9552, 0.3582
0.9596, 0.3582
0.9596, 0.3582
0.9596, 0.3582
0.9596, 0.3582
0.9596, 0.3582
0.9596, 0.3582
0.9596, 0.3582
0.9596, 0.3582
0.9596, 0.3582
0.9596, 0.3582
0.9596, 0.3582
0.9596, 0.3582
0.9641, 0.3582
0.9641, 0.3582
0.9641, 0.3582
0.9641, 0.3582
0.9641, 0.3582
0.9641, 0.3582
0.9686, 0.3582
0.9686, 0.3582
0.9686, 0.3582
0.9686, 0.3582
0.9686, 0.3582
0.9686, 0.3582
0.9731, 0.3582
0.9731, 0.3582
0.9731, 0.3582
0.9731, 0.3582
0.9731, 0.3582
0.9731, 0.3582
0.9776, 0.3582
0.9776, 0.3582
0.9776, 0.3582
0.9821, 0.3582
0.9821, 0.3582
0.9821, 0.3582
0.9821, 0.3582
0.9821, 0.3582
0.9821, 0.3582
0.9821, 0.3582
0.9821, 0.3582
0.9821, 0.3582
0.9865, 0.3582
0.9865, 0.3582
0.9865, 0.3582
0.9865, 0.3582
0.9865, 0.3582
0.9865, 0.3582
0.9865, 0.3582
0.9865, 0.3582
0.9865, 0.3582
0.9865, 0.3582
0.9865, 0.3582
0.9865, 0.3582
0.9865, 0.3582
0.9865, 0.3582
0.9865, 0.3582
0.9865, 0.3582
0.9865, 0.3582
0.9865, 0.3582
0.9865, 0.3582
0.9910, 0.3582
0.9910, 0.3582
0.9910, 0.3582
0.9910, 0.3582
0.9910, 0.3582
0.9910, 0.3582
0.9910, 0.3582
0.9910, 0.3582
0.9910, 0.3582
0.9910, 0.3582
0.9910, 0.3582
0.9910, 0.3582
0.9910, 0.3582
0.9910, 0.3582
0.9910, 0.3582
0.9910, 0.3582
0.9910, 0.3582
0.9910, 0.3582
0.9910, 0.3582
0.9910, 0.3582
0.9910, 0.3582
0.9910, 0.3582
0.9910, 0.3582
0.9910, 0.3582
0.9910, 0.3582
0.9910, 0.3582
0.9910, 0.3582
0.9910, 0.3582
0.9910, 0.3582
0.9910, 0.3582
0.9910, 0.3582
0.9910, 0.3582
0.9910, 0.3582
0.9910, 0.3582
0.9910, 0.3582
0.9910, 0.3582
0.9910, 0.3582
0.9910, 0.3582
0.9910, 0.3582
0.9910, 0.3582
0.9910, 0.3582
0.9910, 0.3582
0.9910, 0.3582
0.9910, 0.3582
0.9910, 0.3582
0.9910, 0.3582
0.9910, 0.3582
0.9910, 0.3582
0.9910, 0.3582
0.9910, 0.3582
0.9910, 0.3582
0.9910, 0.3582
0.9910, 0.3582
0.9910, 0.3582
0.9910, 0.3582
0.9910, 0.3582
0.9955, 0.3582
0.9955, 0.3582
0.9955, 0.3582
0.9955, 0.3582
0.9955, 0.3582
0.9955, 0.3582
0.9955, 0.3582
0.9955, 0.3582
0.9955, 0.3582
0.9955, 0.3582
0.9955, 0.3582
0.9955, 0.3582
0.9955, 0.3582
0.9955, 0.3582
0.9955, 0.3582
0.9955, 0.3582
0.9955, 0.3582
0.9955, 0.3582
0.9955, 0.3582
0.9955, 0.3582
0.9955, 0.3582
0.9955, 0.3582
0.9955, 0.3582
0.9955, 0.3582
0.9955, 0.3582
0.9955, 0.3582
0.9955, 0.3582
0.9955, 0.3582
0.9955, 0.3582
0.9955, 0.3582
0.9955, 0.3582
0.9955, 0.3582
0.9955, 0.3582
0.9955, 0.3582
0.9955, 0.3582
0.9955, 0.3582
0.9955, 0.3582
0.9955, 0.3582
1.0000, 0.3582
1.0000, 0.3582
1.0000, 0.3582
1.0000, 0.3582
1.0000, 0.3582
1.0000, 0.3582
1.0000, 0.3582
1.0000, 0.3582
1.0000, 0.3582
1.0000, 0.3582
1.0000, 0.3582
1.0000, 0.3582
1.0000, 0.3582
1.0000, 0.3582
1.0000, 0.3582
1.0000, 0.3582
1.0000, 0.3582
1.0000, 0.3582
1.0000, 0.3582
1.0000, 0.3582
1.0000, 0.3582
1.0000, 0.3582
1.0000, 0.3582
1.0000, 0.3582
1.0000, 0.3582
1.0000, 0.3582
1.0000, 0.3582
1.0000, 0.3582
1.0000, 0.3582
1.0000, 0.3582
1.0000, 0.3582
1.0000, 0.3582
1.0000, 0.3582
1.0000, 0.3582
1.0000, 0.3582
1.0000, 0.3582
1.0000, 0.3582
1.0000, 0.3582
1.0000, 0.3582
1.0000, 0.3582
1.0000, 0.3582
1.0000, 0.3582
1.0000, 0.3582
1.0000, 0.3582
1.0000, 0.3582
1.0000, 0.3582
1.0000, 0.3582
1.0000, 0.3582
1.0000, 0.3582
1.0000, 0.3582
1.0000, 0.3582
1.0000, 0.3582
1.0000, 0.3582
1.0000, 0.3582
1.0000, 0.3582
1.0000, 0.3582
1.0000, 0.3582
1.0000, 0.3582
1.0000, 0.3582
1.0000, 0.3582
0.1211, 0.2552
0.1211, 0.2552
0.1211, 0.2552
0.1211, 0.2552
0.1211, 0.2552
0.1211, 0.2552
0.1211, 0.2552
0.1211, 0.2552
0.1211, 0.2552
0.1211, 0.2552
0.1211, 0.2552
0.1211, 0.2552
0.1211, 0.2552
0.1211, 0.2552
0.1211, 0.2552
0.1211, 0.2552
0.1211, 0.2552
0.1211, 0.2552
0.1211, 0.2552
0.1211, 0.2552
0.1211, 0.2552
0.1211, 0.2552
0.1211, 0.2552
0.1211, 0.2552
0.1211, 0.2552
0.1211, 0.2552
0.1211, 0.2552
0.1211, 0.2552
0.1211, 0.2552
0.1211, 0.2552
0.1211, 0.2552
0.1211, 0.2552
0.1211, 0.2552
0.1211, 0.2552
0.1211, 0.2552
0.1211, 0.2552
0.1211, 0.2552
0.1211, 0.2552
0.1211, 0.2552
0.1211, 0.2552
0.1211, 0.2552
0.1211, 0.2552
0.1211, 0.2552
0.1211, 0.2552
0.1211, 0.2552
0.1211, 0.2552
0.1211, 0.2552
0.1211, 0.2552
0.1211, 0.2552
0.1211, 0.2552
0.1211, 0.2552
0.1211, 0.2552
0.1211, 0.2552
0.1211, 0.2552
0.1211, 0.2552
0.1211, 0.2552
0.1211, 0.2552
0.1211, 0.2552
0.1211, 0.2552
0.1211, 0.2552
0.1211, 0.2552
0.1211, 0.2552
0.1211, 0.2552
0.1211, 0.2552
0.1211, 0.2526
0.1211, 0.2526
0.1211, 0.2526
0.1211, 0.2526
0.1211, 0.2526
0.1211, 0.2526
0.1211, 0.2526
0.1211, 0.2526
0.1211, 0.2526
0.1211, 0.2526
0.1211, 0.2526
0.1211, 0.2526
0.1211, 0.2526
0.1211, 0.2526
0.1211, 0.2526
0.1211, 0.2526
0.1211, 0.2526
0.1211, 0.2526
0.1211, 0.2500
0.1211, 0.2500
0.1211, 0.2500
0.1211, 0.2500
0.1211, 0.2500
0.1211, 0.2500
0.1211, 0.2500
0.1211, 0.2500
0.1211, 0.2500
0.1211, 0.2500
0.1211, 0.2500
0.1211, 0.2500
0.1211, 0.2500
0.1211, 0.2500
0.1211, 0.2500
0.1211, 0.2500
0.1211, 0.2500
0.1211, 0.2500
0.1211, 0.2500
0.1211, 0.2500
0.1211, 0.2500
0.1211, 0.2500
0.1211, 0.2500
0.1211, 0.2500
0.1211, 0.2500
0.1211, 0.2500
0.1211, 0.2500
0.1211, 0.2500
0.1211, 0.2500
0.1211, 0.2500
0.1211, 0.2500
0.1211, 0.2500
0.1211, 0.2500
0.1211, 0.2500
0.1211, 0.2500
0.1211, 0.2474
0.1211, 0.2474
0.1211, 0.2474
0.1211, 0.2474
0.1211, 0.2474
0.1211, 0.2474
0.1211, 0.2474
0.1211, 0.2474
0.1211, 0.2474
0.1211, 0.2474
0.1211, 0.2474
0.1211, 0.2474
0.1211, 0.2474
0.1211, 0.2474
0.1211, 0.2448
0.1211, 0.2448
0.1211, 0.2448
0.1211, 0.2448
0.1211, 0.2448
0.1211, 0.2448
0.1211, 0.2448
0.1211, 0.2448
0.1211, 0.2448
0.1211, 0.2448
0.1211, 0.2448
0.1211, 0.2448
0.1211, 0.2448
0.1211, 0.2423
0.1211, 0.2423
0.1211, 0.2423
0.1211, 0.2423
0.1211, 0.2423
0.1211, 0.2423
0.1211, 0.2423
0.1211, 0.2423
0.1211, 0.2423
0.1211, 0.2423
0.1211, 0.2423
0.1211, 0.2423
0.1211, 0.2423
0.1211, 0.2423
0.1211, 0.2423
0.1211, 0.2423
0.1211, 0.2423
0.1211, 0.2397
0.1211, 0.2397
0.1211, 0.2397
0.1211, 0.2397
0.1211, 0.2397
0.1211, 0.2397
0.1211, 0.2397
0.1211, 0.2397
0.1211, 0.2371
0.1211, 0.2371
0.1211, 0.2371
0.1211, 0.2371
0.1211, 0.2371
0.1211, 0.2371
0.1211, 0.2371
0.1211, 0.2371
0.1211, 0.2371
0.1211, 0.2371
0.1211, 0.2371
0.1211, 0.2371
0.1211, 0.2371
0.1211, 0.2371
0.1211, 0.2371
0.1211, 0.2371
0.1211, 0.2371
0.1211, 0.2371
0.1211, 0.2371
0.1211, 0.2371
0.1211, 0.2371
0.1166, 0.2345
0.1166, 0.2345
0.1166, 0.2345
0.1166, 0.2345
0.1166, 0.2345
0.1166, 0.2345
0.1166, 0.2345
0.1166, 0.2345
0.1166, 0.2345
0.1166, 0.2320
0.1166, 0.2320
0.1166, 0.2320
0.1166, 0.2320
0.1166, 0.2320
0.1166, 0.2320
0.1166, 0.2320
0.1166, 0.2320
0.1166, 0.2294
0.1166, 0.2294
0.1166, 0.2294
0.1166, 0.2294
0.1166, 0.2294
0.1166, 0.2294
0.1166, 0.2294
0.1166, 0.2294
0.1166, 0.2294
0.1166, 0.2294
0.1166, 0.2294
0.1166, 0.2294
0.1166, 0.2294
0.1166, 0.2294
0.1166, 0.2294
0.1166, 0.2294
0.1166, 0.2294
0.1166, 0.2294
0.1166, 0.2294
0.1166, 0.2294
0.1121, 0.2294
0.1121, 0.2294
0.1121, 0.2294
0.1121, 0.2294
0.1121, 0.2294
0.1121, 0.2294
0.1121, 0.2294
0.1121, 0.2294
0.1121, 0.2294
0.1121, 0.2268
0.1121, 0.2268
0.1121, 0.2268
0.1121, 0.2268
0.1121, 0.2268
0.1121, 0.2268
0.1121, 0.2268
0.1121, 0.2268
0.1121, 0.2242
0.1121, 0.2242
0.1121, 0.2242
0.1121, 0.2242
0.1121, 0.2242
0.1121, 0.2242
0.1121, 0.2242
0.1121, 0.2242
0.1121, 0.2242
0.1121, 0.2242
0.1121, 0.2242
0.1121, 0.2242
0.1121, 0.2242
0.1121, 0.2242
0.1121, 0.2242
0.1121, 0.2242
0.1121, 0.2242
0.1121, 0.2242
0.1121, 0.2242
0.1121, 0.2242
0.1076, 0.2242
0.1076, 0.2242
0.1076, 0.2242
0.1076, 0.2242
0.1076, 0.2242
0.1076, 0.2242
0.1076, 0.2242
0.1076, 0.2242
0.1076, 0.2242
0.1076, 0.2216
0.1076, 0.2216
0.1076, 0.2216
0.1076, 0.2216
0.1076, 0.2216
0.1076, 0.2216
0.1076, 0.2216
0.1076, 0.2216
0.1076, 0.2216
0.1076, 0.2216
0.1076, 0.2216
0.1076, 0.2216
0.1076, 0.2216
0.1076, 0.2216
0.1076, 0.2216
0.1076, 0.2216
0.1076, 0.2216
0.1076, 0.2191
0.1076, 0.2191
0.1076, 0.2191
0.1076, 0.2191
0.1076, 0.2191
0.1076, 0.2191
0.1076, 0.2191
0.1076, 0.2191
0.1076, 0.2191
0.1076, 0.2191
0.1076, 0.2191
0.1076, 0.2191
0.1076, 0.2191
0.1076, 0.2191
0.1076, 0.2191
0.1076, 0.2191
0.1076, 0.2191
0.1076, 0.2191
0.1076, 0.2191
0.1076, 0.2191
0.1076, 0.2191
0.1076, 0.2191
0.1076, 0.2191
0.1076, 0.2191
0.1076, 0.2191
0.1076, 0.2191
0.1076, 0.2191
0.1076, 0.2191
0.1076, 0.2191
0.1076, 0.2165
0.1076, 0.2165
0.1076, 0.2165
0.1076, 0.2165
0.1076, 0.2165
0.1076, 0.2165
0.1076, 0.2165
0.1076, 0.2165
0.1076, 0.2139
0.1076, 0.2139
0.1076, 0.2139
0.1076, 0.2139
0.1076, 0.2139
0.1076, 0.2139
0.1076, 0.2139
0.1076, 0.2139
0.1076, 0.2139
0.1076, 0.2139
0.1076, 0.2139
0.1076, 0.2139
0.1076, 0.2139
0.1076, 0.2113
0.1076, 0.2113
0.1076, 0.2113
0.1076, 0.2113
0.1076, 0.2113
0.1076, 0.2113
0.1076, 0.2113
0.1076, 0.2113
0.1076, 0.2113
0.1076, 0.2113
0.1076, 0.2113
0.1076, 0.2113
0.1076, 0.2113
0.1076, 0.2113
0.1076, 0.2113
0.1076, 0.2113
0.1076, 0.2113
0.1076, 0.2113
0.1076, 0.2113
0.1076, 0.2113
0.1076, 0.2113
0.1076, 0.2113
0.1076, 0.2113
0.1076, 0.2113
0.1076, 0.2113
0.1076, 0.2113
0.1076, 0.2113
0.1076, 0.2113
0.1076, 0.2088
0.1076, 0.2088
0.1076, 0.2088
0.1076, 0.2088
0.1076, 0.2088
0.1076, 0.2088
0.1076, 0.2088
0.1076, 0.2088
0.1076, 0.2088
0.1076, 0.2088
0.1076, 0.2088
0.1076, 0.2088
0.1076, 0.2088
0.1076, 0.2088
0.1076, 0.2088
0.1076, 0.2088
0.1076, 0.2062
0.1076, 0.2062
0.1076, 0.2062
0.1076, 0.2062
0.1076, 0.2062
0.1076, 0.2062
0.1076, 0.2062
0.1076, 0.2062
0.1076, 0.2062
0.1076, 0.2062
0.1076, 0.2062
0.1076, 0.2062
0.1076, 0.2062
0.1076, 0.2062
0.1076, 0.2062
0.1076, 0.2062
0.1076, 0.2062
0.1076, 0.2062
0.1076, 0.2062
0.1076, 0.2062
0.1076, 0.2062
0.1076, 0.2062
0.1076, 0.2062
0.1076, 0.2062
0.1076, 0.2036
0.1076, 0.2036
0.1076, 0.2036
0.1076, 0.2036
0.1076, 0.2036
0.1076, 0.2036
0.1076, 0.2036
0.1076, 0.2036
0.1076, 0.2036
0.1076, 0.2036
0.1076, 0.2036
0.1076, 0.2010
0.1076, 0.2010
0.1076, 0.2010
0.1076, 0.2010
0.1076, 0.2010
0.1076, 0.2010
0.1076, 0.2010
0.1076, 0.2010
0.1076, 0.2010
0.1076, 0.2010
0.1076, 0.2010
0.1076, 0.2010
0.1076, 0.2010
0.1076, 0.2010
0.1076, 0.2010
0.1076, 0.2010
0.1076, 0.2010
0.1076, 0.2010
0.1076, 0.2010
0.1076, 0.1985
0.1076, 0.1985
0.1076, 0.1985
0.1076, 0.1985
0.1076, 0.1985
0.1076, 0.1985
0.1076, 0.1985
0.1076, 0.1985
0.1076, 0.1985
0.1076, 0.1985
0.1076, 0.1985
0.1076, 0.1985
0.1076, 0.1985
0.1076, 0.1985
0.1076, 0.1985
0.1076, 0.1985
0.1076, 0.1985
0.1076, 0.1985
0.1076, 0.1985
0.1076, 0.1985
0.1076, 0.1985
0.1076, 0.1985
0.1076, 0.1985
0.1076, 0.1985
0.1076, 0.1959
0.1076, 0.1959
0.1076, 0.1959
0.1121, 0.1959
0.1121, 0.1959
0.1121, 0.1959
0.1121, 0.1959
0.1121, 0.1959
0.1121, 0.1959
0.1121, 0.1933
0.1121, 0.1933
0.1121, 0.1933
0.1121, 0.1933
0.1121, 0.1933
0.1121, 0.1933
0.1121, 0.1933
0.1121, 0.1933
0.1121, 0.1933
0.1121, 0.1933
0.1121, 0.1933
0.1121, 0.1933
0.1166, 0.1933
0.1166, 0.1933
0.1166, 0.1933
0.1166, 0.1933
0.1166, 0.1933
0.1166, 0.1933
0.1166, 0.1933
0.1166, 0.1933
0.1166, 0.1933
0.1166, 0.1933
0.1166, 0.1933
0.1166, 0.1933
0.1166, 0.1933
0.1166, 0.1933
0.1166, 0.1933
0.1166, 0.1933
0.1166, 0.1933
0.1166, 0.1933
0.1166, 0.1933
0.1166, 0.1933
0.1166, 0.1933
0.1166, 0.1933
0.1166, 0.1933
0.1166, 0.1933
0.1166, 0.1933
0.1166, 0.1907
0.1166, 0.1907
0.1166, 0.1907
0.1166, 0.1907
0.1166, 0.1907
0.1166, 0.1907
0.1211, 0.1907
0.1211, 0.1907
0.1211, 0.1907
0.1211, 0.1907
0.1211, 0.1907
0.1211, 0.1907
0.1211, 0.1907
0.1211, 0.1907
0.1211, 0.1907
0.1211, 0.1907
0.1211, 0.1907
0.1211, 0.1907
0.1211, 0.1907
0.1211, 0.1907
0.1211, 0.1907
0.1211, 0.1907
0.1256, 0.1907
0.1256, 0.1907
0.1256, 0.1907
0.1256, 0.1907
0.1256, 0.1907
0.1256, 0.1907
0.1256, 0.1907
0.1256, 0.1907
0.1256, 0.1907
0.1256, 0.1881
0.1256, 0.1881
0.1256, 0.1881
0.1256, 0.1881
0.1256, 0.1881
0.1256, 0.1881
0.1256, 0.1881
0.1256, 0.1881
0.1256, 0.1881
0.1300, 0.1881
0.1300, 0.1881
0.1300, 0.1881
0.1300, 0.1881
0.1300, 0.1881
0.1300, 0.1881
0.1300, 0.1881
0.1300, 0.1881
0.1300, 0.1881
0.1345, 0.1856
0.1345, 0.1856
0.1345, 0.1856
0.1345, 0.1856
0.1345, 0.1856
0.1345, 0.1856
0.1345, 0.1856
0.1345, 0.1856
0.1345, 0.1856
0.1390, 0.1856
0.1390, 0.1856
0.1390, 0.1856
0.1390, 0.1856
0.1390, 0.1856
0.1390, 0.1856
0.1390, 0.1856
0.1390, 0.1856
0.1390, 0.1856
0.1390, 0.1856
0.1390, 0.1856
0.1390, 0.1856
0.1390, 0.1856
0.1390, 0.1856
0.1390, 0.1856
0.1435, 0.1856
0.1435, 0.1856
0.1435, 0.1856
0.1435, 0.1856
0.1435, 0.1856
0.1435, 0.1856
0.1435, 0.1856
0.1435, 0.1856
0.1435, 0.1856
0.1480, 0.1830
0.1480, 0.1830
0.1480, 0.1830
0.1480, 0.1830
0.1480, 0.1830
0.1480, 0.1830
0.1480, 0.1830
0.1480, 0.1830
0.1480, 0.1830
0.1480, 0.1830
0.1480, 0.1830
0.1480, 0.1830
0.1480, 0.1830
0.1480, 0.1830
0.1480, 0.1830
0.1480, 0.1830
0.1480, 0.1830
0.1480, 0.1830
0.1480, 0.1830
0.1480, 0.1830
0.1480, 0.1830
0.1525, 0.1830
0.1525, 0.1830
0.1525, 0.1830
0.1525, 0.1804
0.1525, 0.1804
0.1525, 0.1804
0.1525, 0.1804
0.1525, 0.1804
0.1525, 0.1804
0.1525, 0.1804
0.1525, 0.1804
0.1525, 0.1804
0.1570, 0.1804
0.1570, 0.1804
0.1570, 0.1804
0.1570, 0.1804
0.1570, 0.1804
0.1570, 0.1804
0.1614, 0.1804
0.1614, 0.1804
0.1614, 0.1804
0.1614, 0.1804
0.1614, 0.1804
0.1614, 0.1804
0.1614, 0.1804
0.1614, 0.1804
0.1614, 0.1804
0.1614, 0.1804
0.1614, 0.1804
0.1614, 0.1804
0.1614, 0.1804
0.1614, 0.1804
0.1614, 0.1804
0.1659, 0.1804
0.1659, 0.1804
0.1659, 0.1804
0.1659, 0.1804
0.1659, 0.1804
0.1704, 0.1804
0.1704, 0.1804
0.1704, 0.1804
0.1704, 0.1804
0.1704, 0.1804
0.1704, 0.1804
0.1704, 0.1804
0.1704, 0.1804
0.1704, 0.1804
0.1749, 0.1804
0.1749, 0.1804
0.1749, 0.1804
0.1749, 0.1804
0.1749, 0.1804
0.1749, 0.1804
0.1794, 0.1804
0.1794, 0.1804
0.1794, 0.1804
0.1794, 0.1804
0.1794, 0.1804
0.1794, 0.1804
0.1794, 0.1804
0.1794, 0.1804
0.1794, 0.1804
0.1839, 0.1804
0.1839, 0.1804
0.1839, 0.1804
0.1839, 0.1804
0.1839, 0.1804
0.1839, 0.1804
0.1839, 0.1804
0.1839, 0.1804
0.1839, 0.1804
0.1839, 0.1804
0.1839, 0.1804
0.1839, 0.1804
0.1839, 0.1804
0.1839, 0.1804
0.1839, 0.1804
0.1839, 0.1804
0.1839, 0.1804
0.1839, 0.1804
0.1883, 0.1804
0.1883, 0.1804
0.1883, 0.1804
0.1883, 0.1804
0.1883, 0.1804
0.1928, 0.1804
0.1928, 0.1804
0.1928, 0.1804
0.1928, 0.1804
0.1928, 0.1804
0.1928, 0.1804
0.1928, 0.1804
0.1928, 0.1804
0.1928, 0.1804
0.1973, 0.1804
0.1973, 0.1804
0.1973, 0.1804
0.1973, 0.1804
0.1973, 0.1804
0.1973, 0.1804
0.2018, 0.1804
0.2018, 0.1804
0.2018, 0.1804
0.2018, 0.1804
0.2018, 0.1804
0.2018, 0.1804
0.2018, 0.1804
0.2018, 0.1804
0.2063, 0.1804
0.2063, 0.1804
0.2063, 0.1804
0.2063, 0.1804
0.2063, 0.1804
0.2063, 0.1804
0.2063, 0.1804
0.2063, 0.1804
0.2063, 0.1804
0.2063, 0.1804
0.2063, 0.1804
0.2063, 0.1804
0.2108, 0.1804
0.2108, 0.1804
0.2108, 0.1804
0.2108, 0.1804
0.2108, 0.1804
0.2108, 0.1804
0.2152, 0.1804
0.2152, 0.1804
0.2152, 0.1804
0.2152, 0.1804
0.2152, 0.1804
0.2152, 0.1804
0.2152, 0.1804
0.2152, 0.1804
0.2197, 0.1804
0.2197, 0.1804
0.2197, 0.1804
0.2242, 0.1804
0.2242, 0.1804
0.2242, 0.1804
0.2242, 0.1804
0.2242, 0.1804
0.2242, 0.1804
0.2242, 0.1804
0.2242, 0.1804
0.2242, 0.1804
0.2242, 0.1804
0.2242, 0.1804
0.2242, 0.1804
0.2242, 0.1804
0.2242, 0.1804
0.2242, 0.1804
0.2242, 0.1804
0.2242, 0.1804
0.2242, 0.1804
0.2287, 0.1830
0.2287, 0.1830
0.2287, 0.1830
0.2287, 0.1830
0.2287, 0.1830
0.2287, 0.1830
0.2332, 0.1830
0.2332, 0.1830
0.2332, 0.1830
0.2332, 0.1830
0.2332, 0.1830
0.2332, 0.1830
0.2377, 0.1830
0.2377, 0.1830
0.2377, 0.1830
0.2377, 0.1830
0.2377, 0.1830
0.2377, 0.1830
0.2377, 0.1830
0.2377, 0.1830
0.2422, 0.1830
0.2422, 0.1830
0.2422, 0.1830
0.2422, 0.1830
0.2422, 0.1830
0.2422, 0.1830
0.2422, 0.1856
0.2422, 0.1856
0.2422, 0.1856
0.2466, 0.1856
0.2466, 0.1856
0.2466, 0.1856
0.2466, 0.1856
0.2466, 0.1856
0.2466, 0.1856
0.2466, 0.1856
0.2466, 0.1856
0.2466, 0.1856
0.2466, 0.1881
0.2466, 0.1881
0.2466, 0.1881
0.2511, 0.1881
0.2511, 0.1881
0.2556, 0.1907
0.2556, 0.1907
0.2556, 0.1907
0.2601, 0.1907
0.2601, 0.1907
0.2601, 0.1907
0.2601, 0.1907
0.2601, 0.1907
0.2601, 0.1907
0.2601, 0.1907
0.2601, 0.1907
0.2601, 0.1933
0.2601, 0.1933
0.2601, 0.1933
0.2601, 0.1933
0.2601, 0.1933
0.2646, 0.1933
0.2646, 0.1933
0.2646, 0.1933
0.2646, 0.1933
0.2646, 0.1933
0.2646, 0.1933
0.2691, 0.1959
0.2691, 0.1959
0.2691, 0.1959
0.2691, 0.1959
0.2691, 0.1959
0.2691, 0.1959
0.2691, 0.1959
0.2691, 0.1959
0.2691, 0.1959
0.2691, 0.1959
0.2691, 0.1959
0.2691, 0.1959
0.2691, 0.1959
0.2691, 0.1959
0.2735, 0.1959
0.2735, 0.1959
0.2735, 0.1959
0.2735, 0.1959
0.2735, 0.1959
0.2735, 0.1959
0.2735, 0.1959
0.2735, 0.1959
0.2780, 0.1985
0.2780, 0.1985
0.2780, 0.1985
0.2780, 0.1985
0.2780, 0.1985
0.2780, 0.1985
0.2780, 0.1985
0.2780, 0.1985
0.2780, 0.1985
0.2825, 0.1985
0.2825, 0.1985
0.2825, 0.2010
0.2825, 0.2010
0.2825, 0.2010
0.2825, 0.2010
0.2825, 0.2010
0.2825, 0.2010
0.2825, 0.2010
0.2825, 0.2010
0.2825, 0.2010
0.2825, 0.2010
0.2825, 0.2010
0.2825, 0.2010
0.2825, 0.2036
0.2825, 0.2036
0.2825, 0.2036
0.2825, 0.2036
0.2825, 0.2036
0.2825, 0.2036
0.2870, 0.2036
0.2870, 0.2036
0.2870, 0.2036
0.2870, 0.2036
0.2870, 0.2036
0.2915, 0.2036
0.2915, 0.2036
0.2915, 0.2036
0.2915, 0.2036
0.2915, 0.2036
0.2915, 0.2062
0.2915, 0.2062
0.2915, 0.2062
0.2915, 0.2062
0.2915, 0.2062
0.2960, 0.2062
0.2960, 0.2062
0.2960, 0.2062
0.2960, 0.2062
0.2960, 0.2062
0.2960, 0.2062
0.2960, 0.2062
0.2960, 0.2062
0.2960, 0.2062
0.2960, 0.2062
0.2960, 0.2062
0.2960, 0.2088
0.2960, 0.2088
0.2960, 0.2088
0.3004, 0.2088
0.3004, 0.2088
0.3004, 0.2088
0.3004, 0.2088
0.3004, 0.2088
0.3004, 0.2088
0.3004, 0.2088
0.3004, 0.2088
0.3004, 0.2088
0.3049, 0.2088
0.3049, 0.2088
0.3049, 0.2088
0.3049, 0.2088
0.3049, 0.2088
0.3049, 0.2088
0.3049, 0.2088
0.3049, 0.2113
0.3049, 0.2113
0.3049, 0.2113
0.3094, 0.2113
0.3094, 0.2113
0.3094, 0.2113
0.3094, 0.2113
0.3094, 0.2113
0.3094, 0.2113
0.3139, 0.2113
0.3139, 0.2113
0.3139, 0.2139
0.3139, 0.2139
0.3139, 0.2139
0.3139, 0.2139
0.3139, 0.2139
0.3139, 0.2139
0.3139, 0.2139
0.3139, 0.2139
0.3139, 0.2139
0.3139, 0.2139
0.3139, 0.2139
0.3139, 0.2139
0.3139, 0.2139
0.3139, 0.2139
0.3184, 0.2165
0.3184, 0.2165
0.3184, 0.2165
0.3184, 0.2165
0.3184, 0.2165
0.3184, 0.2165
0.3184, 0.2165
0.3184, 0.2165
0.3184, 0.2165
0.3184, 0.2165
0.3184, 0.2165
0.3229, 0.2165
0.3229, 0.2165
0.3229, 0.2165
0.3229, 0.2165
0.3229, 0.2165
0.3229, 0.2165
0.3229, 0.2165
0.3229, 0.2165
0.3274, 0.2165
0.3274, 0.2165
0.3274, 0.2165
0.3274, 0.2165
0.3274, 0.2165
0.3274, 0.2165
0.3274, 0.2165
0.3274, 0.2165
0.3274, 0.2165
0.3274, 0.2191
0.3274, 0.2191
0.3274, 0.2191
0.3318, 0.2191
0.3318, 0.2191
0.3318, 0.2191
0.3318, 0.2191
0.3318, 0.2191
0.3318, 0.2191
0.3318, 0.2191
0.3318, 0.2191
0.3318, 0.2191
0.3318, 0.2191
0.3363, 0.2191
0.3363, 0.2191
0.3363, 0.2191
0.3363, 0.2191
0.3363, 0.2191
0.3363, 0.2191
0.3363, 0.2191
0.3363, 0.2191
0.3363, 0.2191
0.3363, 0.2216
0.3363, 0.2216
0.3363, 0.2216
0.3363, 0.2216
0.3363, 0.2216
0.3408, 0.2216
0.3408, 0.2216
0.3408, 0.2216
0.3408, 0.2216
0.3408, 0.2216
0.3408, 0.2216
0.3453, 0.2216
0.3453, 0.2216
0.3453, 0.2216
0.3453, 0.2216
0.3453, 0.2216
0.3498, 0.2216
0.3498, 0.2216
0.3498, 0.2216
0.3498, 0.2242
0.3498, 0.2242
0.3498, 0.2242
0.3498, 0.2242
0.3498, 0.2242
0.3543, 0.2242
0.3543, 0.2242
0.3543, 0.2242
0.3543, 0.2242
0.3543, 0.2242
0.3587, 0.2268
0.3587, 0.2268
0.3587, 0.2268
0.3587, 0.2268
0.3587, 0.2268
0.3587, 0.2268
0.3587, 0.2268
0.3587, 0.2268
0.3632, 0.2268
0.3632, 0.2268
0.3632, 0.2268
0.3632, 0.2268
0.3632, 0.2268
0.3632, 0.2268
0.3632, 0.2268
0.3632, 0.2268
0.3677, 0.2268
0.3677, 0.2268
0.3677, 0.2268
0.3677, 0.2268
0.3677, 0.2268
0.3677, 0.2268
0.3677, 0.2268
0.3677, 0.2268
0.3677, 0.2268
0.3677, 0.2268
0.3677, 0.2268
0.3677, 0.2268
0.3677, 0.2268
0.3677, 0.2268
0.3677, 0.2268
0.3677, 0.2268
0.3722, 0.2268
0.3722, 0.2268
0.3722, 0.2294
0.3722, 0.2294
0.3722, 0.2294
0.3722, 0.2294
0.3722, 0.2294
0.3722, 0.2294
0.3722, 0.2294
0.3722, 0.2294
0.3722, 0.2294
0.3722, 0.2294
0.3722, 0.2294
0.3722, 0.2294
0.3722, 0.2294
0.3722, 0.2294
0.3722, 0.2294
0.3722, 0.2294
0.3722, 0.2294
0.3722, 0.2294
0.3722, 0.2294
0.3722, 0.2294
0.3722, 0.2294
0.3722, 0.2294
0.3722, 0.2294
0.3722, 0.2294
0.3722, 0.2294
0.3722, 0.2294
0.3722, 0.2294
0.3722, 0.2294
0.3722, 0.2294
0.3722, 0.2294
0.3722, 0.2294
0.3722, 0.2294
0.3722, 0.2294
0.3722, 0.2294
0.3722, 0.2294
0.3722, 0.2294
0.3722, 0.2294
0.3722, 0.2294
0.3722, 0.2294
0.3722, 0.2294
0.3722, 0.2294
0.3722, 0.2294
0.3722, 0.2294
0.3722, 0.2294
0.3722, 0.2294
0.3722, 0.2294
0.3722, 0.2294
0.3722, 0.2294
0.3722, 0.2294
0.3722, 0.2294
0.3722, 0.2294
0.3722, 0.2294
0.3722, 0.2294
0.3722, 0.2294
0.3722, 0.2294
0.3722, 0.2294
0.3722, 0.2294
0.3722, 0.2294
0.0000, 1.0000
0.0000, 1.0000
0.0000, 1.0000
0.0000, 1.0000
0.0000, 1.0000
0.0000, 1.0000
0.0000, 1.0000
0.0000, 1.0000
0.0000, 1.0000
0.0000, 1.0000
0.0000, 1.0000
0.0000, 1.0000
0.0000, 1.0000
0.0000, 1.0000
0.0000, 1.0000
0.0000, 1.0000
0.0000, 1.0000
0.0000, 1.0000
0.0000, 1.0000
0.0000, 1.0000
0.0000, 1.0000
0.0000, 1.0000
0.0000, 1.0000
0.0000, 1.0000
0.0000, 1.0000
0.0000, 1.0000
0.0000, 1.0000
0.0000, 1.0000
0.0000, 1.0000
0.0000, 1.0000
0.0000, 1.0000
0.0000, 1.0000
0.0000, 1.0000
0.0000, 1.0000
0.0000, 1.0000
0.0000, 1.0000
0.0000, 1.0000
0.0000, 1.0000
0.0000, 1.0000
0.0000, 1.0000
0.0000, 1.0000
0.0000, 1.0000
0.0000, 1.0000
0.0000, 1.0000
0.0000, 1.0000
