0.1973, 0.0000
0.1973, 0.0000
0.1973, 0.0000
0.1973, 0.0000
0.1973, 0.0026
0.1973, 0.0026
0.1973, 0.0026
0.1973, 0.0026
0.1973, 0.0026
0.1973, 0.0026
0.1973, 0.0026
0.1973, 0.0026
0.1973, 0.0026
0.1973, 0.0052
0.1973, 0.0052
0.1973, 0.0052
0.1973, 0.0052
0.1973, 0.0052
0.1973, 0.0052
0.1973, 0.0052
0.1973, 0.0052
0.1973, 0.0052
0.1973, 0.0052
0.1973, 0.0078
0.1973, 0.0078
0.1973, 0.0078
0.1973, 0.0078
0.1973, 0.0103
0.1973, 0.0103
0.1973, 0.0103
0.1973, 0.0103
0.1973, 0.0103
0.1973, 0.0103
0.1973, 0.0103
0.1973, 0.0103
0.2018, 0.0103
0.2018, 0.0103
0.2018, 0.0103
0.2018, 0.0103
0.2018, 0.0129
0.2018, 0.0129
0.2018, 0.0129
0.2018, 0.0129
0.2018, 0.0129
0.2018, 0.0129
0.2018, 0.0129
0.2018, 0.0129
0.2018, 0.0129
0.2018, 0.0155
0.2018, 0.0155
0.2018, 0.0155
0.2018, 0.0155
0.2018, 0.0155
0.2018, 0.0155
0.2018, 0.0155
0.2018, 0.0155
0.2018, 0.0155
0.2018, 0.0155
0.2018, 0.0155
0.2018, 0.0155
0.2018, 0.0155
0.2018, 0.0155
0.2063, 0.0155
0.2063, 0.0155
0.2063, 0.0155
0.2063, 0.0155
0.2063, 0.0181
0.2063, 0.0181
0.2063, 0.0181
0.2063, 0.0181
0.2063, 0.0181
0.2063, 0.0181
0.2063, 0.0181
0.2063, 0.0181
0.2063, 0.0181
0.2063, 0.0181
0.2063, 0.0181
0.2063, 0.0181
0.2063, 0.0181
0.2063, 0.0207
0.2063, 0.0207
0.2063, 0.0207
0.2063, 0.0207
0.2063, 0.0207
0.2063, 0.0207
0.2063, 0.0207
0.2063, 0.0207
0.2063, 0.0207
0.2063, 0.0233
0.2063, 0.0233
0.2063, 0.0233
0.2063, 0.0233
0.2063, 0.0233
0.2063, 0.0233
0.2063, 0.0233
0.2063, 0.0233
0.2063, 0.0233
0.2063, 0.0233
0.2063, 0.0233
0.2063, 0.0233
0.2063, 0.0233
0.2063, 0.0233
0.2063, 0.0258
0.2063, 0.0258
0.2063, 0.0258
0.2063, 0.0258
0.2108, 0.0284
0.2108, 0.0284
0.2108, 0.0284
0.2108, 0.0284
0.2108, 0.0284
0.2108, 0.0284
0.2108, 0.0284
0.2108, 0.0284
0.2108, 0.0310
0.2108, 0.0310
0.2108, 0.0310
0.2108, 0.0310
0.2108, 0.0310
0.2152, 0.0310
0.2152, 0.0310
0.2152, 0.0310
0.2152, 0.0310
0.2152, 0.0336
0.2152, 0.0336
0.2152, 0.0336
0.2152, 0.0336
0.2152, 0.0362
0.2152, 0.0362
0.2152, 0.0362
0.2152, 0.0362
0.2152, 0.0362
0.2152, 0.0362
0.2152, 0.0362
0.2152, 0.0362
0.2152, 0.0388
0.2152, 0.0388
0.2152, 0.0388
0.2152, 0.0388
0.2152, 0.0413
0.2152, 0.0413
0.2152, 0.0413
0.2152, 0.0413
0.2197, 0.0439
0.2197, 0.0439
0.2197, 0.0439
0.2197, 0.0439
0.2197, 0.0465
0.2197, 0.0465
0.2197, 0.0465
0.2197, 0.0465
0.2242, 0.0517
0.2242, 0.0517
0.2242, 0.0517
0.2242, 0.0517
0.2242, 0.0517
0.2242, 0.0517
0.2242, 0.0517
0.2242, 0.0517
0.2242, 0.0517
0.2242, 0.0543
0.2242, 0.0543
0.2242, 0.0543
0.2242, 0.0543
0.2242, 0.0568
0.2242, 0.0568
0.2242, 0.0568
0.2242, 0.0568
0.2287, 0.0594
0.2287, 0.0594
0.2287, 0.0594
0.2287, 0.0594
0.2287, 0.0594
0.2287, 0.0594
0.2287, 0.0594
0.2287, 0.0594
0.2287, 0.0594
0.2287, 0.0620
0.2287, 0.0620
0.2287, 0.0620
0.2287, 0.0620
0.2287, 0.0646
0.2287, 0.0646
0.2287, 0.0646
0.2287, 0.0646
0.2287, 0.0646
0.2287, 0.0646
0.2287, 0.0646
0.2287, 0.0646
0.2287, 0.0646
0.2287, 0.0672
0.2287, 0.0672
0.2287, 0.0672
0.2332, 0.0698
0.2332, 0.0698
0.2332, 0.0698
0.2332, 0.0698
0.2332, 0.0724
0.2332, 0.0724
0.2332, 0.0724
0.2332, 0.0724
0.2377, 0.0749
0.2377, 0.0749
0.2377, 0.0749
0.2377, 0.0749
0.2377, 0.0775
0.2377, 0.0775
0.2377, 0.0775
0.2377, 0.0775
0.2377, 0.0775
0.2377, 0.0775
0.2377, 0.0775
0.2377, 0.0775
0.2377, 0.0775
0.2377, 0.0801
0.2377, 0.0801
0.2377, 0.0801
0.2377, 0.0801
0.2377, 0.0827
0.2377, 0.0827
0.2377, 0.0827
0.2377, 0.0827
0.2377, 0.0827
0.2377, 0.0827
0.2377, 0.0827
0.2377, 0.0827
0.2377, 0.0853
0.2377, 0.0853
0.2422, 0.0853
0.2422, 0.0853
0.2422, 0.0853
0.2422, 0.0879
0.2422, 0.0904
0.2466, 0.0904
0.2466, 0.0904
0.2466, 0.0930
0.2466, 0.0956
0.2511, 0.0982
0.2511, 0.0982
0.2511, 0.0982
0.2511, 0.1034
0.2511, 0.1034
0.2511, 0.1034
0.2511, 0.1059
0.2511, 0.1059
0.2511, 0.1059
0.2511, 0.1059
0.2556, 0.1059
0.2556, 0.1059
0.2556, 0.1059
0.2556, 0.1085
0.2556, 0.1085
0.2556, 0.1085
0.2556, 0.1085
0.2556, 0.1085
0.2601, 0.1111
0.2601, 0.1111
0.2601, 0.1111
0.2601, 0.1111
0.2601, 0.1111
0.2601, 0.1111
0.2601, 0.1137
0.2601, 0.1137
0.2601, 0.1137
0.2601, 0.1137
0.2646, 0.1137
0.2646, 0.1137
0.2646, 0.1137
0.2646, 0.1137
0.2646, 0.1163
0.2646, 0.1163
0.2646, 0.1163
0.2646, 0.1163
0.2646, 0.1163
0.2646, 0.1163
0.2646, 0.1163
0.2646, 0.1163
0.2646, 0.1189
0.2646, 0.1189
0.2646, 0.1189
0.2646, 0.1189
0.2646, 0.1189
0.2646, 0.1189
0.2646, 0.1189
0.2646, 0.1189
0.2646, 0.1189
0.2646, 0.1189
0.2646, 0.1189
0.2646, 0.1189
0.2646, 0.1189
0.2646, 0.1214
0.2646, 0.1214
0.2646, 0.1214
0.2646, 0.1214
0.2691, 0.1240
0.2691, 0.1240
0.2691, 0.1240
0.2691, 0.1240
0.2691, 0.1240
0.2691, 0.1240
0.2691, 0.1240
0.2691, 0.1240
0.2691, 0.1266
0.2691, 0.1266
0.2691, 0.1266
0.2691, 0.1266
0.2735, 0.1266
0.2735, 0.1266
0.2735, 0.1266
0.2735, 0.1266
0.2735, 0.1292
0.2735, 0.1292
0.2735, 0.1292
0.2735, 0.1318
0.2735, 0.1318
0.2735, 0.1318
0.2735, 0.1318
0.2735, 0.1318
0.2735, 0.1318
0.2735, 0.1318
0.2735, 0.1318
0.2735, 0.1318
0.2735, 0.1318
0.2735, 0.1318
0.2735, 0.1318
0.2735, 0.1318
0.2780, 0.1344
0.2780, 0.1344
0.2780, 0.1344
0.2780, 0.1344
0.2780, 0.1370
0.2780, 0.1370
0.2780, 0.1370
0.2780, 0.1370
0.2780, 0.1370
0.2780, 0.1370
0.2780, 0.1370
0.2780, 0.1370
0.2825, 0.1370
0.2825, 0.1370
0.2825, 0.1370
0.2825, 0.1370
0.2825, 0.1395
0.2825, 0.1395
0.2825, 0.1395
0.2825, 0.1395
0.2825, 0.1395
0.2825, 0.1395
0.2825, 0.1395
0.2825, 0.1395
0.2825, 0.1421
0.2825, 0.1421
0.2825, 0.1421
0.2825, 0.1421
0.2825, 0.1421
0.2825, 0.1421
0.2825, 0.1421
0.2825, 0.1447
0.2825, 0.1447
0.2825, 0.1447
0.2870, 0.1473
0.2870, 0.1473
0.2870, 0.1473
0.2870, 0.1473
0.2870, 0.1499
0.2870, 0.1499
0.2870, 0.1499
0.2915, 0.1499
0.2915, 0.1499
0.2915, 0.1499
0.2915, 0.1499
0.2915, 0.1499
0.2915, 0.1499
0.2915, 0.1499
0.2915, 0.1499
0.2915, 0.1499
0.2915, 0.1499
0.2915, 0.1499
0.2915, 0.1499
0.2960, 0.1525
0.2960, 0.1525
0.2960, 0.1525
0.2960, 0.1525
0.2960, 0.1525
0.2960, 0.1525
0.2960, 0.1525
0.2960, 0.1525
0.2960, 0.1550
0.2960, 0.1550
0.2960, 0.1550
0.2960, 0.1550
0.2960, 0.1550
0.2960, 0.1550
0.2960, 0.1550
0.2960, 0.1550
0.2960, 0.1550
0.2960, 0.1550
0.2960, 0.1550
0.2960, 0.1550
0.3004, 0.1576
0.3004, 0.1576
0.3004, 0.1576
0.3004, 0.1602
0.3004, 0.1602
0.3004, 0.1602
0.3004, 0.1602
0.3049, 0.1628
0.3049, 0.1628
0.3049, 0.1628
0.3049, 0.1628
0.3049, 0.1628
0.3049, 0.1628
0.3049, 0.1628
0.3049, 0.1628
0.3049, 0.1628
0.3049, 0.1628
0.3049, 0.1628
0.3049, 0.1628
0.3049, 0.1654
0.3049, 0.1654
0.3049, 0.1654
0.3049, 0.1654
0.3094, 0.1680
0.3094, 0.1680
0.3094, 0.1680
0.3094, 0.1680
0.3094, 0.1680
0.3094, 0.1680
0.3094, 0.1680
0.3094, 0.1680
0.3094, 0.1705
0.3094, 0.1705
0.3094, 0.1705
0.3094, 0.1705
0.3139, 0.1705
0.3139, 0.1705
0.3139, 0.1705
0.3139, 0.1731
0.3139, 0.1731
0.3139, 0.1731
0.3139, 0.1731
0.3184, 0.1757
0.3184, 0.1757
0.3184, 0.1757
0.3184, 0.1757
0.3184, 0.1757
0.3184, 0.1757
0.3184, 0.1757
0.3184, 0.1757
0.3184, 0.1757
0.3184, 0.1757
0.3184, 0.1757
0.3184, 0.1757
0.3184, 0.1783
0.3184, 0.1783
0.3184, 0.1783
0.3184, 0.1783
0.3184, 0.1783
0.3184, 0.1783
0.3184, 0.1783
0.3184, 0.1809
0.3184, 0.1809
0.3184, 0.1809
0.3184, 0.1809
0.3229, 0.1809
0.3229, 0.1809
0.3229, 0.1809
0.3229, 0.1809
0.3229, 0.1835
0.3229, 0.1835
0.3229, 0.1835
0.3229, 0.1835
0.3274, 0.1835
0.3274, 0.1835
0.3274, 0.1835
0.3274, 0.1860
0.3274, 0.1860
0.3274, 0.1860
0.3274, 0.1860
0.3274, 0.1860
0.3274, 0.1860
0.3274, 0.1860
0.3274, 0.1860
0.3274, 0.1886
0.3274, 0.1886
0.3274, 0.1886
0.3274, 0.1886
0.3274, 0.1886
0.3274, 0.1886
0.3274, 0.1886
0.3274, 0.1886
0.3274, 0.1886
0.3274, 0.1886
0.3274, 0.1886
0.3274, 0.1886
0.3274, 0.1886
0.3274, 0.1886
0.3274, 0.1886
0.3274, 0.1886
0.3318, 0.1912
0.3318, 0.1912
0.3318, 0.1912
0.3318, 0.1912
0.3318, 0.1912
0.3318, 0.1912
0.3318, 0.1912
0.3318, 0.1938
0.3318, 0.1938
0.3318, 0.1938
0.3318, 0.1938
0.3363, 0.1938
0.3363, 0.1938
0.3363, 0.1938
0.3363, 0.1938
0.3363, 0.1938
0.3363, 0.1938
0.3363, 0.1938
0.3363, 0.1938
0.3363, 0.1938
0.3363, 0.1938
0.3363, 0.1938
0.3363, 0.1938
0.3408, 0.1964
0.3408, 0.1964
0.3408, 0.1964
0.3408, 0.1964
0.3408, 0.1990
0.3408, 0.1990
0.3408, 0.1990
0.3408, 0.1990
0.3408, 0.1990
0.3408, 0.1990
0.3408, 0.1990
0.3408, 0.1990
0.3408, 0.2016
0.3408, 0.2016
0.3408, 0.2016
0.3408, 0.2016
0.3408, 0.2016
0.3408, 0.2016
0.3408, 0.2016
0.3408, 0.2016
0.3408, 0.2016
0.3408, 0.2016
0.3408, 0.2016
0.3408, 0.2016
0.3408, 0.2016
0.3408, 0.2016
0.3408, 0.2016
0.3408, 0.2016
0.3453, 0.2041
0.3453, 0.2041
0.3453, 0.2041
0.3453, 0.2067
0.3453, 0.2067
0.3453, 0.2067
0.3453, 0.2067
0.3453, 0.2067
0.3453, 0.2067
0.3453, 0.2067
0.3453, 0.2067
0.3498, 0.2067
0.3498, 0.2067
0.3498, 0.2067
0.3498, 0.2067
0.3498, 0.2067
0.3498, 0.2067
0.3498, 0.2067
0.3498, 0.2067
0.3498, 0.2093
0.3498, 0.2093
0.3498, 0.2093
0.3498, 0.2093
0.3498, 0.2093
0.3498, 0.2093
0.3498, 0.2093
0.3498, 0.2119
0.3498, 0.2119
0.3498, 0.2119
0.3498, 0.2119
0.3498, 0.2119
0.3498, 0.2119
0.3498, 0.2119
0.3498, 0.2119
0.3498, 0.2119
0.3498, 0.2119
0.3498, 0.2119
0.3498, 0.2145
0.3498, 0.2145
0.3498, 0.2145
0.3498, 0.2145
0.3543, 0.2145
0.3543, 0.2145
0.3543, 0.2145
0.3543, 0.2145
0.3543, 0.2145
0.3543, 0.2145
0.3543, 0.2145
0.3543, 0.2171
0.3543, 0.2171
0.3543, 0.2171
0.3587, 0.2171
0.3587, 0.2171
0.3587, 0.2171
0.3587, 0.2196
0.3587, 0.2196
0.3587, 0.2196
0.3587, 0.2196
0.3587, 0.2196
0.3587, 0.2196
0.3587, 0.2196
0.3587, 0.2196
0.3632, 0.2196
0.3632, 0.2196
0.3632, 0.2196
0.3632, 0.2196
0.3632, 0.2196
0.3632, 0.2196
0.3632, 0.2196
0.3632, 0.2222
0.3632, 0.2222
0.3632, 0.2222
0.3632, 0.2222
0.3632, 0.2222
0.3632, 0.2222
0.3632, 0.2222
0.3632, 0.2222
0.3632, 0.2248
0.3632, 0.2248
0.3632, 0.2248
0.3632, 0.2248
0.3632, 0.2248
0.3632, 0.2248
0.3632, 0.2248
0.3632, 0.2248
0.3632, 0.2248
0.3632, 0.2248
0.3632, 0.2248
0.3677, 0.2248
0.3677, 0.2248
0.3677, 0.2248
0.3677, 0.2248
0.3677, 0.2248
0.3677, 0.2248
0.3677, 0.2248
0.3677, 0.2248
0.3677, 0.2274
0.3677, 0.2274
0.3677, 0.2274
0.3722, 0.2274
0.3722, 0.2274
0.3722, 0.2274
0.3722, 0.2274
0.3722, 0.2300
0.3722, 0.2300
0.3722, 0.2300
0.3722, 0.2300
0.3722, 0.2300
0.3722, 0.2300
0.3722, 0.2300
0.3722, 0.2326
0.3722, 0.2326
0.3722, 0.2326
0.3722, 0.2326
0.3722, 0.2326
0.3722, 0.2326
0.3722, 0.2326
0.3722, 0.2326
0.3767, 0.2326
0.3767, 0.2326
0.3767, 0.2326
0.3767, 0.2326
0.3767, 0.2326
0.3767, 0.2326
0.3767, 0.2326
0.3812, 0.2351
0.3812, 0.2351
0.3812, 0.2351
0.3812, 0.2351
0.3812, 0.2351
0.3812, 0.2351
0.3812, 0.2351
0.3812, 0.2351
0.3812, 0.2351
0.3812, 0.2351
0.3812, 0.2351
0.3812, 0.2351
0.3857, 0.2377
0.3857, 0.2377
0.3857, 0.2377
0.3857, 0.2377
0.3857, 0.2377
0.3857, 0.2377
0.3857, 0.2377
0.3857, 0.2377
0.3857, 0.2377
0.3857, 0.2377
0.3857, 0.2377
0.3857, 0.2377
0.3857, 0.2377
0.3857, 0.2377
0.3857, 0.2377
0.3857, 0.2377
0.3857, 0.2377
0.3857, 0.2377
0.3857, 0.2377
0.3857, 0.2377
0.3857, 0.2377
0.3857, 0.2377
0.3857, 0.2377
0.3901, 0.2403
0.3901, 0.2403
0.3901, 0.2403
0.3901, 0.2429
0.3901, 0.2429
0.3901, 0.2429
0.3946, 0.2429
0.3946, 0.2429
0.3946, 0.2429
0.3946, 0.2429
0.3946, 0.2455
0.3946, 0.2455
0.3946, 0.2455
0.3946, 0.2455
0.3946, 0.2455
0.3946, 0.2455
0.3946, 0.2455
0.3991, 0.2455
0.3991, 0.2455
0.3991, 0.2455
0.3991, 0.2455
0.3991, 0.2455
0.3991, 0.2455
0.3991, 0.2455
0.4036, 0.2455
0.4036, 0.2455
0.4036, 0.2455
0.4036, 0.2455
0.4036, 0.2481
0.4036, 0.2481
0.4036, 0.2481
0.4036, 0.2481
0.4036, 0.2481
0.4036, 0.2481
0.4036, 0.2481
0.4081, 0.2481
0.4081, 0.2481
0.4081, 0.2481
0.4081, 0.2506
0.4081, 0.2506
0.4081, 0.2506
0.4081, 0.2506
0.4081, 0.2506
0.4081, 0.2506
0.4081, 0.2506
0.4126, 0.2506
0.4126, 0.2506
0.4126, 0.2506
0.4126, 0.2506
0.4126, 0.2506
0.4126, 0.2506
0.4126, 0.2506
0.4126, 0.2532
0.4126, 0.2532
0.4126, 0.2532
0.4126, 0.2532
0.4170, 0.2532
0.4170, 0.2532
0.4170, 0.2532
0.4170, 0.2532
0.4170, 0.2532
0.4170, 0.2532
0.4170, 0.2532
0.4170, 0.2558
0.4170, 0.2558
0.4170, 0.2558
0.4170, 0.2558
0.4170, 0.2558
0.4170, 0.2558
0.4170, 0.2558
0.4170, 0.2558
0.4170, 0.2558
0.4170, 0.2558
0.4170, 0.2558
0.4215, 0.2584
0.4215, 0.2584
0.4215, 0.2584
0.4215, 0.2584
0.4215, 0.2584
0.4215, 0.2584
0.4215, 0.2584
0.4260, 0.2584
0.4260, 0.2584
0.4260, 0.2584
0.4260, 0.2584
0.4260, 0.2584
0.4260, 0.2584
0.4260, 0.2584
0.4260, 0.2584
0.4260, 0.2584
0.4260, 0.2584
0.4260, 0.2584
0.4260, 0.2584
0.4260, 0.2584
0.4260, 0.2584
0.4260, 0.2584
0.4260, 0.2610
0.4260, 0.2610
0.4260, 0.2610
0.4260, 0.2610
0.4305, 0.2610
0.4305, 0.2610
0.4305, 0.2610
0.4305, 0.2610
0.4305, 0.2610
0.4305, 0.2610
0.4305, 0.2610
0.4350, 0.2636
0.4350, 0.2636
0.4350, 0.2636
0.4350, 0.2636
0.4350, 0.2636
0.4350, 0.2636
0.4350, 0.2636
0.4395, 0.2636
0.4395, 0.2636
0.4395, 0.2636
0.4395, 0.2636
0.4395, 0.2636
0.4395, 0.2636
0.4395, 0.2636
0.4395, 0.2636
0.4395, 0.2636
0.4395, 0.2636
0.4395, 0.2661
0.4395, 0.2661
0.4395, 0.2661
0.4439, 0.2661
0.4439, 0.2661
0.4439, 0.2661
0.4439, 0.2661
0.4439, 0.2661
0.4439, 0.2661
0.4439, 0.2661
0.4439, 0.2661
0.4439, 0.2661
0.4439, 0.2661
0.4439, 0.2661
0.4439, 0.2661
0.4484, 0.2687
0.4484, 0.2687
0.4484, 0.2687
0.4484, 0.2687
0.4484, 0.2687
0.4484, 0.2687
0.4484, 0.2687
0.4484, 0.2687
0.4484, 0.2687
0.4484, 0.2687
0.4484, 0.2687
0.4484, 0.2713
0.4484, 0.2713
0.4484, 0.2713
0.4529, 0.2713
0.4529, 0.2713
0.4529, 0.2713
0.4529, 0.2713
0.4574, 0.2713
0.4574, 0.2713
0.4574, 0.2713
0.4574, 0.2713
0.4574, 0.2713
0.4574, 0.2713
0.4619, 0.2713
0.4619, 0.2713
0.4619, 0.2713
0.4619, 0.2739
0.4619, 0.2739
0.4619, 0.2739
0.4619, 0.2739
0.4619, 0.2739
0.4619, 0.2739
0.4619, 0.2739
0.4619, 0.2739
0.4664, 0.2765
0.4664, 0.2765
0.4664, 0.2765
0.4664, 0.2765
0.4664, 0.2765
0.4664, 0.2765
0.4664, 0.2765
0.4709, 0.2765
0.4709, 0.2765
0.4709, 0.2765
0.4709, 0.2765
0.4709, 0.2765
0.4709, 0.2765
0.4709, 0.2765
0.4709, 0.2765
0.4709, 0.2765
0.4709, 0.2765
0.4709, 0.2765
0.4709, 0.2765
0.4709, 0.2765
0.4709, 0.2765
0.4709, 0.2765
0.4753, 0.2765
0.4753, 0.2765
0.4753, 0.2765
0.4753, 0.2765
0.4753, 0.2765
0.4753, 0.2765
0.4798, 0.2791
0.4798, 0.2791
0.4798, 0.2791
0.4798, 0.2791
0.4798, 0.2791
0.4798, 0.2791
0.4798, 0.2791
0.4843, 0.2791
0.4843, 0.2791
0.4843, 0.2791
0.4843, 0.2791
0.4843, 0.2817
0.4843, 0.2817
0.4843, 0.2817
0.4843, 0.2817
0.4843, 0.2817
0.4843, 0.2817
0.4843, 0.2817
0.4888, 0.2817
0.4888, 0.2817
0.4888, 0.2817
0.4888, 0.2842
0.4888, 0.2842
0.4888, 0.2842
0.4888, 0.2842
0.4933, 0.2842
0.4933, 0.2842
0.4933, 0.2842
0.4933, 0.2842
0.4933, 0.2842
0.4933, 0.2842
0.4933, 0.2842
0.4933, 0.2842
0.4933, 0.2842
0.4933, 0.2842
0.4933, 0.2842
0.4933, 0.2842
0.4933, 0.2842
0.4933, 0.2842
0.4933, 0.2842
0.4978, 0.2842
0.4978, 0.2842
0.4978, 0.2842
0.5022, 0.2868
0.5022, 0.2868
0.5022, 0.2868
0.5022, 0.2868
0.5022, 0.2868
0.5022, 0.2868
0.5022, 0.2868
0.5067, 0.2868
0.5067, 0.2868
0.5067, 0.2868
0.5067, 0.2894
0.5067, 0.2894
0.5067, 0.2894
0.5067, 0.2894
0.5067, 0.2894
0.5067, 0.2894
0.5067, 0.2894
0.5067, 0.2894
0.5067, 0.2894
0.5067, 0.2894
0.5112, 0.2894
0.5112, 0.2894
0.5112, 0.2894
0.5112, 0.2894
0.5112, 0.2894
0.5112, 0.2894
0.5112, 0.2894
0.5157, 0.2894
0.5157, 0.2894
0.5157, 0.2894
0.5157, 0.2894
0.5157, 0.2894
0.5157, 0.2894
0.5157, 0.2894
0.5157, 0.2920
0.5157, 0.2920
0.5157, 0.2920
0.5157, 0.2920
0.5157, 0.2920
0.5157, 0.2920
0.5157, 0.2920
0.5202, 0.2920
0.5202, 0.2920
0.5202, 0.2920
0.5202, 0.2946
0.5202, 0.2946
0.5202, 0.2946
0.5202, 0.2946
0.5202, 0.2946
0.5202, 0.2946
0.5202, 0.2946
0.5247, 0.2946
0.5247, 0.2946
0.5247, 0.2946
0.5247, 0.2972
0.5247, 0.2972
0.5247, 0.2972
0.5247, 0.2972
0.5291, 0.2972
0.5291, 0.2972
0.5291, 0.2972
0.5291, 0.2972
0.5291, 0.2972
0.5291, 0.2972
0.5291, 0.2972
0.5291, 0.2972
0.5291, 0.2972
0.5291, 0.2972
0.5291, 0.2972
0.5291, 0.2972
0.5291, 0.2972
0.5291, 0.2972
0.5336, 0.2972
0.5336, 0.2972
0.5336, 0.2972
0.5381, 0.2997
0.5381, 0.2997
0.5381, 0.2997
0.5381, 0.2997
0.5381, 0.2997
0.5381, 0.2997
0.5381, 0.2997
0.5381, 0.2997
0.5381, 0.2997
0.5381, 0.2997
0.5381, 0.3023
0.5381, 0.3023
0.5381, 0.3023
0.5426, 0.3023
0.5426, 0.3023
0.5426, 0.3023
0.5471, 0.3023
0.5471, 0.3023
0.5471, 0.3023
0.5516, 0.3023
0.5516, 0.3023
0.5516, 0.3023
0.5516, 0.3023
0.5516, 0.3023
0.5516, 0.3023
0.5516, 0.3023
0.5516, 0.3023
0.5516, 0.3023
0.5516, 0.3023
0.5516, 0.3049
0.5516, 0.3049
0.5516, 0.3049
0.5561, 0.3049
0.5561, 0.3049
0.5561, 0.3049
0.5605, 0.3049
0.5605, 0.3049
0.5605, 0.3049
0.5605, 0.3049
0.5605, 0.3075
0.5605, 0.3075
0.5605, 0.3075
0.5605, 0.3075
0.5605, 0.3075
0.5605, 0.3075
0.5650, 0.3075
0.5650, 0.3075
0.5650, 0.3075
0.5695, 0.3075
0.5695, 0.3075
0.5695, 0.3075
0.5695, 0.3075
0.5695, 0.3075
0.5695, 0.3075
0.5695, 0.3075
0.5695, 0.3075
0.5695, 0.3075
0.5695, 0.3075
0.5695, 0.3075
0.5740, 0.3075
0.5740, 0.3075
0.5740, 0.3075
0.5785, 0.3075
0.5785, 0.3075
0.5785, 0.3075
0.5830, 0.3101
0.5830, 0.3101
0.5830, 0.3101
0.5830, 0.3101
0.5830, 0.3101
0.5830, 0.3101
0.5830, 0.3101
0.5830, 0.3101
0.5830, 0.3101
0.5830, 0.3101
0.5874, 0.3101
0.5874, 0.3101
0.5874, 0.3101
0.5874, 0.3127
0.5874, 0.3127
0.5874, 0.3127
0.5919, 0.3127
0.5919, 0.3127
0.5919, 0.3127
0.5919, 0.3127
0.5919, 0.3127
0.5919, 0.3127
0.5919, 0.3127
0.5964, 0.3152
0.5964, 0.3152
0.5964, 0.3152
0.5964, 0.3152
0.6009, 0.3152
0.6009, 0.3152
0.6009, 0.3152
0.6009, 0.3152
0.6009, 0.3152
0.6009, 0.3152
0.6009, 0.3152
0.6054, 0.3152
0.6054, 0.3152
0.6054, 0.3152
0.6054, 0.3152
0.6054, 0.3152
0.6054, 0.3152
0.6099, 0.3152
0.6099, 0.3152
0.6099, 0.3152
0.6099, 0.3152
0.6143, 0.3178
0.6143, 0.3178
0.6143, 0.3178
0.6143, 0.3178
0.6143, 0.3178
0.6143, 0.3178
0.6143, 0.3178
0.6143, 0.3178
0.6143, 0.3178
0.6143, 0.3178
0.6188, 0.3204
0.6188, 0.3204
0.6188, 0.3204
0.6188, 0.3204
0.6188, 0.3204
0.6188, 0.3204
0.6188, 0.3204
0.6233, 0.3204
0.6233, 0.3204
0.6233, 0.3204
0.6233, 0.3204
0.6233, 0.3204
0.6233, 0.3204
0.6278, 0.3204
0.6278, 0.3204
0.6278, 0.3204
0.6278, 0.3204
0.6278, 0.3204
0.6278, 0.3204
0.6278, 0.3204
0.6278, 0.3230
0.6278, 0.3230
0.6278, 0.3230
0.6323, 0.3230
0.6323, 0.3230
0.6323, 0.3230
0.6323, 0.3230
0.6323, 0.3230
0.6323, 0.3230
0.6368, 0.3256
0.6368, 0.3256
0.6368, 0.3256
0.6368, 0.3256
0.6368, 0.3256
0.6368, 0.3256
0.6368, 0.3256
0.6368, 0.3256
0.6368, 0.3256
0.6368, 0.3256
0.6368, 0.3256
0.6368, 0.3256
0.6368, 0.3256
0.6368, 0.3256
0.6368, 0.3256
0.6368, 0.3256
0.6368, 0.3256
0.6368, 0.3256
0.6368, 0.3282
0.6368, 0.3282
0.6368, 0.3282
0.6413, 0.3282
0.6413, 0.3282
0.6413, 0.3282
0.6413, 0.3282
0.6413, 0.3282
0.6413, 0.3282
0.6413, 0.3282
0.6457, 0.3282
0.6457, 0.3282
0.6457, 0.3282
0.6457, 0.3282
0.6457, 0.3282
0.6457, 0.3282
0.6457, 0.3282
0.6457, 0.3282
0.6457, 0.3282
0.6457, 0.3282
0.6457, 0.3282
0.6457, 0.3282
0.6457, 0.3282
0.6457, 0.3282
0.6502, 0.3282
0.6502, 0.3282
0.6502, 0.3282
0.6502, 0.3282
0.6502, 0.3282
0.6502, 0.3282
0.6502, 0.3282
0.6502, 0.3282
0.6502, 0.3282
0.6502, 0.3282
0.6502, 0.3282
0.6502, 0.3282
0.6502, 0.3282
0.6502, 0.3282
0.6502, 0.3282
0.6502, 0.3282
0.6502, 0.3307
0.6502, 0.3307
0.6502, 0.3307
0.6502, 0.3307
0.6502, 0.3307
0.6502, 0.3307
0.6547, 0.3307
0.6547, 0.3307
0.6547, 0.3307
0.6547, 0.3307
0.6547, 0.3307
0.6547, 0.3307
0.6592, 0.3333
0.6592, 0.3333
0.6592, 0.3333
0.6592, 0.3333
0.6592, 0.3333
0.6592, 0.3333
0.6592, 0.3333
0.6592, 0.3333
0.6592, 0.3333
0.6592, 0.3333
0.6592, 0.3333
0.6592, 0.3333
0.6592, 0.3333
0.6592, 0.3333
0.6592, 0.3333
0.6592, 0.3333
0.6637, 0.3333
0.6637, 0.3333
0.6637, 0.3333
0.6637, 0.3333
0.6637, 0.3333
0.6637, 0.3333
0.6637, 0.3333
0.6682, 0.3333
0.6682, 0.3333
0.6682, 0.3333
0.6726, 0.3359
0.6726, 0.3359
0.6726, 0.3359
0.6726, 0.3359
0.6726, 0.3359
0.6726, 0.3359
0.6771, 0.3359
0.6771, 0.3359
0.6771, 0.3359
0.6816, 0.3385
0.6816, 0.3385
0.6816, 0.3385
0.6816, 0.3385
0.6816, 0.3385
0.6816, 0.3385
0.6816, 0.3385
0.6816, 0.3385
0.6816, 0.3385
0.6816, 0.3385
0.6816, 0.3385
0.6861, 0.3411
0.6861, 0.3411
0.6861, 0.3411
0.6906, 0.3411
0.6906, 0.3411
0.6906, 0.3411
0.6951, 0.3411
0.6951, 0.3411
0.6951, 0.3411
0.6951, 0.3411
0.6951, 0.3411
0.6951, 0.3411
0.6996, 0.3411
0.6996, 0.3411
0.6996, 0.3411
0.6996, 0.3411
0.7040, 0.3411
0.7040, 0.3411
0.7040, 0.3411
0.7040, 0.3437
0.7040, 0.3437
0.7040, 0.3437
0.7040, 0.3437
0.7040, 0.3437
0.7040, 0.3437
0.7085, 0.3437
0.7085, 0.3437
0.7085, 0.3437
0.7085, 0.3437
0.7085, 0.3437
0.7085, 0.3437
0.7085, 0.3437
0.7130, 0.3463
0.7130, 0.3463
0.7130, 0.3463
0.7130, 0.3463
0.7130, 0.3463
0.7130, 0.3463
0.7175, 0.3463
0.7175, 0.3463
0.7175, 0.3463
0.7175, 0.3463
0.7175, 0.3463
0.7175, 0.3463
0.7175, 0.3463
0.7220, 0.3463
0.7220, 0.3463
0.7220, 0.3463
0.7265, 0.3463
0.7265, 0.3463
0.7265, 0.3463
0.7265, 0.3463
0.7265, 0.3463
0.7265, 0.3463
0.7265, 0.3463
0.7265, 0.3463
0.7265, 0.3463
0.7265, 0.3463
0.7309, 0.3463
0.7309, 0.3463
0.7309, 0.3463
0.7354, 0.3488
0.7354, 0.3488
0.7354, 0.3488
0.7354, 0.3488
0.7354, 0.3488
0.7354, 0.3488
0.7354, 0.3488
0.7354, 0.3488
0.7354, 0.3488
0.7354, 0.3488
0.7399, 0.3488
0.7399, 0.3488
0.7399, 0.3488
0.7399, 0.3488
0.7399, 0.3488
0.7399, 0.3488
0.7399, 0.3488
0.7444, 0.3488
0.7444, 0.3488
0.7444, 0.3488
0.7444, 0.3514
0.7444, 0.3514
0.7444, 0.3514
0.7489, 0.3514
0.7489, 0.3514
0.7489, 0.3514
0.7489, 0.3514
0.7489, 0.3514
0.7489, 0.3514
0.7534, 0.3514
0.7534, 0.3514
0.7534, 0.3514
0.7578, 0.3514
0.7578, 0.3514
0.7578, 0.3514
0.7578, 0.3514
0.7578, 0.3514
0.7578, 0.3514
0.7623, 0.3540
0.7623, 0.3540
0.7623, 0.3540
0.7668, 0.3540
0.7668, 0.3540
0.7668, 0.3540
0.7668, 0.3540
0.7668, 0.3540
0.7668, 0.3540
0.7668, 0.3540
0.7713, 0.3540
0.7713, 0.3540
0.7713, 0.3540
0.7713, 0.3540
0.7713, 0.3540
0.7713, 0.3540
0.7758, 0.3540
0.7758, 0.3540
0.7758, 0.3540
0.7803, 0.3540
0.7803, 0.3540
0.7803, 0.3540
0.7803, 0.3540
0.7803, 0.3540
0.7803, 0.3540
0.7803, 0.3540
0.7848, 0.3540
0.7848, 0.3540
0.7848, 0.3540
0.7892, 0.3540
0.7892, 0.3540
0.7892, 0.3540
0.7937, 0.3540
0.7937, 0.3540
0.7937, 0.3540
0.7937, 0.3540
0.7937, 0.3540
0.7937, 0.3540
0.7982, 0.3540
0.7982, 0.3540
0.7982, 0.3540
0.8027, 0.3540
0.8027, 0.3540
0.8027, 0.3540
0.8027, 0.3540
0.8027, 0.3540
0.8027, 0.3540
0.8072, 0.3540
0.8072, 0.3540
0.8072, 0.3540
0.8117, 0.3540
0.8117, 0.3540
0.8117, 0.3540
0.8161, 0.3540
0.8161, 0.3540
0.8161, 0.3540
0.8161, 0.3540
0.8161, 0.3540
0.8161, 0.3540
0.8161, 0.3540
0.8161, 0.3540
0.8161, 0.3540
0.8161, 0.3540
0.8206, 0.3540
0.8206, 0.3540
0.8206, 0.3540
0.8251, 0.3540
0.8251, 0.3540
0.8251, 0.3540
0.8251, 0.3540
0.8251, 0.3540
0.8251, 0.3540
0.8296, 0.3540
0.8296, 0.3540
0.8296, 0.3540
0.8386, 0.3540
0.8386, 0.3540
0.8386, 0.3540
0.8386, 0.3540
0.8386, 0.3540
0.8386, 0.3540
0.8430, 0.3540
0.8430, 0.3540
0.8430, 0.3540
0.8475, 0.3540
0.8475, 0.3540
0.8475, 0.3540
0.8475, 0.3540
0.8475, 0.3540
0.8475, 0.3540
0.8475, 0.3540
0.8520, 0.3540
0.8520, 0.3540
0.8520, 0.3540
0.8565, 0.3540
0.8565, 0.3540
0.8565, 0.3540
0.8565, 0.3540
0.8565, 0.3540
0.8565, 0.3540
0.8610, 0.3540
0.8610, 0.3540
0.8610, 0.3540
0.8610, 0.3540
0.8610, 0.3540
0.8610, 0.3540
0.8610, 0.3540
0.8610, 0.3540
0.8610, 0.3540
0.8610, 0.3540
0.8655, 0.3540
0.8655, 0.3540
0.8700, 0.3540
0.8700, 0.3540
0.8700, 0.3540
0.8700, 0.3540
0.8700, 0.3540
0.8700, 0.3540
0.8700, 0.3540
0.8700, 0.3540
0.8700, 0.3540
0.8700, 0.3540
0.8744, 0.3540
0.8744, 0.3540
0.8744, 0.3540
0.8789, 0.3540
0.8789, 0.3540
0.8789, 0.3540
0.8834, 0.3540
0.8834, 0.3540
0.8834, 0.3540
0.8879, 0.3540
0.8879, 0.3540
0.8879, 0.3540
0.8924, 0.3540
0.8924, 0.3540
0.8924, 0.3540
0.8924, 0.3540
0.8924, 0.3540
0.8924, 0.3540
0.8969, 0.3540
0.8969, 0.3540
0.8969, 0.3540
0.9013, 0.3540
0.9013, 0.3540
0.9013, 0.3540
0.9058, 0.3540
0.9058, 0.3540
0.9058, 0.3540
0.9058, 0.3540
0.9058, 0.3540
0.9058, 0.3540
0.9103, 0.3540
0.9103, 0.3540
0.9103, 0.3540
0.9103, 0.3540
0.9148, 0.3540
0.9148, 0.3540
0.9148, 0.3540
0.9148, 0.3540
0.9148, 0.3540
0.9148, 0.3540
0.9193, 0.3540
0.9193, 0.3540
0.9193, 0.3540
0.9193, 0.3540
0.9193, 0.3540
0.9193, 0.3540
0.9238, 0.3540
0.9238, 0.3540
0.9238, 0.3540
0.9283, 0.3540
0.9283, 0.3540
0.9283, 0.3540
0.9283, 0.3540
0.9283, 0.3540
0.9283, 0.3540
0.9327, 0.3540
0.9327, 0.3540
0.9327, 0.3540
0.9372, 0.3540
0.9372, 0.3540
0.9372, 0.3540
0.9372, 0.3540
0.9372, 0.3540
0.9372, 0.3540
0.9372, 0.3540
0.9372, 0.3540
0.9372, 0.3540
0.9417, 0.3540
0.9417, 0.3540
0.9417, 0.3540
0.9417, 0.3540
0.9417, 0.3540
0.9417, 0.3540
0.9462, 0.3540
0.9462, 0.3540
0.9462, 0.3540
0.9507, 0.3540
0.9507, 0.3540
0.9507, 0.3540
0.9507, 0.3540
0.9507, 0.3540
0.9507, 0.3540
0.9507, 0.3540
0.9552, 0.3540
0.9552, 0.3540
0.9552, 0.3540
0.9552, 0.3540
0.9552, 0.3540
0.9552, 0.3540
0.9596, 0.3540
0.9596, 0.3540
0.9596, 0.3540
0.9596, 0.3540
0.9596, 0.3540
0.9596, 0.3540
0.9641, 0.3540
0.9641, 0.3540
0.9641, 0.3540
0.9686, 0.3540
0.9686, 0.3540
0.9686, 0.3540
0.9731, 0.3540
0.9731, 0.3540
0.9731, 0.3540
0.9731, 0.3540
0.9731, 0.3540
0.9731, 0.3540
0.9731, 0.3540
0.9731, 0.3540
0.9731, 0.3540
0.9731, 0.3540
0.9776, 0.3540
0.9776, 0.3540
0.9776, 0.3540
0.9776, 0.3540
0.9776, 0.3540
0.9776, 0.3540
0.9821, 0.3540
0.9821, 0.3540
0.9821, 0.3540
0.9821, 0.3540
0.9821, 0.3540
0.9821, 0.3540
0.9821, 0.3540
0.9821, 0.3540
0.9821, 0.3540
0.9821, 0.3540
0.9821, 0.3540
0.9821, 0.3540
0.9865, 0.3540
0.9865, 0.3540
0.9865, 0.3540
0.9865, 0.3540
0.9865, 0.3540
0.9865, 0.3540
0.9910, 0.3540
0.9910, 0.3540
0.9910, 0.3540
0.9910, 0.3540
0.9910, 0.3540
0.9910, 0.3540
0.9955, 0.3540
0.9955, 0.3540
0.9955, 0.3540
0.9955, 0.3540
0.9955, 0.3540
0.9955, 0.3540
0.9955, 0.3540
0.9955, 0.3540
0.9955, 0.3540
0.9955, 0.3540
0.9955, 0.3540
0.9955, 0.3540
0.9955, 0.3540
1.0000, 0.3540
1.0000, 0.3540
1.0000, 0.3540
1.0000, 0.3540
1.0000, 0.3540
1.0000, 0.3540
1.0000, 0.3540
1.0000, 0.3540
1.0000, 0.3540
1.0000, 0.3540
1.0000, 0.3540
1.0000, 0.3540
1.0000, 0.3540
1.0000, 0.3540
1.0000, 0.3540
1.0000, 0.3540
1.0000, 0.3540
1.0000, 0.3540
1.0000, 0.3540
1.0000, 0.3540
1.0000, 0.3540
1.0000, 0.3540
1.0000, 0.3540
1.0000, 0.3540
1.0000, 0.3540
1.0000, 0.3540
1.0000, 0.3540
1.0000, 0.3540
1.0000, 0.3540
1.0000, 0.3540
1.0000, 0.3540
1.0000, 0.3540
1.0000, 0.3540
1.0000, 0.3540
1.0000, 0.3540
1.0000, 0.3540
1.0000, 0.3540
1.0000, 0.3540
1.0000, 0.3540
1.0000, 0.3540
1.0000, 0.3540
1.0000, 0.3540
1.0000, 0.3540
1.0000, 0.3540
1.0000, 0.3540
1.0000, 0.3540
1.0000, 0.3540
1.0000, 0.3540
0.1345, 0.2481
0.1345, 0.2481
0.1345, 0.2481
0.1345, 0.2481
0.1345, 0.2481
0.1345, 0.2481
0.1345, 0.2481
0.1345, 0.2481
0.1345, 0.2481
0.1345, 0.2481
0.1345, 0.2481
0.1345, 0.2481
0.1345, 0.2481
0.1345, 0.2481
0.1345, 0.2481
0.1345, 0.2481
0.1345, 0.2481
0.1345, 0.2481
0.1345, 0.2481
0.1345, 0.2481
0.1345, 0.2481
0.1345, 0.2481
0.1345, 0.2481
0.1345, 0.2481
0.1345, 0.2481
0.1345, 0.2481
0.1345, 0.2481
0.1345, 0.2481
0.1345, 0.2481
0.1345, 0.2481
0.1345, 0.2481
0.1345, 0.2481
0.1345, 0.2481
0.1345, 0.2481
0.1345, 0.2481
0.1345, 0.2481
0.1345, 0.2481
0.1345, 0.2481
0.1345, 0.2481
0.1345, 0.2481
0.1345, 0.2481
0.1345, 0.2481
0.1345, 0.2481
0.1345, 0.2481
0.1345, 0.2481
0.1345, 0.2481
0.1345, 0.2481
0.1345, 0.2481
0.1345, 0.2481
0.1345, 0.2481
0.1345, 0.2481
0.1345, 0.2481
0.1345, 0.2481
0.1345, 0.2481
0.1345, 0.2481
0.1345, 0.2481
0.1345, 0.2481
0.1345, 0.2481
0.1345, 0.2481
0.1345, 0.2481
0.1345, 0.2481
0.1345, 0.2481
0.1345, 0.2481
0.1345, 0.2481
0.1345, 0.2481
0.1345, 0.2481
0.1345, 0.2481
0.1345, 0.2481
0.1345, 0.2481
0.1345, 0.2481
0.1345, 0.2481
0.1345, 0.2481
0.1345, 0.2481
0.1345, 0.2481
0.1345, 0.2481
0.1345, 0.2481
0.1345, 0.2481
0.1345, 0.2481
0.1345, 0.2481
0.1345, 0.2481
0.1345, 0.2481
0.1345, 0.2481
0.1345, 0.2481
0.1345, 0.2481
0.1345, 0.2481
0.1345, 0.2481
0.1345, 0.2481
0.1345, 0.2481
0.1345, 0.2481
0.1345, 0.2481
0.1345, 0.2481
0.1345, 0.2481
0.1345, 0.2481
0.1345, 0.2481
0.1345, 0.2481
0.1345, 0.2481
0.1345, 0.2481
0.1345, 0.2481
0.1345, 0.2481
0.1345, 0.2481
0.1345, 0.2481
0.1345, 0.2481
0.1345, 0.2481
0.1345, 0.2481
0.1345, 0.2455
0.1345, 0.2455
0.1345, 0.2455
0.1345, 0.2455
0.1345, 0.2455
0.1345, 0.2455
0.1345, 0.2455
0.1345, 0.2455
0.1345, 0.2455
0.1345, 0.2455
0.1345, 0.2455
0.1345, 0.2455
0.1345, 0.2455
0.1345, 0.2455
0.1345, 0.2455
0.1345, 0.2455
0.1345, 0.2455
0.1345, 0.2455
0.1345, 0.2455
0.1345, 0.2455
0.1345, 0.2455
0.1345, 0.2455
0.1345, 0.2455
0.1345, 0.2455
0.1345, 0.2455
0.1345, 0.2455
0.1345, 0.2455
0.1345, 0.2455
0.1345, 0.2455
0.1345, 0.2455
0.1345, 0.2455
0.1345, 0.2455
0.1345, 0.2455
0.1345, 0.2455
0.1345, 0.2455
0.1345, 0.2455
0.1345, 0.2455
0.1345, 0.2455
0.1345, 0.2429
0.1345, 0.2429
0.1345, 0.2429
0.1345, 0.2429
0.1345, 0.2429
0.1345, 0.2429
0.1345, 0.2429
0.1345, 0.2429
0.1345, 0.2429
0.1345, 0.2429
0.1345, 0.2429
0.1345, 0.2429
0.1345, 0.2429
0.1345, 0.2403
0.1345, 0.2403
0.1345, 0.2403
0.1345, 0.2403
0.1345, 0.2403
0.1345, 0.2403
0.1345, 0.2403
0.1345, 0.2403
0.1300, 0.2403
0.1300, 0.2403
0.1300, 0.2403
0.1300, 0.2403
0.1300, 0.2403
0.1300, 0.2377
0.1300, 0.2377
0.1300, 0.2377
0.1300, 0.2377
0.1300, 0.2377
0.1300, 0.2377
0.1300, 0.2377
0.1300, 0.2377
0.1300, 0.2377
0.1300, 0.2377
0.1300, 0.2377
0.1300, 0.2377
0.1300, 0.2377
0.1300, 0.2377
0.1300, 0.2377
0.1300, 0.2377
0.1300, 0.2377
0.1300, 0.2377
0.1300, 0.2377
0.1300, 0.2377
0.1300, 0.2377
0.1300, 0.2377
0.1300, 0.2377
0.1300, 0.2377
0.1300, 0.2377
0.1300, 0.2377
0.1300, 0.2351
0.1300, 0.2351
0.1300, 0.2351
0.1300, 0.2351
0.1300, 0.2351
0.1300, 0.2351
0.1300, 0.2351
0.1300, 0.2351
0.1300, 0.2351
0.1300, 0.2351
0.1300, 0.2351
0.1300, 0.2351
0.1300, 0.2351
0.1300, 0.2326
0.1300, 0.2326
0.1300, 0.2326
0.1300, 0.2326
0.1300, 0.2326
0.1300, 0.2326
0.1300, 0.2326
0.1300, 0.2326
0.1300, 0.2326
0.1300, 0.2326
0.1300, 0.2326
0.1300, 0.2326
0.1300, 0.2326
0.1300, 0.2326
0.1300, 0.2326
0.1300, 0.2326
0.1300, 0.2326
0.1300, 0.2326
0.1300, 0.2326
0.1300, 0.2326
0.1300, 0.2326
0.1300, 0.2326
0.1300, 0.2326
0.1300, 0.2326
0.1300, 0.2326
0.1300, 0.2326
0.1300, 0.2326
0.1300, 0.2326
0.1300, 0.2326
0.1300, 0.2326
0.1300, 0.2300
0.1300, 0.2300
0.1300, 0.2300
0.1300, 0.2300
0.1300, 0.2300
0.1300, 0.2300
0.1300, 0.2300
0.1300, 0.2300
0.1300, 0.2300
0.1300, 0.2300
0.1300, 0.2300
0.1300, 0.2300
0.1300, 0.2300
0.1256, 0.2300
0.1256, 0.2300
0.1256, 0.2300
0.1256, 0.2300
0.1256, 0.2274
0.1256, 0.2274
0.1256, 0.2274
0.1256, 0.2274
0.1256, 0.2274
0.1256, 0.2274
0.1256, 0.2274
0.1256, 0.2274
0.1256, 0.2274
0.1256, 0.2274
0.1256, 0.2274
0.1256, 0.2274
0.1256, 0.2274
0.1256, 0.2274
0.1256, 0.2274
0.1256, 0.2274
0.1256, 0.2274
0.1256, 0.2274
0.1256, 0.2274
0.1256, 0.2274
0.1256, 0.2274
0.1256, 0.2274
0.1256, 0.2274
0.1256, 0.2274
0.1256, 0.2274
0.1256, 0.2274
0.1256, 0.2248
0.1256, 0.2248
0.1256, 0.2248
0.1256, 0.2248
0.1256, 0.2248
0.1256, 0.2248
0.1256, 0.2248
0.1256, 0.2248
0.1256, 0.2248
0.1256, 0.2248
0.1256, 0.2248
0.1256, 0.2248
0.1256, 0.2248
0.1256, 0.2248
0.1256, 0.2248
0.1256, 0.2248
0.1256, 0.2248
0.1256, 0.2248
0.1256, 0.2248
0.1256, 0.2248
0.1256, 0.2248
0.1256, 0.2248
0.1256, 0.2248
0.1256, 0.2248
0.1256, 0.2248
0.1256, 0.2248
0.1256, 0.2248
0.1256, 0.2248
0.1256, 0.2248
0.1256, 0.2248
0.1256, 0.2248
0.1256, 0.2248
0.1256, 0.2248
0.1256, 0.2222
0.1256, 0.2222
0.1256, 0.2222
0.1256, 0.2222
0.1256, 0.2222
0.1256, 0.2222
0.1256, 0.2222
0.1256, 0.2222
0.1256, 0.2222
0.1256, 0.2222
0.1256, 0.2222
0.1256, 0.2222
0.1256, 0.2222
0.1256, 0.2222
0.1256, 0.2222
0.1256, 0.2222
0.1256, 0.2222
0.1256, 0.2222
0.1256, 0.2222
0.1256, 0.2222
0.1256, 0.2222
0.1256, 0.2222
0.1256, 0.2222
0.1256, 0.2222
0.1256, 0.2222
0.1256, 0.2222
0.1256, 0.2222
0.1256, 0.2222
0.1256, 0.2222
0.1256, 0.2222
0.1256, 0.2222
0.1256, 0.2222
0.1256, 0.2222
0.1256, 0.2222
0.1256, 0.2222
0.1256, 0.2222
0.1256, 0.2222
0.1256, 0.2222
0.1256, 0.2222
0.1211, 0.2222
0.1211, 0.2222
0.1211, 0.2222
0.1211, 0.2222
0.1211, 0.2222
0.1211, 0.2222
0.1211, 0.2222
0.1211, 0.2222
0.1211, 0.2222
0.1211, 0.2222
0.1211, 0.2222
0.1211, 0.2222
0.1211, 0.2196
0.1211, 0.2196
0.1211, 0.2196
0.1211, 0.2196
0.1211, 0.2196
0.1211, 0.2196
0.1211, 0.2196
0.1211, 0.2196
0.1211, 0.2196
0.1211, 0.2196
0.1211, 0.2196
0.1211, 0.2196
0.1211, 0.2196
0.1211, 0.2196
0.1211, 0.2196
0.1211, 0.2196
0.1211, 0.2196
0.1211, 0.2196
0.1211, 0.2196
0.1211, 0.2196
0.1211, 0.2196
0.1211, 0.2196
0.1211, 0.2196
0.1211, 0.2196
0.1211, 0.2196
0.1211, 0.2196
0.1211, 0.2196
0.1211, 0.2196
0.1211, 0.2196
0.1211, 0.2196
0.1211, 0.2196
0.1211, 0.2196
0.1211, 0.2196
0.1211, 0.2196
0.1211, 0.2196
0.1211, 0.2196
0.1211, 0.2196
0.1211, 0.2196
0.1211, 0.2196
0.1211, 0.2196
0.1211, 0.2196
0.1211, 0.2196
0.1211, 0.2196
0.1211, 0.2196
0.1211, 0.2196
0.1211, 0.2196
0.1211, 0.2171
0.1211, 0.2171
0.1211, 0.2171
0.1211, 0.2171
0.1211, 0.2171
0.1211, 0.2171
0.1211, 0.2171
0.1211, 0.2171
0.1211, 0.2171
0.1211, 0.2171
0.1211, 0.2171
0.1211, 0.2171
0.1211, 0.2171
0.1211, 0.2171
0.1211, 0.2171
0.1211, 0.2171
0.1211, 0.2171
0.1211, 0.2171
0.1211, 0.2171
0.1211, 0.2171
0.1211, 0.2171
0.1211, 0.2171
0.1211, 0.2171
0.1211, 0.2171
0.1211, 0.2145
0.1211, 0.2145
0.1211, 0.2145
0.1211, 0.2145
0.1211, 0.2145
0.1211, 0.2145
0.1211, 0.2145
0.1211, 0.2145
0.1211, 0.2145
0.1211, 0.2145
0.1211, 0.2145
0.1211, 0.2145
0.1211, 0.2145
0.1211, 0.2145
0.1211, 0.2145
0.1211, 0.2145
0.1211, 0.2145
0.1211, 0.2145
0.1211, 0.2145
0.1211, 0.2145
0.1211, 0.2119
0.1211, 0.2119
0.1211, 0.2119
0.1211, 0.2119
0.1211, 0.2119
0.1211, 0.2119
0.1211, 0.2119
0.1211, 0.2119
0.1211, 0.2119
0.1211, 0.2119
0.1211, 0.2119
0.1211, 0.2119
0.1211, 0.2119
0.1211, 0.2119
0.1211, 0.2119
0.1211, 0.2119
0.1211, 0.2119
0.1211, 0.2119
0.1211, 0.2119
0.1211, 0.2119
0.1211, 0.2119
0.1211, 0.2119
0.1211, 0.2119
0.1211, 0.2119
0.1211, 0.2119
0.1211, 0.2119
0.1211, 0.2119
0.1211, 0.2119
0.1211, 0.2119
0.1211, 0.2119
0.1211, 0.2119
0.1211, 0.2119
0.1211, 0.2119
0.1211, 0.2119
0.1211, 0.2119
0.1211, 0.2119
0.1211, 0.2119
0.1211, 0.2119
0.1211, 0.2119
0.1211, 0.2119
0.1211, 0.2119
0.1211, 0.2093
0.1211, 0.2093
0.1211, 0.2093
0.1211, 0.2093
0.1211, 0.2093
0.1211, 0.2093
0.1211, 0.2093
0.1211, 0.2093
0.1211, 0.2093
0.1211, 0.2093
0.1211, 0.2093
0.1211, 0.2093
0.1211, 0.2093
0.1211, 0.2093
0.1211, 0.2093
0.1211, 0.2093
0.1211, 0.2093
0.1211, 0.2093
0.1211, 0.2093
0.1211, 0.2093
0.1211, 0.2093
0.1211, 0.2093
0.1211, 0.2093
0.1211, 0.2093
0.1211, 0.2093
0.1211, 0.2093
0.1211, 0.2093
0.1211, 0.2093
0.1211, 0.2093
0.1211, 0.2093
0.1211, 0.2093
0.1211, 0.2093
0.1211, 0.2093
0.1211, 0.2067
0.1211, 0.2067
0.1211, 0.2067
0.1211, 0.2067
0.1211, 0.2067
0.1211, 0.2067
0.1211, 0.2067
0.1211, 0.2067
0.1211, 0.2067
0.1211, 0.2067
0.1211, 0.2067
0.1211, 0.2067
0.1211, 0.2067
0.1211, 0.2067
0.1211, 0.2067
0.1211, 0.2067
0.1211, 0.2067
0.1211, 0.2067
0.1211, 0.2067
0.1211, 0.2041
0.1211, 0.2041
0.1211, 0.2041
0.1211, 0.2041
0.1211, 0.2041
0.1211, 0.2041
0.1211, 0.2041
0.1211, 0.2041
0.1211, 0.2041
0.1211, 0.2041
0.1211, 0.2041
0.1211, 0.2041
0.1211, 0.2041
0.1211, 0.2041
0.1211, 0.2041
0.1211, 0.2041
0.1211, 0.2041
0.1211, 0.2041
0.1211, 0.2041
0.1211, 0.2041
0.1211, 0.2041
0.1211, 0.2041
0.1211, 0.2041
0.1211, 0.2041
0.1211, 0.2041
0.1211, 0.2041
0.1211, 0.2041
0.1211, 0.2041
0.1211, 0.2041
0.1211, 0.2041
0.1211, 0.2041
0.1211, 0.2041
0.1211, 0.2016
0.1211, 0.2016
0.1211, 0.2016
0.1211, 0.2016
0.1211, 0.2016
0.1211, 0.2016
0.1211, 0.2016
0.1211, 0.2016
0.1211, 0.2016
0.1211, 0.2016
0.1211, 0.2016
0.1211, 0.2016
0.1211, 0.2016
0.1211, 0.2016
0.1211, 0.2016
0.1211, 0.2016
0.1211, 0.1990
0.1211, 0.1990
0.1211, 0.1990
0.1211, 0.1990
0.1211, 0.1990
0.1211, 0.1990
0.1211, 0.1990
0.1211, 0.1990
0.1211, 0.1990
0.1211, 0.1990
0.1211, 0.1990
0.1211, 0.1990
0.1211, 0.1990
0.1211, 0.1990
0.1211, 0.1990
0.1211, 0.1990
0.1211, 0.1990
0.1211, 0.1990
0.1211, 0.1990
0.1211, 0.1990
0.1211, 0.1990
0.1211, 0.1990
0.1211, 0.1990
0.1211, 0.1990
0.1211, 0.1990
0.1211, 0.1990
0.1211, 0.1990
0.1211, 0.1990
0.1211, 0.1990
0.1211, 0.1990
0.1211, 0.1990
0.1211, 0.1990
0.1211, 0.1990
0.1211, 0.1990
0.1211, 0.1990
0.1211, 0.1990
0.1211, 0.1990
0.1211, 0.1990
0.1211, 0.1990
0.1211, 0.1990
0.1211, 0.1964
0.1211, 0.1964
0.1211, 0.1964
0.1211, 0.1964
0.1211, 0.1964
0.1211, 0.1964
0.1211, 0.1964
0.1211, 0.1964
0.1211, 0.1964
0.1211, 0.1964
0.1211, 0.1964
0.1211, 0.1964
0.1211, 0.1964
0.1211, 0.1964
0.1211, 0.1964
0.1211, 0.1964
0.1211, 0.1938
0.1211, 0.1938
0.1211, 0.1938
0.1211, 0.1938
0.1211, 0.1938
0.1211, 0.1938
0.1211, 0.1938
0.1211, 0.1938
0.1211, 0.1938
0.1211, 0.1938
0.1211, 0.1938
0.1211, 0.1938
0.1211, 0.1938
0.1211, 0.1938
0.1211, 0.1938
0.1211, 0.1938
0.1211, 0.1938
0.1211, 0.1938
0.1211, 0.1938
0.1211, 0.1938
0.1211, 0.1938
0.1211, 0.1938
0.1211, 0.1938
0.1211, 0.1938
0.1211, 0.1938
0.1211, 0.1938
0.1211, 0.1938
0.1211, 0.1938
0.1211, 0.1938
0.1211, 0.1938
0.1211, 0.1938
0.1211, 0.1938
0.1211, 0.1938
0.1211, 0.1938
0.1211, 0.1938
0.1211, 0.1938
0.1211, 0.1938
0.1256, 0.1912
0.1256, 0.1912
0.1256, 0.1912
0.1256, 0.1912
0.1256, 0.1912
0.1256, 0.1912
0.1256, 0.1912
0.1256, 0.1912
0.1256, 0.1912
0.1256, 0.1912
0.1256, 0.1912
0.1256, 0.1912
0.1256, 0.1912
0.1256, 0.1912
0.1256, 0.1912
0.1256, 0.1912
0.1256, 0.1912
0.1256, 0.1912
0.1256, 0.1912
0.1256, 0.1912
0.1256, 0.1912
0.1256, 0.1912
0.1256, 0.1912
0.1256, 0.1912
0.1256, 0.1912
0.1256, 0.1912
0.1256, 0.1886
0.1256, 0.1886
0.1256, 0.1886
0.1256, 0.1886
0.1256, 0.1886
0.1256, 0.1886
0.1300, 0.1886
0.1300, 0.1886
0.1300, 0.1886
0.1300, 0.1886
0.1300, 0.1886
0.1300, 0.1886
0.1300, 0.1886
0.1300, 0.1886
0.1300, 0.1886
0.1345, 0.1886
0.1345, 0.1886
0.1345, 0.1886
0.1345, 0.1886
0.1345, 0.1886
0.1345, 0.1886
0.1345, 0.1886
0.1345, 0.1886
0.1345, 0.1886
0.1390, 0.1886
0.1390, 0.1886
0.1390, 0.1886
0.1390, 0.1886
0.1390, 0.1886
0.1390, 0.1886
0.1390, 0.1886
0.1390, 0.1886
0.1390, 0.1886
0.1390, 0.1860
0.1390, 0.1860
0.1390, 0.1860
0.1390, 0.1860
0.1390, 0.1860
0.1435, 0.1860
0.1435, 0.1860
0.1435, 0.1860
0.1480, 0.1860
0.1480, 0.1860
0.1480, 0.1860
0.1480, 0.1860
0.1480, 0.1860
0.1480, 0.1860
0.1480, 0.1860
0.1480, 0.1860
0.1480, 0.1860
0.1480, 0.1860
0.1480, 0.1860
0.1480, 0.1860
0.1480, 0.1860
0.1480, 0.1860
0.1525, 0.1860
0.1525, 0.1860
0.1525, 0.1860
0.1525, 0.1860
0.1525, 0.1860
0.1525, 0.1860
0.1525, 0.1860
0.1525, 0.1860
0.1525, 0.1860
0.1525, 0.1860
0.1525, 0.1860
0.1525, 0.1860
0.1570, 0.1860
0.1570, 0.1860
0.1570, 0.1860
0.1570, 0.1860
0.1570, 0.1860
0.1614, 0.1860
0.1614, 0.1860
0.1614, 0.1860
0.1614, 0.1835
0.1614, 0.1835
0.1614, 0.1835
0.1614, 0.1835
0.1614, 0.1835
0.1614, 0.1835
0.1614, 0.1835
0.1614, 0.1835
0.1614, 0.1835
0.1614, 0.1835
0.1614, 0.1835
0.1614, 0.1835
0.1659, 0.1835
0.1659, 0.1835
0.1659, 0.1835
0.1659, 0.1835
0.1659, 0.1835
0.1704, 0.1835
0.1704, 0.1835
0.1704, 0.1835
0.1704, 0.1835
0.1704, 0.1835
0.1704, 0.1835
0.1704, 0.1835
0.1704, 0.1835
0.1704, 0.1835
0.1704, 0.1835
0.1704, 0.1835
0.1704, 0.1835
0.1704, 0.1835
0.1704, 0.1835
0.1749, 0.1835
0.1749, 0.1835
0.1749, 0.1835
0.1749, 0.1835
0.1749, 0.1835
0.1749, 0.1835
0.1749, 0.1835
0.1749, 0.1835
0.1749, 0.1835
0.1794, 0.1835
0.1794, 0.1835
0.1794, 0.1835
0.1794, 0.1835
0.1794, 0.1835
0.1839, 0.1835
0.1839, 0.1835
0.1839, 0.1835
0.1839, 0.1835
0.1839, 0.1835
0.1839, 0.1835
0.1839, 0.1835
0.1839, 0.1835
0.1839, 0.1835
0.1883, 0.1835
0.1883, 0.1835
0.1883, 0.1835
0.1883, 0.1835
0.1883, 0.1835
0.1883, 0.1835
0.1928, 0.1835
0.1928, 0.1835
0.1928, 0.1835
0.1928, 0.1835
0.1928, 0.1835
0.1928, 0.1835
0.1928, 0.1835
0.1928, 0.1835
0.1928, 0.1835
0.1928, 0.1835
0.1928, 0.1835
0.1928, 0.1835
0.1928, 0.1835
0.1928, 0.1835
0.1973, 0.1835
0.1973, 0.1835
0.1973, 0.1835
0.1973, 0.1835
0.1973, 0.1835
0.1973, 0.1835
0.2018, 0.1835
0.2018, 0.1835
0.2018, 0.1835
0.2018, 0.1835
0.2018, 0.1835
0.2018, 0.1835
0.2018, 0.1835
0.2018, 0.1835
0.2018, 0.1835
0.2018, 0.1835
0.2018, 0.1835
0.2018, 0.1835
0.2018, 0.1835
0.2018, 0.1835
0.2063, 0.1835
0.2063, 0.1835
0.2063, 0.1835
0.2063, 0.1835
0.2063, 0.1835
0.2108, 0.1835
0.2108, 0.1835
0.2108, 0.1835
0.2108, 0.1835
0.2108, 0.1835
0.2108, 0.1835
0.2152, 0.1835
0.2152, 0.1835
0.2152, 0.1835
0.2152, 0.1835
0.2152, 0.1835
0.2152, 0.1835
0.2152, 0.1835
0.2152, 0.1835
0.2152, 0.1835
0.2152, 0.1835
0.2152, 0.1835
0.2197, 0.1835
0.2197, 0.1835
0.2197, 0.1835
0.2197, 0.1835
0.2197, 0.1835
0.2197, 0.1835
0.2242, 0.1835
0.2242, 0.1835
0.2242, 0.1835
0.2242, 0.1835
0.2242, 0.1835
0.2242, 0.1835
0.2242, 0.1835
0.2242, 0.1835
0.2242, 0.1835
0.2242, 0.1835
0.2242, 0.1835
0.2242, 0.1835
0.2242, 0.1835
0.2242, 0.1835
0.2287, 0.1835
0.2287, 0.1835
0.2287, 0.1835
0.2287, 0.1835
0.2287, 0.1835
0.2332, 0.1835
0.2332, 0.1835
0.2332, 0.1835
0.2332, 0.1835
0.2332, 0.1835
0.2332, 0.1835
0.2377, 0.1835
0.2377, 0.1835
0.2377, 0.1860
0.2377, 0.1860
0.2377, 0.1860
0.2377, 0.1860
0.2377, 0.1860
0.2377, 0.1860
0.2422, 0.1860
0.2422, 0.1860
0.2466, 0.1860
0.2466, 0.1860
0.2466, 0.1860
0.2466, 0.1860
0.2466, 0.1860
0.2466, 0.1860
0.2466, 0.1860
0.2466, 0.1860
0.2466, 0.1860
0.2466, 0.1860
0.2466, 0.1860
0.2466, 0.1860
0.2511, 0.1860
0.2511, 0.1860
0.2511, 0.1860
0.2511, 0.1860
0.2511, 0.1860
0.2556, 0.1860
0.2556, 0.1860
0.2556, 0.1860
0.2556, 0.1860
0.2556, 0.1860
0.2556, 0.1860
0.2601, 0.1860
0.2601, 0.1860
0.2601, 0.1860
0.2601, 0.1860
0.2601, 0.1860
0.2601, 0.1886
0.2601, 0.1886
0.2601, 0.1886
0.2601, 0.1886
0.2601, 0.1886
0.2601, 0.1886
0.2646, 0.1886
0.2646, 0.1886
0.2646, 0.1886
0.2646, 0.1886
0.2646, 0.1886
0.2691, 0.1912
0.2691, 0.1912
0.2691, 0.1912
0.2691, 0.1912
0.2691, 0.1912
0.2691, 0.1912
0.2691, 0.1912
0.2691, 0.1912
0.2691, 0.1912
0.2735, 0.1912
0.2735, 0.1912
0.2735, 0.1912
0.2735, 0.1912
0.2735, 0.1912
0.2780, 0.1912
0.2780, 0.1912
0.2780, 0.1912
0.2780, 0.1912
0.2780, 0.1912
0.2825, 0.1912
0.2825, 0.1912
0.2825, 0.1912
0.2825, 0.1912
0.2825, 0.1912
0.2825, 0.1912
0.2825, 0.1912
0.2825, 0.1912
0.2825, 0.1912
0.2870, 0.1938
0.2870, 0.1938
0.2870, 0.1938
0.2870, 0.1938
0.2870, 0.1938
0.2915, 0.1938
0.2915, 0.1938
0.2915, 0.1938
0.2915, 0.1964
0.2915, 0.1964
0.2915, 0.1964
0.2915, 0.1964
0.2915, 0.1964
0.2960, 0.1964
0.2960, 0.1964
0.2960, 0.1964
0.3004, 0.1964
0.3004, 0.1964
0.3004, 0.1964
0.3004, 0.1964
0.3004, 0.1964
0.3049, 0.1964
0.3049, 0.1964
0.3049, 0.1964
0.3049, 0.1964
0.3049, 0.1964
0.3049, 0.1964
0.3049, 0.1964
0.3049, 0.1964
0.3049, 0.1990
0.3049, 0.1990
0.3094, 0.1990
0.3094, 0.1990
0.3094, 0.1990
0.3094, 0.1990
0.3094, 0.1990
0.3094, 0.1990
0.3139, 0.1990
0.3139, 0.1990
0.3139, 0.2016
0.3139, 0.2016
0.3139, 0.2016
0.3139, 0.2016
0.3139, 0.2016
0.3139, 0.2016
0.3139, 0.2016
0.3139, 0.2016
0.3139, 0.2016
0.3184, 0.2016
0.3184, 0.2016
0.3184, 0.2041
0.3184, 0.2041
0.3184, 0.2041
0.3229, 0.2041
0.3229, 0.2041
0.3229, 0.2041
0.3229, 0.2041
0.3229, 0.2041
0.3229, 0.2041
0.3229, 0.2041
0.3274, 0.2041
0.3274, 0.2041
0.3274, 0.2041
0.3274, 0.2041
0.3274, 0.2041
0.3274, 0.2041
0.3274, 0.2041
0.3274, 0.2041
0.3274, 0.2067
0.3274, 0.2067
0.3274, 0.2067
0.3318, 0.2067
0.3318, 0.2067
0.3318, 0.2067
0.3318, 0.2067
0.3318, 0.2067
0.3318, 0.2067
0.3363, 0.2067
0.3363, 0.2067
0.3363, 0.2093
0.3363, 0.2093
0.3363, 0.2093
0.3363, 0.2093
0.3363, 0.2093
0.3363, 0.2093
0.3363, 0.2093
0.3363, 0.2093
0.3363, 0.2093
0.3363, 0.2093
0.3363, 0.2093
0.3408, 0.2093
0.3408, 0.2093
0.3408, 0.2093
0.3408, 0.2093
0.3408, 0.2093
0.3408, 0.2093
0.3408, 0.2093
0.3408, 0.2093
0.3408, 0.2093
0.3408, 0.2093
0.3408, 0.2093
0.3453, 0.2093
0.3453, 0.2093
0.3453, 0.2093
0.3453, 0.2093
0.3453, 0.2093
0.3453, 0.2119
0.3453, 0.2119
0.3453, 0.2119
0.3453, 0.2119
0.3453, 0.2119
0.3453, 0.2119
0.3453, 0.2119
0.3453, 0.2119
0.3453, 0.2119
0.3453, 0.2119
0.3453, 0.2119
0.3498, 0.2145
0.3498, 0.2145
0.3543, 0.2145
0.3543, 0.2145
0.3543, 0.2145
0.3543, 0.2145
0.3543, 0.2145
0.3587, 0.2171
0.3587, 0.2171
0.3587, 0.2171
0.3587, 0.2171
0.3587, 0.2171
0.3587, 0.2171
0.3587, 0.2171
0.3587, 0.2171
0.3632, 0.2171
0.3632, 0.2171
0.3632, 0.2171
0.3632, 0.2171
0.3632, 0.2171
0.3677, 0.2171
0.3677, 0.2171
0.3677, 0.2171
0.3677, 0.2196
0.3677, 0.2196
0.3677, 0.2196
0.3677, 0.2196
0.3677, 0.2196
0.3677, 0.2196
0.3677, 0.2196
0.3677, 0.2196
0.3677, 0.2196
0.3677, 0.2196
0.3677, 0.2222
0.3677, 0.2222
0.3677, 0.2222
0.3722, 0.2222
0.3722, 0.2222
0.3722, 0.2222
0.3722, 0.2222
0.3722, 0.2222
0.3722, 0.2222
0.3722, 0.2222
0.3722, 0.2222
0.3722, 0.2222
0.3722, 0.2222
0.3722, 0.2222
0.3722, 0.2222
0.3722, 0.2222
0.3722, 0.2222
0.3722, 0.2222
0.3722, 0.2222
0.3722, 0.2222
0.3722, 0.2222
0.3722, 0.2222
0.3722, 0.2222
0.3722, 0.2222
0.3722, 0.2222
0.3722, 0.2222
0.3722, 0.2222
0.3722, 0.2222
0.3722, 0.2222
0.3722, 0.2222
0.3722, 0.2222
0.3722, 0.2222
0.3722, 0.2222
0.3722, 0.2222
0.3722, 0.2222
0.3722, 0.2222
0.3722, 0.2222
0.3722, 0.2222
0.3722, 0.2222
0.3722, 0.2222
0.3722, 0.2222
0.3722, 0.2222
0.3722, 0.2222
0.3722, 0.2222
0.3722, 0.2222
0.3722, 0.2222
0.3722, 0.2222
0.3722, 0.2222
0.3722, 0.2222
0.3722, 0.2222
0.3722, 0.2222
0.3722, 0.2222
0.3722, 0.2222
0.3722, 0.2222
0.3722, 0.2196
0.0000, 1.0000
0.0000, 1.0000
0.0000, 1.0000
0.0000, 1.0000
0.0000, 1.0000
0.0000, 1.0000
0.0000, 1.0000
0.0000, 1.0000
0.0000, 1.0000
0.0000, 1.0000
0.0000, 1.0000
0.0000, 1.0000
0.0000, 1.0000
0.0000, 1.0000
0.0000, 1.0000
0.0000, 1.0000
0.0000, 1.0000
0.0000, 1.0000
0.0000, 1.0000
0.0000, 1.0000
0.0000, 1.0000
0.0000, 1.0000
0.0000, 1.0000
0.0000, 1.0000
0.0000, 1.0000
0.0000, 1.0000
0.0000, 1.0000
0.0000, 1.0000
0.0000, 1.0000
0.0000, 1.0000
0.0000, 1.0000
0.0000, 1.0000
0.0000, 1.0000
0.0000, 1.0000
0.0000, 1.0000
0.0000, 1.0000
0.0000, 1.0000
0.0000, 1.0000
0.0000, 1.0000
0.0000, 1.0000
