0.3900, 0.2461
0.3900, 0.2461
0.3900, 0.2461
0.3900, 0.2461
0.3900, 0.2461
0.3900, 0.2461
0.3900, 0.2461
0.3900, 0.2461
0.3900, 0.2461
0.3900, 0.2461
0.3900, 0.2461
0.3900, 0.2461
0.3900, 0.2461
0.3900, 0.2461
0.3900, 0.2461
0.3900, 0.2461
0.3900, 0.2461
0.3900, 0.2461
0.3900, 0.2461
0.3900, 0.2461
0.3900, 0.2461
0.3900, 0.2461
0.3900, 0.2461
0.3900, 0.2461
0.3900, 0.2461
0.3900, 0.2461
0.3900, 0.2461
0.3900, 0.2461
0.3900, 0.2461
0.3900, 0.2461
0.3900, 0.2461
0.3900, 0.2461
0.3900, 0.2461
0.3900, 0.2461
0.3900, 0.2461
0.3900, 0.2461
0.3900, 0.2461
0.3900, 0.2461
0.3900, 0.2461
0.3900, 0.2461
0.3900, 0.2461
0.3900, 0.2461
0.3900, 0.2461
0.3900, 0.2461
0.3900, 0.2461
0.3900, 0.2461
0.3900, 0.2461
0.3900, 0.2461
0.3900, 0.2461
0.3900, 0.2461
0.3900, 0.2461
0.3900, 0.2461
0.3900, 0.2461
0.3900, 0.2461
0.3900, 0.2461
0.3900, 0.2461
0.3900, 0.2461
0.3900, 0.2461
0.3900, 0.2461
0.3900, 0.2461
0.3900, 0.2461
0.3900, 0.2461
0.3900, 0.2461
0.3900, 0.2461
0.3900, 0.2461
0.3900, 0.2461
0.3900, 0.2461
0.3900, 0.2461
0.3900, 0.2461
0.3900, 0.2461
0.3900, 0.2461
0.3900, 0.2461
0.3900, 0.2461
0.3900, 0.2461
0.3900, 0.2461
0.3900, 0.2461
0.3900, 0.2461
0.3900, 0.2461
0.3900, 0.2461
0.3900, 0.2461
0.3900, 0.2461
0.3900, 0.2461
0.3900, 0.2461
0.3900, 0.2461
0.3900, 0.2461
0.3900, 0.2461
0.3900, 0.2461
0.3900, 0.2461
0.3900, 0.2461
0.3900, 0.2461
0.3900, 0.2461
0.3900, 0.2461
0.3942, 0.2461
0.3942, 0.2461
0.3942, 0.2461
0.3942, 0.2461
0.3942, 0.2461
0.3942, 0.2461
0.3942, 0.2461
0.3942, 0.2461
0.3942, 0.2461
0.3983, 0.2461
0.3983, 0.2461
0.3983, 0.2461
0.3983, 0.2461
0.3983, 0.2461
0.3983, 0.2461
0.3983, 0.2461
0.3983, 0.2461
0.3983, 0.2461
0.4025, 0.2461
0.4025, 0.2461
0.4025, 0.2461
0.4025, 0.2461
0.4025, 0.2461
0.4066, 0.2461
0.4066, 0.2461
0.4066, 0.2461
0.4066, 0.2461
0.4108, 0.2461
0.4108, 0.2461
0.4108, 0.2461
0.4108, 0.2461
0.4149, 0.2461
0.4149, 0.2461
0.4149, 0.2461
0.4149, 0.2461
0.4191, 0.2461
0.4191, 0.2461
0.4191, 0.2461
0.4191, 0.2461
0.4191, 0.2461
0.4191, 0.2461
0.4191, 0.2461
0.4191, 0.2461
0.4191, 0.2461
0.4232, 0.2461
0.4232, 0.2461
0.4232, 0.2461
0.4232, 0.2461
0.4274, 0.2461
0.4274, 0.2461
0.4274, 0.2461
0.4274, 0.2461
0.4315, 0.2461
0.4315, 0.2461
0.4315, 0.2461
0.4315, 0.2461
0.4315, 0.2461
0.4315, 0.2461
0.4315, 0.2461
0.4315, 0.2461
0.4315, 0.2461
0.4357, 0.2461
0.4357, 0.2461
0.4357, 0.2461
0.4357, 0.2461
0.4398, 0.2461
0.4398, 0.2461
0.4398, 0.2461
0.4398, 0.2461
0.4398, 0.2461
0.4398, 0.2461
0.4398, 0.2461
0.4398, 0.2461
0.4398, 0.2461
0.4440, 0.2461
0.4440, 0.2461
0.4440, 0.2461
0.4440, 0.2461
0.4481, 0.2461
0.4481, 0.2461
0.4481, 0.2461
0.4481, 0.2461
0.4523, 0.2461
0.4523, 0.2461
0.4523, 0.2461
0.4523, 0.2461
0.4523, 0.2461
0.4564, 0.2461
0.4564, 0.2461
0.4564, 0.2461
0.4606, 0.2461
0.4606, 0.2461
0.4606, 0.2461
0.4606, 0.2461
0.4647, 0.2461
0.4647, 0.2461
0.4647, 0.2461
0.4647, 0.2461
0.4647, 0.2461
0.4647, 0.2461
0.4647, 0.2461
0.4647, 0.2461
0.4647, 0.2461
0.4689, 0.2461
0.4689, 0.2461
0.4689, 0.2461
0.4689, 0.2461
0.4730, 0.2461
0.4730, 0.2461
0.4730, 0.2461
0.4730, 0.2461
0.4730, 0.2461
0.4730, 0.2461
0.4730, 0.2461
0.4730, 0.2461
0.4730, 0.2461
0.4730, 0.2461
0.4730, 0.2461
0.4730, 0.2461
0.4730, 0.2461
0.4772, 0.2461
0.4772, 0.2461
0.4772, 0.2461
0.4772, 0.2461
0.4772, 0.2461
0.4772, 0.2461
0.4772, 0.2461
0.4772, 0.2461
0.4772, 0.2461
0.4813, 0.2461
0.4813, 0.2461
0.4813, 0.2461
0.4813, 0.2461
0.4813, 0.2461
0.4813, 0.2461
0.4813, 0.2461
0.4813, 0.2461
0.4813, 0.2461
0.4813, 0.2461
0.4813, 0.2461
0.4813, 0.2461
0.4855, 0.2487
0.4855, 0.2487
0.4855, 0.2487
0.4855, 0.2487
0.4896, 0.2487
0.4896, 0.2487
0.4896, 0.2487
0.4896, 0.2487
0.4938, 0.2487
0.4938, 0.2487
0.4938, 0.2487
0.4938, 0.2487
0.4938, 0.2487
0.4938, 0.2487
0.4938, 0.2487
0.4938, 0.2487
0.4938, 0.2487
0.4979, 0.2487
0.4979, 0.2487
0.4979, 0.2487
0.4979, 0.2487
0.4979, 0.2487
0.4979, 0.2487
0.4979, 0.2487
0.4979, 0.2487
0.5021, 0.2487
0.5021, 0.2487
0.5021, 0.2487
0.5021, 0.2487
0.5021, 0.2487
0.5021, 0.2487
0.5021, 0.2487
0.5021, 0.2487
0.5021, 0.2487
0.5062, 0.2487
0.5062, 0.2487
0.5062, 0.2487
0.5062, 0.2487
0.5062, 0.2487
0.5062, 0.2487
0.5062, 0.2487
0.5062, 0.2487
0.5062, 0.2487
0.5104, 0.2487
0.5104, 0.2487
0.5104, 0.2487
0.5104, 0.2487
0.5145, 0.2487
0.5145, 0.2487
0.5145, 0.2487
0.5145, 0.2487
0.5145, 0.2487
0.5145, 0.2487
0.5145, 0.2487
0.5145, 0.2487
0.5187, 0.2487
0.5187, 0.2487
0.5187, 0.2487
0.5187, 0.2487
0.5187, 0.2487
0.5187, 0.2487
0.5187, 0.2487
0.5187, 0.2487
0.5228, 0.2487
0.5228, 0.2487
0.5228, 0.2487
0.5228, 0.2487
0.5228, 0.2487
0.5228, 0.2487
0.5228, 0.2487
0.5228, 0.2487
0.5228, 0.2487
0.5228, 0.2487
0.5228, 0.2487
0.5228, 0.2487
0.5228, 0.2487
0.5228, 0.2487
0.5228, 0.2487
0.5228, 0.2487
0.5228, 0.2487
0.5270, 0.2487
0.5270, 0.2487
0.5270, 0.2487
0.5270, 0.2487
0.5270, 0.2487
0.5270, 0.2487
0.5270, 0.2487
0.5270, 0.2487
0.5270, 0.2487
0.5311, 0.2487
0.5311, 0.2487
0.5311, 0.2487
0.5311, 0.2487
0.5311, 0.2487
0.5311, 0.2487
0.5311, 0.2487
0.5311, 0.2487
0.5311, 0.2487
0.5311, 0.2487
0.5311, 0.2487
0.5311, 0.2487
0.5311, 0.2487
0.5311, 0.2487
0.5311, 0.2487
0.5311, 0.2487
0.5311, 0.2487
0.5353, 0.2487
0.5353, 0.2487
0.5353, 0.2487
0.5353, 0.2487
0.5353, 0.2487
0.5353, 0.2487
0.5353, 0.2487
0.5353, 0.2487
0.5353, 0.2461
0.5353, 0.2461
0.5353, 0.2461
0.5353, 0.2461
0.5353, 0.2461
0.5353, 0.2461
0.5353, 0.2461
0.5394, 0.2461
0.5394, 0.2461
0.5394, 0.2461
0.5394, 0.2461
0.5394, 0.2461
0.5394, 0.2461
0.5394, 0.2461
0.5394, 0.2461
0.5436, 0.2461
0.5436, 0.2461
0.5436, 0.2461
0.5436, 0.2461
0.5436, 0.2461
0.5436, 0.2461
0.5436, 0.2461
0.5436, 0.2461
0.5436, 0.2435
0.5436, 0.2435
0.5436, 0.2435
0.5436, 0.2435
0.5477, 0.2435
0.5477, 0.2435
0.5477, 0.2435
0.5477, 0.2435
0.5477, 0.2435
0.5477, 0.2435
0.5477, 0.2435
0.5477, 0.2435
0.5477, 0.2435
0.5477, 0.2435
0.5477, 0.2435
0.5477, 0.2435
0.5477, 0.2435
0.5477, 0.2435
0.5477, 0.2435
0.5477, 0.2435
0.5477, 0.2435
0.5519, 0.2408
0.5519, 0.2408
0.5519, 0.2408
0.5519, 0.2408
0.5519, 0.2408
0.5519, 0.2408
0.5519, 0.2408
0.5519, 0.2408
0.5519, 0.2408
0.5519, 0.2408
0.5519, 0.2408
0.5519, 0.2408
0.5560, 0.2382
0.5560, 0.2382
0.5560, 0.2382
0.5560, 0.2382
0.5560, 0.2382
0.5560, 0.2382
0.5560, 0.2382
0.5560, 0.2382
0.5560, 0.2382
0.5560, 0.2382
0.5560, 0.2356
0.5560, 0.2356
0.5560, 0.2356
0.5560, 0.2356
0.5602, 0.2356
0.5602, 0.2356
0.5602, 0.2356
0.5602, 0.2356
0.5602, 0.2330
0.5602, 0.2330
0.5602, 0.2330
0.5602, 0.2330
0.5643, 0.2330
0.5643, 0.2330
0.5643, 0.2330
0.5643, 0.2330
0.5643, 0.2330
0.5643, 0.2330
0.5643, 0.2330
0.5643, 0.2330
0.5643, 0.2330
0.5643, 0.2330
0.5643, 0.2330
0.5643, 0.2330
0.5643, 0.2304
0.5643, 0.2304
0.5643, 0.2304
0.5643, 0.2304
0.5643, 0.2304
0.5643, 0.2304
0.5643, 0.2304
0.5643, 0.2304
0.5643, 0.2277
0.5643, 0.2277
0.5643, 0.2277
0.5643, 0.2277
0.5643, 0.2277
0.5643, 0.2277
0.5643, 0.2277
0.5643, 0.2277
0.5643, 0.2277
0.5643, 0.2277
0.5643, 0.2277
0.5643, 0.2277
0.5685, 0.2251
0.5685, 0.2251
0.5685, 0.2251
0.5685, 0.2251
0.5685, 0.2225
0.5685, 0.2225
0.5685, 0.2225
0.5685, 0.2225
0.5685, 0.2225
0.5685, 0.2225
0.5685, 0.2225
0.5685, 0.2225
0.5685, 0.2199
0.5685, 0.2199
0.5685, 0.2199
0.5685, 0.2199
0.5726, 0.2199
0.5726, 0.2199
0.5726, 0.2199
0.5726, 0.2199
0.5726, 0.2173
0.5726, 0.2173
0.5726, 0.2173
0.5726, 0.2173
0.5726, 0.2173
0.5726, 0.2173
0.5726, 0.2173
0.5726, 0.2173
0.5726, 0.2147
0.5726, 0.2147
0.5726, 0.2147
0.5726, 0.2147
0.5726, 0.2147
0.5726, 0.2147
0.5726, 0.2147
0.5726, 0.2147
0.5726, 0.2120
0.5726, 0.2120
0.5726, 0.2120
0.5726, 0.2094
0.5726, 0.2094
0.5726, 0.2094
0.5726, 0.2094
0.5726, 0.2094
0.5726, 0.2094
0.5726, 0.2094
0.5726, 0.2094
0.5726, 0.2068
0.5726, 0.2068
0.5726, 0.2068
0.5726, 0.2068
0.5726, 0.2068
0.5726, 0.2068
0.5726, 0.2068
0.5726, 0.2068
0.5726, 0.2042
0.5726, 0.2042
0.5726, 0.2042
0.5726, 0.2042
0.5726, 0.2016
0.5726, 0.2016
0.5726, 0.2016
0.5726, 0.2016
0.5726, 0.2016
0.5726, 0.2016
0.5726, 0.2016
0.5726, 0.2016
0.5726, 0.1990
0.5726, 0.1990
0.5726, 0.1990
0.5726, 0.1990
0.5726, 0.1963
0.5726, 0.1963
0.5726, 0.1963
0.5726, 0.1937
0.5726, 0.1937
0.5726, 0.1937
0.5726, 0.1937
0.5726, 0.1937
0.5726, 0.1937
0.5726, 0.1937
0.5726, 0.1937
0.5726, 0.1937
0.5726, 0.1937
0.5726, 0.1937
0.5726, 0.1937
0.5726, 0.1911
0.5726, 0.1911
0.5726, 0.1911
0.5726, 0.1911
0.5726, 0.1885
0.5726, 0.1885
0.5726, 0.1885
0.5726, 0.1885
0.5726, 0.1885
0.5726, 0.1885
0.5726, 0.1885
0.5726, 0.1859
0.5726, 0.1859
0.5726, 0.1859
0.5726, 0.1859
0.5726, 0.1832
0.5726, 0.1832
0.5726, 0.1832
0.5726, 0.1832
0.5726, 0.1806
0.5726, 0.1806
0.5726, 0.1806
0.5726, 0.1806
0.5726, 0.1806
0.5726, 0.1806
0.5726, 0.1806
0.5726, 0.1780
0.5726, 0.1780
0.5726, 0.1780
0.5726, 0.1780
0.5726, 0.1754
0.5726, 0.1754
0.5726, 0.1754
0.5726, 0.1754
0.5726, 0.1754
0.5726, 0.1754
0.5726, 0.1754
0.5726, 0.1754
0.5726, 0.1728
0.5726, 0.1728
0.5726, 0.1728
0.5726, 0.1702
0.5726, 0.1702
0.5726, 0.1702
0.5726, 0.1702
0.5726, 0.1702
0.5726, 0.1702
0.5726, 0.1702
0.5726, 0.1675
0.5726, 0.1675
0.5726, 0.1675
0.5726, 0.1675
0.5726, 0.1675
0.5726, 0.1675
0.5726, 0.1675
0.5726, 0.1675
0.5685, 0.1675
0.5685, 0.1675
0.5685, 0.1675
0.5685, 0.1649
0.5685, 0.1649
0.5685, 0.1649
0.5685, 0.1649
0.5685, 0.1623
0.5685, 0.1623
0.5685, 0.1623
0.5685, 0.1623
0.5685, 0.1623
0.5685, 0.1623
0.5685, 0.1623
0.5685, 0.1623
0.5685, 0.1623
0.5685, 0.1623
0.5685, 0.1623
0.5685, 0.1623
0.5685, 0.1597
0.5685, 0.1597
0.5685, 0.1597
0.5685, 0.1597
0.5685, 0.1571
0.5685, 0.1571
0.5685, 0.1571
0.5685, 0.1545
0.5685, 0.1545
0.5685, 0.1545
0.5685, 0.1545
0.5685, 0.1545
0.5685, 0.1545
0.5685, 0.1545
0.5685, 0.1545
0.5685, 0.1545
0.5685, 0.1545
0.5685, 0.1545
0.5685, 0.1545
0.5685, 0.1545
0.5685, 0.1545
0.5685, 0.1545
0.5685, 0.1518
0.5685, 0.1518
0.5685, 0.1518
0.5685, 0.1518
0.5685, 0.1518
0.5685, 0.1518
0.5685, 0.1518
0.5685, 0.1518
0.5685, 0.1492
0.5685, 0.1492
0.5685, 0.1492
0.5685, 0.1492
0.5685, 0.1492
0.5685, 0.1492
0.5685, 0.1492
0.5685, 0.1492
0.5685, 0.1492
0.5685, 0.1492
0.5685, 0.1492
0.5685, 0.1466
0.5685, 0.1466
0.5685, 0.1466
0.5685, 0.1466
0.5685, 0.1466
0.5685, 0.1466
0.5685, 0.1466
0.5685, 0.1466
0.5685, 0.1440
0.5685, 0.1440
0.5685, 0.1440
0.5685, 0.1440
0.5685, 0.1440
0.5685, 0.1440
0.5685, 0.1440
0.5685, 0.1440
0.5685, 0.1440
0.5685, 0.1440
0.5685, 0.1440
0.5685, 0.1440
0.5685, 0.1440
0.5685, 0.1440
0.5685, 0.1440
0.5685, 0.1440
0.5685, 0.1414
0.5685, 0.1414
0.5685, 0.1414
0.5643, 0.1414
0.5643, 0.1414
0.5643, 0.1414
0.5643, 0.1387
0.5643, 0.1387
0.5643, 0.1387
0.5643, 0.1361
0.5643, 0.1361
0.5643, 0.1361
0.5643, 0.1361
0.5643, 0.1361
0.5643, 0.1361
0.5643, 0.1361
0.5643, 0.1361
0.5643, 0.1361
0.5643, 0.1361
0.5643, 0.1361
0.5643, 0.1361
0.5643, 0.1361
0.5643, 0.1361
0.5643, 0.1361
0.5643, 0.1335
0.5643, 0.1335
0.5643, 0.1335
0.5643, 0.1335
0.5643, 0.1309
0.5643, 0.1309
0.5643, 0.1309
0.5602, 0.1309
0.5602, 0.1309
0.5602, 0.1309
0.5602, 0.1309
0.5602, 0.1309
0.5602, 0.1309
0.5602, 0.1309
0.5602, 0.1283
0.5602, 0.1283
0.5602, 0.1283
0.5602, 0.1283
0.5602, 0.1283
0.5602, 0.1283
0.5602, 0.1283
0.5602, 0.1257
0.5602, 0.1257
0.5602, 0.1257
0.5602, 0.1257
0.5602, 0.1257
0.5602, 0.1257
0.5602, 0.1257
0.5602, 0.1257
0.5602, 0.1230
0.5602, 0.1230
0.5602, 0.1230
0.5602, 0.1230
0.5602, 0.1230
0.5602, 0.1230
0.5602, 0.1230
0.5602, 0.1230
0.5602, 0.1230
0.5602, 0.1230
0.5602, 0.1230
0.5602, 0.1230
0.5602, 0.1230
0.5602, 0.1230
0.5602, 0.1230
0.5602, 0.1204
0.5602, 0.1204
0.5602, 0.1204
0.5602, 0.1204
0.5602, 0.1178
0.5602, 0.1178
0.5602, 0.1178
0.5602, 0.1178
0.5602, 0.1178
0.5602, 0.1178
0.5602, 0.1178
0.5602, 0.1178
0.5602, 0.1178
0.5602, 0.1178
0.5602, 0.1178
0.5602, 0.1178
0.5602, 0.1178
0.5602, 0.1178
0.5602, 0.1178
0.5560, 0.1152
0.5560, 0.1152
0.5560, 0.1152
0.5560, 0.1126
0.5560, 0.1126
0.5560, 0.1126
0.5560, 0.1099
0.5560, 0.1099
0.5560, 0.1099
0.5560, 0.1099
0.5560, 0.1099
0.5560, 0.1099
0.5560, 0.1099
0.5560, 0.1099
0.5560, 0.1099
0.5560, 0.1099
0.5560, 0.1099
0.5519, 0.1073
0.5519, 0.1073
0.5519, 0.1073
0.5519, 0.1073
0.5519, 0.1073
0.5519, 0.1073
0.5519, 0.1073
0.5519, 0.1073
0.5519, 0.1047
0.5519, 0.1047
0.5519, 0.1047
0.5519, 0.1047
0.5519, 0.1047
0.5519, 0.1047
0.5519, 0.1047
0.5519, 0.1047
0.5519, 0.1047
0.5519, 0.1047
0.5519, 0.1021
0.5519, 0.1021
0.5519, 0.1021
0.5519, 0.1021
0.5519, 0.1021
0.5519, 0.1021
0.5519, 0.1021
0.5519, 0.1021
0.5477, 0.0995
0.5477, 0.0995
0.5477, 0.0995
0.5477, 0.0969
0.5477, 0.0969
0.5477, 0.0969
0.5477, 0.0969
0.5477, 0.0969
0.5477, 0.0969
0.5477, 0.0969
0.5477, 0.0969
0.5477, 0.0969
0.5477, 0.0969
0.5477, 0.0969
0.5477, 0.0942
0.5477, 0.0942
0.5477, 0.0942
0.5477, 0.0942
0.5477, 0.0942
0.5477, 0.0942
0.5477, 0.0942
0.5477, 0.0916
0.5477, 0.0916
0.5477, 0.0916
0.5477, 0.0916
0.5477, 0.0916
0.5477, 0.0916
0.5477, 0.0916
0.5477, 0.0916
0.5477, 0.0890
0.5477, 0.0890
0.5477, 0.0890
0.5477, 0.0864
0.5477, 0.0864
0.5477, 0.0864
0.5477, 0.0864
0.5477, 0.0864
0.5477, 0.0864
0.5477, 0.0864
0.5477, 0.0864
0.5477, 0.0838
0.5477, 0.0838
0.5477, 0.0838
0.5477, 0.0838
0.5477, 0.0838
0.5477, 0.0838
0.5477, 0.0838
0.5477, 0.0812
0.5477, 0.0812
0.5477, 0.0812
0.5477, 0.0812
0.5477, 0.0785
0.5477, 0.0785
0.5477, 0.0785
0.5477, 0.0785
0.5477, 0.0785
0.5477, 0.0785
0.5477, 0.0785
0.5477, 0.0785
0.5477, 0.0785
0.5477, 0.0785
0.5477, 0.0785
0.5477, 0.0785
0.5477, 0.0785
0.5477, 0.0785
0.5477, 0.0759
0.5477, 0.0759
0.5477, 0.0759
0.5477, 0.0759
0.5477, 0.0733
0.5477, 0.0733
0.5477, 0.0733
0.5477, 0.0733
0.5477, 0.0733
0.5477, 0.0733
0.5477, 0.0733
0.5477, 0.0707
0.5477, 0.0707
0.5477, 0.0707
0.5477, 0.0707
0.5477, 0.0707
0.5477, 0.0707
0.5477, 0.0707
0.5477, 0.0681
0.5477, 0.0681
0.5477, 0.0681
0.5477, 0.0681
0.5477, 0.0654
0.5477, 0.0654
0.5477, 0.0654
0.5477, 0.0654
0.5477, 0.0654
0.5477, 0.0654
0.5477, 0.0654
0.5477, 0.0654
0.5477, 0.0654
0.5477, 0.0654
0.5477, 0.0654
0.5477, 0.0628
0.5477, 0.0628
0.5477, 0.0628
0.5477, 0.0628
0.5477, 0.0628
0.5477, 0.0628
0.5477, 0.0628
0.5477, 0.0602
0.5477, 0.0602
0.5477, 0.0602
0.5477, 0.0602
0.5477, 0.0602
0.5477, 0.0602
0.5477, 0.0602
0.5477, 0.0602
0.5477, 0.0602
0.5477, 0.0602
0.5477, 0.0602
0.5477, 0.0576
0.5477, 0.0576
0.5477, 0.0576
0.5477, 0.0550
0.5477, 0.0550
0.5477, 0.0550
0.5477, 0.0550
0.5477, 0.0524
0.5477, 0.0524
0.5477, 0.0524
0.5519, 0.0524
0.5519, 0.0524
0.5519, 0.0524
0.5519, 0.0524
0.5519, 0.0524
0.5519, 0.0524
0.5519, 0.0524
0.5519, 0.0497
0.5519, 0.0497
0.5519, 0.0497
0.5519, 0.0497
0.5560, 0.0471
0.5560, 0.0471
0.5560, 0.0471
0.5560, 0.0471
0.5560, 0.0471
0.5560, 0.0471
0.5560, 0.0471
0.5560, 0.0471
0.5560, 0.0471
0.5560, 0.0471
0.5560, 0.0471
0.5560, 0.0445
0.5560, 0.0445
0.5560, 0.0445
0.5560, 0.0445
0.5560, 0.0445
0.5560, 0.0445
0.5560, 0.0445
0.5560, 0.0419
0.5560, 0.0419
0.5560, 0.0419
0.5560, 0.0419
0.5560, 0.0419
0.5560, 0.0419
0.5560, 0.0419
0.5602, 0.0393
0.5602, 0.0393
0.5602, 0.0393
0.5602, 0.0393
0.5602, 0.0393
0.5602, 0.0393
0.5602, 0.0393
0.5602, 0.0393
0.5602, 0.0393
0.5602, 0.0393
0.5602, 0.0393
0.5643, 0.0393
0.5643, 0.0393
0.5643, 0.0393
0.5643, 0.0366
0.5643, 0.0366
0.5643, 0.0366
0.5643, 0.0366
0.5643, 0.0366
0.5643, 0.0366
0.5643, 0.0366
0.5643, 0.0366
0.5643, 0.0340
0.5643, 0.0340
0.5643, 0.0340
0.5643, 0.0340
0.5643, 0.0340
0.5643, 0.0340
0.5643, 0.0340
0.5643, 0.0340
0.5643, 0.0340
0.5643, 0.0340
0.5643, 0.0340
0.5643, 0.0340
0.5643, 0.0340
0.5643, 0.0340
0.5685, 0.0314
0.5685, 0.0314
0.5685, 0.0314
0.5685, 0.0314
0.5685, 0.0314
0.5685, 0.0314
0.5685, 0.0314
0.5726, 0.0288
0.5726, 0.0288
0.5726, 0.0288
0.5726, 0.0288
0.5726, 0.0288
0.5726, 0.0288
0.5726, 0.0288
0.5726, 0.0288
0.5726, 0.0288
0.5726, 0.0288
0.5726, 0.0288
0.5768, 0.0262
0.5768, 0.0262
0.5768, 0.0262
0.5768, 0.0262
0.5768, 0.0262
0.5768, 0.0262
0.5768, 0.0262
0.5768, 0.0262
0.5768, 0.0262
0.5768, 0.0262
0.5768, 0.0262
0.5768, 0.0262
0.5768, 0.0262
0.5768, 0.0262
0.5768, 0.0262
0.5768, 0.0262
0.5768, 0.0262
0.5768, 0.0262
0.5809, 0.0236
0.5809, 0.0236
0.5809, 0.0236
0.5809, 0.0236
0.5809, 0.0236
0.5809, 0.0236
0.5809, 0.0236
0.5809, 0.0236
0.5809, 0.0236
0.5809, 0.0236
0.5851, 0.0209
0.5851, 0.0209
0.5851, 0.0209
0.5851, 0.0209
0.5851, 0.0209
0.5851, 0.0209
0.5851, 0.0209
0.5851, 0.0209
0.5851, 0.0209
0.5851, 0.0209
0.5851, 0.0209
0.5851, 0.0209
0.5851, 0.0209
0.5851, 0.0209
0.5851, 0.0209
0.5892, 0.0183
0.5892, 0.0183
0.5892, 0.0183
0.5892, 0.0183
0.5892, 0.0183
0.5892, 0.0183
0.5892, 0.0183
0.5934, 0.0157
0.5934, 0.0157
0.5934, 0.0157
0.5934, 0.0157
0.5934, 0.0157
0.5934, 0.0157
0.5934, 0.0157
0.5934, 0.0157
0.5934, 0.0157
0.5934, 0.0157
0.5934, 0.0157
0.5975, 0.0131
0.5975, 0.0131
0.5975, 0.0131
0.5975, 0.0131
0.5975, 0.0131
0.5975, 0.0131
0.5975, 0.0131
0.5975, 0.0131
0.5975, 0.0131
0.5975, 0.0131
0.6017, 0.0131
0.6017, 0.0131
0.6017, 0.0131
0.6017, 0.0131
0.6017, 0.0131
0.6017, 0.0131
0.6017, 0.0131
0.6017, 0.0131
0.6058, 0.0131
0.6058, 0.0131
0.6058, 0.0131
0.6058, 0.0105
0.6058, 0.0105
0.6058, 0.0105
0.6058, 0.0105
0.6058, 0.0105
0.6058, 0.0105
0.6058, 0.0105
0.6058, 0.0079
0.6058, 0.0079
0.6058, 0.0079
0.6100, 0.0079
0.6100, 0.0079
0.6100, 0.0079
0.6100, 0.0079
0.6100, 0.0079
0.6100, 0.0079
0.6100, 0.0079
0.6141, 0.0079
0.6141, 0.0079
0.6141, 0.0079
0.6141, 0.0079
0.6141, 0.0079
0.6141, 0.0079
0.6141, 0.0079
0.6141, 0.0079
0.6141, 0.0079
0.6141, 0.0079
0.6183, 0.0079
0.6183, 0.0079
0.6183, 0.0079
0.6183, 0.0079
0.6183, 0.0079
0.6183, 0.0079
0.6183, 0.0079
0.6224, 0.0052
0.6224, 0.0052
0.6224, 0.0052
0.6266, 0.0052
0.6266, 0.0052
0.6266, 0.0052
0.6266, 0.0052
0.6266, 0.0052
0.6266, 0.0052
0.6266, 0.0052
0.6266, 0.0052
0.6266, 0.0052
0.6266, 0.0052
0.6266, 0.0052
0.6266, 0.0026
0.6266, 0.0026
0.6266, 0.0026
0.6307, 0.0026
0.6307, 0.0026
0.6307, 0.0026
0.6349, 0.0026
0.6349, 0.0026
0.6349, 0.0026
0.6349, 0.0026
0.6349, 0.0026
0.6349, 0.0026
0.6349, 0.0026
0.6390, 0.0000
0.6390, 0.0000
0.6390, 0.0000
0.6432, 0.0000
0.6432, 0.0000
0.6432, 0.0000
0.6473, 0.0000
0.6473, 0.0000
0.6473, 0.0000
0.6473, 0.0000
0.6473, 0.0000
0.6473, 0.0000
0.6473, 0.0000
0.6473, 0.0000
0.6473, 0.0000
0.6473, 0.0000
0.6515, 0.0000
0.6515, 0.0000
0.6515, 0.0000
0.6515, 0.0000
0.6556, 0.0000
0.6556, 0.0000
0.6556, 0.0000
0.6598, 0.0000
0.6598, 0.0000
0.6598, 0.0000
0.6639, 0.0000
0.6680, 0.0000
0.6680, 0.0000
0.6680, 0.0000
0.6680, 0.0000
0.6763, 0.0000
0.6763, 0.0000
0.6805, 0.0000
0.6805, 0.0000
0.6846, 0.0000
0.6846, 0.0000
0.6846, 0.0000
0.6888, 0.0000
0.6888, 0.0000
0.6888, 0.0000
0.6888, 0.0000
0.6888, 0.0000
0.6888, 0.0000
0.6888, 0.0000
0.6929, 0.0000
0.6929, 0.0000
0.6929, 0.0000
0.6971, 0.0000
0.6971, 0.0000
0.6971, 0.0000
0.6971, 0.0000
0.6971, 0.0000
0.6971, 0.0000
0.6971, 0.0000
0.7012, 0.0000
0.7012, 0.0000
0.7012, 0.0000
0.7054, 0.0000
0.7054, 0.0000
0.7054, 0.0000
0.7095, 0.0026
0.7095, 0.0026
0.7095, 0.0026
0.7095, 0.0026
0.7095, 0.0026
0.7095, 0.0026
0.7095, 0.0026
0.7178, 0.0026
0.7178, 0.0026
0.7178, 0.0026
0.7178, 0.0052
0.7178, 0.0052
0.7178, 0.0052
0.7220, 0.0052
0.7220, 0.0052
0.7220, 0.0052
0.7220, 0.0052
0.7261, 0.0052
0.7261, 0.0052
0.7261, 0.0052
0.7261, 0.0052
0.7261, 0.0052
0.7261, 0.0052
0.7261, 0.0052
0.7303, 0.0052
0.7303, 0.0052
0.7303, 0.0052
0.7303, 0.0052
0.7303, 0.0052
0.7303, 0.0052
0.7303, 0.0052
0.7344, 0.0079
0.7344, 0.0079
0.7344, 0.0079
0.7386, 0.0079
0.7386, 0.0079
0.7386, 0.0079
0.7386, 0.0079
0.7386, 0.0079
0.7386, 0.0079
0.7386, 0.0079
0.7386, 0.0079
0.7386, 0.0079
0.7386, 0.0079
0.7427, 0.0105
0.7427, 0.0105
0.7427, 0.0105
0.7469, 0.0105
0.7469, 0.0105
0.7469, 0.0105
0.7510, 0.0105
0.7510, 0.0105
0.7510, 0.0105
0.7510, 0.0105
0.7552, 0.0105
0.7552, 0.0105
0.7552, 0.0105
0.7593, 0.0131
0.7593, 0.0131
0.7593, 0.0131
0.7593, 0.0131
0.7593, 0.0131
0.7593, 0.0131
0.7635, 0.0131
0.7635, 0.0131
0.7635, 0.0131
0.7635, 0.0131
0.7635, 0.0131
0.7635, 0.0131
0.7676, 0.0157
0.7676, 0.0157
0.7676, 0.0157
0.7676, 0.0157
0.7676, 0.0157
0.7676, 0.0157
0.7676, 0.0157
0.7718, 0.0157
0.7718, 0.0157
0.7718, 0.0157
0.7718, 0.0157
0.7718, 0.0183
0.7718, 0.0183
0.7718, 0.0183
0.7759, 0.0183
0.7759, 0.0183
0.7759, 0.0183
0.7801, 0.0183
0.7801, 0.0183
0.7801, 0.0183
0.7801, 0.0209
0.7801, 0.0209
0.7801, 0.0209
0.7801, 0.0209
0.7801, 0.0209
0.7801, 0.0209
0.7842, 0.0236
0.7842, 0.0236
0.7842, 0.0236
0.7884, 0.0236
0.7884, 0.0236
0.7884, 0.0236
0.7925, 0.0236
0.7925, 0.0236
0.7925, 0.0236
0.7925, 0.0262
0.7925, 0.0262
0.7925, 0.0262
0.7925, 0.0262
0.7925, 0.0262
0.7925, 0.0262
0.7925, 0.0262
0.7967, 0.0288
0.7967, 0.0288
0.7967, 0.0288
0.8008, 0.0288
0.8008, 0.0288
0.8008, 0.0288
0.8008, 0.0314
0.8008, 0.0314
0.8008, 0.0314
0.8050, 0.0314
0.8050, 0.0314
0.8050, 0.0314
0.8050, 0.0314
0.8091, 0.0314
0.8091, 0.0314
0.8091, 0.0314
0.8133, 0.0340
0.8133, 0.0340
0.8133, 0.0340
0.8133, 0.0366
0.8133, 0.0366
0.8133, 0.0366
0.8174, 0.0366
0.8174, 0.0366
0.8174, 0.0366
0.8216, 0.0393
0.8216, 0.0393
0.8216, 0.0393
0.8216, 0.0419
0.8216, 0.0419
0.8216, 0.0419
0.8257, 0.0419
0.8257, 0.0419
0.8257, 0.0419
0.8299, 0.0445
0.8299, 0.0445
0.8299, 0.0445
0.8299, 0.0445
0.8299, 0.0445
0.8299, 0.0445
0.8299, 0.0445
0.8340, 0.0445
0.8340, 0.0445
0.8340, 0.0445
0.8340, 0.0471
0.8340, 0.0471
0.8340, 0.0471
0.8382, 0.0471
0.8382, 0.0471
0.8382, 0.0471
0.8423, 0.0497
0.8423, 0.0497
0.8423, 0.0497
0.8423, 0.0497
0.8423, 0.0497
0.8423, 0.0497
0.8423, 0.0497
0.8465, 0.0524
0.8465, 0.0524
0.8465, 0.0524
0.8465, 0.0550
0.8465, 0.0550
0.8465, 0.0550
0.8506, 0.0550
0.8506, 0.0550
0.8506, 0.0550
0.8548, 0.0576
0.8548, 0.0576
0.8548, 0.0576
0.8548, 0.0576
0.8548, 0.0576
0.8548, 0.0576
0.8548, 0.0602
0.8548, 0.0602
0.8548, 0.0602
0.8589, 0.0602
0.8589, 0.0602
0.8589, 0.0602
0.8589, 0.0602
0.8589, 0.0628
0.8589, 0.0628
0.8589, 0.0628
0.8631, 0.0628
0.8631, 0.0628
0.8631, 0.0628
0.8631, 0.0654
0.8631, 0.0654
0.8631, 0.0654
0.8631, 0.0654
0.8631, 0.0654
0.8631, 0.0654
0.8672, 0.0681
0.8672, 0.0681
0.8672, 0.0681
0.8714, 0.0681
0.8714, 0.0681
0.8714, 0.0681
0.8714, 0.0707
0.8714, 0.0707
0.8714, 0.0707
0.8755, 0.0733
0.8755, 0.0733
0.8755, 0.0733
0.8755, 0.0759
0.8755, 0.0759
0.8755, 0.0759
0.8755, 0.0759
0.8755, 0.0759
0.8755, 0.0759
0.8797, 0.0785
0.8797, 0.0785
0.8797, 0.0785
0.8838, 0.0812
0.8838, 0.0812
0.8838, 0.0812
0.8838, 0.0812
0.8838, 0.0812
0.8838, 0.0812
0.8838, 0.0838
0.8838, 0.0838
0.8838, 0.0838
0.8838, 0.0838
0.8838, 0.0838
0.8838, 0.0838
0.8880, 0.0864
0.8880, 0.0864
0.8880, 0.0864
0.8921, 0.0890
0.8921, 0.0890
0.8921, 0.0890
0.8921, 0.0890
0.8921, 0.0890
0.8921, 0.0890
0.8921, 0.0890
0.8963, 0.0916
0.8963, 0.0916
0.8963, 0.0916
0.8963, 0.0916
0.8963, 0.0916
0.8963, 0.0916
0.8963, 0.0942
0.8963, 0.0942
0.8963, 0.0942
0.8963, 0.0942
0.8963, 0.0942
0.8963, 0.0942
0.8963, 0.0942
0.9004, 0.0969
0.9004, 0.0969
0.9004, 0.0969
0.9004, 0.0995
0.9004, 0.0995
0.9004, 0.0995
0.9046, 0.0995
0.9046, 0.0995
0.9046, 0.0995
0.9046, 0.1021
0.9046, 0.1021
0.9046, 0.1021
0.9046, 0.1021
0.9046, 0.1021
0.9046, 0.1021
0.9046, 0.1021
0.9046, 0.1021
0.9046, 0.1021
0.9046, 0.1021
0.9087, 0.1047
0.9087, 0.1047
0.9087, 0.1047
0.9129, 0.1073
0.9129, 0.1073
0.9129, 0.1073
0.9129, 0.1073
0.9129, 0.1073
0.9129, 0.1073
0.9129, 0.1099
0.9129, 0.1099
0.9170, 0.1126
0.9170, 0.1126
0.9170, 0.1126
0.9170, 0.1152
0.9170, 0.1152
0.9170, 0.1152
0.9212, 0.1152
0.9212, 0.1152
0.9212, 0.1152
0.9212, 0.1152
0.9212, 0.1152
0.9212, 0.1152
0.9212, 0.1152
0.9212, 0.1178
0.9212, 0.1178
0.9212, 0.1178
0.9253, 0.1204
0.9253, 0.1204
0.9253, 0.1204
0.9253, 0.1204
0.9253, 0.1204
0.9253, 0.1204
0.9253, 0.1204
0.9253, 0.1204
0.9253, 0.1204
0.9253, 0.1230
0.9253, 0.1230
0.9253, 0.1230
0.9295, 0.1257
0.9295, 0.1257
0.9295, 0.1257
0.9336, 0.1283
0.9336, 0.1283
0.9336, 0.1283
0.9336, 0.1283
0.9336, 0.1283
0.9336, 0.1283
0.9336, 0.1283
0.9336, 0.1309
0.9336, 0.1309
0.9336, 0.1309
0.9336, 0.1335
0.9336, 0.1335
0.9336, 0.1335
0.9378, 0.1335
0.9378, 0.1335
0.9378, 0.1335
0.9378, 0.1335
0.9378, 0.1335
0.9378, 0.1335
0.9419, 0.1361
0.9419, 0.1361
0.9419, 0.1361
0.9419, 0.1361
0.9419, 0.1361
0.9419, 0.1361
0.9461, 0.1387
0.9461, 0.1387
0.9461, 0.1387
0.9461, 0.1414
0.9461, 0.1414
0.9461, 0.1414
0.9461, 0.1414
0.9461, 0.1414
0.9461, 0.1414
0.9461, 0.1414
0.9461, 0.1414
0.9461, 0.1414
0.9461, 0.1414
0.9461, 0.1440
0.9461, 0.1440
0.9461, 0.1440
0.9502, 0.1466
0.9502, 0.1466
0.9502, 0.1466
0.9502, 0.1466
0.9502, 0.1466
0.9502, 0.1466
0.9544, 0.1466
0.9544, 0.1466
0.9544, 0.1466
0.9544, 0.1492
0.9544, 0.1492
0.9544, 0.1492
0.9544, 0.1492
0.9544, 0.1492
0.9544, 0.1492
0.9544, 0.1518
0.9544, 0.1518
0.9544, 0.1518
0.9544, 0.1518
0.9544, 0.1518
0.9544, 0.1518
0.9544, 0.1518
0.9585, 0.1518
0.9585, 0.1518
0.9585, 0.1545
0.9585, 0.1545
0.9585, 0.1545
0.9627, 0.1571
0.9627, 0.1571
0.9627, 0.1571
0.9627, 0.1571
0.9627, 0.1571
0.9627, 0.1571
0.9627, 0.1571
0.9627, 0.1597
0.9627, 0.1597
0.9627, 0.1597
0.9668, 0.1597
0.9668, 0.1597
0.9668, 0.1597
0.9668, 0.1597
0.9668, 0.1597
0.9668, 0.1597
0.9668, 0.1623
0.9668, 0.1623
0.9668, 0.1623
0.9668, 0.1649
0.9668, 0.1649
0.9710, 0.1649
0.9710, 0.1649
0.9710, 0.1649
0.9710, 0.1649
0.9710, 0.1649
0.9710, 0.1649
0.9710, 0.1675
0.9710, 0.1675
0.9710, 0.1675
0.9751, 0.1702
0.9751, 0.1702
0.9751, 0.1702
0.9751, 0.1702
0.9751, 0.1702
0.9751, 0.1702
0.9751, 0.1728
0.9751, 0.1728
0.9751, 0.1728
0.9751, 0.1728
0.9751, 0.1728
0.9751, 0.1728
0.9751, 0.1728
0.9751, 0.1728
0.9751, 0.1728
0.9751, 0.1728
0.9751, 0.1754
0.9751, 0.1754
0.9751, 0.1754
0.9751, 0.1780
0.9751, 0.1780
0.9751, 0.1780
0.9793, 0.1780
0.9793, 0.1780
0.9793, 0.1780
0.9793, 0.1780
0.9793, 0.1780
0.9793, 0.1780
0.9793, 0.1806
0.9793, 0.1806
0.9834, 0.1806
0.9834, 0.1806
0.9834, 0.1806
0.9834, 0.1832
0.9834, 0.1832
0.9834, 0.1832
0.9834, 0.1859
0.9834, 0.1859
0.9834, 0.1859
0.9876, 0.1859
0.9876, 0.1859
0.9876, 0.1859
0.9876, 0.1885
0.9876, 0.1885
0.9876, 0.1885
0.9876, 0.1885
0.9876, 0.1885
0.9876, 0.1885
0.9876, 0.1911
0.9876, 0.1911
0.9876, 0.1911
0.9876, 0.1911
0.9876, 0.1911
0.9876, 0.1911
0.9876, 0.1937
0.9876, 0.1937
0.9876, 0.1937
0.9876, 0.1963
0.9876, 0.1963
0.9876, 0.1963
0.9917, 0.1990
0.9917, 0.1990
0.9917, 0.1990
0.9917, 0.1990
0.9917, 0.1990
0.9917, 0.1990
0.9917, 0.2016
0.9917, 0.2016
0.9917, 0.2016
0.9959, 0.2042
0.9959, 0.2042
0.9959, 0.2042
0.9959, 0.2042
0.9959, 0.2042
0.9959, 0.2042
0.9959, 0.2068
0.9959, 0.2068
0.9959, 0.2068
0.9959, 0.2068
0.9959, 0.2068
0.9959, 0.2068
0.9959, 0.2068
0.9959, 0.2094
0.9959, 0.2094
0.9959, 0.2120
0.9959, 0.2120
0.9959, 0.2120
0.9959, 0.2120
0.9959, 0.2120
0.9959, 0.2120
0.9959, 0.2120
0.9959, 0.2147
0.9959, 0.2147
0.9959, 0.2147
1.0000, 0.2173
1.0000, 0.2173
1.0000, 0.2173
1.0000, 0.2173
1.0000, 0.2173
1.0000, 0.2173
1.0000, 0.2173
1.0000, 0.2173
1.0000, 0.2173
1.0000, 0.2199
1.0000, 0.2199
1.0000, 0.2199
1.0000, 0.2225
1.0000, 0.2225
1.0000, 0.2225
1.0000, 0.2251
1.0000, 0.2251
1.0000, 0.2251
1.0000, 0.2251
1.0000, 0.2251
1.0000, 0.2251
1.0000, 0.2277
1.0000, 0.2277
1.0000, 0.2277
1.0000, 0.2304
1.0000, 0.2304
1.0000, 0.2304
1.0000, 0.2304
1.0000, 0.2304
1.0000, 0.2304
1.0000, 0.2330
1.0000, 0.2330
1.0000, 0.2330
1.0000, 0.2356
1.0000, 0.2356
1.0000, 0.2356
1.0000, 0.2356
1.0000, 0.2356
1.0000, 0.2356
1.0000, 0.2356
1.0000, 0.2356
1.0000, 0.2356
1.0000, 0.2356
1.0000, 0.2382
1.0000, 0.2382
1.0000, 0.2408
1.0000, 0.2408
1.0000, 0.2408
1.0000, 0.2435
1.0000, 0.2435
1.0000, 0.2435
1.0000, 0.2435
1.0000, 0.2435
1.0000, 0.2435
1.0000, 0.2461
1.0000, 0.2461
1.0000, 0.2461
1.0000, 0.2487
1.0000, 0.2487
1.0000, 0.2487
1.0000, 0.2487
1.0000, 0.2487
1.0000, 0.2487
1.0000, 0.2513
1.0000, 0.2513
1.0000, 0.2513
1.0000, 0.2539
1.0000, 0.2539
1.0000, 0.2539
1.0000, 0.2565
1.0000, 0.2565
1.0000, 0.2565
1.0000, 0.2565
1.0000, 0.2565
1.0000, 0.2565
1.0000, 0.2592
1.0000, 0.2592
1.0000, 0.2592
1.0000, 0.2618
1.0000, 0.2618
1.0000, 0.2618
1.0000, 0.2618
1.0000, 0.2618
1.0000, 0.2618
1.0000, 0.2618
1.0000, 0.2618
1.0000, 0.2618
1.0000, 0.2644
1.0000, 0.2644
1.0000, 0.2670
1.0000, 0.2670
1.0000, 0.2670
1.0000, 0.2670
1.0000, 0.2696
1.0000, 0.2696
1.0000, 0.2696
1.0000, 0.2696
1.0000, 0.2696
1.0000, 0.2696
1.0000, 0.2696
1.0000, 0.2696
1.0000, 0.2696
1.0000, 0.2723
1.0000, 0.2723
1.0000, 0.2723
1.0000, 0.2749
1.0000, 0.2749
1.0000, 0.2749
1.0000, 0.2749
1.0000, 0.2749
1.0000, 0.2749
1.0000, 0.2775
1.0000, 0.2775
1.0000, 0.2775
1.0000, 0.2801
1.0000, 0.2801
1.0000, 0.2801
1.0000, 0.2827
1.0000, 0.2827
1.0000, 0.2827
1.0000, 0.2827
1.0000, 0.2827
1.0000, 0.2827
1.0000, 0.2853
1.0000, 0.2853
1.0000, 0.2880
1.0000, 0.2880
1.0000, 0.2880
1.0000, 0.2880
1.0000, 0.2906
1.0000, 0.2906
1.0000, 0.2932
1.0000, 0.2932
1.0000, 0.2932
1.0000, 0.2958
1.0000, 0.2958
1.0000, 0.2958
1.0000, 0.2958
1.0000, 0.2958
1.0000, 0.2958
1.0000, 0.2958
1.0000, 0.2958
1.0000, 0.2958
1.0000, 0.2958
1.0000, 0.2984
1.0000, 0.2984
1.0000, 0.2984
1.0000, 0.3010
1.0000, 0.3010
1.0000, 0.3010
1.0000, 0.3010
1.0000, 0.3010
1.0000, 0.3010
1.0000, 0.3037
1.0000, 0.3037
1.0000, 0.3037
1.0000, 0.3037
1.0000, 0.3037
1.0000, 0.3037
1.0000, 0.3063
1.0000, 0.3063
1.0000, 0.3089
1.0000, 0.3089
1.0000, 0.3089
1.0000, 0.3089
1.0000, 0.3089
1.0000, 0.3089
1.0000, 0.3115
1.0000, 0.3115
1.0000, 0.3115
1.0000, 0.3141
1.0000, 0.3141
1.0000, 0.3141
1.0000, 0.3141
1.0000, 0.3141
1.0000, 0.3141
1.0000, 0.3141
1.0000, 0.3141
1.0000, 0.3141
1.0000, 0.3168
1.0000, 0.3168
1.0000, 0.3168
1.0000, 0.3194
1.0000, 0.3194
1.0000, 0.3194
1.0000, 0.3220
1.0000, 0.3220
1.0000, 0.3220
0.9959, 0.3220
0.9959, 0.3220
0.9959, 0.3220
0.9959, 0.3220
0.9959, 0.3220
0.9959, 0.3220
0.9959, 0.3246
0.9959, 0.3246
0.9959, 0.3246
0.9959, 0.3272
0.9959, 0.3272
0.9917, 0.3272
0.9917, 0.3272
0.9917, 0.3272
0.9917, 0.3272
0.9917, 0.3272
0.9917, 0.3272
0.9917, 0.3298
0.9917, 0.3298
0.9917, 0.3298
0.9917, 0.3325
0.9917, 0.3325
0.9917, 0.3325
0.9917, 0.3351
0.9917, 0.3351
0.9917, 0.3351
0.9917, 0.3351
0.9917, 0.3351
0.9917, 0.3351
0.9917, 0.3351
0.9917, 0.3351
0.9917, 0.3351
0.9876, 0.3377
0.9876, 0.3377
0.9876, 0.3377
0.9876, 0.3403
0.9876, 0.3403
0.9876, 0.3403
0.9876, 0.3403
0.9876, 0.3403
0.9876, 0.3403
0.9834, 0.3403
0.9834, 0.3403
0.9834, 0.3403
0.9834, 0.3429
0.9834, 0.3429
0.9793, 0.3455
0.9793, 0.3455
0.9793, 0.3455
0.9793, 0.3455
0.9793, 0.3455
0.9793, 0.3455
0.9793, 0.3482
0.9793, 0.3482
0.9793, 0.3482
0.9793, 0.3482
0.9793, 0.3482
0.9793, 0.3482
0.9793, 0.3482
0.9793, 0.3482
0.9793, 0.3482
0.9793, 0.3482
0.9793, 0.3482
0.9793, 0.3482
0.9793, 0.3508
0.9793, 0.3508
0.9793, 0.3508
0.9751, 0.3534
0.9751, 0.3534
0.9751, 0.3534
0.9751, 0.3534
0.9751, 0.3534
0.9751, 0.3534
0.9710, 0.3534
0.9710, 0.3534
0.9710, 0.3534
0.9710, 0.3534
0.9710, 0.3534
0.9710, 0.3534
0.9710, 0.3560
0.9710, 0.3560
0.9710, 0.3560
0.9710, 0.3560
0.9710, 0.3560
0.9710, 0.3560
0.9710, 0.3586
0.9710, 0.3586
0.9668, 0.3586
0.9668, 0.3586
0.9668, 0.3586
0.9668, 0.3613
0.9668, 0.3613
0.9668, 0.3613
0.9668, 0.3613
0.9668, 0.3613
0.9668, 0.3613
0.9627, 0.3613
0.9627, 0.3613
0.9627, 0.3613
0.9627, 0.3613
0.9627, 0.3613
0.9627, 0.3613
0.9585, 0.3639
0.9585, 0.3639
0.9585, 0.3639
0.9585, 0.3639
0.9585, 0.3639
0.9585, 0.3639
0.9585, 0.3665
0.9585, 0.3665
0.9585, 0.3665
0.9585, 0.3665
0.9585, 0.3665
0.9585, 0.3665
0.9544, 0.3665
0.9544, 0.3665
0.9544, 0.3665
0.9544, 0.3665
0.9544, 0.3665
0.9544, 0.3665
0.9502, 0.3665
0.9502, 0.3665
0.9502, 0.3665
0.9502, 0.3691
0.9502, 0.3691
0.9502, 0.3691
0.9502, 0.3691
0.9502, 0.3691
0.9461, 0.3717
0.9461, 0.3717
0.9461, 0.3717
0.9461, 0.3717
0.9461, 0.3717
0.9461, 0.3717
0.9419, 0.3717
0.9419, 0.3717
0.9419, 0.3717
0.9419, 0.3717
0.9419, 0.3717
0.9419, 0.3717
0.9378, 0.3717
0.9378, 0.3717
0.9378, 0.3717
0.9378, 0.3717
0.9378, 0.3717
0.9378, 0.3717
0.9378, 0.3717
0.9378, 0.3717
0.9378, 0.3717
0.9336, 0.3743
0.9336, 0.3743
0.9336, 0.3743
0.9336, 0.3743
0.9336, 0.3743
0.9336, 0.3743
0.9295, 0.3770
0.9295, 0.3770
0.9295, 0.3770
0.9295, 0.3770
0.9295, 0.3770
0.9295, 0.3770
0.9295, 0.3770
0.9295, 0.3770
0.9295, 0.3796
0.9295, 0.3796
0.9295, 0.3796
0.9253, 0.3796
0.9253, 0.3796
0.9253, 0.3796
0.9212, 0.3796
0.9212, 0.3796
0.9212, 0.3796
0.9212, 0.3796
0.9212, 0.3796
0.9212, 0.3796
0.9170, 0.3796
0.9170, 0.3796
0.9170, 0.3796
0.9170, 0.3796
0.9170, 0.3796
0.9170, 0.3796
0.9170, 0.3796
0.9170, 0.3796
0.9170, 0.3796
0.9129, 0.3822
0.9129, 0.3822
0.9129, 0.3822
0.9129, 0.3822
0.9129, 0.3822
0.9087, 0.3822
0.9087, 0.3822
0.9087, 0.3822
0.9087, 0.3848
0.9087, 0.3848
0.9087, 0.3848
0.9087, 0.3848
0.9087, 0.3848
0.9087, 0.3848
0.9046, 0.3848
0.9046, 0.3848
0.9046, 0.3848
0.9004, 0.3848
0.9004, 0.3848
0.9004, 0.3848
0.9004, 0.3848
0.9004, 0.3848
0.9004, 0.3848
0.9004, 0.3848
0.9004, 0.3848
0.9004, 0.3848
0.8963, 0.3848
0.8963, 0.3848
0.8921, 0.3848
0.8921, 0.3848
0.8921, 0.3848
0.8880, 0.3874
0.8880, 0.3874
0.8880, 0.3874
0.8880, 0.3874
0.8880, 0.3874
0.8880, 0.3874
0.8880, 0.3874
0.8880, 0.3874
0.8880, 0.3874
0.8838, 0.3874
0.8838, 0.3874
0.8838, 0.3874
0.8838, 0.3874
0.8838, 0.3874
0.8838, 0.3874
0.8797, 0.3901
0.8797, 0.3901
0.8797, 0.3901
0.8797, 0.3901
0.8797, 0.3901
0.8797, 0.3901
0.8797, 0.3901
0.8797, 0.3901
0.8797, 0.3901
0.8797, 0.3901
0.8797, 0.3901
0.8755, 0.3901
0.8755, 0.3901
0.8755, 0.3901
0.8714, 0.3901
0.8714, 0.3901
0.8714, 0.3901
0.8672, 0.3901
0.8672, 0.3901
0.8672, 0.3901
0.8672, 0.3901
0.8672, 0.3901
0.8631, 0.3901
0.8631, 0.3901
0.8631, 0.3901
0.8631, 0.3901
0.8631, 0.3901
0.8631, 0.3901
0.8589, 0.3927
0.8589, 0.3927
0.8589, 0.3927
0.8589, 0.3927
0.8589, 0.3927
0.8548, 0.3927
0.8548, 0.3927
0.8548, 0.3927
0.8548, 0.3927
0.8548, 0.3927
0.8548, 0.3927
0.8506, 0.3927
0.8506, 0.3927
0.8506, 0.3927
0.8465, 0.3927
0.8465, 0.3927
0.8465, 0.3927
0.8465, 0.3927
0.8465, 0.3927
0.8465, 0.3927
0.8465, 0.3927
0.8465, 0.3927
0.8423, 0.3927
0.8423, 0.3927
0.8423, 0.3927
0.8382, 0.3927
0.8382, 0.3927
0.8382, 0.3927
0.8382, 0.3927
0.8382, 0.3927
0.8382, 0.3927
0.8382, 0.3927
0.8382, 0.3927
0.8382, 0.3927
0.8340, 0.3927
0.8340, 0.3927
0.8340, 0.3927
0.8299, 0.3927
0.8299, 0.3927
0.8257, 0.3927
0.8257, 0.3927
0.8257, 0.3927
0.8257, 0.3927
0.8257, 0.3927
0.8257, 0.3927
0.8257, 0.3927
0.8257, 0.3927
0.8257, 0.3927
0.8216, 0.3927
0.8216, 0.3927
0.8174, 0.3927
0.8174, 0.3927
0.8174, 0.3927
0.8174, 0.3927
0.8174, 0.3927
0.8174, 0.3927
0.8133, 0.3927
0.8133, 0.3927
0.8133, 0.3927
0.8091, 0.3927
0.8091, 0.3927
0.8050, 0.3927
0.8050, 0.3927
0.8050, 0.3927
0.8050, 0.3927
0.8050, 0.3927
0.8050, 0.3927
0.8050, 0.3927
0.8050, 0.3927
0.8008, 0.3927
0.8008, 0.3927
0.8008, 0.3927
0.8008, 0.3927
0.8008, 0.3927
0.8008, 0.3927
0.7967, 0.3927
0.7967, 0.3927
0.7967, 0.3927
0.7967, 0.3927
0.7967, 0.3927
0.7967, 0.3927
0.7967, 0.3927
0.7967, 0.3927
0.7967, 0.3927
0.7967, 0.3927
0.7967, 0.3927
0.7967, 0.3927
0.7967, 0.3927
0.7967, 0.3927
0.7967, 0.3927
0.7967, 0.3927
0.7967, 0.3927
0.7925, 0.3927
0.7925, 0.3927
0.7925, 0.3927
0.7884, 0.3927
0.7884, 0.3927
0.7884, 0.3927
0.7884, 0.3927
0.7884, 0.3927
0.7884, 0.3927
0.7842, 0.3927
0.7842, 0.3927
0.7842, 0.3927
0.7842, 0.3927
0.7842, 0.3927
0.7842, 0.3927
0.7842, 0.3927
0.7842, 0.3927
0.7801, 0.3901
0.7801, 0.3901
0.7801, 0.3901
0.7759, 0.3901
0.7759, 0.3901
0.7759, 0.3901
0.7759, 0.3874
0.7759, 0.3874
0.7759, 0.3874
0.7759, 0.3874
0.7759, 0.3874
0.7718, 0.3874
0.7718, 0.3874
0.7718, 0.3874
0.7718, 0.3874
0.7718, 0.3874
0.7718, 0.3874
0.7676, 0.3874
0.7676, 0.3874
0.7676, 0.3874
0.7676, 0.3874
0.7676, 0.3874
0.7676, 0.3874
0.7676, 0.3848
0.7676, 0.3848
0.7635, 0.3848
0.7635, 0.3848
0.7635, 0.3848
0.7635, 0.3822
0.7635, 0.3822
0.7593, 0.3822
0.7593, 0.3822
0.7593, 0.3822
0.7552, 0.3822
0.7552, 0.3822
0.7552, 0.3796
0.7552, 0.3796
0.7552, 0.3796
0.7552, 0.3796
0.7552, 0.3796
0.7552, 0.3796
0.7510, 0.3770
0.7510, 0.3770
0.7510, 0.3770
0.7510, 0.3770
0.7510, 0.3770
0.7469, 0.3743
0.7469, 0.3743
0.7469, 0.3743
0.7469, 0.3743
0.7469, 0.3743
0.7469, 0.3743
0.7469, 0.3743
0.7469, 0.3743
0.7469, 0.3743
0.7469, 0.3743
0.7469, 0.3743
0.7469, 0.3743
0.7469, 0.3717
0.7469, 0.3717
0.7469, 0.3717
0.7427, 0.3717
0.7427, 0.3717
0.7427, 0.3691
0.7427, 0.3691
0.7427, 0.3691
0.7427, 0.3691
0.7427, 0.3691
0.7386, 0.3691
0.7386, 0.3691
0.7386, 0.3691
0.7386, 0.3691
0.7386, 0.3691
0.7344, 0.3665
0.7344, 0.3665
0.7344, 0.3665
0.7344, 0.3639
0.7344, 0.3639
0.7344, 0.3639
0.7344, 0.3639
0.7344, 0.3639
0.7344, 0.3639
0.7303, 0.3639
0.7303, 0.3639
0.7261, 0.3613
0.7261, 0.3613
0.7261, 0.3613
0.7261, 0.3613
0.7261, 0.3613
0.7261, 0.3613
0.7261, 0.3586
0.7261, 0.3586
0.7261, 0.3586
0.7261, 0.3586
0.7261, 0.3586
0.7261, 0.3586
0.7220, 0.3560
0.7220, 0.3560
0.7220, 0.3560
0.7220, 0.3560
0.7220, 0.3560
0.7178, 0.3560
0.7178, 0.3560
0.7178, 0.3560
0.7178, 0.3560
0.7178, 0.3560
0.7178, 0.3560
0.7178, 0.3560
0.7178, 0.3560
0.7178, 0.3560
0.7137, 0.3534
0.7137, 0.3534
0.7137, 0.3508
0.7137, 0.3508
0.7137, 0.3508
0.7137, 0.3508
0.7137, 0.3508
0.7137, 0.3508
0.7095, 0.3508
0.7095, 0.3508
0.7095, 0.3508
0.7095, 0.3508
0.7095, 0.3508
0.7095, 0.3508
0.7054, 0.3482
0.7054, 0.3482
0.7054, 0.3482
0.7054, 0.3482
0.7054, 0.3482
0.7054, 0.3455
0.7054, 0.3455
0.7054, 0.3455
0.7054, 0.3455
0.7054, 0.3455
0.7054, 0.3455
0.7054, 0.3455
0.7054, 0.3455
0.7054, 0.3455
0.7054, 0.3455
0.7054, 0.3455
0.7054, 0.3455
0.7012, 0.3455
0.7012, 0.3455
0.7012, 0.3455
0.7012, 0.3455
0.7012, 0.3429
0.7012, 0.3429
0.7012, 0.3429
0.7012, 0.3429
0.7012, 0.3429
0.7012, 0.3429
0.7012, 0.3429
0.7012, 0.3429
0.7012, 0.3429
0.7012, 0.3429
0.7012, 0.3429
0.7012, 0.3429
0.7012, 0.3429
0.7012, 0.3429
0.7012, 0.3429
0.7012, 0.3429
0.7012, 0.3429
0.7012, 0.3429
0.7012, 0.3429
0.7012, 0.3429
0.7012, 0.3429
0.7012, 0.3429
0.7012, 0.3429
0.7012, 0.3429
0.7012, 0.3429
0.7012, 0.3429
0.7012, 0.3429
0.7012, 0.3429
0.7012, 0.3429
0.7012, 0.3429
0.7012, 0.3429
0.7012, 0.3429
0.7012, 0.3429
0.7012, 0.3429
0.7012, 0.3429
0.7012, 0.3429
0.7012, 0.3429
0.7012, 0.3429
0.7012, 0.3429
0.7012, 0.3429
0.7012, 0.3429
0.7012, 0.3429
0.7012, 0.3429
0.7012, 0.3429
0.7012, 0.3429
0.7012, 0.3429
0.0000, 1.0000
0.0000, 1.0000
0.0000, 1.0000
0.0000, 1.0000
0.0000, 1.0000
0.0000, 1.0000
0.0000, 1.0000
0.0000, 1.0000
0.0000, 1.0000
0.0000, 1.0000
0.0000, 1.0000
0.0000, 1.0000
0.0000, 1.0000
0.0000, 1.0000
0.0000, 1.0000
0.0000, 1.0000
0.0000, 1.0000
0.0000, 1.0000
0.0000, 1.0000
0.0000, 1.0000
0.0000, 1.0000
0.0000, 1.0000
0.0000, 1.0000
0.0000, 1.0000
0.0000, 1.0000
0.0000, 1.0000
0.0000, 1.0000
0.0000, 1.0000
0.0000, 1.0000
0.0000, 1.0000
0.0000, 1.0000
0.0000, 1.0000
0.0000, 1.0000
0.0000, 1.0000
0.0000, 1.0000
0.0000, 1.0000
0.0000, 1.0000
0.0000, 1.0000
0.0000, 1.0000
0.0000, 1.0000
0.0000, 1.0000
