0.6761, 0.3492
0.6761, 0.3492
0.6761, 0.3492
0.6761, 0.3492
0.6761, 0.3492
0.6761, 0.3492
0.6761, 0.3492
0.6761, 0.3492
0.6761, 0.3492
0.6761, 0.3492
0.6761, 0.3492
0.6761, 0.3492
0.6761, 0.3492
0.6761, 0.3492
0.6761, 0.3492
0.6761, 0.3492
0.6761, 0.3492
0.6761, 0.3492
0.6761, 0.3492
0.6761, 0.3492
0.6761, 0.3492
0.6761, 0.3492
0.6761, 0.3492
0.6761, 0.3492
0.6761, 0.3492
0.6761, 0.3492
0.6761, 0.3492
0.6761, 0.3492
0.6761, 0.3492
0.6761, 0.3492
0.6761, 0.3492
0.6761, 0.3492
0.6761, 0.3492
0.6761, 0.3492
0.6761, 0.3492
0.6761, 0.3492
0.6761, 0.3492
0.6761, 0.3492
0.6761, 0.3492
0.6761, 0.3492
0.6761, 0.3492
0.6761, 0.3492
0.6761, 0.3492
0.6761, 0.3492
0.6761, 0.3492
0.6761, 0.3492
0.6761, 0.3492
0.6761, 0.3492
0.6761, 0.3492
0.6761, 0.3492
0.6761, 0.3492
0.6761, 0.3492
0.6761, 0.3492
0.6761, 0.3492
0.6761, 0.3492
0.6761, 0.3492
0.6761, 0.3492
0.6761, 0.3492
0.6761, 0.3492
0.6761, 0.3492
0.6761, 0.3492
0.6761, 0.3492
0.6761, 0.3492
0.6761, 0.3492
0.6761, 0.3492
0.6761, 0.3492
0.6761, 0.3492
0.6761, 0.3492
0.6761, 0.3492
0.6761, 0.3492
0.6761, 0.3492
0.6761, 0.3492
0.6761, 0.3492
0.6761, 0.3492
0.6761, 0.3492
0.6761, 0.3492
0.6761, 0.3492
0.6761, 0.3492
0.6761, 0.3492
0.6761, 0.3492
0.6761, 0.3492
0.6761, 0.3492
0.6761, 0.3492
0.6761, 0.3492
0.6761, 0.3492
0.6761, 0.3492
0.6761, 0.3492
0.6761, 0.3492
0.6761, 0.3492
0.6761, 0.3492
0.6761, 0.3492
0.6761, 0.3492
0.6761, 0.3492
0.6761, 0.3492
0.6808, 0.3492
0.6808, 0.3492
0.6808, 0.3492
0.6808, 0.3492
0.6854, 0.3492
0.6854, 0.3492
0.6854, 0.3492
0.6854, 0.3492
0.6854, 0.3492
0.6854, 0.3492
0.6854, 0.3492
0.6854, 0.3492
0.6854, 0.3492
0.6901, 0.3519
0.6901, 0.3519
0.6901, 0.3519
0.6901, 0.3519
0.6948, 0.3545
0.6948, 0.3545
0.6948, 0.3545
0.6948, 0.3545
0.6948, 0.3545
0.6948, 0.3545
0.6948, 0.3545
0.6948, 0.3545
0.6948, 0.3545
0.6995, 0.3571
0.6995, 0.3571
0.6995, 0.3571
0.6995, 0.3571
0.7042, 0.3571
0.7042, 0.3571
0.7042, 0.3571
0.7042, 0.3571
0.7089, 0.3571
0.7089, 0.3571
0.7089, 0.3571
0.7089, 0.3571
0.7089, 0.3598
0.7089, 0.3598
0.7089, 0.3598
0.7089, 0.3598
0.7136, 0.3598
0.7136, 0.3598
0.7136, 0.3598
0.7136, 0.3598
0.7183, 0.3624
0.7183, 0.3624
0.7183, 0.3624
0.7183, 0.3624
0.7183, 0.3624
0.7183, 0.3624
0.7183, 0.3624
0.7183, 0.3624
0.7183, 0.3624
0.7183, 0.3624
0.7183, 0.3624
0.7183, 0.3624
0.7183, 0.3624
0.7183, 0.3624
0.7230, 0.3624
0.7230, 0.3624
0.7230, 0.3624
0.7230, 0.3624
0.7277, 0.3624
0.7277, 0.3624
0.7277, 0.3624
0.7277, 0.3624
0.7324, 0.3651
0.7324, 0.3651
0.7324, 0.3651
0.7324, 0.3651
0.7324, 0.3651
0.7324, 0.3651
0.7324, 0.3651
0.7324, 0.3651
0.7324, 0.3651
0.7324, 0.3651
0.7324, 0.3651
0.7324, 0.3651
0.7324, 0.3651
0.7371, 0.3651
0.7371, 0.3651
0.7371, 0.3651
0.7371, 0.3651
0.7418, 0.3651
0.7418, 0.3651
0.7418, 0.3651
0.7418, 0.3651
0.7418, 0.3677
0.7418, 0.3677
0.7418, 0.3677
0.7418, 0.3677
0.7418, 0.3677
0.7418, 0.3677
0.7418, 0.3677
0.7418, 0.3677
0.7418, 0.3677
0.7465, 0.3677
0.7465, 0.3677
0.7465, 0.3677
0.7465, 0.3677
0.7465, 0.3677
0.7465, 0.3677
0.7465, 0.3677
0.7465, 0.3677
0.7465, 0.3677
0.7512, 0.3677
0.7512, 0.3677
0.7512, 0.3677
0.7512, 0.3677
0.7559, 0.3677
0.7559, 0.3677
0.7559, 0.3677
0.7559, 0.3677
0.7559, 0.3677
0.7559, 0.3677
0.7559, 0.3677
0.7559, 0.3677
0.7559, 0.3677
0.7559, 0.3677
0.7559, 0.3677
0.7559, 0.3677
0.7606, 0.3677
0.7606, 0.3677
0.7606, 0.3677
0.7606, 0.3677
0.7606, 0.3677
0.7606, 0.3677
0.7606, 0.3677
0.7606, 0.3677
0.7606, 0.3677
0.7653, 0.3677
0.7653, 0.3677
0.7653, 0.3677
0.7653, 0.3677
0.7653, 0.3677
0.7653, 0.3677
0.7653, 0.3677
0.7653, 0.3677
0.7653, 0.3677
0.7653, 0.3677
0.7653, 0.3677
0.7653, 0.3677
0.7653, 0.3677
0.7653, 0.3704
0.7653, 0.3704
0.7653, 0.3704
0.7653, 0.3704
0.7700, 0.3704
0.7700, 0.3704
0.7700, 0.3704
0.7700, 0.3704
0.7746, 0.3704
0.7746, 0.3704
0.7746, 0.3704
0.7746, 0.3704
0.7793, 0.3704
0.7793, 0.3704
0.7793, 0.3704
0.7793, 0.3704
0.7793, 0.3704
0.7793, 0.3704
0.7793, 0.3704
0.7793, 0.3704
0.7793, 0.3704
0.7793, 0.3704
0.7793, 0.3704
0.7793, 0.3704
0.7793, 0.3704
0.7793, 0.3704
0.7840, 0.3730
0.7840, 0.3730
0.7840, 0.3730
0.7840, 0.3730
0.7840, 0.3730
0.7840, 0.3730
0.7840, 0.3730
0.7840, 0.3730
0.7887, 0.3730
0.7887, 0.3730
0.7887, 0.3730
0.7887, 0.3730
0.7887, 0.3730
0.7887, 0.3730
0.7887, 0.3730
0.7887, 0.3730
0.7934, 0.3730
0.7934, 0.3730
0.7934, 0.3730
0.7934, 0.3730
0.7934, 0.3730
0.7981, 0.3730
0.7981, 0.3730
0.7981, 0.3730
0.7981, 0.3730
0.7981, 0.3730
0.7981, 0.3730
0.7981, 0.3730
0.7981, 0.3730
0.8028, 0.3730
0.8028, 0.3730
0.8028, 0.3730
0.8028, 0.3730
0.8075, 0.3730
0.8075, 0.3730
0.8075, 0.3730
0.8075, 0.3730
0.8122, 0.3730
0.8122, 0.3730
0.8122, 0.3730
0.8122, 0.3730
0.8122, 0.3730
0.8122, 0.3730
0.8122, 0.3730
0.8122, 0.3730
0.8122, 0.3730
0.8122, 0.3730
0.8122, 0.3730
0.8122, 0.3730
0.8122, 0.3730
0.8169, 0.3730
0.8169, 0.3730
0.8169, 0.3730
0.8169, 0.3730
0.8216, 0.3730
0.8216, 0.3730
0.8216, 0.3730
0.8216, 0.3730
0.8216, 0.3730
0.8216, 0.3730
0.8216, 0.3730
0.8216, 0.3730
0.8216, 0.3730
0.8216, 0.3730
0.8216, 0.3730
0.8216, 0.3730
0.8216, 0.3730
0.8263, 0.3730
0.8263, 0.3730
0.8263, 0.3730
0.8263, 0.3730
0.8263, 0.3730
0.8263, 0.3730
0.8263, 0.3730
0.8263, 0.3730
0.8310, 0.3730
0.8310, 0.3730
0.8310, 0.3730
0.8310, 0.3730
0.8357, 0.3730
0.8357, 0.3730
0.8357, 0.3730
0.8357, 0.3730
0.8357, 0.3757
0.8357, 0.3757
0.8357, 0.3757
0.8357, 0.3757
0.8404, 0.3757
0.8404, 0.3757
0.8404, 0.3757
0.8404, 0.3757
0.8451, 0.3757
0.8451, 0.3757
0.8451, 0.3757
0.8451, 0.3757
0.8451, 0.3757
0.8451, 0.3757
0.8451, 0.3757
0.8451, 0.3757
0.8451, 0.3757
0.8451, 0.3757
0.8451, 0.3757
0.8451, 0.3757
0.8498, 0.3757
0.8498, 0.3757
0.8498, 0.3757
0.8498, 0.3757
0.8498, 0.3757
0.8498, 0.3757
0.8498, 0.3757
0.8498, 0.3757
0.8545, 0.3757
0.8545, 0.3757
0.8545, 0.3757
0.8545, 0.3757
0.8545, 0.3757
0.8545, 0.3757
0.8545, 0.3757
0.8545, 0.3757
0.8592, 0.3757
0.8592, 0.3757
0.8592, 0.3757
0.8592, 0.3757
0.8592, 0.3757
0.8592, 0.3757
0.8592, 0.3757
0.8592, 0.3757
0.8592, 0.3757
0.8685, 0.3757
0.8685, 0.3757
0.8685, 0.3757
0.8685, 0.3757
0.8732, 0.3757
0.8732, 0.3757
0.8732, 0.3757
0.8732, 0.3757
0.8732, 0.3757
0.8732, 0.3757
0.8732, 0.3757
0.8732, 0.3757
0.8779, 0.3757
0.8779, 0.3757
0.8779, 0.3757
0.8779, 0.3757
0.8826, 0.3757
0.8826, 0.3757
0.8826, 0.3757
0.8826, 0.3757
0.8873, 0.3757
0.8873, 0.3757
0.8873, 0.3757
0.8873, 0.3757
0.8873, 0.3757
0.8873, 0.3757
0.8873, 0.3757
0.8873, 0.3757
0.8920, 0.3757
0.8920, 0.3757
0.8920, 0.3757
0.8920, 0.3757
0.8967, 0.3757
0.8967, 0.3757
0.8967, 0.3757
0.8967, 0.3757
0.8967, 0.3757
0.8967, 0.3757
0.8967, 0.3757
0.8967, 0.3757
0.9014, 0.3757
0.9014, 0.3757
0.9014, 0.3757
0.9014, 0.3757
0.9014, 0.3757
0.9014, 0.3757
0.9014, 0.3757
0.9014, 0.3757
0.9061, 0.3757
0.9061, 0.3757
0.9061, 0.3757
0.9061, 0.3757
0.9061, 0.3757
0.9061, 0.3757
0.9061, 0.3757
0.9061, 0.3757
0.9061, 0.3757
0.9061, 0.3757
0.9061, 0.3757
0.9061, 0.3757
0.9061, 0.3757
0.9108, 0.3757
0.9108, 0.3757
0.9108, 0.3757
0.9155, 0.3730
0.9155, 0.3730
0.9155, 0.3730
0.9155, 0.3730
0.9155, 0.3730
0.9155, 0.3730
0.9155, 0.3730
0.9155, 0.3730
0.9155, 0.3730
0.9202, 0.3730
0.9202, 0.3730
0.9202, 0.3730
0.9202, 0.3730
0.9202, 0.3730
0.9202, 0.3730
0.9202, 0.3730
0.9202, 0.3704
0.9202, 0.3704
0.9202, 0.3704
0.9202, 0.3704
0.9249, 0.3704
0.9249, 0.3704
0.9249, 0.3704
0.9249, 0.3704
0.9296, 0.3704
0.9296, 0.3704
0.9296, 0.3704
0.9296, 0.3704
0.9296, 0.3704
0.9296, 0.3704
0.9296, 0.3704
0.9296, 0.3704
0.9343, 0.3704
0.9343, 0.3704
0.9343, 0.3704
0.9343, 0.3704
0.9390, 0.3704
0.9390, 0.3704
0.9390, 0.3704
0.9437, 0.3704
0.9437, 0.3704
0.9437, 0.3704
0.9437, 0.3704
0.9437, 0.3677
0.9437, 0.3677
0.9437, 0.3677
0.9437, 0.3677
0.9437, 0.3677
0.9437, 0.3677
0.9437, 0.3677
0.9437, 0.3677
0.9437, 0.3677
0.9437, 0.3677
0.9437, 0.3677
0.9437, 0.3677
0.9484, 0.3651
0.9484, 0.3651
0.9484, 0.3651
0.9484, 0.3651
0.9484, 0.3651
0.9484, 0.3651
0.9484, 0.3651
0.9484, 0.3651
0.9484, 0.3651
0.9484, 0.3651
0.9484, 0.3651
0.9484, 0.3651
0.9484, 0.3651
0.9531, 0.3651
0.9531, 0.3651
0.9531, 0.3651
0.9531, 0.3651
0.9531, 0.3651
0.9531, 0.3651
0.9531, 0.3651
0.9531, 0.3651
0.9531, 0.3651
0.9531, 0.3651
0.9531, 0.3651
0.9531, 0.3651
0.9531, 0.3624
0.9531, 0.3624
0.9531, 0.3624
0.9531, 0.3624
0.9531, 0.3624
0.9531, 0.3624
0.9531, 0.3624
0.9531, 0.3624
0.9577, 0.3598
0.9577, 0.3598
0.9577, 0.3598
0.9577, 0.3598
0.9577, 0.3598
0.9577, 0.3598
0.9577, 0.3598
0.9577, 0.3598
0.9577, 0.3598
0.9577, 0.3598
0.9577, 0.3598
0.9577, 0.3598
0.9624, 0.3571
0.9624, 0.3571
0.9624, 0.3571
0.9624, 0.3571
0.9624, 0.3571
0.9624, 0.3571
0.9624, 0.3571
0.9624, 0.3571
0.9671, 0.3545
0.9671, 0.3545
0.9671, 0.3545
0.9671, 0.3545
0.9671, 0.3519
0.9671, 0.3519
0.9671, 0.3519
0.9671, 0.3519
0.9671, 0.3519
0.9671, 0.3519
0.9671, 0.3519
0.9671, 0.3519
0.9671, 0.3519
0.9671, 0.3519
0.9671, 0.3519
0.9718, 0.3492
0.9718, 0.3492
0.9718, 0.3492
0.9718, 0.3492
0.9718, 0.3466
0.9718, 0.3466
0.9718, 0.3466
0.9718, 0.3466
0.9718, 0.3466
0.9718, 0.3466
0.9718, 0.3466
0.9718, 0.3466
0.9718, 0.3466
0.9718, 0.3466
0.9718, 0.3466
0.9718, 0.3466
0.9765, 0.3439
0.9765, 0.3439
0.9765, 0.3439
0.9765, 0.3439
0.9765, 0.3413
0.9765, 0.3413
0.9765, 0.3413
0.9765, 0.3386
0.9765, 0.3386
0.9765, 0.3386
0.9765, 0.3386
0.9765, 0.3386
0.9765, 0.3386
0.9765, 0.3386
0.9765, 0.3386
0.9765, 0.3386
0.9765, 0.3386
0.9765, 0.3386
0.9765, 0.3386
0.9812, 0.3360
0.9812, 0.3360
0.9812, 0.3360
0.9812, 0.3360
0.9812, 0.3333
0.9812, 0.3333
0.9812, 0.3333
0.9812, 0.3333
0.9859, 0.3333
0.9859, 0.3333
0.9859, 0.3333
0.9859, 0.3333
0.9859, 0.3333
0.9859, 0.3333
0.9859, 0.3333
0.9859, 0.3307
0.9859, 0.3307
0.9859, 0.3307
0.9859, 0.3307
0.9859, 0.3307
0.9859, 0.3307
0.9859, 0.3307
0.9859, 0.3307
0.9859, 0.3307
0.9859, 0.3307
0.9859, 0.3307
0.9859, 0.3307
0.9859, 0.3280
0.9859, 0.3280
0.9859, 0.3280
0.9859, 0.3280
0.9906, 0.3280
0.9906, 0.3280
0.9906, 0.3280
0.9906, 0.3254
0.9906, 0.3254
0.9906, 0.3254
0.9906, 0.3254
0.9906, 0.3254
0.9906, 0.3254
0.9906, 0.3254
0.9906, 0.3254
0.9906, 0.3254
0.9906, 0.3254
0.9906, 0.3254
0.9906, 0.3254
0.9906, 0.3254
0.9906, 0.3254
0.9906, 0.3254
0.9906, 0.3254
0.9953, 0.3254
0.9953, 0.3254
0.9953, 0.3254
0.9953, 0.3254
0.9953, 0.3228
0.9953, 0.3228
0.9953, 0.3228
0.9953, 0.3228
0.9953, 0.3228
0.9953, 0.3228
0.9953, 0.3228
0.9953, 0.3201
0.9953, 0.3201
0.9953, 0.3201
0.9953, 0.3201
0.9953, 0.3201
0.9953, 0.3201
0.9953, 0.3201
0.9953, 0.3201
0.9953, 0.3201
0.9953, 0.3201
0.9953, 0.3201
0.9953, 0.3175
0.9953, 0.3175
0.9953, 0.3175
0.9953, 0.3175
0.9953, 0.3175
0.9953, 0.3175
0.9953, 0.3175
0.9953, 0.3175
0.9953, 0.3148
0.9953, 0.3148
0.9953, 0.3148
0.9953, 0.3148
0.9953, 0.3122
0.9953, 0.3122
0.9953, 0.3122
1.0000, 0.3122
1.0000, 0.3122
1.0000, 0.3122
1.0000, 0.3122
1.0000, 0.3095
1.0000, 0.3095
1.0000, 0.3095
1.0000, 0.3069
1.0000, 0.3069
1.0000, 0.3069
1.0000, 0.3069
1.0000, 0.3069
1.0000, 0.3069
1.0000, 0.3069
1.0000, 0.3069
1.0000, 0.3069
1.0000, 0.3069
1.0000, 0.3069
1.0000, 0.3069
1.0000, 0.3042
1.0000, 0.3042
1.0000, 0.3042
1.0000, 0.3016
1.0000, 0.3016
1.0000, 0.3016
1.0000, 0.3016
1.0000, 0.2989
1.0000, 0.2989
1.0000, 0.2989
1.0000, 0.2989
1.0000, 0.2989
1.0000, 0.2989
1.0000, 0.2989
1.0000, 0.2963
1.0000, 0.2963
1.0000, 0.2963
1.0000, 0.2963
1.0000, 0.2937
1.0000, 0.2937
1.0000, 0.2937
1.0000, 0.2937
1.0000, 0.2937
1.0000, 0.2937
1.0000, 0.2937
1.0000, 0.2937
1.0000, 0.2937
1.0000, 0.2937
1.0000, 0.2937
1.0000, 0.2937
1.0000, 0.2910
1.0000, 0.2910
1.0000, 0.2910
1.0000, 0.2884
1.0000, 0.2884
1.0000, 0.2884
1.0000, 0.2884
1.0000, 0.2884
1.0000, 0.2884
1.0000, 0.2884
1.0000, 0.2884
1.0000, 0.2857
1.0000, 0.2857
1.0000, 0.2857
1.0000, 0.2857
1.0000, 0.2857
1.0000, 0.2857
1.0000, 0.2857
1.0000, 0.2857
1.0000, 0.2857
1.0000, 0.2857
1.0000, 0.2857
1.0000, 0.2831
1.0000, 0.2831
1.0000, 0.2831
1.0000, 0.2831
1.0000, 0.2804
1.0000, 0.2804
1.0000, 0.2804
1.0000, 0.2804
1.0000, 0.2804
1.0000, 0.2804
1.0000, 0.2804
1.0000, 0.2778
1.0000, 0.2778
1.0000, 0.2778
1.0000, 0.2778
1.0000, 0.2778
1.0000, 0.2778
1.0000, 0.2778
1.0000, 0.2778
1.0000, 0.2751
1.0000, 0.2751
1.0000, 0.2751
1.0000, 0.2751
1.0000, 0.2751
1.0000, 0.2751
1.0000, 0.2751
1.0000, 0.2751
1.0000, 0.2751
1.0000, 0.2751
1.0000, 0.2751
1.0000, 0.2725
1.0000, 0.2725
1.0000, 0.2725
1.0000, 0.2725
1.0000, 0.2698
1.0000, 0.2698
1.0000, 0.2698
1.0000, 0.2698
1.0000, 0.2672
1.0000, 0.2672
1.0000, 0.2672
1.0000, 0.2672
1.0000, 0.2672
1.0000, 0.2672
1.0000, 0.2672
1.0000, 0.2672
1.0000, 0.2672
1.0000, 0.2672
1.0000, 0.2672
1.0000, 0.2646
1.0000, 0.2646
1.0000, 0.2646
1.0000, 0.2619
1.0000, 0.2619
1.0000, 0.2619
1.0000, 0.2619
1.0000, 0.2619
1.0000, 0.2619
1.0000, 0.2619
1.0000, 0.2619
1.0000, 0.2619
1.0000, 0.2619
1.0000, 0.2619
1.0000, 0.2619
1.0000, 0.2593
1.0000, 0.2593
1.0000, 0.2593
1.0000, 0.2566
1.0000, 0.2566
1.0000, 0.2566
1.0000, 0.2566
1.0000, 0.2540
1.0000, 0.2540
1.0000, 0.2540
1.0000, 0.2540
1.0000, 0.2540
1.0000, 0.2540
1.0000, 0.2540
1.0000, 0.2513
1.0000, 0.2513
1.0000, 0.2513
1.0000, 0.2487
1.0000, 0.2487
1.0000, 0.2487
1.0000, 0.2487
1.0000, 0.2487
1.0000, 0.2487
1.0000, 0.2487
1.0000, 0.2460
1.0000, 0.2460
1.0000, 0.2460
1.0000, 0.2460
1.0000, 0.2434
1.0000, 0.2434
1.0000, 0.2434
1.0000, 0.2407
1.0000, 0.2407
1.0000, 0.2407
1.0000, 0.2407
1.0000, 0.2407
1.0000, 0.2407
1.0000, 0.2407
1.0000, 0.2407
1.0000, 0.2381
1.0000, 0.2381
1.0000, 0.2381
1.0000, 0.2381
1.0000, 0.2381
1.0000, 0.2381
1.0000, 0.2381
1.0000, 0.2354
1.0000, 0.2354
1.0000, 0.2354
0.9953, 0.2328
0.9953, 0.2328
0.9953, 0.2328
0.9953, 0.2302
0.9953, 0.2302
0.9953, 0.2302
0.9953, 0.2302
0.9953, 0.2275
0.9953, 0.2275
0.9953, 0.2275
0.9906, 0.2275
0.9906, 0.2275
0.9906, 0.2275
0.9906, 0.2275
0.9906, 0.2249
0.9906, 0.2249
0.9906, 0.2249
0.9906, 0.2222
0.9906, 0.2222
0.9906, 0.2222
0.9906, 0.2222
0.9906, 0.2196
0.9906, 0.2196
0.9906, 0.2196
0.9906, 0.2196
0.9906, 0.2196
0.9906, 0.2196
0.9906, 0.2196
0.9906, 0.2169
0.9906, 0.2169
0.9906, 0.2169
0.9906, 0.2143
0.9906, 0.2143
0.9906, 0.2143
0.9906, 0.2143
0.9906, 0.2143
0.9906, 0.2143
0.9906, 0.2143
0.9906, 0.2143
0.9906, 0.2143
0.9906, 0.2143
0.9906, 0.2143
0.9906, 0.2116
0.9906, 0.2116
0.9906, 0.2116
0.9859, 0.2090
0.9859, 0.2090
0.9859, 0.2090
0.9859, 0.2090
0.9859, 0.2063
0.9859, 0.2063
0.9859, 0.2063
0.9859, 0.2063
0.9859, 0.2063
0.9859, 0.2063
0.9859, 0.2063
0.9859, 0.2037
0.9859, 0.2037
0.9859, 0.2037
0.9812, 0.2011
0.9812, 0.2011
0.9812, 0.2011
0.9812, 0.2011
0.9812, 0.2011
0.9812, 0.2011
0.9812, 0.2011
0.9812, 0.1984
0.9812, 0.1984
0.9812, 0.1984
0.9812, 0.1984
0.9812, 0.1958
0.9812, 0.1958
0.9812, 0.1958
0.9812, 0.1931
0.9812, 0.1931
0.9812, 0.1931
0.9812, 0.1931
0.9812, 0.1931
0.9812, 0.1931
0.9812, 0.1931
0.9812, 0.1931
0.9812, 0.1931
0.9812, 0.1931
0.9812, 0.1931
0.9812, 0.1905
0.9812, 0.1905
0.9812, 0.1905
0.9812, 0.1878
0.9812, 0.1878
0.9812, 0.1878
0.9812, 0.1878
0.9812, 0.1878
0.9812, 0.1878
0.9812, 0.1878
0.9812, 0.1878
0.9812, 0.1878
0.9812, 0.1878
0.9812, 0.1878
0.9765, 0.1852
0.9765, 0.1852
0.9765, 0.1852
0.9765, 0.1852
0.9765, 0.1825
0.9765, 0.1825
0.9765, 0.1825
0.9765, 0.1825
0.9765, 0.1825
0.9765, 0.1825
0.9765, 0.1799
0.9765, 0.1799
0.9765, 0.1799
0.9765, 0.1799
0.9765, 0.1799
0.9765, 0.1799
0.9765, 0.1799
0.9765, 0.1772
0.9765, 0.1772
0.9765, 0.1772
0.9765, 0.1772
0.9718, 0.1772
0.9718, 0.1772
0.9718, 0.1772
0.9718, 0.1746
0.9718, 0.1746
0.9718, 0.1746
0.9718, 0.1746
0.9718, 0.1746
0.9718, 0.1746
0.9718, 0.1746
0.9718, 0.1746
0.9718, 0.1746
0.9718, 0.1746
0.9718, 0.1746
0.9718, 0.1720
0.9718, 0.1720
0.9718, 0.1720
0.9718, 0.1720
0.9718, 0.1693
0.9718, 0.1693
0.9718, 0.1693
0.9671, 0.1693
0.9671, 0.1693
0.9671, 0.1693
0.9671, 0.1693
0.9671, 0.1693
0.9671, 0.1693
0.9671, 0.1693
0.9671, 0.1667
0.9671, 0.1667
0.9671, 0.1667
0.9671, 0.1667
0.9671, 0.1667
0.9671, 0.1667
0.9671, 0.1667
0.9671, 0.1640
0.9671, 0.1640
0.9671, 0.1640
0.9671, 0.1614
0.9671, 0.1614
0.9671, 0.1614
0.9671, 0.1614
0.9671, 0.1614
0.9671, 0.1614
0.9671, 0.1614
0.9671, 0.1614
0.9671, 0.1614
0.9671, 0.1614
0.9671, 0.1587
0.9671, 0.1587
0.9671, 0.1587
0.9671, 0.1587
0.9624, 0.1561
0.9624, 0.1561
0.9624, 0.1561
0.9624, 0.1561
0.9624, 0.1561
0.9624, 0.1561
0.9624, 0.1561
0.9624, 0.1534
0.9624, 0.1534
0.9624, 0.1534
0.9624, 0.1534
0.9624, 0.1534
0.9624, 0.1534
0.9624, 0.1534
0.9624, 0.1508
0.9624, 0.1508
0.9624, 0.1508
0.9577, 0.1481
0.9577, 0.1481
0.9577, 0.1481
0.9577, 0.1481
0.9577, 0.1481
0.9577, 0.1481
0.9577, 0.1481
0.9577, 0.1481
0.9577, 0.1481
0.9577, 0.1481
0.9577, 0.1481
0.9577, 0.1481
0.9577, 0.1481
0.9577, 0.1481
0.9577, 0.1455
0.9577, 0.1455
0.9577, 0.1455
0.9577, 0.1429
0.9577, 0.1429
0.9577, 0.1429
0.9577, 0.1429
0.9577, 0.1429
0.9577, 0.1429
0.9577, 0.1429
0.9531, 0.1429
0.9531, 0.1429
0.9531, 0.1429
0.9531, 0.1429
0.9531, 0.1402
0.9531, 0.1402
0.9531, 0.1402
0.9531, 0.1376
0.9531, 0.1376
0.9531, 0.1376
0.9531, 0.1376
0.9484, 0.1349
0.9484, 0.1349
0.9484, 0.1349
0.9484, 0.1349
0.9484, 0.1349
0.9484, 0.1349
0.9484, 0.1349
0.9437, 0.1349
0.9437, 0.1349
0.9437, 0.1349
0.9437, 0.1323
0.9437, 0.1323
0.9437, 0.1323
0.9437, 0.1296
0.9437, 0.1296
0.9437, 0.1296
0.9437, 0.1296
0.9437, 0.1296
0.9437, 0.1296
0.9437, 0.1296
0.9437, 0.1296
0.9437, 0.1296
0.9437, 0.1296
0.9437, 0.1296
0.9437, 0.1270
0.9437, 0.1270
0.9437, 0.1270
0.9390, 0.1243
0.9390, 0.1243
0.9390, 0.1243
0.9390, 0.1243
0.9390, 0.1243
0.9390, 0.1243
0.9390, 0.1243
0.9343, 0.1217
0.9343, 0.1217
0.9343, 0.1217
0.9343, 0.1217
0.9343, 0.1217
0.9343, 0.1217
0.9343, 0.1217
0.9343, 0.1190
0.9343, 0.1190
0.9343, 0.1190
0.9343, 0.1164
0.9343, 0.1164
0.9343, 0.1164
0.9343, 0.1164
0.9296, 0.1164
0.9296, 0.1164
0.9296, 0.1164
0.9296, 0.1164
0.9296, 0.1164
0.9296, 0.1164
0.9296, 0.1164
0.9249, 0.1138
0.9249, 0.1138
0.9249, 0.1138
0.9249, 0.1111
0.9249, 0.1111
0.9249, 0.1111
0.9202, 0.1111
0.9202, 0.1111
0.9202, 0.1111
0.9202, 0.1085
0.9202, 0.1085
0.9202, 0.1085
0.9202, 0.1085
0.9202, 0.1085
0.9202, 0.1085
0.9202, 0.1085
0.9202, 0.1085
0.9202, 0.1085
0.9202, 0.1085
0.9202, 0.1085
0.9202, 0.1058
0.9202, 0.1058
0.9202, 0.1058
0.9155, 0.1032
0.9155, 0.1032
0.9155, 0.1032
0.9155, 0.1032
0.9155, 0.1032
0.9155, 0.1032
0.9155, 0.1032
0.9108, 0.1032
0.9108, 0.1032
0.9108, 0.1032
0.9108, 0.1005
0.9108, 0.1005
0.9108, 0.1005
0.9108, 0.1005
0.9108, 0.1005
0.9108, 0.1005
0.9108, 0.1005
0.9108, 0.0979
0.9108, 0.0979
0.9108, 0.0979
0.9108, 0.0979
0.9108, 0.0979
0.9108, 0.0979
0.9108, 0.0979
0.9061, 0.0979
0.9061, 0.0979
0.9061, 0.0979
0.9061, 0.0979
0.9014, 0.0952
0.9014, 0.0952
0.9014, 0.0952
0.9014, 0.0952
0.9014, 0.0952
0.9014, 0.0952
0.9014, 0.0926
0.9014, 0.0926
0.9014, 0.0926
0.8967, 0.0899
0.8967, 0.0899
0.8967, 0.0899
0.8967, 0.0899
0.8967, 0.0899
0.8967, 0.0899
0.8967, 0.0899
0.8920, 0.0873
0.8920, 0.0873
0.8920, 0.0873
0.8920, 0.0873
0.8920, 0.0873
0.8920, 0.0873
0.8920, 0.0873
0.8873, 0.0847
0.8873, 0.0847
0.8873, 0.0847
0.8873, 0.0847
0.8873, 0.0847
0.8873, 0.0847
0.8873, 0.0847
0.8873, 0.0820
0.8873, 0.0820
0.8873, 0.0820
0.8873, 0.0820
0.8826, 0.0794
0.8826, 0.0794
0.8826, 0.0794
0.8779, 0.0767
0.8779, 0.0767
0.8779, 0.0767
0.8779, 0.0767
0.8779, 0.0767
0.8779, 0.0767
0.8779, 0.0767
0.8779, 0.0767
0.8779, 0.0767
0.8779, 0.0767
0.8732, 0.0741
0.8732, 0.0741
0.8732, 0.0741
0.8732, 0.0714
0.8732, 0.0714
0.8732, 0.0714
0.8732, 0.0714
0.8685, 0.0714
0.8685, 0.0714
0.8638, 0.0688
0.8638, 0.0688
0.8638, 0.0688
0.8638, 0.0688
0.8638, 0.0661
0.8638, 0.0661
0.8638, 0.0661
0.8638, 0.0635
0.8638, 0.0635
0.8638, 0.0635
0.8638, 0.0635
0.8638, 0.0635
0.8638, 0.0635
0.8638, 0.0635
0.8592, 0.0635
0.8592, 0.0635
0.8592, 0.0635
0.8592, 0.0635
0.8592, 0.0635
0.8592, 0.0635
0.8592, 0.0635
0.8592, 0.0635
0.8592, 0.0635
0.8592, 0.0635
0.8545, 0.0608
0.8545, 0.0608
0.8545, 0.0608
0.8545, 0.0608
0.8545, 0.0608
0.8545, 0.0608
0.8545, 0.0608
0.8545, 0.0582
0.8545, 0.0582
0.8545, 0.0582
0.8545, 0.0582
0.8545, 0.0582
0.8545, 0.0582
0.8545, 0.0582
0.8545, 0.0582
0.8545, 0.0582
0.8545, 0.0582
0.8498, 0.0556
0.8498, 0.0556
0.8498, 0.0556
0.8498, 0.0529
0.8498, 0.0529
0.8451, 0.0529
0.8451, 0.0529
0.8451, 0.0529
0.8451, 0.0529
0.8451, 0.0529
0.8451, 0.0529
0.8451, 0.0529
0.8451, 0.0503
0.8451, 0.0503
0.8451, 0.0503
0.8404, 0.0503
0.8404, 0.0503
0.8404, 0.0503
0.8404, 0.0503
0.8404, 0.0503
0.8404, 0.0503
0.8404, 0.0503
0.8404, 0.0503
0.8404, 0.0503
0.8404, 0.0503
0.8404, 0.0503
0.8404, 0.0476
0.8404, 0.0476
0.8404, 0.0476
0.8404, 0.0476
0.8404, 0.0476
0.8404, 0.0476
0.8357, 0.0476
0.8357, 0.0476
0.8357, 0.0476
0.8357, 0.0450
0.8357, 0.0450
0.8357, 0.0450
0.8357, 0.0450
0.8310, 0.0450
0.8310, 0.0450
0.8310, 0.0450
0.8310, 0.0450
0.8310, 0.0450
0.8310, 0.0450
0.8310, 0.0450
0.8310, 0.0450
0.8310, 0.0450
0.8310, 0.0450
0.8263, 0.0423
0.8263, 0.0423
0.8263, 0.0423
0.8263, 0.0423
0.8263, 0.0423
0.8263, 0.0423
0.8263, 0.0423
0.8216, 0.0397
0.8216, 0.0397
0.8216, 0.0397
0.8169, 0.0397
0.8169, 0.0397
0.8169, 0.0397
0.8169, 0.0370
0.8169, 0.0370
0.8169, 0.0370
0.8169, 0.0370
0.8169, 0.0370
0.8169, 0.0370
0.8122, 0.0370
0.8122, 0.0370
0.8122, 0.0370
0.8122, 0.0370
0.8122, 0.0370
0.8122, 0.0370
0.8122, 0.0370
0.8075, 0.0344
0.8075, 0.0344
0.8075, 0.0344
0.8075, 0.0344
0.8075, 0.0344
0.8075, 0.0344
0.8075, 0.0344
0.8075, 0.0344
0.8075, 0.0344
0.8075, 0.0344
0.8075, 0.0317
0.8075, 0.0317
0.8075, 0.0317
0.8028, 0.0317
0.8028, 0.0317
0.8028, 0.0317
0.7981, 0.0317
0.7981, 0.0317
0.7981, 0.0317
0.7981, 0.0317
0.7981, 0.0317
0.7981, 0.0317
0.7981, 0.0317
0.7934, 0.0317
0.7934, 0.0317
0.7934, 0.0317
0.7934, 0.0291
0.7934, 0.0291
0.7934, 0.0291
0.7934, 0.0291
0.7934, 0.0291
0.7934, 0.0291
0.7934, 0.0291
0.7934, 0.0291
0.7934, 0.0291
0.7934, 0.0291
0.7887, 0.0291
0.7887, 0.0291
0.7887, 0.0291
0.7887, 0.0265
0.7887, 0.0265
0.7887, 0.0265
0.7840, 0.0265
0.7840, 0.0265
0.7840, 0.0265
0.7840, 0.0265
0.7840, 0.0265
0.7840, 0.0265
0.7840, 0.0265
0.7840, 0.0238
0.7840, 0.0238
0.7840, 0.0238
0.7793, 0.0238
0.7793, 0.0238
0.7793, 0.0238
0.7793, 0.0238
0.7793, 0.0238
0.7793, 0.0238
0.7746, 0.0238
0.7746, 0.0238
0.7746, 0.0238
0.7746, 0.0238
0.7746, 0.0238
0.7746, 0.0238
0.7746, 0.0238
0.7700, 0.0212
0.7700, 0.0212
0.7700, 0.0212
0.7700, 0.0212
0.7700, 0.0212
0.7700, 0.0212
0.7700, 0.0212
0.7700, 0.0212
0.7700, 0.0212
0.7653, 0.0185
0.7653, 0.0185
0.7653, 0.0185
0.7653, 0.0185
0.7653, 0.0185
0.7653, 0.0185
0.7606, 0.0185
0.7606, 0.0185
0.7606, 0.0185
0.7606, 0.0185
0.7606, 0.0185
0.7606, 0.0185
0.7606, 0.0185
0.7606, 0.0185
0.7606, 0.0185
0.7606, 0.0185
0.7606, 0.0185
0.7606, 0.0185
0.7606, 0.0185
0.7606, 0.0185
0.7559, 0.0159
0.7559, 0.0159
0.7559, 0.0159
0.7559, 0.0159
0.7559, 0.0159
0.7559, 0.0159
0.7559, 0.0159
0.7512, 0.0159
0.7512, 0.0159
0.7512, 0.0132
0.7512, 0.0132
0.7512, 0.0132
0.7512, 0.0132
0.7512, 0.0132
0.7512, 0.0132
0.7512, 0.0132
0.7512, 0.0132
0.7512, 0.0132
0.7512, 0.0132
0.7465, 0.0132
0.7465, 0.0132
0.7465, 0.0132
0.7465, 0.0132
0.7418, 0.0106
0.7418, 0.0106
0.7418, 0.0106
0.7418, 0.0106
0.7418, 0.0106
0.7418, 0.0106
0.7371, 0.0106
0.7371, 0.0106
0.7371, 0.0106
0.7371, 0.0106
0.7371, 0.0106
0.7371, 0.0106
0.7371, 0.0079
0.7371, 0.0079
0.7371, 0.0079
0.7371, 0.0079
0.7371, 0.0079
0.7371, 0.0079
0.7371, 0.0079
0.7324, 0.0079
0.7324, 0.0079
0.7324, 0.0079
0.7324, 0.0079
0.7324, 0.0079
0.7324, 0.0079
0.7324, 0.0079
0.7324, 0.0053
0.7324, 0.0053
0.7324, 0.0053
0.7277, 0.0053
0.7277, 0.0053
0.7277, 0.0053
0.7277, 0.0053
0.7277, 0.0053
0.7277, 0.0053
0.7277, 0.0053
0.7277, 0.0053
0.7277, 0.0053
0.7230, 0.0053
0.7230, 0.0053
0.7230, 0.0053
0.7230, 0.0053
0.7230, 0.0053
0.7230, 0.0053
0.7183, 0.0053
0.7183, 0.0053
0.7183, 0.0053
0.7136, 0.0053
0.7136, 0.0053
0.7136, 0.0053
0.7136, 0.0053
0.7136, 0.0053
0.7136, 0.0053
0.7136, 0.0026
0.7136, 0.0026
0.7136, 0.0026
0.7089, 0.0026
0.7089, 0.0026
0.7089, 0.0026
0.7089, 0.0026
0.7089, 0.0026
0.7089, 0.0026
0.7089, 0.0026
0.7042, 0.0026
0.7042, 0.0026
0.7042, 0.0000
0.7042, 0.0000
0.7042, 0.0000
0.7042, 0.0000
0.7042, 0.0000
0.7042, 0.0000
0.7042, 0.0000
0.6995, 0.0000
0.6995, 0.0000
0.6995, 0.0000
0.6995, 0.0000
0.6995, 0.0000
0.6995, 0.0000
0.6948, 0.0000
0.6948, 0.0000
0.6948, 0.0000
0.6948, 0.0000
0.6948, 0.0000
0.6948, 0.0000
0.6948, 0.0000
0.6948, 0.0000
0.6948, 0.0000
0.6948, 0.0000
0.6901, 0.0000
0.6901, 0.0000
0.6901, 0.0000
0.6901, 0.0000
0.6901, 0.0000
0.6901, 0.0000
0.6901, 0.0000
0.6901, 0.0000
0.6901, 0.0000
0.6854, 0.0000
0.6854, 0.0000
0.6854, 0.0000
0.6808, 0.0000
0.6808, 0.0000
0.6808, 0.0000
0.6808, 0.0000
0.6808, 0.0000
0.6808, 0.0000
0.6808, 0.0000
0.6808, 0.0000
0.6808, 0.0000
0.6808, 0.0000
0.6761, 0.0000
0.6761, 0.0000
0.6761, 0.0000
0.6714, 0.0000
0.6714, 0.0000
0.6714, 0.0000
0.6667, 0.0000
0.6667, 0.0000
0.6667, 0.0000
0.6667, 0.0000
0.6667, 0.0000
0.6667, 0.0000
0.6667, 0.0000
0.6620, 0.0000
0.6620, 0.0000
0.6573, 0.0000
0.6573, 0.0000
0.6573, 0.0000
0.6573, 0.0000
0.6573, 0.0000
0.6573, 0.0000
0.6573, 0.0000
0.6573, 0.0000
0.6573, 0.0000
0.6573, 0.0000
0.6573, 0.0000
0.6573, 0.0000
0.6573, 0.0000
0.6526, 0.0000
0.6526, 0.0000
0.6526, 0.0000
0.6526, 0.0000
0.6526, 0.0000
0.6526, 0.0000
0.6526, 0.0000
0.6479, 0.0000
0.6479, 0.0000
0.6479, 0.0000
0.6432, 0.0000
0.6432, 0.0000
0.6432, 0.0000
0.6432, 0.0000
0.6432, 0.0000
0.6432, 0.0000
0.6432, 0.0000
0.6385, 0.0000
0.6385, 0.0000
0.6338, 0.0000
0.6338, 0.0000
0.6338, 0.0000
0.6338, 0.0000
0.6338, 0.0000
0.6338, 0.0000
0.6291, 0.0000
0.6291, 0.0000
0.6291, 0.0000
0.6244, 0.0000
0.6244, 0.0000
0.6244, 0.0000
0.6197, 0.0000
0.6197, 0.0000
0.6197, 0.0000
0.6197, 0.0000
0.6197, 0.0000
0.6197, 0.0000
0.6150, 0.0000
0.6150, 0.0000
0.6150, 0.0000
0.6150, 0.0000
0.6150, 0.0000
0.6150, 0.0000
0.6103, 0.0000
0.6103, 0.0000
0.6103, 0.0000
0.6103, 0.0000
0.6103, 0.0000
0.6103, 0.0000
0.6103, 0.0000
0.6103, 0.0000
0.6103, 0.0000
0.6056, 0.0000
0.6056, 0.0000
0.6056, 0.0000
0.6009, 0.0000
0.6009, 0.0000
0.6009, 0.0000
0.5962, 0.0000
0.5962, 0.0000
0.5962, 0.0000
0.5962, 0.0000
0.5962, 0.0000
0.5962, 0.0000
0.5915, 0.0000
0.5915, 0.0000
0.5915, 0.0000
0.5915, 0.0000
0.5915, 0.0000
0.5915, 0.0000
0.5915, 0.0000
0.5869, 0.0000
0.5869, 0.0000
0.5869, 0.0000
0.5869, 0.0026
0.5869, 0.0026
0.5822, 0.0026
0.5822, 0.0026
0.5822, 0.0026
0.5775, 0.0026
0.5775, 0.0026
0.5775, 0.0026
0.5728, 0.0026
0.5728, 0.0026
0.5728, 0.0026
0.5728, 0.0026
0.5728, 0.0026
0.5728, 0.0026
0.5728, 0.0026
0.5728, 0.0026
0.5728, 0.0026
0.5728, 0.0026
0.5728, 0.0026
0.5728, 0.0026
0.5728, 0.0026
0.5728, 0.0026
0.5681, 0.0053
0.5681, 0.0053
0.5681, 0.0053
0.5634, 0.0053
0.5634, 0.0053
0.5634, 0.0053
0.5634, 0.0053
0.5634, 0.0053
0.5634, 0.0053
0.5634, 0.0053
0.5634, 0.0053
0.5634, 0.0053
0.5634, 0.0079
0.5634, 0.0079
0.5634, 0.0079
0.5587, 0.0079
0.5587, 0.0079
0.5587, 0.0106
0.5587, 0.0106
0.5587, 0.0106
0.5587, 0.0106
0.5587, 0.0106
0.5587, 0.0106
0.5587, 0.0106
0.5587, 0.0106
0.5587, 0.0106
0.5587, 0.0106
0.5540, 0.0106
0.5540, 0.0106
0.5540, 0.0106
0.5540, 0.0106
0.5540, 0.0106
0.5540, 0.0106
0.5493, 0.0132
0.5493, 0.0132
0.5493, 0.0132
0.5493, 0.0159
0.5493, 0.0159
0.5493, 0.0159
0.5493, 0.0159
0.5493, 0.0159
0.5493, 0.0159
0.5493, 0.0159
0.5493, 0.0159
0.5493, 0.0159
0.5493, 0.0185
0.5493, 0.0185
0.5493, 0.0185
0.5493, 0.0212
0.5493, 0.0212
0.5493, 0.0212
0.5446, 0.0212
0.5446, 0.0212
0.5446, 0.0212
0.5446, 0.0212
0.5446, 0.0212
0.5446, 0.0212
0.5446, 0.0212
0.5446, 0.0212
0.5446, 0.0212
0.5446, 0.0238
0.5446, 0.0238
0.5446, 0.0238
0.5399, 0.0265
0.5399, 0.0265
0.5399, 0.0265
0.5399, 0.0265
0.5399, 0.0265
0.5399, 0.0265
0.5399, 0.0265
0.5399, 0.0291
0.5399, 0.0291
0.5399, 0.0291
0.5399, 0.0291
0.5399, 0.0291
0.5399, 0.0291
0.5399, 0.0291
0.5399, 0.0291
0.5399, 0.0291
0.5399, 0.0317
0.5399, 0.0317
0.5399, 0.0317
0.5399, 0.0344
0.5399, 0.0344
0.5399, 0.0344
0.5399, 0.0344
0.5399, 0.0344
0.5399, 0.0344
0.5399, 0.0370
0.5399, 0.0370
0.5399, 0.0370
0.5399, 0.0370
0.5399, 0.0370
0.5399, 0.0370
0.5399, 0.0397
0.5399, 0.0397
0.5399, 0.0397
0.5399, 0.0423
0.5399, 0.0423
0.5399, 0.0423
0.5399, 0.0423
0.5399, 0.0423
0.5399, 0.0423
0.5399, 0.0450
0.5399, 0.0476
0.5399, 0.0476
0.5399, 0.0476
0.5399, 0.0503
0.5399, 0.0556
0.5399, 0.0556
0.5399, 0.0556
0.5399, 0.0556
0.5399, 0.0556
0.5399, 0.0556
0.5399, 0.0556
0.5399, 0.0556
0.5399, 0.0556
0.5399, 0.0556
0.5399, 0.0582
0.5399, 0.0582
0.5399, 0.0582
0.5399, 0.0608
0.5399, 0.0608
0.5399, 0.0608
0.5399, 0.0608
0.5399, 0.0608
0.5399, 0.0608
0.5399, 0.0608
0.5352, 0.0608
0.5352, 0.0608
0.5352, 0.0635
0.5352, 0.0635
0.5352, 0.0635
0.5352, 0.0635
0.5352, 0.0635
0.5352, 0.0635
0.5352, 0.0635
0.5352, 0.0661
0.5352, 0.0661
0.5352, 0.0661
0.5352, 0.0688
0.5352, 0.0688
0.5352, 0.0688
0.5352, 0.0688
0.5352, 0.0688
0.5352, 0.0688
0.5352, 0.0688
0.5352, 0.0688
0.5352, 0.0688
0.5352, 0.0714
0.5352, 0.0714
0.5352, 0.0714
0.5352, 0.0741
0.5352, 0.0741
0.5352, 0.0741
0.5352, 0.0741
0.5352, 0.0741
0.5352, 0.0741
0.5352, 0.0767
0.5352, 0.0767
0.5352, 0.0794
0.5352, 0.0794
0.5352, 0.0794
0.5352, 0.0794
0.5352, 0.0794
0.5352, 0.0794
0.5352, 0.0794
0.5352, 0.0820
0.5352, 0.0820
0.5352, 0.0820
0.5352, 0.0820
0.5352, 0.0820
0.5352, 0.0847
0.5352, 0.0847
0.5352, 0.0847
0.5352, 0.0873
0.5352, 0.0873
0.5352, 0.0873
0.5352, 0.0873
0.5352, 0.0873
0.5352, 0.0873
0.5352, 0.0899
0.5352, 0.0899
0.5352, 0.0899
0.5352, 0.0899
0.5352, 0.0899
0.5352, 0.0899
0.5352, 0.0926
0.5352, 0.0926
0.5352, 0.0926
0.5352, 0.0952
0.5352, 0.0952
0.5352, 0.0952
0.5352, 0.0952
0.5352, 0.0952
0.5352, 0.0952
0.5352, 0.0952
0.5352, 0.0952
0.5352, 0.0952
0.5352, 0.0979
0.5352, 0.0979
0.5352, 0.0979
0.5352, 0.1005
0.5352, 0.1005
0.5352, 0.1005
0.5352, 0.1005
0.5352, 0.1005
0.5352, 0.1005
0.5352, 0.1032
0.5352, 0.1032
0.5352, 0.1032
0.5352, 0.1058
0.5352, 0.1058
0.5352, 0.1058
0.5352, 0.1058
0.5352, 0.1058
0.5399, 0.1085
0.5399, 0.1085
0.5399, 0.1085
0.5399, 0.1111
0.5399, 0.1111
0.5399, 0.1111
0.5399, 0.1138
0.5399, 0.1138
0.5399, 0.1138
0.5399, 0.1138
0.5399, 0.1138
0.5399, 0.1138
0.5446, 0.1164
0.5446, 0.1164
0.5446, 0.1164
0.5446, 0.1190
0.5446, 0.1190
0.5446, 0.1190
0.5446, 0.1190
0.5446, 0.1190
0.5446, 0.1190
0.5446, 0.1217
0.5446, 0.1217
0.5446, 0.1217
0.5446, 0.1217
0.5446, 0.1217
0.5446, 0.1217
0.5446, 0.1243
0.5446, 0.1243
0.5446, 0.1243
0.5446, 0.1270
0.5446, 0.1270
0.5446, 0.1270
0.5446, 0.1296
0.5446, 0.1296
0.5493, 0.1323
0.5493, 0.1323
0.5493, 0.1323
0.5493, 0.1349
0.5493, 0.1349
0.5493, 0.1349
0.5493, 0.1349
0.5493, 0.1349
0.5493, 0.1349
0.5493, 0.1376
0.5493, 0.1376
0.5540, 0.1402
0.5540, 0.1402
0.5540, 0.1402
0.5540, 0.1402
0.5540, 0.1402
0.5540, 0.1402
0.5540, 0.1402
0.5540, 0.1402
0.5540, 0.1402
0.5540, 0.1402
0.5540, 0.1429
0.5540, 0.1429
0.5540, 0.1455
0.5540, 0.1455
0.5540, 0.1455
0.5587, 0.1481
0.5587, 0.1481
0.5587, 0.1481
0.5587, 0.1481
0.5587, 0.1481
0.5587, 0.1481
0.5587, 0.1508
0.5587, 0.1508
0.5587, 0.1561
0.5587, 0.1561
0.5587, 0.1561
0.5587, 0.1561
0.5587, 0.1561
0.5587, 0.1561
0.5587, 0.1587
0.5587, 0.1587
0.5587, 0.1587
0.5634, 0.1614
0.5634, 0.1614
0.5634, 0.1614
0.5634, 0.1640
0.5634, 0.1640
0.5634, 0.1640
0.5634, 0.1667
0.5634, 0.1667
0.5681, 0.1693
0.5681, 0.1693
0.5681, 0.1693
0.5681, 0.1693
0.5681, 0.1693
0.5681, 0.1693
0.5681, 0.1720
0.5681, 0.1720
0.5681, 0.1720
0.5681, 0.1746
0.5681, 0.1746
0.5681, 0.1746
0.5728, 0.1746
0.5728, 0.1746
0.5728, 0.1746
0.5728, 0.1772
0.5728, 0.1772
0.5728, 0.1772
0.5728, 0.1825
0.5728, 0.1825
0.5728, 0.1825
0.5728, 0.1825
0.5728, 0.1825
0.5728, 0.1852
0.5728, 0.1852
0.5728, 0.1852
0.5728, 0.1878
0.5728, 0.1878
0.5728, 0.1878
0.5728, 0.1905
0.5728, 0.1905
0.5728, 0.1905
0.5728, 0.1905
0.5728, 0.1905
0.5728, 0.1905
0.5728, 0.1931
0.5728, 0.1931
0.5728, 0.1958
0.5728, 0.1958
0.5728, 0.1958
0.5728, 0.1958
0.5728, 0.1958
0.5728, 0.1958
0.5728, 0.1958
0.5728, 0.1958
0.5728, 0.1958
0.5728, 0.1984
0.5728, 0.1984
0.5728, 0.1984
0.5728, 0.2011
0.5728, 0.2011
0.5728, 0.2011
0.5728, 0.2011
0.5728, 0.2011
0.5728, 0.2011
0.5775, 0.2037
0.5775, 0.2037
0.5775, 0.2037
0.5775, 0.2037
0.5775, 0.2037
0.5775, 0.2063
0.5775, 0.2063
0.5775, 0.2063
0.5775, 0.2063
0.5775, 0.2063
0.5775, 0.2063
0.5775, 0.2090
0.5775, 0.2090
0.5775, 0.2090
0.5775, 0.2090
0.5775, 0.2090
0.5775, 0.2090
0.5775, 0.2090
0.5775, 0.2090
0.5775, 0.2116
0.5775, 0.2116
0.5775, 0.2116
0.5775, 0.2116
0.5775, 0.2116
0.5775, 0.2116
0.5775, 0.2143
0.5775, 0.2143
0.5775, 0.2143
0.5775, 0.2143
0.5775, 0.2143
0.5775, 0.2143
0.5775, 0.2143
0.5775, 0.2143
0.5775, 0.2143
0.5775, 0.2143
0.5775, 0.2143
0.5775, 0.2143
0.5775, 0.2169
0.5775, 0.2169
0.5775, 0.2169
0.5775, 0.2169
0.5775, 0.2169
0.5775, 0.2169
0.5775, 0.2169
0.5775, 0.2169
0.5775, 0.2169
0.5775, 0.2169
0.5775, 0.2169
0.5775, 0.2169
0.5775, 0.2169
0.5775, 0.2169
0.5775, 0.2169
0.5775, 0.2169
0.5775, 0.2169
0.5775, 0.2169
0.5775, 0.2169
0.5775, 0.2169
0.5775, 0.2169
0.5775, 0.2169
0.5775, 0.2169
0.5775, 0.2169
0.5775, 0.2169
0.5775, 0.2169
0.5775, 0.2169
0.5775, 0.2169
0.5775, 0.2169
0.5775, 0.2169
0.5775, 0.2169
0.5775, 0.2169
0.5775, 0.2169
0.5775, 0.2169
0.5775, 0.2169
0.5775, 0.2169
0.5775, 0.2169
0.5775, 0.2169
0.5775, 0.2169
0.5775, 0.2196
0.5775, 0.2196
0.5775, 0.2196
0.5775, 0.2196
0.5775, 0.2196
0.5775, 0.2196
0.5728, 0.2196
0.5728, 0.2196
0.5728, 0.2196
0.5681, 0.2196
0.5681, 0.2196
0.5634, 0.2196
0.5634, 0.2196
0.5634, 0.2196
0.5587, 0.2222
0.5587, 0.2222
0.5587, 0.2222
0.5493, 0.2222
0.5493, 0.2222
0.5446, 0.2222
0.5446, 0.2222
0.5446, 0.2222
0.5352, 0.2249
0.5352, 0.2249
0.5352, 0.2249
0.5258, 0.2249
0.5258, 0.2249
0.5211, 0.2249
0.5211, 0.2249
0.5211, 0.2249
0.5164, 0.2249
0.5164, 0.2249
0.5164, 0.2249
0.5070, 0.2249
0.5070, 0.2249
0.5070, 0.2249
0.5070, 0.2249
0.5070, 0.2249
0.5023, 0.2249
0.5023, 0.2249
0.5023, 0.2249
0.4977, 0.2249
0.4977, 0.2249
0.4977, 0.2249
0.4930, 0.2249
0.4930, 0.2249
0.4883, 0.2249
0.4883, 0.2249
0.4883, 0.2249
0.4836, 0.2275
0.4836, 0.2275
0.4836, 0.2275
0.4742, 0.2275
0.4742, 0.2275
0.4742, 0.2275
0.4601, 0.2275
0.4601, 0.2275
0.4554, 0.2302
0.4554, 0.2302
0.4554, 0.2302
0.4460, 0.2302
0.4460, 0.2302
0.4460, 0.2302
0.4366, 0.2302
0.4366, 0.2302
0.4366, 0.2302
0.4366, 0.2302
0.4366, 0.2302
0.4319, 0.2302
0.4319, 0.2302
0.4319, 0.2302
0.4225, 0.2302
0.4225, 0.2302
0.4225, 0.2302
0.4178, 0.2302
0.4178, 0.2302
0.4131, 0.2302
0.4131, 0.2302
0.4131, 0.2302
0.4085, 0.2302
0.4085, 0.2302
0.4085, 0.2302
0.3991, 0.2328
0.3991, 0.2328
0.3897, 0.2328
0.3897, 0.2328
0.3897, 0.2328
0.3803, 0.2328
0.3803, 0.2328
0.3803, 0.2328
0.3756, 0.2354
0.3756, 0.2354
0.3662, 0.2354
0.3662, 0.2354
0.3662, 0.2354
0.3662, 0.2354
0.3662, 0.2354
0.3662, 0.2354
0.3662, 0.2354
0.3662, 0.2354
0.3662, 0.2354
0.3662, 0.2354
0.3662, 0.2354
0.3662, 0.2354
0.3662, 0.2354
0.3662, 0.2354
0.3662, 0.2354
0.3662, 0.2354
0.3662, 0.2354
0.3662, 0.2354
0.3662, 0.2354
0.3662, 0.2354
0.3662, 0.2354
0.3615, 0.2354
0.3615, 0.2354
0.3615, 0.2354
0.3615, 0.2354
0.3615, 0.2354
0.3568, 0.2354
0.3568, 0.2354
0.3568, 0.2354
0.3568, 0.2354
0.3568, 0.2354
0.3568, 0.2354
0.3521, 0.2354
0.3521, 0.2354
0.3521, 0.2354
0.3474, 0.2354
0.3474, 0.2354
0.3474, 0.2354
0.3474, 0.2354
0.3474, 0.2354
0.3427, 0.2354
0.3427, 0.2354
0.3427, 0.2354
0.3427, 0.2354
0.3427, 0.2354
0.3427, 0.2354
0.3427, 0.2354
0.3427, 0.2354
0.3427, 0.2354
0.3380, 0.2354
0.3380, 0.2354
0.3380, 0.2354
0.3380, 0.2354
0.3380, 0.2354
0.3380, 0.2354
0.3333, 0.2354
0.3333, 0.2354
0.3333, 0.2354
0.3333, 0.2354
0.3333, 0.2354
0.3333, 0.2354
0.3333, 0.2354
0.3333, 0.2354
0.3333, 0.2354
0.3333, 0.2354
0.3333, 0.2354
0.3333, 0.2354
0.3333, 0.2354
0.3333, 0.2354
0.3333, 0.2354
0.3333, 0.2354
0.3333, 0.2354
0.3333, 0.2354
0.3333, 0.2354
0.3333, 0.2354
0.3333, 0.2354
0.3333, 0.2354
0.3333, 0.2354
0.3333, 0.2354
0.3333, 0.2354
0.3333, 0.2354
0.3333, 0.2354
0.3333, 0.2354
0.3333, 0.2354
0.3333, 0.2354
0.3333, 0.2354
0.3333, 0.2354
0.3333, 0.2354
0.3333, 0.2354
0.3333, 0.2354
0.3333, 0.2354
0.3333, 0.2354
0.3333, 0.2354
0.3333, 0.2381
0.3333, 0.2381
0.3333, 0.2381
0.3333, 0.2407
0.0000, 1.0000
0.0000, 1.0000
0.0000, 1.0000
0.0000, 1.0000
0.0000, 1.0000
0.0000, 1.0000
0.0000, 1.0000
0.0000, 1.0000
0.0000, 1.0000
0.0000, 1.0000
0.0000, 1.0000
0.0000, 1.0000
0.0000, 1.0000
0.0000, 1.0000
0.0000, 1.0000
0.0000, 1.0000
0.0000, 1.0000
0.0000, 1.0000
0.0000, 1.0000
0.0000, 1.0000
0.0000, 1.0000
0.0000, 1.0000
0.0000, 1.0000
0.0000, 1.0000
0.0000, 1.0000
0.0000, 1.0000
0.0000, 1.0000
0.0000, 1.0000
0.0000, 1.0000
0.0000, 1.0000
0.0000, 1.0000
0.0000, 1.0000
0.0000, 1.0000
0.0000, 1.0000
0.0000, 1.0000
0.0000, 1.0000
0.0000, 1.0000
0.0000, 1.0000
0.0000, 1.0000
0.0000, 1.0000
0.0000, 1.0000
0.0000, 1.0000
0.0000, 1.0000
0.0000, 1.0000
0.0000, 1.0000
0.0000, 1.0000
0.0000, 1.0000
0.0000, 1.0000
0.0000, 1.0000
0.0000, 1.0000
0.0000, 1.0000
0.0000, 1.0000
0.0000, 1.0000
0.0000, 1.0000
0.0000, 1.0000
0.0000, 1.0000
0.0000, 1.0000
