0.3258, 0.2351
0.3258, 0.2351
0.3258, 0.2351
0.3258, 0.2351
0.3258, 0.2351
0.3258, 0.2351
0.3258, 0.2351
0.3258, 0.2351
0.3258, 0.2351
0.3258, 0.2351
0.3258, 0.2351
0.3258, 0.2351
0.3258, 0.2351
0.3258, 0.2351
0.3258, 0.2351
0.3258, 0.2351
0.3258, 0.2351
0.3258, 0.2351
0.3258, 0.2351
0.3258, 0.2351
0.3258, 0.2351
0.3258, 0.2351
0.3258, 0.2351
0.3258, 0.2351
0.3258, 0.2351
0.3258, 0.2351
0.3258, 0.2351
0.3258, 0.2351
0.3258, 0.2351
0.3258, 0.2351
0.3258, 0.2351
0.3258, 0.2351
0.3258, 0.2351
0.3258, 0.2351
0.3258, 0.2351
0.3258, 0.2351
0.3258, 0.2351
0.3258, 0.2351
0.3258, 0.2351
0.3258, 0.2351
0.3258, 0.2351
0.3258, 0.2351
0.3258, 0.2351
0.3258, 0.2351
0.3258, 0.2351
0.3258, 0.2351
0.3258, 0.2351
0.3258, 0.2351
0.3258, 0.2351
0.3258, 0.2351
0.3258, 0.2351
0.3258, 0.2351
0.3258, 0.2351
0.3258, 0.2351
0.3258, 0.2351
0.3258, 0.2351
0.3258, 0.2351
0.3258, 0.2351
0.3258, 0.2351
0.3258, 0.2351
0.3258, 0.2351
0.3258, 0.2351
0.3258, 0.2351
0.3258, 0.2351
0.3258, 0.2351
0.3258, 0.2351
0.3258, 0.2351
0.3258, 0.2351
0.3258, 0.2351
0.3258, 0.2351
0.3258, 0.2351
0.3258, 0.2351
0.3258, 0.2351
0.3258, 0.2351
0.3258, 0.2351
0.3303, 0.2351
0.3303, 0.2351
0.3303, 0.2351
0.3303, 0.2351
0.3303, 0.2351
0.3348, 0.2351
0.3348, 0.2351
0.3348, 0.2351
0.3348, 0.2351
0.3394, 0.2351
0.3394, 0.2351
0.3394, 0.2351
0.3394, 0.2351
0.3394, 0.2351
0.3394, 0.2351
0.3394, 0.2351
0.3394, 0.2351
0.3394, 0.2351
0.3439, 0.2351
0.3439, 0.2351
0.3439, 0.2351
0.3439, 0.2351
0.3484, 0.2351
0.3484, 0.2351
0.3484, 0.2351
0.3484, 0.2351
0.3529, 0.2351
0.3529, 0.2351
0.3529, 0.2351
0.3529, 0.2351
0.3575, 0.2351
0.3575, 0.2351
0.3575, 0.2351
0.3575, 0.2351
0.3575, 0.2351
0.3575, 0.2351
0.3575, 0.2351
0.3575, 0.2351
0.3575, 0.2351
0.3620, 0.2351
0.3620, 0.2351
0.3620, 0.2351
0.3620, 0.2351
0.3620, 0.2351
0.3620, 0.2351
0.3620, 0.2351
0.3620, 0.2351
0.3620, 0.2351
0.3620, 0.2351
0.3620, 0.2351
0.3620, 0.2351
0.3620, 0.2351
0.3620, 0.2351
0.3620, 0.2351
0.3620, 0.2351
0.3620, 0.2351
0.3620, 0.2351
0.3620, 0.2351
0.3620, 0.2351
0.3620, 0.2351
0.3620, 0.2351
0.3620, 0.2351
0.3665, 0.2351
0.3665, 0.2351
0.3665, 0.2351
0.3665, 0.2351
0.3665, 0.2351
0.3665, 0.2351
0.3665, 0.2351
0.3665, 0.2351
0.3710, 0.2351
0.3710, 0.2351
0.3710, 0.2351
0.3710, 0.2351
0.3710, 0.2351
0.3710, 0.2351
0.3710, 0.2351
0.3710, 0.2351
0.3710, 0.2351
0.3756, 0.2351
0.3756, 0.2351
0.3756, 0.2351
0.3756, 0.2351
0.3756, 0.2351
0.3756, 0.2351
0.3756, 0.2351
0.3756, 0.2351
0.3756, 0.2351
0.3801, 0.2351
0.3801, 0.2351
0.3801, 0.2351
0.3801, 0.2351
0.3801, 0.2351
0.3801, 0.2351
0.3801, 0.2351
0.3801, 0.2351
0.3801, 0.2351
0.3846, 0.2351
0.3846, 0.2351
0.3846, 0.2351
0.3846, 0.2351
0.3846, 0.2351
0.3846, 0.2351
0.3846, 0.2351
0.3846, 0.2351
0.3846, 0.2351
0.3846, 0.2351
0.3846, 0.2351
0.3846, 0.2351
0.3846, 0.2351
0.3891, 0.2351
0.3891, 0.2351
0.3891, 0.2351
0.3891, 0.2351
0.3937, 0.2351
0.3937, 0.2351
0.3937, 0.2351
0.3937, 0.2351
0.3937, 0.2351
0.3937, 0.2351
0.3937, 0.2351
0.3937, 0.2351
0.3937, 0.2351
0.3937, 0.2351
0.3937, 0.2351
0.3937, 0.2351
0.3937, 0.2351
0.3982, 0.2351
0.3982, 0.2351
0.3982, 0.2351
0.3982, 0.2351
0.4027, 0.2351
0.4027, 0.2351
0.4027, 0.2351
0.4027, 0.2351
0.4027, 0.2351
0.4027, 0.2351
0.4027, 0.2351
0.4027, 0.2351
0.4072, 0.2351
0.4072, 0.2351
0.4072, 0.2351
0.4072, 0.2351
0.4072, 0.2351
0.4072, 0.2351
0.4072, 0.2351
0.4072, 0.2351
0.4072, 0.2351
0.4072, 0.2351
0.4072, 0.2351
0.4072, 0.2351
0.4072, 0.2351
0.4118, 0.2351
0.4118, 0.2351
0.4118, 0.2351
0.4118, 0.2351
0.4163, 0.2351
0.4163, 0.2351
0.4163, 0.2351
0.4163, 0.2351
0.4163, 0.2351
0.4208, 0.2351
0.4208, 0.2351
0.4208, 0.2351
0.4208, 0.2351
0.4208, 0.2351
0.4208, 0.2351
0.4208, 0.2351
0.4208, 0.2351
0.4208, 0.2351
0.4253, 0.2351
0.4253, 0.2351
0.4253, 0.2351
0.4299, 0.2351
0.4299, 0.2351
0.4299, 0.2351
0.4299, 0.2351
0.4299, 0.2351
0.4299, 0.2351
0.4299, 0.2351
0.4299, 0.2351
0.4299, 0.2351
0.4299, 0.2351
0.4299, 0.2351
0.4299, 0.2351
0.4299, 0.2351
0.4299, 0.2351
0.4299, 0.2351
0.4299, 0.2351
0.4299, 0.2351
0.4299, 0.2351
0.4344, 0.2351
0.4344, 0.2351
0.4344, 0.2351
0.4344, 0.2351
0.4389, 0.2351
0.4389, 0.2351
0.4389, 0.2351
0.4389, 0.2351
0.4434, 0.2351
0.4434, 0.2351
0.4434, 0.2351
0.4434, 0.2351
0.4480, 0.2351
0.4480, 0.2351
0.4480, 0.2351
0.4480, 0.2351
0.4525, 0.2351
0.4525, 0.2351
0.4525, 0.2351
0.4525, 0.2351
0.4525, 0.2351
0.4525, 0.2351
0.4525, 0.2351
0.4525, 0.2351
0.4570, 0.2351
0.4570, 0.2351
0.4570, 0.2351
0.4570, 0.2351
0.4570, 0.2351
0.4570, 0.2351
0.4570, 0.2351
0.4570, 0.2351
0.4570, 0.2351
0.4615, 0.2351
0.4615, 0.2351
0.4615, 0.2351
0.4615, 0.2351
0.4615, 0.2351
0.4615, 0.2351
0.4615, 0.2351
0.4615, 0.2351
0.4615, 0.2351
0.4615, 0.2351
0.4615, 0.2351
0.4615, 0.2351
0.4615, 0.2351
0.4661, 0.2351
0.4661, 0.2351
0.4661, 0.2351
0.4661, 0.2351
0.4661, 0.2351
0.4661, 0.2351
0.4661, 0.2351
0.4661, 0.2351
0.4661, 0.2351
0.4661, 0.2351
0.4661, 0.2351
0.4661, 0.2351
0.4661, 0.2351
0.4661, 0.2351
0.4661, 0.2351
0.4661, 0.2351
0.4706, 0.2351
0.4706, 0.2351
0.4706, 0.2351
0.4706, 0.2351
0.4706, 0.2351
0.4706, 0.2351
0.4706, 0.2351
0.4706, 0.2351
0.4706, 0.2351
0.4751, 0.2351
0.4751, 0.2351
0.4751, 0.2351
0.4751, 0.2351
0.4751, 0.2326
0.4751, 0.2326
0.4751, 0.2326
0.4751, 0.2326
0.4796, 0.2326
0.4796, 0.2326
0.4796, 0.2326
0.4796, 0.2326
0.4796, 0.2326
0.4796, 0.2326
0.4796, 0.2326
0.4796, 0.2326
0.4842, 0.2326
0.4842, 0.2326
0.4842, 0.2326
0.4842, 0.2326
0.4842, 0.2326
0.4842, 0.2326
0.4842, 0.2326
0.4842, 0.2326
0.4887, 0.2326
0.4887, 0.2326
0.4887, 0.2326
0.4887, 0.2326
0.4887, 0.2326
0.4887, 0.2326
0.4887, 0.2326
0.4887, 0.2326
0.4887, 0.2326
0.4887, 0.2326
0.4887, 0.2326
0.4887, 0.2326
0.4932, 0.2326
0.4932, 0.2326
0.4932, 0.2326
0.4932, 0.2326
0.4932, 0.2326
0.4932, 0.2326
0.4932, 0.2326
0.4932, 0.2326
0.4932, 0.2326
0.4977, 0.2300
0.4977, 0.2300
0.4977, 0.2300
0.4977, 0.2300
0.4977, 0.2300
0.4977, 0.2300
0.4977, 0.2300
0.4977, 0.2300
0.4977, 0.2300
0.4977, 0.2300
0.4977, 0.2300
0.4977, 0.2300
0.4977, 0.2300
0.4977, 0.2300
0.4977, 0.2300
0.4977, 0.2300
0.5023, 0.2300
0.5023, 0.2300
0.5023, 0.2300
0.5023, 0.2300
0.5023, 0.2300
0.5023, 0.2300
0.5023, 0.2300
0.5023, 0.2300
0.5023, 0.2300
0.5023, 0.2300
0.5023, 0.2300
0.5023, 0.2300
0.5068, 0.2300
0.5068, 0.2300
0.5068, 0.2300
0.5068, 0.2300
0.5068, 0.2300
0.5068, 0.2300
0.5068, 0.2300
0.5068, 0.2300
0.5068, 0.2300
0.5113, 0.2274
0.5113, 0.2274
0.5113, 0.2274
0.5113, 0.2274
0.5113, 0.2274
0.5113, 0.2274
0.5113, 0.2274
0.5113, 0.2274
0.5158, 0.2248
0.5158, 0.2248
0.5158, 0.2248
0.5158, 0.2248
0.5204, 0.2248
0.5204, 0.2248
0.5204, 0.2248
0.5204, 0.2248
0.5204, 0.2248
0.5204, 0.2248
0.5204, 0.2248
0.5204, 0.2248
0.5204, 0.2248
0.5204, 0.2248
0.5204, 0.2248
0.5204, 0.2248
0.5204, 0.2248
0.5204, 0.2248
0.5204, 0.2248
0.5204, 0.2248
0.5204, 0.2248
0.5204, 0.2248
0.5204, 0.2248
0.5204, 0.2248
0.5204, 0.2248
0.5249, 0.2222
0.5249, 0.2222
0.5249, 0.2222
0.5249, 0.2222
0.5249, 0.2222
0.5249, 0.2222
0.5249, 0.2222
0.5249, 0.2222
0.5249, 0.2196
0.5249, 0.2196
0.5249, 0.2196
0.5249, 0.2196
0.5249, 0.2196
0.5249, 0.2196
0.5249, 0.2196
0.5249, 0.2196
0.5249, 0.2196
0.5249, 0.2196
0.5249, 0.2196
0.5249, 0.2196
0.5249, 0.2196
0.5294, 0.2196
0.5294, 0.2196
0.5294, 0.2196
0.5294, 0.2196
0.5294, 0.2196
0.5294, 0.2196
0.5294, 0.2196
0.5294, 0.2196
0.5294, 0.2171
0.5294, 0.2171
0.5294, 0.2171
0.5294, 0.2171
0.5294, 0.2171
0.5294, 0.2171
0.5294, 0.2171
0.5294, 0.2171
0.5294, 0.2145
0.5294, 0.2145
0.5294, 0.2145
0.5294, 0.2145
0.5294, 0.2145
0.5294, 0.2145
0.5294, 0.2145
0.5294, 0.2145
0.5294, 0.2145
0.5294, 0.2119
0.5294, 0.2119
0.5294, 0.2119
0.5294, 0.2119
0.5294, 0.2119
0.5294, 0.2119
0.5294, 0.2119
0.5294, 0.2119
0.5294, 0.2093
0.5294, 0.2093
0.5294, 0.2093
0.5339, 0.2067
0.5339, 0.2067
0.5339, 0.2067
0.5339, 0.2067
0.5339, 0.2067
0.5339, 0.2067
0.5339, 0.2067
0.5339, 0.2067
0.5339, 0.2041
0.5339, 0.2041
0.5339, 0.2041
0.5339, 0.2041
0.5339, 0.2041
0.5339, 0.2041
0.5339, 0.2041
0.5339, 0.2041
0.5339, 0.2016
0.5339, 0.2016
0.5339, 0.2016
0.5339, 0.1990
0.5339, 0.1990
0.5339, 0.1990
0.5339, 0.1990
0.5339, 0.1990
0.5339, 0.1990
0.5339, 0.1990
0.5339, 0.1990
0.5339, 0.1964
0.5339, 0.1964
0.5339, 0.1964
0.5339, 0.1938
0.5339, 0.1938
0.5339, 0.1938
0.5339, 0.1938
0.5339, 0.1938
0.5339, 0.1938
0.5339, 0.1938
0.5339, 0.1938
0.5339, 0.1938
0.5339, 0.1912
0.5339, 0.1912
0.5339, 0.1912
0.5339, 0.1886
0.5339, 0.1886
0.5339, 0.1886
0.5339, 0.1886
0.5339, 0.1886
0.5339, 0.1886
0.5339, 0.1886
0.5339, 0.1860
0.5339, 0.1860
0.5339, 0.1860
0.5339, 0.1860
0.5339, 0.1860
0.5339, 0.1860
0.5339, 0.1860
0.5339, 0.1860
0.5339, 0.1835
0.5339, 0.1835
0.5339, 0.1835
0.5339, 0.1835
0.5339, 0.1809
0.5339, 0.1809
0.5339, 0.1809
0.5339, 0.1809
0.5339, 0.1809
0.5339, 0.1809
0.5339, 0.1809
0.5339, 0.1809
0.5339, 0.1783
0.5339, 0.1783
0.5339, 0.1783
0.5339, 0.1783
0.5339, 0.1783
0.5339, 0.1783
0.5339, 0.1783
0.5339, 0.1731
0.5339, 0.1731
0.5339, 0.1731
0.5339, 0.1731
0.5339, 0.1731
0.5339, 0.1731
0.5339, 0.1731
0.5339, 0.1731
0.5339, 0.1705
0.5339, 0.1705
0.5339, 0.1705
0.5339, 0.1705
0.5339, 0.1680
0.5339, 0.1680
0.5339, 0.1680
0.5339, 0.1680
0.5339, 0.1680
0.5339, 0.1680
0.5339, 0.1680
0.5339, 0.1680
0.5294, 0.1654
0.5294, 0.1654
0.5294, 0.1654
0.5294, 0.1628
0.5294, 0.1628
0.5294, 0.1628
0.5294, 0.1628
0.5294, 0.1602
0.5294, 0.1602
0.5294, 0.1602
0.5294, 0.1602
0.5294, 0.1602
0.5294, 0.1602
0.5294, 0.1602
0.5294, 0.1602
0.5294, 0.1602
0.5294, 0.1602
0.5294, 0.1602
0.5294, 0.1602
0.5249, 0.1576
0.5249, 0.1576
0.5249, 0.1576
0.5249, 0.1550
0.5249, 0.1550
0.5249, 0.1550
0.5249, 0.1550
0.5249, 0.1550
0.5249, 0.1550
0.5249, 0.1550
0.5249, 0.1550
0.5249, 0.1525
0.5249, 0.1525
0.5249, 0.1525
0.5249, 0.1525
0.5249, 0.1473
0.5249, 0.1473
0.5249, 0.1473
0.5249, 0.1473
0.5249, 0.1473
0.5249, 0.1473
0.5249, 0.1473
0.5249, 0.1473
0.5249, 0.1473
0.5249, 0.1473
0.5249, 0.1473
0.5249, 0.1473
0.5249, 0.1447
0.5249, 0.1447
0.5249, 0.1447
0.5249, 0.1421
0.5249, 0.1421
0.5249, 0.1421
0.5249, 0.1421
0.5249, 0.1421
0.5249, 0.1421
0.5249, 0.1421
0.5249, 0.1421
0.5249, 0.1395
0.5249, 0.1395
0.5249, 0.1395
0.5249, 0.1395
0.5249, 0.1395
0.5249, 0.1395
0.5249, 0.1395
0.5249, 0.1395
0.5204, 0.1370
0.5204, 0.1370
0.5204, 0.1370
0.5204, 0.1344
0.5204, 0.1344
0.5204, 0.1344
0.5204, 0.1344
0.5204, 0.1344
0.5204, 0.1344
0.5204, 0.1344
0.5204, 0.1344
0.5158, 0.1318
0.5158, 0.1318
0.5158, 0.1318
0.5158, 0.1292
0.5158, 0.1292
0.5158, 0.1292
0.5158, 0.1292
0.5158, 0.1266
0.5158, 0.1266
0.5158, 0.1266
0.5158, 0.1266
0.5158, 0.1266
0.5158, 0.1266
0.5158, 0.1266
0.5158, 0.1240
0.5158, 0.1240
0.5158, 0.1240
0.5158, 0.1240
0.5158, 0.1240
0.5158, 0.1240
0.5158, 0.1240
0.5158, 0.1240
0.5158, 0.1214
0.5158, 0.1214
0.5158, 0.1214
0.5158, 0.1214
0.5158, 0.1214
0.5158, 0.1214
0.5158, 0.1214
0.5158, 0.1214
0.5158, 0.1214
0.5158, 0.1214
0.5158, 0.1214
0.5158, 0.1189
0.5158, 0.1189
0.5158, 0.1189
0.5158, 0.1163
0.5158, 0.1163
0.5158, 0.1163
0.5158, 0.1163
0.5158, 0.1163
0.5158, 0.1163
0.5158, 0.1163
0.5158, 0.1163
0.5113, 0.1137
0.5113, 0.1137
0.5113, 0.1137
0.5113, 0.1137
0.5113, 0.1137
0.5113, 0.1137
0.5113, 0.1137
0.5113, 0.1137
0.5113, 0.1111
0.5113, 0.1111
0.5113, 0.1111
0.5113, 0.1085
0.5113, 0.1085
0.5113, 0.1085
0.5113, 0.1085
0.5113, 0.1085
0.5113, 0.1085
0.5113, 0.1085
0.5113, 0.1085
0.5068, 0.1085
0.5068, 0.1085
0.5068, 0.1085
0.5068, 0.1085
0.5068, 0.1059
0.5068, 0.1059
0.5068, 0.1059
0.5068, 0.1034
0.5068, 0.1034
0.5068, 0.1034
0.5068, 0.1034
0.5068, 0.1034
0.5068, 0.1034
0.5068, 0.1034
0.5068, 0.1034
0.5068, 0.1034
0.5068, 0.1034
0.5068, 0.1034
0.5068, 0.1034
0.5068, 0.1034
0.5068, 0.1034
0.5068, 0.1034
0.5068, 0.1008
0.5068, 0.1008
0.5068, 0.1008
0.5068, 0.1008
0.5068, 0.1008
0.5068, 0.1008
0.5068, 0.1008
0.5068, 0.1008
0.5023, 0.0982
0.5023, 0.0982
0.5023, 0.0982
0.5023, 0.0982
0.5023, 0.0982
0.5023, 0.0982
0.5023, 0.0982
0.5023, 0.0956
0.5023, 0.0956
0.5023, 0.0956
0.5023, 0.0956
0.5023, 0.0956
0.5023, 0.0956
0.5023, 0.0956
0.5023, 0.0956
0.5023, 0.0930
0.5023, 0.0930
0.5023, 0.0930
0.5023, 0.0904
0.5023, 0.0904
0.5023, 0.0904
0.5023, 0.0904
0.5023, 0.0904
0.5023, 0.0904
0.5023, 0.0904
0.5023, 0.0904
0.5023, 0.0904
0.5023, 0.0904
0.5023, 0.0904
0.5023, 0.0904
0.5023, 0.0904
0.5023, 0.0904
0.5023, 0.0904
0.5023, 0.0879
0.5023, 0.0879
0.5023, 0.0879
0.5023, 0.0853
0.5023, 0.0853
0.5023, 0.0853
0.5023, 0.0853
0.5023, 0.0853
0.5023, 0.0853
0.5023, 0.0827
0.5023, 0.0827
0.5023, 0.0827
0.5023, 0.0827
0.5023, 0.0827
0.5023, 0.0827
0.5023, 0.0827
0.5023, 0.0827
0.5023, 0.0827
0.5023, 0.0827
0.5023, 0.0827
0.5023, 0.0827
0.5023, 0.0801
0.5023, 0.0801
0.5023, 0.0801
0.5023, 0.0801
0.5023, 0.0801
0.5023, 0.0801
0.5023, 0.0801
0.5023, 0.0801
0.5023, 0.0775
0.5023, 0.0775
0.5023, 0.0775
0.5023, 0.0775
0.5023, 0.0775
0.5023, 0.0775
0.5023, 0.0775
0.5023, 0.0775
0.5023, 0.0775
0.5023, 0.0775
0.5023, 0.0775
0.5023, 0.0749
0.5023, 0.0749
0.5023, 0.0749
0.5023, 0.0749
0.5023, 0.0749
0.5023, 0.0749
0.5023, 0.0749
0.5023, 0.0724
0.5023, 0.0724
0.5023, 0.0724
0.5023, 0.0698
0.5023, 0.0698
0.5023, 0.0698
0.5023, 0.0698
0.5023, 0.0698
0.5023, 0.0698
0.5023, 0.0698
0.5023, 0.0672
0.5023, 0.0672
0.5023, 0.0672
0.5023, 0.0672
0.5023, 0.0646
0.5023, 0.0646
0.5023, 0.0646
0.5023, 0.0646
0.5023, 0.0646
0.5023, 0.0646
0.5023, 0.0646
0.5023, 0.0646
0.5023, 0.0646
0.5023, 0.0646
0.5023, 0.0646
0.5023, 0.0620
0.5023, 0.0620
0.5023, 0.0620
0.5023, 0.0594
0.5023, 0.0594
0.5023, 0.0594
0.5023, 0.0594
0.5023, 0.0594
0.5023, 0.0594
0.5023, 0.0594
0.5023, 0.0594
0.5023, 0.0568
0.5023, 0.0568
0.5023, 0.0568
0.5023, 0.0568
0.5023, 0.0568
0.5023, 0.0568
0.5023, 0.0568
0.5023, 0.0543
0.5023, 0.0543
0.5023, 0.0543
0.5023, 0.0543
0.5023, 0.0517
0.5023, 0.0517
0.5023, 0.0517
0.5023, 0.0517
0.5023, 0.0517
0.5023, 0.0517
0.5023, 0.0517
0.5023, 0.0491
0.5023, 0.0491
0.5023, 0.0491
0.5023, 0.0439
0.5023, 0.0439
0.5023, 0.0439
0.5023, 0.0439
0.5023, 0.0439
0.5023, 0.0439
0.5023, 0.0439
0.5023, 0.0413
0.5023, 0.0413
0.5023, 0.0413
0.5023, 0.0413
0.5068, 0.0413
0.5068, 0.0413
0.5068, 0.0413
0.5068, 0.0388
0.5068, 0.0388
0.5068, 0.0388
0.5068, 0.0388
0.5068, 0.0388
0.5068, 0.0388
0.5068, 0.0388
0.5068, 0.0388
0.5068, 0.0388
0.5068, 0.0388
0.5068, 0.0388
0.5113, 0.0362
0.5113, 0.0362
0.5113, 0.0362
0.5113, 0.0362
0.5113, 0.0336
0.5113, 0.0336
0.5113, 0.0336
0.5113, 0.0336
0.5113, 0.0336
0.5113, 0.0336
0.5113, 0.0336
0.5113, 0.0310
0.5113, 0.0310
0.5113, 0.0310
0.5113, 0.0310
0.5113, 0.0310
0.5113, 0.0310
0.5113, 0.0310
0.5158, 0.0310
0.5158, 0.0310
0.5158, 0.0310
0.5158, 0.0284
0.5158, 0.0284
0.5158, 0.0284
0.5158, 0.0284
0.5204, 0.0284
0.5204, 0.0284
0.5204, 0.0284
0.5204, 0.0258
0.5204, 0.0258
0.5204, 0.0258
0.5204, 0.0258
0.5204, 0.0258
0.5204, 0.0258
0.5204, 0.0258
0.5204, 0.0258
0.5204, 0.0258
0.5204, 0.0258
0.5204, 0.0233
0.5204, 0.0233
0.5204, 0.0233
0.5204, 0.0233
0.5249, 0.0233
0.5249, 0.0233
0.5249, 0.0233
0.5249, 0.0207
0.5249, 0.0207
0.5249, 0.0207
0.5249, 0.0207
0.5294, 0.0207
0.5294, 0.0207
0.5294, 0.0207
0.5294, 0.0181
0.5294, 0.0181
0.5294, 0.0181
0.5339, 0.0181
0.5339, 0.0181
0.5339, 0.0181
0.5339, 0.0181
0.5339, 0.0181
0.5339, 0.0181
0.5339, 0.0181
0.5339, 0.0181
0.5339, 0.0181
0.5339, 0.0181
0.5339, 0.0181
0.5339, 0.0155
0.5339, 0.0155
0.5339, 0.0155
0.5339, 0.0155
0.5385, 0.0155
0.5385, 0.0155
0.5385, 0.0155
0.5385, 0.0129
0.5385, 0.0129
0.5385, 0.0129
0.5430, 0.0129
0.5430, 0.0129
0.5430, 0.0129
0.5430, 0.0129
0.5430, 0.0129
0.5430, 0.0129
0.5430, 0.0129
0.5430, 0.0129
0.5430, 0.0129
0.5430, 0.0129
0.5475, 0.0103
0.5475, 0.0103
0.5475, 0.0103
0.5475, 0.0103
0.5475, 0.0103
0.5475, 0.0103
0.5475, 0.0103
0.5520, 0.0103
0.5520, 0.0103
0.5520, 0.0103
0.5520, 0.0103
0.5566, 0.0078
0.5566, 0.0078
0.5566, 0.0078
0.5566, 0.0078
0.5566, 0.0078
0.5566, 0.0078
0.5566, 0.0078
0.5611, 0.0052
0.5611, 0.0052
0.5611, 0.0052
0.5656, 0.0052
0.5656, 0.0052
0.5656, 0.0052
0.5656, 0.0052
0.5656, 0.0052
0.5656, 0.0052
0.5656, 0.0052
0.5656, 0.0052
0.5656, 0.0052
0.5656, 0.0052
0.5701, 0.0052
0.5701, 0.0052
0.5701, 0.0052
0.5747, 0.0052
0.5747, 0.0052
0.5747, 0.0052
0.5747, 0.0026
0.5747, 0.0026
0.5747, 0.0026
0.5747, 0.0026
0.5792, 0.0026
0.5792, 0.0026
0.5792, 0.0026
0.5792, 0.0026
0.5792, 0.0026
0.5792, 0.0026
0.5792, 0.0026
0.5792, 0.0026
0.5792, 0.0026
0.5792, 0.0026
0.5792, 0.0026
0.5837, 0.0000
0.5837, 0.0000
0.5837, 0.0000
0.5882, 0.0000
0.5882, 0.0000
0.5882, 0.0000
0.5882, 0.0000
0.5882, 0.0000
0.5882, 0.0000
0.5928, 0.0000
0.5928, 0.0000
0.5928, 0.0000
0.5928, 0.0000
0.5928, 0.0000
0.5928, 0.0000
0.5928, 0.0000
0.5973, 0.0000
0.5973, 0.0000
0.5973, 0.0000
0.5973, 0.0000
0.5973, 0.0000
0.5973, 0.0000
0.5973, 0.0000
0.5973, 0.0000
0.5973, 0.0000
0.5973, 0.0000
0.5973, 0.0000
0.6018, 0.0000
0.6018, 0.0000
0.6018, 0.0000
0.6063, 0.0000
0.6063, 0.0000
0.6063, 0.0000
0.6063, 0.0000
0.6063, 0.0000
0.6063, 0.0000
0.6063, 0.0000
0.6063, 0.0000
0.6109, 0.0000
0.6109, 0.0000
0.6109, 0.0000
0.6109, 0.0000
0.6109, 0.0000
0.6109, 0.0000
0.6154, 0.0000
0.6154, 0.0000
0.6154, 0.0000
0.6154, 0.0000
0.6154, 0.0000
0.6154, 0.0000
0.6154, 0.0000
0.6154, 0.0000
0.6154, 0.0000
0.6154, 0.0000
0.6154, 0.0000
0.6199, 0.0000
0.6199, 0.0000
0.6199, 0.0000
0.6199, 0.0000
0.6199, 0.0000
0.6199, 0.0000
0.6199, 0.0000
0.6199, 0.0000
0.6199, 0.0000
0.6199, 0.0000
0.6244, 0.0000
0.6244, 0.0000
0.6244, 0.0000
0.6290, 0.0000
0.6290, 0.0000
0.6290, 0.0000
0.6335, 0.0000
0.6335, 0.0000
0.6335, 0.0000
0.6335, 0.0000
0.6335, 0.0000
0.6335, 0.0000
0.6335, 0.0000
0.6380, 0.0000
0.6380, 0.0000
0.6380, 0.0000
0.6425, 0.0000
0.6425, 0.0000
0.6425, 0.0000
0.6425, 0.0000
0.6425, 0.0000
0.6425, 0.0000
0.6425, 0.0000
0.6425, 0.0000
0.6425, 0.0000
0.6425, 0.0000
0.6471, 0.0000
0.6471, 0.0000
0.6471, 0.0000
0.6471, 0.0000
0.6471, 0.0000
0.6471, 0.0000
0.6471, 0.0000
0.6471, 0.0000
0.6471, 0.0000
0.6471, 0.0000
0.6516, 0.0000
0.6516, 0.0000
0.6516, 0.0000
0.6516, 0.0000
0.6516, 0.0000
0.6516, 0.0000
0.6516, 0.0000
0.6516, 0.0000
0.6561, 0.0000
0.6561, 0.0000
0.6561, 0.0000
0.6561, 0.0000
0.6561, 0.0000
0.6561, 0.0000
0.6561, 0.0000
0.6561, 0.0000
0.6561, 0.0000
0.6561, 0.0000
0.6606, 0.0026
0.6606, 0.0026
0.6606, 0.0026
0.6652, 0.0026
0.6652, 0.0026
0.6652, 0.0026
0.6652, 0.0026
0.6652, 0.0026
0.6652, 0.0026
0.6652, 0.0026
0.6697, 0.0026
0.6697, 0.0026
0.6697, 0.0026
0.6697, 0.0026
0.6697, 0.0026
0.6697, 0.0026
0.6697, 0.0026
0.6742, 0.0026
0.6742, 0.0026
0.6742, 0.0026
0.6742, 0.0026
0.6742, 0.0026
0.6742, 0.0026
0.6742, 0.0026
0.6787, 0.0026
0.6787, 0.0026
0.6787, 0.0026
0.6787, 0.0026
0.6787, 0.0026
0.6787, 0.0026
0.6787, 0.0026
0.6787, 0.0026
0.6787, 0.0026
0.6787, 0.0026
0.6787, 0.0026
0.6787, 0.0026
0.6787, 0.0026
0.6787, 0.0026
0.6787, 0.0026
0.6787, 0.0026
0.6787, 0.0026
0.6833, 0.0026
0.6833, 0.0026
0.6833, 0.0026
0.6878, 0.0052
0.6878, 0.0052
0.6878, 0.0052
0.6878, 0.0052
0.6878, 0.0052
0.6878, 0.0052
0.6878, 0.0052
0.6878, 0.0052
0.6878, 0.0052
0.6878, 0.0052
0.6878, 0.0052
0.6923, 0.0052
0.6923, 0.0052
0.6923, 0.0052
0.6923, 0.0052
0.6923, 0.0052
0.6923, 0.0052
0.6968, 0.0078
0.6968, 0.0078
0.6968, 0.0078
0.6968, 0.0078
0.6968, 0.0078
0.6968, 0.0078
0.6968, 0.0078
0.7014, 0.0078
0.7014, 0.0078
0.7014, 0.0078
0.7014, 0.0078
0.7014, 0.0078
0.7014, 0.0078
0.7014, 0.0078
0.7014, 0.0103
0.7014, 0.0103
0.7014, 0.0103
0.7014, 0.0103
0.7059, 0.0103
0.7059, 0.0103
0.7059, 0.0103
0.7104, 0.0103
0.7104, 0.0103
0.7104, 0.0103
0.7104, 0.0103
0.7104, 0.0103
0.7104, 0.0103
0.7104, 0.0103
0.7104, 0.0103
0.7104, 0.0103
0.7104, 0.0103
0.7149, 0.0129
0.7149, 0.0129
0.7149, 0.0129
0.7195, 0.0129
0.7195, 0.0129
0.7195, 0.0129
0.7195, 0.0129
0.7195, 0.0129
0.7195, 0.0129
0.7195, 0.0129
0.7240, 0.0155
0.7240, 0.0155
0.7240, 0.0155
0.7240, 0.0155
0.7240, 0.0155
0.7240, 0.0155
0.7240, 0.0155
0.7240, 0.0155
0.7240, 0.0155
0.7240, 0.0155
0.7240, 0.0155
0.7240, 0.0155
0.7240, 0.0155
0.7285, 0.0155
0.7285, 0.0155
0.7285, 0.0155
0.7330, 0.0155
0.7330, 0.0155
0.7330, 0.0155
0.7330, 0.0155
0.7330, 0.0155
0.7330, 0.0155
0.7330, 0.0155
0.7330, 0.0181
0.7330, 0.0181
0.7330, 0.0181
0.7330, 0.0181
0.7330, 0.0181
0.7330, 0.0181
0.7376, 0.0181
0.7376, 0.0181
0.7376, 0.0181
0.7376, 0.0181
0.7376, 0.0207
0.7376, 0.0207
0.7376, 0.0207
0.7421, 0.0207
0.7421, 0.0207
0.7421, 0.0207
0.7421, 0.0207
0.7421, 0.0207
0.7421, 0.0207
0.7421, 0.0233
0.7421, 0.0233
0.7421, 0.0233
0.7421, 0.0233
0.7421, 0.0233
0.7421, 0.0233
0.7421, 0.0233
0.7466, 0.0233
0.7466, 0.0233
0.7466, 0.0233
0.7466, 0.0233
0.7466, 0.0233
0.7466, 0.0233
0.7511, 0.0233
0.7511, 0.0233
0.7511, 0.0233
0.7557, 0.0233
0.7557, 0.0233
0.7557, 0.0233
0.7557, 0.0233
0.7557, 0.0258
0.7557, 0.0258
0.7557, 0.0258
0.7557, 0.0258
0.7557, 0.0258
0.7557, 0.0258
0.7557, 0.0258
0.7557, 0.0258
0.7557, 0.0258
0.7557, 0.0258
0.7602, 0.0284
0.7602, 0.0284
0.7602, 0.0284
0.7602, 0.0284
0.7602, 0.0284
0.7602, 0.0284
0.7602, 0.0284
0.7647, 0.0284
0.7647, 0.0284
0.7647, 0.0284
0.7647, 0.0284
0.7647, 0.0284
0.7647, 0.0284
0.7647, 0.0284
0.7647, 0.0284
0.7647, 0.0284
0.7647, 0.0284
0.7647, 0.0284
0.7647, 0.0284
0.7647, 0.0284
0.7692, 0.0310
0.7692, 0.0310
0.7692, 0.0310
0.7738, 0.0310
0.7738, 0.0310
0.7738, 0.0310
0.7738, 0.0336
0.7738, 0.0336
0.7738, 0.0336
0.7783, 0.0362
0.7783, 0.0362
0.7783, 0.0362
0.7783, 0.0362
0.7783, 0.0362
0.7783, 0.0362
0.7783, 0.0362
0.7783, 0.0362
0.7783, 0.0362
0.7783, 0.0362
0.7828, 0.0362
0.7828, 0.0362
0.7828, 0.0362
0.7828, 0.0362
0.7828, 0.0362
0.7828, 0.0362
0.7828, 0.0362
0.7873, 0.0388
0.7873, 0.0388
0.7873, 0.0388
0.7873, 0.0388
0.7873, 0.0388
0.7873, 0.0388
0.7873, 0.0388
0.7873, 0.0388
0.7873, 0.0388
0.7873, 0.0388
0.7919, 0.0413
0.7919, 0.0413
0.7919, 0.0413
0.7919, 0.0413
0.7919, 0.0413
0.7919, 0.0413
0.7964, 0.0413
0.7964, 0.0413
0.7964, 0.0413
0.8009, 0.0413
0.8009, 0.0413
0.8009, 0.0413
0.8009, 0.0439
0.8009, 0.0439
0.8009, 0.0439
0.8009, 0.0439
0.8009, 0.0439
0.8009, 0.0439
0.8009, 0.0439
0.8054, 0.0465
0.8054, 0.0465
0.8054, 0.0465
0.8054, 0.0465
0.8054, 0.0465
0.8054, 0.0465
0.8054, 0.0465
0.8100, 0.0491
0.8100, 0.0491
0.8100, 0.0491
0.8100, 0.0491
0.8100, 0.0491
0.8100, 0.0491
0.8100, 0.0491
0.8100, 0.0491
0.8100, 0.0491
0.8100, 0.0491
0.8100, 0.0517
0.8100, 0.0517
0.8100, 0.0517
0.8145, 0.0517
0.8145, 0.0517
0.8145, 0.0517
0.8190, 0.0543
0.8190, 0.0543
0.8190, 0.0543
0.8235, 0.0543
0.8235, 0.0543
0.8235, 0.0543
0.8235, 0.0543
0.8235, 0.0543
0.8235, 0.0543
0.8235, 0.0568
0.8235, 0.0568
0.8235, 0.0568
0.8281, 0.0594
0.8281, 0.0594
0.8281, 0.0594
0.8326, 0.0594
0.8326, 0.0594
0.8326, 0.0594
0.8326, 0.0620
0.8326, 0.0620
0.8326, 0.0620
0.8326, 0.0620
0.8326, 0.0620
0.8326, 0.0620
0.8326, 0.0620
0.8326, 0.0620
0.8326, 0.0620
0.8326, 0.0620
0.8371, 0.0646
0.8371, 0.0646
0.8371, 0.0646
0.8371, 0.0672
0.8371, 0.0672
0.8371, 0.0672
0.8416, 0.0672
0.8416, 0.0672
0.8416, 0.0672
0.8462, 0.0672
0.8462, 0.0672
0.8462, 0.0672
0.8462, 0.0698
0.8462, 0.0698
0.8462, 0.0698
0.8462, 0.0724
0.8462, 0.0724
0.8462, 0.0724
0.8462, 0.0724
0.8507, 0.0724
0.8507, 0.0724
0.8507, 0.0724
0.8552, 0.0724
0.8552, 0.0724
0.8552, 0.0724
0.8552, 0.0749
0.8552, 0.0749
0.8552, 0.0749
0.8552, 0.0775
0.8552, 0.0775
0.8552, 0.0775
0.8597, 0.0801
0.8597, 0.0801
0.8597, 0.0801
0.8597, 0.0801
0.8597, 0.0801
0.8597, 0.0801
0.8597, 0.0801
0.8643, 0.0801
0.8643, 0.0801
0.8643, 0.0801
0.8643, 0.0827
0.8643, 0.0827
0.8688, 0.0827
0.8688, 0.0827
0.8688, 0.0827
0.8688, 0.0827
0.8688, 0.0853
0.8688, 0.0853
0.8688, 0.0853
0.8688, 0.0853
0.8688, 0.0853
0.8688, 0.0853
0.8688, 0.0879
0.8688, 0.0879
0.8688, 0.0879
0.8733, 0.0879
0.8733, 0.0879
0.8733, 0.0904
0.8733, 0.0904
0.8733, 0.0904
0.8733, 0.0904
0.8778, 0.0904
0.8778, 0.0904
0.8778, 0.0904
0.8778, 0.0930
0.8778, 0.0930
0.8778, 0.0930
0.8778, 0.0930
0.8778, 0.0930
0.8778, 0.0930
0.8778, 0.0930
0.8778, 0.0930
0.8778, 0.0930
0.8778, 0.0930
0.8778, 0.0956
0.8778, 0.0956
0.8778, 0.0956
0.8824, 0.0982
0.8824, 0.0982
0.8824, 0.0982
0.8824, 0.0982
0.8824, 0.0982
0.8824, 0.0982
0.8869, 0.0982
0.8869, 0.0982
0.8869, 0.0982
0.8869, 0.1008
0.8869, 0.1008
0.8869, 0.1008
0.8869, 0.1008
0.8869, 0.1008
0.8869, 0.1008
0.8869, 0.1034
0.8869, 0.1034
0.8869, 0.1034
0.8914, 0.1059
0.8914, 0.1059
0.8914, 0.1059
0.8914, 0.1059
0.8914, 0.1059
0.8914, 0.1059
0.8959, 0.1059
0.8959, 0.1059
0.8959, 0.1059
0.8959, 0.1085
0.8959, 0.1085
0.8959, 0.1085
0.9005, 0.1111
0.9005, 0.1111
0.9005, 0.1111
0.9005, 0.1111
0.9005, 0.1111
0.9005, 0.1111
0.9005, 0.1111
0.9005, 0.1137
0.9005, 0.1137
0.9005, 0.1137
0.9005, 0.1137
0.9005, 0.1137
0.9005, 0.1137
0.9050, 0.1163
0.9050, 0.1163
0.9050, 0.1189
0.9050, 0.1189
0.9050, 0.1189
0.9095, 0.1189
0.9095, 0.1189
0.9095, 0.1189
0.9095, 0.1214
0.9095, 0.1214
0.9095, 0.1214
0.9095, 0.1214
0.9095, 0.1214
0.9095, 0.1240
0.9095, 0.1240
0.9095, 0.1240
0.9095, 0.1240
0.9095, 0.1240
0.9095, 0.1240
0.9140, 0.1240
0.9140, 0.1240
0.9140, 0.1240
0.9140, 0.1240
0.9140, 0.1240
0.9140, 0.1240
0.9186, 0.1266
0.9186, 0.1266
0.9186, 0.1266
0.9186, 0.1266
0.9186, 0.1266
0.9186, 0.1266
0.9186, 0.1292
0.9186, 0.1292
0.9186, 0.1292
0.9231, 0.1318
0.9231, 0.1318
0.9231, 0.1318
0.9231, 0.1318
0.9231, 0.1318
0.9231, 0.1318
0.9231, 0.1318
0.9231, 0.1318
0.9231, 0.1318
0.9231, 0.1318
0.9231, 0.1318
0.9231, 0.1318
0.9231, 0.1318
0.9231, 0.1344
0.9231, 0.1344
0.9231, 0.1344
0.9276, 0.1344
0.9276, 0.1344
0.9276, 0.1344
0.9276, 0.1370
0.9276, 0.1370
0.9276, 0.1370
0.9276, 0.1370
0.9276, 0.1370
0.9276, 0.1370
0.9321, 0.1370
0.9321, 0.1370
0.9321, 0.1370
0.9321, 0.1395
0.9321, 0.1395
0.9321, 0.1395
0.9321, 0.1395
0.9321, 0.1395
0.9321, 0.1395
0.9321, 0.1421
0.9321, 0.1421
0.9321, 0.1421
0.9321, 0.1447
0.9321, 0.1447
0.9321, 0.1447
0.9367, 0.1447
0.9367, 0.1447
0.9367, 0.1447
0.9367, 0.1473
0.9367, 0.1473
0.9367, 0.1473
0.9412, 0.1473
0.9412, 0.1473
0.9412, 0.1473
0.9412, 0.1499
0.9412, 0.1499
0.9412, 0.1499
0.9412, 0.1499
0.9412, 0.1499
0.9412, 0.1499
0.9457, 0.1499
0.9457, 0.1499
0.9457, 0.1499
0.9457, 0.1525
0.9457, 0.1525
0.9457, 0.1525
0.9457, 0.1550
0.9457, 0.1550
0.9457, 0.1550
0.9457, 0.1550
0.9457, 0.1550
0.9457, 0.1550
0.9502, 0.1550
0.9502, 0.1550
0.9502, 0.1550
0.9502, 0.1576
0.9502, 0.1576
0.9502, 0.1576
0.9502, 0.1602
0.9502, 0.1602
0.9502, 0.1602
0.9548, 0.1628
0.9548, 0.1628
0.9548, 0.1628
0.9548, 0.1628
0.9548, 0.1628
0.9548, 0.1628
0.9548, 0.1628
0.9548, 0.1628
0.9548, 0.1628
0.9548, 0.1654
0.9548, 0.1654
0.9548, 0.1654
0.9548, 0.1654
0.9548, 0.1654
0.9548, 0.1654
0.9548, 0.1654
0.9593, 0.1680
0.9593, 0.1680
0.9593, 0.1680
0.9593, 0.1680
0.9593, 0.1680
0.9593, 0.1680
0.9593, 0.1680
0.9593, 0.1680
0.9593, 0.1680
0.9638, 0.1705
0.9638, 0.1705
0.9638, 0.1705
0.9638, 0.1705
0.9638, 0.1705
0.9638, 0.1705
0.9638, 0.1731
0.9638, 0.1731
0.9638, 0.1731
0.9683, 0.1757
0.9683, 0.1757
0.9683, 0.1757
0.9683, 0.1757
0.9683, 0.1757
0.9683, 0.1757
0.9683, 0.1783
0.9683, 0.1783
0.9683, 0.1783
0.9683, 0.1783
0.9683, 0.1783
0.9683, 0.1783
0.9683, 0.1809
0.9683, 0.1809
0.9683, 0.1809
0.9729, 0.1809
0.9729, 0.1809
0.9729, 0.1809
0.9729, 0.1809
0.9729, 0.1809
0.9729, 0.1809
0.9729, 0.1835
0.9729, 0.1835
0.9729, 0.1835
0.9774, 0.1860
0.9774, 0.1860
0.9774, 0.1860
0.9774, 0.1860
0.9774, 0.1860
0.9774, 0.1860
0.9774, 0.1886
0.9774, 0.1886
0.9774, 0.1886
0.9774, 0.1886
0.9774, 0.1886
0.9774, 0.1886
0.9774, 0.1886
0.9774, 0.1886
0.9774, 0.1886
0.9774, 0.1912
0.9774, 0.1912
0.9774, 0.1912
0.9774, 0.1912
0.9774, 0.1912
0.9774, 0.1912
0.9819, 0.1938
0.9819, 0.1938
0.9819, 0.1938
0.9819, 0.1938
0.9819, 0.1938
0.9819, 0.1938
0.9819, 0.1964
0.9819, 0.1964
0.9819, 0.1964
0.9819, 0.1964
0.9819, 0.1964
0.9819, 0.1964
0.9864, 0.1990
0.9864, 0.1990
0.9864, 0.1990
0.9864, 0.2016
0.9864, 0.2016
0.9864, 0.2016
0.9864, 0.2016
0.9864, 0.2016
0.9864, 0.2016
0.9864, 0.2016
0.9864, 0.2016
0.9864, 0.2016
0.9864, 0.2041
0.9864, 0.2041
0.9864, 0.2041
0.9910, 0.2067
0.9910, 0.2067
0.9910, 0.2067
0.9910, 0.2067
0.9910, 0.2067
0.9910, 0.2067
0.9910, 0.2067
0.9910, 0.2093
0.9910, 0.2093
0.9910, 0.2093
0.9910, 0.2119
0.9910, 0.2119
0.9910, 0.2119
0.9910, 0.2119
0.9910, 0.2119
0.9910, 0.2119
0.9910, 0.2145
0.9910, 0.2145
0.9910, 0.2145
0.9910, 0.2145
0.9910, 0.2145
0.9910, 0.2145
0.9910, 0.2171
0.9910, 0.2171
0.9910, 0.2171
0.9910, 0.2196
0.9910, 0.2196
0.9910, 0.2196
0.9910, 0.2196
0.9910, 0.2196
0.9910, 0.2196
0.9910, 0.2196
0.9910, 0.2196
0.9910, 0.2196
0.9910, 0.2222
0.9910, 0.2222
0.9910, 0.2222
0.9910, 0.2248
0.9910, 0.2248
0.9910, 0.2248
0.9910, 0.2274
0.9910, 0.2274
0.9910, 0.2274
0.9910, 0.2274
0.9910, 0.2274
0.9910, 0.2274
0.9955, 0.2300
0.9955, 0.2300
0.9955, 0.2300
0.9955, 0.2326
0.9955, 0.2326
0.9955, 0.2326
0.9955, 0.2351
0.9955, 0.2377
0.9955, 0.2377
0.9955, 0.2429
0.9955, 0.2429
0.9955, 0.2429
0.9955, 0.2455
0.9955, 0.2455
0.9955, 0.2455
0.9955, 0.2455
0.9955, 0.2455
0.9955, 0.2455
0.9955, 0.2455
0.9955, 0.2455
0.9955, 0.2455
0.9955, 0.2481
0.9955, 0.2481
0.9955, 0.2481
0.9955, 0.2506
0.9955, 0.2506
0.9955, 0.2506
0.9955, 0.2506
0.9955, 0.2506
0.9955, 0.2532
0.9955, 0.2532
0.9955, 0.2532
0.9955, 0.2558
0.9955, 0.2558
0.9955, 0.2558
1.0000, 0.2584
1.0000, 0.2584
1.0000, 0.2584
1.0000, 0.2584
1.0000, 0.2584
1.0000, 0.2584
1.0000, 0.2610
1.0000, 0.2610
1.0000, 0.2610
1.0000, 0.2636
1.0000, 0.2636
1.0000, 0.2636
1.0000, 0.2636
1.0000, 0.2636
1.0000, 0.2636
1.0000, 0.2661
1.0000, 0.2661
1.0000, 0.2661
1.0000, 0.2687
1.0000, 0.2687
1.0000, 0.2687
1.0000, 0.2713
1.0000, 0.2713
1.0000, 0.2713
1.0000, 0.2713
1.0000, 0.2713
1.0000, 0.2713
1.0000, 0.2739
1.0000, 0.2739
1.0000, 0.2739
1.0000, 0.2765
1.0000, 0.2765
1.0000, 0.2765
1.0000, 0.2791
1.0000, 0.2791
1.0000, 0.2817
1.0000, 0.2817
1.0000, 0.2817
1.0000, 0.2842
1.0000, 0.2842
1.0000, 0.2842
1.0000, 0.2842
1.0000, 0.2842
1.0000, 0.2842
1.0000, 0.2868
1.0000, 0.2868
1.0000, 0.2868
1.0000, 0.2868
1.0000, 0.2868
1.0000, 0.2868
1.0000, 0.2894
1.0000, 0.2894
1.0000, 0.2894
1.0000, 0.2920
1.0000, 0.2920
1.0000, 0.2920
1.0000, 0.2920
1.0000, 0.2920
1.0000, 0.2920
1.0000, 0.2946
1.0000, 0.2946
1.0000, 0.2946
1.0000, 0.2972
1.0000, 0.2972
1.0000, 0.2972
1.0000, 0.2972
1.0000, 0.2972
1.0000, 0.2972
1.0000, 0.2972
1.0000, 0.2972
1.0000, 0.2997
1.0000, 0.2997
1.0000, 0.2997
1.0000, 0.3023
1.0000, 0.3023
1.0000, 0.3023
1.0000, 0.3023
1.0000, 0.3023
1.0000, 0.3023
1.0000, 0.3049
1.0000, 0.3049
1.0000, 0.3049
1.0000, 0.3049
1.0000, 0.3049
1.0000, 0.3049
1.0000, 0.3049
1.0000, 0.3049
1.0000, 0.3049
1.0000, 0.3075
1.0000, 0.3075
1.0000, 0.3075
1.0000, 0.3101
1.0000, 0.3101
1.0000, 0.3101
1.0000, 0.3101
1.0000, 0.3101
1.0000, 0.3127
1.0000, 0.3127
1.0000, 0.3127
1.0000, 0.3152
1.0000, 0.3152
1.0000, 0.3152
1.0000, 0.3152
1.0000, 0.3152
1.0000, 0.3152
1.0000, 0.3178
1.0000, 0.3178
1.0000, 0.3178
1.0000, 0.3178
1.0000, 0.3178
1.0000, 0.3178
1.0000, 0.3178
1.0000, 0.3178
1.0000, 0.3178
1.0000, 0.3178
1.0000, 0.3204
1.0000, 0.3204
1.0000, 0.3230
1.0000, 0.3230
1.0000, 0.3230
1.0000, 0.3230
1.0000, 0.3230
1.0000, 0.3230
1.0000, 0.3230
1.0000, 0.3230
1.0000, 0.3230
1.0000, 0.3256
1.0000, 0.3256
1.0000, 0.3256
1.0000, 0.3282
1.0000, 0.3282
1.0000, 0.3282
1.0000, 0.3282
1.0000, 0.3282
1.0000, 0.3282
1.0000, 0.3282
1.0000, 0.3282
1.0000, 0.3282
1.0000, 0.3307
1.0000, 0.3307
1.0000, 0.3307
1.0000, 0.3307
1.0000, 0.3307
1.0000, 0.3333
1.0000, 0.3333
1.0000, 0.3333
0.9955, 0.3359
0.9955, 0.3359
0.9955, 0.3359
0.9955, 0.3359
0.9955, 0.3359
0.9955, 0.3359
0.9955, 0.3359
0.9955, 0.3359
0.9955, 0.3359
0.9955, 0.3359
0.9955, 0.3359
0.9955, 0.3359
0.9955, 0.3385
0.9955, 0.3385
0.9955, 0.3385
0.9955, 0.3385
0.9955, 0.3385
0.9955, 0.3411
0.9955, 0.3411
0.9955, 0.3411
0.9955, 0.3411
0.9955, 0.3411
0.9955, 0.3411
0.9955, 0.3411
0.9955, 0.3411
0.9955, 0.3411
0.9910, 0.3411
0.9910, 0.3411
0.9910, 0.3411
0.9910, 0.3437
0.9910, 0.3437
0.9910, 0.3437
0.9910, 0.3463
0.9910, 0.3463
0.9910, 0.3463
0.9864, 0.3463
0.9864, 0.3463
0.9864, 0.3488
0.9864, 0.3488
0.9864, 0.3488
0.9864, 0.3488
0.9864, 0.3488
0.9864, 0.3488
0.9819, 0.3488
0.9819, 0.3488
0.9819, 0.3488
0.9819, 0.3488
0.9819, 0.3488
0.9819, 0.3488
0.9819, 0.3514
0.9819, 0.3514
0.9819, 0.3514
0.9819, 0.3514
0.9819, 0.3514
0.9819, 0.3514
0.9819, 0.3540
0.9819, 0.3540
0.9819, 0.3540
0.9819, 0.3540
0.9819, 0.3540
0.9819, 0.3540
0.9819, 0.3540
0.9819, 0.3540
0.9819, 0.3540
0.9774, 0.3540
0.9774, 0.3540
0.9774, 0.3566
0.9774, 0.3566
0.9774, 0.3566
0.9729, 0.3566
0.9729, 0.3566
0.9729, 0.3592
0.9729, 0.3592
0.9729, 0.3592
0.9729, 0.3618
0.9729, 0.3618
0.9729, 0.3618
0.9683, 0.3618
0.9683, 0.3618
0.9683, 0.3618
0.9683, 0.3618
0.9683, 0.3618
0.9638, 0.3618
0.9638, 0.3618
0.9638, 0.3618
0.9638, 0.3643
0.9638, 0.3643
0.9638, 0.3643
0.9638, 0.3643
0.9638, 0.3643
0.9638, 0.3669
0.9638, 0.3669
0.9638, 0.3669
0.9593, 0.3669
0.9593, 0.3669
0.9593, 0.3669
0.9593, 0.3669
0.9593, 0.3669
0.9593, 0.3669
0.9548, 0.3669
0.9548, 0.3669
0.9548, 0.3669
0.9502, 0.3669
0.9502, 0.3669
0.9502, 0.3695
0.9502, 0.3695
0.9502, 0.3695
0.9502, 0.3695
0.9502, 0.3695
0.9502, 0.3695
0.9457, 0.3695
0.9457, 0.3695
0.9457, 0.3695
0.9412, 0.3721
0.9412, 0.3721
0.9412, 0.3721
0.9412, 0.3721
0.9412, 0.3721
0.9367, 0.3747
0.9367, 0.3747
0.9367, 0.3747
0.9321, 0.3747
0.9321, 0.3747
0.9321, 0.3747
0.9321, 0.3747
0.9321, 0.3747
0.9321, 0.3747
0.9276, 0.3747
0.9276, 0.3747
0.9276, 0.3747
0.9276, 0.3747
0.9276, 0.3747
0.9276, 0.3747
0.9231, 0.3747
0.9231, 0.3747
0.9186, 0.3773
0.9186, 0.3773
0.9186, 0.3773
0.9186, 0.3773
0.9186, 0.3773
0.9186, 0.3773
0.9186, 0.3773
0.9186, 0.3773
0.9186, 0.3773
0.9140, 0.3773
0.9140, 0.3773
0.9140, 0.3773
0.9095, 0.3798
0.9095, 0.3798
0.9095, 0.3798
0.9095, 0.3798
0.9095, 0.3798
0.9050, 0.3798
0.9050, 0.3798
0.9050, 0.3798
0.9050, 0.3798
0.9050, 0.3798
0.9050, 0.3798
0.9005, 0.3798
0.9005, 0.3798
0.9005, 0.3798
0.8959, 0.3798
0.8959, 0.3798
0.8914, 0.3798
0.8914, 0.3798
0.8914, 0.3798
0.8869, 0.3798
0.8869, 0.3798
0.8824, 0.3824
0.8824, 0.3824
0.8824, 0.3824
0.8778, 0.3824
0.8778, 0.3824
0.8778, 0.3824
0.8733, 0.3824
0.8733, 0.3824
0.8733, 0.3824
0.8688, 0.3824
0.8688, 0.3824
0.8643, 0.3850
0.8643, 0.3850
0.8643, 0.3850
0.8597, 0.3850
0.8597, 0.3850
0.8597, 0.3850
0.8552, 0.3850
0.8552, 0.3850
0.8552, 0.3850
0.8552, 0.3850
0.8552, 0.3850
0.8552, 0.3850
0.8507, 0.3850
0.8507, 0.3850
0.8462, 0.3850
0.8462, 0.3850
0.8462, 0.3850
0.8462, 0.3876
0.8462, 0.3876
0.8416, 0.3876
0.8416, 0.3876
0.8416, 0.3876
0.8371, 0.3876
0.8371, 0.3876
0.8326, 0.3876
0.8326, 0.3876
0.8326, 0.3876
0.8326, 0.3876
0.8326, 0.3876
0.8326, 0.3876
0.8326, 0.3876
0.8326, 0.3876
0.8326, 0.3876
0.8281, 0.3876
0.8281, 0.3876
0.8235, 0.3876
0.8235, 0.3876
0.8235, 0.3876
0.8235, 0.3876
0.8235, 0.3876
0.8235, 0.3876
0.8190, 0.3876
0.8190, 0.3876
0.8190, 0.3876
0.8145, 0.3876
0.8145, 0.3876
0.8145, 0.3876
0.8145, 0.3876
0.8145, 0.3876
0.8100, 0.3876
0.8100, 0.3876
0.8100, 0.3876
0.8100, 0.3876
0.8100, 0.3876
0.8100, 0.3876
0.8054, 0.3876
0.8054, 0.3876
0.8009, 0.3876
0.8009, 0.3876
0.8009, 0.3876
0.7964, 0.3876
0.7964, 0.3876
0.7964, 0.3876
0.7919, 0.3876
0.7919, 0.3876
0.7873, 0.3876
0.7873, 0.3876
0.7873, 0.3876
0.7873, 0.3876
0.7873, 0.3876
0.7873, 0.3876
0.7783, 0.3876
0.7783, 0.3876
0.7783, 0.3876
0.7738, 0.3876
0.7738, 0.3876
0.7738, 0.3876
0.7738, 0.3876
0.7738, 0.3876
0.7692, 0.3876
0.7692, 0.3876
0.7692, 0.3876
0.7647, 0.3876
0.7647, 0.3876
0.7647, 0.3876
0.7647, 0.3876
0.7647, 0.3876
0.7647, 0.3876
0.7602, 0.3876
0.7602, 0.3876
0.7602, 0.3876
0.7602, 0.3876
0.7602, 0.3876
0.7557, 0.3876
0.7557, 0.3876
0.7557, 0.3876
0.7511, 0.3876
0.7511, 0.3876
0.7511, 0.3876
0.7511, 0.3876
0.7511, 0.3876
0.7511, 0.3876
0.7511, 0.3876
0.7511, 0.3876
0.7466, 0.3876
0.7466, 0.3876
0.7466, 0.3876
0.7421, 0.3876
0.7421, 0.3876
0.7421, 0.3876
0.7421, 0.3876
0.7421, 0.3876
0.7421, 0.3876
0.7376, 0.3876
0.7376, 0.3876
0.7330, 0.3850
0.7330, 0.3850
0.7330, 0.3850
0.7330, 0.3850
0.7330, 0.3850
0.7330, 0.3850
0.7285, 0.3850
0.7285, 0.3850
0.7285, 0.3850
0.7240, 0.3824
0.7240, 0.3824
0.7195, 0.3824
0.7195, 0.3824
0.7195, 0.3824
0.7195, 0.3824
0.7195, 0.3824
0.7195, 0.3824
0.7195, 0.3824
0.7195, 0.3824
0.7195, 0.3824
0.7195, 0.3824
0.7195, 0.3824
0.7195, 0.3824
0.7149, 0.3824
0.7149, 0.3824
0.7104, 0.3824
0.7104, 0.3824
0.7104, 0.3824
0.7104, 0.3798
0.7104, 0.3798
0.7104, 0.3798
0.7104, 0.3798
0.7104, 0.3798
0.7104, 0.3798
0.7059, 0.3798
0.7059, 0.3798
0.7059, 0.3773
0.7059, 0.3773
0.7059, 0.3773
0.7014, 0.3773
0.7014, 0.3773
0.7014, 0.3773
0.6968, 0.3773
0.6968, 0.3773
0.6968, 0.3773
0.6968, 0.3773
0.6968, 0.3773
0.6968, 0.3747
0.6968, 0.3747
0.6968, 0.3747
0.6968, 0.3747
0.6968, 0.3747
0.6968, 0.3747
0.6923, 0.3721
0.6923, 0.3721
0.6923, 0.3721
0.6923, 0.3721
0.6923, 0.3721
0.6878, 0.3721
0.6878, 0.3721
0.6878, 0.3721
0.6878, 0.3695
0.6878, 0.3695
0.6878, 0.3695
0.6878, 0.3695
0.6878, 0.3695
0.6878, 0.3695
0.6878, 0.3695
0.6878, 0.3695
0.6878, 0.3695
0.6833, 0.3695
0.6833, 0.3695
0.6833, 0.3669
0.6833, 0.3669
0.6833, 0.3669
0.6787, 0.3669
0.6787, 0.3669
0.6787, 0.3643
0.6787, 0.3643
0.6787, 0.3643
0.6742, 0.3643
0.6742, 0.3643
0.6742, 0.3643
0.6742, 0.3643
0.6742, 0.3643
0.6742, 0.3643
0.6697, 0.3618
0.6697, 0.3618
0.6697, 0.3592
0.6697, 0.3592
0.6697, 0.3592
0.6652, 0.3592
0.6652, 0.3592
0.6652, 0.3592
0.6652, 0.3592
0.6652, 0.3592
0.6652, 0.3592
0.6652, 0.3592
0.6606, 0.3566
0.6606, 0.3566
0.6606, 0.3540
0.6606, 0.3540
0.6561, 0.3540
0.6561, 0.3540
0.6561, 0.3540
0.6561, 0.3540
0.6561, 0.3540
0.6561, 0.3540
0.6561, 0.3540
0.6561, 0.3514
0.6561, 0.3514
0.6561, 0.3514
0.6561, 0.3514
0.6561, 0.3514
0.6561, 0.3514
0.6561, 0.3514
0.6561, 0.3514
0.6561, 0.3514
0.6516, 0.3514
0.6516, 0.3514
0.6516, 0.3514
0.6516, 0.3514
0.6516, 0.3514
0.6516, 0.3514
0.6516, 0.3514
0.6516, 0.3514
0.6516, 0.3514
0.6516, 0.3488
0.6516, 0.3488
0.6516, 0.3488
0.6516, 0.3488
0.6516, 0.3488
0.6516, 0.3488
0.6516, 0.3488
0.6516, 0.3488
0.6516, 0.3488
0.6516, 0.3488
0.6516, 0.3488
0.6516, 0.3488
0.6516, 0.3488
0.6516, 0.3488
0.6516, 0.3488
0.6516, 0.3488
0.6516, 0.3488
0.6516, 0.3488
0.6516, 0.3488
0.6516, 0.3488
0.6516, 0.3488
0.6516, 0.3488
0.6516, 0.3488
0.6516, 0.3488
0.6516, 0.3488
0.6516, 0.3488
0.6516, 0.3488
0.6516, 0.3488
0.6516, 0.3488
0.6516, 0.3488
0.6516, 0.3488
0.6516, 0.3488
0.6516, 0.3488
0.6516, 0.3488
0.6516, 0.3488
0.6516, 0.3488
0.6516, 0.3488
0.6516, 0.3488
0.6516, 0.3488
0.6516, 0.3488
0.6516, 0.3488
0.6516, 0.3488
0.6516, 0.3488
0.6516, 0.3488
0.6516, 0.3488
0.6516, 0.3488
0.6516, 0.3488
0.6516, 0.3514
0.0000, 1.0000
0.0000, 1.0000
0.0000, 1.0000
0.0000, 1.0000
0.0000, 1.0000
0.0000, 1.0000
0.0000, 1.0000
0.0000, 1.0000
0.0000, 1.0000
0.0000, 1.0000
0.0000, 1.0000
0.0000, 1.0000
0.0000, 1.0000
0.0000, 1.0000
0.0000, 1.0000
0.0000, 1.0000
0.0000, 1.0000
0.0000, 1.0000
0.0000, 1.0000
0.0000, 1.0000
0.0000, 1.0000
0.0000, 1.0000
0.0000, 1.0000
0.0000, 1.0000
0.0000, 1.0000
0.0000, 1.0000
0.0000, 1.0000
0.0000, 1.0000
0.0000, 1.0000
0.0000, 1.0000
0.0000, 1.0000
0.0000, 1.0000
0.0000, 1.0000
0.0000, 1.0000
0.0000, 1.0000
0.0000, 1.0000
0.0000, 1.0000
0.0000, 1.0000
0.0000, 1.0000
0.0000, 1.0000
0.0000, 1.0000
0.0000, 1.0000
0.0000, 1.0000
0.0000, 1.0000
0.0000, 1.0000
0.0000, 1.0000
0.0000, 1.0000
0.0000, 1.0000
0.0000, 1.0000
0.0000, 1.0000
0.0000, 1.0000
