0.1429, 0.2383
0.1429, 0.2383
0.1429, 0.2383
0.1429, 0.2383
0.1429, 0.2383
0.1429, 0.2383
0.1429, 0.2383
0.1429, 0.2383
0.1429, 0.2383
0.1429, 0.2383
0.1429, 0.2383
0.1429, 0.2383
0.1429, 0.2383
0.1429, 0.2383
0.1429, 0.2383
0.1429, 0.2383
0.1429, 0.2383
0.1429, 0.2383
0.1429, 0.2383
0.1429, 0.2383
0.1429, 0.2383
0.1429, 0.2383
0.1429, 0.2383
0.1429, 0.2383
0.1429, 0.2383
0.1429, 0.2383
0.1463, 0.2383
0.1463, 0.2383
0.1463, 0.2383
0.1463, 0.2383
0.1498, 0.2383
0.1498, 0.2383
0.1498, 0.2383
0.1498, 0.2383
0.1533, 0.2383
0.1533, 0.2383
0.1533, 0.2383
0.1533, 0.2383
0.1568, 0.2383
0.1568, 0.2383
0.1568, 0.2383
0.1568, 0.2383
0.1603, 0.2383
0.1603, 0.2383
0.1603, 0.2383
0.1603, 0.2383
0.1603, 0.2383
0.1638, 0.2383
0.1638, 0.2383
0.1638, 0.2383
0.1638, 0.2383
0.1672, 0.2383
0.1672, 0.2383
0.1672, 0.2383
0.1672, 0.2383
0.1707, 0.2383
0.1707, 0.2383
0.1707, 0.2383
0.1707, 0.2383
0.1707, 0.2383
0.1707, 0.2383
0.1707, 0.2383
0.1707, 0.2383
0.1707, 0.2383
0.1742, 0.2383
0.1742, 0.2383
0.1742, 0.2383
0.1742, 0.2383
0.1777, 0.2383
0.1777, 0.2383
0.1777, 0.2383
0.1777, 0.2383
0.1777, 0.2383
0.1777, 0.2383
0.1777, 0.2383
0.1777, 0.2383
0.1777, 0.2383
0.1812, 0.2383
0.1812, 0.2383
0.1812, 0.2383
0.1812, 0.2383
0.1812, 0.2383
0.1812, 0.2383
0.1812, 0.2383
0.1812, 0.2383
0.1812, 0.2383
0.1847, 0.2383
0.1847, 0.2383
0.1847, 0.2383
0.1847, 0.2383
0.1847, 0.2383
0.1847, 0.2383
0.1847, 0.2383
0.1847, 0.2383
0.1847, 0.2383
0.1882, 0.2383
0.1882, 0.2383
0.1882, 0.2383
0.1882, 0.2383
0.1916, 0.2383
0.1916, 0.2383
0.1951, 0.2383
0.1951, 0.2383
0.1951, 0.2383
0.1951, 0.2383
0.1951, 0.2383
0.1951, 0.2383
0.1951, 0.2383
0.1951, 0.2383
0.1986, 0.2383
0.1986, 0.2383
0.1986, 0.2383
0.1986, 0.2383
0.1986, 0.2383
0.1986, 0.2383
0.1986, 0.2383
0.1986, 0.2383
0.1986, 0.2383
0.2021, 0.2383
0.2021, 0.2383
0.2021, 0.2383
0.2021, 0.2383
0.2021, 0.2383
0.2021, 0.2383
0.2021, 0.2383
0.2021, 0.2383
0.2021, 0.2383
0.2021, 0.2383
0.2021, 0.2383
0.2021, 0.2383
0.2021, 0.2383
0.2056, 0.2383
0.2056, 0.2383
0.2056, 0.2383
0.2056, 0.2383
0.2091, 0.2383
0.2091, 0.2383
0.2091, 0.2383
0.2091, 0.2383
0.2091, 0.2383
0.2091, 0.2383
0.2091, 0.2383
0.2091, 0.2383
0.2091, 0.2383
0.2125, 0.2383
0.2125, 0.2383
0.2125, 0.2383
0.2125, 0.2383
0.2125, 0.2383
0.2125, 0.2383
0.2125, 0.2383
0.2125, 0.2383
0.2125, 0.2383
0.2125, 0.2383
0.2125, 0.2383
0.2125, 0.2383
0.2160, 0.2383
0.2160, 0.2383
0.2160, 0.2383
0.2160, 0.2383
0.2195, 0.2383
0.2195, 0.2383
0.2195, 0.2383
0.2195, 0.2383
0.2195, 0.2383
0.2195, 0.2383
0.2195, 0.2383
0.2195, 0.2383
0.2195, 0.2383
0.2195, 0.2383
0.2195, 0.2383
0.2195, 0.2383
0.2195, 0.2383
0.2195, 0.2383
0.2195, 0.2383
0.2195, 0.2383
0.2195, 0.2383
0.2195, 0.2383
0.2195, 0.2383
0.2195, 0.2383
0.2230, 0.2383
0.2230, 0.2383
0.2230, 0.2383
0.2230, 0.2383
0.2230, 0.2383
0.2230, 0.2383
0.2230, 0.2383
0.2230, 0.2383
0.2265, 0.2383
0.2265, 0.2383
0.2265, 0.2383
0.2265, 0.2383
0.2265, 0.2383
0.2265, 0.2383
0.2265, 0.2383
0.2265, 0.2383
0.2265, 0.2383
0.2300, 0.2383
0.2300, 0.2383
0.2300, 0.2383
0.2300, 0.2383
0.2300, 0.2383
0.2300, 0.2383
0.2300, 0.2383
0.2300, 0.2383
0.2300, 0.2383
0.2334, 0.2383
0.2334, 0.2383
0.2334, 0.2383
0.2334, 0.2383
0.2369, 0.2383
0.2369, 0.2383
0.2369, 0.2383
0.2369, 0.2383
0.2369, 0.2383
0.2369, 0.2383
0.2369, 0.2383
0.2369, 0.2383
0.2369, 0.2383
0.2369, 0.2383
0.2369, 0.2383
0.2369, 0.2383
0.2369, 0.2383
0.2369, 0.2383
0.2369, 0.2383
0.2369, 0.2383
0.2369, 0.2383
0.2369, 0.2383
0.2404, 0.2383
0.2404, 0.2383
0.2404, 0.2383
0.2404, 0.2383
0.2439, 0.2383
0.2439, 0.2383
0.2439, 0.2383
0.2439, 0.2383
0.2474, 0.2383
0.2474, 0.2383
0.2474, 0.2383
0.2474, 0.2383
0.2474, 0.2383
0.2474, 0.2383
0.2474, 0.2383
0.2474, 0.2383
0.2474, 0.2383
0.2474, 0.2383
0.2474, 0.2383
0.2474, 0.2383
0.2474, 0.2383
0.2509, 0.2383
0.2509, 0.2383
0.2509, 0.2383
0.2509, 0.2383
0.2509, 0.2383
0.2509, 0.2383
0.2509, 0.2383
0.2509, 0.2383
0.2544, 0.2383
0.2544, 0.2383
0.2544, 0.2383
0.2544, 0.2383
0.2544, 0.2383
0.2544, 0.2383
0.2544, 0.2383
0.2544, 0.2383
0.2544, 0.2383
0.2544, 0.2383
0.2544, 0.2383
0.2544, 0.2383
0.2544, 0.2383
0.2544, 0.2383
0.2544, 0.2383
0.2544, 0.2383
0.2544, 0.2383
0.2544, 0.2383
0.2544, 0.2383
0.2578, 0.2383
0.2578, 0.2383
0.2578, 0.2383
0.2578, 0.2383
0.2578, 0.2383
0.2578, 0.2383
0.2578, 0.2383
0.2578, 0.2383
0.2613, 0.2383
0.2613, 0.2383
0.2613, 0.2383
0.2613, 0.2383
0.2648, 0.2383
0.2648, 0.2383
0.2648, 0.2383
0.2648, 0.2383
0.2648, 0.2383
0.2648, 0.2383
0.2648, 0.2383
0.2648, 0.2383
0.2648, 0.2383
0.2648, 0.2383
0.2648, 0.2383
0.2648, 0.2383
0.2648, 0.2383
0.2683, 0.2383
0.2683, 0.2383
0.2683, 0.2383
0.2683, 0.2383
0.2683, 0.2383
0.2683, 0.2383
0.2683, 0.2383
0.2683, 0.2383
0.2683, 0.2383
0.2718, 0.2383
0.2718, 0.2383
0.2718, 0.2383
0.2718, 0.2383
0.2718, 0.2383
0.2718, 0.2383
0.2718, 0.2383
0.2718, 0.2383
0.2718, 0.2383
0.2718, 0.2383
0.2718, 0.2383
0.2718, 0.2383
0.2718, 0.2383
0.2718, 0.2383
0.2718, 0.2383
0.2718, 0.2383
0.2718, 0.2383
0.2718, 0.2383
0.2718, 0.2383
0.2718, 0.2383
0.2718, 0.2383
0.2718, 0.2383
0.2753, 0.2383
0.2753, 0.2383
0.2753, 0.2383
0.2753, 0.2383
0.2753, 0.2383
0.2787, 0.2383
0.2787, 0.2383
0.2787, 0.2383
0.2787, 0.2383
0.2787, 0.2383
0.2787, 0.2383
0.2787, 0.2383
0.2787, 0.2383
0.2822, 0.2383
0.2822, 0.2383
0.2822, 0.2383
0.2822, 0.2383
0.2822, 0.2383
0.2822, 0.2383
0.2822, 0.2383
0.2822, 0.2383
0.2822, 0.2383
0.2822, 0.2383
0.2822, 0.2383
0.2822, 0.2383
0.2822, 0.2383
0.2857, 0.2383
0.2857, 0.2383
0.2857, 0.2383
0.2857, 0.2383
0.2857, 0.2383
0.2857, 0.2383
0.2857, 0.2383
0.2857, 0.2383
0.2892, 0.2383
0.2892, 0.2383
0.2892, 0.2383
0.2892, 0.2383
0.2892, 0.2383
0.2892, 0.2383
0.2892, 0.2383
0.2892, 0.2383
0.2892, 0.2383
0.2892, 0.2383
0.2892, 0.2383
0.2892, 0.2383
0.2892, 0.2383
0.2892, 0.2383
0.2892, 0.2383
0.2892, 0.2383
0.2892, 0.2383
0.2892, 0.2383
0.2892, 0.2383
0.2892, 0.2383
0.2892, 0.2383
0.2892, 0.2383
0.2892, 0.2383
0.2892, 0.2383
0.2892, 0.2383
0.2892, 0.2383
0.2927, 0.2383
0.2927, 0.2383
0.2927, 0.2383
0.2927, 0.2383
0.2927, 0.2383
0.2927, 0.2383
0.2927, 0.2383
0.2927, 0.2383
0.2962, 0.2383
0.2962, 0.2383
0.2962, 0.2383
0.2962, 0.2383
0.2962, 0.2383
0.2962, 0.2383
0.2962, 0.2383
0.2962, 0.2383
0.2962, 0.2383
0.2962, 0.2383
0.2962, 0.2383
0.2997, 0.2383
0.2997, 0.2383
0.2997, 0.2383
0.2997, 0.2383
0.2997, 0.2383
0.2997, 0.2383
0.2997, 0.2383
0.2997, 0.2383
0.2997, 0.2383
0.2997, 0.2383
0.3031, 0.2383
0.3031, 0.2383
0.3031, 0.2383
0.3031, 0.2383
0.3031, 0.2383
0.3031, 0.2383
0.3031, 0.2383
0.3031, 0.2383
0.3066, 0.2383
0.3066, 0.2383
0.3066, 0.2383
0.3066, 0.2383
0.3066, 0.2383
0.3066, 0.2383
0.3066, 0.2383
0.3066, 0.2383
0.3066, 0.2383
0.3066, 0.2383
0.3066, 0.2383
0.3066, 0.2383
0.3066, 0.2383
0.3066, 0.2383
0.3066, 0.2383
0.3066, 0.2383
0.3066, 0.2383
0.3066, 0.2383
0.3066, 0.2383
0.3066, 0.2383
0.3066, 0.2383
0.3066, 0.2383
0.3066, 0.2383
0.3066, 0.2383
0.3066, 0.2383
0.3066, 0.2383
0.3066, 0.2383
0.3066, 0.2383
0.3066, 0.2383
0.3066, 0.2383
0.3066, 0.2359
0.3066, 0.2359
0.3066, 0.2359
0.3066, 0.2359
0.3066, 0.2359
0.3066, 0.2359
0.3066, 0.2359
0.3066, 0.2359
0.3101, 0.2359
0.3101, 0.2359
0.3101, 0.2359
0.3101, 0.2334
0.3101, 0.2334
0.3101, 0.2334
0.3101, 0.2334
0.3136, 0.2334
0.3136, 0.2334
0.3136, 0.2334
0.3136, 0.2334
0.3136, 0.2334
0.3136, 0.2334
0.3136, 0.2334
0.3136, 0.2334
0.3136, 0.2334
0.3136, 0.2334
0.3136, 0.2334
0.3136, 0.2334
0.3136, 0.2334
0.3136, 0.2334
0.3136, 0.2334
0.3136, 0.2334
0.3136, 0.2334
0.3136, 0.2334
0.3136, 0.2334
0.3136, 0.2334
0.3136, 0.2334
0.3136, 0.2334
0.3136, 0.2334
0.3136, 0.2334
0.3136, 0.2334
0.3136, 0.2334
0.3136, 0.2310
0.3136, 0.2310
0.3136, 0.2310
0.3136, 0.2310
0.3171, 0.2310
0.3171, 0.2310
0.3171, 0.2310
0.3171, 0.2310
0.3171, 0.2310
0.3171, 0.2310
0.3171, 0.2310
0.3171, 0.2310
0.3171, 0.2285
0.3171, 0.2285
0.3171, 0.2285
0.3206, 0.2260
0.3206, 0.2260
0.3206, 0.2260
0.3206, 0.2260
0.3206, 0.2260
0.3206, 0.2260
0.3206, 0.2260
0.3206, 0.2260
0.3206, 0.2260
0.3206, 0.2260
0.3206, 0.2260
0.3206, 0.2260
0.3206, 0.2260
0.3206, 0.2260
0.3206, 0.2260
0.3206, 0.2260
0.3206, 0.2260
0.3206, 0.2236
0.3206, 0.2236
0.3206, 0.2236
0.3240, 0.2211
0.3240, 0.2211
0.3240, 0.2211
0.3240, 0.2211
0.3240, 0.2211
0.3240, 0.2211
0.3240, 0.2211
0.3240, 0.2211
0.3240, 0.2211
0.3240, 0.2211
0.3240, 0.2211
0.3240, 0.2211
0.3240, 0.2187
0.3240, 0.2187
0.3240, 0.2187
0.3240, 0.2187
0.3240, 0.2187
0.3240, 0.2187
0.3240, 0.2187
0.3240, 0.2187
0.3240, 0.2162
0.3240, 0.2138
0.3240, 0.2138
0.3240, 0.2138
0.3240, 0.2138
0.3240, 0.2138
0.3240, 0.2138
0.3240, 0.2138
0.3240, 0.2138
0.3240, 0.2138
0.3240, 0.2138
0.3240, 0.2138
0.3240, 0.2113
0.3240, 0.2113
0.3240, 0.2113
0.3240, 0.2113
0.3240, 0.2113
0.3240, 0.2113
0.3240, 0.2113
0.3240, 0.2088
0.3240, 0.2088
0.3240, 0.2088
0.3240, 0.2088
0.3240, 0.2088
0.3240, 0.2088
0.3240, 0.2088
0.3240, 0.2088
0.3240, 0.2088
0.3240, 0.2088
0.3240, 0.2088
0.3240, 0.2088
0.3240, 0.2088
0.3240, 0.2088
0.3240, 0.2088
0.3240, 0.2088
0.3240, 0.2064
0.3240, 0.2064
0.3240, 0.2064
0.3240, 0.2064
0.3240, 0.2064
0.3240, 0.2064
0.3240, 0.2064
0.3240, 0.2039
0.3240, 0.2039
0.3240, 0.2039
0.3240, 0.2039
0.3240, 0.2039
0.3240, 0.2039
0.3240, 0.2039
0.3240, 0.2039
0.3240, 0.2015
0.3240, 0.2015
0.3240, 0.2015
0.3240, 0.2015
0.3240, 0.2015
0.3240, 0.2015
0.3240, 0.2015
0.3240, 0.2015
0.3240, 0.2015
0.3240, 0.2015
0.3240, 0.2015
0.3240, 0.2015
0.3240, 0.1990
0.3240, 0.1990
0.3240, 0.1990
0.3240, 0.1990
0.3240, 0.1990
0.3240, 0.1990
0.3240, 0.1990
0.3240, 0.1990
0.3240, 0.1966
0.3240, 0.1966
0.3240, 0.1966
0.3240, 0.1966
0.3240, 0.1966
0.3240, 0.1941
0.3240, 0.1941
0.3240, 0.1941
0.3240, 0.1941
0.3240, 0.1941
0.3240, 0.1941
0.3240, 0.1941
0.3240, 0.1941
0.3240, 0.1916
0.3240, 0.1916
0.3240, 0.1916
0.3240, 0.1892
0.3240, 0.1892
0.3240, 0.1892
0.3240, 0.1892
0.3240, 0.1892
0.3240, 0.1892
0.3240, 0.1892
0.3240, 0.1892
0.3240, 0.1892
0.3240, 0.1892
0.3240, 0.1892
0.3240, 0.1892
0.3240, 0.1892
0.3240, 0.1892
0.3240, 0.1867
0.3240, 0.1867
0.3240, 0.1867
0.3240, 0.1867
0.3240, 0.1867
0.3240, 0.1867
0.3240, 0.1867
0.3240, 0.1867
0.3240, 0.1843
0.3240, 0.1843
0.3240, 0.1843
0.3240, 0.1843
0.3240, 0.1843
0.3240, 0.1843
0.3240, 0.1843
0.3240, 0.1843
0.3240, 0.1843
0.3240, 0.1843
0.3240, 0.1843
0.3240, 0.1843
0.3240, 0.1818
0.3240, 0.1818
0.3240, 0.1818
0.3240, 0.1818
0.3206, 0.1794
0.3206, 0.1794
0.3206, 0.1794
0.3206, 0.1794
0.3206, 0.1794
0.3206, 0.1794
0.3206, 0.1794
0.3206, 0.1794
0.3206, 0.1794
0.3206, 0.1794
0.3206, 0.1794
0.3206, 0.1794
0.3206, 0.1769
0.3206, 0.1769
0.3206, 0.1769
0.3206, 0.1769
0.3206, 0.1769
0.3206, 0.1744
0.3206, 0.1744
0.3206, 0.1744
0.3206, 0.1744
0.3206, 0.1744
0.3206, 0.1744
0.3206, 0.1744
0.3206, 0.1720
0.3206, 0.1720
0.3206, 0.1720
0.3206, 0.1720
0.3206, 0.1720
0.3206, 0.1720
0.3206, 0.1720
0.3206, 0.1720
0.3206, 0.1720
0.3206, 0.1720
0.3206, 0.1720
0.3206, 0.1720
0.3171, 0.1720
0.3171, 0.1720
0.3171, 0.1720
0.3171, 0.1695
0.3171, 0.1695
0.3171, 0.1695
0.3171, 0.1695
0.3171, 0.1671
0.3171, 0.1671
0.3171, 0.1671
0.3171, 0.1671
0.3171, 0.1671
0.3171, 0.1671
0.3171, 0.1671
0.3171, 0.1671
0.3171, 0.1671
0.3171, 0.1671
0.3171, 0.1671
0.3171, 0.1671
0.3171, 0.1646
0.3171, 0.1646
0.3171, 0.1646
0.3171, 0.1646
0.3171, 0.1646
0.3171, 0.1646
0.3171, 0.1646
0.3171, 0.1622
0.3171, 0.1622
0.3171, 0.1622
0.3171, 0.1622
0.3171, 0.1622
0.3171, 0.1622
0.3171, 0.1622
0.3171, 0.1622
0.3171, 0.1597
0.3171, 0.1597
0.3171, 0.1597
0.3171, 0.1597
0.3171, 0.1597
0.3171, 0.1597
0.3171, 0.1597
0.3136, 0.1597
0.3136, 0.1597
0.3136, 0.1597
0.3136, 0.1597
0.3136, 0.1572
0.3136, 0.1572
0.3136, 0.1572
0.3136, 0.1572
0.3136, 0.1572
0.3136, 0.1548
0.3136, 0.1548
0.3136, 0.1548
0.3136, 0.1548
0.3136, 0.1548
0.3136, 0.1548
0.3136, 0.1548
0.3136, 0.1548
0.3101, 0.1548
0.3101, 0.1548
0.3101, 0.1548
0.3101, 0.1523
0.3101, 0.1523
0.3101, 0.1523
0.3101, 0.1523
0.3101, 0.1523
0.3101, 0.1523
0.3101, 0.1523
0.3101, 0.1523
0.3101, 0.1499
0.3101, 0.1499
0.3101, 0.1499
0.3101, 0.1499
0.3101, 0.1499
0.3101, 0.1499
0.3101, 0.1499
0.3101, 0.1499
0.3101, 0.1474
0.3101, 0.1474
0.3101, 0.1474
0.3101, 0.1474
0.3101, 0.1474
0.3101, 0.1474
0.3101, 0.1474
0.3066, 0.1474
0.3066, 0.1474
0.3066, 0.1474
0.3066, 0.1450
0.3066, 0.1450
0.3066, 0.1450
0.3066, 0.1425
0.3066, 0.1425
0.3066, 0.1425
0.3066, 0.1425
0.3066, 0.1425
0.3066, 0.1425
0.3066, 0.1425
0.3066, 0.1425
0.3031, 0.1425
0.3031, 0.1425
0.3031, 0.1425
0.3031, 0.1400
0.3031, 0.1400
0.3031, 0.1400
0.3031, 0.1400
0.3031, 0.1400
0.3031, 0.1400
0.3031, 0.1400
0.3031, 0.1400
0.2997, 0.1376
0.2997, 0.1376
0.2997, 0.1376
0.2997, 0.1351
0.2997, 0.1351
0.2997, 0.1351
0.2997, 0.1351
0.2997, 0.1351
0.2997, 0.1351
0.2997, 0.1351
0.2997, 0.1351
0.2997, 0.1327
0.2997, 0.1327
0.2997, 0.1327
0.2997, 0.1327
0.2997, 0.1327
0.2997, 0.1327
0.2997, 0.1327
0.2997, 0.1302
0.2997, 0.1302
0.2997, 0.1302
0.2997, 0.1302
0.2997, 0.1302
0.2997, 0.1302
0.2997, 0.1302
0.2997, 0.1302
0.2962, 0.1302
0.2962, 0.1302
0.2962, 0.1302
0.2962, 0.1278
0.2962, 0.1278
0.2962, 0.1278
0.2962, 0.1278
0.2962, 0.1278
0.2962, 0.1278
0.2962, 0.1278
0.2962, 0.1278
0.2962, 0.1253
0.2962, 0.1253
0.2962, 0.1253
0.2962, 0.1253
0.2962, 0.1253
0.2962, 0.1253
0.2962, 0.1253
0.2962, 0.1229
0.2962, 0.1229
0.2962, 0.1229
0.2962, 0.1229
0.2962, 0.1229
0.2962, 0.1229
0.2962, 0.1229
0.2962, 0.1229
0.2927, 0.1229
0.2927, 0.1229
0.2927, 0.1229
0.2927, 0.1229
0.2927, 0.1229
0.2927, 0.1229
0.2927, 0.1229
0.2927, 0.1204
0.2927, 0.1204
0.2927, 0.1204
0.2927, 0.1179
0.2927, 0.1179
0.2927, 0.1179
0.2927, 0.1179
0.2927, 0.1179
0.2927, 0.1179
0.2927, 0.1179
0.2927, 0.1179
0.2927, 0.1179
0.2927, 0.1179
0.2927, 0.1179
0.2927, 0.1179
0.2927, 0.1179
0.2927, 0.1155
0.2927, 0.1155
0.2927, 0.1155
0.2927, 0.1155
0.2927, 0.1155
0.2927, 0.1155
0.2927, 0.1155
0.2927, 0.1130
0.2927, 0.1130
0.2927, 0.1130
0.2927, 0.1130
0.2927, 0.1130
0.2927, 0.1130
0.2927, 0.1130
0.2927, 0.1106
0.2927, 0.1106
0.2927, 0.1106
0.2927, 0.1106
0.2927, 0.1106
0.2927, 0.1106
0.2927, 0.1106
0.2927, 0.1106
0.2927, 0.1106
0.2927, 0.1106
0.2927, 0.1106
0.2927, 0.1081
0.2927, 0.1081
0.2927, 0.1081
0.2927, 0.1081
0.2927, 0.1057
0.2927, 0.1057
0.2927, 0.1057
0.2927, 0.1057
0.2927, 0.1057
0.2927, 0.1057
0.2927, 0.1057
0.2892, 0.1057
0.2892, 0.1057
0.2892, 0.1057
0.2892, 0.1057
0.2892, 0.1032
0.2892, 0.1032
0.2892, 0.1032
0.2892, 0.1007
0.2892, 0.1007
0.2892, 0.1007
0.2892, 0.1007
0.2892, 0.1007
0.2892, 0.1007
0.2892, 0.1007
0.2892, 0.1007
0.2892, 0.1007
0.2892, 0.1007
0.2892, 0.1007
0.2892, 0.1007
0.2892, 0.0983
0.2892, 0.0983
0.2892, 0.0983
0.2892, 0.0958
0.2892, 0.0958
0.2892, 0.0958
0.2892, 0.0958
0.2892, 0.0958
0.2892, 0.0958
0.2892, 0.0958
0.2857, 0.0934
0.2857, 0.0934
0.2857, 0.0934
0.2857, 0.0934
0.2857, 0.0934
0.2857, 0.0934
0.2857, 0.0934
0.2857, 0.0934
0.2857, 0.0909
0.2857, 0.0909
0.2857, 0.0885
0.2857, 0.0885
0.2857, 0.0885
0.2857, 0.0885
0.2857, 0.0885
0.2857, 0.0885
0.2857, 0.0885
0.2857, 0.0860
0.2857, 0.0860
0.2857, 0.0860
0.2857, 0.0860
0.2857, 0.0835
0.2857, 0.0835
0.2857, 0.0835
0.2857, 0.0835
0.2857, 0.0835
0.2857, 0.0835
0.2857, 0.0835
0.2857, 0.0811
0.2857, 0.0811
0.2857, 0.0811
0.2857, 0.0811
0.2857, 0.0811
0.2857, 0.0811
0.2857, 0.0811
0.2857, 0.0811
0.2857, 0.0811
0.2857, 0.0786
0.2857, 0.0786
0.2857, 0.0786
0.2857, 0.0786
0.2857, 0.0786
0.2857, 0.0786
0.2857, 0.0762
0.2857, 0.0762
0.2857, 0.0762
0.2857, 0.0762
0.2857, 0.0762
0.2857, 0.0762
0.2857, 0.0762
0.2857, 0.0762
0.2857, 0.0762
0.2857, 0.0762
0.2857, 0.0762
0.2857, 0.0737
0.2857, 0.0737
0.2857, 0.0737
0.2857, 0.0713
0.2857, 0.0713
0.2857, 0.0713
0.2857, 0.0713
0.2857, 0.0713
0.2857, 0.0688
0.2857, 0.0688
0.2857, 0.0688
0.2857, 0.0688
0.2857, 0.0688
0.2857, 0.0688
0.2857, 0.0688
0.2857, 0.0688
0.2857, 0.0688
0.2857, 0.0688
0.2857, 0.0688
0.2857, 0.0663
0.2857, 0.0663
0.2857, 0.0663
0.2857, 0.0639
0.2857, 0.0639
0.2857, 0.0639
0.2857, 0.0639
0.2857, 0.0639
0.2857, 0.0639
0.2857, 0.0639
0.2857, 0.0639
0.2857, 0.0639
0.2857, 0.0639
0.2857, 0.0639
0.2857, 0.0614
0.2857, 0.0614
0.2857, 0.0614
0.2857, 0.0590
0.2857, 0.0590
0.2857, 0.0590
0.2857, 0.0590
0.2857, 0.0590
0.2857, 0.0590
0.2857, 0.0590
0.2857, 0.0565
0.2857, 0.0565
0.2857, 0.0565
0.2857, 0.0565
0.2857, 0.0565
0.2857, 0.0565
0.2857, 0.0565
0.2857, 0.0565
0.2857, 0.0565
0.2857, 0.0565
0.2857, 0.0565
0.2857, 0.0565
0.2857, 0.0565
0.2857, 0.0565
0.2857, 0.0565
0.2857, 0.0541
0.2857, 0.0541
0.2857, 0.0541
0.2857, 0.0541
0.2857, 0.0541
0.2857, 0.0541
0.2857, 0.0541
0.2857, 0.0516
0.2857, 0.0516
0.2857, 0.0516
0.2857, 0.0516
0.2857, 0.0516
0.2857, 0.0516
0.2857, 0.0516
0.2857, 0.0516
0.2857, 0.0491
0.2857, 0.0491
0.2857, 0.0491
0.2857, 0.0491
0.2857, 0.0491
0.2857, 0.0491
0.2857, 0.0491
0.2857, 0.0491
0.2857, 0.0491
0.2857, 0.0491
0.2857, 0.0467
0.2857, 0.0467
0.2857, 0.0467
0.2857, 0.0467
0.2857, 0.0467
0.2857, 0.0467
0.2857, 0.0467
0.2857, 0.0442
0.2857, 0.0442
0.2857, 0.0442
0.2857, 0.0442
0.2857, 0.0442
0.2857, 0.0442
0.2857, 0.0442
0.2892, 0.0442
0.2892, 0.0442
0.2892, 0.0442
0.2892, 0.0442
0.2892, 0.0442
0.2892, 0.0442
0.2892, 0.0442
0.2892, 0.0442
0.2892, 0.0418
0.2892, 0.0418
0.2892, 0.0418
0.2892, 0.0393
0.2892, 0.0393
0.2892, 0.0393
0.2892, 0.0393
0.2892, 0.0393
0.2892, 0.0393
0.2892, 0.0393
0.2892, 0.0393
0.2892, 0.0393
0.2892, 0.0393
0.2892, 0.0369
0.2892, 0.0369
0.2892, 0.0369
0.2892, 0.0369
0.2892, 0.0369
0.2892, 0.0369
0.2892, 0.0369
0.2892, 0.0344
0.2892, 0.0344
0.2892, 0.0344
0.2892, 0.0344
0.2892, 0.0344
0.2892, 0.0344
0.2892, 0.0344
0.2892, 0.0319
0.2892, 0.0319
0.2892, 0.0319
0.2892, 0.0319
0.2927, 0.0319
0.2927, 0.0319
0.2927, 0.0319
0.2927, 0.0319
0.2927, 0.0295
0.2927, 0.0295
0.2927, 0.0295
0.2927, 0.0295
0.2927, 0.0295
0.2927, 0.0295
0.2962, 0.0270
0.2962, 0.0270
0.2962, 0.0270
0.2962, 0.0270
0.2962, 0.0270
0.2962, 0.0270
0.2962, 0.0270
0.2962, 0.0270
0.2962, 0.0270
0.2962, 0.0270
0.2962, 0.0270
0.2962, 0.0246
0.2962, 0.0246
0.2962, 0.0246
0.2962, 0.0221
0.2962, 0.0221
0.2962, 0.0221
0.2962, 0.0221
0.2997, 0.0221
0.2997, 0.0221
0.2997, 0.0221
0.2997, 0.0221
0.2997, 0.0221
0.2997, 0.0221
0.3031, 0.0197
0.3031, 0.0197
0.3031, 0.0197
0.3031, 0.0172
0.3031, 0.0172
0.3031, 0.0172
0.3031, 0.0172
0.3066, 0.0147
0.3066, 0.0147
0.3066, 0.0147
0.3066, 0.0147
0.3066, 0.0147
0.3066, 0.0147
0.3066, 0.0147
0.3066, 0.0147
0.3066, 0.0147
0.3066, 0.0147
0.3066, 0.0147
0.3066, 0.0147
0.3066, 0.0147
0.3066, 0.0147
0.3101, 0.0147
0.3101, 0.0147
0.3101, 0.0147
0.3101, 0.0123
0.3101, 0.0123
0.3101, 0.0123
0.3101, 0.0123
0.3101, 0.0123
0.3136, 0.0098
0.3136, 0.0098
0.3136, 0.0098
0.3136, 0.0098
0.3136, 0.0098
0.3136, 0.0098
0.3136, 0.0098
0.3136, 0.0098
0.3136, 0.0098
0.3136, 0.0098
0.3136, 0.0098
0.3136, 0.0098
0.3136, 0.0098
0.3136, 0.0098
0.3136, 0.0098
0.3136, 0.0098
0.3136, 0.0098
0.3171, 0.0098
0.3171, 0.0098
0.3171, 0.0098
0.3206, 0.0098
0.3206, 0.0098
0.3206, 0.0098
0.3206, 0.0098
0.3206, 0.0074
0.3206, 0.0074
0.3206, 0.0074
0.3206, 0.0074
0.3206, 0.0074
0.3206, 0.0074
0.3240, 0.0074
0.3240, 0.0074
0.3240, 0.0074
0.3240, 0.0074
0.3240, 0.0074
0.3240, 0.0074
0.3240, 0.0074
0.3240, 0.0049
0.3240, 0.0049
0.3240, 0.0049
0.3240, 0.0049
0.3240, 0.0049
0.3240, 0.0049
0.3240, 0.0049
0.3275, 0.0049
0.3275, 0.0049
0.3275, 0.0049
0.3275, 0.0049
0.3275, 0.0049
0.3275, 0.0049
0.3310, 0.0049
0.3310, 0.0049
0.3310, 0.0049
0.3310, 0.0049
0.3310, 0.0025
0.3310, 0.0025
0.3310, 0.0025
0.3310, 0.0025
0.3345, 0.0025
0.3345, 0.0025
0.3345, 0.0025
0.3345, 0.0025
0.3345, 0.0025
0.3345, 0.0025
0.3345, 0.0025
0.3380, 0.0025
0.3380, 0.0025
0.3380, 0.0025
0.3380, 0.0025
0.3380, 0.0025
0.3380, 0.0025
0.3380, 0.0025
0.3415, 0.0025
0.3415, 0.0025
0.3415, 0.0025
0.3415, 0.0025
0.3415, 0.0025
0.3415, 0.0025
0.3415, 0.0025
0.3415, 0.0025
0.3415, 0.0025
0.3415, 0.0025
0.3415, 0.0025
0.3415, 0.0025
0.3415, 0.0025
0.3415, 0.0025
0.3449, 0.0025
0.3449, 0.0025
0.3449, 0.0025
0.3484, 0.0025
0.3484, 0.0025
0.3484, 0.0025
0.3484, 0.0025
0.3484, 0.0025
0.3484, 0.0025
0.3484, 0.0025
0.3484, 0.0025
0.3484, 0.0025
0.3484, 0.0025
0.3519, 0.0025
0.3519, 0.0025
0.3519, 0.0025
0.3519, 0.0025
0.3519, 0.0025
0.3519, 0.0025
0.3519, 0.0025
0.3554, 0.0025
0.3554, 0.0025
0.3554, 0.0025
0.3589, 0.0025
0.3589, 0.0025
0.3589, 0.0025
0.3589, 0.0025
0.3589, 0.0025
0.3589, 0.0025
0.3589, 0.0025
0.3589, 0.0025
0.3589, 0.0025
0.3589, 0.0025
0.3624, 0.0025
0.3624, 0.0000
0.3624, 0.0000
0.3624, 0.0000
0.3659, 0.0000
0.3659, 0.0000
0.3659, 0.0000
0.3659, 0.0000
0.3659, 0.0000
0.3659, 0.0000
0.3659, 0.0000
0.3693, 0.0000
0.3693, 0.0000
0.3693, 0.0000
0.3728, 0.0000
0.3728, 0.0000
0.3728, 0.0000
0.3763, 0.0000
0.3763, 0.0000
0.3763, 0.0000
0.3763, 0.0000
0.3763, 0.0000
0.3763, 0.0000
0.3763, 0.0000
0.3763, 0.0000
0.3763, 0.0000
0.3763, 0.0000
0.3763, 0.0000
0.3798, 0.0000
0.3798, 0.0000
0.3798, 0.0000
0.3833, 0.0000
0.3833, 0.0000
0.3833, 0.0000
0.3833, 0.0000
0.3833, 0.0000
0.3833, 0.0000
0.3833, 0.0000
0.3833, 0.0000
0.3833, 0.0000
0.3833, 0.0000
0.3833, 0.0000
0.3833, 0.0000
0.3833, 0.0000
0.3833, 0.0000
0.3868, 0.0000
0.3868, 0.0000
0.3868, 0.0000
0.3868, 0.0000
0.3868, 0.0000
0.3868, 0.0000
0.3868, 0.0000
0.3902, 0.0000
0.3902, 0.0000
0.3902, 0.0000
0.3937, 0.0000
0.3937, 0.0000
0.3937, 0.0000
0.3937, 0.0000
0.3937, 0.0000
0.3937, 0.0000
0.3937, 0.0000
0.3972, 0.0000
0.3972, 0.0000
0.3972, 0.0000
0.4007, 0.0000
0.4007, 0.0000
0.4007, 0.0000
0.4007, 0.0000
0.4007, 0.0000
0.4007, 0.0000
0.4007, 0.0000
0.4007, 0.0000
0.4007, 0.0000
0.4042, 0.0000
0.4042, 0.0000
0.4042, 0.0000
0.4042, 0.0000
0.4077, 0.0000
0.4077, 0.0000
0.4077, 0.0000
0.4077, 0.0000
0.4077, 0.0000
0.4077, 0.0000
0.4077, 0.0000
0.4077, 0.0000
0.4077, 0.0000
0.4077, 0.0000
0.4111, 0.0000
0.4111, 0.0000
0.4111, 0.0000
0.4146, 0.0000
0.4146, 0.0000
0.4146, 0.0000
0.4181, 0.0000
0.4181, 0.0000
0.4181, 0.0000
0.4181, 0.0025
0.4181, 0.0025
0.4181, 0.0025
0.4216, 0.0025
0.4216, 0.0025
0.4216, 0.0025
0.4251, 0.0025
0.4251, 0.0025
0.4251, 0.0025
0.4251, 0.0025
0.4251, 0.0025
0.4251, 0.0025
0.4251, 0.0025
0.4251, 0.0025
0.4251, 0.0025
0.4251, 0.0025
0.4286, 0.0049
0.4286, 0.0049
0.4286, 0.0049
0.4286, 0.0049
0.4286, 0.0049
0.4286, 0.0049
0.4286, 0.0049
0.4321, 0.0049
0.4321, 0.0049
0.4321, 0.0049
0.4321, 0.0049
0.4355, 0.0049
0.4355, 0.0049
0.4355, 0.0049
0.4355, 0.0049
0.4355, 0.0049
0.4355, 0.0049
0.4355, 0.0049
0.4355, 0.0074
0.4355, 0.0074
0.4355, 0.0074
0.4390, 0.0074
0.4390, 0.0074
0.4390, 0.0074
0.4425, 0.0074
0.4425, 0.0074
0.4425, 0.0074
0.4425, 0.0074
0.4425, 0.0074
0.4425, 0.0074
0.4425, 0.0074
0.4425, 0.0074
0.4425, 0.0074
0.4425, 0.0074
0.4460, 0.0074
0.4460, 0.0074
0.4460, 0.0074
0.4495, 0.0098
0.4495, 0.0098
0.4495, 0.0098
0.4530, 0.0098
0.4530, 0.0098
0.4530, 0.0098
0.4530, 0.0098
0.4530, 0.0098
0.4530, 0.0098
0.4530, 0.0098
0.4530, 0.0098
0.4530, 0.0098
0.4530, 0.0098
0.4530, 0.0098
0.4530, 0.0098
0.4530, 0.0098
0.4564, 0.0123
0.4564, 0.0123
0.4564, 0.0123
0.4599, 0.0123
0.4599, 0.0123
0.4599, 0.0123
0.4599, 0.0123
0.4599, 0.0123
0.4599, 0.0123
0.4634, 0.0123
0.4634, 0.0123
0.4634, 0.0123
0.4669, 0.0123
0.4704, 0.0147
0.4704, 0.0147
0.4704, 0.0147
0.4704, 0.0147
0.4704, 0.0147
0.4704, 0.0147
0.4704, 0.0147
0.4739, 0.0147
0.4739, 0.0147
0.4739, 0.0147
0.4739, 0.0172
0.4739, 0.0172
0.4739, 0.0172
0.4774, 0.0172
0.4774, 0.0172
0.4774, 0.0172
0.4774, 0.0172
0.4774, 0.0172
0.4774, 0.0172
0.4774, 0.0197
0.4774, 0.0197
0.4774, 0.0197
0.4774, 0.0197
0.4774, 0.0197
0.4774, 0.0197
0.4774, 0.0197
0.4808, 0.0197
0.4808, 0.0197
0.4808, 0.0197
0.4843, 0.0197
0.4843, 0.0197
0.4843, 0.0197
0.4843, 0.0197
0.4843, 0.0197
0.4843, 0.0197
0.4878, 0.0221
0.4878, 0.0221
0.4878, 0.0221
0.4878, 0.0246
0.4878, 0.0246
0.4878, 0.0246
0.4913, 0.0246
0.4913, 0.0246
0.4913, 0.0246
0.4948, 0.0246
0.4948, 0.0246
0.4948, 0.0246
0.4948, 0.0246
0.4948, 0.0270
0.4948, 0.0270
0.4948, 0.0270
0.4948, 0.0270
0.4948, 0.0270
0.4948, 0.0270
0.4983, 0.0295
0.4983, 0.0295
0.5017, 0.0295
0.5017, 0.0295
0.5052, 0.0319
0.5052, 0.0319
0.5052, 0.0319
0.5052, 0.0344
0.5052, 0.0344
0.5052, 0.0344
0.5087, 0.0369
0.5087, 0.0369
0.5087, 0.0369
0.5122, 0.0369
0.5122, 0.0369
0.5122, 0.0369
0.5122, 0.0369
0.5122, 0.0369
0.5122, 0.0369
0.5157, 0.0393
0.5157, 0.0393
0.5157, 0.0393
0.5192, 0.0418
0.5192, 0.0418
0.5192, 0.0418
0.5192, 0.0418
0.5192, 0.0418
0.5192, 0.0418
0.5192, 0.0418
0.5192, 0.0418
0.5192, 0.0418
0.5192, 0.0418
0.5226, 0.0442
0.5226, 0.0442
0.5226, 0.0442
0.5226, 0.0467
0.5226, 0.0467
0.5226, 0.0467
0.5261, 0.0491
0.5261, 0.0491
0.5261, 0.0491
0.5296, 0.0491
0.5296, 0.0491
0.5296, 0.0491
0.5296, 0.0516
0.5296, 0.0516
0.5296, 0.0516
0.5296, 0.0541
0.5296, 0.0541
0.5296, 0.0541
0.5331, 0.0541
0.5331, 0.0541
0.5331, 0.0541
0.5366, 0.0565
0.5366, 0.0565
0.5366, 0.0565
0.5366, 0.0565
0.5366, 0.0565
0.5401, 0.0614
0.5401, 0.0614
0.5436, 0.0614
0.5436, 0.0614
0.5436, 0.0614
0.5470, 0.0614
0.5470, 0.0614
0.5470, 0.0614
0.5470, 0.0639
0.5470, 0.0639
0.5470, 0.0639
0.5470, 0.0663
0.5470, 0.0663
0.5470, 0.0663
0.5505, 0.0688
0.5505, 0.0688
0.5505, 0.0688
0.5505, 0.0688
0.5505, 0.0688
0.5505, 0.0688
0.5540, 0.0713
0.5540, 0.0713
0.5540, 0.0713
0.5575, 0.0713
0.5575, 0.0713
0.5575, 0.0713
0.5575, 0.0737
0.5575, 0.0737
0.5575, 0.0737
0.5575, 0.0737
0.5575, 0.0737
0.5575, 0.0737
0.5610, 0.0762
0.5610, 0.0762
0.5610, 0.0762
0.5610, 0.0786
0.5610, 0.0786
0.5610, 0.0786
0.5645, 0.0811
0.5645, 0.0811
0.5645, 0.0811
0.5645, 0.0811
0.5645, 0.0811
0.5645, 0.0811
0.5645, 0.0811
0.5645, 0.0811
0.5645, 0.0811
0.5645, 0.0811
0.5679, 0.0835
0.5679, 0.0835
0.5679, 0.0835
0.5679, 0.0860
0.5679, 0.0860
0.5679, 0.0860
0.5714, 0.0860
0.5714, 0.0860
0.5714, 0.0860
0.5714, 0.0860
0.5714, 0.0885
0.5714, 0.0885
0.5714, 0.0885
0.5714, 0.0885
0.5714, 0.0885
0.5714, 0.0885
0.5749, 0.0909
0.5749, 0.0909
0.5749, 0.0909
0.5784, 0.0934
0.5784, 0.0934
0.5784, 0.0934
0.5784, 0.0934
0.5784, 0.0934
0.5784, 0.0934
0.5819, 0.0958
0.5819, 0.0958
0.5819, 0.0958
0.5819, 0.0983
0.5819, 0.0983
0.5819, 0.0983
0.5819, 0.0983
0.5819, 0.0983
0.5819, 0.0983
0.5819, 0.0983
0.5819, 0.0983
0.5819, 0.0983
0.5819, 0.0983
0.5854, 0.1007
0.5854, 0.1007
0.5854, 0.1032
0.5854, 0.1032
0.5854, 0.1032
0.5889, 0.1032
0.5889, 0.1032
0.5889, 0.1032
0.5889, 0.1057
0.5889, 0.1057
0.5889, 0.1057
0.5889, 0.1057
0.5889, 0.1057
0.5889, 0.1057
0.5889, 0.1081
0.5889, 0.1081
0.5889, 0.1081
0.5923, 0.1081
0.5923, 0.1081
0.5923, 0.1081
0.5923, 0.1106
0.5923, 0.1106
0.5923, 0.1106
0.5958, 0.1106
0.5958, 0.1106
0.5958, 0.1130
0.5993, 0.1155
0.5993, 0.1155
0.6028, 0.1155
0.6063, 0.1179
0.6063, 0.1204
0.6132, 0.1229
0.6132, 0.1229
0.6132, 0.1253
0.6132, 0.1253
0.6167, 0.1253
0.6167, 0.1253
0.6167, 0.1278
0.6167, 0.1278
0.6167, 0.1278
0.6167, 0.1278
0.6167, 0.1278
0.6167, 0.1278
0.6202, 0.1278
0.6202, 0.1278
0.6237, 0.1302
0.6237, 0.1302
0.6237, 0.1302
0.6237, 0.1327
0.6237, 0.1327
0.6237, 0.1327
0.6237, 0.1327
0.6237, 0.1327
0.6237, 0.1327
0.6237, 0.1351
0.6237, 0.1351
0.6237, 0.1351
0.6272, 0.1351
0.6272, 0.1351
0.6307, 0.1376
0.6307, 0.1376
0.6341, 0.1376
0.6341, 0.1376
0.6341, 0.1376
0.6341, 0.1400
0.6341, 0.1400
0.6341, 0.1400
0.6341, 0.1400
0.6341, 0.1400
0.6341, 0.1400
0.6341, 0.1400
0.6341, 0.1400
0.6341, 0.1400
0.6376, 0.1425
0.6376, 0.1425
0.6376, 0.1425
0.6376, 0.1425
0.6376, 0.1425
0.6376, 0.1425
0.6411, 0.1450
0.6411, 0.1450
0.6411, 0.1450
0.6411, 0.1450
0.6411, 0.1450
0.6411, 0.1450
0.6411, 0.1474
0.6411, 0.1474
0.6411, 0.1474
0.6411, 0.1474
0.6411, 0.1474
0.6411, 0.1474
0.6446, 0.1474
0.6446, 0.1474
0.6446, 0.1474
0.6481, 0.1499
0.6481, 0.1499
0.6481, 0.1499
0.6481, 0.1523
0.6481, 0.1523
0.6516, 0.1523
0.6516, 0.1523
0.6516, 0.1523
0.6516, 0.1548
0.6516, 0.1548
0.6516, 0.1548
0.6516, 0.1548
0.6516, 0.1548
0.6516, 0.1548
0.6551, 0.1572
0.6551, 0.1572
0.6551, 0.1572
0.6585, 0.1597
0.6585, 0.1597
0.6585, 0.1597
0.6620, 0.1622
0.6620, 0.1622
0.6620, 0.1622
0.6655, 0.1622
0.6655, 0.1622
0.6655, 0.1622
0.6690, 0.1646
0.6690, 0.1646
0.6690, 0.1646
0.6690, 0.1646
0.6690, 0.1646
0.6690, 0.1646
0.6690, 0.1671
0.6690, 0.1671
0.6690, 0.1671
0.6725, 0.1695
0.6725, 0.1695
0.6725, 0.1695
0.6725, 0.1720
0.6725, 0.1720
0.6725, 0.1720
0.6760, 0.1720
0.6760, 0.1720
0.6760, 0.1744
0.6760, 0.1744
0.6760, 0.1744
0.6760, 0.1744
0.6760, 0.1744
0.6760, 0.1744
0.6760, 0.1769
0.6760, 0.1769
0.6760, 0.1769
0.6794, 0.1769
0.6794, 0.1769
0.6794, 0.1769
0.6794, 0.1794
0.6794, 0.1794
0.6794, 0.1794
0.6829, 0.1818
0.6829, 0.1818
0.6829, 0.1818
0.6829, 0.1843
0.6829, 0.1843
0.6829, 0.1843
0.6829, 0.1843
0.6829, 0.1843
0.6829, 0.1843
0.6899, 0.1867
0.6899, 0.1867
0.6899, 0.1867
0.6899, 0.1892
0.6934, 0.1892
0.6934, 0.1892
0.6934, 0.1892
0.6934, 0.1916
0.6934, 0.1916
0.6969, 0.1941
0.6969, 0.1941
0.6969, 0.1941
0.6969, 0.1966
0.6969, 0.1966
0.6969, 0.1966
0.7003, 0.1966
0.7003, 0.1966
0.7003, 0.1966
0.7038, 0.1966
0.7038, 0.1966
0.7038, 0.1966
0.7038, 0.1990
0.7038, 0.1990
0.7038, 0.1990
0.7038, 0.1990
0.7038, 0.1990
0.7038, 0.2015
0.7038, 0.2015
0.7038, 0.2015
0.7038, 0.2015
0.7038, 0.2015
0.7038, 0.2015
0.7073, 0.2039
0.7073, 0.2039
0.7073, 0.2039
0.7073, 0.2064
0.7073, 0.2064
0.7073, 0.2064
0.7108, 0.2088
0.7108, 0.2088
0.7108, 0.2088
0.7108, 0.2088
0.7108, 0.2088
0.7108, 0.2088
0.7143, 0.2088
0.7143, 0.2088
0.7143, 0.2088
0.7143, 0.2113
0.7143, 0.2113
0.7143, 0.2113
0.7178, 0.2138
0.7178, 0.2138
0.7178, 0.2138
0.7178, 0.2138
0.7178, 0.2138
0.7178, 0.2138
0.7213, 0.2162
0.7213, 0.2162
0.7213, 0.2162
0.7213, 0.2162
0.7213, 0.2187
0.7213, 0.2187
0.7213, 0.2187
0.7213, 0.2211
0.7213, 0.2211
0.7213, 0.2211
0.7213, 0.2211
0.7213, 0.2211
0.7213, 0.2211
0.7213, 0.2211
0.7213, 0.2211
0.7213, 0.2211
0.7247, 0.2236
0.7247, 0.2236
0.7247, 0.2236
0.7247, 0.2260
0.7247, 0.2260
0.7247, 0.2260
0.7247, 0.2260
0.7247, 0.2260
0.7247, 0.2260
0.7282, 0.2260
0.7282, 0.2260
0.7282, 0.2260
0.7282, 0.2260
0.7282, 0.2260
0.7282, 0.2260
0.7282, 0.2285
0.7282, 0.2285
0.7282, 0.2285
0.7282, 0.2285
0.7282, 0.2285
0.7282, 0.2310
0.7282, 0.2310
0.7282, 0.2310
0.7282, 0.2310
0.7282, 0.2310
0.7282, 0.2310
0.7282, 0.2310
0.7282, 0.2310
0.7282, 0.2310
0.7282, 0.2310
0.7282, 0.2334
0.7282, 0.2334
0.7317, 0.2359
0.7317, 0.2359
0.7317, 0.2359
0.7317, 0.2359
0.7317, 0.2359
0.7317, 0.2359
0.7317, 0.2383
0.7317, 0.2383
0.7352, 0.2383
0.7352, 0.2383
0.7352, 0.2408
0.7352, 0.2408
0.7352, 0.2408
0.7352, 0.2408
0.7352, 0.2408
0.7352, 0.2408
0.7352, 0.2432
0.7352, 0.2432
0.7352, 0.2432
0.7387, 0.2432
0.7387, 0.2432
0.7387, 0.2432
0.7387, 0.2432
0.7387, 0.2432
0.7387, 0.2432
0.7387, 0.2457
0.7387, 0.2457
0.7387, 0.2482
0.7387, 0.2482
0.7387, 0.2482
0.7387, 0.2506
0.7387, 0.2506
0.7387, 0.2506
0.7387, 0.2506
0.7387, 0.2506
0.7387, 0.2506
0.7422, 0.2506
0.7422, 0.2506
0.7422, 0.2506
0.7422, 0.2531
0.7422, 0.2531
0.7422, 0.2531
0.7422, 0.2555
0.7422, 0.2555
0.7422, 0.2555
0.7456, 0.2555
0.7456, 0.2555
0.7456, 0.2555
0.7456, 0.2555
0.7456, 0.2555
0.7456, 0.2555
0.7456, 0.2580
0.7456, 0.2580
0.7456, 0.2580
0.7456, 0.2604
0.7456, 0.2604
0.7456, 0.2629
0.7456, 0.2629
0.7456, 0.2629
0.7491, 0.2629
0.7491, 0.2629
0.7491, 0.2629
0.7491, 0.2629
0.7526, 0.2654
0.7526, 0.2654
0.7526, 0.2654
0.7526, 0.2678
0.7526, 0.2678
0.7526, 0.2678
0.7561, 0.2678
0.7561, 0.2678
0.7561, 0.2703
0.7561, 0.2703
0.7561, 0.2703
0.7596, 0.2727
0.7596, 0.2727
0.7596, 0.2727
0.7596, 0.2752
0.7596, 0.2752
0.7596, 0.2752
0.7631, 0.2752
0.7631, 0.2752
0.7631, 0.2752
0.7631, 0.2776
0.7631, 0.2776
0.7631, 0.2801
0.7631, 0.2801
0.7631, 0.2801
0.7631, 0.2801
0.7631, 0.2801
0.7631, 0.2801
0.7666, 0.2826
0.7666, 0.2826
0.7666, 0.2826
0.7700, 0.2850
0.7700, 0.2850
0.7700, 0.2850
0.7700, 0.2850
0.7700, 0.2850
0.7700, 0.2850
0.7735, 0.2875
0.7735, 0.2875
0.7735, 0.2875
0.7735, 0.2875
0.7735, 0.2875
0.7735, 0.2875
0.7735, 0.2899
0.7735, 0.2899
0.7735, 0.2899
0.7735, 0.2924
0.7735, 0.2924
0.7735, 0.2924
0.7770, 0.2924
0.7770, 0.2924
0.7770, 0.2924
0.7770, 0.2948
0.7770, 0.2948
0.7770, 0.2948
0.7805, 0.2973
0.7805, 0.2973
0.7805, 0.2973
0.7805, 0.2998
0.7805, 0.2998
0.7805, 0.2998
0.7805, 0.2998
0.7805, 0.2998
0.7805, 0.2998
0.7805, 0.2998
0.7805, 0.2998
0.7840, 0.3022
0.7840, 0.3022
0.7840, 0.3047
0.7840, 0.3047
0.7840, 0.3047
0.7875, 0.3047
0.7875, 0.3047
0.7875, 0.3047
0.7875, 0.3047
0.7875, 0.3047
0.7909, 0.3071
0.7909, 0.3071
0.7909, 0.3071
0.7909, 0.3096
0.7909, 0.3096
0.7909, 0.3096
0.7909, 0.3096
0.7909, 0.3096
0.7909, 0.3096
0.7944, 0.3096
0.7944, 0.3096
0.7944, 0.3096
0.7944, 0.3120
0.7944, 0.3120
0.7944, 0.3120
0.7979, 0.3145
0.7979, 0.3145
0.7979, 0.3170
0.7979, 0.3170
0.8014, 0.3170
0.8014, 0.3170
0.8014, 0.3170
0.8049, 0.3194
0.8049, 0.3219
0.8049, 0.3219
0.8049, 0.3219
0.8049, 0.3219
0.8049, 0.3219
0.8084, 0.3219
0.8084, 0.3219
0.8084, 0.3219
0.8084, 0.3243
0.8084, 0.3243
0.8084, 0.3243
0.8084, 0.3243
0.8084, 0.3243
0.8084, 0.3243
0.8118, 0.3268
0.8118, 0.3268
0.8118, 0.3268
0.8118, 0.3268
0.8118, 0.3268
0.8118, 0.3268
0.8153, 0.3292
0.8153, 0.3292
0.8153, 0.3292
0.8153, 0.3292
0.8153, 0.3292
0.8153, 0.3292
0.8153, 0.3292
0.8153, 0.3292
0.8153, 0.3292
0.8153, 0.3292
0.8153, 0.3292
0.8153, 0.3292
0.8153, 0.3292
0.8153, 0.3292
0.8153, 0.3292
0.8153, 0.3292
0.8153, 0.3292
0.8153, 0.3292
0.8153, 0.3292
0.8153, 0.3292
0.8153, 0.3292
0.8188, 0.3317
0.8188, 0.3317
0.8188, 0.3317
0.8188, 0.3317
0.8188, 0.3317
0.8223, 0.3342
0.8223, 0.3342
0.8223, 0.3342
0.8223, 0.3342
0.8223, 0.3342
0.8223, 0.3342
0.8223, 0.3342
0.8258, 0.3342
0.8258, 0.3342
0.8258, 0.3342
0.8258, 0.3342
0.8258, 0.3342
0.8258, 0.3342
0.8293, 0.3342
0.8293, 0.3342
0.8293, 0.3342
0.8293, 0.3366
0.8293, 0.3366
0.8328, 0.3366
0.8328, 0.3366
0.8328, 0.3366
0.8328, 0.3391
0.8328, 0.3391
0.8328, 0.3391
0.8328, 0.3391
0.8328, 0.3391
0.8328, 0.3391
0.8397, 0.3415
0.8397, 0.3415
0.8397, 0.3415
0.8432, 0.3415
0.8432, 0.3415
0.8432, 0.3415
0.8432, 0.3415
0.8432, 0.3415
0.8467, 0.3415
0.8467, 0.3415
0.8467, 0.3415
0.8467, 0.3415
0.8467, 0.3415
0.8467, 0.3415
0.8502, 0.3415
0.8502, 0.3415
0.8502, 0.3415
0.8502, 0.3440
0.8502, 0.3440
0.8502, 0.3440
0.8502, 0.3440
0.8502, 0.3440
0.8537, 0.3440
0.8537, 0.3440
0.8537, 0.3440
0.8537, 0.3464
0.8537, 0.3464
0.8537, 0.3464
0.8571, 0.3464
0.8571, 0.3464
0.8606, 0.3464
0.8606, 0.3464
0.8606, 0.3464
0.8606, 0.3464
0.8676, 0.3464
0.8676, 0.3464
0.8676, 0.3464
0.8676, 0.3489
0.8676, 0.3489
0.8711, 0.3489
0.8711, 0.3489
0.8711, 0.3489
0.8746, 0.3514
0.8746, 0.3514
0.8746, 0.3514
0.8780, 0.3514
0.8780, 0.3514
0.8780, 0.3514
0.8780, 0.3514
0.8780, 0.3514
0.8780, 0.3514
0.8780, 0.3514
0.8780, 0.3514
0.8780, 0.3514
0.8815, 0.3538
0.8815, 0.3538
0.8815, 0.3538
0.8815, 0.3538
0.8815, 0.3538
0.8815, 0.3538
0.8850, 0.3538
0.8850, 0.3538
0.8850, 0.3538
0.8850, 0.3538
0.8850, 0.3538
0.8850, 0.3538
0.8850, 0.3538
0.8850, 0.3538
0.8850, 0.3538
0.8850, 0.3538
0.8850, 0.3538
0.8885, 0.3538
0.8885, 0.3538
0.8885, 0.3538
0.8885, 0.3538
0.8885, 0.3538
0.8885, 0.3538
0.8920, 0.3538
0.8920, 0.3538
0.8920, 0.3538
0.8920, 0.3538
0.8920, 0.3538
0.8920, 0.3538
0.8955, 0.3538
0.8955, 0.3538
0.8955, 0.3538
0.8955, 0.3538
0.8955, 0.3538
0.8990, 0.3538
0.8990, 0.3538
0.8990, 0.3538
0.9024, 0.3538
0.9024, 0.3538
0.9024, 0.3538
0.9024, 0.3538
0.9024, 0.3538
0.9024, 0.3538
0.9059, 0.3538
0.9059, 0.3538
0.9094, 0.3538
0.9094, 0.3538
0.9094, 0.3538
0.9129, 0.3538
0.9129, 0.3538
0.9129, 0.3538
0.9129, 0.3538
0.9129, 0.3538
0.9129, 0.3538
0.9129, 0.3538
0.9129, 0.3538
0.9129, 0.3538
0.9164, 0.3538
0.9164, 0.3538
0.9199, 0.3538
0.9199, 0.3538
0.9199, 0.3538
0.9199, 0.3538
0.9199, 0.3538
0.9199, 0.3538
0.9233, 0.3538
0.9233, 0.3538
0.9233, 0.3538
0.9268, 0.3538
0.9268, 0.3538
0.9303, 0.3538
0.9303, 0.3538
0.9303, 0.3538
0.9373, 0.3538
0.9373, 0.3538
0.9443, 0.3514
0.9443, 0.3514
0.9443, 0.3514
0.9443, 0.3514
0.9512, 0.3489
0.9512, 0.3489
0.9512, 0.3489
0.9547, 0.3489
0.9547, 0.3489
0.9547, 0.3489
0.9547, 0.3489
0.9547, 0.3489
0.9547, 0.3489
0.9547, 0.3489
0.9547, 0.3489
0.9547, 0.3489
0.9582, 0.3489
0.9582, 0.3489
0.9617, 0.3489
0.9617, 0.3489
0.9617, 0.3489
0.9617, 0.3464
0.9617, 0.3464
0.9652, 0.3464
0.9652, 0.3464
0.9652, 0.3464
0.9652, 0.3464
0.9652, 0.3464
0.9652, 0.3464
0.9652, 0.3440
0.9652, 0.3440
0.9652, 0.3440
0.9686, 0.3415
0.9686, 0.3415
0.9686, 0.3415
0.9686, 0.3415
0.9686, 0.3415
0.9721, 0.3415
0.9721, 0.3415
0.9721, 0.3415
0.9721, 0.3391
0.9721, 0.3391
0.9721, 0.3391
0.9756, 0.3366
0.9756, 0.3366
0.9791, 0.3366
0.9791, 0.3366
0.9791, 0.3366
0.9826, 0.3317
0.9826, 0.3317
0.9826, 0.3317
0.9826, 0.3292
0.9826, 0.3292
0.9861, 0.3292
0.9895, 0.3268
0.9895, 0.3268
0.9895, 0.3268
0.9895, 0.3243
0.9895, 0.3243
0.9895, 0.3219
0.9895, 0.3219
0.9895, 0.3219
0.9930, 0.3219
0.9930, 0.3219
0.9930, 0.3219
0.9965, 0.3194
0.9965, 0.3194
0.9965, 0.3170
0.9965, 0.3170
0.9965, 0.3170
1.0000, 0.3170
1.0000, 0.3170
1.0000, 0.3120
1.0000, 0.3120
1.0000, 0.3120
1.0000, 0.3096
1.0000, 0.3096
1.0000, 0.3096
1.0000, 0.3096
1.0000, 0.3096
1.0000, 0.3096
1.0000, 0.3096
1.0000, 0.3096
1.0000, 0.3071
1.0000, 0.3071
1.0000, 0.3047
1.0000, 0.3047
1.0000, 0.3047
1.0000, 0.3047
1.0000, 0.3047
1.0000, 0.3022
1.0000, 0.3022
1.0000, 0.3022
1.0000, 0.3022
1.0000, 0.2998
1.0000, 0.2998
1.0000, 0.2973
1.0000, 0.2973
1.0000, 0.2973
1.0000, 0.2973
1.0000, 0.2973
1.0000, 0.2973
1.0000, 0.2973
1.0000, 0.2973
1.0000, 0.2948
1.0000, 0.2948
1.0000, 0.2924
1.0000, 0.2924
1.0000, 0.2924
1.0000, 0.2924
1.0000, 0.2924
1.0000, 0.2899
1.0000, 0.2899
1.0000, 0.2875
1.0000, 0.2875
1.0000, 0.2850
1.0000, 0.2850
1.0000, 0.2850
1.0000, 0.2850
1.0000, 0.2850
1.0000, 0.2850
1.0000, 0.2850
1.0000, 0.2826
1.0000, 0.2826
1.0000, 0.2826
1.0000, 0.2826
1.0000, 0.2801
1.0000, 0.2801
1.0000, 0.2801
1.0000, 0.2801
1.0000, 0.2801
1.0000, 0.2801
1.0000, 0.2801
1.0000, 0.2801
1.0000, 0.2801
1.0000, 0.2776
1.0000, 0.2776
1.0000, 0.2776
1.0000, 0.2752
1.0000, 0.2752
0.9965, 0.2727
0.9965, 0.2727
0.9965, 0.2727
0.9965, 0.2727
0.9965, 0.2727
0.9930, 0.2727
0.9930, 0.2727
0.9930, 0.2727
0.9930, 0.2727
0.9930, 0.2703
0.9930, 0.2703
0.9930, 0.2703
0.9930, 0.2703
0.9930, 0.2678
0.9930, 0.2678
0.9930, 0.2678
0.9930, 0.2678
0.9895, 0.2678
0.9895, 0.2678
0.9895, 0.2678
0.9895, 0.2678
0.9895, 0.2678
0.9861, 0.2678
0.9861, 0.2678
0.9861, 0.2654
0.9861, 0.2654
0.9861, 0.2654
0.9861, 0.2654
0.9861, 0.2654
0.9861, 0.2654
0.9861, 0.2654
0.9861, 0.2629
0.9861, 0.2629
0.9826, 0.2629
0.9826, 0.2629
0.9826, 0.2629
0.9826, 0.2629
0.9826, 0.2629
0.9791, 0.2604
0.9791, 0.2604
0.9791, 0.2604
0.9756, 0.2604
0.9756, 0.2604
0.9756, 0.2604
0.9756, 0.2604
0.9756, 0.2604
0.9756, 0.2604
0.9721, 0.2604
0.9721, 0.2604
0.9721, 0.2604
0.9721, 0.2580
0.9721, 0.2580
0.9686, 0.2580
0.9686, 0.2580
0.9686, 0.2555
0.9686, 0.2555
0.9652, 0.2555
0.9652, 0.2555
0.9652, 0.2555
0.9652, 0.2555
0.9652, 0.2555
0.9617, 0.2555
0.9617, 0.2555
0.9582, 0.2555
0.9582, 0.2555
0.9582, 0.2555
0.9582, 0.2555
0.9582, 0.2531
0.9582, 0.2531
0.9547, 0.2531
0.9547, 0.2531
0.9547, 0.2531
0.9547, 0.2531
0.9547, 0.2531
0.9512, 0.2531
0.9512, 0.2531
0.9512, 0.2506
0.9512, 0.2506
0.9512, 0.2506
0.9512, 0.2506
0.9512, 0.2506
0.9443, 0.2506
0.9443, 0.2506
0.9443, 0.2506
0.9443, 0.2506
0.9443, 0.2506
0.9408, 0.2506
0.9408, 0.2506
0.9408, 0.2506
0.9408, 0.2506
0.9408, 0.2506
0.9408, 0.2506
0.9408, 0.2482
0.9408, 0.2482
0.9408, 0.2482
0.9373, 0.2482
0.9373, 0.2482
0.9338, 0.2482
0.9338, 0.2482
0.9338, 0.2482
0.9338, 0.2482
0.9338, 0.2457
0.9338, 0.2457
0.9303, 0.2457
0.9303, 0.2457
0.9268, 0.2457
0.9268, 0.2457
0.9268, 0.2457
0.9268, 0.2457
0.9268, 0.2457
0.9233, 0.2457
0.9233, 0.2457
0.9233, 0.2432
0.9233, 0.2432
0.9233, 0.2432
0.9233, 0.2432
0.9199, 0.2432
0.9199, 0.2432
0.9199, 0.2432
0.9199, 0.2432
0.9164, 0.2432
0.9164, 0.2432
0.9164, 0.2432
0.9164, 0.2432
0.9164, 0.2432
0.9164, 0.2432
0.9129, 0.2432
0.9129, 0.2432
0.9129, 0.2432
0.9129, 0.2432
0.9094, 0.2432
0.9094, 0.2432
0.9094, 0.2432
0.9094, 0.2432
0.9094, 0.2432
0.9094, 0.2432
0.9094, 0.2432
0.9059, 0.2408
0.9059, 0.2408
0.9024, 0.2408
0.9024, 0.2408
0.8990, 0.2408
0.8990, 0.2408
0.8990, 0.2408
0.8990, 0.2408
0.8990, 0.2408
0.8990, 0.2408
0.8990, 0.2408
0.8955, 0.2408
0.8955, 0.2408
0.8955, 0.2408
0.8955, 0.2408
0.8955, 0.2408
0.8920, 0.2408
0.8920, 0.2408
0.8920, 0.2408
0.8920, 0.2408
0.8920, 0.2408
0.8920, 0.2408
0.8885, 0.2408
0.8885, 0.2408
0.8850, 0.2408
0.8815, 0.2408
0.8815, 0.2408
0.8815, 0.2408
0.8815, 0.2408
0.8780, 0.2408
0.8780, 0.2408
0.8711, 0.2408
0.8711, 0.2408
0.8711, 0.2408
0.8711, 0.2408
0.8711, 0.2408
0.8676, 0.2408
0.8676, 0.2408
0.8641, 0.2408
0.8641, 0.2408
0.8641, 0.2408
0.8641, 0.2408
0.8606, 0.2408
0.8606, 0.2408
0.8571, 0.2408
0.8571, 0.2408
0.8571, 0.2408
0.8537, 0.2408
0.8537, 0.2408
0.8537, 0.2408
0.8537, 0.2408
0.8502, 0.2408
0.8502, 0.2408
0.8467, 0.2408
0.8467, 0.2408
0.8467, 0.2408
0.8467, 0.2408
0.8467, 0.2408
0.8467, 0.2408
0.8467, 0.2408
0.8467, 0.2408
0.8467, 0.2408
0.8467, 0.2408
0.8467, 0.2408
0.8467, 0.2408
0.8432, 0.2408
0.8432, 0.2408
0.8432, 0.2408
0.8432, 0.2408
0.8432, 0.2408
0.8432, 0.2408
0.8432, 0.2408
0.8432, 0.2408
0.8432, 0.2408
0.8432, 0.2408
0.8432, 0.2408
0.8432, 0.2408
0.8397, 0.2408
0.8397, 0.2408
0.8397, 0.2408
0.8397, 0.2408
0.8397, 0.2408
0.8397, 0.2408
0.8397, 0.2408
0.8397, 0.2408
0.8397, 0.2408
0.8397, 0.2408
0.8397, 0.2408
0.8397, 0.2408
0.8397, 0.2408
0.8397, 0.2408
0.8397, 0.2408
0.8397, 0.2408
0.8397, 0.2408
0.8397, 0.2408
0.8397, 0.2408
0.8397, 0.2408
0.8397, 0.2408
0.8397, 0.2408
0.8397, 0.2408
0.8397, 0.2408
0.8362, 0.2408
0.8362, 0.2408
0.8328, 0.2408
0.8328, 0.2408
0.8328, 0.2408
0.8293, 0.2408
0.8293, 0.2408
0.8293, 0.2408
0.8293, 0.2408
0.8293, 0.2408
0.8293, 0.2408
0.8293, 0.2408
0.8293, 0.2408
0.8293, 0.2408
0.8258, 0.2408
0.8258, 0.2408
0.8258, 0.2408
0.8258, 0.2408
0.8258, 0.2408
0.8258, 0.2408
0.8258, 0.2408
0.8258, 0.2408
0.8258, 0.2408
0.8258, 0.2408
0.8258, 0.2408
0.8258, 0.2408
0.8258, 0.2408
0.8258, 0.2408
0.8258, 0.2408
0.8258, 0.2408
0.8258, 0.2408
0.8258, 0.2408
0.8258, 0.2408
0.8258, 0.2408
0.8258, 0.2408
0.8258, 0.2408
0.8258, 0.2408
0.8258, 0.2408
0.8258, 0.2408
0.8258, 0.2408
0.8258, 0.2408
0.8258, 0.2408
0.8258, 0.2408
0.8258, 0.2408
0.8258, 0.2408
0.8258, 0.2408
0.8258, 0.2408
0.8258, 0.2408
0.8258, 0.2408
0.8258, 0.2408
0.8258, 0.2408
0.0000, 1.0000
0.0000, 1.0000
0.0000, 1.0000
0.0000, 1.0000
0.0000, 1.0000
0.0000, 1.0000
0.0000, 1.0000
0.0000, 1.0000
0.0000, 1.0000
0.0000, 1.0000
0.0000, 1.0000
0.0000, 1.0000
0.0000, 1.0000
0.0000, 1.0000
0.0000, 1.0000
0.0000, 1.0000
0.0000, 1.0000
0.0000, 1.0000
0.0000, 1.0000
0.0000, 1.0000
0.0000, 1.0000
0.0000, 1.0000
0.0000, 1.0000
0.0000, 1.0000
0.0000, 1.0000
0.0000, 1.0000
0.0000, 1.0000
0.0000, 1.0000
0.0000, 1.0000
0.0000, 1.0000
0.0000, 1.0000
0.0000, 1.0000
0.0000, 1.0000
0.0000, 1.0000
0.0000, 1.0000
0.0000, 1.0000
0.0000, 1.0000
0.0000, 1.0000
0.0000, 1.0000
0.0000, 1.0000
0.0000, 1.0000
0.0000, 1.0000
0.0000, 1.0000
0.0000, 1.0000
0.0000, 1.0000
0.0000, 1.0000
0.0000, 1.0000
0.0000, 1.0000
0.0000, 1.0000
0.0000, 1.0000
0.0000, 1.0000
0.0000, 1.0000
0.0000, 1.0000
0.0000, 1.0000
0.0000, 1.0000
