0.2082, 0.2240
0.2082, 0.2240
0.2082, 0.2240
0.2082, 0.2240
0.2082, 0.2240
0.2082, 0.2240
0.2082, 0.2240
0.2082, 0.2240
0.2082, 0.2240
0.2082, 0.2240
0.2082, 0.2240
0.2082, 0.2240
0.2082, 0.2240
0.2082, 0.2240
0.2082, 0.2240
0.2082, 0.2240
0.2082, 0.2240
0.2082, 0.2240
0.2082, 0.2240
0.2082, 0.2240
0.2082, 0.2240
0.2082, 0.2240
0.2082, 0.2240
0.2082, 0.2240
0.2082, 0.2240
0.2082, 0.2240
0.2082, 0.2240
0.2082, 0.2240
0.2082, 0.2240
0.2082, 0.2240
0.2082, 0.2240
0.2082, 0.2240
0.2082, 0.2240
0.2082, 0.2240
0.2082, 0.2240
0.2082, 0.2240
0.2082, 0.2240
0.2082, 0.2240
0.2082, 0.2240
0.2082, 0.2240
0.2082, 0.2240
0.2082, 0.2240
0.2082, 0.2240
0.2082, 0.2240
0.2082, 0.2240
0.2082, 0.2240
0.2082, 0.2240
0.2082, 0.2240
0.2082, 0.2240
0.2082, 0.2240
0.2082, 0.2240
0.2082, 0.2240
0.2082, 0.2240
0.2082, 0.2240
0.2116, 0.2240
0.2116, 0.2240
0.2116, 0.2240
0.2116, 0.2240
0.2150, 0.2240
0.2150, 0.2240
0.2150, 0.2240
0.2150, 0.2240
0.2184, 0.2240
0.2184, 0.2240
0.2184, 0.2240
0.2184, 0.2240
0.2253, 0.2240
0.2253, 0.2240
0.2253, 0.2240
0.2253, 0.2240
0.2287, 0.2240
0.2287, 0.2240
0.2287, 0.2240
0.2287, 0.2240
0.2355, 0.2240
0.2355, 0.2240
0.2355, 0.2240
0.2355, 0.2240
0.2355, 0.2240
0.2389, 0.2240
0.2389, 0.2240
0.2389, 0.2240
0.2389, 0.2240
0.2389, 0.2240
0.2389, 0.2240
0.2389, 0.2240
0.2389, 0.2240
0.2423, 0.2240
0.2423, 0.2240
0.2423, 0.2240
0.2423, 0.2240
0.2457, 0.2240
0.2457, 0.2240
0.2457, 0.2240
0.2457, 0.2240
0.2491, 0.2240
0.2491, 0.2240
0.2491, 0.2240
0.2491, 0.2240
0.2491, 0.2240
0.2491, 0.2240
0.2491, 0.2240
0.2491, 0.2240
0.2491, 0.2240
0.2491, 0.2240
0.2491, 0.2240
0.2491, 0.2240
0.2491, 0.2240
0.2491, 0.2240
0.2491, 0.2240
0.2491, 0.2240
0.2491, 0.2240
0.2526, 0.2240
0.2526, 0.2240
0.2526, 0.2240
0.2560, 0.2240
0.2560, 0.2240
0.2560, 0.2240
0.2560, 0.2240
0.2560, 0.2240
0.2560, 0.2240
0.2560, 0.2240
0.2560, 0.2240
0.2560, 0.2240
0.2594, 0.2240
0.2594, 0.2240
0.2594, 0.2240
0.2594, 0.2240
0.2628, 0.2240
0.2628, 0.2240
0.2628, 0.2240
0.2628, 0.2240
0.2662, 0.2240
0.2662, 0.2240
0.2662, 0.2240
0.2662, 0.2240
0.2662, 0.2240
0.2662, 0.2240
0.2662, 0.2240
0.2662, 0.2240
0.2696, 0.2240
0.2696, 0.2240
0.2696, 0.2240
0.2730, 0.2240
0.2730, 0.2240
0.2730, 0.2240
0.2730, 0.2240
0.2730, 0.2240
0.2730, 0.2240
0.2730, 0.2240
0.2730, 0.2240
0.2730, 0.2240
0.2765, 0.2240
0.2765, 0.2240
0.2765, 0.2240
0.2765, 0.2240
0.2765, 0.2240
0.2765, 0.2240
0.2765, 0.2240
0.2765, 0.2240
0.2799, 0.2240
0.2799, 0.2240
0.2799, 0.2240
0.2799, 0.2240
0.2833, 0.2240
0.2833, 0.2240
0.2833, 0.2240
0.2833, 0.2240
0.2833, 0.2240
0.2833, 0.2240
0.2833, 0.2240
0.2833, 0.2240
0.2833, 0.2240
0.2833, 0.2240
0.2833, 0.2240
0.2833, 0.2240
0.2867, 0.2240
0.2867, 0.2240
0.2867, 0.2240
0.2867, 0.2240
0.2901, 0.2240
0.2901, 0.2240
0.2901, 0.2240
0.2901, 0.2240
0.2901, 0.2240
0.2901, 0.2240
0.2901, 0.2240
0.2901, 0.2240
0.2901, 0.2240
0.2935, 0.2240
0.2935, 0.2240
0.2935, 0.2240
0.2969, 0.2240
0.2969, 0.2240
0.2969, 0.2240
0.2969, 0.2240
0.2969, 0.2240
0.2969, 0.2240
0.2969, 0.2240
0.2969, 0.2240
0.2969, 0.2240
0.2969, 0.2240
0.2969, 0.2240
0.2969, 0.2240
0.2969, 0.2240
0.3003, 0.2240
0.3003, 0.2240
0.3003, 0.2240
0.3003, 0.2240
0.3038, 0.2240
0.3038, 0.2240
0.3038, 0.2240
0.3038, 0.2240
0.3038, 0.2240
0.3038, 0.2240
0.3038, 0.2240
0.3038, 0.2240
0.3038, 0.2240
0.3072, 0.2240
0.3072, 0.2240
0.3072, 0.2240
0.3072, 0.2240
0.3072, 0.2240
0.3072, 0.2240
0.3072, 0.2240
0.3072, 0.2240
0.3072, 0.2240
0.3072, 0.2240
0.3072, 0.2240
0.3072, 0.2240
0.3072, 0.2240
0.3072, 0.2240
0.3072, 0.2240
0.3072, 0.2240
0.3072, 0.2240
0.3106, 0.2240
0.3106, 0.2240
0.3106, 0.2240
0.3106, 0.2240
0.3106, 0.2240
0.3106, 0.2240
0.3106, 0.2240
0.3106, 0.2240
0.3106, 0.2240
0.3140, 0.2240
0.3140, 0.2240
0.3140, 0.2240
0.3140, 0.2240
0.3140, 0.2240
0.3140, 0.2240
0.3140, 0.2240
0.3140, 0.2240
0.3140, 0.2240
0.3140, 0.2240
0.3140, 0.2240
0.3140, 0.2240
0.3174, 0.2240
0.3174, 0.2240
0.3174, 0.2240
0.3174, 0.2240
0.3208, 0.2240
0.3208, 0.2240
0.3208, 0.2240
0.3208, 0.2240
0.3242, 0.2240
0.3242, 0.2240
0.3242, 0.2240
0.3242, 0.2240
0.3242, 0.2240
0.3242, 0.2240
0.3242, 0.2240
0.3242, 0.2240
0.3242, 0.2240
0.3242, 0.2240
0.3242, 0.2240
0.3242, 0.2240
0.3242, 0.2240
0.3242, 0.2240
0.3242, 0.2240
0.3242, 0.2240
0.3242, 0.2240
0.3242, 0.2240
0.3276, 0.2240
0.3276, 0.2240
0.3276, 0.2240
0.3276, 0.2240
0.3276, 0.2240
0.3276, 0.2240
0.3276, 0.2240
0.3276, 0.2240
0.3311, 0.2240
0.3311, 0.2240
0.3311, 0.2240
0.3311, 0.2240
0.3311, 0.2240
0.3311, 0.2240
0.3311, 0.2240
0.3311, 0.2240
0.3311, 0.2240
0.3311, 0.2240
0.3311, 0.2240
0.3311, 0.2240
0.3311, 0.2240
0.3311, 0.2240
0.3311, 0.2240
0.3345, 0.2240
0.3345, 0.2240
0.3345, 0.2240
0.3345, 0.2240
0.3345, 0.2240
0.3345, 0.2240
0.3345, 0.2240
0.3345, 0.2240
0.3379, 0.2240
0.3379, 0.2240
0.3379, 0.2240
0.3379, 0.2240
0.3413, 0.2240
0.3413, 0.2240
0.3413, 0.2240
0.3413, 0.2240
0.3413, 0.2240
0.3413, 0.2240
0.3413, 0.2240
0.3413, 0.2240
0.3413, 0.2240
0.3413, 0.2240
0.3413, 0.2240
0.3413, 0.2240
0.3447, 0.2240
0.3447, 0.2240
0.3447, 0.2240
0.3447, 0.2240
0.3447, 0.2240
0.3447, 0.2240
0.3447, 0.2240
0.3447, 0.2240
0.3481, 0.2240
0.3481, 0.2240
0.3481, 0.2240
0.3481, 0.2240
0.3481, 0.2240
0.3481, 0.2240
0.3481, 0.2240
0.3481, 0.2240
0.3481, 0.2240
0.3481, 0.2240
0.3481, 0.2240
0.3481, 0.2240
0.3481, 0.2240
0.3481, 0.2240
0.3481, 0.2240
0.3481, 0.2240
0.3481, 0.2240
0.3515, 0.2240
0.3515, 0.2240
0.3515, 0.2240
0.3515, 0.2240
0.3515, 0.2240
0.3515, 0.2240
0.3515, 0.2240
0.3515, 0.2240
0.3515, 0.2240
0.3515, 0.2240
0.3515, 0.2240
0.3515, 0.2240
0.3515, 0.2240
0.3515, 0.2240
0.3515, 0.2240
0.3515, 0.2240
0.3515, 0.2240
0.3515, 0.2240
0.3515, 0.2240
0.3515, 0.2240
0.3515, 0.2240
0.3515, 0.2214
0.3515, 0.2214
0.3515, 0.2214
0.3515, 0.2214
0.3515, 0.2214
0.3515, 0.2214
0.3515, 0.2214
0.3515, 0.2214
0.3549, 0.2214
0.3549, 0.2214
0.3549, 0.2214
0.3549, 0.2214
0.3549, 0.2214
0.3549, 0.2214
0.3549, 0.2214
0.3549, 0.2214
0.3549, 0.2214
0.3549, 0.2214
0.3549, 0.2214
0.3549, 0.2214
0.3584, 0.2188
0.3584, 0.2188
0.3584, 0.2188
0.3584, 0.2188
0.3584, 0.2188
0.3584, 0.2188
0.3584, 0.2188
0.3584, 0.2188
0.3584, 0.2161
0.3584, 0.2161
0.3584, 0.2161
0.3584, 0.2161
0.3584, 0.2161
0.3584, 0.2161
0.3584, 0.2161
0.3584, 0.2161
0.3584, 0.2135
0.3584, 0.2135
0.3584, 0.2135
0.3584, 0.2135
0.3584, 0.2135
0.3584, 0.2135
0.3584, 0.2135
0.3584, 0.2135
0.3584, 0.2135
0.3584, 0.2135
0.3584, 0.2135
0.3584, 0.2135
0.3584, 0.2109
0.3584, 0.2109
0.3584, 0.2109
0.3618, 0.2109
0.3618, 0.2109
0.3618, 0.2109
0.3618, 0.2109
0.3618, 0.2083
0.3618, 0.2083
0.3618, 0.2083
0.3618, 0.2083
0.3618, 0.2083
0.3618, 0.2083
0.3618, 0.2083
0.3618, 0.2083
0.3618, 0.2057
0.3618, 0.2057
0.3618, 0.2057
0.3652, 0.2057
0.3652, 0.2057
0.3652, 0.2057
0.3652, 0.2057
0.3652, 0.2031
0.3652, 0.2031
0.3652, 0.2031
0.3652, 0.2031
0.3652, 0.2005
0.3652, 0.2005
0.3652, 0.2005
0.3652, 0.2005
0.3652, 0.2005
0.3652, 0.2005
0.3652, 0.2005
0.3652, 0.2005
0.3652, 0.2005
0.3652, 0.2005
0.3652, 0.2005
0.3652, 0.1979
0.3652, 0.1979
0.3652, 0.1979
0.3652, 0.1979
0.3652, 0.1953
0.3652, 0.1953
0.3652, 0.1953
0.3652, 0.1953
0.3652, 0.1953
0.3652, 0.1953
0.3652, 0.1953
0.3652, 0.1953
0.3652, 0.1953
0.3652, 0.1953
0.3652, 0.1953
0.3652, 0.1953
0.3652, 0.1927
0.3652, 0.1927
0.3652, 0.1927
0.3652, 0.1927
0.3652, 0.1927
0.3652, 0.1927
0.3652, 0.1927
0.3652, 0.1927
0.3652, 0.1901
0.3652, 0.1901
0.3652, 0.1901
0.3652, 0.1901
0.3652, 0.1875
0.3652, 0.1875
0.3652, 0.1875
0.3652, 0.1875
0.3652, 0.1875
0.3652, 0.1875
0.3652, 0.1875
0.3652, 0.1875
0.3652, 0.1849
0.3652, 0.1849
0.3652, 0.1849
0.3652, 0.1849
0.3652, 0.1849
0.3652, 0.1849
0.3652, 0.1849
0.3652, 0.1823
0.3652, 0.1823
0.3652, 0.1823
0.3652, 0.1823
0.3652, 0.1823
0.3652, 0.1823
0.3652, 0.1823
0.3652, 0.1823
0.3652, 0.1797
0.3652, 0.1797
0.3652, 0.1797
0.3652, 0.1797
0.3652, 0.1797
0.3652, 0.1797
0.3652, 0.1797
0.3652, 0.1797
0.3652, 0.1771
0.3652, 0.1771
0.3652, 0.1771
0.3652, 0.1771
0.3652, 0.1771
0.3652, 0.1771
0.3652, 0.1771
0.3652, 0.1771
0.3652, 0.1745
0.3652, 0.1745
0.3652, 0.1745
0.3652, 0.1719
0.3652, 0.1719
0.3652, 0.1719
0.3652, 0.1719
0.3652, 0.1693
0.3652, 0.1693
0.3652, 0.1693
0.3652, 0.1693
0.3652, 0.1693
0.3652, 0.1693
0.3652, 0.1693
0.3652, 0.1667
0.3652, 0.1667
0.3652, 0.1667
0.3652, 0.1667
0.3652, 0.1641
0.3652, 0.1641
0.3652, 0.1641
0.3618, 0.1641
0.3618, 0.1641
0.3618, 0.1641
0.3618, 0.1641
0.3618, 0.1615
0.3618, 0.1615
0.3618, 0.1615
0.3618, 0.1589
0.3618, 0.1589
0.3618, 0.1589
0.3618, 0.1589
0.3618, 0.1589
0.3618, 0.1589
0.3618, 0.1589
0.3618, 0.1589
0.3618, 0.1563
0.3618, 0.1563
0.3618, 0.1563
0.3618, 0.1563
0.3618, 0.1563
0.3618, 0.1563
0.3618, 0.1563
0.3618, 0.1563
0.3618, 0.1536
0.3618, 0.1536
0.3618, 0.1536
0.3618, 0.1536
0.3618, 0.1536
0.3618, 0.1536
0.3618, 0.1536
0.3618, 0.1536
0.3618, 0.1510
0.3618, 0.1510
0.3618, 0.1510
0.3618, 0.1510
0.3618, 0.1510
0.3618, 0.1510
0.3618, 0.1510
0.3584, 0.1484
0.3584, 0.1484
0.3584, 0.1484
0.3584, 0.1484
0.3584, 0.1458
0.3584, 0.1458
0.3584, 0.1458
0.3584, 0.1432
0.3584, 0.1432
0.3584, 0.1432
0.3584, 0.1432
0.3584, 0.1432
0.3584, 0.1432
0.3584, 0.1432
0.3584, 0.1432
0.3584, 0.1432
0.3584, 0.1432
0.3584, 0.1432
0.3584, 0.1432
0.3549, 0.1406
0.3549, 0.1406
0.3549, 0.1406
0.3549, 0.1380
0.3549, 0.1380
0.3549, 0.1380
0.3549, 0.1380
0.3549, 0.1380
0.3549, 0.1380
0.3549, 0.1380
0.3549, 0.1380
0.3549, 0.1380
0.3549, 0.1380
0.3549, 0.1380
0.3549, 0.1380
0.3549, 0.1354
0.3549, 0.1354
0.3549, 0.1354
0.3549, 0.1328
0.3549, 0.1328
0.3549, 0.1328
0.3549, 0.1328
0.3515, 0.1328
0.3515, 0.1328
0.3515, 0.1328
0.3515, 0.1302
0.3515, 0.1302
0.3515, 0.1302
0.3515, 0.1302
0.3515, 0.1302
0.3515, 0.1302
0.3515, 0.1302
0.3515, 0.1302
0.3515, 0.1302
0.3515, 0.1302
0.3515, 0.1302
0.3515, 0.1302
0.3515, 0.1276
0.3515, 0.1276
0.3515, 0.1276
0.3515, 0.1276
0.3515, 0.1276
0.3515, 0.1276
0.3515, 0.1276
0.3515, 0.1250
0.3515, 0.1250
0.3515, 0.1250
0.3515, 0.1250
0.3515, 0.1250
0.3515, 0.1250
0.3515, 0.1250
0.3515, 0.1250
0.3515, 0.1250
0.3515, 0.1250
0.3515, 0.1250
0.3515, 0.1224
0.3515, 0.1224
0.3515, 0.1224
0.3515, 0.1224
0.3515, 0.1224
0.3515, 0.1224
0.3515, 0.1224
0.3481, 0.1198
0.3481, 0.1198
0.3481, 0.1198
0.3481, 0.1198
0.3481, 0.1198
0.3481, 0.1198
0.3481, 0.1198
0.3481, 0.1172
0.3481, 0.1172
0.3481, 0.1172
0.3481, 0.1172
0.3481, 0.1172
0.3481, 0.1172
0.3481, 0.1172
0.3481, 0.1172
0.3447, 0.1146
0.3447, 0.1146
0.3447, 0.1146
0.3447, 0.1146
0.3447, 0.1146
0.3447, 0.1146
0.3447, 0.1120
0.3447, 0.1120
0.3447, 0.1120
0.3447, 0.1120
0.3447, 0.1120
0.3447, 0.1120
0.3447, 0.1120
0.3447, 0.1120
0.3447, 0.1120
0.3447, 0.1120
0.3447, 0.1120
0.3447, 0.1094
0.3447, 0.1094
0.3447, 0.1094
0.3447, 0.1094
0.3447, 0.1094
0.3447, 0.1094
0.3447, 0.1094
0.3447, 0.1094
0.3447, 0.1068
0.3447, 0.1068
0.3447, 0.1068
0.3447, 0.1068
0.3447, 0.1042
0.3447, 0.1042
0.3447, 0.1042
0.3447, 0.1042
0.3447, 0.1042
0.3447, 0.1042
0.3447, 0.1042
0.3447, 0.1042
0.3447, 0.1042
0.3447, 0.1042
0.3447, 0.1042
0.3447, 0.1016
0.3447, 0.1016
0.3447, 0.1016
0.3447, 0.1016
0.3447, 0.1016
0.3447, 0.1016
0.3447, 0.1016
0.3447, 0.0990
0.3447, 0.0990
0.3447, 0.0990
0.3447, 0.0990
0.3447, 0.0990
0.3447, 0.0990
0.3447, 0.0990
0.3447, 0.0990
0.3447, 0.0990
0.3447, 0.0990
0.3447, 0.0990
0.3447, 0.0990
0.3447, 0.0990
0.3447, 0.0990
0.3447, 0.0990
0.3447, 0.0990
0.3447, 0.0990
0.3447, 0.0990
0.3447, 0.0990
0.3447, 0.0964
0.3447, 0.0964
0.3447, 0.0964
0.3447, 0.0964
0.3447, 0.0964
0.3447, 0.0964
0.3447, 0.0964
0.3447, 0.0964
0.3447, 0.0938
0.3447, 0.0938
0.3447, 0.0938
0.3447, 0.0938
0.3447, 0.0938
0.3447, 0.0938
0.3447, 0.0938
0.3447, 0.0938
0.3447, 0.0938
0.3447, 0.0938
0.3447, 0.0938
0.3447, 0.0938
0.3447, 0.0938
0.3447, 0.0938
0.3447, 0.0938
0.3447, 0.0911
0.3447, 0.0911
0.3447, 0.0911
0.3447, 0.0885
0.3447, 0.0885
0.3447, 0.0885
0.3447, 0.0885
0.3447, 0.0885
0.3447, 0.0885
0.3447, 0.0885
0.3447, 0.0859
0.3447, 0.0859
0.3447, 0.0859
0.3447, 0.0859
0.3447, 0.0859
0.3447, 0.0859
0.3447, 0.0859
0.3447, 0.0859
0.3447, 0.0859
0.3447, 0.0859
0.3447, 0.0859
0.3447, 0.0833
0.3447, 0.0833
0.3447, 0.0833
0.3447, 0.0807
0.3447, 0.0807
0.3447, 0.0807
0.3447, 0.0807
0.3447, 0.0807
0.3447, 0.0807
0.3447, 0.0807
0.3447, 0.0807
0.3447, 0.0807
0.3447, 0.0807
0.3447, 0.0807
0.3447, 0.0781
0.3447, 0.0781
0.3447, 0.0781
0.3447, 0.0781
0.3447, 0.0755
0.3447, 0.0755
0.3447, 0.0755
0.3447, 0.0729
0.3447, 0.0729
0.3447, 0.0729
0.3447, 0.0729
0.3447, 0.0729
0.3447, 0.0729
0.3447, 0.0729
0.3447, 0.0729
0.3447, 0.0729
0.3447, 0.0729
0.3447, 0.0729
0.3447, 0.0703
0.3447, 0.0703
0.3447, 0.0703
0.3447, 0.0677
0.3447, 0.0677
0.3447, 0.0677
0.3447, 0.0677
0.3447, 0.0677
0.3447, 0.0677
0.3447, 0.0677
0.3447, 0.0677
0.3447, 0.0677
0.3447, 0.0677
0.3447, 0.0677
0.3447, 0.0677
0.3447, 0.0651
0.3447, 0.0651
0.3447, 0.0651
0.3447, 0.0651
0.3447, 0.0651
0.3447, 0.0651
0.3447, 0.0651
0.3447, 0.0625
0.3447, 0.0625
0.3447, 0.0625
0.3447, 0.0625
0.3447, 0.0625
0.3447, 0.0625
0.3447, 0.0625
0.3447, 0.0599
0.3447, 0.0599
0.3447, 0.0599
0.3447, 0.0599
0.3447, 0.0599
0.3447, 0.0599
0.3447, 0.0599
0.3447, 0.0599
0.3447, 0.0599
0.3447, 0.0599
0.3447, 0.0599
0.3447, 0.0573
0.3447, 0.0573
0.3447, 0.0573
0.3447, 0.0547
0.3447, 0.0547
0.3447, 0.0547
0.3447, 0.0547
0.3447, 0.0547
0.3447, 0.0547
0.3447, 0.0547
0.3447, 0.0547
0.3447, 0.0547
0.3447, 0.0547
0.3447, 0.0547
0.3447, 0.0521
0.3447, 0.0521
0.3447, 0.0521
0.3447, 0.0521
0.3447, 0.0521
0.3447, 0.0521
0.3447, 0.0521
0.3447, 0.0495
0.3447, 0.0495
0.3447, 0.0495
0.3447, 0.0495
0.3447, 0.0495
0.3447, 0.0495
0.3447, 0.0495
0.3447, 0.0469
0.3447, 0.0469
0.3447, 0.0469
0.3447, 0.0469
0.3447, 0.0469
0.3447, 0.0469
0.3447, 0.0469
0.3447, 0.0469
0.3447, 0.0469
0.3447, 0.0469
0.3447, 0.0469
0.3447, 0.0469
0.3447, 0.0469
0.3447, 0.0469
0.3447, 0.0443
0.3447, 0.0443
0.3447, 0.0443
0.3447, 0.0443
0.3447, 0.0443
0.3447, 0.0443
0.3447, 0.0443
0.3447, 0.0417
0.3447, 0.0417
0.3447, 0.0417
0.3447, 0.0417
0.3447, 0.0417
0.3447, 0.0417
0.3447, 0.0417
0.3447, 0.0417
0.3447, 0.0417
0.3447, 0.0417
0.3447, 0.0417
0.3447, 0.0417
0.3447, 0.0417
0.3447, 0.0417
0.3447, 0.0391
0.3447, 0.0391
0.3447, 0.0391
0.3447, 0.0391
0.3447, 0.0391
0.3447, 0.0391
0.3447, 0.0391
0.3447, 0.0365
0.3447, 0.0365
0.3447, 0.0365
0.3447, 0.0365
0.3447, 0.0365
0.3447, 0.0365
0.3447, 0.0365
0.3447, 0.0365
0.3447, 0.0339
0.3447, 0.0339
0.3447, 0.0339
0.3447, 0.0339
0.3447, 0.0339
0.3447, 0.0339
0.3447, 0.0339
0.3447, 0.0339
0.3447, 0.0339
0.3447, 0.0339
0.3447, 0.0339
0.3447, 0.0339
0.3447, 0.0339
0.3447, 0.0339
0.3447, 0.0339
0.3447, 0.0339
0.3447, 0.0339
0.3447, 0.0339
0.3481, 0.0312
0.3481, 0.0312
0.3481, 0.0312
0.3481, 0.0312
0.3481, 0.0312
0.3481, 0.0312
0.3481, 0.0312
0.3481, 0.0286
0.3481, 0.0286
0.3481, 0.0286
0.3481, 0.0286
0.3481, 0.0286
0.3481, 0.0286
0.3481, 0.0286
0.3481, 0.0286
0.3481, 0.0286
0.3481, 0.0286
0.3481, 0.0260
0.3481, 0.0260
0.3481, 0.0260
0.3481, 0.0260
0.3481, 0.0260
0.3481, 0.0260
0.3515, 0.0234
0.3515, 0.0234
0.3515, 0.0234
0.3515, 0.0234
0.3515, 0.0234
0.3515, 0.0234
0.3515, 0.0234
0.3515, 0.0208
0.3515, 0.0208
0.3515, 0.0208
0.3515, 0.0208
0.3549, 0.0208
0.3549, 0.0208
0.3549, 0.0208
0.3584, 0.0182
0.3584, 0.0182
0.3584, 0.0182
0.3584, 0.0156
0.3584, 0.0156
0.3584, 0.0156
0.3584, 0.0156
0.3584, 0.0156
0.3584, 0.0156
0.3584, 0.0156
0.3618, 0.0156
0.3618, 0.0156
0.3618, 0.0156
0.3652, 0.0130
0.3652, 0.0130
0.3652, 0.0130
0.3652, 0.0130
0.3652, 0.0130
0.3652, 0.0130
0.3652, 0.0104
0.3652, 0.0104
0.3686, 0.0104
0.3686, 0.0104
0.3720, 0.0104
0.3720, 0.0104
0.3720, 0.0104
0.3720, 0.0104
0.3754, 0.0078
0.3788, 0.0052
0.3788, 0.0052
0.3788, 0.0052
0.3823, 0.0052
0.3823, 0.0052
0.3823, 0.0052
0.3823, 0.0052
0.3823, 0.0052
0.3823, 0.0052
0.3857, 0.0026
0.3857, 0.0026
0.3857, 0.0026
0.3857, 0.0026
0.3891, 0.0026
0.3891, 0.0026
0.3891, 0.0026
0.3925, 0.0026
0.3925, 0.0026
0.3925, 0.0026
0.3925, 0.0026
0.3925, 0.0026
0.3925, 0.0026
0.3925, 0.0026
0.3925, 0.0026
0.3925, 0.0026
0.3925, 0.0026
0.3959, 0.0026
0.3959, 0.0026
0.3959, 0.0026
0.3959, 0.0026
0.3959, 0.0026
0.3959, 0.0026
0.3959, 0.0026
0.3993, 0.0026
0.3993, 0.0026
0.3993, 0.0026
0.3993, 0.0026
0.3993, 0.0026
0.3993, 0.0026
0.3993, 0.0026
0.3993, 0.0026
0.3993, 0.0026
0.3993, 0.0026
0.3993, 0.0026
0.3993, 0.0026
0.3993, 0.0026
0.3993, 0.0026
0.3993, 0.0026
0.3993, 0.0026
0.3993, 0.0026
0.3993, 0.0026
0.3993, 0.0026
0.3993, 0.0026
0.3993, 0.0026
0.4027, 0.0026
0.4027, 0.0026
0.4027, 0.0026
0.4061, 0.0026
0.4061, 0.0026
0.4061, 0.0026
0.4061, 0.0026
0.4061, 0.0026
0.4061, 0.0026
0.4061, 0.0026
0.4061, 0.0000
0.4061, 0.0000
0.4061, 0.0000
0.4061, 0.0000
0.4061, 0.0000
0.4061, 0.0000
0.4061, 0.0000
0.4096, 0.0000
0.4096, 0.0000
0.4096, 0.0000
0.4130, 0.0000
0.4130, 0.0000
0.4130, 0.0000
0.4130, 0.0000
0.4130, 0.0000
0.4130, 0.0000
0.4164, 0.0000
0.4164, 0.0000
0.4164, 0.0000
0.4164, 0.0000
0.4164, 0.0000
0.4164, 0.0000
0.4164, 0.0000
0.4198, 0.0000
0.4198, 0.0000
0.4198, 0.0000
0.4198, 0.0000
0.4198, 0.0000
0.4198, 0.0000
0.4198, 0.0000
0.4232, 0.0000
0.4232, 0.0000
0.4232, 0.0000
0.4232, 0.0000
0.4232, 0.0000
0.4232, 0.0000
0.4266, 0.0000
0.4266, 0.0000
0.4266, 0.0000
0.4300, 0.0000
0.4300, 0.0000
0.4300, 0.0000
0.4300, 0.0000
0.4300, 0.0000
0.4300, 0.0000
0.4300, 0.0000
0.4334, 0.0000
0.4334, 0.0000
0.4334, 0.0000
0.4334, 0.0000
0.4334, 0.0000
0.4334, 0.0000
0.4334, 0.0000
0.4369, 0.0000
0.4369, 0.0000
0.4369, 0.0000
0.4369, 0.0000
0.4369, 0.0000
0.4369, 0.0000
0.4403, 0.0000
0.4403, 0.0000
0.4403, 0.0000
0.4403, 0.0000
0.4403, 0.0000
0.4403, 0.0000
0.4403, 0.0000
0.4403, 0.0000
0.4403, 0.0000
0.4403, 0.0000
0.4437, 0.0000
0.4437, 0.0000
0.4437, 0.0000
0.4437, 0.0000
0.4471, 0.0000
0.4471, 0.0000
0.4471, 0.0000
0.4505, 0.0000
0.4505, 0.0000
0.4505, 0.0000
0.4505, 0.0000
0.4505, 0.0000
0.4505, 0.0000
0.4539, 0.0000
0.4539, 0.0000
0.4539, 0.0000
0.4539, 0.0000
0.4573, 0.0000
0.4573, 0.0000
0.4573, 0.0000
0.4573, 0.0000
0.4573, 0.0000
0.4573, 0.0000
0.4573, 0.0000
0.4608, 0.0000
0.4608, 0.0000
0.4608, 0.0000
0.4642, 0.0000
0.4642, 0.0000
0.4642, 0.0000
0.4676, 0.0000
0.4676, 0.0000
0.4676, 0.0000
0.4676, 0.0000
0.4676, 0.0000
0.4676, 0.0000
0.4676, 0.0000
0.4676, 0.0000
0.4676, 0.0000
0.4676, 0.0000
0.4710, 0.0000
0.4710, 0.0000
0.4710, 0.0000
0.4744, 0.0000
0.4744, 0.0000
0.4744, 0.0000
0.4778, 0.0026
0.4778, 0.0026
0.4778, 0.0026
0.4812, 0.0026
0.4812, 0.0026
0.4812, 0.0026
0.4846, 0.0052
0.4846, 0.0052
0.4846, 0.0052
0.4846, 0.0052
0.4846, 0.0052
0.4846, 0.0052
0.4846, 0.0052
0.4881, 0.0052
0.4881, 0.0052
0.4881, 0.0052
0.4915, 0.0078
0.4915, 0.0078
0.4915, 0.0078
0.4949, 0.0078
0.4949, 0.0078
0.4949, 0.0078
0.4949, 0.0078
0.4949, 0.0078
0.4949, 0.0078
0.4949, 0.0078
0.4983, 0.0078
0.4983, 0.0078
0.4983, 0.0078
0.5017, 0.0078
0.5017, 0.0078
0.5017, 0.0078
0.5051, 0.0104
0.5051, 0.0104
0.5051, 0.0104
0.5085, 0.0130
0.5085, 0.0130
0.5085, 0.0130
0.5119, 0.0130
0.5119, 0.0130
0.5119, 0.0130
0.5119, 0.0156
0.5119, 0.0156
0.5119, 0.0156
0.5154, 0.0156
0.5154, 0.0156
0.5154, 0.0156
0.5154, 0.0156
0.5222, 0.0182
0.5222, 0.0182
0.5222, 0.0182
0.5222, 0.0208
0.5222, 0.0208
0.5222, 0.0208
0.5256, 0.0208
0.5256, 0.0208
0.5256, 0.0208
0.5290, 0.0234
0.5290, 0.0234
0.5290, 0.0234
0.5290, 0.0260
0.5290, 0.0260
0.5290, 0.0260
0.5324, 0.0260
0.5324, 0.0260
0.5324, 0.0260
0.5358, 0.0286
0.5358, 0.0286
0.5358, 0.0286
0.5392, 0.0312
0.5392, 0.0312
0.5392, 0.0312
0.5392, 0.0339
0.5392, 0.0339
0.5392, 0.0339
0.5427, 0.0365
0.5427, 0.0365
0.5427, 0.0365
0.5427, 0.0365
0.5461, 0.0391
0.5461, 0.0391
0.5461, 0.0417
0.5461, 0.0417
0.5461, 0.0417
0.5495, 0.0417
0.5495, 0.0417
0.5495, 0.0417
0.5495, 0.0417
0.5529, 0.0443
0.5529, 0.0443
0.5529, 0.0443
0.5563, 0.0469
0.5563, 0.0469
0.5563, 0.0469
0.5597, 0.0495
0.5597, 0.0495
0.5597, 0.0495
0.5631, 0.0521
0.5631, 0.0521
0.5631, 0.0521
0.5666, 0.0547
0.5666, 0.0547
0.5666, 0.0547
0.5666, 0.0573
0.5666, 0.0573
0.5666, 0.0573
0.5734, 0.0599
0.5734, 0.0599
0.5734, 0.0599
0.5768, 0.0625
0.5768, 0.0625
0.5768, 0.0625
0.5802, 0.0651
0.5802, 0.0651
0.5802, 0.0651
0.5802, 0.0651
0.5802, 0.0651
0.5802, 0.0651
0.5802, 0.0651
0.5836, 0.0677
0.5836, 0.0677
0.5836, 0.0677
0.5870, 0.0729
0.5870, 0.0729
0.5870, 0.0729
0.5870, 0.0729
0.5870, 0.0729
0.5870, 0.0729
0.5904, 0.0755
0.5904, 0.0755
0.5904, 0.0755
0.5939, 0.0807
0.5939, 0.0807
0.5939, 0.0807
0.5939, 0.0807
0.5939, 0.0807
0.5939, 0.0807
0.5939, 0.0807
0.5973, 0.0833
0.5973, 0.0833
0.5973, 0.0833
0.5973, 0.0859
0.5973, 0.0859
0.5973, 0.0859
0.6007, 0.0859
0.6007, 0.0859
0.6007, 0.0859
0.6007, 0.0885
0.6007, 0.0885
0.6007, 0.0885
0.6041, 0.0911
0.6041, 0.0911
0.6041, 0.0911
0.6075, 0.0938
0.6075, 0.0938
0.6075, 0.0938
0.6075, 0.0938
0.6075, 0.0938
0.6075, 0.0938
0.6109, 0.0990
0.6109, 0.0990
0.6109, 0.0990
0.6109, 0.1016
0.6109, 0.1016
0.6109, 0.1016
0.6143, 0.1016
0.6143, 0.1016
0.6143, 0.1016
0.6143, 0.1042
0.6143, 0.1042
0.6143, 0.1042
0.6177, 0.1094
0.6177, 0.1094
0.6177, 0.1094
0.6177, 0.1094
0.6177, 0.1094
0.6177, 0.1094
0.6177, 0.1094
0.6212, 0.1120
0.6212, 0.1120
0.6212, 0.1120
0.6246, 0.1146
0.6246, 0.1146
0.6246, 0.1146
0.6246, 0.1146
0.6246, 0.1146
0.6246, 0.1146
0.6246, 0.1172
0.6246, 0.1172
0.6246, 0.1172
0.6280, 0.1198
0.6280, 0.1198
0.6280, 0.1198
0.6280, 0.1224
0.6280, 0.1224
0.6280, 0.1224
0.6314, 0.1224
0.6314, 0.1224
0.6314, 0.1224
0.6314, 0.1224
0.6314, 0.1224
0.6314, 0.1224
0.6314, 0.1224
0.6314, 0.1250
0.6314, 0.1250
0.6314, 0.1250
0.6348, 0.1276
0.6348, 0.1276
0.6348, 0.1276
0.6382, 0.1276
0.6382, 0.1276
0.6382, 0.1276
0.6382, 0.1302
0.6382, 0.1302
0.6382, 0.1302
0.6416, 0.1328
0.6416, 0.1328
0.6416, 0.1328
0.6416, 0.1328
0.6416, 0.1328
0.6416, 0.1328
0.6416, 0.1354
0.6416, 0.1354
0.6416, 0.1354
0.6451, 0.1380
0.6451, 0.1380
0.6451, 0.1380
0.6485, 0.1406
0.6485, 0.1406
0.6485, 0.1406
0.6485, 0.1406
0.6485, 0.1406
0.6485, 0.1406
0.6485, 0.1432
0.6485, 0.1432
0.6485, 0.1432
0.6519, 0.1458
0.6519, 0.1458
0.6519, 0.1458
0.6553, 0.1458
0.6553, 0.1458
0.6553, 0.1458
0.6587, 0.1458
0.6587, 0.1458
0.6587, 0.1458
0.6587, 0.1484
0.6587, 0.1484
0.6587, 0.1484
0.6587, 0.1510
0.6587, 0.1510
0.6587, 0.1510
0.6587, 0.1510
0.6587, 0.1510
0.6587, 0.1510
0.6621, 0.1536
0.6621, 0.1536
0.6621, 0.1536
0.6655, 0.1536
0.6655, 0.1536
0.6655, 0.1536
0.6655, 0.1536
0.6655, 0.1536
0.6655, 0.1536
0.6655, 0.1563
0.6655, 0.1563
0.6655, 0.1563
0.6655, 0.1563
0.6655, 0.1563
0.6655, 0.1563
0.6655, 0.1589
0.6655, 0.1589
0.6655, 0.1589
0.6689, 0.1589
0.6689, 0.1589
0.6689, 0.1589
0.6689, 0.1589
0.6689, 0.1589
0.6689, 0.1589
0.6689, 0.1589
0.6724, 0.1615
0.6724, 0.1615
0.6724, 0.1615
0.6758, 0.1641
0.6758, 0.1641
0.6758, 0.1641
0.6758, 0.1641
0.6758, 0.1641
0.6758, 0.1667
0.6758, 0.1667
0.6758, 0.1667
0.6792, 0.1667
0.6792, 0.1667
0.6792, 0.1667
0.6792, 0.1693
0.6792, 0.1693
0.6826, 0.1719
0.6826, 0.1719
0.6826, 0.1719
0.6826, 0.1719
0.6826, 0.1719
0.6826, 0.1719
0.6826, 0.1719
0.6826, 0.1719
0.6826, 0.1719
0.6826, 0.1745
0.6826, 0.1745
0.6826, 0.1745
0.6826, 0.1771
0.6826, 0.1771
0.6860, 0.1771
0.6860, 0.1771
0.6860, 0.1771
0.6860, 0.1797
0.6860, 0.1797
0.6860, 0.1797
0.6894, 0.1797
0.6894, 0.1797
0.6894, 0.1797
0.6894, 0.1797
0.6894, 0.1797
0.6894, 0.1797
0.6894, 0.1797
0.6928, 0.1823
0.6928, 0.1823
0.6928, 0.1823
0.6928, 0.1849
0.6928, 0.1849
0.6928, 0.1849
0.6928, 0.1849
0.6928, 0.1849
0.6928, 0.1849
0.6928, 0.1849
0.6928, 0.1875
0.6928, 0.1875
0.6962, 0.1875
0.6962, 0.1875
0.6962, 0.1875
0.6962, 0.1901
0.6962, 0.1901
0.6962, 0.1901
0.6997, 0.1927
0.6997, 0.1927
0.6997, 0.1927
0.6997, 0.1927
0.6997, 0.1927
0.6997, 0.1927
0.6997, 0.1927
0.6997, 0.1927
0.6997, 0.1927
0.6997, 0.1953
0.6997, 0.1953
0.6997, 0.1953
0.6997, 0.1979
0.6997, 0.1979
0.6997, 0.1979
0.7031, 0.1979
0.7031, 0.1979
0.7031, 0.1979
0.7031, 0.1979
0.7031, 0.1979
0.7031, 0.1979
0.7031, 0.1979
0.7031, 0.1979
0.7031, 0.1979
0.7031, 0.1979
0.7065, 0.2005
0.7065, 0.2005
0.7065, 0.2005
0.7065, 0.2031
0.7065, 0.2031
0.7065, 0.2031
0.7099, 0.2057
0.7099, 0.2057
0.7099, 0.2057
0.7099, 0.2057
0.7099, 0.2057
0.7099, 0.2057
0.7099, 0.2057
0.7099, 0.2057
0.7099, 0.2057
0.7099, 0.2083
0.7099, 0.2083
0.7099, 0.2083
0.7133, 0.2109
0.7133, 0.2109
0.7133, 0.2109
0.7133, 0.2109
0.7133, 0.2109
0.7133, 0.2109
0.7167, 0.2109
0.7167, 0.2109
0.7167, 0.2109
0.7167, 0.2135
0.7167, 0.2135
0.7167, 0.2135
0.7167, 0.2161
0.7167, 0.2161
0.7167, 0.2161
0.7167, 0.2161
0.7167, 0.2161
0.7167, 0.2161
0.7167, 0.2161
0.7167, 0.2161
0.7167, 0.2161
0.7167, 0.2161
0.7201, 0.2188
0.7201, 0.2188
0.7201, 0.2188
0.7201, 0.2188
0.7201, 0.2188
0.7201, 0.2188
0.7201, 0.2214
0.7201, 0.2214
0.7201, 0.2214
0.7235, 0.2240
0.7235, 0.2240
0.7235, 0.2240
0.7235, 0.2240
0.7235, 0.2240
0.7235, 0.2240
0.7235, 0.2240
0.7235, 0.2240
0.7235, 0.2240
0.7235, 0.2266
0.7235, 0.2266
0.7235, 0.2266
0.7270, 0.2292
0.7270, 0.2292
0.7270, 0.2292
0.7270, 0.2292
0.7270, 0.2292
0.7270, 0.2292
0.7270, 0.2292
0.7270, 0.2292
0.7270, 0.2292
0.7270, 0.2292
0.7304, 0.2318
0.7304, 0.2318
0.7304, 0.2318
0.7304, 0.2344
0.7304, 0.2344
0.7304, 0.2344
0.7338, 0.2370
0.7338, 0.2370
0.7338, 0.2370
0.7338, 0.2370
0.7338, 0.2370
0.7338, 0.2370
0.7338, 0.2370
0.7338, 0.2370
0.7372, 0.2396
0.7372, 0.2396
0.7372, 0.2396
0.7372, 0.2422
0.7372, 0.2422
0.7372, 0.2422
0.7406, 0.2422
0.7406, 0.2422
0.7406, 0.2422
0.7406, 0.2448
0.7406, 0.2448
0.7406, 0.2474
0.7406, 0.2474
0.7406, 0.2474
0.7406, 0.2500
0.7406, 0.2500
0.7406, 0.2500
0.7440, 0.2500
0.7440, 0.2500
0.7440, 0.2500
0.7440, 0.2500
0.7440, 0.2500
0.7440, 0.2500
0.7440, 0.2500
0.7474, 0.2526
0.7474, 0.2526
0.7474, 0.2552
0.7474, 0.2552
0.7474, 0.2552
0.7474, 0.2552
0.7474, 0.2552
0.7474, 0.2552
0.7509, 0.2552
0.7509, 0.2552
0.7509, 0.2552
0.7509, 0.2578
0.7509, 0.2578
0.7509, 0.2578
0.7509, 0.2604
0.7509, 0.2604
0.7509, 0.2604
0.7509, 0.2604
0.7509, 0.2604
0.7509, 0.2604
0.7543, 0.2630
0.7543, 0.2630
0.7543, 0.2630
0.7543, 0.2630
0.7543, 0.2630
0.7543, 0.2630
0.7577, 0.2656
0.7577, 0.2656
0.7577, 0.2656
0.7577, 0.2682
0.7577, 0.2682
0.7577, 0.2682
0.7577, 0.2682
0.7577, 0.2682
0.7577, 0.2682
0.7577, 0.2682
0.7577, 0.2682
0.7577, 0.2682
0.7577, 0.2708
0.7577, 0.2708
0.7577, 0.2708
0.7611, 0.2734
0.7611, 0.2734
0.7611, 0.2734
0.7611, 0.2734
0.7611, 0.2734
0.7611, 0.2734
0.7645, 0.2760
0.7645, 0.2760
0.7645, 0.2760
0.7645, 0.2760
0.7645, 0.2760
0.7645, 0.2760
0.7679, 0.2786
0.7679, 0.2786
0.7679, 0.2786
0.7679, 0.2786
0.7679, 0.2786
0.7679, 0.2786
0.7679, 0.2813
0.7679, 0.2813
0.7679, 0.2813
0.7679, 0.2813
0.7679, 0.2813
0.7679, 0.2813
0.7679, 0.2813
0.7679, 0.2813
0.7679, 0.2813
0.7679, 0.2813
0.7679, 0.2813
0.7679, 0.2813
0.7713, 0.2839
0.7713, 0.2839
0.7713, 0.2839
0.7713, 0.2865
0.7713, 0.2865
0.7713, 0.2865
0.7747, 0.2865
0.7747, 0.2865
0.7747, 0.2865
0.7747, 0.2891
0.7747, 0.2891
0.7747, 0.2891
0.7747, 0.2891
0.7747, 0.2891
0.7747, 0.2891
0.7747, 0.2891
0.7747, 0.2891
0.7782, 0.2917
0.7782, 0.2917
0.7782, 0.2917
0.7782, 0.2917
0.7782, 0.2917
0.7782, 0.2917
0.7816, 0.2943
0.7816, 0.2943
0.7816, 0.2943
0.7816, 0.2943
0.7816, 0.2943
0.7816, 0.2943
0.7850, 0.2943
0.7850, 0.2943
0.7850, 0.2943
0.7850, 0.2969
0.7850, 0.2969
0.7850, 0.2969
0.7850, 0.2969
0.7850, 0.2969
0.7850, 0.2969
0.7850, 0.2995
0.7850, 0.2995
0.7850, 0.2995
0.7884, 0.2995
0.7884, 0.2995
0.7884, 0.2995
0.7918, 0.2995
0.7918, 0.2995
0.7918, 0.2995
0.7918, 0.3021
0.7918, 0.3021
0.7918, 0.3021
0.7918, 0.3021
0.7918, 0.3021
0.7918, 0.3021
0.7918, 0.3047
0.7918, 0.3047
0.7952, 0.3047
0.7952, 0.3047
0.7952, 0.3047
0.7986, 0.3073
0.7986, 0.3073
0.7986, 0.3073
0.8020, 0.3073
0.8020, 0.3073
0.8020, 0.3073
0.8020, 0.3073
0.8020, 0.3073
0.8020, 0.3073
0.8055, 0.3099
0.8055, 0.3099
0.8055, 0.3099
0.8089, 0.3125
0.8089, 0.3125
0.8089, 0.3125
0.8089, 0.3125
0.8089, 0.3125
0.8089, 0.3125
0.8089, 0.3125
0.8089, 0.3125
0.8123, 0.3151
0.8123, 0.3151
0.8123, 0.3151
0.8157, 0.3177
0.8157, 0.3177
0.8157, 0.3177
0.8191, 0.3177
0.8191, 0.3177
0.8191, 0.3177
0.8191, 0.3203
0.8191, 0.3203
0.8191, 0.3203
0.8191, 0.3203
0.8191, 0.3203
0.8225, 0.3203
0.8225, 0.3203
0.8225, 0.3203
0.8259, 0.3203
0.8259, 0.3203
0.8259, 0.3203
0.8259, 0.3229
0.8259, 0.3229
0.8259, 0.3229
0.8259, 0.3229
0.8259, 0.3229
0.8294, 0.3255
0.8294, 0.3255
0.8294, 0.3255
0.8328, 0.3255
0.8328, 0.3255
0.8328, 0.3255
0.8328, 0.3255
0.8328, 0.3255
0.8328, 0.3281
0.8328, 0.3281
0.8328, 0.3281
0.8362, 0.3281
0.8362, 0.3281
0.8362, 0.3281
0.8396, 0.3307
0.8396, 0.3307
0.8396, 0.3307
0.8430, 0.3333
0.8430, 0.3333
0.8430, 0.3333
0.8430, 0.3333
0.8430, 0.3333
0.8430, 0.3333
0.8464, 0.3333
0.8464, 0.3333
0.8464, 0.3333
0.8464, 0.3333
0.8464, 0.3333
0.8498, 0.3359
0.8498, 0.3359
0.8498, 0.3359
0.8498, 0.3385
0.8498, 0.3385
0.8498, 0.3385
0.8498, 0.3385
0.8498, 0.3385
0.8498, 0.3385
0.8532, 0.3385
0.8532, 0.3385
0.8532, 0.3385
0.8532, 0.3385
0.8532, 0.3385
0.8532, 0.3385
0.8532, 0.3385
0.8532, 0.3385
0.8532, 0.3385
0.8532, 0.3385
0.8532, 0.3385
0.8532, 0.3385
0.8567, 0.3411
0.8567, 0.3411
0.8567, 0.3411
0.8567, 0.3411
0.8567, 0.3411
0.8567, 0.3411
0.8601, 0.3438
0.8601, 0.3438
0.8601, 0.3438
0.8601, 0.3438
0.8601, 0.3438
0.8601, 0.3438
0.8601, 0.3438
0.8601, 0.3438
0.8601, 0.3438
0.8601, 0.3464
0.8601, 0.3464
0.8601, 0.3464
0.8635, 0.3464
0.8635, 0.3464
0.8635, 0.3464
0.8635, 0.3464
0.8635, 0.3464
0.8669, 0.3464
0.8669, 0.3464
0.8669, 0.3464
0.8669, 0.3490
0.8669, 0.3490
0.8669, 0.3490
0.8669, 0.3490
0.8669, 0.3490
0.8669, 0.3490
0.8703, 0.3490
0.8703, 0.3490
0.8703, 0.3490
0.8703, 0.3490
0.8703, 0.3490
0.8703, 0.3490
0.8703, 0.3516
0.8703, 0.3516
0.8703, 0.3516
0.8737, 0.3516
0.8737, 0.3516
0.8737, 0.3516
0.8737, 0.3516
0.8737, 0.3516
0.8737, 0.3516
0.8737, 0.3516
0.8737, 0.3516
0.8771, 0.3516
0.8771, 0.3516
0.8771, 0.3516
0.8771, 0.3516
0.8771, 0.3516
0.8771, 0.3516
0.8771, 0.3516
0.8771, 0.3516
0.8771, 0.3516
0.8771, 0.3516
0.8771, 0.3516
0.8771, 0.3516
0.8805, 0.3516
0.8805, 0.3516
0.8805, 0.3516
0.8805, 0.3516
0.8805, 0.3516
0.8805, 0.3516
0.8805, 0.3516
0.8805, 0.3516
0.8805, 0.3516
0.8840, 0.3516
0.8840, 0.3516
0.8840, 0.3516
0.8840, 0.3516
0.8840, 0.3516
0.8840, 0.3516
0.8840, 0.3516
0.8840, 0.3516
0.8840, 0.3516
0.8874, 0.3516
0.8874, 0.3516
0.8874, 0.3516
0.8874, 0.3516
0.8874, 0.3516
0.8874, 0.3516
0.8942, 0.3516
0.8942, 0.3516
0.8942, 0.3516
0.8942, 0.3516
0.8942, 0.3516
0.8942, 0.3516
0.9010, 0.3516
0.9010, 0.3516
0.9010, 0.3516
0.9044, 0.3516
0.9044, 0.3516
0.9044, 0.3516
0.9044, 0.3516
0.9044, 0.3516
0.9044, 0.3516
0.9078, 0.3516
0.9078, 0.3516
0.9147, 0.3516
0.9147, 0.3516
0.9147, 0.3516
0.9147, 0.3516
0.9147, 0.3516
0.9147, 0.3516
0.9215, 0.3516
0.9215, 0.3516
0.9215, 0.3516
0.9215, 0.3516
0.9215, 0.3516
0.9215, 0.3516
0.9249, 0.3516
0.9249, 0.3516
0.9249, 0.3516
0.9317, 0.3516
0.9317, 0.3516
0.9317, 0.3516
0.9317, 0.3516
0.9317, 0.3516
0.9352, 0.3516
0.9352, 0.3516
0.9352, 0.3516
0.9386, 0.3516
0.9386, 0.3516
0.9420, 0.3516
0.9420, 0.3516
0.9420, 0.3516
0.9420, 0.3516
0.9420, 0.3516
0.9420, 0.3516
0.9454, 0.3490
0.9454, 0.3490
0.9454, 0.3490
0.9454, 0.3490
0.9454, 0.3490
0.9454, 0.3490
0.9488, 0.3490
0.9488, 0.3490
0.9488, 0.3464
0.9488, 0.3464
0.9488, 0.3464
0.9522, 0.3464
0.9522, 0.3464
0.9522, 0.3464
0.9556, 0.3464
0.9556, 0.3464
0.9590, 0.3464
0.9590, 0.3464
0.9590, 0.3464
0.9590, 0.3438
0.9590, 0.3438
0.9590, 0.3438
0.9625, 0.3411
0.9625, 0.3411
0.9659, 0.3411
0.9659, 0.3411
0.9659, 0.3411
0.9659, 0.3411
0.9659, 0.3411
0.9659, 0.3411
0.9659, 0.3411
0.9659, 0.3411
0.9659, 0.3411
0.9693, 0.3385
0.9693, 0.3385
0.9693, 0.3385
0.9727, 0.3385
0.9727, 0.3385
0.9727, 0.3385
0.9727, 0.3359
0.9727, 0.3359
0.9727, 0.3359
0.9761, 0.3359
0.9761, 0.3359
0.9761, 0.3359
0.9761, 0.3333
0.9761, 0.3333
0.9795, 0.3333
0.9795, 0.3333
0.9795, 0.3333
0.9795, 0.3307
0.9795, 0.3307
0.9795, 0.3307
0.9829, 0.3281
0.9829, 0.3281
0.9829, 0.3281
0.9829, 0.3281
0.9829, 0.3281
0.9829, 0.3281
0.9829, 0.3255
0.9829, 0.3255
0.9863, 0.3255
0.9863, 0.3255
0.9863, 0.3255
0.9863, 0.3229
0.9863, 0.3229
0.9863, 0.3229
0.9898, 0.3229
0.9898, 0.3229
0.9898, 0.3229
0.9898, 0.3229
0.9898, 0.3229
0.9898, 0.3203
0.9898, 0.3203
0.9898, 0.3203
0.9932, 0.3177
0.9932, 0.3177
0.9932, 0.3177
0.9932, 0.3177
0.9932, 0.3177
0.9932, 0.3177
0.9932, 0.3151
0.9932, 0.3151
0.9932, 0.3151
0.9932, 0.3151
0.9932, 0.3151
0.9932, 0.3151
0.9932, 0.3151
0.9932, 0.3151
0.9932, 0.3151
0.9932, 0.3125
0.9932, 0.3125
0.9966, 0.3099
0.9966, 0.3099
0.9966, 0.3099
0.9966, 0.3099
0.9966, 0.3099
0.9966, 0.3099
0.9966, 0.3099
0.9966, 0.3099
0.9966, 0.3073
0.9966, 0.3073
0.9966, 0.3073
0.9966, 0.3047
0.9966, 0.3047
0.9966, 0.3047
0.9966, 0.3047
0.9966, 0.3047
0.9966, 0.3047
1.0000, 0.3021
1.0000, 0.3021
1.0000, 0.3021
1.0000, 0.3021
1.0000, 0.3021
1.0000, 0.2995
1.0000, 0.2995
1.0000, 0.2995
1.0000, 0.2995
1.0000, 0.2995
1.0000, 0.2969
1.0000, 0.2969
1.0000, 0.2969
1.0000, 0.2969
1.0000, 0.2969
1.0000, 0.2969
1.0000, 0.2943
1.0000, 0.2943
1.0000, 0.2943
1.0000, 0.2917
1.0000, 0.2917
1.0000, 0.2891
1.0000, 0.2891
1.0000, 0.2891
1.0000, 0.2891
1.0000, 0.2891
1.0000, 0.2865
1.0000, 0.2865
1.0000, 0.2865
1.0000, 0.2839
1.0000, 0.2839
1.0000, 0.2839
1.0000, 0.2839
1.0000, 0.2839
1.0000, 0.2813
1.0000, 0.2813
1.0000, 0.2813
1.0000, 0.2813
1.0000, 0.2813
1.0000, 0.2813
1.0000, 0.2786
1.0000, 0.2786
1.0000, 0.2760
1.0000, 0.2760
1.0000, 0.2760
1.0000, 0.2760
1.0000, 0.2760
1.0000, 0.2760
1.0000, 0.2734
1.0000, 0.2734
1.0000, 0.2734
1.0000, 0.2708
1.0000, 0.2708
1.0000, 0.2708
1.0000, 0.2708
1.0000, 0.2708
1.0000, 0.2682
1.0000, 0.2682
1.0000, 0.2682
1.0000, 0.2682
1.0000, 0.2682
1.0000, 0.2682
1.0000, 0.2656
1.0000, 0.2656
1.0000, 0.2630
1.0000, 0.2630
1.0000, 0.2630
1.0000, 0.2630
1.0000, 0.2630
1.0000, 0.2630
1.0000, 0.2630
1.0000, 0.2630
1.0000, 0.2630
0.9966, 0.2604
0.9966, 0.2604
0.9966, 0.2578
0.9966, 0.2578
0.9966, 0.2578
0.9966, 0.2578
0.9966, 0.2578
0.9966, 0.2578
0.9966, 0.2578
0.9966, 0.2578
0.9966, 0.2552
0.9966, 0.2552
0.9932, 0.2526
0.9932, 0.2526
0.9932, 0.2526
0.9932, 0.2526
0.9932, 0.2526
0.9932, 0.2526
0.9932, 0.2526
0.9932, 0.2526
0.9932, 0.2526
0.9898, 0.2500
0.9898, 0.2500
0.9898, 0.2500
0.9898, 0.2500
0.9898, 0.2500
0.9898, 0.2500
0.9863, 0.2474
0.9863, 0.2474
0.9863, 0.2448
0.9863, 0.2448
0.9863, 0.2448
0.9863, 0.2448
0.9863, 0.2448
0.9863, 0.2448
0.9863, 0.2422
0.9863, 0.2422
0.9829, 0.2422
0.9829, 0.2422
0.9829, 0.2422
0.9829, 0.2396
0.9829, 0.2396
0.9829, 0.2396
0.9795, 0.2396
0.9795, 0.2396
0.9795, 0.2396
0.9795, 0.2396
0.9795, 0.2396
0.9795, 0.2370
0.9795, 0.2370
0.9795, 0.2370
0.9795, 0.2370
0.9795, 0.2370
0.9795, 0.2370
0.9761, 0.2344
0.9761, 0.2344
0.9761, 0.2344
0.9761, 0.2344
0.9761, 0.2344
0.9727, 0.2344
0.9727, 0.2344
0.9727, 0.2344
0.9727, 0.2318
0.9727, 0.2318
0.9693, 0.2318
0.9693, 0.2318
0.9693, 0.2318
0.9693, 0.2318
0.9693, 0.2318
0.9693, 0.2318
0.9659, 0.2292
0.9659, 0.2292
0.9625, 0.2292
0.9625, 0.2292
0.9625, 0.2292
0.9625, 0.2266
0.9625, 0.2266
0.9625, 0.2266
0.9590, 0.2266
0.9590, 0.2266
0.9556, 0.2266
0.9556, 0.2266
0.9556, 0.2266
0.9522, 0.2266
0.9522, 0.2266
0.9522, 0.2240
0.9522, 0.2240
0.9522, 0.2240
0.9488, 0.2240
0.9488, 0.2240
0.9488, 0.2240
0.9454, 0.2214
0.9454, 0.2214
0.9454, 0.2214
0.9454, 0.2214
0.9454, 0.2214
0.9420, 0.2214
0.9420, 0.2214
0.9420, 0.2214
0.9386, 0.2188
0.9386, 0.2188
0.9386, 0.2188
0.9352, 0.2188
0.9352, 0.2188
0.9352, 0.2188
0.9352, 0.2188
0.9352, 0.2188
0.9317, 0.2188
0.9317, 0.2188
0.9317, 0.2188
0.9283, 0.2188
0.9283, 0.2188
0.9249, 0.2188
0.9249, 0.2188
0.9249, 0.2188
0.9215, 0.2188
0.9215, 0.2188
0.9181, 0.2161
0.9181, 0.2161
0.9181, 0.2161
0.9147, 0.2161
0.9147, 0.2161
0.9147, 0.2161
0.9113, 0.2161
0.9113, 0.2161
0.9078, 0.2161
0.9078, 0.2161
0.9078, 0.2161
0.9044, 0.2161
0.9044, 0.2161
0.9010, 0.2135
0.9010, 0.2135
0.9010, 0.2135
0.8976, 0.2135
0.8976, 0.2135
0.8976, 0.2135
0.8942, 0.2135
0.8942, 0.2135
0.8874, 0.2135
0.8874, 0.2135
0.8874, 0.2135
0.8840, 0.2135
0.8840, 0.2135
0.8805, 0.2135
0.8805, 0.2135
0.8771, 0.2135
0.8771, 0.2135
0.8771, 0.2135
0.8737, 0.2135
0.8737, 0.2135
0.8703, 0.2135
0.8703, 0.2135
0.8703, 0.2135
0.8703, 0.2135
0.8703, 0.2135
0.8703, 0.2135
0.8669, 0.2135
0.8669, 0.2135
0.8635, 0.2135
0.8635, 0.2135
0.8635, 0.2135
0.8601, 0.2135
0.8601, 0.2135
0.8601, 0.2135
0.8601, 0.2135
0.8601, 0.2135
0.8567, 0.2135
0.8567, 0.2135
0.8567, 0.2135
0.8532, 0.2135
0.8532, 0.2135
0.8532, 0.2135
0.8532, 0.2135
0.8532, 0.2135
0.8532, 0.2135
0.8498, 0.2135
0.8498, 0.2135
0.8498, 0.2135
0.8498, 0.2135
0.8498, 0.2135
0.8464, 0.2135
0.8464, 0.2135
0.8464, 0.2135
0.8464, 0.2135
0.8464, 0.2135
0.8464, 0.2135
0.8464, 0.2135
0.8464, 0.2135
0.8464, 0.2135
0.8464, 0.2135
0.8464, 0.2135
0.8464, 0.2135
0.8464, 0.2135
0.8464, 0.2135
0.8464, 0.2135
0.8464, 0.2135
0.8464, 0.2135
0.8464, 0.2135
0.8464, 0.2135
0.8464, 0.2135
0.8464, 0.2135
0.8464, 0.2135
0.8464, 0.2135
0.8464, 0.2135
0.8464, 0.2135
0.8464, 0.2135
0.8464, 0.2135
0.8464, 0.2135
0.8464, 0.2135
0.8464, 0.2135
0.8464, 0.2135
0.8464, 0.2135
0.8464, 0.2135
0.8464, 0.2135
0.8464, 0.2135
0.8464, 0.2135
0.8464, 0.2135
0.8464, 0.2135
0.8464, 0.2135
0.8464, 0.2135
0.8464, 0.2135
0.8464, 0.2135
0.8464, 0.2135
0.8464, 0.2135
0.8464, 0.2135
0.8464, 0.2135
0.8464, 0.2135
0.8464, 0.2135
0.8464, 0.2135
0.8464, 0.2135
0.0000, 1.0000
0.0000, 1.0000
0.0000, 1.0000
0.0000, 1.0000
0.0000, 1.0000
0.0000, 1.0000
0.0000, 1.0000
0.0000, 1.0000
0.0000, 1.0000
0.0000, 1.0000
0.0000, 1.0000
0.0000, 1.0000
0.0000, 1.0000
0.0000, 1.0000
0.0000, 1.0000
0.0000, 1.0000
0.0000, 1.0000
0.0000, 1.0000
0.0000, 1.0000
0.0000, 1.0000
0.0000, 1.0000
0.0000, 1.0000
0.0000, 1.0000
0.0000, 1.0000
0.0000, 1.0000
0.0000, 1.0000
0.0000, 1.0000
0.0000, 1.0000
0.0000, 1.0000
0.0000, 1.0000
0.0000, 1.0000
0.0000, 1.0000
0.0000, 1.0000
0.0000, 1.0000
0.0000, 1.0000
0.0000, 1.0000
0.0000, 1.0000
0.0000, 1.0000
0.0000, 1.0000
