0.1295, 0.2401
0.1295, 0.2401
0.1295, 0.2401
0.1295, 0.2401
0.1295, 0.2401
0.1295, 0.2401
0.1295, 0.2401
0.1295, 0.2401
0.1295, 0.2401
0.1295, 0.2401
0.1295, 0.2401
0.1295, 0.2401
0.1295, 0.2401
0.1295, 0.2401
0.1295, 0.2401
0.1295, 0.2401
0.1295, 0.2401
0.1295, 0.2401
0.1295, 0.2401
0.1295, 0.2401
0.1295, 0.2401
0.1295, 0.2401
0.1295, 0.2401
0.1295, 0.2401
0.1295, 0.2401
0.1295, 0.2401
0.1295, 0.2401
0.1295, 0.2401
0.1295, 0.2401
0.1295, 0.2401
0.1295, 0.2401
0.1295, 0.2401
0.1295, 0.2401
0.1295, 0.2401
0.1295, 0.2401
0.1295, 0.2401
0.1295, 0.2401
0.1295, 0.2401
0.1295, 0.2401
0.1295, 0.2401
0.1295, 0.2401
0.1295, 0.2401
0.1295, 0.2401
0.1295, 0.2401
0.1295, 0.2401
0.1295, 0.2401
0.1295, 0.2401
0.1295, 0.2401
0.1295, 0.2401
0.1295, 0.2401
0.1295, 0.2401
0.1295, 0.2401
0.1295, 0.2401
0.1295, 0.2401
0.1295, 0.2401
0.1295, 0.2401
0.1295, 0.2401
0.1295, 0.2401
0.1295, 0.2401
0.1295, 0.2401
0.1295, 0.2401
0.1295, 0.2401
0.1295, 0.2401
0.1295, 0.2401
0.1295, 0.2401
0.1295, 0.2401
0.1295, 0.2401
0.1295, 0.2401
0.1295, 0.2401
0.1295, 0.2401
0.1295, 0.2401
0.1295, 0.2401
0.1295, 0.2401
0.1295, 0.2401
0.1295, 0.2401
0.1295, 0.2401
0.1295, 0.2401
0.1295, 0.2401
0.1295, 0.2401
0.1295, 0.2401
0.1295, 0.2401
0.1295, 0.2401
0.1331, 0.2401
0.1331, 0.2401
0.1331, 0.2401
0.1331, 0.2376
0.1331, 0.2376
0.1331, 0.2376
0.1331, 0.2376
0.1331, 0.2376
0.1367, 0.2376
0.1367, 0.2376
0.1367, 0.2376
0.1367, 0.2376
0.1403, 0.2376
0.1403, 0.2376
0.1403, 0.2376
0.1403, 0.2376
0.1439, 0.2376
0.1439, 0.2376
0.1439, 0.2376
0.1439, 0.2376
0.1439, 0.2376
0.1439, 0.2376
0.1439, 0.2376
0.1439, 0.2376
0.1475, 0.2376
0.1475, 0.2376
0.1475, 0.2376
0.1475, 0.2376
0.1475, 0.2376
0.1475, 0.2376
0.1475, 0.2376
0.1475, 0.2376
0.1475, 0.2376
0.1511, 0.2376
0.1511, 0.2376
0.1511, 0.2376
0.1511, 0.2376
0.1511, 0.2376
0.1511, 0.2376
0.1511, 0.2376
0.1511, 0.2376
0.1547, 0.2376
0.1547, 0.2376
0.1547, 0.2376
0.1547, 0.2376
0.1547, 0.2376
0.1547, 0.2376
0.1547, 0.2376
0.1547, 0.2376
0.1547, 0.2376
0.1583, 0.2376
0.1583, 0.2376
0.1583, 0.2376
0.1583, 0.2376
0.1583, 0.2376
0.1583, 0.2376
0.1583, 0.2376
0.1583, 0.2376
0.1583, 0.2376
0.1619, 0.2376
0.1619, 0.2376
0.1619, 0.2376
0.1619, 0.2376
0.1619, 0.2376
0.1619, 0.2376
0.1619, 0.2376
0.1619, 0.2376
0.1619, 0.2376
0.1619, 0.2376
0.1619, 0.2376
0.1619, 0.2376
0.1619, 0.2376
0.1655, 0.2376
0.1655, 0.2376
0.1655, 0.2376
0.1655, 0.2376
0.1655, 0.2376
0.1655, 0.2376
0.1691, 0.2376
0.1691, 0.2376
0.1691, 0.2376
0.1691, 0.2376
0.1691, 0.2376
0.1691, 0.2376
0.1691, 0.2376
0.1691, 0.2376
0.1691, 0.2376
0.1691, 0.2376
0.1691, 0.2376
0.1691, 0.2376
0.1691, 0.2376
0.1727, 0.2376
0.1727, 0.2376
0.1727, 0.2376
0.1727, 0.2376
0.1727, 0.2376
0.1727, 0.2376
0.1727, 0.2376
0.1727, 0.2376
0.1763, 0.2376
0.1763, 0.2376
0.1763, 0.2376
0.1763, 0.2376
0.1763, 0.2376
0.1763, 0.2376
0.1763, 0.2376
0.1763, 0.2376
0.1763, 0.2376
0.1799, 0.2376
0.1799, 0.2376
0.1799, 0.2376
0.1799, 0.2376
0.1799, 0.2376
0.1799, 0.2376
0.1799, 0.2376
0.1799, 0.2376
0.1799, 0.2376
0.1799, 0.2376
0.1799, 0.2376
0.1799, 0.2376
0.1799, 0.2376
0.1835, 0.2376
0.1835, 0.2376
0.1835, 0.2376
0.1835, 0.2376
0.1871, 0.2376
0.1871, 0.2376
0.1871, 0.2376
0.1871, 0.2376
0.1871, 0.2376
0.1871, 0.2376
0.1871, 0.2376
0.1871, 0.2376
0.1871, 0.2376
0.1871, 0.2376
0.1871, 0.2376
0.1871, 0.2376
0.1871, 0.2376
0.1871, 0.2376
0.1871, 0.2376
0.1871, 0.2376
0.1871, 0.2376
0.1871, 0.2376
0.1906, 0.2376
0.1906, 0.2376
0.1906, 0.2376
0.1906, 0.2376
0.1906, 0.2376
0.1906, 0.2376
0.1906, 0.2376
0.1906, 0.2376
0.1906, 0.2376
0.1906, 0.2376
0.1906, 0.2376
0.1906, 0.2376
0.1942, 0.2376
0.1942, 0.2376
0.1942, 0.2376
0.1942, 0.2376
0.1942, 0.2376
0.1942, 0.2376
0.1942, 0.2376
0.1942, 0.2376
0.1942, 0.2376
0.1942, 0.2376
0.1942, 0.2376
0.1942, 0.2376
0.1942, 0.2376
0.1942, 0.2376
0.1978, 0.2376
0.1978, 0.2376
0.1978, 0.2376
0.1978, 0.2376
0.1978, 0.2376
0.1978, 0.2376
0.1978, 0.2376
0.1978, 0.2376
0.1978, 0.2376
0.2014, 0.2376
0.2014, 0.2376
0.2014, 0.2376
0.2014, 0.2376
0.2014, 0.2376
0.2014, 0.2376
0.2014, 0.2376
0.2014, 0.2376
0.2050, 0.2376
0.2050, 0.2376
0.2050, 0.2376
0.2050, 0.2376
0.2050, 0.2376
0.2050, 0.2376
0.2050, 0.2376
0.2050, 0.2376
0.2050, 0.2376
0.2050, 0.2376
0.2050, 0.2376
0.2050, 0.2376
0.2050, 0.2376
0.2050, 0.2376
0.2050, 0.2376
0.2050, 0.2376
0.2050, 0.2376
0.2050, 0.2376
0.2050, 0.2376
0.2050, 0.2376
0.2050, 0.2376
0.2050, 0.2376
0.2050, 0.2376
0.2050, 0.2376
0.2050, 0.2376
0.2050, 0.2376
0.2050, 0.2376
0.2086, 0.2376
0.2086, 0.2376
0.2086, 0.2376
0.2086, 0.2376
0.2086, 0.2376
0.2086, 0.2376
0.2086, 0.2376
0.2086, 0.2376
0.2122, 0.2376
0.2122, 0.2376
0.2122, 0.2376
0.2122, 0.2376
0.2122, 0.2376
0.2122, 0.2376
0.2122, 0.2376
0.2122, 0.2376
0.2122, 0.2376
0.2122, 0.2376
0.2122, 0.2376
0.2122, 0.2376
0.2122, 0.2376
0.2122, 0.2376
0.2158, 0.2376
0.2158, 0.2376
0.2158, 0.2376
0.2158, 0.2376
0.2194, 0.2376
0.2194, 0.2376
0.2194, 0.2376
0.2194, 0.2376
0.2194, 0.2376
0.2194, 0.2376
0.2194, 0.2376
0.2230, 0.2376
0.2230, 0.2376
0.2230, 0.2376
0.2230, 0.2376
0.2230, 0.2376
0.2230, 0.2376
0.2230, 0.2376
0.2230, 0.2376
0.2230, 0.2376
0.2230, 0.2376
0.2230, 0.2376
0.2230, 0.2376
0.2230, 0.2376
0.2230, 0.2376
0.2230, 0.2376
0.2230, 0.2376
0.2230, 0.2376
0.2266, 0.2376
0.2266, 0.2376
0.2266, 0.2376
0.2266, 0.2376
0.2266, 0.2376
0.2266, 0.2376
0.2266, 0.2376
0.2266, 0.2376
0.2266, 0.2376
0.2266, 0.2376
0.2266, 0.2376
0.2266, 0.2376
0.2266, 0.2376
0.2302, 0.2376
0.2302, 0.2376
0.2302, 0.2376
0.2302, 0.2376
0.2302, 0.2376
0.2302, 0.2376
0.2302, 0.2376
0.2302, 0.2376
0.2302, 0.2376
0.2302, 0.2376
0.2302, 0.2376
0.2302, 0.2376
0.2302, 0.2376
0.2302, 0.2376
0.2302, 0.2376
0.2302, 0.2376
0.2302, 0.2376
0.2302, 0.2376
0.2302, 0.2376
0.2302, 0.2376
0.2302, 0.2376
0.2338, 0.2376
0.2338, 0.2376
0.2338, 0.2376
0.2338, 0.2376
0.2338, 0.2376
0.2338, 0.2376
0.2338, 0.2376
0.2338, 0.2376
0.2374, 0.2376
0.2374, 0.2376
0.2374, 0.2376
0.2374, 0.2376
0.2374, 0.2376
0.2374, 0.2376
0.2374, 0.2376
0.2374, 0.2376
0.2374, 0.2376
0.2374, 0.2376
0.2374, 0.2376
0.2374, 0.2376
0.2374, 0.2376
0.2374, 0.2376
0.2374, 0.2376
0.2374, 0.2376
0.2374, 0.2376
0.2374, 0.2376
0.2374, 0.2376
0.2410, 0.2376
0.2410, 0.2376
0.2410, 0.2376
0.2410, 0.2376
0.2410, 0.2376
0.2410, 0.2376
0.2410, 0.2376
0.2410, 0.2376
0.2410, 0.2376
0.2410, 0.2376
0.2410, 0.2376
0.2410, 0.2376
0.2410, 0.2376
0.2410, 0.2376
0.2410, 0.2376
0.2410, 0.2376
0.2410, 0.2376
0.2410, 0.2376
0.2410, 0.2376
0.2410, 0.2376
0.2410, 0.2376
0.2446, 0.2376
0.2446, 0.2376
0.2446, 0.2376
0.2446, 0.2376
0.2446, 0.2376
0.2446, 0.2376
0.2446, 0.2376
0.2446, 0.2376
0.2446, 0.2376
0.2446, 0.2376
0.2446, 0.2376
0.2446, 0.2376
0.2446, 0.2376
0.2446, 0.2376
0.2446, 0.2376
0.2446, 0.2376
0.2482, 0.2376
0.2482, 0.2376
0.2482, 0.2376
0.2482, 0.2376
0.2482, 0.2376
0.2482, 0.2376
0.2482, 0.2376
0.2482, 0.2376
0.2482, 0.2376
0.2482, 0.2376
0.2482, 0.2376
0.2482, 0.2376
0.2482, 0.2376
0.2482, 0.2376
0.2482, 0.2376
0.2482, 0.2376
0.2482, 0.2376
0.2482, 0.2376
0.2482, 0.2376
0.2482, 0.2376
0.2482, 0.2376
0.2482, 0.2376
0.2482, 0.2376
0.2482, 0.2376
0.2518, 0.2376
0.2518, 0.2376
0.2554, 0.2376
0.2554, 0.2376
0.2554, 0.2376
0.2554, 0.2376
0.2554, 0.2376
0.2554, 0.2376
0.2554, 0.2376
0.2554, 0.2376
0.2590, 0.2376
0.2590, 0.2376
0.2590, 0.2376
0.2590, 0.2376
0.2590, 0.2376
0.2590, 0.2376
0.2590, 0.2376
0.2590, 0.2376
0.2590, 0.2376
0.2590, 0.2376
0.2590, 0.2376
0.2590, 0.2376
0.2590, 0.2376
0.2590, 0.2376
0.2590, 0.2376
0.2590, 0.2376
0.2626, 0.2376
0.2626, 0.2376
0.2626, 0.2376
0.2626, 0.2376
0.2626, 0.2376
0.2626, 0.2376
0.2626, 0.2376
0.2626, 0.2376
0.2626, 0.2376
0.2626, 0.2376
0.2626, 0.2376
0.2626, 0.2376
0.2662, 0.2376
0.2662, 0.2376
0.2662, 0.2376
0.2662, 0.2376
0.2662, 0.2376
0.2662, 0.2376
0.2662, 0.2376
0.2662, 0.2376
0.2662, 0.2376
0.2662, 0.2376
0.2662, 0.2376
0.2662, 0.2376
0.2662, 0.2376
0.2662, 0.2376
0.2662, 0.2376
0.2662, 0.2376
0.2662, 0.2376
0.2698, 0.2376
0.2698, 0.2376
0.2698, 0.2376
0.2698, 0.2376
0.2698, 0.2376
0.2698, 0.2376
0.2698, 0.2376
0.2734, 0.2376
0.2734, 0.2376
0.2734, 0.2376
0.2734, 0.2376
0.2734, 0.2376
0.2734, 0.2376
0.2734, 0.2376
0.2734, 0.2376
0.2770, 0.2376
0.2770, 0.2376
0.2770, 0.2376
0.2770, 0.2376
0.2770, 0.2376
0.2770, 0.2376
0.2770, 0.2376
0.2770, 0.2376
0.2770, 0.2376
0.2770, 0.2376
0.2770, 0.2376
0.2770, 0.2376
0.2770, 0.2376
0.2770, 0.2376
0.2770, 0.2376
0.2770, 0.2376
0.2770, 0.2376
0.2770, 0.2376
0.2806, 0.2376
0.2806, 0.2376
0.2806, 0.2376
0.2806, 0.2376
0.2806, 0.2376
0.2806, 0.2376
0.2806, 0.2376
0.2806, 0.2376
0.2842, 0.2376
0.2842, 0.2376
0.2842, 0.2376
0.2842, 0.2376
0.2842, 0.2376
0.2842, 0.2376
0.2842, 0.2376
0.2842, 0.2376
0.2842, 0.2376
0.2842, 0.2376
0.2842, 0.2376
0.2842, 0.2376
0.2842, 0.2376
0.2842, 0.2376
0.2842, 0.2376
0.2842, 0.2376
0.2878, 0.2376
0.2878, 0.2376
0.2878, 0.2376
0.2878, 0.2376
0.2878, 0.2376
0.2878, 0.2376
0.2878, 0.2376
0.2914, 0.2351
0.2914, 0.2351
0.2914, 0.2351
0.2914, 0.2351
0.2914, 0.2351
0.2914, 0.2351
0.2914, 0.2351
0.2914, 0.2351
0.2950, 0.2351
0.2950, 0.2351
0.2950, 0.2351
0.2950, 0.2351
0.2950, 0.2351
0.2950, 0.2351
0.2950, 0.2351
0.2950, 0.2351
0.2950, 0.2351
0.2950, 0.2351
0.2950, 0.2351
0.2950, 0.2351
0.2950, 0.2351
0.2950, 0.2351
0.2950, 0.2351
0.2950, 0.2351
0.2950, 0.2351
0.2950, 0.2351
0.2950, 0.2351
0.2950, 0.2351
0.2950, 0.2327
0.2950, 0.2327
0.2950, 0.2327
0.2950, 0.2327
0.2950, 0.2327
0.2950, 0.2327
0.2950, 0.2327
0.2950, 0.2327
0.2950, 0.2327
0.2950, 0.2327
0.2950, 0.2327
0.2950, 0.2327
0.2986, 0.2327
0.2986, 0.2327
0.2986, 0.2327
0.2986, 0.2327
0.2986, 0.2327
0.2986, 0.2327
0.2986, 0.2327
0.2986, 0.2327
0.2986, 0.2327
0.2986, 0.2327
0.2986, 0.2327
0.2986, 0.2327
0.2986, 0.2327
0.2986, 0.2327
0.2986, 0.2327
0.2986, 0.2327
0.2986, 0.2327
0.2986, 0.2327
0.2986, 0.2327
0.3022, 0.2302
0.3022, 0.2302
0.3022, 0.2302
0.3022, 0.2302
0.3022, 0.2302
0.3022, 0.2302
0.3022, 0.2302
0.3022, 0.2277
0.3022, 0.2277
0.3022, 0.2277
0.3022, 0.2277
0.3022, 0.2277
0.3022, 0.2277
0.3022, 0.2277
0.3022, 0.2277
0.3022, 0.2277
0.3022, 0.2277
0.3022, 0.2277
0.3022, 0.2277
0.3022, 0.2252
0.3022, 0.2252
0.3022, 0.2252
0.3058, 0.2228
0.3058, 0.2228
0.3058, 0.2228
0.3058, 0.2228
0.3058, 0.2203
0.3058, 0.2203
0.3058, 0.2203
0.3058, 0.2203
0.3058, 0.2203
0.3058, 0.2203
0.3058, 0.2203
0.3058, 0.2203
0.3058, 0.2203
0.3058, 0.2203
0.3058, 0.2203
0.3058, 0.2203
0.3058, 0.2203
0.3094, 0.2178
0.3094, 0.2178
0.3094, 0.2178
0.3094, 0.2153
0.3094, 0.2153
0.3094, 0.2153
0.3094, 0.2153
0.3094, 0.2153
0.3094, 0.2153
0.3094, 0.2153
0.3094, 0.2153
0.3094, 0.2129
0.3094, 0.2129
0.3094, 0.2129
0.3094, 0.2129
0.3094, 0.2104
0.3094, 0.2104
0.3094, 0.2104
0.3094, 0.2104
0.3094, 0.2104
0.3094, 0.2104
0.3094, 0.2104
0.3094, 0.2079
0.3094, 0.2079
0.3094, 0.2079
0.3094, 0.2079
0.3094, 0.2079
0.3094, 0.2079
0.3094, 0.2079
0.3094, 0.2054
0.3094, 0.2054
0.3094, 0.2054
0.3094, 0.2054
0.3094, 0.2030
0.3094, 0.2030
0.3094, 0.2030
0.3094, 0.2030
0.3094, 0.2030
0.3094, 0.2030
0.3094, 0.2030
0.3094, 0.2030
0.3094, 0.2030
0.3094, 0.2030
0.3094, 0.2030
0.3094, 0.2005
0.3094, 0.2005
0.3094, 0.2005
0.3094, 0.2005
0.3094, 0.2005
0.3094, 0.2005
0.3094, 0.2005
0.3094, 0.1980
0.3094, 0.1980
0.3094, 0.1980
0.3094, 0.1980
0.3094, 0.1980
0.3094, 0.1980
0.3094, 0.1980
0.3094, 0.1980
0.3094, 0.1955
0.3094, 0.1955
0.3094, 0.1955
0.3094, 0.1955
0.3094, 0.1955
0.3094, 0.1955
0.3094, 0.1955
0.3094, 0.1955
0.3094, 0.1955
0.3094, 0.1931
0.3094, 0.1931
0.3094, 0.1931
0.3094, 0.1906
0.3094, 0.1906
0.3094, 0.1906
0.3094, 0.1906
0.3094, 0.1906
0.3094, 0.1906
0.3094, 0.1906
0.3094, 0.1881
0.3094, 0.1881
0.3094, 0.1881
0.3094, 0.1856
0.3094, 0.1856
0.3094, 0.1856
0.3094, 0.1856
0.3094, 0.1856
0.3094, 0.1856
0.3094, 0.1856
0.3094, 0.1856
0.3094, 0.1832
0.3094, 0.1832
0.3094, 0.1832
0.3094, 0.1832
0.3094, 0.1832
0.3094, 0.1832
0.3094, 0.1832
0.3094, 0.1807
0.3094, 0.1807
0.3094, 0.1807
0.3094, 0.1807
0.3094, 0.1807
0.3094, 0.1807
0.3094, 0.1807
0.3094, 0.1782
0.3094, 0.1782
0.3094, 0.1782
0.3094, 0.1782
0.3094, 0.1782
0.3094, 0.1782
0.3094, 0.1782
0.3094, 0.1782
0.3094, 0.1757
0.3094, 0.1757
0.3094, 0.1757
0.3094, 0.1757
0.3094, 0.1757
0.3094, 0.1757
0.3094, 0.1757
0.3094, 0.1733
0.3094, 0.1733
0.3094, 0.1733
0.3094, 0.1708
0.3094, 0.1708
0.3094, 0.1708
0.3094, 0.1708
0.3058, 0.1708
0.3058, 0.1708
0.3058, 0.1708
0.3058, 0.1708
0.3058, 0.1708
0.3058, 0.1683
0.3058, 0.1683
0.3058, 0.1683
0.3058, 0.1658
0.3058, 0.1658
0.3058, 0.1658
0.3058, 0.1658
0.3058, 0.1658
0.3058, 0.1658
0.3058, 0.1658
0.3058, 0.1658
0.3058, 0.1658
0.3058, 0.1658
0.3058, 0.1658
0.3058, 0.1634
0.3058, 0.1634
0.3058, 0.1634
0.3058, 0.1609
0.3058, 0.1609
0.3058, 0.1609
0.3022, 0.1584
0.3022, 0.1584
0.3022, 0.1584
0.3022, 0.1584
0.3022, 0.1584
0.3022, 0.1584
0.3022, 0.1584
0.3022, 0.1584
0.3022, 0.1584
0.3022, 0.1584
0.3022, 0.1584
0.3022, 0.1584
0.3022, 0.1584
0.3022, 0.1584
0.3022, 0.1584
0.3022, 0.1559
0.3022, 0.1559
0.3022, 0.1559
0.3022, 0.1559
0.3022, 0.1559
0.3022, 0.1559
0.3022, 0.1559
0.3022, 0.1535
0.3022, 0.1535
0.3022, 0.1535
0.3022, 0.1535
0.2986, 0.1535
0.2986, 0.1535
0.2986, 0.1535
0.2986, 0.1535
0.2986, 0.1535
0.2986, 0.1535
0.2986, 0.1535
0.2986, 0.1535
0.2986, 0.1535
0.2986, 0.1535
0.2986, 0.1535
0.2986, 0.1510
0.2986, 0.1510
0.2986, 0.1510
0.2986, 0.1510
0.2986, 0.1485
0.2986, 0.1485
0.2986, 0.1485
0.2986, 0.1485
0.2986, 0.1485
0.2986, 0.1485
0.2986, 0.1485
0.2986, 0.1485
0.2986, 0.1460
0.2986, 0.1460
0.2986, 0.1460
0.2986, 0.1460
0.2986, 0.1460
0.2986, 0.1460
0.2986, 0.1460
0.2986, 0.1460
0.2986, 0.1460
0.2986, 0.1460
0.2986, 0.1436
0.2986, 0.1436
0.2986, 0.1436
0.2986, 0.1436
0.2950, 0.1411
0.2950, 0.1411
0.2950, 0.1411
0.2950, 0.1411
0.2950, 0.1411
0.2950, 0.1411
0.2950, 0.1411
0.2950, 0.1411
0.2950, 0.1411
0.2950, 0.1411
0.2950, 0.1411
0.2950, 0.1411
0.2950, 0.1411
0.2950, 0.1411
0.2950, 0.1411
0.2950, 0.1386
0.2950, 0.1386
0.2950, 0.1386
0.2914, 0.1386
0.2914, 0.1386
0.2914, 0.1386
0.2914, 0.1386
0.2914, 0.1361
0.2914, 0.1361
0.2914, 0.1361
0.2914, 0.1361
0.2914, 0.1361
0.2914, 0.1361
0.2914, 0.1361
0.2914, 0.1361
0.2914, 0.1361
0.2914, 0.1361
0.2914, 0.1361
0.2914, 0.1337
0.2914, 0.1337
0.2914, 0.1337
0.2878, 0.1337
0.2878, 0.1337
0.2878, 0.1337
0.2878, 0.1312
0.2878, 0.1312
0.2878, 0.1312
0.2878, 0.1312
0.2878, 0.1312
0.2878, 0.1312
0.2878, 0.1312
0.2878, 0.1287
0.2878, 0.1287
0.2878, 0.1287
0.2878, 0.1287
0.2878, 0.1287
0.2878, 0.1287
0.2878, 0.1287
0.2878, 0.1287
0.2878, 0.1287
0.2878, 0.1287
0.2878, 0.1287
0.2878, 0.1287
0.2878, 0.1262
0.2878, 0.1262
0.2878, 0.1262
0.2878, 0.1262
0.2878, 0.1262
0.2878, 0.1262
0.2878, 0.1238
0.2878, 0.1238
0.2878, 0.1238
0.2878, 0.1238
0.2878, 0.1238
0.2878, 0.1238
0.2878, 0.1238
0.2878, 0.1238
0.2878, 0.1238
0.2878, 0.1238
0.2878, 0.1238
0.2878, 0.1238
0.2878, 0.1238
0.2878, 0.1238
0.2878, 0.1238
0.2878, 0.1213
0.2878, 0.1213
0.2878, 0.1213
0.2842, 0.1213
0.2842, 0.1213
0.2842, 0.1213
0.2842, 0.1213
0.2842, 0.1188
0.2842, 0.1188
0.2842, 0.1188
0.2842, 0.1188
0.2842, 0.1188
0.2842, 0.1188
0.2842, 0.1188
0.2842, 0.1163
0.2842, 0.1163
0.2842, 0.1163
0.2842, 0.1163
0.2842, 0.1163
0.2842, 0.1163
0.2842, 0.1163
0.2842, 0.1163
0.2842, 0.1163
0.2842, 0.1163
0.2842, 0.1163
0.2842, 0.1163
0.2842, 0.1163
0.2842, 0.1163
0.2842, 0.1139
0.2842, 0.1139
0.2842, 0.1139
0.2806, 0.1139
0.2806, 0.1139
0.2806, 0.1114
0.2806, 0.1114
0.2806, 0.1114
0.2806, 0.1114
0.2806, 0.1114
0.2806, 0.1114
0.2806, 0.1114
0.2806, 0.1114
0.2806, 0.1114
0.2806, 0.1114
0.2806, 0.1114
0.2806, 0.1114
0.2806, 0.1114
0.2806, 0.1114
0.2806, 0.1089
0.2806, 0.1089
0.2806, 0.1089
0.2806, 0.1089
0.2806, 0.1089
0.2806, 0.1089
0.2806, 0.1089
0.2806, 0.1064
0.2806, 0.1064
0.2806, 0.1064
0.2806, 0.1064
0.2806, 0.1064
0.2806, 0.1064
0.2806, 0.1064
0.2806, 0.1040
0.2806, 0.1040
0.2806, 0.1040
0.2806, 0.1040
0.2806, 0.1040
0.2806, 0.1040
0.2806, 0.1040
0.2806, 0.1040
0.2806, 0.1040
0.2806, 0.1040
0.2806, 0.1015
0.2806, 0.1015
0.2806, 0.1015
0.2806, 0.1015
0.2806, 0.1015
0.2806, 0.1015
0.2806, 0.1015
0.2806, 0.1015
0.2806, 0.0990
0.2806, 0.0990
0.2806, 0.0990
0.2806, 0.0990
0.2806, 0.0990
0.2806, 0.0990
0.2806, 0.0990
0.2806, 0.0990
0.2806, 0.0990
0.2806, 0.0990
0.2806, 0.0990
0.2806, 0.0990
0.2806, 0.0990
0.2806, 0.0965
0.2806, 0.0965
0.2806, 0.0965
0.2806, 0.0965
0.2806, 0.0965
0.2806, 0.0941
0.2806, 0.0941
0.2806, 0.0941
0.2806, 0.0916
0.2806, 0.0916
0.2806, 0.0916
0.2806, 0.0916
0.2806, 0.0916
0.2806, 0.0916
0.2806, 0.0916
0.2806, 0.0916
0.2806, 0.0916
0.2806, 0.0916
0.2806, 0.0916
0.2806, 0.0916
0.2806, 0.0916
0.2806, 0.0916
0.2806, 0.0916
0.2806, 0.0916
0.2806, 0.0916
0.2806, 0.0916
0.2806, 0.0916
0.2806, 0.0916
0.2806, 0.0916
0.2806, 0.0916
0.2806, 0.0891
0.2806, 0.0891
0.2806, 0.0891
0.2806, 0.0891
0.2806, 0.0891
0.2806, 0.0891
0.2806, 0.0866
0.2806, 0.0866
0.2806, 0.0866
0.2806, 0.0866
0.2806, 0.0866
0.2806, 0.0866
0.2806, 0.0866
0.2806, 0.0866
0.2806, 0.0866
0.2806, 0.0866
0.2806, 0.0866
0.2806, 0.0842
0.2806, 0.0842
0.2806, 0.0842
0.2806, 0.0817
0.2806, 0.0817
0.2806, 0.0817
0.2806, 0.0817
0.2806, 0.0817
0.2806, 0.0817
0.2806, 0.0817
0.2806, 0.0817
0.2806, 0.0792
0.2806, 0.0792
0.2806, 0.0792
0.2806, 0.0792
0.2806, 0.0792
0.2806, 0.0792
0.2806, 0.0792
0.2806, 0.0792
0.2806, 0.0792
0.2806, 0.0792
0.2806, 0.0792
0.2806, 0.0792
0.2806, 0.0792
0.2806, 0.0792
0.2806, 0.0792
0.2806, 0.0767
0.2806, 0.0767
0.2806, 0.0767
0.2806, 0.0743
0.2806, 0.0743
0.2806, 0.0743
0.2806, 0.0743
0.2806, 0.0743
0.2806, 0.0743
0.2806, 0.0743
0.2806, 0.0743
0.2806, 0.0743
0.2806, 0.0743
0.2806, 0.0718
0.2806, 0.0718
0.2806, 0.0718
0.2806, 0.0718
0.2806, 0.0718
0.2806, 0.0718
0.2806, 0.0693
0.2806, 0.0693
0.2806, 0.0693
0.2806, 0.0693
0.2806, 0.0693
0.2806, 0.0693
0.2806, 0.0693
0.2806, 0.0693
0.2806, 0.0693
0.2806, 0.0693
0.2806, 0.0693
0.2806, 0.0693
0.2806, 0.0693
0.2806, 0.0668
0.2806, 0.0668
0.2806, 0.0668
0.2806, 0.0668
0.2806, 0.0668
0.2806, 0.0668
0.2806, 0.0668
0.2806, 0.0644
0.2806, 0.0644
0.2806, 0.0644
0.2806, 0.0644
0.2806, 0.0644
0.2806, 0.0644
0.2806, 0.0644
0.2806, 0.0619
0.2806, 0.0619
0.2806, 0.0619
0.2806, 0.0619
0.2806, 0.0619
0.2806, 0.0619
0.2806, 0.0619
0.2806, 0.0619
0.2806, 0.0619
0.2806, 0.0594
0.2806, 0.0594
0.2806, 0.0594
0.2806, 0.0594
0.2806, 0.0594
0.2806, 0.0594
0.2806, 0.0569
0.2806, 0.0569
0.2806, 0.0569
0.2806, 0.0569
0.2806, 0.0569
0.2806, 0.0569
0.2806, 0.0569
0.2806, 0.0569
0.2806, 0.0569
0.2806, 0.0569
0.2806, 0.0569
0.2806, 0.0569
0.2806, 0.0569
0.2806, 0.0569
0.2806, 0.0545
0.2806, 0.0545
0.2806, 0.0545
0.2806, 0.0545
0.2806, 0.0520
0.2806, 0.0520
0.2806, 0.0520
0.2806, 0.0520
0.2806, 0.0520
0.2806, 0.0520
0.2806, 0.0495
0.2806, 0.0495
0.2806, 0.0495
0.2806, 0.0495
0.2806, 0.0495
0.2806, 0.0495
0.2806, 0.0495
0.2806, 0.0495
0.2806, 0.0495
0.2806, 0.0495
0.2806, 0.0470
0.2806, 0.0470
0.2806, 0.0470
0.2806, 0.0470
0.2806, 0.0470
0.2806, 0.0470
0.2806, 0.0470
0.2806, 0.0446
0.2806, 0.0446
0.2806, 0.0446
0.2806, 0.0446
0.2806, 0.0446
0.2806, 0.0446
0.2806, 0.0446
0.2806, 0.0446
0.2806, 0.0446
0.2806, 0.0446
0.2806, 0.0421
0.2806, 0.0421
0.2806, 0.0421
0.2806, 0.0421
0.2806, 0.0421
0.2806, 0.0421
0.2806, 0.0421
0.2806, 0.0421
0.2806, 0.0396
0.2806, 0.0396
0.2806, 0.0396
0.2842, 0.0396
0.2842, 0.0396
0.2842, 0.0396
0.2842, 0.0396
0.2842, 0.0396
0.2842, 0.0396
0.2842, 0.0371
0.2842, 0.0371
0.2842, 0.0371
0.2842, 0.0371
0.2842, 0.0371
0.2842, 0.0371
0.2842, 0.0371
0.2842, 0.0371
0.2842, 0.0371
0.2842, 0.0371
0.2842, 0.0371
0.2842, 0.0347
0.2842, 0.0347
0.2842, 0.0347
0.2842, 0.0347
0.2842, 0.0347
0.2842, 0.0347
0.2842, 0.0347
0.2842, 0.0322
0.2842, 0.0322
0.2842, 0.0322
0.2878, 0.0322
0.2878, 0.0322
0.2878, 0.0322
0.2878, 0.0297
0.2878, 0.0297
0.2878, 0.0297
0.2914, 0.0272
0.2914, 0.0248
0.2914, 0.0248
0.2914, 0.0248
0.2950, 0.0248
0.2950, 0.0248
0.2950, 0.0248
0.2950, 0.0223
0.2950, 0.0223
0.2950, 0.0223
0.2950, 0.0223
0.2950, 0.0223
0.2950, 0.0223
0.2950, 0.0223
0.2950, 0.0223
0.2950, 0.0223
0.2950, 0.0223
0.2950, 0.0198
0.2950, 0.0198
0.2950, 0.0198
0.2950, 0.0198
0.2950, 0.0198
0.2950, 0.0198
0.2986, 0.0198
0.2986, 0.0198
0.2986, 0.0198
0.2986, 0.0198
0.2986, 0.0198
0.2986, 0.0198
0.2986, 0.0198
0.2986, 0.0198
0.2986, 0.0198
0.2986, 0.0198
0.2986, 0.0198
0.2986, 0.0198
0.2986, 0.0198
0.3022, 0.0173
0.3022, 0.0173
0.3022, 0.0173
0.3022, 0.0173
0.3022, 0.0173
0.3022, 0.0173
0.3022, 0.0173
0.3022, 0.0149
0.3022, 0.0149
0.3022, 0.0149
0.3022, 0.0149
0.3022, 0.0149
0.3022, 0.0149
0.3058, 0.0124
0.3058, 0.0124
0.3058, 0.0124
0.3058, 0.0124
0.3094, 0.0124
0.3094, 0.0124
0.3094, 0.0124
0.3094, 0.0124
0.3094, 0.0124
0.3094, 0.0124
0.3094, 0.0124
0.3094, 0.0124
0.3094, 0.0124
0.3094, 0.0124
0.3094, 0.0124
0.3129, 0.0124
0.3129, 0.0124
0.3129, 0.0124
0.3129, 0.0099
0.3129, 0.0099
0.3129, 0.0099
0.3165, 0.0099
0.3165, 0.0099
0.3165, 0.0099
0.3165, 0.0099
0.3165, 0.0099
0.3165, 0.0099
0.3165, 0.0099
0.3201, 0.0074
0.3201, 0.0074
0.3201, 0.0074
0.3201, 0.0074
0.3201, 0.0074
0.3201, 0.0074
0.3201, 0.0074
0.3201, 0.0074
0.3201, 0.0074
0.3201, 0.0074
0.3237, 0.0074
0.3237, 0.0074
0.3237, 0.0074
0.3273, 0.0074
0.3273, 0.0074
0.3273, 0.0074
0.3273, 0.0074
0.3273, 0.0074
0.3273, 0.0074
0.3273, 0.0074
0.3273, 0.0074
0.3273, 0.0074
0.3273, 0.0074
0.3309, 0.0074
0.3309, 0.0074
0.3309, 0.0074
0.3345, 0.0050
0.3345, 0.0050
0.3345, 0.0050
0.3381, 0.0050
0.3381, 0.0050
0.3381, 0.0050
0.3381, 0.0050
0.3381, 0.0050
0.3381, 0.0050
0.3381, 0.0050
0.3381, 0.0050
0.3381, 0.0050
0.3381, 0.0050
0.3381, 0.0050
0.3381, 0.0050
0.3381, 0.0050
0.3381, 0.0050
0.3381, 0.0050
0.3417, 0.0050
0.3417, 0.0050
0.3417, 0.0050
0.3417, 0.0050
0.3417, 0.0050
0.3417, 0.0050
0.3453, 0.0025
0.3453, 0.0025
0.3453, 0.0025
0.3453, 0.0025
0.3453, 0.0025
0.3453, 0.0025
0.3489, 0.0025
0.3489, 0.0025
0.3489, 0.0025
0.3489, 0.0025
0.3525, 0.0025
0.3525, 0.0025
0.3525, 0.0025
0.3561, 0.0025
0.3561, 0.0025
0.3561, 0.0025
0.3561, 0.0025
0.3561, 0.0025
0.3561, 0.0025
0.3561, 0.0000
0.3561, 0.0000
0.3561, 0.0000
0.3597, 0.0000
0.3597, 0.0000
0.3597, 0.0000
0.3633, 0.0000
0.3633, 0.0000
0.3633, 0.0000
0.3633, 0.0000
0.3633, 0.0000
0.3633, 0.0000
0.3633, 0.0000
0.3633, 0.0000
0.3633, 0.0000
0.3633, 0.0000
0.3633, 0.0000
0.3669, 0.0000
0.3669, 0.0000
0.3669, 0.0000
0.3669, 0.0000
0.3669, 0.0000
0.3669, 0.0000
0.3705, 0.0000
0.3705, 0.0000
0.3705, 0.0000
0.3741, 0.0000
0.3741, 0.0000
0.3741, 0.0000
0.3741, 0.0000
0.3741, 0.0000
0.3741, 0.0000
0.3741, 0.0000
0.3741, 0.0000
0.3777, 0.0000
0.3777, 0.0000
0.3777, 0.0000
0.3777, 0.0000
0.3777, 0.0000
0.3813, 0.0000
0.3813, 0.0000
0.3813, 0.0000
0.3813, 0.0000
0.3813, 0.0000
0.3813, 0.0000
0.3813, 0.0000
0.3813, 0.0000
0.3813, 0.0000
0.3813, 0.0000
0.3849, 0.0000
0.3849, 0.0000
0.3849, 0.0000
0.3885, 0.0000
0.3885, 0.0000
0.3885, 0.0000
0.3885, 0.0000
0.3921, 0.0000
0.3921, 0.0000
0.3921, 0.0000
0.3921, 0.0000
0.3921, 0.0000
0.3921, 0.0000
0.3921, 0.0000
0.3921, 0.0000
0.3921, 0.0000
0.3921, 0.0000
0.3957, 0.0000
0.3957, 0.0000
0.3957, 0.0000
0.3993, 0.0000
0.3993, 0.0000
0.3993, 0.0000
0.3993, 0.0000
0.3993, 0.0000
0.3993, 0.0000
0.4029, 0.0000
0.4029, 0.0000
0.4029, 0.0000
0.4029, 0.0000
0.4029, 0.0000
0.4029, 0.0000
0.4065, 0.0000
0.4065, 0.0000
0.4065, 0.0000
0.4101, 0.0000
0.4101, 0.0000
0.4101, 0.0000
0.4101, 0.0000
0.4101, 0.0000
0.4101, 0.0000
0.4101, 0.0000
0.4101, 0.0000
0.4101, 0.0000
0.4101, 0.0000
0.4137, 0.0000
0.4137, 0.0000
0.4137, 0.0000
0.4173, 0.0000
0.4173, 0.0000
0.4173, 0.0000
0.4173, 0.0000
0.4173, 0.0000
0.4173, 0.0000
0.4173, 0.0000
0.4173, 0.0000
0.4173, 0.0000
0.4173, 0.0025
0.4173, 0.0025
0.4173, 0.0025
0.4209, 0.0025
0.4209, 0.0025
0.4209, 0.0025
0.4245, 0.0025
0.4245, 0.0025
0.4245, 0.0025
0.4245, 0.0050
0.4245, 0.0050
0.4245, 0.0050
0.4245, 0.0050
0.4245, 0.0050
0.4245, 0.0050
0.4245, 0.0050
0.4281, 0.0050
0.4281, 0.0050
0.4281, 0.0050
0.4317, 0.0050
0.4317, 0.0050
0.4317, 0.0050
0.4317, 0.0050
0.4317, 0.0050
0.4317, 0.0050
0.4353, 0.0050
0.4353, 0.0050
0.4353, 0.0050
0.4353, 0.0074
0.4353, 0.0074
0.4353, 0.0074
0.4353, 0.0074
0.4353, 0.0074
0.4353, 0.0074
0.4353, 0.0074
0.4353, 0.0074
0.4353, 0.0074
0.4353, 0.0074
0.4388, 0.0074
0.4388, 0.0074
0.4388, 0.0074
0.4424, 0.0099
0.4424, 0.0099
0.4424, 0.0099
0.4424, 0.0099
0.4424, 0.0099
0.4424, 0.0099
0.4424, 0.0099
0.4460, 0.0099
0.4460, 0.0099
0.4460, 0.0099
0.4460, 0.0099
0.4460, 0.0099
0.4460, 0.0099
0.4496, 0.0124
0.4496, 0.0124
0.4496, 0.0124
0.4532, 0.0124
0.4532, 0.0124
0.4532, 0.0124
0.4532, 0.0149
0.4532, 0.0149
0.4532, 0.0149
0.4532, 0.0149
0.4532, 0.0149
0.4532, 0.0149
0.4568, 0.0149
0.4568, 0.0149
0.4568, 0.0149
0.4568, 0.0173
0.4568, 0.0173
0.4568, 0.0173
0.4604, 0.0173
0.4604, 0.0173
0.4604, 0.0173
0.4604, 0.0173
0.4604, 0.0173
0.4604, 0.0173
0.4640, 0.0173
0.4640, 0.0173
0.4640, 0.0173
0.4640, 0.0173
0.4640, 0.0173
0.4640, 0.0173
0.4676, 0.0198
0.4676, 0.0198
0.4676, 0.0198
0.4712, 0.0223
0.4712, 0.0223
0.4712, 0.0223
0.4712, 0.0223
0.4712, 0.0223
0.4712, 0.0223
0.4748, 0.0223
0.4748, 0.0223
0.4748, 0.0223
0.4748, 0.0223
0.4748, 0.0223
0.4784, 0.0223
0.4784, 0.0223
0.4784, 0.0248
0.4784, 0.0248
0.4784, 0.0248
0.4784, 0.0248
0.4784, 0.0248
0.4784, 0.0248
0.4784, 0.0248
0.4784, 0.0248
0.4784, 0.0248
0.4784, 0.0248
0.4784, 0.0272
0.4784, 0.0272
0.4784, 0.0272
0.4820, 0.0272
0.4820, 0.0272
0.4820, 0.0272
0.4820, 0.0272
0.4820, 0.0272
0.4820, 0.0272
0.4856, 0.0297
0.4856, 0.0297
0.4856, 0.0297
0.4892, 0.0297
0.4892, 0.0297
0.4892, 0.0297
0.4892, 0.0297
0.4892, 0.0297
0.4892, 0.0297
0.4892, 0.0322
0.4892, 0.0322
0.4892, 0.0322
0.4928, 0.0322
0.4928, 0.0322
0.4928, 0.0322
0.4928, 0.0347
0.4928, 0.0347
0.4928, 0.0347
0.4964, 0.0347
0.4964, 0.0347
0.4964, 0.0347
0.4964, 0.0347
0.4964, 0.0347
0.4964, 0.0347
0.4964, 0.0347
0.4964, 0.0347
0.4964, 0.0347
0.4964, 0.0347
0.4964, 0.0347
0.4964, 0.0347
0.4964, 0.0347
0.4964, 0.0347
0.4964, 0.0347
0.4964, 0.0347
0.5000, 0.0371
0.5000, 0.0371
0.5000, 0.0371
0.5000, 0.0371
0.5036, 0.0396
0.5036, 0.0396
0.5036, 0.0396
0.5036, 0.0396
0.5036, 0.0396
0.5036, 0.0396
0.5072, 0.0421
0.5072, 0.0421
0.5072, 0.0421
0.5072, 0.0421
0.5072, 0.0421
0.5072, 0.0421
0.5072, 0.0421
0.5072, 0.0421
0.5072, 0.0421
0.5072, 0.0446
0.5072, 0.0446
0.5072, 0.0446
0.5108, 0.0446
0.5108, 0.0446
0.5108, 0.0446
0.5108, 0.0470
0.5108, 0.0470
0.5108, 0.0470
0.5108, 0.0470
0.5108, 0.0470
0.5144, 0.0470
0.5144, 0.0470
0.5144, 0.0470
0.5144, 0.0470
0.5144, 0.0470
0.5144, 0.0470
0.5144, 0.0470
0.5144, 0.0470
0.5144, 0.0470
0.5144, 0.0470
0.5144, 0.0495
0.5144, 0.0495
0.5180, 0.0495
0.5180, 0.0495
0.5180, 0.0495
0.5216, 0.0520
0.5216, 0.0520
0.5216, 0.0520
0.5216, 0.0520
0.5216, 0.0520
0.5216, 0.0520
0.5216, 0.0520
0.5252, 0.0545
0.5252, 0.0545
0.5252, 0.0545
0.5252, 0.0545
0.5252, 0.0545
0.5252, 0.0545
0.5252, 0.0545
0.5288, 0.0569
0.5288, 0.0569
0.5288, 0.0569
0.5288, 0.0569
0.5288, 0.0569
0.5288, 0.0569
0.5324, 0.0594
0.5324, 0.0594
0.5324, 0.0594
0.5324, 0.0594
0.5324, 0.0594
0.5324, 0.0594
0.5324, 0.0594
0.5324, 0.0594
0.5324, 0.0594
0.5324, 0.0594
0.5324, 0.0594
0.5324, 0.0594
0.5324, 0.0594
0.5360, 0.0619
0.5360, 0.0619
0.5396, 0.0644
0.5396, 0.0644
0.5396, 0.0644
0.5396, 0.0644
0.5396, 0.0644
0.5396, 0.0644
0.5396, 0.0668
0.5396, 0.0668
0.5396, 0.0668
0.5432, 0.0668
0.5432, 0.0668
0.5432, 0.0668
0.5432, 0.0668
0.5432, 0.0668
0.5432, 0.0668
0.5468, 0.0693
0.5468, 0.0693
0.5468, 0.0693
0.5468, 0.0718
0.5468, 0.0718
0.5468, 0.0718
0.5504, 0.0718
0.5504, 0.0718
0.5504, 0.0718
0.5504, 0.0718
0.5504, 0.0718
0.5504, 0.0718
0.5504, 0.0718
0.5504, 0.0718
0.5504, 0.0718
0.5504, 0.0718
0.5504, 0.0743
0.5540, 0.0767
0.5540, 0.0767
0.5576, 0.0767
0.5576, 0.0767
0.5576, 0.0767
0.5576, 0.0767
0.5576, 0.0767
0.5576, 0.0767
0.5576, 0.0792
0.5576, 0.0792
0.5576, 0.0792
0.5576, 0.0792
0.5576, 0.0792
0.5576, 0.0792
0.5612, 0.0817
0.5612, 0.0817
0.5612, 0.0817
0.5612, 0.0842
0.5612, 0.0842
0.5612, 0.0842
0.5647, 0.0842
0.5647, 0.0842
0.5647, 0.0842
0.5647, 0.0842
0.5647, 0.0842
0.5647, 0.0842
0.5683, 0.0842
0.5683, 0.0842
0.5683, 0.0842
0.5683, 0.0866
0.5683, 0.0866
0.5683, 0.0866
0.5683, 0.0866
0.5683, 0.0866
0.5683, 0.0866
0.5683, 0.0866
0.5683, 0.0866
0.5683, 0.0866
0.5683, 0.0891
0.5683, 0.0891
0.5683, 0.0891
0.5683, 0.0891
0.5683, 0.0891
0.5683, 0.0891
0.5719, 0.0891
0.5719, 0.0891
0.5719, 0.0891
0.5719, 0.0916
0.5719, 0.0916
0.5719, 0.0916
0.5755, 0.0916
0.5755, 0.0916
0.5755, 0.0916
0.5755, 0.0941
0.5755, 0.0941
0.5755, 0.0941
0.5755, 0.0941
0.5755, 0.0965
0.5755, 0.0965
0.5755, 0.0965
0.5755, 0.0965
0.5755, 0.0965
0.5755, 0.0965
0.5791, 0.0965
0.5791, 0.0965
0.5791, 0.0965
0.5827, 0.0990
0.5827, 0.0990
0.5827, 0.0990
0.5827, 0.1015
0.5827, 0.1015
0.5863, 0.1015
0.5863, 0.1015
0.5863, 0.1015
0.5863, 0.1015
0.5863, 0.1015
0.5863, 0.1015
0.5863, 0.1015
0.5863, 0.1015
0.5863, 0.1015
0.5863, 0.1040
0.5863, 0.1040
0.5863, 0.1040
0.5863, 0.1040
0.5863, 0.1040
0.5863, 0.1040
0.5899, 0.1064
0.5899, 0.1064
0.5899, 0.1064
0.5899, 0.1064
0.5899, 0.1064
0.5899, 0.1064
0.5935, 0.1064
0.5935, 0.1064
0.5935, 0.1064
0.5935, 0.1089
0.5935, 0.1089
0.5935, 0.1089
0.5935, 0.1089
0.5935, 0.1089
0.5935, 0.1089
0.5935, 0.1089
0.5935, 0.1089
0.5935, 0.1089
0.5971, 0.1114
0.5971, 0.1114
0.5971, 0.1114
0.5971, 0.1114
0.6007, 0.1139
0.6007, 0.1139
0.6007, 0.1139
0.6007, 0.1139
0.6007, 0.1139
0.6007, 0.1139
0.6043, 0.1139
0.6043, 0.1139
0.6043, 0.1139
0.6043, 0.1163
0.6043, 0.1163
0.6043, 0.1163
0.6043, 0.1163
0.6043, 0.1163
0.6043, 0.1163
0.6043, 0.1188
0.6043, 0.1188
0.6043, 0.1188
0.6079, 0.1188
0.6079, 0.1188
0.6079, 0.1188
0.6079, 0.1213
0.6079, 0.1213
0.6079, 0.1213
0.6079, 0.1213
0.6079, 0.1213
0.6079, 0.1213
0.6115, 0.1213
0.6115, 0.1213
0.6115, 0.1213
0.6115, 0.1238
0.6115, 0.1238
0.6115, 0.1238
0.6115, 0.1262
0.6115, 0.1262
0.6151, 0.1262
0.6151, 0.1262
0.6151, 0.1262
0.6151, 0.1262
0.6151, 0.1262
0.6151, 0.1262
0.6187, 0.1287
0.6187, 0.1287
0.6187, 0.1287
0.6223, 0.1312
0.6223, 0.1312
0.6223, 0.1312
0.6223, 0.1337
0.6223, 0.1337
0.6223, 0.1337
0.6223, 0.1337
0.6223, 0.1337
0.6223, 0.1337
0.6223, 0.1337
0.6259, 0.1337
0.6259, 0.1337
0.6259, 0.1337
0.6259, 0.1361
0.6259, 0.1361
0.6259, 0.1361
0.6295, 0.1386
0.6295, 0.1386
0.6295, 0.1386
0.6295, 0.1386
0.6295, 0.1386
0.6295, 0.1386
0.6295, 0.1411
0.6295, 0.1411
0.6295, 0.1411
0.6295, 0.1411
0.6295, 0.1411
0.6295, 0.1411
0.6331, 0.1436
0.6331, 0.1436
0.6331, 0.1460
0.6331, 0.1460
0.6331, 0.1460
0.6367, 0.1460
0.6367, 0.1460
0.6367, 0.1460
0.6367, 0.1460
0.6367, 0.1460
0.6367, 0.1460
0.6367, 0.1485
0.6367, 0.1485
0.6367, 0.1485
0.6403, 0.1485
0.6403, 0.1485
0.6403, 0.1485
0.6403, 0.1510
0.6403, 0.1510
0.6403, 0.1510
0.6403, 0.1510
0.6403, 0.1510
0.6403, 0.1510
0.6403, 0.1510
0.6403, 0.1510
0.6403, 0.1510
0.6439, 0.1535
0.6439, 0.1535
0.6439, 0.1535
0.6439, 0.1559
0.6439, 0.1559
0.6439, 0.1559
0.6439, 0.1559
0.6439, 0.1559
0.6475, 0.1559
0.6475, 0.1559
0.6475, 0.1584
0.6475, 0.1584
0.6475, 0.1609
0.6475, 0.1609
0.6475, 0.1609
0.6475, 0.1609
0.6475, 0.1609
0.6475, 0.1609
0.6511, 0.1634
0.6511, 0.1634
0.6511, 0.1634
0.6511, 0.1634
0.6511, 0.1634
0.6511, 0.1634
0.6547, 0.1634
0.6547, 0.1634
0.6547, 0.1634
0.6547, 0.1658
0.6547, 0.1658
0.6547, 0.1658
0.6547, 0.1683
0.6547, 0.1683
0.6547, 0.1683
0.6547, 0.1683
0.6547, 0.1683
0.6547, 0.1683
0.6583, 0.1683
0.6583, 0.1683
0.6583, 0.1708
0.6583, 0.1708
0.6583, 0.1708
0.6619, 0.1733
0.6619, 0.1733
0.6619, 0.1733
0.6619, 0.1733
0.6619, 0.1733
0.6619, 0.1733
0.6619, 0.1757
0.6619, 0.1757
0.6619, 0.1757
0.6655, 0.1757
0.6655, 0.1757
0.6655, 0.1757
0.6655, 0.1782
0.6655, 0.1782
0.6655, 0.1782
0.6655, 0.1782
0.6655, 0.1782
0.6655, 0.1807
0.6655, 0.1807
0.6655, 0.1807
0.6655, 0.1807
0.6691, 0.1807
0.6691, 0.1807
0.6691, 0.1807
0.6691, 0.1832
0.6691, 0.1832
0.6691, 0.1832
0.6691, 0.1832
0.6691, 0.1832
0.6691, 0.1832
0.6727, 0.1856
0.6727, 0.1856
0.6727, 0.1856
0.6727, 0.1856
0.6727, 0.1856
0.6727, 0.1856
0.6727, 0.1881
0.6727, 0.1881
0.6727, 0.1881
0.6727, 0.1881
0.6727, 0.1881
0.6727, 0.1881
0.6763, 0.1906
0.6763, 0.1906
0.6763, 0.1931
0.6763, 0.1931
0.6763, 0.1931
0.6799, 0.1931
0.6799, 0.1931
0.6799, 0.1931
0.6799, 0.1955
0.6799, 0.1955
0.6799, 0.1955
0.6799, 0.1955
0.6799, 0.1955
0.6799, 0.1955
0.6835, 0.1980
0.6835, 0.1980
0.6835, 0.1980
0.6835, 0.2005
0.6835, 0.2005
0.6835, 0.2005
0.6835, 0.2005
0.6835, 0.2005
0.6835, 0.2005
0.6835, 0.2005
0.6835, 0.2005
0.6835, 0.2030
0.6835, 0.2030
0.6835, 0.2030
0.6835, 0.2054
0.6835, 0.2054
0.6871, 0.2054
0.6871, 0.2054
0.6871, 0.2054
0.6871, 0.2054
0.6906, 0.2079
0.6906, 0.2079
0.6906, 0.2079
0.6906, 0.2104
0.6906, 0.2104
0.6906, 0.2104
0.6906, 0.2129
0.6906, 0.2129
0.6906, 0.2129
0.6906, 0.2129
0.6906, 0.2129
0.6906, 0.2129
0.6942, 0.2153
0.6942, 0.2153
0.6942, 0.2178
0.6942, 0.2178
0.6942, 0.2178
0.6978, 0.2178
0.6978, 0.2178
0.6978, 0.2178
0.6978, 0.2178
0.6978, 0.2178
0.6978, 0.2178
0.6978, 0.2178
0.6978, 0.2178
0.6978, 0.2178
0.6978, 0.2203
0.6978, 0.2203
0.6978, 0.2203
0.7014, 0.2203
0.7014, 0.2203
0.7014, 0.2203
0.7014, 0.2228
0.7014, 0.2228
0.7014, 0.2228
0.7014, 0.2228
0.7014, 0.2228
0.7014, 0.2252
0.7014, 0.2252
0.7014, 0.2252
0.7014, 0.2252
0.7014, 0.2252
0.7014, 0.2252
0.7014, 0.2252
0.7014, 0.2252
0.7014, 0.2252
0.7050, 0.2252
0.7050, 0.2252
0.7050, 0.2277
0.7050, 0.2277
0.7050, 0.2277
0.7050, 0.2277
0.7050, 0.2277
0.7050, 0.2302
0.7050, 0.2302
0.7050, 0.2302
0.7086, 0.2302
0.7086, 0.2302
0.7086, 0.2302
0.7086, 0.2302
0.7086, 0.2302
0.7086, 0.2302
0.7086, 0.2302
0.7086, 0.2302
0.7086, 0.2302
0.7086, 0.2327
0.7086, 0.2327
0.7086, 0.2327
0.7086, 0.2327
0.7086, 0.2327
0.7122, 0.2351
0.7122, 0.2351
0.7122, 0.2351
0.7122, 0.2351
0.7122, 0.2351
0.7122, 0.2351
0.7122, 0.2351
0.7122, 0.2351
0.7122, 0.2351
0.7158, 0.2351
0.7158, 0.2351
0.7158, 0.2351
0.7158, 0.2351
0.7158, 0.2351
0.7158, 0.2351
0.7158, 0.2376
0.7158, 0.2376
0.7158, 0.2376
0.7158, 0.2376
0.7158, 0.2376
0.7158, 0.2376
0.7194, 0.2376
0.7194, 0.2376
0.7194, 0.2401
0.7194, 0.2401
0.7194, 0.2401
0.7194, 0.2401
0.7194, 0.2401
0.7194, 0.2401
0.7194, 0.2426
0.7194, 0.2426
0.7194, 0.2426
0.7194, 0.2426
0.7194, 0.2426
0.7194, 0.2426
0.7230, 0.2450
0.7230, 0.2450
0.7230, 0.2450
0.7230, 0.2450
0.7230, 0.2450
0.7230, 0.2450
0.7266, 0.2475
0.7266, 0.2475
0.7266, 0.2475
0.7266, 0.2475
0.7266, 0.2475
0.7266, 0.2475
0.7266, 0.2475
0.7266, 0.2475
0.7266, 0.2475
0.7266, 0.2475
0.7266, 0.2475
0.7266, 0.2500
0.7266, 0.2500
0.7266, 0.2500
0.7266, 0.2500
0.7266, 0.2500
0.7266, 0.2500
0.7302, 0.2500
0.7302, 0.2500
0.7302, 0.2525
0.7302, 0.2525
0.7302, 0.2525
0.7302, 0.2525
0.7302, 0.2525
0.7302, 0.2525
0.7302, 0.2550
0.7302, 0.2550
0.7302, 0.2550
0.7338, 0.2550
0.7338, 0.2550
0.7338, 0.2550
0.7338, 0.2550
0.7338, 0.2550
0.7338, 0.2550
0.7338, 0.2550
0.7338, 0.2550
0.7374, 0.2574
0.7374, 0.2574
0.7374, 0.2574
0.7374, 0.2599
0.7374, 0.2599
0.7374, 0.2599
0.7374, 0.2599
0.7410, 0.2599
0.7410, 0.2599
0.7410, 0.2599
0.7410, 0.2624
0.7410, 0.2624
0.7446, 0.2649
0.7446, 0.2649
0.7446, 0.2649
0.7446, 0.2649
0.7446, 0.2649
0.7446, 0.2649
0.7446, 0.2673
0.7446, 0.2673
0.7446, 0.2673
0.7446, 0.2673
0.7446, 0.2673
0.7446, 0.2673
0.7446, 0.2673
0.7446, 0.2673
0.7482, 0.2698
0.7482, 0.2698
0.7482, 0.2698
0.7482, 0.2698
0.7482, 0.2698
0.7482, 0.2698
0.7482, 0.2723
0.7482, 0.2723
0.7518, 0.2723
0.7518, 0.2723
0.7518, 0.2723
0.7518, 0.2723
0.7518, 0.2723
0.7518, 0.2723
0.7554, 0.2748
0.7554, 0.2748
0.7554, 0.2748
0.7554, 0.2748
0.7554, 0.2748
0.7554, 0.2748
0.7554, 0.2772
0.7554, 0.2772
0.7554, 0.2772
0.7554, 0.2797
0.7554, 0.2797
0.7554, 0.2797
0.7554, 0.2797
0.7554, 0.2797
0.7590, 0.2797
0.7590, 0.2797
0.7590, 0.2822
0.7590, 0.2822
0.7626, 0.2822
0.7626, 0.2822
0.7626, 0.2847
0.7626, 0.2847
0.7626, 0.2847
0.7626, 0.2847
0.7626, 0.2847
0.7626, 0.2847
0.7626, 0.2847
0.7626, 0.2847
0.7626, 0.2871
0.7626, 0.2871
0.7626, 0.2871
0.7626, 0.2871
0.7626, 0.2871
0.7626, 0.2871
0.7662, 0.2896
0.7662, 0.2896
0.7662, 0.2896
0.7662, 0.2896
0.7662, 0.2896
0.7662, 0.2896
0.7662, 0.2896
0.7662, 0.2896
0.7662, 0.2921
0.7662, 0.2921
0.7662, 0.2921
0.7698, 0.2921
0.7698, 0.2921
0.7698, 0.2921
0.7698, 0.2921
0.7698, 0.2921
0.7698, 0.2921
0.7698, 0.2921
0.7698, 0.2921
0.7698, 0.2921
0.7698, 0.2921
0.7698, 0.2921
0.7698, 0.2921
0.7698, 0.2921
0.7698, 0.2946
0.7698, 0.2946
0.7698, 0.2946
0.7698, 0.2946
0.7698, 0.2946
0.7734, 0.2970
0.7734, 0.2970
0.7734, 0.2970
0.7734, 0.2970
0.7734, 0.2970
0.7734, 0.2970
0.7734, 0.2970
0.7770, 0.2970
0.7770, 0.2970
0.7770, 0.2970
0.7770, 0.2995
0.7770, 0.2995
0.7806, 0.3020
0.7806, 0.3020
0.7806, 0.3020
0.7806, 0.3020
0.7806, 0.3020
0.7806, 0.3020
0.7806, 0.3020
0.7806, 0.3020
0.7806, 0.3045
0.7806, 0.3045
0.7806, 0.3045
0.7806, 0.3045
0.7806, 0.3045
0.7806, 0.3045
0.7806, 0.3045
0.7806, 0.3045
0.7842, 0.3045
0.7842, 0.3045
0.7842, 0.3045
0.7842, 0.3069
0.7842, 0.3069
0.7842, 0.3069
0.7842, 0.3069
0.7842, 0.3069
0.7842, 0.3069
0.7842, 0.3069
0.7878, 0.3094
0.7878, 0.3094
0.7878, 0.3094
0.7878, 0.3094
0.7878, 0.3094
0.7878, 0.3094
0.7878, 0.3094
0.7878, 0.3094
0.7878, 0.3094
0.7878, 0.3094
0.7878, 0.3094
0.7878, 0.3094
0.7878, 0.3094
0.7878, 0.3094
0.7878, 0.3094
0.7878, 0.3119
0.7878, 0.3119
0.7878, 0.3119
0.7914, 0.3119
0.7914, 0.3119
0.7914, 0.3144
0.7914, 0.3144
0.7914, 0.3144
0.7914, 0.3144
0.7950, 0.3168
0.7950, 0.3168
0.7950, 0.3168
0.7950, 0.3168
0.7986, 0.3168
0.7986, 0.3168
0.7986, 0.3168
0.7986, 0.3168
0.7986, 0.3168
0.7986, 0.3168
0.7986, 0.3168
0.7986, 0.3193
0.7986, 0.3193
0.7986, 0.3193
0.7986, 0.3193
0.7986, 0.3193
0.8022, 0.3218
0.8022, 0.3218
0.8022, 0.3218
0.8022, 0.3218
0.8058, 0.3218
0.8058, 0.3218
0.8058, 0.3218
0.8058, 0.3218
0.8058, 0.3218
0.8058, 0.3243
0.8058, 0.3243
0.8094, 0.3243
0.8094, 0.3243
0.8094, 0.3267
0.8094, 0.3267
0.8094, 0.3267
0.8129, 0.3267
0.8129, 0.3267
0.8129, 0.3267
0.8129, 0.3267
0.8129, 0.3267
0.8129, 0.3267
0.8129, 0.3267
0.8165, 0.3292
0.8165, 0.3292
0.8165, 0.3292
0.8165, 0.3292
0.8165, 0.3292
0.8165, 0.3317
0.8165, 0.3317
0.8165, 0.3317
0.8165, 0.3317
0.8201, 0.3342
0.8201, 0.3342
0.8201, 0.3342
0.8201, 0.3342
0.8201, 0.3342
0.8237, 0.3342
0.8237, 0.3342
0.8237, 0.3342
0.8237, 0.3342
0.8237, 0.3366
0.8237, 0.3366
0.8273, 0.3391
0.8273, 0.3391
0.8273, 0.3391
0.8273, 0.3391
0.8273, 0.3391
0.8309, 0.3391
0.8309, 0.3391
0.8309, 0.3391
0.8309, 0.3391
0.8345, 0.3416
0.8345, 0.3416
0.8345, 0.3416
0.8345, 0.3416
0.8345, 0.3416
0.8345, 0.3416
0.8345, 0.3441
0.8345, 0.3441
0.8345, 0.3441
0.8345, 0.3441
0.8345, 0.3441
0.8345, 0.3441
0.8381, 0.3465
0.8381, 0.3465
0.8381, 0.3465
0.8381, 0.3465
0.8381, 0.3465
0.8417, 0.3465
0.8417, 0.3465
0.8417, 0.3465
0.8417, 0.3465
0.8417, 0.3490
0.8417, 0.3490
0.8417, 0.3490
0.8417, 0.3490
0.8417, 0.3490
0.8417, 0.3490
0.8417, 0.3490
0.8417, 0.3515
0.8417, 0.3515
0.8453, 0.3515
0.8453, 0.3515
0.8453, 0.3515
0.8453, 0.3515
0.8489, 0.3515
0.8489, 0.3515
0.8489, 0.3515
0.8489, 0.3540
0.8489, 0.3540
0.8525, 0.3540
0.8525, 0.3540
0.8525, 0.3540
0.8525, 0.3540
0.8525, 0.3564
0.8525, 0.3564
0.8525, 0.3564
0.8525, 0.3564
0.8525, 0.3564
0.8561, 0.3589
0.8561, 0.3589
0.8561, 0.3589
0.8561, 0.3589
0.8561, 0.3589
0.8561, 0.3589
0.8561, 0.3589
0.8597, 0.3589
0.8597, 0.3589
0.8597, 0.3589
0.8597, 0.3589
0.8597, 0.3589
0.8597, 0.3589
0.8597, 0.3589
0.8597, 0.3589
0.8597, 0.3589
0.8597, 0.3589
0.8597, 0.3589
0.8597, 0.3589
0.8597, 0.3589
0.8597, 0.3589
0.8633, 0.3589
0.8633, 0.3589
0.8633, 0.3589
0.8633, 0.3589
0.8633, 0.3589
0.8633, 0.3589
0.8633, 0.3589
0.8669, 0.3614
0.8669, 0.3614
0.8669, 0.3614
0.8669, 0.3614
0.8669, 0.3614
0.8669, 0.3614
0.8669, 0.3614
0.8705, 0.3614
0.8705, 0.3614
0.8705, 0.3614
0.8705, 0.3614
0.8705, 0.3614
0.8705, 0.3614
0.8705, 0.3614
0.8705, 0.3614
0.8705, 0.3639
0.8705, 0.3639
0.8741, 0.3639
0.8741, 0.3639
0.8741, 0.3639
0.8741, 0.3639
0.8741, 0.3639
0.8741, 0.3639
0.8741, 0.3639
0.8777, 0.3639
0.8777, 0.3639
0.8777, 0.3639
0.8777, 0.3639
0.8777, 0.3639
0.8777, 0.3639
0.8777, 0.3639
0.8777, 0.3639
0.8777, 0.3639
0.8777, 0.3639
0.8777, 0.3639
0.8813, 0.3639
0.8813, 0.3639
0.8813, 0.3639
0.8813, 0.3639
0.8813, 0.3639
0.8849, 0.3639
0.8849, 0.3639
0.8849, 0.3639
0.8849, 0.3639
0.8849, 0.3639
0.8849, 0.3639
0.8849, 0.3639
0.8849, 0.3639
0.8849, 0.3639
0.8885, 0.3639
0.8885, 0.3639
0.8885, 0.3639
0.8921, 0.3639
0.8921, 0.3639
0.8957, 0.3639
0.8957, 0.3639
0.8957, 0.3639
0.8957, 0.3639
0.8993, 0.3639
0.8993, 0.3639
0.9065, 0.3639
0.9065, 0.3639
0.9065, 0.3639
0.9065, 0.3639
0.9065, 0.3639
0.9101, 0.3639
0.9101, 0.3639
0.9101, 0.3639
0.9101, 0.3639
0.9137, 0.3639
0.9137, 0.3639
0.9137, 0.3639
0.9137, 0.3639
0.9137, 0.3639
0.9137, 0.3639
0.9137, 0.3639
0.9137, 0.3639
0.9137, 0.3639
0.9137, 0.3639
0.9137, 0.3639
0.9137, 0.3639
0.9137, 0.3639
0.9137, 0.3639
0.9173, 0.3639
0.9173, 0.3639
0.9173, 0.3639
0.9173, 0.3639
0.9209, 0.3639
0.9209, 0.3639
0.9209, 0.3639
0.9209, 0.3639
0.9209, 0.3639
0.9245, 0.3639
0.9245, 0.3639
0.9245, 0.3639
0.9245, 0.3639
0.9245, 0.3614
0.9245, 0.3614
0.9245, 0.3614
0.9245, 0.3614
0.9245, 0.3614
0.9281, 0.3614
0.9281, 0.3614
0.9317, 0.3614
0.9317, 0.3614
0.9317, 0.3614
0.9317, 0.3614
0.9317, 0.3614
0.9317, 0.3614
0.9317, 0.3614
0.9317, 0.3614
0.9317, 0.3614
0.9353, 0.3614
0.9353, 0.3614
0.9353, 0.3589
0.9353, 0.3589
0.9388, 0.3589
0.9388, 0.3589
0.9388, 0.3589
0.9388, 0.3589
0.9388, 0.3589
0.9424, 0.3564
0.9424, 0.3564
0.9424, 0.3564
0.9424, 0.3564
0.9424, 0.3540
0.9424, 0.3540
0.9460, 0.3540
0.9460, 0.3540
0.9496, 0.3540
0.9496, 0.3540
0.9496, 0.3540
0.9496, 0.3540
0.9496, 0.3540
0.9496, 0.3540
0.9496, 0.3540
0.9496, 0.3540
0.9496, 0.3540
0.9496, 0.3540
0.9496, 0.3515
0.9496, 0.3515
0.9532, 0.3515
0.9532, 0.3515
0.9532, 0.3515
0.9532, 0.3515
0.9568, 0.3490
0.9568, 0.3490
0.9568, 0.3490
0.9568, 0.3490
0.9568, 0.3490
0.9568, 0.3490
0.9604, 0.3490
0.9604, 0.3490
0.9604, 0.3490
0.9604, 0.3490
0.9604, 0.3490
0.9604, 0.3465
0.9604, 0.3465
0.9640, 0.3465
0.9640, 0.3465
0.9640, 0.3441
0.9640, 0.3441
0.9676, 0.3441
0.9676, 0.3441
0.9676, 0.3441
0.9676, 0.3441
0.9676, 0.3441
0.9676, 0.3416
0.9676, 0.3416
0.9676, 0.3416
0.9676, 0.3416
0.9712, 0.3416
0.9748, 0.3391
0.9748, 0.3391
0.9748, 0.3366
0.9748, 0.3366
0.9748, 0.3366
0.9748, 0.3366
0.9748, 0.3366
0.9748, 0.3366
0.9748, 0.3366
0.9748, 0.3366
0.9748, 0.3366
0.9784, 0.3366
0.9784, 0.3366
0.9784, 0.3342
0.9784, 0.3342
0.9820, 0.3342
0.9820, 0.3342
0.9820, 0.3342
0.9820, 0.3342
0.9820, 0.3317
0.9820, 0.3317
0.9820, 0.3317
0.9820, 0.3317
0.9856, 0.3292
0.9856, 0.3292
0.9856, 0.3292
0.9856, 0.3292
0.9856, 0.3292
0.9856, 0.3292
0.9856, 0.3292
0.9856, 0.3292
0.9856, 0.3292
0.9856, 0.3292
0.9856, 0.3292
0.9856, 0.3267
0.9856, 0.3267
0.9856, 0.3267
0.9892, 0.3243
0.9892, 0.3243
0.9928, 0.3243
0.9928, 0.3218
0.9928, 0.3193
0.9928, 0.3193
0.9928, 0.3193
0.9928, 0.3168
0.9928, 0.3168
0.9928, 0.3168
0.9928, 0.3168
0.9928, 0.3168
0.9928, 0.3144
0.9928, 0.3144
0.9928, 0.3144
0.9928, 0.3144
0.9928, 0.3119
0.9928, 0.3119
0.9964, 0.3119
0.9964, 0.3119
0.9964, 0.3119
0.9964, 0.3119
0.9964, 0.3094
0.9964, 0.3094
0.9964, 0.3094
0.9964, 0.3094
0.9964, 0.3094
0.9964, 0.3069
0.9964, 0.3069
0.9964, 0.3069
0.9964, 0.3069
1.0000, 0.3045
1.0000, 0.3045
1.0000, 0.3045
1.0000, 0.3020
1.0000, 0.3020
1.0000, 0.2995
1.0000, 0.2995
1.0000, 0.2995
1.0000, 0.2995
1.0000, 0.2995
1.0000, 0.2995
1.0000, 0.2995
1.0000, 0.2995
1.0000, 0.2995
1.0000, 0.2995
1.0000, 0.2995
1.0000, 0.2970
1.0000, 0.2970
1.0000, 0.2946
1.0000, 0.2946
1.0000, 0.2946
1.0000, 0.2946
1.0000, 0.2946
1.0000, 0.2946
1.0000, 0.2946
1.0000, 0.2946
1.0000, 0.2946
1.0000, 0.2946
1.0000, 0.2946
1.0000, 0.2921
1.0000, 0.2921
1.0000, 0.2921
1.0000, 0.2921
1.0000, 0.2896
1.0000, 0.2896
1.0000, 0.2896
1.0000, 0.2896
1.0000, 0.2871
1.0000, 0.2871
1.0000, 0.2871
1.0000, 0.2871
1.0000, 0.2871
1.0000, 0.2871
1.0000, 0.2871
1.0000, 0.2871
1.0000, 0.2871
1.0000, 0.2871
1.0000, 0.2847
1.0000, 0.2847
1.0000, 0.2847
1.0000, 0.2847
1.0000, 0.2822
1.0000, 0.2822
1.0000, 0.2822
1.0000, 0.2822
0.9964, 0.2822
0.9964, 0.2822
0.9964, 0.2822
0.9964, 0.2822
0.9964, 0.2822
0.9964, 0.2822
0.9964, 0.2822
0.9964, 0.2822
0.9964, 0.2822
0.9964, 0.2797
0.9964, 0.2797
0.9964, 0.2797
0.9964, 0.2797
0.9964, 0.2797
0.9964, 0.2797
0.9964, 0.2772
0.9964, 0.2772
0.9964, 0.2772
0.9964, 0.2772
0.9964, 0.2772
0.9928, 0.2772
0.9928, 0.2772
0.9928, 0.2748
0.9928, 0.2748
0.9928, 0.2748
0.9892, 0.2748
0.9892, 0.2748
0.9892, 0.2748
0.9892, 0.2748
0.9892, 0.2748
0.9892, 0.2748
0.9892, 0.2748
0.9892, 0.2748
0.9892, 0.2723
0.9892, 0.2723
0.9892, 0.2723
0.9892, 0.2723
0.9892, 0.2723
0.9892, 0.2723
0.9892, 0.2723
0.9856, 0.2698
0.9856, 0.2698
0.9856, 0.2698
0.9856, 0.2698
0.9856, 0.2698
0.9856, 0.2698
0.9820, 0.2698
0.9820, 0.2698
0.9820, 0.2698
0.9820, 0.2698
0.9784, 0.2673
0.9784, 0.2673
0.9784, 0.2673
0.9784, 0.2673
0.9784, 0.2649
0.9784, 0.2649
0.9784, 0.2649
0.9784, 0.2649
0.9784, 0.2649
0.9748, 0.2649
0.9748, 0.2624
0.9748, 0.2624
0.9712, 0.2624
0.9712, 0.2624
0.9712, 0.2624
0.9712, 0.2624
0.9712, 0.2624
0.9712, 0.2624
0.9712, 0.2624
0.9712, 0.2624
0.9712, 0.2624
0.9712, 0.2624
0.9676, 0.2624
0.9676, 0.2624
0.9676, 0.2599
0.9676, 0.2599
0.9640, 0.2599
0.9640, 0.2599
0.9640, 0.2599
0.9640, 0.2599
0.9604, 0.2574
0.9604, 0.2574
0.9604, 0.2574
0.9604, 0.2574
0.9604, 0.2574
0.9604, 0.2574
0.9604, 0.2574
0.9604, 0.2574
0.9604, 0.2574
0.9568, 0.2574
0.9568, 0.2574
0.9568, 0.2574
0.9568, 0.2574
0.9532, 0.2574
0.9532, 0.2574
0.9532, 0.2550
0.9532, 0.2550
0.9532, 0.2550
0.9532, 0.2550
0.9532, 0.2550
0.9532, 0.2550
0.9532, 0.2550
0.9496, 0.2525
0.9496, 0.2525
0.9496, 0.2525
0.9496, 0.2525
0.9460, 0.2525
0.9460, 0.2525
0.9460, 0.2525
0.9460, 0.2525
0.9460, 0.2525
0.9460, 0.2525
0.9460, 0.2525
0.9460, 0.2525
0.9460, 0.2525
0.9424, 0.2525
0.9424, 0.2525
0.9424, 0.2500
0.9424, 0.2500
0.9388, 0.2500
0.9388, 0.2500
0.9388, 0.2500
0.9388, 0.2500
0.9388, 0.2500
0.9353, 0.2500
0.9353, 0.2500
0.9353, 0.2500
0.9353, 0.2500
0.9353, 0.2500
0.9353, 0.2500
0.9317, 0.2500
0.9317, 0.2500
0.9317, 0.2500
0.9317, 0.2500
0.9317, 0.2500
0.9317, 0.2500
0.9281, 0.2500
0.9281, 0.2500
0.9281, 0.2500
0.9281, 0.2500
0.9281, 0.2500
0.9281, 0.2500
0.9281, 0.2475
0.9281, 0.2475
0.9245, 0.2475
0.9245, 0.2475
0.9245, 0.2475
0.9245, 0.2475
0.9209, 0.2475
0.9209, 0.2475
0.9173, 0.2475
0.9173, 0.2475
0.9173, 0.2475
0.9173, 0.2475
0.9173, 0.2475
0.9173, 0.2475
0.9137, 0.2475
0.9137, 0.2475
0.9101, 0.2475
0.9101, 0.2475
0.9101, 0.2475
0.9101, 0.2475
0.9101, 0.2450
0.9101, 0.2450
0.9065, 0.2450
0.9065, 0.2450
0.9029, 0.2450
0.9029, 0.2450
0.8993, 0.2450
0.8993, 0.2450
0.8993, 0.2450
0.8993, 0.2450
0.8957, 0.2450
0.8957, 0.2450
0.8957, 0.2450
0.8957, 0.2450
0.8957, 0.2450
0.8921, 0.2450
0.8921, 0.2450
0.8885, 0.2450
0.8885, 0.2450
0.8849, 0.2450
0.8849, 0.2450
0.8813, 0.2450
0.8813, 0.2450
0.8813, 0.2450
0.8813, 0.2450
0.8813, 0.2450
0.8813, 0.2450
0.8813, 0.2450
0.8777, 0.2450
0.8777, 0.2450
0.8741, 0.2450
0.8741, 0.2450
0.8741, 0.2450
0.8741, 0.2450
0.8705, 0.2450
0.8705, 0.2450
0.8669, 0.2450
0.8669, 0.2450
0.8669, 0.2426
0.8669, 0.2426
0.8633, 0.2426
0.8633, 0.2426
0.8597, 0.2426
0.8597, 0.2426
0.8561, 0.2426
0.8561, 0.2426
0.8561, 0.2426
0.8561, 0.2426
0.8525, 0.2426
0.8525, 0.2426
0.8453, 0.2426
0.8453, 0.2426
0.8453, 0.2426
0.8453, 0.2426
0.8453, 0.2426
0.8417, 0.2426
0.8417, 0.2426
0.8417, 0.2426
0.8417, 0.2426
0.8417, 0.2426
0.8417, 0.2426
0.8381, 0.2426
0.8381, 0.2426
0.8381, 0.2426
0.8381, 0.2426
0.8381, 0.2426
0.8381, 0.2426
0.8381, 0.2426
0.8381, 0.2426
0.8381, 0.2426
0.8381, 0.2426
0.8381, 0.2426
0.8381, 0.2426
0.8381, 0.2426
0.8345, 0.2426
0.8345, 0.2426
0.8345, 0.2426
0.8345, 0.2426
0.8345, 0.2426
0.8345, 0.2426
0.8345, 0.2426
0.8345, 0.2426
0.8345, 0.2426
0.8345, 0.2426
0.8345, 0.2426
0.8345, 0.2426
0.8345, 0.2426
0.8345, 0.2426
0.8345, 0.2426
0.8345, 0.2426
0.8345, 0.2426
0.8345, 0.2426
0.8345, 0.2426
0.8345, 0.2426
0.8345, 0.2426
0.8309, 0.2426
0.8309, 0.2426
0.8309, 0.2426
0.8309, 0.2426
0.8309, 0.2426
0.8309, 0.2426
0.8273, 0.2426
0.8273, 0.2426
0.8273, 0.2401
0.8273, 0.2401
0.8273, 0.2401
0.8273, 0.2401
0.8273, 0.2401
0.8273, 0.2401
0.8273, 0.2401
0.8273, 0.2401
0.8273, 0.2401
0.8273, 0.2401
0.8273, 0.2401
0.8273, 0.2401
0.8273, 0.2401
0.8237, 0.2401
0.0000, 1.0000
0.0000, 1.0000
0.0000, 1.0000
0.0000, 1.0000
0.0000, 1.0000
0.0000, 1.0000
0.0000, 1.0000
0.0000, 1.0000
0.0000, 1.0000
0.0000, 1.0000
0.0000, 1.0000
0.0000, 1.0000
0.0000, 1.0000
0.0000, 1.0000
0.0000, 1.0000
0.0000, 1.0000
0.0000, 1.0000
0.0000, 1.0000
0.0000, 1.0000
0.0000, 1.0000
0.0000, 1.0000
0.0000, 1.0000
0.0000, 1.0000
0.0000, 1.0000
0.0000, 1.0000
0.0000, 1.0000
0.0000, 1.0000
0.0000, 1.0000
0.0000, 1.0000
0.0000, 1.0000
0.0000, 1.0000
0.0000, 1.0000
0.0000, 1.0000
0.0000, 1.0000
0.0000, 1.0000
0.0000, 1.0000
0.0000, 1.0000
0.0000, 1.0000
