0.1434, 0.2247
0.1434, 0.2247
0.1434, 0.2247
0.1434, 0.2247
0.1434, 0.2247
0.1434, 0.2247
0.1434, 0.2247
0.1434, 0.2247
0.1434, 0.2247
0.1434, 0.2247
0.1434, 0.2247
0.1434, 0.2247
0.1434, 0.2247
0.1434, 0.2247
0.1434, 0.2247
0.1434, 0.2247
0.1434, 0.2247
0.1434, 0.2247
0.1434, 0.2247
0.1434, 0.2247
0.1434, 0.2247
0.1434, 0.2247
0.1434, 0.2247
0.1434, 0.2247
0.1434, 0.2247
0.1434, 0.2247
0.1434, 0.2247
0.1434, 0.2247
0.1434, 0.2247
0.1434, 0.2247
0.1434, 0.2247
0.1434, 0.2247
0.1434, 0.2247
0.1434, 0.2247
0.1434, 0.2247
0.1434, 0.2247
0.1434, 0.2247
0.1434, 0.2247
0.1434, 0.2247
0.1434, 0.2247
0.1434, 0.2247
0.1434, 0.2247
0.1434, 0.2247
0.1434, 0.2247
0.1434, 0.2247
0.1434, 0.2247
0.1434, 0.2247
0.1434, 0.2247
0.1434, 0.2247
0.1434, 0.2247
0.1434, 0.2247
0.1434, 0.2247
0.1434, 0.2247
0.1434, 0.2247
0.1434, 0.2247
0.1434, 0.2247
0.1434, 0.2247
0.1434, 0.2247
0.1434, 0.2247
0.1434, 0.2247
0.1434, 0.2247
0.1434, 0.2247
0.1434, 0.2247
0.1434, 0.2247
0.1434, 0.2247
0.1434, 0.2247
0.1434, 0.2247
0.1434, 0.2247
0.1434, 0.2247
0.1434, 0.2247
0.1434, 0.2247
0.1434, 0.2247
0.1434, 0.2247
0.1434, 0.2247
0.1434, 0.2247
0.1434, 0.2247
0.1434, 0.2247
0.1434, 0.2247
0.1434, 0.2247
0.1434, 0.2247
0.1434, 0.2247
0.1434, 0.2247
0.1434, 0.2247
0.1434, 0.2247
0.1434, 0.2247
0.1434, 0.2247
0.1434, 0.2247
0.1434, 0.2247
0.1434, 0.2247
0.1434, 0.2247
0.1434, 0.2247
0.1434, 0.2247
0.1434, 0.2247
0.1434, 0.2247
0.1434, 0.2247
0.1434, 0.2247
0.1434, 0.2247
0.1434, 0.2247
0.1434, 0.2247
0.1434, 0.2247
0.1434, 0.2247
0.1434, 0.2247
0.1434, 0.2247
0.1434, 0.2247
0.1434, 0.2247
0.1434, 0.2247
0.1434, 0.2247
0.1434, 0.2247
0.1434, 0.2247
0.1434, 0.2247
0.1434, 0.2247
0.1434, 0.2247
0.1434, 0.2247
0.1434, 0.2247
0.1434, 0.2247
0.1434, 0.2247
0.1434, 0.2247
0.1434, 0.2247
0.1434, 0.2247
0.1434, 0.2247
0.1434, 0.2247
0.1434, 0.2247
0.1434, 0.2247
0.1434, 0.2247
0.1434, 0.2247
0.1434, 0.2247
0.1434, 0.2247
0.1434, 0.2247
0.1434, 0.2247
0.1434, 0.2247
0.1434, 0.2247
0.1434, 0.2247
0.1434, 0.2247
0.1434, 0.2247
0.1434, 0.2247
0.1434, 0.2247
0.1434, 0.2247
0.1434, 0.2247
0.1434, 0.2247
0.1434, 0.2247
0.1434, 0.2247
0.1434, 0.2247
0.1434, 0.2247
0.1434, 0.2247
0.1434, 0.2247
0.1434, 0.2247
0.1434, 0.2247
0.1434, 0.2247
0.1434, 0.2247
0.1434, 0.2247
0.1434, 0.2247
0.1434, 0.2247
0.1434, 0.2247
0.1434, 0.2247
0.1434, 0.2247
0.1434, 0.2247
0.1434, 0.2247
0.1434, 0.2247
0.1434, 0.2247
0.1434, 0.2247
0.1434, 0.2247
0.1434, 0.2247
0.1434, 0.2247
0.1434, 0.2247
0.1434, 0.2247
0.1434, 0.2247
0.1434, 0.2247
0.1434, 0.2247
0.1434, 0.2247
0.1434, 0.2247
0.1434, 0.2247
0.1434, 0.2247
0.1434, 0.2247
0.1434, 0.2247
0.1434, 0.2247
0.1434, 0.2247
0.1434, 0.2247
0.1434, 0.2247
0.1434, 0.2247
0.1434, 0.2247
0.1470, 0.2247
0.1470, 0.2247
0.1470, 0.2247
0.1470, 0.2247
0.1470, 0.2247
0.1470, 0.2247
0.1470, 0.2247
0.1470, 0.2247
0.1470, 0.2247
0.1505, 0.2247
0.1505, 0.2247
0.1505, 0.2247
0.1505, 0.2247
0.1505, 0.2247
0.1505, 0.2247
0.1505, 0.2247
0.1505, 0.2247
0.1505, 0.2247
0.1505, 0.2247
0.1505, 0.2247
0.1505, 0.2247
0.1541, 0.2247
0.1541, 0.2247
0.1541, 0.2247
0.1541, 0.2247
0.1577, 0.2247
0.1577, 0.2247
0.1577, 0.2247
0.1577, 0.2247
0.1577, 0.2247
0.1577, 0.2247
0.1613, 0.2247
0.1613, 0.2247
0.1613, 0.2247
0.1613, 0.2247
0.1613, 0.2247
0.1613, 0.2247
0.1613, 0.2247
0.1613, 0.2247
0.1613, 0.2247
0.1613, 0.2247
0.1613, 0.2247
0.1613, 0.2247
0.1649, 0.2247
0.1649, 0.2247
0.1649, 0.2247
0.1649, 0.2247
0.1649, 0.2247
0.1649, 0.2247
0.1649, 0.2247
0.1649, 0.2247
0.1649, 0.2247
0.1685, 0.2247
0.1685, 0.2247
0.1685, 0.2247
0.1685, 0.2247
0.1685, 0.2247
0.1685, 0.2247
0.1685, 0.2247
0.1685, 0.2247
0.1685, 0.2247
0.1685, 0.2247
0.1685, 0.2247
0.1685, 0.2247
0.1685, 0.2247
0.1720, 0.2247
0.1720, 0.2247
0.1720, 0.2247
0.1720, 0.2247
0.1756, 0.2247
0.1756, 0.2247
0.1756, 0.2247
0.1756, 0.2247
0.1756, 0.2247
0.1756, 0.2247
0.1756, 0.2247
0.1756, 0.2247
0.1792, 0.2247
0.1792, 0.2247
0.1792, 0.2247
0.1792, 0.2247
0.1792, 0.2247
0.1792, 0.2247
0.1792, 0.2247
0.1792, 0.2247
0.1792, 0.2247
0.1792, 0.2247
0.1792, 0.2247
0.1792, 0.2247
0.1792, 0.2247
0.1828, 0.2247
0.1828, 0.2247
0.1828, 0.2247
0.1828, 0.2247
0.1828, 0.2247
0.1828, 0.2247
0.1828, 0.2247
0.1828, 0.2247
0.1864, 0.2247
0.1864, 0.2247
0.1864, 0.2247
0.1864, 0.2247
0.1864, 0.2247
0.1864, 0.2247
0.1864, 0.2247
0.1864, 0.2247
0.1900, 0.2247
0.1900, 0.2247
0.1900, 0.2247
0.1900, 0.2247
0.1900, 0.2247
0.1900, 0.2247
0.1935, 0.2247
0.1935, 0.2247
0.1935, 0.2247
0.1935, 0.2247
0.1971, 0.2247
0.1971, 0.2247
0.1971, 0.2247
0.1971, 0.2247
0.1971, 0.2247
0.1971, 0.2247
0.1971, 0.2247
0.1971, 0.2247
0.1971, 0.2247
0.1971, 0.2247
0.1971, 0.2247
0.1971, 0.2247
0.1971, 0.2247
0.1971, 0.2247
0.1971, 0.2247
0.1971, 0.2247
0.2007, 0.2247
0.2007, 0.2247
0.2007, 0.2247
0.2007, 0.2247
0.2007, 0.2247
0.2007, 0.2247
0.2007, 0.2247
0.2007, 0.2247
0.2007, 0.2247
0.2007, 0.2247
0.2007, 0.2247
0.2007, 0.2247
0.2043, 0.2247
0.2043, 0.2247
0.2043, 0.2247
0.2043, 0.2247
0.2043, 0.2247
0.2043, 0.2247
0.2043, 0.2247
0.2043, 0.2247
0.2043, 0.2247
0.2043, 0.2247
0.2043, 0.2247
0.2043, 0.2247
0.2043, 0.2247
0.2043, 0.2247
0.2043, 0.2247
0.2043, 0.2247
0.2043, 0.2247
0.2043, 0.2247
0.2043, 0.2247
0.2043, 0.2247
0.2043, 0.2247
0.2043, 0.2247
0.2043, 0.2247
0.2043, 0.2247
0.2043, 0.2247
0.2043, 0.2247
0.2079, 0.2247
0.2079, 0.2247
0.2079, 0.2247
0.2079, 0.2247
0.2079, 0.2247
0.2079, 0.2247
0.2079, 0.2247
0.2079, 0.2247
0.2115, 0.2247
0.2115, 0.2247
0.2115, 0.2247
0.2115, 0.2247
0.2151, 0.2247
0.2151, 0.2247
0.2151, 0.2247
0.2151, 0.2247
0.2151, 0.2247
0.2151, 0.2247
0.2151, 0.2247
0.2151, 0.2247
0.2151, 0.2247
0.2186, 0.2247
0.2186, 0.2247
0.2186, 0.2247
0.2186, 0.2247
0.2186, 0.2247
0.2186, 0.2247
0.2186, 0.2247
0.2186, 0.2247
0.2186, 0.2247
0.2186, 0.2247
0.2186, 0.2247
0.2186, 0.2247
0.2186, 0.2247
0.2186, 0.2247
0.2186, 0.2247
0.2186, 0.2247
0.2186, 0.2247
0.2186, 0.2247
0.2186, 0.2247
0.2186, 0.2247
0.2186, 0.2247
0.2186, 0.2247
0.2222, 0.2247
0.2222, 0.2247
0.2222, 0.2247
0.2222, 0.2247
0.2222, 0.2247
0.2222, 0.2247
0.2222, 0.2247
0.2222, 0.2247
0.2222, 0.2247
0.2222, 0.2247
0.2222, 0.2247
0.2222, 0.2247
0.2222, 0.2247
0.2222, 0.2247
0.2222, 0.2247
0.2222, 0.2247
0.2222, 0.2247
0.2258, 0.2247
0.2258, 0.2247
0.2258, 0.2247
0.2258, 0.2247
0.2258, 0.2247
0.2258, 0.2247
0.2258, 0.2247
0.2258, 0.2247
0.2294, 0.2247
0.2294, 0.2247
0.2294, 0.2247
0.2294, 0.2247
0.2294, 0.2247
0.2294, 0.2247
0.2294, 0.2247
0.2294, 0.2247
0.2330, 0.2247
0.2330, 0.2247
0.2330, 0.2247
0.2330, 0.2247
0.2330, 0.2247
0.2330, 0.2247
0.2330, 0.2247
0.2330, 0.2247
0.2366, 0.2247
0.2366, 0.2247
0.2366, 0.2247
0.2366, 0.2247
0.2401, 0.2247
0.2401, 0.2247
0.2401, 0.2247
0.2401, 0.2247
0.2401, 0.2247
0.2401, 0.2247
0.2401, 0.2247
0.2401, 0.2247
0.2401, 0.2247
0.2401, 0.2247
0.2401, 0.2247
0.2401, 0.2247
0.2401, 0.2247
0.2401, 0.2247
0.2401, 0.2247
0.2401, 0.2247
0.2401, 0.2247
0.2401, 0.2247
0.2437, 0.2247
0.2437, 0.2247
0.2437, 0.2247
0.2437, 0.2247
0.2437, 0.2247
0.2437, 0.2247
0.2437, 0.2247
0.2437, 0.2247
0.2473, 0.2247
0.2473, 0.2247
0.2473, 0.2247
0.2473, 0.2247
0.2473, 0.2247
0.2473, 0.2247
0.2473, 0.2247
0.2473, 0.2247
0.2473, 0.2247
0.2473, 0.2247
0.2473, 0.2247
0.2473, 0.2247
0.2509, 0.2247
0.2509, 0.2247
0.2509, 0.2247
0.2509, 0.2247
0.2509, 0.2247
0.2509, 0.2247
0.2509, 0.2247
0.2509, 0.2247
0.2509, 0.2247
0.2509, 0.2247
0.2509, 0.2247
0.2509, 0.2247
0.2545, 0.2247
0.2545, 0.2247
0.2545, 0.2247
0.2545, 0.2247
0.2545, 0.2247
0.2545, 0.2247
0.2545, 0.2247
0.2545, 0.2247
0.2545, 0.2247
0.2581, 0.2247
0.2581, 0.2247
0.2581, 0.2247
0.2581, 0.2247
0.2581, 0.2247
0.2581, 0.2247
0.2581, 0.2247
0.2581, 0.2247
0.2581, 0.2247
0.2581, 0.2247
0.2581, 0.2247
0.2581, 0.2247
0.2581, 0.2247
0.2581, 0.2247
0.2581, 0.2247
0.2581, 0.2247
0.2581, 0.2247
0.2616, 0.2247
0.2616, 0.2247
0.2616, 0.2247
0.2616, 0.2247
0.2616, 0.2247
0.2616, 0.2247
0.2616, 0.2247
0.2616, 0.2247
0.2616, 0.2247
0.2616, 0.2247
0.2616, 0.2247
0.2616, 0.2247
0.2652, 0.2247
0.2652, 0.2247
0.2652, 0.2247
0.2652, 0.2247
0.2652, 0.2247
0.2652, 0.2247
0.2652, 0.2247
0.2652, 0.2247
0.2652, 0.2247
0.2652, 0.2247
0.2652, 0.2247
0.2652, 0.2247
0.2652, 0.2247
0.2652, 0.2247
0.2652, 0.2247
0.2652, 0.2247
0.2652, 0.2247
0.2652, 0.2247
0.2652, 0.2247
0.2652, 0.2247
0.2652, 0.2247
0.2688, 0.2247
0.2688, 0.2247
0.2688, 0.2247
0.2724, 0.2247
0.2724, 0.2247
0.2724, 0.2247
0.2724, 0.2247
0.2724, 0.2247
0.2724, 0.2247
0.2724, 0.2247
0.2724, 0.2247
0.2760, 0.2247
0.2760, 0.2247
0.2760, 0.2247
0.2760, 0.2247
0.2760, 0.2247
0.2760, 0.2247
0.2760, 0.2247
0.2760, 0.2247
0.2760, 0.2247
0.2760, 0.2247
0.2760, 0.2247
0.2760, 0.2247
0.2760, 0.2247
0.2760, 0.2247
0.2760, 0.2247
0.2760, 0.2247
0.2760, 0.2247
0.2760, 0.2247
0.2760, 0.2247
0.2760, 0.2247
0.2760, 0.2247
0.2760, 0.2247
0.2760, 0.2247
0.2760, 0.2247
0.2760, 0.2247
0.2760, 0.2247
0.2760, 0.2247
0.2760, 0.2247
0.2760, 0.2247
0.2760, 0.2247
0.2760, 0.2247
0.2760, 0.2247
0.2760, 0.2247
0.2760, 0.2247
0.2760, 0.2247
0.2760, 0.2247
0.2760, 0.2247
0.2760, 0.2247
0.2760, 0.2247
0.2760, 0.2247
0.2796, 0.2247
0.2796, 0.2247
0.2796, 0.2247
0.2832, 0.2247
0.2832, 0.2247
0.2832, 0.2247
0.2832, 0.2247
0.2832, 0.2247
0.2832, 0.2247
0.2832, 0.2247
0.2832, 0.2247
0.2832, 0.2247
0.2832, 0.2247
0.2832, 0.2247
0.2832, 0.2247
0.2832, 0.2247
0.2832, 0.2247
0.2832, 0.2247
0.2867, 0.2247
0.2867, 0.2247
0.2867, 0.2247
0.2867, 0.2247
0.2867, 0.2247
0.2867, 0.2247
0.2867, 0.2247
0.2867, 0.2247
0.2867, 0.2247
0.2867, 0.2247
0.2867, 0.2247
0.2867, 0.2247
0.2867, 0.2247
0.2867, 0.2247
0.2867, 0.2247
0.2867, 0.2247
0.2867, 0.2247
0.2867, 0.2247
0.2867, 0.2247
0.2867, 0.2247
0.2867, 0.2247
0.2867, 0.2247
0.2867, 0.2247
0.2867, 0.2247
0.2867, 0.2247
0.2867, 0.2247
0.2867, 0.2247
0.2867, 0.2247
0.2867, 0.2247
0.2867, 0.2247
0.2867, 0.2247
0.2867, 0.2247
0.2867, 0.2247
0.2867, 0.2247
0.2867, 0.2247
0.2867, 0.2247
0.2867, 0.2247
0.2867, 0.2247
0.2867, 0.2247
0.2867, 0.2247
0.2903, 0.2247
0.2903, 0.2247
0.2903, 0.2247
0.2903, 0.2247
0.2903, 0.2247
0.2903, 0.2247
0.2903, 0.2247
0.2903, 0.2247
0.2903, 0.2247
0.2903, 0.2247
0.2903, 0.2247
0.2939, 0.2222
0.2939, 0.2222
0.2939, 0.2222
0.2939, 0.2222
0.2939, 0.2222
0.2939, 0.2222
0.2939, 0.2222
0.2939, 0.2222
0.2939, 0.2222
0.2939, 0.2222
0.2939, 0.2222
0.2939, 0.2222
0.2939, 0.2222
0.2939, 0.2222
0.2939, 0.2222
0.2939, 0.2222
0.2975, 0.2222
0.2975, 0.2222
0.2975, 0.2222
0.2975, 0.2222
0.2975, 0.2222
0.2975, 0.2222
0.2975, 0.2222
0.2975, 0.2222
0.3011, 0.2222
0.3011, 0.2222
0.3011, 0.2222
0.3011, 0.2222
0.3011, 0.2222
0.3011, 0.2222
0.3011, 0.2222
0.3011, 0.2222
0.3011, 0.2222
0.3011, 0.2222
0.3011, 0.2222
0.3011, 0.2222
0.3011, 0.2222
0.3011, 0.2222
0.3011, 0.2222
0.3011, 0.2222
0.3011, 0.2222
0.3011, 0.2222
0.3011, 0.2222
0.3011, 0.2222
0.3011, 0.2222
0.3011, 0.2222
0.3011, 0.2222
0.3011, 0.2222
0.3011, 0.2222
0.3011, 0.2222
0.3011, 0.2222
0.3011, 0.2222
0.3011, 0.2222
0.3011, 0.2222
0.3011, 0.2222
0.3011, 0.2222
0.3011, 0.2222
0.3011, 0.2222
0.3011, 0.2222
0.3011, 0.2222
0.3011, 0.2222
0.3011, 0.2222
0.3011, 0.2222
0.3011, 0.2222
0.3011, 0.2222
0.3047, 0.2222
0.3047, 0.2222
0.3047, 0.2222
0.3047, 0.2222
0.3047, 0.2222
0.3047, 0.2222
0.3047, 0.2222
0.3047, 0.2222
0.3047, 0.2222
0.3047, 0.2222
0.3047, 0.2222
0.3047, 0.2222
0.3082, 0.2222
0.3082, 0.2222
0.3082, 0.2222
0.3082, 0.2222
0.3082, 0.2222
0.3082, 0.2222
0.3082, 0.2222
0.3082, 0.2198
0.3082, 0.2198
0.3082, 0.2198
0.3082, 0.2198
0.3118, 0.2198
0.3118, 0.2198
0.3118, 0.2198
0.3118, 0.2198
0.3118, 0.2198
0.3118, 0.2198
0.3118, 0.2198
0.3118, 0.2198
0.3118, 0.2198
0.3118, 0.2198
0.3118, 0.2173
0.3118, 0.2173
0.3118, 0.2173
0.3118, 0.2173
0.3118, 0.2173
0.3118, 0.2173
0.3118, 0.2173
0.3118, 0.2173
0.3118, 0.2173
0.3118, 0.2173
0.3118, 0.2173
0.3118, 0.2173
0.3118, 0.2173
0.3118, 0.2173
0.3118, 0.2173
0.3118, 0.2173
0.3118, 0.2173
0.3118, 0.2173
0.3118, 0.2173
0.3118, 0.2173
0.3118, 0.2173
0.3118, 0.2173
0.3118, 0.2173
0.3118, 0.2173
0.3154, 0.2173
0.3154, 0.2173
0.3154, 0.2173
0.3154, 0.2148
0.3154, 0.2148
0.3154, 0.2148
0.3190, 0.2148
0.3190, 0.2148
0.3190, 0.2148
0.3190, 0.2148
0.3190, 0.2148
0.3190, 0.2148
0.3190, 0.2148
0.3190, 0.2148
0.3190, 0.2148
0.3190, 0.2148
0.3190, 0.2123
0.3190, 0.2123
0.3190, 0.2123
0.3226, 0.2123
0.3226, 0.2123
0.3226, 0.2123
0.3226, 0.2123
0.3226, 0.2099
0.3226, 0.2099
0.3226, 0.2099
0.3226, 0.2099
0.3226, 0.2099
0.3226, 0.2099
0.3226, 0.2099
0.3226, 0.2099
0.3226, 0.2099
0.3226, 0.2099
0.3226, 0.2099
0.3262, 0.2099
0.3262, 0.2099
0.3262, 0.2099
0.3262, 0.2099
0.3262, 0.2099
0.3262, 0.2099
0.3262, 0.2099
0.3262, 0.2099
0.3262, 0.2099
0.3262, 0.2099
0.3262, 0.2099
0.3262, 0.2074
0.3262, 0.2074
0.3262, 0.2074
0.3262, 0.2074
0.3262, 0.2074
0.3262, 0.2074
0.3262, 0.2074
0.3262, 0.2074
0.3297, 0.2049
0.3297, 0.2049
0.3297, 0.2049
0.3297, 0.2049
0.3297, 0.2049
0.3297, 0.2049
0.3297, 0.2049
0.3297, 0.2049
0.3297, 0.2049
0.3297, 0.2049
0.3297, 0.2049
0.3297, 0.2049
0.3297, 0.2049
0.3297, 0.2049
0.3297, 0.2049
0.3297, 0.2049
0.3297, 0.2049
0.3297, 0.2025
0.3297, 0.2025
0.3297, 0.2025
0.3297, 0.2025
0.3297, 0.2025
0.3297, 0.2000
0.3297, 0.2000
0.3297, 0.2000
0.3297, 0.2000
0.3297, 0.2000
0.3297, 0.2000
0.3297, 0.2000
0.3297, 0.1975
0.3297, 0.1975
0.3297, 0.1975
0.3297, 0.1975
0.3297, 0.1975
0.3297, 0.1975
0.3297, 0.1975
0.3297, 0.1975
0.3297, 0.1975
0.3297, 0.1975
0.3297, 0.1975
0.3297, 0.1975
0.3297, 0.1975
0.3297, 0.1951
0.3297, 0.1951
0.3297, 0.1951
0.3297, 0.1951
0.3297, 0.1951
0.3297, 0.1951
0.3297, 0.1951
0.3297, 0.1951
0.3297, 0.1951
0.3297, 0.1951
0.3297, 0.1926
0.3297, 0.1926
0.3297, 0.1926
0.3297, 0.1926
0.3297, 0.1926
0.3297, 0.1926
0.3297, 0.1926
0.3297, 0.1926
0.3297, 0.1926
0.3297, 0.1926
0.3297, 0.1926
0.3297, 0.1926
0.3297, 0.1926
0.3297, 0.1926
0.3297, 0.1926
0.3297, 0.1926
0.3297, 0.1926
0.3297, 0.1926
0.3297, 0.1901
0.3297, 0.1901
0.3297, 0.1901
0.3297, 0.1901
0.3297, 0.1901
0.3297, 0.1901
0.3297, 0.1901
0.3297, 0.1901
0.3297, 0.1901
0.3297, 0.1901
0.3297, 0.1901
0.3297, 0.1901
0.3297, 0.1877
0.3297, 0.1877
0.3297, 0.1877
0.3297, 0.1877
0.3297, 0.1852
0.3297, 0.1852
0.3297, 0.1852
0.3297, 0.1852
0.3297, 0.1852
0.3297, 0.1852
0.3297, 0.1852
0.3297, 0.1852
0.3297, 0.1852
0.3297, 0.1852
0.3297, 0.1852
0.3297, 0.1852
0.3297, 0.1852
0.3297, 0.1852
0.3297, 0.1852
0.3297, 0.1827
0.3297, 0.1827
0.3297, 0.1827
0.3297, 0.1827
0.3297, 0.1827
0.3297, 0.1827
0.3297, 0.1827
0.3297, 0.1827
0.3297, 0.1827
0.3297, 0.1827
0.3297, 0.1802
0.3297, 0.1802
0.3297, 0.1802
0.3297, 0.1802
0.3297, 0.1802
0.3297, 0.1802
0.3297, 0.1802
0.3297, 0.1802
0.3297, 0.1802
0.3297, 0.1802
0.3297, 0.1802
0.3297, 0.1802
0.3297, 0.1802
0.3297, 0.1802
0.3297, 0.1802
0.3297, 0.1778
0.3297, 0.1778
0.3297, 0.1778
0.3297, 0.1778
0.3297, 0.1778
0.3297, 0.1778
0.3297, 0.1753
0.3297, 0.1753
0.3297, 0.1753
0.3297, 0.1753
0.3297, 0.1753
0.3297, 0.1753
0.3297, 0.1753
0.3297, 0.1728
0.3297, 0.1728
0.3297, 0.1728
0.3262, 0.1728
0.3262, 0.1728
0.3262, 0.1704
0.3226, 0.1704
0.3226, 0.1679
0.3226, 0.1679
0.3226, 0.1679
0.3226, 0.1679
0.3226, 0.1654
0.3226, 0.1654
0.3226, 0.1654
0.3226, 0.1654
0.3190, 0.1630
0.3190, 0.1630
0.3190, 0.1630
0.3190, 0.1630
0.3190, 0.1630
0.3190, 0.1630
0.3190, 0.1630
0.3190, 0.1605
0.3190, 0.1605
0.3190, 0.1605
0.3154, 0.1605
0.3154, 0.1605
0.3154, 0.1605
0.3154, 0.1605
0.3154, 0.1605
0.3154, 0.1605
0.3154, 0.1605
0.3154, 0.1605
0.3154, 0.1605
0.3154, 0.1605
0.3154, 0.1605
0.3154, 0.1580
0.3154, 0.1580
0.3154, 0.1580
0.3154, 0.1580
0.3154, 0.1580
0.3154, 0.1580
0.3154, 0.1580
0.3154, 0.1556
0.3154, 0.1556
0.3154, 0.1556
0.3154, 0.1556
0.3154, 0.1556
0.3154, 0.1556
0.3154, 0.1556
0.3154, 0.1556
0.3154, 0.1556
0.3118, 0.1556
0.3118, 0.1556
0.3118, 0.1556
0.3118, 0.1556
0.3118, 0.1556
0.3118, 0.1556
0.3118, 0.1531
0.3118, 0.1531
0.3118, 0.1531
0.3118, 0.1531
0.3118, 0.1531
0.3118, 0.1531
0.3118, 0.1531
0.3118, 0.1506
0.3118, 0.1506
0.3118, 0.1506
0.3118, 0.1506
0.3118, 0.1506
0.3118, 0.1506
0.3118, 0.1506
0.3118, 0.1506
0.3082, 0.1481
0.3082, 0.1481
0.3082, 0.1481
0.3082, 0.1481
0.3082, 0.1481
0.3082, 0.1481
0.3082, 0.1481
0.3082, 0.1481
0.3082, 0.1481
0.3082, 0.1481
0.3082, 0.1481
0.3082, 0.1481
0.3082, 0.1481
0.3047, 0.1457
0.3047, 0.1457
0.3047, 0.1457
0.3047, 0.1457
0.3047, 0.1457
0.3047, 0.1457
0.3047, 0.1457
0.3047, 0.1432
0.3047, 0.1432
0.3047, 0.1432
0.3047, 0.1432
0.3047, 0.1432
0.3047, 0.1432
0.3047, 0.1432
0.3047, 0.1432
0.3047, 0.1432
0.3047, 0.1432
0.3047, 0.1432
0.3047, 0.1407
0.3047, 0.1407
0.3047, 0.1407
0.3047, 0.1407
0.3047, 0.1407
0.3047, 0.1407
0.3047, 0.1407
0.3047, 0.1383
0.3047, 0.1383
0.3047, 0.1383
0.3047, 0.1383
0.3047, 0.1358
0.3047, 0.1358
0.3047, 0.1358
0.3011, 0.1358
0.3011, 0.1358
0.3011, 0.1358
0.3011, 0.1358
0.3011, 0.1333
0.3011, 0.1333
0.3011, 0.1333
0.3011, 0.1333
0.3011, 0.1333
0.3011, 0.1333
0.3011, 0.1333
0.3011, 0.1309
0.3011, 0.1309
0.3011, 0.1309
0.2975, 0.1309
0.2975, 0.1309
0.2975, 0.1309
0.2975, 0.1284
0.2975, 0.1284
0.2975, 0.1284
0.2975, 0.1284
0.2975, 0.1259
0.2975, 0.1259
0.2975, 0.1259
0.2975, 0.1259
0.2975, 0.1259
0.2975, 0.1259
0.2975, 0.1259
0.2975, 0.1259
0.2975, 0.1259
0.2975, 0.1259
0.2975, 0.1235
0.2975, 0.1235
0.2975, 0.1235
0.2975, 0.1210
0.2975, 0.1210
0.2975, 0.1210
0.2975, 0.1185
0.2975, 0.1185
0.2975, 0.1185
0.2975, 0.1185
0.2975, 0.1185
0.2975, 0.1185
0.2975, 0.1185
0.2975, 0.1185
0.2975, 0.1185
0.2975, 0.1185
0.2975, 0.1185
0.2975, 0.1160
0.2975, 0.1160
0.2975, 0.1160
0.2975, 0.1136
0.2975, 0.1136
0.2975, 0.1136
0.2975, 0.1136
0.2975, 0.1136
0.2975, 0.1136
0.2975, 0.1136
0.2975, 0.1136
0.2975, 0.1111
0.2975, 0.1111
0.2975, 0.1111
0.2975, 0.1111
0.2975, 0.1086
0.2975, 0.1086
0.2975, 0.1086
0.2975, 0.1086
0.2975, 0.1086
0.2975, 0.1086
0.2975, 0.1062
0.2975, 0.1062
0.2975, 0.1062
0.2975, 0.1062
0.2975, 0.1062
0.2975, 0.1062
0.2975, 0.1062
0.2975, 0.1037
0.2975, 0.1037
0.2975, 0.1037
0.2975, 0.1012
0.2975, 0.1012
0.2975, 0.1012
0.2975, 0.1012
0.2975, 0.1012
0.2975, 0.1012
0.2975, 0.1012
0.2975, 0.1012
0.2975, 0.1012
0.2975, 0.1012
0.2975, 0.0988
0.2975, 0.0988
0.2975, 0.0988
0.2975, 0.0963
0.2975, 0.0963
0.2975, 0.0963
0.2975, 0.0963
0.2975, 0.0938
0.2975, 0.0938
0.2975, 0.0938
0.2975, 0.0938
0.2975, 0.0938
0.2975, 0.0938
0.2975, 0.0938
0.2975, 0.0938
0.2975, 0.0938
0.2975, 0.0938
0.2975, 0.0914
0.2975, 0.0914
0.2975, 0.0914
0.2975, 0.0889
0.2975, 0.0889
0.2975, 0.0889
0.2975, 0.0889
0.2975, 0.0889
0.2975, 0.0889
0.2975, 0.0889
0.2975, 0.0889
0.2975, 0.0889
0.2975, 0.0889
0.2975, 0.0889
0.2975, 0.0889
0.2975, 0.0864
0.2975, 0.0864
0.2975, 0.0864
0.2975, 0.0864
0.2975, 0.0864
0.2975, 0.0864
0.2975, 0.0840
0.2975, 0.0840
0.2975, 0.0840
0.2975, 0.0840
0.2975, 0.0840
0.2975, 0.0840
0.2975, 0.0840
0.2975, 0.0815
0.2975, 0.0815
0.2975, 0.0815
0.2975, 0.0815
0.2975, 0.0815
0.2975, 0.0815
0.2975, 0.0815
0.2975, 0.0815
0.2975, 0.0815
0.2975, 0.0815
0.2975, 0.0790
0.2975, 0.0790
0.2975, 0.0790
0.2975, 0.0790
0.2975, 0.0790
0.2975, 0.0790
0.2975, 0.0790
0.2975, 0.0765
0.2975, 0.0765
0.2975, 0.0765
0.2975, 0.0765
0.2975, 0.0765
0.2975, 0.0765
0.2975, 0.0765
0.2975, 0.0765
0.2975, 0.0765
0.2975, 0.0741
0.2975, 0.0741
0.2975, 0.0741
0.2975, 0.0741
0.2975, 0.0741
0.2975, 0.0741
0.2975, 0.0741
0.2975, 0.0716
0.2975, 0.0716
0.2975, 0.0716
0.2975, 0.0716
0.2975, 0.0716
0.2975, 0.0716
0.2975, 0.0691
0.2975, 0.0691
0.2975, 0.0691
0.2975, 0.0691
0.2975, 0.0691
0.2975, 0.0691
0.2975, 0.0691
0.2975, 0.0667
0.2975, 0.0667
0.2975, 0.0667
0.2975, 0.0667
0.2975, 0.0667
0.2975, 0.0667
0.2975, 0.0667
0.2975, 0.0642
0.2975, 0.0642
0.2975, 0.0642
0.2975, 0.0642
0.2975, 0.0642
0.2975, 0.0642
0.2975, 0.0642
0.2975, 0.0642
0.2975, 0.0642
0.2975, 0.0642
0.2975, 0.0642
0.2975, 0.0642
0.2975, 0.0642
0.2975, 0.0642
0.2975, 0.0617
0.2975, 0.0617
0.2975, 0.0617
0.2975, 0.0617
0.2975, 0.0617
0.2975, 0.0617
0.2975, 0.0593
0.2975, 0.0593
0.2975, 0.0593
0.2975, 0.0593
0.2975, 0.0593
0.2975, 0.0593
0.2975, 0.0593
0.2975, 0.0568
0.2975, 0.0568
0.2975, 0.0568
0.2975, 0.0568
0.2975, 0.0568
0.2975, 0.0568
0.2975, 0.0568
0.2975, 0.0568
0.2975, 0.0568
0.2975, 0.0568
0.2975, 0.0568
0.2975, 0.0568
0.2975, 0.0568
0.2975, 0.0568
0.2975, 0.0568
0.2975, 0.0568
0.2975, 0.0568
0.2975, 0.0543
0.2975, 0.0543
0.2975, 0.0543
0.2975, 0.0543
0.2975, 0.0543
0.2975, 0.0543
0.2975, 0.0543
0.2975, 0.0519
0.2975, 0.0519
0.2975, 0.0519
0.2975, 0.0519
0.2975, 0.0519
0.2975, 0.0519
0.2975, 0.0519
0.2975, 0.0519
0.2975, 0.0519
0.2975, 0.0519
0.2975, 0.0519
0.2975, 0.0494
0.2975, 0.0494
0.2975, 0.0494
0.2975, 0.0494
0.2975, 0.0494
0.2975, 0.0494
0.2975, 0.0469
0.2975, 0.0469
0.2975, 0.0469
0.2975, 0.0469
0.2975, 0.0469
0.2975, 0.0469
0.2975, 0.0469
0.2975, 0.0469
0.2975, 0.0469
0.2975, 0.0469
0.2975, 0.0444
0.2975, 0.0444
0.2975, 0.0444
0.2975, 0.0444
0.2975, 0.0444
0.2975, 0.0444
0.2975, 0.0420
0.2975, 0.0420
0.2975, 0.0420
0.2975, 0.0420
0.2975, 0.0420
0.2975, 0.0420
0.2975, 0.0420
0.2975, 0.0395
0.2975, 0.0395
0.2975, 0.0395
0.2975, 0.0395
0.2975, 0.0395
0.2975, 0.0395
0.2975, 0.0395
0.2975, 0.0395
0.2975, 0.0395
0.2975, 0.0395
0.2975, 0.0395
0.2975, 0.0395
0.2975, 0.0395
0.3011, 0.0370
0.3011, 0.0370
0.3011, 0.0370
0.3011, 0.0370
0.3011, 0.0370
0.3011, 0.0370
0.3011, 0.0370
0.3011, 0.0370
0.3011, 0.0346
0.3011, 0.0346
0.3011, 0.0346
0.3011, 0.0346
0.3011, 0.0346
0.3011, 0.0346
0.3011, 0.0346
0.3011, 0.0346
0.3011, 0.0346
0.3011, 0.0346
0.3011, 0.0346
0.3011, 0.0346
0.3011, 0.0346
0.3011, 0.0321
0.3011, 0.0321
0.3011, 0.0321
0.3011, 0.0321
0.3011, 0.0321
0.3011, 0.0321
0.3011, 0.0296
0.3011, 0.0296
0.3011, 0.0296
0.3011, 0.0296
0.3011, 0.0296
0.3011, 0.0296
0.3011, 0.0296
0.3011, 0.0272
0.3011, 0.0272
0.3011, 0.0272
0.3011, 0.0272
0.3011, 0.0272
0.3011, 0.0272
0.3011, 0.0272
0.3011, 0.0272
0.3011, 0.0272
0.3047, 0.0272
0.3047, 0.0272
0.3047, 0.0272
0.3047, 0.0272
0.3047, 0.0272
0.3047, 0.0272
0.3047, 0.0272
0.3047, 0.0272
0.3047, 0.0272
0.3047, 0.0272
0.3047, 0.0272
0.3047, 0.0272
0.3047, 0.0272
0.3047, 0.0247
0.3047, 0.0247
0.3047, 0.0247
0.3047, 0.0247
0.3082, 0.0247
0.3082, 0.0247
0.3082, 0.0247
0.3082, 0.0247
0.3082, 0.0247
0.3082, 0.0247
0.3082, 0.0222
0.3082, 0.0222
0.3118, 0.0222
0.3118, 0.0222
0.3118, 0.0222
0.3118, 0.0222
0.3118, 0.0222
0.3118, 0.0222
0.3118, 0.0222
0.3118, 0.0222
0.3118, 0.0222
0.3118, 0.0222
0.3118, 0.0222
0.3118, 0.0222
0.3118, 0.0222
0.3118, 0.0198
0.3118, 0.0198
0.3118, 0.0198
0.3154, 0.0198
0.3154, 0.0198
0.3154, 0.0198
0.3154, 0.0198
0.3154, 0.0198
0.3154, 0.0198
0.3154, 0.0198
0.3154, 0.0173
0.3154, 0.0173
0.3190, 0.0173
0.3190, 0.0173
0.3190, 0.0173
0.3190, 0.0148
0.3190, 0.0148
0.3190, 0.0148
0.3190, 0.0148
0.3190, 0.0148
0.3190, 0.0148
0.3190, 0.0148
0.3190, 0.0148
0.3190, 0.0148
0.3190, 0.0148
0.3190, 0.0148
0.3190, 0.0148
0.3190, 0.0148
0.3190, 0.0148
0.3190, 0.0148
0.3190, 0.0148
0.3190, 0.0148
0.3226, 0.0148
0.3226, 0.0148
0.3226, 0.0148
0.3226, 0.0123
0.3226, 0.0123
0.3226, 0.0123
0.3262, 0.0123
0.3262, 0.0123
0.3262, 0.0123
0.3262, 0.0123
0.3262, 0.0123
0.3262, 0.0123
0.3262, 0.0123
0.3262, 0.0123
0.3297, 0.0099
0.3297, 0.0099
0.3297, 0.0099
0.3297, 0.0099
0.3297, 0.0099
0.3297, 0.0099
0.3297, 0.0099
0.3297, 0.0099
0.3297, 0.0099
0.3297, 0.0099
0.3297, 0.0099
0.3297, 0.0099
0.3297, 0.0099
0.3333, 0.0099
0.3333, 0.0099
0.3333, 0.0099
0.3369, 0.0099
0.3369, 0.0099
0.3369, 0.0099
0.3369, 0.0099
0.3369, 0.0099
0.3369, 0.0099
0.3369, 0.0099
0.3369, 0.0074
0.3369, 0.0074
0.3369, 0.0074
0.3369, 0.0074
0.3369, 0.0074
0.3369, 0.0074
0.3369, 0.0074
0.3369, 0.0074
0.3369, 0.0074
0.3369, 0.0074
0.3405, 0.0049
0.3405, 0.0049
0.3405, 0.0049
0.3441, 0.0049
0.3441, 0.0049
0.3441, 0.0049
0.3441, 0.0049
0.3441, 0.0049
0.3441, 0.0049
0.3441, 0.0049
0.3441, 0.0049
0.3441, 0.0049
0.3477, 0.0025
0.3477, 0.0025
0.3477, 0.0025
0.3477, 0.0025
0.3477, 0.0025
0.3477, 0.0025
0.3513, 0.0025
0.3513, 0.0025
0.3513, 0.0025
0.3548, 0.0025
0.3548, 0.0025
0.3548, 0.0025
0.3548, 0.0025
0.3548, 0.0025
0.3548, 0.0025
0.3548, 0.0025
0.3548, 0.0025
0.3548, 0.0025
0.3548, 0.0025
0.3548, 0.0025
0.3548, 0.0025
0.3548, 0.0025
0.3548, 0.0025
0.3584, 0.0025
0.3584, 0.0025
0.3584, 0.0025
0.3620, 0.0025
0.3620, 0.0025
0.3620, 0.0025
0.3620, 0.0025
0.3620, 0.0025
0.3620, 0.0025
0.3620, 0.0025
0.3620, 0.0025
0.3620, 0.0025
0.3620, 0.0025
0.3620, 0.0000
0.3620, 0.0000
0.3620, 0.0000
0.3656, 0.0000
0.3656, 0.0000
0.3656, 0.0000
0.3656, 0.0000
0.3656, 0.0000
0.3692, 0.0000
0.3692, 0.0000
0.3692, 0.0000
0.3728, 0.0000
0.3728, 0.0000
0.3728, 0.0000
0.3728, 0.0000
0.3728, 0.0000
0.3728, 0.0000
0.3728, 0.0000
0.3728, 0.0000
0.3728, 0.0000
0.3728, 0.0000
0.3728, 0.0000
0.3728, 0.0000
0.3728, 0.0000
0.3728, 0.0000
0.3763, 0.0000
0.3763, 0.0000
0.3763, 0.0000
0.3763, 0.0000
0.3763, 0.0000
0.3763, 0.0000
0.3763, 0.0000
0.3763, 0.0000
0.3763, 0.0000
0.3799, 0.0000
0.3799, 0.0000
0.3799, 0.0000
0.3799, 0.0000
0.3799, 0.0000
0.3799, 0.0000
0.3799, 0.0000
0.3799, 0.0000
0.3799, 0.0000
0.3799, 0.0000
0.3799, 0.0000
0.3835, 0.0000
0.3835, 0.0000
0.3835, 0.0000
0.3835, 0.0000
0.3835, 0.0000
0.3835, 0.0000
0.3871, 0.0000
0.3871, 0.0000
0.3871, 0.0000
0.3871, 0.0000
0.3871, 0.0000
0.3871, 0.0000
0.3871, 0.0000
0.3907, 0.0000
0.3907, 0.0000
0.3907, 0.0000
0.3907, 0.0000
0.3907, 0.0000
0.3907, 0.0000
0.3907, 0.0000
0.3907, 0.0000
0.3907, 0.0000
0.3907, 0.0000
0.3907, 0.0000
0.3907, 0.0000
0.3907, 0.0000
0.3943, 0.0000
0.3943, 0.0000
0.3943, 0.0000
0.3943, 0.0000
0.3943, 0.0000
0.3943, 0.0000
0.3978, 0.0000
0.3978, 0.0000
0.3978, 0.0000
0.3978, 0.0000
0.3978, 0.0000
0.3978, 0.0000
0.3978, 0.0000
0.3978, 0.0000
0.3978, 0.0000
0.3978, 0.0000
0.3978, 0.0000
0.3978, 0.0000
0.3978, 0.0000
0.4014, 0.0000
0.4050, 0.0000
0.4050, 0.0000
0.4050, 0.0000
0.4050, 0.0000
0.4050, 0.0000
0.4050, 0.0000
0.4086, 0.0000
0.4086, 0.0000
0.4086, 0.0000
0.4086, 0.0000
0.4086, 0.0000
0.4086, 0.0000
0.4122, 0.0000
0.4122, 0.0000
0.4122, 0.0000
0.4158, 0.0000
0.4158, 0.0000
0.4158, 0.0000
0.4158, 0.0000
0.4158, 0.0000
0.4158, 0.0000
0.4158, 0.0000
0.4158, 0.0000
0.4158, 0.0000
0.4158, 0.0000
0.4158, 0.0000
0.4158, 0.0000
0.4194, 0.0000
0.4194, 0.0000
0.4194, 0.0000
0.4194, 0.0000
0.4194, 0.0000
0.4194, 0.0000
0.4194, 0.0000
0.4229, 0.0000
0.4229, 0.0000
0.4229, 0.0000
0.4229, 0.0000
0.4229, 0.0000
0.4229, 0.0000
0.4265, 0.0025
0.4265, 0.0025
0.4265, 0.0025
0.4265, 0.0025
0.4265, 0.0025
0.4265, 0.0025
0.4301, 0.0025
0.4301, 0.0025
0.4301, 0.0025
0.4301, 0.0025
0.4301, 0.0025
0.4301, 0.0025
0.4337, 0.0025
0.4337, 0.0025
0.4337, 0.0025
0.4337, 0.0049
0.4373, 0.0049
0.4373, 0.0049
0.4409, 0.0049
0.4409, 0.0049
0.4409, 0.0049
0.4444, 0.0049
0.4444, 0.0049
0.4444, 0.0049
0.4444, 0.0049
0.4444, 0.0049
0.4444, 0.0049
0.4444, 0.0049
0.4480, 0.0074
0.4480, 0.0074
0.4516, 0.0074
0.4516, 0.0074
0.4516, 0.0074
0.4516, 0.0074
0.4516, 0.0074
0.4516, 0.0074
0.4516, 0.0074
0.4516, 0.0074
0.4516, 0.0074
0.4516, 0.0074
0.4552, 0.0074
0.4552, 0.0074
0.4552, 0.0074
0.4588, 0.0074
0.4588, 0.0074
0.4588, 0.0074
0.4588, 0.0074
0.4588, 0.0074
0.4588, 0.0074
0.4624, 0.0099
0.4624, 0.0099
0.4624, 0.0099
0.4624, 0.0099
0.4624, 0.0099
0.4624, 0.0099
0.4624, 0.0099
0.4624, 0.0099
0.4624, 0.0099
0.4659, 0.0099
0.4659, 0.0099
0.4659, 0.0099
0.4695, 0.0123
0.4695, 0.0123
0.4695, 0.0123
0.4695, 0.0123
0.4695, 0.0123
0.4695, 0.0123
0.4731, 0.0123
0.4731, 0.0123
0.4731, 0.0123
0.4767, 0.0123
0.4767, 0.0123
0.4767, 0.0123
0.4767, 0.0123
0.4767, 0.0148
0.4767, 0.0148
0.4767, 0.0148
0.4803, 0.0148
0.4803, 0.0148
0.4803, 0.0148
0.4839, 0.0148
0.4839, 0.0148
0.4839, 0.0148
0.4839, 0.0173
0.4839, 0.0173
0.4875, 0.0173
0.4875, 0.0173
0.4875, 0.0173
0.4875, 0.0173
0.4875, 0.0173
0.4875, 0.0173
0.4875, 0.0173
0.4875, 0.0173
0.4875, 0.0173
0.4875, 0.0198
0.4875, 0.0198
0.4875, 0.0198
0.4910, 0.0198
0.4910, 0.0198
0.4910, 0.0198
0.4946, 0.0198
0.4946, 0.0198
0.4946, 0.0198
0.4946, 0.0198
0.4946, 0.0198
0.4946, 0.0198
0.4946, 0.0222
0.4946, 0.0222
0.4946, 0.0222
0.4982, 0.0222
0.4982, 0.0222
0.4982, 0.0222
0.5018, 0.0247
0.5018, 0.0247
0.5018, 0.0247
0.5054, 0.0247
0.5054, 0.0247
0.5054, 0.0247
0.5054, 0.0247
0.5054, 0.0247
0.5054, 0.0247
0.5054, 0.0247
0.5054, 0.0247
0.5054, 0.0247
0.5054, 0.0247
0.5090, 0.0247
0.5090, 0.0272
0.5090, 0.0272
0.5125, 0.0272
0.5125, 0.0272
0.5125, 0.0272
0.5125, 0.0296
0.5125, 0.0296
0.5125, 0.0296
0.5161, 0.0321
0.5161, 0.0321
0.5161, 0.0321
0.5161, 0.0321
0.5161, 0.0321
0.5161, 0.0321
0.5161, 0.0321
0.5161, 0.0321
0.5161, 0.0321
0.5197, 0.0321
0.5197, 0.0321
0.5197, 0.0321
0.5197, 0.0321
0.5197, 0.0321
0.5197, 0.0321
0.5197, 0.0321
0.5233, 0.0346
0.5233, 0.0346
0.5233, 0.0346
0.5233, 0.0346
0.5233, 0.0346
0.5233, 0.0346
0.5233, 0.0370
0.5233, 0.0370
0.5233, 0.0370
0.5269, 0.0370
0.5269, 0.0370
0.5269, 0.0370
0.5269, 0.0370
0.5269, 0.0370
0.5269, 0.0370
0.5305, 0.0395
0.5305, 0.0395
0.5305, 0.0395
0.5305, 0.0395
0.5305, 0.0395
0.5305, 0.0395
0.5341, 0.0420
0.5341, 0.0420
0.5341, 0.0420
0.5341, 0.0444
0.5341, 0.0444
0.5341, 0.0444
0.5376, 0.0444
0.5376, 0.0444
0.5376, 0.0444
0.5376, 0.0444
0.5412, 0.0444
0.5412, 0.0444
0.5412, 0.0444
0.5412, 0.0469
0.5412, 0.0469
0.5412, 0.0469
0.5412, 0.0469
0.5412, 0.0469
0.5412, 0.0469
0.5448, 0.0494
0.5448, 0.0494
0.5484, 0.0494
0.5484, 0.0494
0.5484, 0.0494
0.5484, 0.0519
0.5484, 0.0519
0.5484, 0.0519
0.5484, 0.0519
0.5484, 0.0519
0.5484, 0.0519
0.5520, 0.0543
0.5520, 0.0543
0.5520, 0.0543
0.5556, 0.0543
0.5556, 0.0543
0.5556, 0.0543
0.5556, 0.0543
0.5556, 0.0543
0.5556, 0.0543
0.5591, 0.0543
0.5591, 0.0543
0.5591, 0.0543
0.5591, 0.0568
0.5591, 0.0568
0.5591, 0.0568
0.5591, 0.0568
0.5591, 0.0568
0.5591, 0.0568
0.5591, 0.0593
0.5591, 0.0593
0.5591, 0.0593
0.5627, 0.0593
0.5627, 0.0593
0.5627, 0.0593
0.5663, 0.0617
0.5663, 0.0617
0.5663, 0.0617
0.5663, 0.0617
0.5663, 0.0617
0.5663, 0.0617
0.5663, 0.0617
0.5663, 0.0617
0.5663, 0.0617
0.5699, 0.0642
0.5699, 0.0642
0.5699, 0.0642
0.5699, 0.0642
0.5735, 0.0667
0.5735, 0.0667
0.5771, 0.0667
0.5771, 0.0667
0.5771, 0.0667
0.5771, 0.0667
0.5771, 0.0667
0.5771, 0.0667
0.5771, 0.0691
0.5771, 0.0691
0.5771, 0.0691
0.5806, 0.0691
0.5806, 0.0691
0.5806, 0.0691
0.5806, 0.0716
0.5806, 0.0716
0.5806, 0.0716
0.5842, 0.0741
0.5842, 0.0741
0.5842, 0.0741
0.5842, 0.0741
0.5842, 0.0741
0.5842, 0.0741
0.5842, 0.0741
0.5842, 0.0741
0.5842, 0.0741
0.5878, 0.0765
0.5878, 0.0765
0.5878, 0.0765
0.5914, 0.0790
0.5914, 0.0790
0.5914, 0.0790
0.5914, 0.0790
0.5914, 0.0790
0.5914, 0.0790
0.5914, 0.0790
0.5914, 0.0790
0.5914, 0.0790
0.5950, 0.0815
0.5950, 0.0815
0.5986, 0.0815
0.5986, 0.0815
0.5986, 0.0815
0.5986, 0.0840
0.5986, 0.0840
0.5986, 0.0840
0.5986, 0.0840
0.5986, 0.0840
0.5986, 0.0840
0.6022, 0.0864
0.6022, 0.0864
0.6022, 0.0864
0.6022, 0.0864
0.6022, 0.0864
0.6022, 0.0864
0.6022, 0.0864
0.6057, 0.0889
0.6057, 0.0889
0.6057, 0.0889
0.6093, 0.0914
0.6093, 0.0914
0.6093, 0.0914
0.6093, 0.0914
0.6093, 0.0914
0.6093, 0.0914
0.6093, 0.0938
0.6093, 0.0938
0.6093, 0.0938
0.6129, 0.0963
0.6129, 0.0963
0.6165, 0.0988
0.6165, 0.0988
0.6165, 0.0988
0.6201, 0.0988
0.6201, 0.0988
0.6201, 0.0988
0.6201, 0.1012
0.6201, 0.1012
0.6201, 0.1012
0.6201, 0.1012
0.6201, 0.1012
0.6201, 0.1012
0.6201, 0.1037
0.6201, 0.1037
0.6201, 0.1037
0.6201, 0.1037
0.6201, 0.1037
0.6201, 0.1037
0.6237, 0.1037
0.6237, 0.1037
0.6237, 0.1037
0.6237, 0.1062
0.6237, 0.1062
0.6272, 0.1086
0.6272, 0.1086
0.6272, 0.1086
0.6272, 0.1111
0.6272, 0.1111
0.6272, 0.1111
0.6272, 0.1111
0.6272, 0.1111
0.6272, 0.1111
0.6308, 0.1111
0.6308, 0.1136
0.6308, 0.1136
0.6344, 0.1160
0.6344, 0.1160
0.6344, 0.1160
0.6344, 0.1160
0.6344, 0.1160
0.6344, 0.1160
0.6380, 0.1185
0.6380, 0.1185
0.6380, 0.1185
0.6380, 0.1210
0.6380, 0.1210
0.6380, 0.1210
0.6380, 0.1210
0.6380, 0.1210
0.6380, 0.1210
0.6380, 0.1235
0.6380, 0.1235
0.6380, 0.1235
0.6416, 0.1235
0.6416, 0.1235
0.6416, 0.1235
0.6416, 0.1259
0.6416, 0.1259
0.6452, 0.1284
0.6452, 0.1284
0.6452, 0.1284
0.6452, 0.1284
0.6452, 0.1284
0.6452, 0.1284
0.6452, 0.1309
0.6452, 0.1309
0.6452, 0.1309
0.6452, 0.1309
0.6452, 0.1309
0.6452, 0.1309
0.6487, 0.1333
0.6487, 0.1333
0.6487, 0.1333
0.6487, 0.1333
0.6487, 0.1333
0.6487, 0.1333
0.6523, 0.1358
0.6523, 0.1358
0.6523, 0.1383
0.6523, 0.1383
0.6523, 0.1383
0.6559, 0.1383
0.6559, 0.1383
0.6559, 0.1383
0.6559, 0.1407
0.6559, 0.1407
0.6559, 0.1407
0.6559, 0.1407
0.6559, 0.1432
0.6559, 0.1432
0.6559, 0.1432
0.6595, 0.1457
0.6595, 0.1457
0.6595, 0.1457
0.6595, 0.1457
0.6595, 0.1457
0.6631, 0.1481
0.6631, 0.1481
0.6631, 0.1481
0.6631, 0.1481
0.6631, 0.1481
0.6631, 0.1506
0.6631, 0.1506
0.6631, 0.1506
0.6631, 0.1531
0.6631, 0.1531
0.6631, 0.1531
0.6631, 0.1531
0.6631, 0.1531
0.6631, 0.1531
0.6667, 0.1531
0.6667, 0.1531
0.6667, 0.1556
0.6667, 0.1556
0.6667, 0.1556
0.6703, 0.1556
0.6703, 0.1556
0.6703, 0.1556
0.6703, 0.1580
0.6703, 0.1580
0.6703, 0.1580
0.6738, 0.1580
0.6738, 0.1580
0.6738, 0.1580
0.6738, 0.1580
0.6738, 0.1580
0.6738, 0.1580
0.6738, 0.1605
0.6738, 0.1605
0.6738, 0.1630
0.6738, 0.1630
0.6738, 0.1630
0.6738, 0.1654
0.6738, 0.1654
0.6774, 0.1654
0.6774, 0.1654
0.6774, 0.1654
0.6774, 0.1654
0.6810, 0.1679
0.6810, 0.1679
0.6810, 0.1679
0.6810, 0.1679
0.6810, 0.1679
0.6810, 0.1679
0.6810, 0.1704
0.6810, 0.1704
0.6810, 0.1704
0.6810, 0.1704
0.6810, 0.1704
0.6846, 0.1728
0.6846, 0.1728
0.6846, 0.1728
0.6882, 0.1753
0.6882, 0.1753
0.6882, 0.1753
0.6882, 0.1753
0.6882, 0.1753
0.6918, 0.1778
0.6918, 0.1778
0.6918, 0.1778
0.6918, 0.1778
0.6918, 0.1778
0.6918, 0.1778
0.6918, 0.1802
0.6918, 0.1802
0.6918, 0.1802
0.6953, 0.1827
0.6953, 0.1827
0.6989, 0.1827
0.6989, 0.1827
0.6989, 0.1827
0.6989, 0.1852
0.6989, 0.1852
0.6989, 0.1852
0.6989, 0.1877
0.6989, 0.1877
0.6989, 0.1877
0.6989, 0.1901
0.6989, 0.1901
0.7025, 0.1901
0.7025, 0.1901
0.7025, 0.1901
0.7025, 0.1901
0.7025, 0.1901
0.7025, 0.1901
0.7061, 0.1926
0.7061, 0.1951
0.7061, 0.1951
0.7061, 0.1951
0.7061, 0.1951
0.7061, 0.1951
0.7061, 0.1951
0.7061, 0.1951
0.7061, 0.1951
0.7097, 0.1975
0.7097, 0.1975
0.7097, 0.1975
0.7097, 0.1975
0.7097, 0.1975
0.7097, 0.1975
0.7133, 0.2000
0.7133, 0.2000
0.7133, 0.2000
0.7133, 0.2025
0.7133, 0.2025
0.7133, 0.2025
0.7168, 0.2025
0.7168, 0.2025
0.7168, 0.2049
0.7168, 0.2049
0.7168, 0.2049
0.7168, 0.2049
0.7168, 0.2049
0.7168, 0.2049
0.7168, 0.2074
0.7168, 0.2074
0.7168, 0.2074
0.7204, 0.2074
0.7204, 0.2074
0.7204, 0.2074
0.7204, 0.2099
0.7204, 0.2099
0.7240, 0.2123
0.7240, 0.2123
0.7240, 0.2123
0.7240, 0.2123
0.7240, 0.2123
0.7240, 0.2123
0.7240, 0.2123
0.7240, 0.2123
0.7240, 0.2123
0.7240, 0.2148
0.7240, 0.2148
0.7240, 0.2148
0.7276, 0.2148
0.7276, 0.2148
0.7276, 0.2173
0.7312, 0.2198
0.7312, 0.2198
0.7312, 0.2198
0.7348, 0.2198
0.7348, 0.2198
0.7348, 0.2222
0.7348, 0.2222
0.7348, 0.2222
0.7348, 0.2222
0.7348, 0.2222
0.7348, 0.2222
0.7384, 0.2247
0.7384, 0.2247
0.7384, 0.2247
0.7384, 0.2247
0.7384, 0.2247
0.7384, 0.2272
0.7384, 0.2272
0.7384, 0.2272
0.7419, 0.2272
0.7419, 0.2272
0.7419, 0.2272
0.7419, 0.2296
0.7419, 0.2296
0.7419, 0.2321
0.7419, 0.2321
0.7419, 0.2321
0.7419, 0.2321
0.7419, 0.2321
0.7419, 0.2321
0.7455, 0.2321
0.7455, 0.2321
0.7455, 0.2321
0.7491, 0.2346
0.7491, 0.2346
0.7491, 0.2370
0.7491, 0.2370
0.7491, 0.2370
0.7527, 0.2370
0.7527, 0.2370
0.7527, 0.2370
0.7527, 0.2370
0.7527, 0.2370
0.7527, 0.2370
0.7527, 0.2395
0.7527, 0.2395
0.7527, 0.2420
0.7527, 0.2420
0.7563, 0.2444
0.7563, 0.2444
0.7563, 0.2444
0.7563, 0.2444
0.7563, 0.2444
0.7599, 0.2444
0.7599, 0.2444
0.7599, 0.2469
0.7599, 0.2469
0.7599, 0.2469
0.7599, 0.2469
0.7599, 0.2469
0.7599, 0.2469
0.7599, 0.2469
0.7599, 0.2469
0.7599, 0.2469
0.7599, 0.2494
0.7599, 0.2494
0.7599, 0.2494
0.7599, 0.2494
0.7599, 0.2494
0.7634, 0.2494
0.7634, 0.2494
0.7634, 0.2494
0.7634, 0.2519
0.7634, 0.2519
0.7634, 0.2519
0.7634, 0.2519
0.7634, 0.2519
0.7634, 0.2519
0.7670, 0.2543
0.7670, 0.2543
0.7670, 0.2568
0.7670, 0.2568
0.7670, 0.2568
0.7706, 0.2568
0.7706, 0.2568
0.7706, 0.2568
0.7706, 0.2568
0.7706, 0.2568
0.7706, 0.2568
0.7706, 0.2568
0.7706, 0.2568
0.7706, 0.2568
0.7706, 0.2593
0.7706, 0.2593
0.7706, 0.2593
0.7706, 0.2593
0.7706, 0.2593
0.7742, 0.2617
0.7742, 0.2617
0.7742, 0.2617
0.7742, 0.2617
0.7742, 0.2617
0.7742, 0.2617
0.7742, 0.2617
0.7778, 0.2617
0.7778, 0.2617
0.7778, 0.2617
0.7778, 0.2617
0.7778, 0.2617
0.7778, 0.2642
0.7778, 0.2642
0.7778, 0.2642
0.7778, 0.2642
0.7778, 0.2642
0.7778, 0.2642
0.7778, 0.2642
0.7778, 0.2642
0.7778, 0.2642
0.7814, 0.2667
0.7814, 0.2667
0.7814, 0.2667
0.7814, 0.2667
0.7814, 0.2667
0.7814, 0.2667
0.7849, 0.2691
0.7849, 0.2691
0.7849, 0.2691
0.7849, 0.2691
0.7849, 0.2691
0.7885, 0.2691
0.7885, 0.2691
0.7885, 0.2691
0.7885, 0.2691
0.7885, 0.2691
0.7885, 0.2691
0.7885, 0.2716
0.7885, 0.2716
0.7885, 0.2741
0.7885, 0.2741
0.7885, 0.2741
0.7921, 0.2741
0.7921, 0.2741
0.7921, 0.2741
0.7921, 0.2741
0.7921, 0.2741
0.7957, 0.2741
0.7957, 0.2741
0.7957, 0.2741
0.7957, 0.2765
0.7957, 0.2765
0.7957, 0.2790
0.7957, 0.2790
0.7957, 0.2815
0.7957, 0.2815
0.7993, 0.2815
0.7993, 0.2815
0.7993, 0.2815
0.7993, 0.2815
0.8029, 0.2840
0.8029, 0.2840
0.8029, 0.2840
0.8029, 0.2840
0.8029, 0.2840
0.8065, 0.2864
0.8065, 0.2864
0.8065, 0.2864
0.8065, 0.2864
0.8065, 0.2864
0.8065, 0.2864
0.8065, 0.2864
0.8065, 0.2889
0.8065, 0.2889
0.8100, 0.2889
0.8100, 0.2889
0.8100, 0.2914
0.8100, 0.2914
0.8136, 0.2914
0.8136, 0.2914
0.8136, 0.2938
0.8136, 0.2938
0.8136, 0.2938
0.8136, 0.2963
0.8136, 0.2963
0.8172, 0.2988
0.8172, 0.2988
0.8172, 0.2988
0.8172, 0.2988
0.8208, 0.2988
0.8208, 0.2988
0.8208, 0.3012
0.8208, 0.3012
0.8208, 0.3012
0.8208, 0.3012
0.8208, 0.3012
0.8244, 0.3037
0.8244, 0.3037
0.8244, 0.3037
0.8244, 0.3037
0.8244, 0.3037
0.8244, 0.3037
0.8244, 0.3037
0.8280, 0.3062
0.8280, 0.3062
0.8280, 0.3062
0.8280, 0.3062
0.8280, 0.3062
0.8315, 0.3086
0.8315, 0.3086
0.8315, 0.3086
0.8315, 0.3086
0.8315, 0.3111
0.8315, 0.3111
0.8315, 0.3111
0.8315, 0.3111
0.8315, 0.3111
0.8315, 0.3111
0.8315, 0.3111
0.8351, 0.3111
0.8351, 0.3111
0.8351, 0.3136
0.8351, 0.3136
0.8351, 0.3136
0.8351, 0.3136
0.8387, 0.3160
0.8387, 0.3160
0.8387, 0.3160
0.8387, 0.3160
0.8387, 0.3160
0.8387, 0.3160
0.8387, 0.3160
0.8423, 0.3160
0.8423, 0.3160
0.8423, 0.3185
0.8459, 0.3185
0.8459, 0.3185
0.8459, 0.3210
0.8459, 0.3210
0.8495, 0.3210
0.8495, 0.3210
0.8495, 0.3210
0.8495, 0.3210
0.8495, 0.3210
0.8495, 0.3235
0.8495, 0.3235
0.8495, 0.3235
0.8495, 0.3235
0.8495, 0.3235
0.8495, 0.3235
0.8495, 0.3235
0.8530, 0.3235
0.8530, 0.3235
0.8566, 0.3235
0.8566, 0.3235
0.8566, 0.3235
0.8566, 0.3235
0.8566, 0.3259
0.8566, 0.3259
0.8566, 0.3259
0.8602, 0.3259
0.8602, 0.3259
0.8602, 0.3284
0.8602, 0.3284
0.8638, 0.3284
0.8638, 0.3284
0.8674, 0.3284
0.8674, 0.3284
0.8674, 0.3284
0.8674, 0.3284
0.8674, 0.3284
0.8710, 0.3284
0.8710, 0.3284
0.8710, 0.3284
0.8710, 0.3284
0.8746, 0.3309
0.8746, 0.3309
0.8746, 0.3309
0.8746, 0.3309
0.8746, 0.3309
0.8746, 0.3309
0.8781, 0.3309
0.8781, 0.3309
0.8817, 0.3309
0.8817, 0.3309
0.8853, 0.3333
0.8853, 0.3333
0.8853, 0.3333
0.8853, 0.3333
0.8889, 0.3333
0.8889, 0.3333
0.8889, 0.3333
0.8889, 0.3333
0.8889, 0.3333
0.8925, 0.3333
0.8925, 0.3333
0.8925, 0.3333
0.8925, 0.3333
0.8925, 0.3333
0.8925, 0.3333
0.8925, 0.3333
0.8925, 0.3333
0.8925, 0.3333
0.8961, 0.3333
0.8961, 0.3333
0.8996, 0.3333
0.8996, 0.3333
0.9032, 0.3358
0.9032, 0.3358
0.9032, 0.3358
0.9032, 0.3358
0.9032, 0.3358
0.9032, 0.3358
0.9032, 0.3358
0.9104, 0.3358
0.9104, 0.3358
0.9104, 0.3358
0.9104, 0.3358
0.9104, 0.3358
0.9140, 0.3358
0.9140, 0.3358
0.9176, 0.3358
0.9176, 0.3358
0.9211, 0.3358
0.9211, 0.3358
0.9211, 0.3358
0.9211, 0.3358
0.9211, 0.3358
0.9211, 0.3358
0.9211, 0.3358
0.9247, 0.3358
0.9247, 0.3358
0.9283, 0.3358
0.9283, 0.3358
0.9283, 0.3358
0.9283, 0.3358
0.9283, 0.3358
0.9283, 0.3358
0.9283, 0.3358
0.9319, 0.3358
0.9319, 0.3358
0.9355, 0.3358
0.9355, 0.3358
0.9355, 0.3358
0.9355, 0.3358
0.9391, 0.3358
0.9391, 0.3358
0.9391, 0.3358
0.9391, 0.3358
0.9391, 0.3358
0.9391, 0.3358
0.9391, 0.3358
0.9427, 0.3333
0.9427, 0.3333
0.9462, 0.3333
0.9462, 0.3333
0.9462, 0.3333
0.9498, 0.3333
0.9498, 0.3333
0.9534, 0.3309
0.9534, 0.3309
0.9570, 0.3309
0.9570, 0.3309
0.9570, 0.3309
0.9570, 0.3309
0.9570, 0.3309
0.9606, 0.3309
0.9606, 0.3309
0.9606, 0.3309
0.9642, 0.3309
0.9642, 0.3284
0.9642, 0.3284
0.9677, 0.3259
0.9713, 0.3259
0.9749, 0.3235
0.9749, 0.3235
0.9749, 0.3235
0.9749, 0.3235
0.9749, 0.3210
0.9749, 0.3210
0.9785, 0.3210
0.9785, 0.3210
0.9785, 0.3185
0.9785, 0.3185
0.9821, 0.3185
0.9821, 0.3185
0.9821, 0.3185
0.9821, 0.3185
0.9821, 0.3160
0.9821, 0.3160
0.9821, 0.3160
0.9821, 0.3160
0.9857, 0.3136
0.9857, 0.3136
0.9857, 0.3136
0.9857, 0.3136
0.9892, 0.3111
0.9892, 0.3111
0.9928, 0.3111
0.9928, 0.3111
0.9928, 0.3086
0.9928, 0.3086
0.9928, 0.3062
0.9928, 0.3062
0.9928, 0.3062
0.9928, 0.3062
0.9928, 0.3062
0.9928, 0.3062
0.9928, 0.3062
0.9928, 0.3037
0.9928, 0.3037
0.9928, 0.3037
0.9928, 0.3037
0.9964, 0.3012
0.9964, 0.3012
0.9964, 0.3012
0.9964, 0.3012
0.9964, 0.3012
0.9964, 0.3012
0.9964, 0.3012
0.9964, 0.2988
0.9964, 0.2988
0.9964, 0.2988
0.9964, 0.2988
0.9964, 0.2963
0.9964, 0.2963
0.9964, 0.2963
0.9964, 0.2938
0.9964, 0.2938
0.9964, 0.2938
0.9964, 0.2938
0.9964, 0.2938
0.9964, 0.2938
0.9964, 0.2938
0.9964, 0.2914
0.9964, 0.2914
1.0000, 0.2889
1.0000, 0.2889
1.0000, 0.2889
1.0000, 0.2889
1.0000, 0.2889
1.0000, 0.2889
1.0000, 0.2889
1.0000, 0.2864
1.0000, 0.2864
1.0000, 0.2864
1.0000, 0.2864
1.0000, 0.2840
1.0000, 0.2840
1.0000, 0.2840
1.0000, 0.2840
1.0000, 0.2840
1.0000, 0.2840
1.0000, 0.2840
1.0000, 0.2815
1.0000, 0.2815
1.0000, 0.2815
1.0000, 0.2815
1.0000, 0.2790
1.0000, 0.2790
1.0000, 0.2790
1.0000, 0.2790
1.0000, 0.2790
1.0000, 0.2765
1.0000, 0.2765
1.0000, 0.2765
1.0000, 0.2765
1.0000, 0.2765
1.0000, 0.2765
1.0000, 0.2765
1.0000, 0.2741
1.0000, 0.2741
1.0000, 0.2741
1.0000, 0.2741
0.9964, 0.2716
0.9964, 0.2716
0.9964, 0.2716
0.9964, 0.2716
0.9964, 0.2716
0.9964, 0.2716
0.9964, 0.2716
0.9964, 0.2716
0.9964, 0.2716
0.9964, 0.2691
0.9964, 0.2691
0.9964, 0.2667
0.9964, 0.2667
0.9964, 0.2667
0.9964, 0.2667
0.9964, 0.2642
0.9964, 0.2642
0.9928, 0.2642
0.9928, 0.2642
0.9928, 0.2642
0.9928, 0.2642
0.9928, 0.2642
0.9928, 0.2617
0.9928, 0.2617
0.9892, 0.2617
0.9892, 0.2617
0.9892, 0.2593
0.9892, 0.2593
0.9892, 0.2593
0.9857, 0.2593
0.9857, 0.2593
0.9857, 0.2593
0.9857, 0.2593
0.9857, 0.2568
0.9857, 0.2568
0.9857, 0.2568
0.9857, 0.2568
0.9857, 0.2543
0.9857, 0.2543
0.9857, 0.2543
0.9857, 0.2543
0.9857, 0.2543
0.9821, 0.2519
0.9821, 0.2519
0.9821, 0.2519
0.9821, 0.2519
0.9785, 0.2519
0.9785, 0.2519
0.9785, 0.2494
0.9785, 0.2494
0.9785, 0.2494
0.9785, 0.2494
0.9785, 0.2494
0.9785, 0.2469
0.9785, 0.2469
0.9749, 0.2469
0.9749, 0.2469
0.9749, 0.2469
0.9749, 0.2469
0.9713, 0.2444
0.9713, 0.2444
0.9713, 0.2444
0.9713, 0.2444
0.9677, 0.2444
0.9677, 0.2444
0.9677, 0.2420
0.9677, 0.2420
0.9677, 0.2420
0.9677, 0.2395
0.9677, 0.2395
0.9642, 0.2395
0.9642, 0.2395
0.9606, 0.2395
0.9606, 0.2395
0.9606, 0.2395
0.9606, 0.2395
0.9606, 0.2370
0.9606, 0.2370
0.9606, 0.2370
0.9570, 0.2370
0.9570, 0.2370
0.9534, 0.2346
0.9534, 0.2346
0.9534, 0.2346
0.9534, 0.2346
0.9498, 0.2346
0.9498, 0.2346
0.9498, 0.2346
0.9498, 0.2346
0.9498, 0.2346
0.9498, 0.2346
0.9498, 0.2346
0.9498, 0.2346
0.9498, 0.2346
0.9462, 0.2321
0.9462, 0.2321
0.9427, 0.2321
0.9427, 0.2321
0.9427, 0.2321
0.9427, 0.2321
0.9391, 0.2296
0.9391, 0.2296
0.9355, 0.2296
0.9355, 0.2296
0.9319, 0.2296
0.9319, 0.2296
0.9283, 0.2272
0.9247, 0.2272
0.9247, 0.2272
0.9211, 0.2272
0.9211, 0.2272
0.9176, 0.2272
0.9176, 0.2272
0.9104, 0.2272
0.9104, 0.2272
0.9104, 0.2272
0.9104, 0.2272
0.9068, 0.2272
0.9068, 0.2272
0.9032, 0.2272
0.9032, 0.2272
0.8996, 0.2272
0.8996, 0.2272
0.8961, 0.2272
0.8961, 0.2272
0.8961, 0.2272
0.8925, 0.2247
0.8889, 0.2247
0.8889, 0.2247
0.8853, 0.2247
0.8853, 0.2247
0.8817, 0.2247
0.8817, 0.2247
0.8781, 0.2247
0.8781, 0.2247
0.8710, 0.2247
0.8710, 0.2247
0.8710, 0.2247
0.8710, 0.2247
0.8638, 0.2247
0.8638, 0.2247
0.8602, 0.2247
0.8602, 0.2247
0.8566, 0.2247
0.8530, 0.2247
0.8530, 0.2247
0.8530, 0.2247
0.8530, 0.2247
0.8495, 0.2247
0.8495, 0.2247
0.8459, 0.2247
0.8459, 0.2247
0.8459, 0.2247
0.8423, 0.2247
0.8423, 0.2247
0.8423, 0.2247
0.8423, 0.2247
0.8387, 0.2247
0.8387, 0.2247
0.8387, 0.2247
0.8387, 0.2247
0.8387, 0.2247
0.8387, 0.2247
0.8387, 0.2247
0.8387, 0.2247
0.8387, 0.2247
0.8387, 0.2247
0.8387, 0.2247
0.8387, 0.2247
0.8387, 0.2247
0.8387, 0.2247
0.8387, 0.2247
0.8387, 0.2247
0.8387, 0.2247
0.8387, 0.2247
0.8387, 0.2247
0.8387, 0.2247
0.8387, 0.2247
0.8387, 0.2247
0.8387, 0.2247
0.8387, 0.2247
0.8387, 0.2247
0.8387, 0.2247
0.8387, 0.2247
0.8387, 0.2247
0.8387, 0.2247
0.8387, 0.2247
0.8387, 0.2247
0.8387, 0.2247
0.8387, 0.2247
0.8387, 0.2247
0.8387, 0.2247
0.8387, 0.2247
0.8387, 0.2247
0.8387, 0.2247
0.0000, 1.0000
0.0000, 1.0000
0.0000, 1.0000
0.0000, 1.0000
0.0000, 1.0000
0.0000, 1.0000
0.0000, 1.0000
0.0000, 1.0000
0.0000, 1.0000
0.0000, 1.0000
0.0000, 1.0000
0.0000, 1.0000
0.0000, 1.0000
0.0000, 1.0000
0.0000, 1.0000
0.0000, 1.0000
0.0000, 1.0000
0.0000, 1.0000
0.0000, 1.0000
0.0000, 1.0000
0.0000, 1.0000
0.0000, 1.0000
0.0000, 1.0000
0.0000, 1.0000
0.0000, 1.0000
0.0000, 1.0000
0.0000, 1.0000
0.0000, 1.0000
0.0000, 1.0000
0.0000, 1.0000
0.0000, 1.0000
0.0000, 1.0000
0.0000, 1.0000
0.0000, 1.0000
0.0000, 1.0000
0.0000, 1.0000
0.0000, 1.0000
0.0000, 1.0000
0.0000, 1.0000
0.0000, 1.0000
0.0000, 1.0000
0.0000, 1.0000
0.0000, 1.0000
0.0000, 1.0000
0.0000, 1.0000
0.0000, 1.0000
0.0000, 1.0000
0.0000, 1.0000
0.0000, 1.0000
0.0000, 1.0000
0.0000, 1.0000
0.0000, 1.0000
0.0000, 1.0000
0.0000, 1.0000
0.0000, 1.0000
