0.0977, 0.2298
0.0977, 0.2298
0.0977, 0.2298
0.0977, 0.2298
0.0977, 0.2298
0.0977, 0.2298
0.0977, 0.2298
0.0977, 0.2298
0.0977, 0.2298
0.0977, 0.2298
0.0977, 0.2298
0.0977, 0.2298
0.0977, 0.2298
0.0977, 0.2298
0.0977, 0.2298
0.0977, 0.2298
0.0977, 0.2298
0.0977, 0.2298
0.0977, 0.2298
0.0977, 0.2298
0.0977, 0.2298
0.0977, 0.2298
0.0977, 0.2298
0.0977, 0.2298
0.0977, 0.2298
0.0977, 0.2298
0.0977, 0.2298
0.0977, 0.2298
0.0977, 0.2298
0.0977, 0.2298
0.0977, 0.2298
0.0977, 0.2298
0.0977, 0.2298
0.0977, 0.2298
0.0977, 0.2298
0.0977, 0.2298
0.0977, 0.2298
0.0977, 0.2298
0.0977, 0.2298
0.0977, 0.2298
0.0977, 0.2298
0.0977, 0.2298
0.0977, 0.2298
0.0977, 0.2298
0.0977, 0.2298
0.0977, 0.2298
0.0977, 0.2298
0.0977, 0.2298
0.1015, 0.2298
0.1015, 0.2298
0.1015, 0.2298
0.1015, 0.2298
0.1053, 0.2298
0.1053, 0.2298
0.1053, 0.2298
0.1053, 0.2298
0.1053, 0.2298
0.1053, 0.2298
0.1053, 0.2298
0.1053, 0.2298
0.1053, 0.2298
0.1090, 0.2298
0.1090, 0.2298
0.1090, 0.2298
0.1090, 0.2298
0.1165, 0.2298
0.1165, 0.2298
0.1165, 0.2298
0.1165, 0.2298
0.1165, 0.2298
0.1165, 0.2298
0.1165, 0.2298
0.1165, 0.2298
0.1165, 0.2298
0.1203, 0.2298
0.1203, 0.2298
0.1203, 0.2298
0.1203, 0.2298
0.1203, 0.2298
0.1241, 0.2298
0.1241, 0.2298
0.1241, 0.2298
0.1241, 0.2298
0.1241, 0.2298
0.1241, 0.2298
0.1241, 0.2298
0.1241, 0.2298
0.1278, 0.2298
0.1278, 0.2298
0.1278, 0.2298
0.1278, 0.2298
0.1316, 0.2298
0.1316, 0.2298
0.1316, 0.2298
0.1316, 0.2298
0.1316, 0.2298
0.1353, 0.2298
0.1353, 0.2298
0.1353, 0.2298
0.1353, 0.2298
0.1353, 0.2298
0.1353, 0.2298
0.1353, 0.2298
0.1353, 0.2298
0.1391, 0.2298
0.1391, 0.2298
0.1391, 0.2298
0.1391, 0.2298
0.1429, 0.2298
0.1429, 0.2298
0.1429, 0.2298
0.1429, 0.2298
0.1429, 0.2298
0.1429, 0.2298
0.1429, 0.2298
0.1429, 0.2298
0.1466, 0.2298
0.1466, 0.2298
0.1466, 0.2298
0.1466, 0.2298
0.1466, 0.2298
0.1466, 0.2298
0.1466, 0.2298
0.1466, 0.2298
0.1504, 0.2298
0.1504, 0.2298
0.1504, 0.2298
0.1504, 0.2298
0.1504, 0.2298
0.1541, 0.2298
0.1541, 0.2298
0.1541, 0.2298
0.1541, 0.2298
0.1541, 0.2298
0.1541, 0.2298
0.1541, 0.2298
0.1541, 0.2298
0.1541, 0.2298
0.1579, 0.2298
0.1579, 0.2298
0.1579, 0.2298
0.1579, 0.2298
0.1579, 0.2298
0.1579, 0.2298
0.1579, 0.2298
0.1579, 0.2298
0.1579, 0.2298
0.1617, 0.2298
0.1617, 0.2298
0.1617, 0.2298
0.1617, 0.2298
0.1617, 0.2298
0.1617, 0.2298
0.1617, 0.2298
0.1617, 0.2298
0.1654, 0.2298
0.1654, 0.2298
0.1654, 0.2298
0.1654, 0.2298
0.1692, 0.2298
0.1692, 0.2298
0.1692, 0.2298
0.1729, 0.2298
0.1729, 0.2298
0.1729, 0.2298
0.1729, 0.2298
0.1729, 0.2298
0.1729, 0.2298
0.1729, 0.2298
0.1729, 0.2298
0.1729, 0.2298
0.1729, 0.2298
0.1729, 0.2298
0.1729, 0.2298
0.1729, 0.2298
0.1729, 0.2298
0.1767, 0.2298
0.1767, 0.2298
0.1767, 0.2298
0.1767, 0.2298
0.1805, 0.2298
0.1805, 0.2298
0.1805, 0.2298
0.1805, 0.2298
0.1805, 0.2298
0.1805, 0.2298
0.1805, 0.2298
0.1805, 0.2298
0.1842, 0.2298
0.1842, 0.2298
0.1842, 0.2298
0.1842, 0.2298
0.1842, 0.2298
0.1880, 0.2298
0.1880, 0.2298
0.1880, 0.2298
0.1880, 0.2298
0.1880, 0.2298
0.1880, 0.2298
0.1880, 0.2298
0.1880, 0.2298
0.1880, 0.2298
0.1880, 0.2298
0.1880, 0.2298
0.1880, 0.2298
0.1880, 0.2298
0.1917, 0.2298
0.1917, 0.2298
0.1917, 0.2298
0.1917, 0.2298
0.1917, 0.2298
0.1955, 0.2298
0.1955, 0.2298
0.1955, 0.2298
0.1955, 0.2298
0.1992, 0.2298
0.1992, 0.2298
0.1992, 0.2298
0.1992, 0.2298
0.1992, 0.2298
0.1992, 0.2298
0.1992, 0.2298
0.1992, 0.2298
0.2030, 0.2298
0.2030, 0.2298
0.2030, 0.2298
0.2030, 0.2298
0.2068, 0.2298
0.2068, 0.2298
0.2068, 0.2298
0.2068, 0.2298
0.2068, 0.2298
0.2068, 0.2298
0.2068, 0.2298
0.2068, 0.2298
0.2068, 0.2298
0.2068, 0.2298
0.2068, 0.2298
0.2068, 0.2298
0.2068, 0.2298
0.2068, 0.2298
0.2105, 0.2298
0.2105, 0.2298
0.2105, 0.2298
0.2105, 0.2298
0.2105, 0.2298
0.2105, 0.2298
0.2105, 0.2298
0.2105, 0.2298
0.2143, 0.2298
0.2143, 0.2298
0.2143, 0.2298
0.2143, 0.2298
0.2180, 0.2298
0.2180, 0.2298
0.2180, 0.2298
0.2180, 0.2298
0.2180, 0.2298
0.2180, 0.2298
0.2180, 0.2298
0.2180, 0.2298
0.2180, 0.2298
0.2180, 0.2298
0.2180, 0.2298
0.2180, 0.2298
0.2180, 0.2298
0.2218, 0.2298
0.2218, 0.2298
0.2218, 0.2298
0.2218, 0.2298
0.2256, 0.2298
0.2256, 0.2298
0.2256, 0.2298
0.2256, 0.2298
0.2256, 0.2298
0.2256, 0.2298
0.2256, 0.2298
0.2256, 0.2298
0.2256, 0.2298
0.2256, 0.2298
0.2256, 0.2298
0.2256, 0.2298
0.2293, 0.2298
0.2293, 0.2298
0.2293, 0.2298
0.2293, 0.2298
0.2293, 0.2298
0.2331, 0.2298
0.2331, 0.2298
0.2331, 0.2298
0.2331, 0.2298
0.2368, 0.2298
0.2368, 0.2298
0.2368, 0.2298
0.2368, 0.2298
0.2368, 0.2298
0.2368, 0.2298
0.2368, 0.2298
0.2368, 0.2298
0.2368, 0.2298
0.2368, 0.2298
0.2368, 0.2298
0.2368, 0.2298
0.2368, 0.2298
0.2368, 0.2274
0.2368, 0.2274
0.2368, 0.2274
0.2368, 0.2274
0.2406, 0.2274
0.2406, 0.2274
0.2406, 0.2274
0.2406, 0.2274
0.2444, 0.2274
0.2444, 0.2274
0.2444, 0.2274
0.2444, 0.2274
0.2444, 0.2274
0.2444, 0.2274
0.2444, 0.2274
0.2444, 0.2274
0.2444, 0.2274
0.2444, 0.2274
0.2444, 0.2274
0.2444, 0.2274
0.2481, 0.2274
0.2481, 0.2274
0.2481, 0.2274
0.2481, 0.2274
0.2519, 0.2249
0.2519, 0.2249
0.2519, 0.2249
0.2519, 0.2249
0.2556, 0.2249
0.2556, 0.2249
0.2556, 0.2249
0.2556, 0.2249
0.2556, 0.2249
0.2556, 0.2249
0.2556, 0.2249
0.2556, 0.2249
0.2556, 0.2249
0.2556, 0.2249
0.2556, 0.2249
0.2556, 0.2249
0.2556, 0.2249
0.2556, 0.2249
0.2556, 0.2249
0.2556, 0.2249
0.2556, 0.2249
0.2556, 0.2249
0.2556, 0.2249
0.2556, 0.2249
0.2556, 0.2249
0.2556, 0.2249
0.2556, 0.2249
0.2556, 0.2249
0.2556, 0.2249
0.2556, 0.2249
0.2556, 0.2249
0.2556, 0.2249
0.2556, 0.2249
0.2556, 0.2249
0.2556, 0.2249
0.2556, 0.2249
0.2556, 0.2249
0.2556, 0.2249
0.2556, 0.2249
0.2594, 0.2249
0.2594, 0.2249
0.2594, 0.2249
0.2594, 0.2249
0.2594, 0.2225
0.2594, 0.2225
0.2594, 0.2225
0.2594, 0.2225
0.2594, 0.2225
0.2594, 0.2225
0.2594, 0.2225
0.2594, 0.2225
0.2632, 0.2225
0.2632, 0.2225
0.2632, 0.2225
0.2632, 0.2225
0.2632, 0.2225
0.2632, 0.2225
0.2632, 0.2225
0.2632, 0.2225
0.2632, 0.2225
0.2632, 0.2225
0.2632, 0.2225
0.2632, 0.2225
0.2632, 0.2225
0.2632, 0.2225
0.2632, 0.2225
0.2632, 0.2225
0.2632, 0.2225
0.2632, 0.2225
0.2632, 0.2225
0.2632, 0.2225
0.2632, 0.2225
0.2632, 0.2225
0.2632, 0.2225
0.2632, 0.2225
0.2632, 0.2225
0.2632, 0.2225
0.2632, 0.2225
0.2632, 0.2225
0.2632, 0.2225
0.2632, 0.2200
0.2632, 0.2200
0.2632, 0.2200
0.2632, 0.2200
0.2632, 0.2200
0.2632, 0.2200
0.2632, 0.2200
0.2632, 0.2200
0.2632, 0.2176
0.2632, 0.2176
0.2632, 0.2176
0.2632, 0.2176
0.2669, 0.2176
0.2669, 0.2176
0.2669, 0.2176
0.2669, 0.2176
0.2669, 0.2176
0.2669, 0.2176
0.2669, 0.2176
0.2669, 0.2176
0.2669, 0.2176
0.2669, 0.2176
0.2669, 0.2176
0.2707, 0.2152
0.2707, 0.2127
0.2707, 0.2127
0.2707, 0.2127
0.2707, 0.2127
0.2707, 0.2127
0.2707, 0.2127
0.2707, 0.2127
0.2707, 0.2127
0.2744, 0.2127
0.2744, 0.2127
0.2744, 0.2127
0.2744, 0.2127
0.2744, 0.2103
0.2744, 0.2103
0.2744, 0.2103
0.2744, 0.2103
0.2744, 0.2103
0.2744, 0.2103
0.2744, 0.2103
0.2744, 0.2103
0.2744, 0.2078
0.2744, 0.2078
0.2744, 0.2078
0.2744, 0.2078
0.2744, 0.2078
0.2744, 0.2078
0.2744, 0.2078
0.2744, 0.2078
0.2744, 0.2054
0.2744, 0.2054
0.2744, 0.2054
0.2744, 0.2054
0.2744, 0.2054
0.2744, 0.2054
0.2744, 0.2054
0.2744, 0.2054
0.2744, 0.2054
0.2744, 0.2054
0.2744, 0.2054
0.2744, 0.2029
0.2744, 0.2029
0.2744, 0.2029
0.2744, 0.2029
0.2744, 0.2005
0.2744, 0.2005
0.2744, 0.2005
0.2744, 0.2005
0.2744, 0.2005
0.2744, 0.2005
0.2744, 0.2005
0.2744, 0.2005
0.2744, 0.2005
0.2744, 0.2005
0.2744, 0.2005
0.2744, 0.2005
0.2744, 0.2005
0.2744, 0.1980
0.2744, 0.1980
0.2744, 0.1980
0.2744, 0.1980
0.2744, 0.1980
0.2744, 0.1980
0.2744, 0.1980
0.2744, 0.1980
0.2744, 0.1956
0.2744, 0.1956
0.2744, 0.1956
0.2744, 0.1956
0.2744, 0.1932
0.2744, 0.1932
0.2744, 0.1932
0.2744, 0.1932
0.2744, 0.1932
0.2744, 0.1932
0.2744, 0.1932
0.2744, 0.1932
0.2744, 0.1932
0.2744, 0.1907
0.2744, 0.1907
0.2744, 0.1907
0.2744, 0.1907
0.2744, 0.1907
0.2744, 0.1907
0.2744, 0.1907
0.2744, 0.1883
0.2744, 0.1883
0.2744, 0.1883
0.2744, 0.1883
0.2744, 0.1883
0.2744, 0.1883
0.2744, 0.1883
0.2744, 0.1883
0.2744, 0.1883
0.2744, 0.1883
0.2744, 0.1883
0.2744, 0.1883
0.2744, 0.1883
0.2744, 0.1858
0.2744, 0.1858
0.2744, 0.1858
0.2744, 0.1858
0.2744, 0.1858
0.2744, 0.1858
0.2744, 0.1858
0.2744, 0.1858
0.2744, 0.1834
0.2744, 0.1834
0.2744, 0.1834
0.2744, 0.1834
0.2744, 0.1809
0.2744, 0.1809
0.2744, 0.1809
0.2744, 0.1809
0.2744, 0.1809
0.2744, 0.1809
0.2744, 0.1809
0.2744, 0.1809
0.2744, 0.1809
0.2744, 0.1809
0.2744, 0.1809
0.2744, 0.1809
0.2744, 0.1809
0.2744, 0.1809
0.2744, 0.1809
0.2744, 0.1785
0.2744, 0.1785
0.2744, 0.1785
0.2744, 0.1760
0.2744, 0.1760
0.2744, 0.1760
0.2744, 0.1760
0.2744, 0.1760
0.2744, 0.1760
0.2744, 0.1760
0.2744, 0.1760
0.2744, 0.1760
0.2744, 0.1760
0.2744, 0.1760
0.2744, 0.1760
0.2744, 0.1760
0.2744, 0.1736
0.2744, 0.1736
0.2744, 0.1736
0.2744, 0.1736
0.2744, 0.1711
0.2744, 0.1711
0.2744, 0.1711
0.2744, 0.1711
0.2744, 0.1687
0.2744, 0.1687
0.2744, 0.1687
0.2744, 0.1687
0.2744, 0.1687
0.2744, 0.1687
0.2744, 0.1687
0.2744, 0.1687
0.2744, 0.1687
0.2744, 0.1687
0.2744, 0.1687
0.2744, 0.1687
0.2744, 0.1663
0.2744, 0.1663
0.2744, 0.1663
0.2707, 0.1663
0.2707, 0.1663
0.2707, 0.1663
0.2707, 0.1663
0.2707, 0.1638
0.2707, 0.1638
0.2707, 0.1638
0.2707, 0.1638
0.2707, 0.1638
0.2707, 0.1638
0.2707, 0.1638
0.2707, 0.1614
0.2707, 0.1614
0.2707, 0.1614
0.2707, 0.1614
0.2707, 0.1614
0.2707, 0.1614
0.2707, 0.1614
0.2707, 0.1614
0.2707, 0.1589
0.2707, 0.1589
0.2707, 0.1589
0.2707, 0.1589
0.2707, 0.1565
0.2707, 0.1565
0.2707, 0.1565
0.2707, 0.1565
0.2707, 0.1565
0.2707, 0.1565
0.2707, 0.1565
0.2707, 0.1565
0.2669, 0.1540
0.2669, 0.1540
0.2669, 0.1540
0.2669, 0.1540
0.2669, 0.1540
0.2669, 0.1540
0.2669, 0.1540
0.2669, 0.1540
0.2669, 0.1516
0.2669, 0.1516
0.2669, 0.1516
0.2669, 0.1516
0.2669, 0.1516
0.2669, 0.1516
0.2669, 0.1516
0.2669, 0.1516
0.2669, 0.1516
0.2669, 0.1516
0.2669, 0.1516
0.2669, 0.1491
0.2669, 0.1467
0.2669, 0.1467
0.2669, 0.1467
0.2669, 0.1467
0.2669, 0.1467
0.2669, 0.1467
0.2669, 0.1467
0.2669, 0.1467
0.2669, 0.1443
0.2669, 0.1443
0.2669, 0.1443
0.2669, 0.1443
0.2669, 0.1443
0.2669, 0.1443
0.2669, 0.1443
0.2632, 0.1418
0.2632, 0.1418
0.2632, 0.1418
0.2632, 0.1418
0.2632, 0.1394
0.2632, 0.1394
0.2632, 0.1394
0.2632, 0.1394
0.2632, 0.1394
0.2632, 0.1394
0.2632, 0.1394
0.2632, 0.1394
0.2632, 0.1394
0.2632, 0.1394
0.2632, 0.1394
0.2632, 0.1369
0.2632, 0.1369
0.2632, 0.1369
0.2632, 0.1369
0.2632, 0.1345
0.2632, 0.1345
0.2632, 0.1345
0.2594, 0.1345
0.2594, 0.1345
0.2594, 0.1345
0.2594, 0.1345
0.2594, 0.1345
0.2594, 0.1345
0.2594, 0.1345
0.2594, 0.1345
0.2594, 0.1320
0.2594, 0.1320
0.2594, 0.1320
0.2594, 0.1320
0.2594, 0.1320
0.2594, 0.1320
0.2594, 0.1320
0.2594, 0.1296
0.2594, 0.1296
0.2594, 0.1296
0.2594, 0.1296
0.2594, 0.1296
0.2594, 0.1296
0.2594, 0.1296
0.2594, 0.1296
0.2594, 0.1271
0.2594, 0.1271
0.2594, 0.1271
0.2594, 0.1271
0.2594, 0.1271
0.2594, 0.1271
0.2594, 0.1271
0.2594, 0.1271
0.2594, 0.1271
0.2594, 0.1247
0.2594, 0.1247
0.2594, 0.1247
0.2594, 0.1247
0.2594, 0.1247
0.2594, 0.1247
0.2594, 0.1247
0.2594, 0.1222
0.2594, 0.1222
0.2594, 0.1222
0.2594, 0.1222
0.2594, 0.1222
0.2594, 0.1222
0.2594, 0.1222
0.2594, 0.1222
0.2594, 0.1222
0.2594, 0.1222
0.2594, 0.1222
0.2594, 0.1222
0.2594, 0.1222
0.2594, 0.1222
0.2594, 0.1222
0.2594, 0.1222
0.2594, 0.1198
0.2594, 0.1198
0.2594, 0.1198
0.2594, 0.1198
0.2594, 0.1198
0.2594, 0.1198
0.2594, 0.1198
0.2594, 0.1174
0.2594, 0.1174
0.2594, 0.1174
0.2594, 0.1174
0.2594, 0.1174
0.2594, 0.1174
0.2594, 0.1174
0.2594, 0.1174
0.2594, 0.1174
0.2594, 0.1174
0.2594, 0.1174
0.2594, 0.1149
0.2594, 0.1149
0.2594, 0.1149
0.2594, 0.1149
0.2556, 0.1149
0.2556, 0.1149
0.2556, 0.1149
0.2556, 0.1149
0.2556, 0.1149
0.2556, 0.1149
0.2556, 0.1149
0.2556, 0.1125
0.2556, 0.1125
0.2556, 0.1125
0.2556, 0.1125
0.2556, 0.1125
0.2556, 0.1125
0.2556, 0.1125
0.2556, 0.1125
0.2556, 0.1100
0.2556, 0.1100
0.2556, 0.1100
0.2556, 0.1100
0.2556, 0.1100
0.2556, 0.1100
0.2556, 0.1076
0.2556, 0.1076
0.2556, 0.1076
0.2556, 0.1076
0.2556, 0.1076
0.2556, 0.1076
0.2556, 0.1051
0.2556, 0.1051
0.2556, 0.1051
0.2556, 0.1051
0.2556, 0.1051
0.2556, 0.1051
0.2556, 0.1051
0.2556, 0.1051
0.2556, 0.1051
0.2556, 0.1051
0.2556, 0.1051
0.2556, 0.1027
0.2556, 0.1027
0.2556, 0.1027
0.2556, 0.1027
0.2556, 0.1027
0.2556, 0.1027
0.2556, 0.1027
0.2556, 0.1027
0.2519, 0.1027
0.2519, 0.1027
0.2519, 0.1027
0.2519, 0.1027
0.2519, 0.1027
0.2519, 0.1027
0.2519, 0.1027
0.2519, 0.1027
0.2519, 0.1027
0.2519, 0.1027
0.2519, 0.1027
0.2519, 0.1002
0.2519, 0.1002
0.2519, 0.1002
0.2519, 0.1002
0.2519, 0.1002
0.2519, 0.1002
0.2519, 0.1002
0.2519, 0.0978
0.2519, 0.0978
0.2519, 0.0978
0.2519, 0.0978
0.2519, 0.0978
0.2519, 0.0978
0.2519, 0.0978
0.2519, 0.0978
0.2519, 0.0978
0.2519, 0.0954
0.2519, 0.0929
0.2519, 0.0929
0.2519, 0.0905
0.2519, 0.0905
0.2519, 0.0905
0.2519, 0.0905
0.2519, 0.0905
0.2519, 0.0880
0.2519, 0.0880
0.2519, 0.0880
0.2519, 0.0880
0.2519, 0.0880
0.2519, 0.0880
0.2519, 0.0880
0.2481, 0.0880
0.2481, 0.0880
0.2481, 0.0880
0.2481, 0.0856
0.2481, 0.0856
0.2481, 0.0856
0.2481, 0.0856
0.2481, 0.0856
0.2481, 0.0856
0.2481, 0.0856
0.2481, 0.0856
0.2481, 0.0856
0.2481, 0.0856
0.2481, 0.0856
0.2481, 0.0856
0.2481, 0.0856
0.2481, 0.0856
0.2481, 0.0856
0.2481, 0.0831
0.2481, 0.0831
0.2481, 0.0831
0.2481, 0.0831
0.2481, 0.0831
0.2481, 0.0831
0.2481, 0.0831
0.2481, 0.0831
0.2481, 0.0807
0.2481, 0.0807
0.2481, 0.0807
0.2481, 0.0807
0.2481, 0.0807
0.2481, 0.0807
0.2481, 0.0807
0.2481, 0.0782
0.2481, 0.0782
0.2481, 0.0782
0.2481, 0.0782
0.2481, 0.0782
0.2481, 0.0782
0.2481, 0.0782
0.2481, 0.0782
0.2481, 0.0782
0.2481, 0.0782
0.2481, 0.0782
0.2481, 0.0782
0.2481, 0.0758
0.2481, 0.0758
0.2481, 0.0758
0.2481, 0.0733
0.2481, 0.0733
0.2481, 0.0733
0.2481, 0.0733
0.2481, 0.0733
0.2481, 0.0733
0.2481, 0.0733
0.2481, 0.0733
0.2481, 0.0733
0.2481, 0.0733
0.2481, 0.0733
0.2481, 0.0733
0.2481, 0.0733
0.2481, 0.0733
0.2481, 0.0709
0.2481, 0.0709
0.2481, 0.0709
0.2481, 0.0709
0.2481, 0.0709
0.2481, 0.0709
0.2481, 0.0709
0.2481, 0.0709
0.2481, 0.0709
0.2481, 0.0709
0.2481, 0.0709
0.2481, 0.0685
0.2481, 0.0685
0.2481, 0.0685
0.2481, 0.0685
0.2481, 0.0685
0.2481, 0.0685
0.2481, 0.0685
0.2481, 0.0660
0.2481, 0.0660
0.2481, 0.0660
0.2481, 0.0660
0.2481, 0.0660
0.2481, 0.0660
0.2481, 0.0660
0.2481, 0.0660
0.2481, 0.0660
0.2481, 0.0660
0.2481, 0.0660
0.2481, 0.0660
0.2481, 0.0660
0.2481, 0.0660
0.2481, 0.0660
0.2481, 0.0636
0.2481, 0.0636
0.2481, 0.0636
0.2481, 0.0636
0.2481, 0.0636
0.2481, 0.0636
0.2481, 0.0636
0.2481, 0.0611
0.2481, 0.0611
0.2481, 0.0611
0.2481, 0.0611
0.2481, 0.0611
0.2481, 0.0611
0.2481, 0.0611
0.2481, 0.0611
0.2481, 0.0611
0.2481, 0.0611
0.2481, 0.0611
0.2481, 0.0611
0.2481, 0.0611
0.2481, 0.0611
0.2481, 0.0611
0.2481, 0.0611
0.2481, 0.0611
0.2481, 0.0587
0.2481, 0.0587
0.2481, 0.0587
0.2481, 0.0562
0.2481, 0.0562
0.2481, 0.0562
0.2481, 0.0562
0.2481, 0.0562
0.2481, 0.0562
0.2481, 0.0562
0.2481, 0.0562
0.2481, 0.0562
0.2481, 0.0562
0.2481, 0.0562
0.2481, 0.0562
0.2481, 0.0562
0.2481, 0.0562
0.2481, 0.0538
0.2481, 0.0538
0.2481, 0.0538
0.2481, 0.0538
0.2481, 0.0538
0.2481, 0.0538
0.2481, 0.0538
0.2481, 0.0538
0.2481, 0.0513
0.2481, 0.0513
0.2481, 0.0513
0.2481, 0.0513
0.2481, 0.0513
0.2481, 0.0513
0.2481, 0.0513
0.2481, 0.0513
0.2481, 0.0513
0.2481, 0.0513
0.2481, 0.0489
0.2481, 0.0489
0.2481, 0.0489
0.2481, 0.0489
0.2481, 0.0489
0.2481, 0.0489
0.2481, 0.0489
0.2481, 0.0489
0.2481, 0.0489
0.2481, 0.0489
0.2481, 0.0489
0.2481, 0.0489
0.2481, 0.0489
0.2481, 0.0489
0.2481, 0.0465
0.2481, 0.0465
0.2481, 0.0465
0.2481, 0.0465
0.2481, 0.0465
0.2481, 0.0440
0.2481, 0.0440
0.2481, 0.0440
0.2481, 0.0440
0.2481, 0.0440
0.2481, 0.0440
0.2481, 0.0440
0.2481, 0.0440
0.2481, 0.0440
0.2481, 0.0440
0.2481, 0.0440
0.2481, 0.0440
0.2481, 0.0440
0.2481, 0.0440
0.2481, 0.0416
0.2481, 0.0416
0.2481, 0.0416
0.2481, 0.0416
0.2481, 0.0416
0.2481, 0.0416
0.2481, 0.0416
0.2481, 0.0391
0.2481, 0.0391
0.2481, 0.0391
0.2519, 0.0367
0.2519, 0.0367
0.2519, 0.0367
0.2519, 0.0367
0.2519, 0.0367
0.2519, 0.0367
0.2519, 0.0367
0.2519, 0.0367
0.2519, 0.0367
0.2519, 0.0367
0.2519, 0.0342
0.2519, 0.0342
0.2519, 0.0342
0.2556, 0.0342
0.2556, 0.0342
0.2556, 0.0342
0.2556, 0.0318
0.2556, 0.0318
0.2556, 0.0318
0.2556, 0.0318
0.2556, 0.0318
0.2556, 0.0318
0.2556, 0.0318
0.2556, 0.0318
0.2556, 0.0318
0.2556, 0.0318
0.2556, 0.0318
0.2556, 0.0318
0.2556, 0.0318
0.2556, 0.0318
0.2556, 0.0293
0.2556, 0.0293
0.2556, 0.0293
0.2556, 0.0293
0.2556, 0.0293
0.2556, 0.0293
0.2556, 0.0269
0.2556, 0.0269
0.2594, 0.0269
0.2594, 0.0269
0.2594, 0.0269
0.2594, 0.0244
0.2594, 0.0244
0.2594, 0.0244
0.2594, 0.0244
0.2632, 0.0244
0.2632, 0.0244
0.2632, 0.0244
0.2632, 0.0244
0.2632, 0.0244
0.2632, 0.0244
0.2632, 0.0244
0.2632, 0.0244
0.2632, 0.0244
0.2632, 0.0244
0.2632, 0.0220
0.2632, 0.0220
0.2632, 0.0220
0.2632, 0.0220
0.2632, 0.0220
0.2632, 0.0220
0.2632, 0.0220
0.2632, 0.0196
0.2632, 0.0196
0.2632, 0.0196
0.2632, 0.0196
0.2632, 0.0196
0.2632, 0.0196
0.2632, 0.0196
0.2632, 0.0196
0.2632, 0.0196
0.2632, 0.0196
0.2669, 0.0196
0.2669, 0.0196
0.2669, 0.0196
0.2669, 0.0196
0.2669, 0.0196
0.2669, 0.0196
0.2669, 0.0196
0.2669, 0.0171
0.2669, 0.0171
0.2669, 0.0171
0.2669, 0.0171
0.2669, 0.0171
0.2669, 0.0171
0.2669, 0.0171
0.2669, 0.0171
0.2669, 0.0171
0.2669, 0.0171
0.2669, 0.0171
0.2669, 0.0147
0.2669, 0.0147
0.2669, 0.0147
0.2707, 0.0147
0.2707, 0.0147
0.2707, 0.0147
0.2707, 0.0147
0.2707, 0.0147
0.2707, 0.0147
0.2707, 0.0147
0.2707, 0.0147
0.2707, 0.0147
0.2707, 0.0147
0.2707, 0.0147
0.2707, 0.0122
0.2707, 0.0122
0.2707, 0.0122
0.2707, 0.0122
0.2707, 0.0122
0.2707, 0.0122
0.2707, 0.0122
0.2744, 0.0122
0.2744, 0.0122
0.2744, 0.0122
0.2744, 0.0122
0.2744, 0.0122
0.2744, 0.0122
0.2744, 0.0122
0.2744, 0.0122
0.2744, 0.0122
0.2744, 0.0122
0.2744, 0.0122
0.2744, 0.0122
0.2744, 0.0122
0.2744, 0.0122
0.2744, 0.0122
0.2744, 0.0122
0.2744, 0.0122
0.2744, 0.0122
0.2744, 0.0122
0.2744, 0.0122
0.2744, 0.0122
0.2744, 0.0122
0.2744, 0.0122
0.2744, 0.0122
0.2744, 0.0122
0.2744, 0.0122
0.2744, 0.0122
0.2744, 0.0122
0.2782, 0.0098
0.2782, 0.0098
0.2782, 0.0098
0.2782, 0.0098
0.2782, 0.0098
0.2782, 0.0098
0.2782, 0.0098
0.2782, 0.0098
0.2782, 0.0098
0.2782, 0.0098
0.2782, 0.0098
0.2782, 0.0098
0.2782, 0.0098
0.2782, 0.0098
0.2820, 0.0073
0.2820, 0.0073
0.2820, 0.0073
0.2820, 0.0073
0.2820, 0.0073
0.2820, 0.0073
0.2820, 0.0073
0.2820, 0.0073
0.2820, 0.0073
0.2820, 0.0073
0.2820, 0.0073
0.2820, 0.0073
0.2820, 0.0073
0.2820, 0.0073
0.2820, 0.0073
0.2857, 0.0073
0.2857, 0.0073
0.2857, 0.0073
0.2857, 0.0073
0.2857, 0.0073
0.2857, 0.0073
0.2895, 0.0049
0.2895, 0.0049
0.2895, 0.0049
0.2895, 0.0049
0.2895, 0.0049
0.2895, 0.0049
0.2895, 0.0049
0.2932, 0.0049
0.2932, 0.0049
0.2932, 0.0049
0.2932, 0.0049
0.2932, 0.0049
0.2932, 0.0049
0.2932, 0.0049
0.2932, 0.0049
0.2932, 0.0049
0.2932, 0.0049
0.2932, 0.0024
0.2932, 0.0024
0.2932, 0.0024
0.2932, 0.0024
0.2932, 0.0024
0.2932, 0.0024
0.2970, 0.0024
0.2970, 0.0024
0.2970, 0.0024
0.2970, 0.0024
0.2970, 0.0024
0.2970, 0.0024
0.2970, 0.0024
0.3008, 0.0024
0.3008, 0.0024
0.3008, 0.0024
0.3008, 0.0000
0.3008, 0.0000
0.3008, 0.0000
0.3008, 0.0000
0.3008, 0.0000
0.3008, 0.0000
0.3008, 0.0000
0.3008, 0.0000
0.3045, 0.0000
0.3045, 0.0000
0.3045, 0.0000
0.3045, 0.0000
0.3083, 0.0000
0.3083, 0.0000
0.3083, 0.0000
0.3083, 0.0000
0.3083, 0.0000
0.3083, 0.0000
0.3083, 0.0000
0.3083, 0.0000
0.3083, 0.0000
0.3083, 0.0000
0.3083, 0.0000
0.3083, 0.0000
0.3083, 0.0000
0.3120, 0.0000
0.3120, 0.0000
0.3120, 0.0000
0.3120, 0.0000
0.3120, 0.0000
0.3120, 0.0000
0.3158, 0.0000
0.3158, 0.0000
0.3158, 0.0000
0.3158, 0.0000
0.3195, 0.0000
0.3195, 0.0000
0.3195, 0.0000
0.3195, 0.0000
0.3195, 0.0000
0.3195, 0.0000
0.3195, 0.0000
0.3195, 0.0000
0.3195, 0.0000
0.3195, 0.0000
0.3233, 0.0000
0.3233, 0.0000
0.3271, 0.0000
0.3271, 0.0000
0.3271, 0.0000
0.3271, 0.0000
0.3271, 0.0000
0.3271, 0.0000
0.3271, 0.0000
0.3271, 0.0000
0.3271, 0.0000
0.3271, 0.0000
0.3271, 0.0000
0.3271, 0.0000
0.3271, 0.0000
0.3308, 0.0000
0.3308, 0.0000
0.3308, 0.0000
0.3308, 0.0000
0.3346, 0.0000
0.3346, 0.0000
0.3346, 0.0000
0.3383, 0.0000
0.3383, 0.0000
0.3383, 0.0000
0.3383, 0.0000
0.3383, 0.0000
0.3383, 0.0000
0.3383, 0.0000
0.3421, 0.0000
0.3421, 0.0000
0.3421, 0.0000
0.3421, 0.0000
0.3459, 0.0000
0.3459, 0.0000
0.3459, 0.0000
0.3459, 0.0000
0.3459, 0.0000
0.3459, 0.0000
0.3459, 0.0000
0.3459, 0.0000
0.3459, 0.0000
0.3459, 0.0000
0.3459, 0.0000
0.3459, 0.0000
0.3459, 0.0000
0.3496, 0.0000
0.3496, 0.0000
0.3496, 0.0000
0.3496, 0.0000
0.3496, 0.0000
0.3496, 0.0000
0.3496, 0.0000
0.3534, 0.0000
0.3534, 0.0000
0.3534, 0.0000
0.3571, 0.0000
0.3571, 0.0000
0.3571, 0.0000
0.3571, 0.0000
0.3571, 0.0000
0.3571, 0.0000
0.3571, 0.0000
0.3571, 0.0000
0.3571, 0.0000
0.3571, 0.0000
0.3571, 0.0000
0.3571, 0.0000
0.3609, 0.0000
0.3609, 0.0000
0.3609, 0.0000
0.3609, 0.0000
0.3609, 0.0000
0.3609, 0.0000
0.3609, 0.0000
0.3647, 0.0000
0.3647, 0.0000
0.3647, 0.0000
0.3647, 0.0000
0.3647, 0.0000
0.3647, 0.0000
0.3647, 0.0000
0.3647, 0.0000
0.3647, 0.0000
0.3647, 0.0000
0.3684, 0.0000
0.3684, 0.0000
0.3684, 0.0000
0.3684, 0.0000
0.3722, 0.0000
0.3722, 0.0000
0.3722, 0.0000
0.3722, 0.0000
0.3722, 0.0000
0.3722, 0.0000
0.3722, 0.0000
0.3722, 0.0000
0.3722, 0.0000
0.3759, 0.0000
0.3759, 0.0000
0.3759, 0.0000
0.3759, 0.0000
0.3759, 0.0000
0.3759, 0.0000
0.3759, 0.0000
0.3759, 0.0000
0.3759, 0.0000
0.3759, 0.0000
0.3759, 0.0000
0.3759, 0.0000
0.3759, 0.0000
0.3759, 0.0000
0.3759, 0.0000
0.3759, 0.0000
0.3759, 0.0000
0.3759, 0.0000
0.3759, 0.0000
0.3759, 0.0000
0.3759, 0.0000
0.3797, 0.0000
0.3797, 0.0000
0.3797, 0.0000
0.3835, 0.0000
0.3835, 0.0000
0.3835, 0.0000
0.3835, 0.0000
0.3835, 0.0000
0.3835, 0.0000
0.3835, 0.0000
0.3835, 0.0000
0.3835, 0.0000
0.3835, 0.0000
0.3835, 0.0000
0.3835, 0.0000
0.3835, 0.0000
0.3835, 0.0000
0.3835, 0.0000
0.3835, 0.0000
0.3872, 0.0000
0.3872, 0.0000
0.3872, 0.0000
0.3872, 0.0000
0.3872, 0.0000
0.3872, 0.0000
0.3872, 0.0000
0.3872, 0.0000
0.3910, 0.0024
0.3910, 0.0024
0.3910, 0.0024
0.3910, 0.0024
0.3910, 0.0024
0.3910, 0.0024
0.3910, 0.0024
0.3910, 0.0024
0.3910, 0.0024
0.3947, 0.0024
0.3947, 0.0024
0.3947, 0.0024
0.3947, 0.0024
0.3947, 0.0024
0.3947, 0.0024
0.3947, 0.0024
0.3947, 0.0024
0.3947, 0.0024
0.3947, 0.0024
0.3947, 0.0024
0.3947, 0.0024
0.3947, 0.0024
0.3947, 0.0024
0.3985, 0.0024
0.3985, 0.0024
0.3985, 0.0024
0.3985, 0.0024
0.3985, 0.0024
0.3985, 0.0024
0.4023, 0.0024
0.4023, 0.0024
0.4023, 0.0024
0.4023, 0.0024
0.4023, 0.0024
0.4023, 0.0024
0.4023, 0.0024
0.4023, 0.0049
0.4023, 0.0049
0.4023, 0.0049
0.4023, 0.0049
0.4023, 0.0049
0.4023, 0.0049
0.4060, 0.0049
0.4060, 0.0049
0.4060, 0.0049
0.4060, 0.0049
0.4060, 0.0049
0.4060, 0.0049
0.4060, 0.0049
0.4098, 0.0049
0.4098, 0.0049
0.4098, 0.0049
0.4098, 0.0049
0.4098, 0.0049
0.4098, 0.0049
0.4135, 0.0049
0.4135, 0.0049
0.4135, 0.0049
0.4135, 0.0049
0.4135, 0.0049
0.4135, 0.0049
0.4135, 0.0049
0.4135, 0.0049
0.4135, 0.0049
0.4135, 0.0049
0.4173, 0.0049
0.4173, 0.0049
0.4173, 0.0049
0.4211, 0.0049
0.4211, 0.0049
0.4211, 0.0049
0.4211, 0.0049
0.4211, 0.0049
0.4211, 0.0049
0.4211, 0.0049
0.4211, 0.0073
0.4211, 0.0073
0.4211, 0.0073
0.4211, 0.0073
0.4211, 0.0073
0.4211, 0.0073
0.4248, 0.0073
0.4248, 0.0073
0.4248, 0.0073
0.4248, 0.0073
0.4248, 0.0073
0.4248, 0.0073
0.4248, 0.0073
0.4248, 0.0073
0.4248, 0.0073
0.4248, 0.0073
0.4286, 0.0073
0.4286, 0.0073
0.4286, 0.0073
0.4286, 0.0073
0.4286, 0.0073
0.4286, 0.0073
0.4286, 0.0098
0.4286, 0.0098
0.4286, 0.0098
0.4286, 0.0098
0.4286, 0.0098
0.4286, 0.0098
0.4286, 0.0098
0.4323, 0.0098
0.4323, 0.0098
0.4323, 0.0098
0.4361, 0.0098
0.4361, 0.0098
0.4361, 0.0098
0.4361, 0.0098
0.4361, 0.0098
0.4361, 0.0098
0.4398, 0.0122
0.4398, 0.0122
0.4398, 0.0122
0.4398, 0.0122
0.4398, 0.0122
0.4398, 0.0122
0.4398, 0.0122
0.4436, 0.0122
0.4436, 0.0122
0.4436, 0.0122
0.4436, 0.0122
0.4436, 0.0122
0.4436, 0.0122
0.4436, 0.0147
0.4436, 0.0147
0.4436, 0.0147
0.4474, 0.0147
0.4474, 0.0147
0.4474, 0.0147
0.4474, 0.0147
0.4474, 0.0147
0.4474, 0.0171
0.4474, 0.0171
0.4474, 0.0171
0.4474, 0.0171
0.4474, 0.0171
0.4474, 0.0171
0.4511, 0.0171
0.4511, 0.0171
0.4511, 0.0171
0.4511, 0.0171
0.4511, 0.0171
0.4511, 0.0171
0.4549, 0.0171
0.4549, 0.0171
0.4549, 0.0171
0.4549, 0.0171
0.4549, 0.0171
0.4549, 0.0171
0.4549, 0.0171
0.4586, 0.0196
0.4586, 0.0196
0.4586, 0.0196
0.4586, 0.0196
0.4586, 0.0196
0.4586, 0.0196
0.4586, 0.0196
0.4586, 0.0196
0.4586, 0.0196
0.4586, 0.0196
0.4586, 0.0196
0.4586, 0.0196
0.4586, 0.0196
0.4586, 0.0220
0.4624, 0.0220
0.4624, 0.0220
0.4624, 0.0220
0.4624, 0.0220
0.4624, 0.0220
0.4624, 0.0220
0.4624, 0.0220
0.4624, 0.0220
0.4624, 0.0220
0.4662, 0.0220
0.4662, 0.0220
0.4662, 0.0220
0.4662, 0.0220
0.4662, 0.0220
0.4662, 0.0220
0.4662, 0.0220
0.4662, 0.0220
0.4662, 0.0220
0.4662, 0.0220
0.4662, 0.0220
0.4662, 0.0220
0.4662, 0.0220
0.4662, 0.0220
0.4662, 0.0220
0.4662, 0.0220
0.4662, 0.0244
0.4662, 0.0244
0.4662, 0.0244
0.4662, 0.0244
0.4662, 0.0244
0.4662, 0.0244
0.4699, 0.0244
0.4699, 0.0244
0.4699, 0.0244
0.4699, 0.0269
0.4699, 0.0269
0.4699, 0.0269
0.4737, 0.0269
0.4737, 0.0269
0.4737, 0.0269
0.4737, 0.0269
0.4737, 0.0269
0.4737, 0.0269
0.4737, 0.0269
0.4774, 0.0293
0.4774, 0.0293
0.4774, 0.0293
0.4774, 0.0293
0.4774, 0.0293
0.4774, 0.0293
0.4774, 0.0293
0.4774, 0.0293
0.4774, 0.0293
0.4812, 0.0293
0.4812, 0.0293
0.4812, 0.0293
0.4812, 0.0293
0.4812, 0.0318
0.4812, 0.0318
0.4850, 0.0318
0.4850, 0.0318
0.4850, 0.0318
0.4850, 0.0342
0.4850, 0.0342
0.4850, 0.0342
0.4850, 0.0342
0.4850, 0.0342
0.4850, 0.0342
0.4850, 0.0342
0.4850, 0.0342
0.4850, 0.0342
0.4850, 0.0342
0.4850, 0.0342
0.4850, 0.0342
0.4887, 0.0342
0.4887, 0.0342
0.4887, 0.0342
0.4887, 0.0367
0.4887, 0.0367
0.4887, 0.0367
0.4887, 0.0367
0.4887, 0.0367
0.4887, 0.0367
0.4887, 0.0367
0.4925, 0.0391
0.4925, 0.0391
0.4925, 0.0391
0.4925, 0.0391
0.4925, 0.0391
0.4925, 0.0391
0.4962, 0.0416
0.4962, 0.0416
0.4962, 0.0416
0.4962, 0.0416
0.4962, 0.0416
0.4962, 0.0416
0.4962, 0.0416
0.4962, 0.0416
0.4962, 0.0416
0.4962, 0.0416
0.4962, 0.0416
0.4962, 0.0416
0.4962, 0.0416
0.4962, 0.0416
0.4962, 0.0416
0.4962, 0.0416
0.5000, 0.0440
0.5000, 0.0440
0.5000, 0.0440
0.5000, 0.0440
0.5000, 0.0440
0.5000, 0.0440
0.5000, 0.0465
0.5038, 0.0465
0.5038, 0.0465
0.5038, 0.0465
0.5038, 0.0465
0.5038, 0.0465
0.5038, 0.0465
0.5038, 0.0465
0.5038, 0.0465
0.5038, 0.0465
0.5038, 0.0465
0.5038, 0.0465
0.5038, 0.0465
0.5038, 0.0489
0.5038, 0.0489
0.5038, 0.0489
0.5038, 0.0489
0.5038, 0.0489
0.5038, 0.0489
0.5038, 0.0489
0.5038, 0.0489
0.5038, 0.0489
0.5038, 0.0489
0.5075, 0.0513
0.5075, 0.0513
0.5075, 0.0513
0.5075, 0.0513
0.5075, 0.0513
0.5075, 0.0513
0.5075, 0.0513
0.5075, 0.0513
0.5075, 0.0513
0.5075, 0.0513
0.5075, 0.0513
0.5075, 0.0513
0.5113, 0.0538
0.5113, 0.0538
0.5113, 0.0538
0.5113, 0.0538
0.5113, 0.0538
0.5113, 0.0538
0.5113, 0.0538
0.5113, 0.0538
0.5113, 0.0538
0.5113, 0.0538
0.5113, 0.0538
0.5113, 0.0538
0.5113, 0.0538
0.5150, 0.0538
0.5150, 0.0538
0.5150, 0.0538
0.5150, 0.0538
0.5150, 0.0538
0.5150, 0.0538
0.5150, 0.0562
0.5150, 0.0562
0.5150, 0.0562
0.5150, 0.0562
0.5150, 0.0587
0.5150, 0.0587
0.5150, 0.0587
0.5188, 0.0587
0.5188, 0.0587
0.5188, 0.0587
0.5188, 0.0587
0.5188, 0.0587
0.5188, 0.0587
0.5226, 0.0587
0.5226, 0.0587
0.5226, 0.0587
0.5226, 0.0587
0.5226, 0.0587
0.5226, 0.0587
0.5226, 0.0587
0.5226, 0.0587
0.5226, 0.0587
0.5226, 0.0611
0.5226, 0.0611
0.5226, 0.0611
0.5226, 0.0611
0.5226, 0.0611
0.5226, 0.0611
0.5226, 0.0611
0.5226, 0.0611
0.5226, 0.0611
0.5226, 0.0611
0.5226, 0.0611
0.5226, 0.0611
0.5226, 0.0636
0.5226, 0.0636
0.5226, 0.0636
0.5263, 0.0636
0.5263, 0.0636
0.5263, 0.0636
0.5263, 0.0636
0.5263, 0.0636
0.5263, 0.0636
0.5301, 0.0636
0.5301, 0.0636
0.5301, 0.0636
0.5301, 0.0636
0.5301, 0.0636
0.5301, 0.0636
0.5301, 0.0660
0.5301, 0.0660
0.5338, 0.0660
0.5338, 0.0660
0.5338, 0.0660
0.5338, 0.0660
0.5338, 0.0660
0.5338, 0.0660
0.5338, 0.0660
0.5338, 0.0685
0.5338, 0.0685
0.5338, 0.0685
0.5338, 0.0685
0.5338, 0.0685
0.5338, 0.0685
0.5338, 0.0709
0.5338, 0.0709
0.5338, 0.0709
0.5338, 0.0709
0.5338, 0.0709
0.5338, 0.0709
0.5376, 0.0709
0.5376, 0.0709
0.5376, 0.0709
0.5376, 0.0709
0.5376, 0.0709
0.5376, 0.0709
0.5376, 0.0709
0.5376, 0.0709
0.5376, 0.0709
0.5376, 0.0709
0.5414, 0.0709
0.5414, 0.0709
0.5414, 0.0733
0.5414, 0.0733
0.5414, 0.0733
0.5414, 0.0733
0.5414, 0.0733
0.5414, 0.0733
0.5414, 0.0733
0.5414, 0.0733
0.5414, 0.0733
0.5414, 0.0733
0.5451, 0.0758
0.5451, 0.0758
0.5451, 0.0758
0.5451, 0.0758
0.5451, 0.0758
0.5451, 0.0758
0.5489, 0.0758
0.5489, 0.0758
0.5489, 0.0758
0.5489, 0.0758
0.5489, 0.0758
0.5489, 0.0758
0.5489, 0.0782
0.5489, 0.0782
0.5489, 0.0782
0.5489, 0.0782
0.5489, 0.0782
0.5489, 0.0782
0.5489, 0.0782
0.5489, 0.0782
0.5489, 0.0782
0.5526, 0.0807
0.5526, 0.0807
0.5526, 0.0807
0.5526, 0.0807
0.5564, 0.0831
0.5564, 0.0831
0.5564, 0.0831
0.5564, 0.0831
0.5564, 0.0831
0.5602, 0.0831
0.5602, 0.0831
0.5602, 0.0831
0.5602, 0.0831
0.5602, 0.0831
0.5602, 0.0831
0.5602, 0.0856
0.5602, 0.0856
0.5602, 0.0856
0.5602, 0.0856
0.5602, 0.0856
0.5602, 0.0856
0.5602, 0.0856
0.5602, 0.0856
0.5602, 0.0856
0.5602, 0.0880
0.5602, 0.0880
0.5602, 0.0880
0.5639, 0.0880
0.5639, 0.0880
0.5639, 0.0880
0.5639, 0.0880
0.5639, 0.0880
0.5639, 0.0880
0.5677, 0.0880
0.5677, 0.0880
0.5677, 0.0880
0.5677, 0.0880
0.5677, 0.0880
0.5677, 0.0880
0.5677, 0.0905
0.5677, 0.0905
0.5677, 0.0905
0.5677, 0.0905
0.5677, 0.0905
0.5677, 0.0905
0.5714, 0.0929
0.5714, 0.0929
0.5714, 0.0929
0.5714, 0.0929
0.5714, 0.0929
0.5714, 0.0929
0.5714, 0.0954
0.5714, 0.0954
0.5714, 0.0954
0.5752, 0.0954
0.5752, 0.0954
0.5752, 0.0954
0.5752, 0.0954
0.5789, 0.0954
0.5789, 0.0954
0.5789, 0.0954
0.5789, 0.0954
0.5789, 0.0954
0.5789, 0.0978
0.5789, 0.0978
0.5789, 0.0978
0.5789, 0.0978
0.5789, 0.0978
0.5789, 0.0978
0.5789, 0.0978
0.5789, 0.0978
0.5789, 0.0978
0.5789, 0.1002
0.5789, 0.1002
0.5789, 0.1002
0.5827, 0.1002
0.5827, 0.1002
0.5827, 0.1002
0.5827, 0.1002
0.5827, 0.1002
0.5827, 0.1002
0.5865, 0.1027
0.5865, 0.1027
0.5865, 0.1027
0.5865, 0.1027
0.5865, 0.1027
0.5865, 0.1027
0.5865, 0.1027
0.5865, 0.1027
0.5865, 0.1027
0.5865, 0.1051
0.5865, 0.1051
0.5865, 0.1051
0.5865, 0.1051
0.5865, 0.1051
0.5865, 0.1051
0.5865, 0.1076
0.5865, 0.1076
0.5865, 0.1076
0.5902, 0.1076
0.5902, 0.1076
0.5902, 0.1076
0.5902, 0.1076
0.5902, 0.1076
0.5902, 0.1076
0.5902, 0.1076
0.5902, 0.1076
0.5902, 0.1076
0.5902, 0.1076
0.5940, 0.1100
0.5940, 0.1100
0.5940, 0.1100
0.5940, 0.1100
0.5940, 0.1100
0.5940, 0.1100
0.5940, 0.1100
0.5940, 0.1100
0.5940, 0.1100
0.5977, 0.1125
0.5977, 0.1125
0.5977, 0.1125
0.5977, 0.1125
0.5977, 0.1125
0.5977, 0.1125
0.5977, 0.1125
0.5977, 0.1125
0.5977, 0.1125
0.5977, 0.1125
0.5977, 0.1125
0.5977, 0.1125
0.5977, 0.1149
0.5977, 0.1149
0.5977, 0.1149
0.5977, 0.1149
0.5977, 0.1149
0.5977, 0.1149
0.5977, 0.1174
0.5977, 0.1174
0.6015, 0.1174
0.6015, 0.1174
0.6015, 0.1174
0.6015, 0.1198
0.6015, 0.1198
0.6015, 0.1198
0.6015, 0.1198
0.6015, 0.1198
0.6015, 0.1198
0.6015, 0.1198
0.6015, 0.1198
0.6015, 0.1198
0.6053, 0.1198
0.6053, 0.1198
0.6053, 0.1198
0.6053, 0.1222
0.6053, 0.1222
0.6053, 0.1222
0.6053, 0.1222
0.6053, 0.1222
0.6053, 0.1222
0.6053, 0.1222
0.6053, 0.1222
0.6053, 0.1222
0.6053, 0.1247
0.6053, 0.1247
0.6053, 0.1247
0.6053, 0.1247
0.6053, 0.1247
0.6053, 0.1247
0.6053, 0.1247
0.6053, 0.1247
0.6053, 0.1247
0.6090, 0.1271
0.6090, 0.1271
0.6090, 0.1271
0.6090, 0.1271
0.6090, 0.1271
0.6090, 0.1271
0.6090, 0.1271
0.6090, 0.1271
0.6128, 0.1296
0.6128, 0.1296
0.6128, 0.1296
0.6128, 0.1320
0.6128, 0.1320
0.6128, 0.1320
0.6128, 0.1320
0.6128, 0.1320
0.6128, 0.1320
0.6128, 0.1320
0.6128, 0.1320
0.6128, 0.1320
0.6165, 0.1320
0.6165, 0.1320
0.6165, 0.1320
0.6165, 0.1345
0.6165, 0.1345
0.6165, 0.1345
0.6165, 0.1345
0.6165, 0.1345
0.6165, 0.1345
0.6165, 0.1369
0.6165, 0.1369
0.6165, 0.1369
0.6165, 0.1369
0.6165, 0.1369
0.6165, 0.1369
0.6165, 0.1369
0.6165, 0.1369
0.6165, 0.1369
0.6165, 0.1369
0.6165, 0.1369
0.6203, 0.1394
0.6203, 0.1394
0.6203, 0.1394
0.6203, 0.1418
0.6241, 0.1418
0.6241, 0.1418
0.6241, 0.1418
0.6241, 0.1418
0.6241, 0.1418
0.6241, 0.1418
0.6241, 0.1418
0.6241, 0.1443
0.6241, 0.1443
0.6241, 0.1443
0.6241, 0.1443
0.6241, 0.1443
0.6241, 0.1443
0.6241, 0.1467
0.6241, 0.1467
0.6241, 0.1467
0.6241, 0.1467
0.6241, 0.1467
0.6241, 0.1467
0.6278, 0.1467
0.6278, 0.1467
0.6278, 0.1467
0.6278, 0.1491
0.6278, 0.1491
0.6278, 0.1491
0.6278, 0.1491
0.6278, 0.1491
0.6278, 0.1491
0.6278, 0.1491
0.6316, 0.1491
0.6316, 0.1491
0.6316, 0.1491
0.6316, 0.1516
0.6316, 0.1516
0.6316, 0.1516
0.6316, 0.1540
0.6316, 0.1540
0.6353, 0.1540
0.6353, 0.1540
0.6353, 0.1540
0.6353, 0.1540
0.6353, 0.1540
0.6353, 0.1540
0.6353, 0.1540
0.6353, 0.1540
0.6353, 0.1540
0.6353, 0.1565
0.6353, 0.1565
0.6353, 0.1565
0.6353, 0.1565
0.6353, 0.1565
0.6353, 0.1565
0.6353, 0.1589
0.6353, 0.1589
0.6353, 0.1589
0.6391, 0.1589
0.6391, 0.1589
0.6391, 0.1589
0.6391, 0.1614
0.6391, 0.1614
0.6391, 0.1614
0.6391, 0.1614
0.6391, 0.1614
0.6391, 0.1614
0.6391, 0.1614
0.6391, 0.1614
0.6391, 0.1614
0.6391, 0.1614
0.6391, 0.1614
0.6429, 0.1638
0.6429, 0.1638
0.6429, 0.1638
0.6429, 0.1638
0.6429, 0.1638
0.6429, 0.1638
0.6429, 0.1663
0.6429, 0.1663
0.6429, 0.1663
0.6429, 0.1663
0.6429, 0.1663
0.6429, 0.1663
0.6429, 0.1663
0.6429, 0.1663
0.6429, 0.1663
0.6429, 0.1687
0.6429, 0.1687
0.6429, 0.1687
0.6429, 0.1687
0.6429, 0.1687
0.6429, 0.1687
0.6429, 0.1711
0.6429, 0.1711
0.6466, 0.1711
0.6466, 0.1711
0.6466, 0.1711
0.6466, 0.1736
0.6466, 0.1736
0.6466, 0.1736
0.6466, 0.1736
0.6466, 0.1736
0.6466, 0.1736
0.6466, 0.1736
0.6466, 0.1736
0.6466, 0.1736
0.6504, 0.1760
0.6504, 0.1760
0.6504, 0.1760
0.6504, 0.1760
0.6504, 0.1760
0.6504, 0.1760
0.6504, 0.1785
0.6504, 0.1785
0.6504, 0.1785
0.6541, 0.1785
0.6541, 0.1785
0.6541, 0.1785
0.6541, 0.1785
0.6541, 0.1785
0.6541, 0.1785
0.6541, 0.1785
0.6541, 0.1785
0.6541, 0.1809
0.6541, 0.1809
0.6541, 0.1809
0.6541, 0.1809
0.6541, 0.1809
0.6541, 0.1809
0.6541, 0.1834
0.6541, 0.1834
0.6541, 0.1834
0.6541, 0.1834
0.6541, 0.1834
0.6579, 0.1858
0.6579, 0.1858
0.6579, 0.1858
0.6579, 0.1858
0.6579, 0.1858
0.6579, 0.1858
0.6579, 0.1858
0.6579, 0.1858
0.6579, 0.1858
0.6617, 0.1858
0.6617, 0.1858
0.6617, 0.1858
0.6617, 0.1858
0.6617, 0.1858
0.6617, 0.1858
0.6617, 0.1883
0.6617, 0.1883
0.6617, 0.1883
0.6617, 0.1883
0.6617, 0.1883
0.6617, 0.1907
0.6617, 0.1907
0.6617, 0.1907
0.6617, 0.1907
0.6617, 0.1907
0.6617, 0.1907
0.6617, 0.1907
0.6617, 0.1907
0.6617, 0.1907
0.6617, 0.1907
0.6654, 0.1907
0.6654, 0.1907
0.6654, 0.1932
0.6654, 0.1932
0.6654, 0.1932
0.6654, 0.1932
0.6654, 0.1932
0.6654, 0.1932
0.6654, 0.1956
0.6654, 0.1956
0.6654, 0.1956
0.6692, 0.1956
0.6692, 0.1956
0.6692, 0.1980
0.6692, 0.1980
0.6692, 0.1980
0.6692, 0.1980
0.6692, 0.1980
0.6692, 0.1980
0.6692, 0.1980
0.6692, 0.1980
0.6692, 0.1980
0.6692, 0.1980
0.6692, 0.1980
0.6692, 0.1980
0.6692, 0.1980
0.6692, 0.1980
0.6692, 0.1980
0.6692, 0.2005
0.6692, 0.2005
0.6692, 0.2005
0.6729, 0.2005
0.6729, 0.2005
0.6729, 0.2005
0.6729, 0.2005
0.6729, 0.2005
0.6729, 0.2029
0.6729, 0.2029
0.6729, 0.2029
0.6767, 0.2029
0.6767, 0.2029
0.6767, 0.2029
0.6767, 0.2029
0.6767, 0.2029
0.6767, 0.2029
0.6767, 0.2054
0.6767, 0.2054
0.6767, 0.2054
0.6805, 0.2054
0.6805, 0.2054
0.6805, 0.2054
0.6805, 0.2054
0.6805, 0.2054
0.6805, 0.2054
0.6805, 0.2054
0.6805, 0.2054
0.6805, 0.2078
0.6805, 0.2078
0.6805, 0.2078
0.6805, 0.2078
0.6805, 0.2078
0.6805, 0.2078
0.6805, 0.2078
0.6805, 0.2078
0.6805, 0.2078
0.6805, 0.2078
0.6805, 0.2078
0.6805, 0.2078
0.6805, 0.2103
0.6805, 0.2103
0.6805, 0.2103
0.6805, 0.2103
0.6805, 0.2103
0.6805, 0.2103
0.6805, 0.2103
0.6842, 0.2103
0.6842, 0.2103
0.6842, 0.2103
0.6842, 0.2127
0.6842, 0.2127
0.6842, 0.2127
0.6842, 0.2127
0.6842, 0.2127
0.6842, 0.2127
0.6842, 0.2127
0.6842, 0.2127
0.6880, 0.2152
0.6880, 0.2152
0.6880, 0.2152
0.6880, 0.2152
0.6880, 0.2152
0.6880, 0.2152
0.6880, 0.2152
0.6880, 0.2152
0.6880, 0.2152
0.6880, 0.2152
0.6880, 0.2152
0.6880, 0.2152
0.6880, 0.2176
0.6880, 0.2176
0.6880, 0.2176
0.6880, 0.2176
0.6880, 0.2176
0.6917, 0.2200
0.6917, 0.2200
0.6917, 0.2200
0.6917, 0.2200
0.6917, 0.2200
0.6955, 0.2200
0.6955, 0.2200
0.6955, 0.2200
0.6955, 0.2200
0.6955, 0.2200
0.6955, 0.2200
0.6992, 0.2225
0.6992, 0.2225
0.6992, 0.2225
0.6992, 0.2225
0.6992, 0.2225
0.6992, 0.2249
0.6992, 0.2249
0.6992, 0.2249
0.6992, 0.2249
0.6992, 0.2249
0.6992, 0.2249
0.6992, 0.2274
0.6992, 0.2274
0.6992, 0.2274
0.6992, 0.2274
0.6992, 0.2274
0.6992, 0.2274
0.6992, 0.2274
0.6992, 0.2274
0.6992, 0.2274
0.6992, 0.2274
0.6992, 0.2274
0.7030, 0.2274
0.7030, 0.2274
0.7030, 0.2274
0.7030, 0.2298
0.7030, 0.2298
0.7068, 0.2298
0.7068, 0.2323
0.7068, 0.2323
0.7068, 0.2323
0.7068, 0.2323
0.7068, 0.2323
0.7068, 0.2323
0.7068, 0.2323
0.7068, 0.2323
0.7068, 0.2323
0.7068, 0.2323
0.7068, 0.2323
0.7068, 0.2323
0.7068, 0.2323
0.7068, 0.2323
0.7068, 0.2323
0.7068, 0.2323
0.7068, 0.2323
0.7105, 0.2347
0.7105, 0.2347
0.7105, 0.2347
0.7105, 0.2347
0.7105, 0.2347
0.7105, 0.2372
0.7105, 0.2372
0.7143, 0.2372
0.7143, 0.2372
0.7143, 0.2396
0.7143, 0.2396
0.7143, 0.2396
0.7143, 0.2396
0.7180, 0.2396
0.7180, 0.2396
0.7180, 0.2396
0.7180, 0.2396
0.7180, 0.2421
0.7180, 0.2421
0.7180, 0.2421
0.7180, 0.2421
0.7180, 0.2421
0.7180, 0.2445
0.7180, 0.2445
0.7218, 0.2445
0.7218, 0.2445
0.7218, 0.2445
0.7218, 0.2445
0.7218, 0.2445
0.7256, 0.2445
0.7256, 0.2445
0.7256, 0.2469
0.7256, 0.2469
0.7256, 0.2469
0.7256, 0.2469
0.7256, 0.2494
0.7256, 0.2494
0.7256, 0.2494
0.7256, 0.2494
0.7256, 0.2494
0.7256, 0.2494
0.7256, 0.2494
0.7293, 0.2518
0.7293, 0.2518
0.7293, 0.2518
0.7293, 0.2518
0.7293, 0.2518
0.7293, 0.2518
0.7293, 0.2518
0.7331, 0.2518
0.7331, 0.2518
0.7331, 0.2518
0.7331, 0.2518
0.7331, 0.2543
0.7331, 0.2543
0.7331, 0.2543
0.7331, 0.2543
0.7368, 0.2567
0.7368, 0.2567
0.7368, 0.2567
0.7368, 0.2567
0.7368, 0.2567
0.7368, 0.2567
0.7368, 0.2567
0.7368, 0.2567
0.7368, 0.2567
0.7368, 0.2567
0.7368, 0.2567
0.7368, 0.2567
0.7368, 0.2592
0.7368, 0.2592
0.7368, 0.2592
0.7368, 0.2592
0.7368, 0.2592
0.7406, 0.2592
0.7406, 0.2592
0.7406, 0.2616
0.7406, 0.2616
0.7406, 0.2616
0.7406, 0.2616
0.7406, 0.2641
0.7406, 0.2641
0.7444, 0.2641
0.7444, 0.2641
0.7444, 0.2641
0.7444, 0.2641
0.7444, 0.2641
0.7444, 0.2641
0.7444, 0.2641
0.7444, 0.2641
0.7444, 0.2641
0.7444, 0.2665
0.7444, 0.2665
0.7444, 0.2665
0.7444, 0.2665
0.7444, 0.2665
0.7444, 0.2689
0.7444, 0.2689
0.7444, 0.2689
0.7444, 0.2689
0.7481, 0.2689
0.7481, 0.2689
0.7481, 0.2689
0.7481, 0.2689
0.7481, 0.2689
0.7481, 0.2689
0.7481, 0.2689
0.7481, 0.2689
0.7481, 0.2714
0.7481, 0.2714
0.7481, 0.2714
0.7481, 0.2714
0.7519, 0.2714
0.7519, 0.2714
0.7519, 0.2738
0.7519, 0.2738
0.7519, 0.2738
0.7519, 0.2738
0.7556, 0.2763
0.7556, 0.2763
0.7556, 0.2763
0.7556, 0.2763
0.7556, 0.2763
0.7556, 0.2763
0.7556, 0.2763
0.7556, 0.2763
0.7556, 0.2763
0.7556, 0.2763
0.7556, 0.2763
0.7556, 0.2787
0.7556, 0.2787
0.7556, 0.2787
0.7556, 0.2787
0.7556, 0.2787
0.7556, 0.2787
0.7556, 0.2787
0.7556, 0.2812
0.7556, 0.2812
0.7594, 0.2812
0.7594, 0.2812
0.7594, 0.2812
0.7594, 0.2812
0.7594, 0.2812
0.7594, 0.2812
0.7594, 0.2812
0.7594, 0.2812
0.7594, 0.2812
0.7632, 0.2812
0.7632, 0.2836
0.7632, 0.2836
0.7632, 0.2836
0.7632, 0.2836
0.7632, 0.2836
0.7632, 0.2836
0.7632, 0.2861
0.7632, 0.2861
0.7669, 0.2861
0.7669, 0.2885
0.7669, 0.2885
0.7707, 0.2885
0.7744, 0.2910
0.7744, 0.2934
0.7744, 0.2934
0.7744, 0.2934
0.7744, 0.2934
0.7744, 0.2934
0.7744, 0.2934
0.7744, 0.2934
0.7782, 0.2934
0.7782, 0.2934
0.7782, 0.2934
0.7782, 0.2934
0.7782, 0.2958
0.7782, 0.2958
0.7820, 0.2958
0.7820, 0.2983
0.7820, 0.2983
0.7820, 0.2983
0.7820, 0.2983
0.7820, 0.2983
0.7820, 0.2983
0.7820, 0.2983
0.7820, 0.2983
0.7820, 0.2983
0.7820, 0.2983
0.7820, 0.2983
0.7820, 0.2983
0.7820, 0.2983
0.7857, 0.3007
0.7857, 0.3007
0.7857, 0.3007
0.7857, 0.3007
0.7857, 0.3032
0.7857, 0.3032
0.7895, 0.3032
0.7895, 0.3032
0.7895, 0.3032
0.7895, 0.3032
0.7895, 0.3056
0.7895, 0.3056
0.7895, 0.3056
0.7895, 0.3056
0.7895, 0.3056
0.7895, 0.3056
0.7895, 0.3056
0.7895, 0.3056
0.7895, 0.3056
0.7932, 0.3056
0.7932, 0.3056
0.7932, 0.3056
0.7932, 0.3056
0.7932, 0.3081
0.7932, 0.3081
0.7932, 0.3081
0.7970, 0.3105
0.7970, 0.3105
0.7970, 0.3105
0.7970, 0.3105
0.7970, 0.3105
0.7970, 0.3105
0.8008, 0.3105
0.8008, 0.3105
0.8008, 0.3105
0.8008, 0.3105
0.8008, 0.3105
0.8008, 0.3130
0.8008, 0.3130
0.8008, 0.3130
0.8008, 0.3130
0.8008, 0.3154
0.8008, 0.3154
0.8045, 0.3154
0.8045, 0.3154
0.8045, 0.3178
0.8045, 0.3178
0.8045, 0.3178
0.8045, 0.3178
0.8045, 0.3178
0.8083, 0.3178
0.8083, 0.3178
0.8083, 0.3178
0.8083, 0.3178
0.8083, 0.3178
0.8083, 0.3178
0.8083, 0.3178
0.8083, 0.3178
0.8083, 0.3178
0.8083, 0.3178
0.8083, 0.3178
0.8083, 0.3203
0.8083, 0.3203
0.8120, 0.3203
0.8120, 0.3203
0.8120, 0.3203
0.8120, 0.3227
0.8120, 0.3227
0.8120, 0.3227
0.8120, 0.3227
0.8158, 0.3227
0.8158, 0.3227
0.8158, 0.3227
0.8158, 0.3227
0.8158, 0.3227
0.8158, 0.3227
0.8195, 0.3227
0.8195, 0.3227
0.8195, 0.3227
0.8195, 0.3227
0.8195, 0.3227
0.8195, 0.3227
0.8195, 0.3227
0.8195, 0.3252
0.8195, 0.3252
0.8195, 0.3252
0.8195, 0.3252
0.8195, 0.3252
0.8195, 0.3252
0.8195, 0.3252
0.8233, 0.3252
0.8233, 0.3252
0.8233, 0.3276
0.8233, 0.3276
0.8271, 0.3276
0.8271, 0.3276
0.8271, 0.3276
0.8271, 0.3276
0.8271, 0.3301
0.8271, 0.3301
0.8271, 0.3301
0.8271, 0.3301
0.8271, 0.3301
0.8271, 0.3301
0.8271, 0.3301
0.8308, 0.3301
0.8308, 0.3301
0.8308, 0.3301
0.8308, 0.3301
0.8346, 0.3301
0.8346, 0.3301
0.8346, 0.3301
0.8346, 0.3301
0.8383, 0.3301
0.8383, 0.3301
0.8383, 0.3325
0.8383, 0.3325
0.8383, 0.3325
0.8383, 0.3325
0.8383, 0.3325
0.8383, 0.3325
0.8383, 0.3325
0.8383, 0.3325
0.8383, 0.3325
0.8421, 0.3350
0.8421, 0.3350
0.8421, 0.3350
0.8421, 0.3350
0.8459, 0.3350
0.8459, 0.3350
0.8459, 0.3350
0.8459, 0.3350
0.8459, 0.3350
0.8459, 0.3350
0.8459, 0.3350
0.8459, 0.3350
0.8459, 0.3350
0.8459, 0.3350
0.8459, 0.3350
0.8459, 0.3350
0.8459, 0.3350
0.8496, 0.3350
0.8496, 0.3350
0.8496, 0.3350
0.8496, 0.3350
0.8496, 0.3350
0.8534, 0.3350
0.8534, 0.3350
0.8534, 0.3374
0.8534, 0.3374
0.8534, 0.3374
0.8534, 0.3374
0.8534, 0.3374
0.8534, 0.3374
0.8571, 0.3374
0.8571, 0.3374
0.8571, 0.3374
0.8571, 0.3374
0.8571, 0.3374
0.8571, 0.3374
0.8571, 0.3374
0.8571, 0.3399
0.8571, 0.3399
0.8609, 0.3399
0.8609, 0.3399
0.8609, 0.3399
0.8609, 0.3399
0.8609, 0.3399
0.8609, 0.3399
0.8647, 0.3399
0.8647, 0.3399
0.8647, 0.3399
0.8647, 0.3423
0.8647, 0.3423
0.8647, 0.3423
0.8647, 0.3423
0.8647, 0.3423
0.8647, 0.3423
0.8647, 0.3423
0.8647, 0.3423
0.8647, 0.3423
0.8647, 0.3423
0.8647, 0.3423
0.8684, 0.3423
0.8684, 0.3423
0.8684, 0.3423
0.8684, 0.3423
0.8722, 0.3423
0.8722, 0.3423
0.8722, 0.3423
0.8722, 0.3423
0.8722, 0.3423
0.8759, 0.3423
0.8759, 0.3423
0.8759, 0.3447
0.8759, 0.3447
0.8759, 0.3447
0.8759, 0.3447
0.8759, 0.3447
0.8759, 0.3447
0.8759, 0.3447
0.8759, 0.3447
0.8759, 0.3447
0.8759, 0.3447
0.8759, 0.3447
0.8797, 0.3447
0.8797, 0.3447
0.8797, 0.3472
0.8797, 0.3472
0.8835, 0.3472
0.8835, 0.3472
0.8835, 0.3472
0.8835, 0.3472
0.8835, 0.3472
0.8835, 0.3472
0.8835, 0.3472
0.8835, 0.3472
0.8872, 0.3472
0.8872, 0.3472
0.8872, 0.3472
0.8872, 0.3472
0.8872, 0.3472
0.8910, 0.3472
0.8910, 0.3472
0.8910, 0.3472
0.8910, 0.3472
0.8947, 0.3496
0.8947, 0.3496
0.8947, 0.3496
0.8947, 0.3496
0.8947, 0.3496
0.8947, 0.3496
0.8947, 0.3496
0.8947, 0.3496
0.8947, 0.3496
0.8985, 0.3496
0.8985, 0.3496
0.8985, 0.3496
0.8985, 0.3496
0.9023, 0.3496
0.9023, 0.3496
0.9023, 0.3496
0.9023, 0.3496
0.9023, 0.3496
0.9023, 0.3496
0.9023, 0.3496
0.9023, 0.3496
0.9023, 0.3496
0.9060, 0.3496
0.9060, 0.3496
0.9060, 0.3521
0.9060, 0.3521
0.9098, 0.3521
0.9098, 0.3521
0.9098, 0.3521
0.9098, 0.3521
0.9098, 0.3521
0.9098, 0.3521
0.9098, 0.3521
0.9098, 0.3521
0.9098, 0.3521
0.9135, 0.3521
0.9135, 0.3521
0.9173, 0.3521
0.9173, 0.3521
0.9173, 0.3521
0.9173, 0.3521
0.9211, 0.3521
0.9211, 0.3521
0.9211, 0.3521
0.9211, 0.3521
0.9211, 0.3521
0.9211, 0.3521
0.9211, 0.3521
0.9211, 0.3521
0.9211, 0.3521
0.9211, 0.3521
0.9211, 0.3521
0.9211, 0.3521
0.9211, 0.3521
0.9211, 0.3521
0.9211, 0.3521
0.9248, 0.3521
0.9248, 0.3521
0.9248, 0.3521
0.9248, 0.3521
0.9286, 0.3521
0.9286, 0.3521
0.9286, 0.3521
0.9286, 0.3521
0.9286, 0.3521
0.9286, 0.3521
0.9286, 0.3521
0.9286, 0.3521
0.9286, 0.3521
0.9323, 0.3521
0.9323, 0.3521
0.9323, 0.3521
0.9323, 0.3521
0.9361, 0.3496
0.9398, 0.3496
0.9398, 0.3496
0.9398, 0.3496
0.9398, 0.3496
0.9398, 0.3496
0.9398, 0.3496
0.9436, 0.3472
0.9436, 0.3472
0.9474, 0.3472
0.9474, 0.3472
0.9474, 0.3472
0.9474, 0.3472
0.9474, 0.3447
0.9474, 0.3447
0.9511, 0.3447
0.9511, 0.3447
0.9549, 0.3447
0.9549, 0.3447
0.9549, 0.3447
0.9549, 0.3447
0.9586, 0.3423
0.9586, 0.3423
0.9586, 0.3423
0.9586, 0.3423
0.9624, 0.3399
0.9624, 0.3399
0.9624, 0.3399
0.9624, 0.3399
0.9662, 0.3374
0.9662, 0.3374
0.9662, 0.3374
0.9662, 0.3374
0.9662, 0.3374
0.9662, 0.3374
0.9699, 0.3374
0.9699, 0.3374
0.9699, 0.3374
0.9699, 0.3374
0.9699, 0.3374
0.9737, 0.3350
0.9737, 0.3350
0.9737, 0.3350
0.9737, 0.3350
0.9737, 0.3350
0.9737, 0.3350
0.9774, 0.3325
0.9774, 0.3325
0.9774, 0.3325
0.9774, 0.3325
0.9774, 0.3325
0.9774, 0.3325
0.9774, 0.3325
0.9774, 0.3325
0.9774, 0.3325
0.9774, 0.3325
0.9812, 0.3325
0.9812, 0.3301
0.9812, 0.3301
0.9812, 0.3301
0.9812, 0.3301
0.9850, 0.3276
0.9850, 0.3276
0.9850, 0.3276
0.9850, 0.3276
0.9850, 0.3276
0.9850, 0.3252
0.9850, 0.3252
0.9850, 0.3252
0.9850, 0.3252
0.9887, 0.3252
0.9887, 0.3252
0.9887, 0.3252
0.9925, 0.3227
0.9925, 0.3227
0.9925, 0.3203
0.9925, 0.3203
0.9925, 0.3203
0.9925, 0.3203
0.9962, 0.3203
0.9962, 0.3203
0.9962, 0.3203
0.9962, 0.3203
0.9962, 0.3178
0.9962, 0.3178
0.9962, 0.3178
0.9962, 0.3178
0.9962, 0.3154
0.9962, 0.3154
0.9962, 0.3154
0.9962, 0.3154
0.9962, 0.3130
0.9962, 0.3130
0.9962, 0.3130
0.9962, 0.3130
0.9962, 0.3130
0.9962, 0.3130
0.9962, 0.3130
1.0000, 0.3130
1.0000, 0.3130
1.0000, 0.3105
1.0000, 0.3105
1.0000, 0.3105
1.0000, 0.3105
1.0000, 0.3081
1.0000, 0.3081
1.0000, 0.3081
1.0000, 0.3081
1.0000, 0.3081
1.0000, 0.3081
1.0000, 0.3081
1.0000, 0.3081
1.0000, 0.3081
1.0000, 0.3056
1.0000, 0.3056
1.0000, 0.3056
1.0000, 0.3056
1.0000, 0.3032
1.0000, 0.3032
1.0000, 0.3032
1.0000, 0.3032
1.0000, 0.3032
1.0000, 0.3032
1.0000, 0.3007
1.0000, 0.3007
1.0000, 0.3007
1.0000, 0.3007
1.0000, 0.3007
1.0000, 0.3007
1.0000, 0.3007
1.0000, 0.3007
1.0000, 0.3007
1.0000, 0.3007
1.0000, 0.3007
1.0000, 0.2983
1.0000, 0.2983
1.0000, 0.2983
1.0000, 0.2983
1.0000, 0.2983
1.0000, 0.2983
1.0000, 0.2958
1.0000, 0.2958
1.0000, 0.2958
1.0000, 0.2958
1.0000, 0.2958
1.0000, 0.2958
1.0000, 0.2958
1.0000, 0.2958
1.0000, 0.2958
1.0000, 0.2934
1.0000, 0.2934
1.0000, 0.2934
1.0000, 0.2934
1.0000, 0.2934
1.0000, 0.2910
1.0000, 0.2910
1.0000, 0.2910
1.0000, 0.2910
1.0000, 0.2910
1.0000, 0.2910
1.0000, 0.2910
1.0000, 0.2910
1.0000, 0.2910
1.0000, 0.2910
1.0000, 0.2885
1.0000, 0.2885
1.0000, 0.2885
1.0000, 0.2885
1.0000, 0.2885
1.0000, 0.2885
0.9962, 0.2861
0.9962, 0.2861
0.9962, 0.2861
0.9962, 0.2861
0.9962, 0.2836
0.9962, 0.2836
0.9962, 0.2836
0.9962, 0.2836
0.9962, 0.2836
0.9962, 0.2836
0.9962, 0.2836
0.9925, 0.2836
0.9925, 0.2836
0.9925, 0.2836
0.9925, 0.2836
0.9925, 0.2836
0.9925, 0.2812
0.9925, 0.2812
0.9925, 0.2812
0.9925, 0.2812
0.9925, 0.2812
0.9887, 0.2812
0.9887, 0.2812
0.9887, 0.2787
0.9887, 0.2787
0.9887, 0.2787
0.9887, 0.2787
0.9887, 0.2787
0.9887, 0.2787
0.9887, 0.2787
0.9887, 0.2787
0.9887, 0.2787
0.9887, 0.2787
0.9887, 0.2787
0.9887, 0.2787
0.9887, 0.2787
0.9887, 0.2787
0.9887, 0.2787
0.9887, 0.2763
0.9887, 0.2763
0.9887, 0.2763
0.9887, 0.2763
0.9850, 0.2763
0.9850, 0.2763
0.9850, 0.2738
0.9850, 0.2738
0.9850, 0.2738
0.9850, 0.2738
0.9850, 0.2738
0.9850, 0.2738
0.9850, 0.2738
0.9850, 0.2738
0.9850, 0.2714
0.9850, 0.2714
0.9812, 0.2714
0.9812, 0.2714
0.9812, 0.2714
0.9812, 0.2714
0.9812, 0.2714
0.9812, 0.2714
0.9812, 0.2714
0.9812, 0.2714
0.9812, 0.2714
0.9812, 0.2714
0.9812, 0.2714
0.9812, 0.2714
0.9812, 0.2714
0.9812, 0.2689
0.9812, 0.2689
0.9812, 0.2689
0.9812, 0.2689
0.9812, 0.2689
0.9812, 0.2689
0.9774, 0.2689
0.9774, 0.2689
0.9774, 0.2665
0.9774, 0.2665
0.9774, 0.2665
0.9774, 0.2665
0.9774, 0.2665
0.9774, 0.2665
0.9774, 0.2665
0.9774, 0.2665
0.9774, 0.2665
0.9774, 0.2665
0.9774, 0.2665
0.9774, 0.2665
0.9774, 0.2665
0.9774, 0.2665
0.9774, 0.2665
0.9737, 0.2665
0.9737, 0.2665
0.9737, 0.2665
0.9737, 0.2665
0.9737, 0.2665
0.9737, 0.2665
0.9737, 0.2665
0.9737, 0.2665
0.9737, 0.2665
0.9737, 0.2665
0.9737, 0.2665
0.9737, 0.2665
0.9737, 0.2665
0.9737, 0.2665
0.9737, 0.2665
0.9737, 0.2665
0.9737, 0.2665
0.9737, 0.2665
0.9737, 0.2665
0.9737, 0.2665
0.9737, 0.2665
0.9737, 0.2665
0.9737, 0.2641
0.9737, 0.2641
0.9737, 0.2641
0.9737, 0.2641
0.9737, 0.2641
0.9699, 0.2641
0.9699, 0.2641
0.9699, 0.2641
0.9699, 0.2641
0.9699, 0.2616
0.9699, 0.2616
0.9699, 0.2616
0.9699, 0.2616
0.9699, 0.2616
0.9699, 0.2616
0.9699, 0.2616
0.9699, 0.2592
0.9699, 0.2592
0.9699, 0.2592
0.9699, 0.2592
0.9699, 0.2592
0.9699, 0.2592
0.9699, 0.2592
0.9699, 0.2592
0.9699, 0.2592
0.9699, 0.2592
0.9699, 0.2592
0.9662, 0.2592
0.9662, 0.2567
0.9662, 0.2567
0.9662, 0.2567
0.9662, 0.2567
0.9662, 0.2567
0.9662, 0.2567
0.9662, 0.2567
0.9624, 0.2543
0.9624, 0.2543
0.9624, 0.2543
0.9624, 0.2543
0.9624, 0.2543
0.9624, 0.2543
0.9624, 0.2543
0.9624, 0.2543
0.9624, 0.2543
0.9624, 0.2543
0.9624, 0.2543
0.9624, 0.2543
0.9624, 0.2543
0.9624, 0.2543
0.9586, 0.2518
0.9586, 0.2518
0.9586, 0.2518
0.9586, 0.2518
0.9549, 0.2494
0.9549, 0.2494
0.9549, 0.2494
0.9549, 0.2494
0.9511, 0.2494
0.9511, 0.2469
0.9511, 0.2469
0.9511, 0.2469
0.9511, 0.2469
0.9511, 0.2469
0.9511, 0.2469
0.9511, 0.2469
0.9511, 0.2469
0.9511, 0.2469
0.9511, 0.2469
0.9474, 0.2469
0.9474, 0.2469
0.9474, 0.2469
0.9474, 0.2469
0.9474, 0.2469
0.9474, 0.2469
0.9474, 0.2469
0.9436, 0.2469
0.9436, 0.2445
0.9436, 0.2445
0.9436, 0.2445
0.9436, 0.2445
0.9436, 0.2445
0.9436, 0.2445
0.9436, 0.2445
0.9398, 0.2445
0.9398, 0.2445
0.9398, 0.2421
0.9398, 0.2421
0.9398, 0.2421
0.9398, 0.2421
0.9361, 0.2421
0.9361, 0.2421
0.9361, 0.2421
0.9361, 0.2421
0.9323, 0.2421
0.9323, 0.2421
0.9323, 0.2421
0.9323, 0.2421
0.9323, 0.2421
0.9323, 0.2421
0.9286, 0.2421
0.9286, 0.2421
0.9286, 0.2421
0.9286, 0.2421
0.9248, 0.2421
0.9248, 0.2421
0.9248, 0.2396
0.9248, 0.2396
0.9248, 0.2396
0.9248, 0.2396
0.9211, 0.2396
0.9211, 0.2396
0.9211, 0.2396
0.9211, 0.2396
0.9173, 0.2396
0.9173, 0.2396
0.9173, 0.2396
0.9173, 0.2396
0.9135, 0.2372
0.9135, 0.2372
0.9135, 0.2372
0.9135, 0.2372
0.9135, 0.2372
0.9135, 0.2372
0.9135, 0.2372
0.9135, 0.2372
0.9098, 0.2372
0.9098, 0.2372
0.9098, 0.2372
0.9098, 0.2372
0.9060, 0.2372
0.9060, 0.2372
0.9060, 0.2347
0.9060, 0.2347
0.9060, 0.2347
0.9060, 0.2347
0.9060, 0.2347
0.9023, 0.2347
0.9023, 0.2347
0.8985, 0.2347
0.8985, 0.2347
0.8985, 0.2347
0.8985, 0.2347
0.8985, 0.2347
0.8985, 0.2347
0.8985, 0.2347
0.8985, 0.2347
0.8947, 0.2347
0.8947, 0.2347
0.8947, 0.2347
0.8947, 0.2347
0.8910, 0.2347
0.8910, 0.2347
0.8910, 0.2347
0.8910, 0.2347
0.8872, 0.2347
0.8872, 0.2347
0.8872, 0.2347
0.8872, 0.2347
0.8872, 0.2347
0.8872, 0.2347
0.8835, 0.2347
0.8835, 0.2347
0.8797, 0.2347
0.8797, 0.2347
0.8797, 0.2347
0.8797, 0.2347
0.8797, 0.2347
0.8797, 0.2347
0.8759, 0.2347
0.8722, 0.2347
0.8684, 0.2347
0.8684, 0.2347
0.8684, 0.2347
0.8684, 0.2347
0.8647, 0.2347
0.8647, 0.2347
0.8609, 0.2347
0.8609, 0.2347
0.8609, 0.2347
0.8609, 0.2347
0.8571, 0.2347
0.8571, 0.2347
0.8534, 0.2347
0.8534, 0.2347
0.8496, 0.2347
0.8496, 0.2347
0.8496, 0.2347
0.8496, 0.2347
0.8459, 0.2347
0.8459, 0.2347
0.8421, 0.2347
0.8421, 0.2347
0.8421, 0.2347
0.8421, 0.2347
0.8421, 0.2347
0.8421, 0.2347
0.8383, 0.2347
0.8383, 0.2347
0.8383, 0.2347
0.8346, 0.2347
0.8346, 0.2347
0.8346, 0.2347
0.8346, 0.2347
0.8346, 0.2347
0.8346, 0.2347
0.8346, 0.2347
0.8346, 0.2347
0.8346, 0.2347
0.8346, 0.2347
0.8346, 0.2347
0.8346, 0.2347
0.8346, 0.2347
0.8346, 0.2347
0.8346, 0.2347
0.8346, 0.2347
0.8346, 0.2347
0.8346, 0.2347
0.8346, 0.2347
0.8346, 0.2347
0.8346, 0.2347
0.8346, 0.2347
0.8346, 0.2347
0.8346, 0.2347
0.8346, 0.2347
0.8346, 0.2347
0.8346, 0.2347
0.8346, 0.2347
0.8346, 0.2347
0.8346, 0.2347
0.8346, 0.2347
0.8346, 0.2347
0.8346, 0.2347
0.8346, 0.2347
0.8346, 0.2347
0.8346, 0.2347
0.8346, 0.2347
0.8346, 0.2347
0.8346, 0.2347
0.8346, 0.2347
0.8346, 0.2347
0.8346, 0.2347
0.8346, 0.2347
0.8346, 0.2347
0.8346, 0.2347
0.8346, 0.2347
0.8346, 0.2347
0.8346, 0.2347
0.8346, 0.2347
0.8346, 0.2347
0.8346, 0.2347
0.8346, 0.2347
0.8346, 0.2347
0.8346, 0.2347
0.8346, 0.2347
0.8346, 0.2347
0.8346, 0.2347
0.8346, 0.2347
0.8346, 0.2347
0.8346, 0.2347
0.8346, 0.2347
0.8346, 0.2347
0.8346, 0.2347
0.0000, 1.0000
0.0000, 1.0000
0.0000, 1.0000
0.0000, 1.0000
0.0000, 1.0000
0.0000, 1.0000
0.0000, 1.0000
0.0000, 1.0000
0.0000, 1.0000
0.0000, 1.0000
0.0000, 1.0000
0.0000, 1.0000
0.0000, 1.0000
0.0000, 1.0000
0.0000, 1.0000
0.0000, 1.0000
0.0000, 1.0000
0.0000, 1.0000
0.0000, 1.0000
0.0000, 1.0000
0.0000, 1.0000
0.0000, 1.0000
